[0m [0m [0m [0m [0m [0m [0m [0m [0m [0m [0m [0m [0m [0m [0m [38;2;0;0;0m▄[38;2;0;0;0m▄[38;2;0;0;0m▄[38;2;0;0;0;48;2;90;49;24m▀[38;2;0;0;0;48;2;164;90;90m▀[38;2;0;0;0;48;2;164;90;90m▀[38;2;164;90;90;48;2;197;115;65m▀[38;2;164;90;90;48;2;197;115;65m▀[38;2;164;90;90;48;2;164;90;90m▀[38;2;90;49;24;48;2;164;90;90m▀[38;2;90;49;24;48;2;197;115;65m▀[38;2;90;49;24;48;2;197;115;65m▀[38;2;0;0;0;48;2;90;49;24m▀[38;2;0;0;0;48;2;90;49;24m▀[38;2;0;0;0;48;2;90;49;24m▀[38;2;0;0;0m▄[38;2;0;0;0m▄[0m [0m [0m [0m [0m [0m [0m [0m [0m [0m [0m [0m [0m [0m [0m [0m [0m [0m [0m
[0m [0m [0m [0m [0m [0m [0m [0m [0m [0m [0m [0m [0m [38;2;0;0;0m▄[38;2;0;0;0;48;2;0;0;0m▀[38;2;164;90;90;48;2;164;90;90m▀[38;2;164;90;90;48;2;164;90;90m▀[38;2;164;90;90;48;2;164;90;90m▀[38;2;222;156;90;48;2;222;156;90m▀[38;2;222;156;90;48;2;222;156;90m▀[38;2;222;156;90;48;2;222;156;90m▀[38;2;164;90;90;48;2;164;90;90m▀[38;2;164;90;90;48;2;164;90;90m▀[38;2;197;115;65;48;2;197;115;65m▀[38;2;197;115;65;48;2;197;115;65m▀[38;2;197;115;65;48;2;197;115;65m▀[38;2;197;115;65;48;2;197;115;65m▀[38;2;197;115;65;48;2;197;115;65m▀[38;2;197;115;65;48;2;197;115;65m▀[38;2;197;115;65;48;2;197;115;65m▀[38;2;90;49;24;48;2;90;49;24m▀[38;2;90;49;24;48;2;90;49;24m▀[38;2;0;0;0;48;2;0;0;0m▀[38;2;0;0;0m▄[38;2;0;0;0m▄[0m [0m [0m [0m [0m [0m [0m [0m [0m [0m [0m [0m [0m [0m [0m [0m
[0m [0m [0m [0m [0m [0m [0m [0m [0m [0m [0m [38;2;0;0;0m▄[38;2;0;0;0;48;2;90;49;24m▀[38;2;164;90;90;48;2;222;156;90m▀[38;2;164;90;90;48;2;222;156;90m▀[38;2;222;156;90;48;2;222;156;90m▀[38;2;222;156;90;48;2;222;156;90m▀[38;2;222;156;90;48;2;222;156;90m▀[38;2;222;156;90;48;2;222;156;90m▀[38;2;222;156;90;48;2;173;100;56m▀[38;2;173;100;56;48;2;222;156;90m▀[38;2;222;156;90;48;2;222;156;90m▀[38;2;222;156;90;48;2;222;156;90m▀[38;2;197;115;65;48;2;197;115;65m▀[38;2;197;115;65;48;2;197;115;65m▀[38;2;197;115;65;48;2;197;115;65m▀[38;2;197;115;65;48;2;197;115;65m▀[38;2;197;115;65;48;2;197;115;65m▀[38;2;197;115;65;48;2;197;115;65m▀[38;2;197;115;65;48;2;197;115;65m▀[38;2;197;115;65;48;2;197;115;65m▀[38;2;197;115;65;48;2;197;115;65m▀[38;2;90;49;24;48;2;197;115;65m▀[38;2;90;49;24;48;2;197;115;65m▀[38;2;90;49;24;48;2;197;115;65m▀[38;2;0;0;0;48;2;90;49;24m▀[38;2;0;0;0m▄[0m [0m [0m [0m [0m [0m [0m [0m [0m [0m [0m [0m [0m [0m
[0m [0m [0m [0m [0m [0m [0m [0m [0m [38;2;0;0;0m▄[38;2;0;0;0;48;2;90;49;24m▀[38;2;90;49;24;48;2;164;90;90m▀[38;2;222;156;90;48;2;164;90;90m▀[38;2;222;156;90;48;2;222;156;90m▀[38;2;222;156;90;48;2;222;156;90m▀[38;2;222;156;90;48;2;222;156;90m▀[38;2;222;156;90;48;2;222;156;90m▀[38;2;222;156;90;48;2;222;156;90m▀[38;2;222;156;90;48;2;173;100;56m▀[38;2;173;100;56;48;2;197;115;65m▀[38;2;222;156;90;48;2;197;115;65m▀[38;2;197;115;65;48;2;197;115;65m▀[38;2;197;115;65;48;2;197;115;65m▀[38;2;197;115;65;48;2;197;115;65m▀[38;2;197;115;65;48;2;197;115;65m▀[38;2;197;115;65;48;2;164;90;90m▀[38;2;197;115;65;48;2;164;90;90m▀[38;2;197;115;65;48;2;164;90;90m▀[38;2;197;115;65;48;2;164;90;90m▀[38;2;197;115;65;48;2;197;115;65m▀[38;2;197;115;65;48;2;197;115;65m▀[38;2;197;115;65;48;2;197;115;65m▀[38;2;197;115;65;48;2;197;115;65m▀[38;2;197;115;65;48;2;197;115;65m▀[38;2;197;115;65;48;2;197;115;65m▀[38;2;197;115;65;48;2;197;115;65m▀[38;2;90;49;24;48;2;197;115;65m▀[38;2;0;0;0;48;2;90;49;24m▀[38;2;0;0;0m▄[0m [0m [0m [0m [0m [0m [0m [0m [0m [0m [0m [0m
[0m [0m [0m [0m [0m [0m [0m [38;2;0;0;0m▄[38;2;0;0;0;48;2;131;197;213m▀[38;2;0;0;0;48;2;131;197;213m▀[38;2;90;49;24;48;2;255;255;255m▀[38;2;131;197;213;48;2;180;230;246m▀[38;2;180;230;246;48;2;123;139;180m▀[38;2;164;90;90;48;2;180;230;246m▀[38;2;222;156;90;48;2;90;49;24m▀[38;2;222;156;90;48;2;222;156;90m▀[38;2;222;156;90;48;2;222;156;90m▀[38;2;222;156;90;48;2;164;90;90m▀[38;2;164;90;90;48;2;197;115;65m▀[38;2;197;115;65;48;2;197;115;65m▀[38;2;197;115;65;48;2;197;115;65m▀[38;2;197;115;65;48;2;197;115;65m▀[38;2;197;115;65;48;2;197;115;65m▀[38;2;197;115;65;48;2;164;90;90m▀[38;2;164;90;90;48;2;180;230;246m▀[38;2;180;230;246;48;2;180;230;246m▀[38;2;131;197;213;48;2;123;139;180m▀[38;2;123;139;180;48;2;180;230;246m▀[38;2;123;139;180;48;2;180;230;246m▀[38;2;164;90;90;48;2;180;230;246m▀[38;2;197;115;65;48;2;90;49;24m▀[38;2;197;115;65;48;2;173;100;56m▀[38;2;197;115;65;48;2;197;115;65m▀[38;2;197;115;65;48;2;197;115;65m▀[38;2;197;115;65;48;2;197;115;65m▀[38;2;197;115;65;48;2;197;115;65m▀[38;2;197;115;65;48;2;197;115;65m▀[38;2;197;115;65;48;2;197;115;65m▀[38;2;90;49;24;48;2;90;49;24m▀[38;2;0;0;0;48;2;0;0;0m▀[0m [0m [0m [0m [0m [0m [0m [0m [0m [0m [0m
[0m [0m [0m [0m [0m [0m [0m [38;2;0;0;0;48;2;0;0;0m▀[38;2;131;197;213;48;2;131;197;213m▀[38;2;131;197;213;48;2;131;197;213m▀[38;2;255;255;255;48;2;255;255;255m▀[38;2;180;230;246;48;2;255;255;255m▀[38;2;123;139;180;48;2;180;230;246m▀[38;2;180;230;246;48;2;131;197;213m▀[38;2;90;49;24;48;2;90;49;24m▀[38;2;222;156;90;48;2;222;156;90m▀[38;2;222;156;90;48;2;222;156;90m▀[38;2;164;90;90;48;2;164;90;90m▀[38;2;197;115;65;48;2;197;115;65m▀[38;2;197;115;65;48;2;197;115;65m▀[38;2;197;115;65;48;2;197;115;65m▀[38;2;197;115;65;48;2;164;90;90m▀[38;2;197;115;65;48;2;164;90;90m▀[38;2;164;90;90;48;2;180;230;246m▀[38;2;180;230;246;48;2;123;139;180m▀[38;2;180;230;246;48;2;255;255;255m▀[38;2;123;139;180;48;2;255;255;255m▀[38;2;180;230;246;48;2;180;230;246m▀[38;2;180;230;246;48;2;180;230;246m▀[38;2;180;230;246;48;2;123;139;180m▀[38;2;90;49;24;48;2;131;197;213m▀[38;2;173;100;56;48;2;90;49;24m▀[38;2;197;115;65;48;2;197;115;65m▀[38;2;197;115;65;48;2;197;115;65m▀[38;2;197;115;65;48;2;197;115;65m▀[38;2;197;115;65;48;2;197;115;65m▀[38;2;197;115;65;48;2;197;115;65m▀[38;2;197;115;65;48;2;197;115;65m▀[38;2;90;49;24;48;2;90;49;24m▀[38;2;0;0;0;48;2;0;0;0m▀[0m [0m [0m [0m [0m [0m [0m [0m [0m [0m [0m
[0m [0m [0m [0m [0m [0m [0m [38;2;0;0;0;48;2;0;0;0m▀[38;2;131;197;213;48;2;65;148;164m▀[38;2;131;197;213;48;2;65;148;164m▀[38;2;255;255;255;48;2;255;255;255m▀[38;2;255;255;255;48;2;180;230;246m▀[38;2;131;197;213;48;2;123;139;180m▀[38;2;131;197;213;48;2;131;197;213m▀[38;2;90;49;24;48;2;164;90;90m▀[38;2;222;156;90;48;2;222;156;90m▀[38;2;222;156;90;48;2;222;156;90m▀[38;2;164;90;90;48;2;164;90;90m▀[38;2;197;115;65;48;2;197;115;65m▀[38;2;197;115;65;48;2;197;115;65m▀[38;2;197;115;65;48;2;197;115;65m▀[38;2;164;90;90;48;2;164;90;90m▀[38;2;164;90;90;48;2;164;90;90m▀[38;2;180;230;246;48;2;180;230;246m▀[38;2;255;255;255;48;2;255;255;255m▀[38;2;255;255;255;48;2;255;255;255m▀[38;2;255;255;255;48;2;255;255;255m▀[38;2;255;255;255;48;2;255;255;255m▀[38;2;255;255;255;48;2;255;255;255m▀[38;2;180;230;246;48;2;123;139;180m▀[38;2;180;230;246;48;2;180;230;246m▀[38;2;90;49;24;48;2;90;49;24m▀[38;2;197;115;65;48;2;197;115;65m▀[38;2;197;115;65;48;2;197;115;65m▀[38;2;197;115;65;48;2;197;115;65m▀[38;2;197;115;65;48;2;197;115;65m▀[38;2;197;115;65;48;2;197;115;65m▀[38;2;197;115;65;48;2;197;115;65m▀[38;2;90;49;24;48;2;90;49;24m▀[38;2;0;0;0;48;2;0;0;0m▀[0m [0m [0m [0m [0m [0m [0m [0m [0m [0m [0m
[0m [0m [0m [0m [0m [0m [0m [0m [38;2;0;0;0m▀[38;2;0;0;0;48;2;0;0;0m▀[38;2;65;148;164;48;2;0;0;0m▀[38;2;131;197;213;48;2;65;148;164m▀[38;2;180;230;246;48;2;131;197;213m▀[38;2;164;90;90;48;2;90;49;24m▀[38;2;222;156;90;48;2;222;156;90m▀[38;2;222;156;90;48;2;213;57;74m▀[38;2;222;156;90;48;2;213;57;74m▀[38;2;164;90;90;48;2;213;57;74m▀[38;2;197;115;65;48;2;115;0;24m▀[38;2;197;115;65;48;2;115;0;24m▀[38;2;197;115;65;48;2;115;0;24m▀[38;2;164;90;90;48;2;197;115;65m▀[38;2;164;90;90;48;2;197;115;65m▀[38;2;180;230;246;48;2;65;148;164m▀[38;2;123;139;180;48;2;131;197;213m▀[38;2;255;255;255;48;2;131;197;213m▀[38;2;255;255;255;48;2;123;139;180m▀[38;2;180;230;246;48;2;131;197;213m▀[38;2;180;230;246;48;2;131;197;213m▀[38;2;131;197;213;48;2;131;197;213m▀[38;2;123;139;180;48;2;90;49;24m▀[38;2;90;49;24;48;2;173;100;56m▀[38;2;197;115;65;48;2;164;90;90m▀[38;2;173;100;56;48;2;164;90;90m▀[38;2;173;100;56;48;2;164;90;90m▀[38;2;164;90;90;48;2;164;90;90m▀[38;2;164;90;90;48;2;0;0;0m▀[38;2;90;49;24;48;2;0;0;0m▀[38;2;0;0;0m▀[0m [0m [0m [0m [0m [0m [0m [0m [0m [0m [0m [0m
[0m [0m [0m [0m [0m [0m [0m [0m [0m [38;2;0;0;0m▀[38;2;0;0;0;48;2;0;0;0m▀[38;2;65;148;164;48;2;0;0;0m▀[38;2;131;197;213;48;2;164;90;90m▀[38;2;90;49;24;48;2;173;100;56m▀[38;2;222;156;90;48;2;213;57;74m▀[38;2;213;57;74;48;2;255;172;148m▀[38;2;213;57;74;48;2;255;172;148m▀[38;2;213;57;74;48;2;255;172;148m▀[38;2;115;0;24;48;2;255;106;90m▀[38;2;115;0;24;48;2;255;106;90m▀[38;2;115;0;24;48;2;213;57;74m▀[38;2;197;115;65;48;2;115;0;24m▀[38;2;197;115;65;48;2;115;0;24m▀[38;2;65;148;164;48;2;173;100;56m▀[38;2;131;197;213;48;2;90;49;24m▀[38;2;131;197;213;48;2;131;197;213m▀[38;2;123;139;180;48;2;123;139;180m▀[38;2;131;197;213;48;2;65;148;164m▀[38;2;131;197;213;48;2;65;148;164m▀[38;2;131;197;213;48;2;90;49;24m▀[38;2;90;49;24;48;2;164;90;90m▀[38;2;173;100;56;48;2;164;90;90m▀[38;2;164;90;90;48;2;164;90;90m▀[38;2;164;90;90;48;2;164;90;90m▀[38;2;164;90;90;48;2;164;90;90m▀[38;2;164;90;90;48;2;0;0;0m▀[38;2;0;0;0;48;2;0;0;0m▀[38;2;0;0;0m▀[0m [0m [0m [0m [0m [0m [0m [0m [0m [0m [0m [0m [0m
[0m [0m [0m [0m [0m [38;2;0;0;0m▄[38;2;0;0;0m▄[38;2;0;0;0m▄[38;2;0;0;0m▄[38;2;0;0;0m▄[38;2;0;0;0;48;2;90;49;24m▀[38;2;0;0;0;48;2;90;49;24m▀[38;2;0;0;0;48;2;90;49;24m▀[38;2;164;90;90;48;2;0;0;0m▀[38;2;213;57;74;48;2;164;90;90m▀[38;2;255;172;148;48;2;115;0;24m▀[38;2;255;172;148;48;2;115;0;24m▀[38;2;255;106;90;48;2;115;0;24m▀[38;2;213;57;74;48;2;115;0;24m▀[38;2;213;57;74;48;2;115;0;24m▀[38;2;213;57;74;48;2;115;0;24m▀[38;2;115;0;24;48;2;164;90;90m▀[38;2;115;0;24;48;2;164;90;90m▀[38;2;164;90;90;48;2;164;90;90m▀[38;2;164;90;90;48;2;164;90;90m▀[38;2;90;49;24;48;2;164;90;90m▀[38;2;90;49;24;48;2;164;90;90m▀[38;2;90;49;24;48;2;164;90;90m▀[38;2;90;49;24;48;2;164;90;90m▀[38;2;164;90;90;48;2;164;90;90m▀[38;2;164;90;90;48;2;164;90;90m▀[38;2;164;90;90;48;2;164;90;90m▀[38;2;164;90;90;48;2;0;0;0m▀[38;2;90;49;24;48;2;0;0;0m▀[38;2;90;49;24;48;2;0;0;0m▀[38;2;0;0;0;48;2;0;0;0m▀[38;2;0;0;0;48;2;0;0;0m▀[38;2;0;0;0;48;2;90;49;24m▀[38;2;0;0;0;48;2;90;49;24m▀[38;2;0;0;0m▄[38;2;0;0;0m▄[38;2;0;0;0m▄[38;2;0;0;0m▄[38;2;0;0;0m▄[38;2;0;0;0;48;2;90;49;24m▀[38;2;0;0;0;48;2;0;0;0m▀[38;2;0;0;0m▄[38;2;0;0;0m▄[38;2;0;0;0m▄[38;2;0;0;0m▄[0m
[38;2;0;0;0m▄[38;2;0;0;0;48;2;90;49;24m▀[38;2;0;0;0;48;2;90;49;24m▀[38;2;0;0;0;48;2;90;49;24m▀[38;2;0;0;0;48;2;164;90;90m▀[38;2;90;49;24;48;2;173;100;56m▀[38;2;90;49;24;48;2;173;100;56m▀[38;2;90;49;24;48;2;173;100;56m▀[38;2;90;49;24;48;2;173;100;56m▀[38;2;90;49;24;48;2;173;100;56m▀[38;2;173;100;56;48;2;173;100;56m▀[38;2;173;100;56;48;2;173;100;56m▀[38;2;164;90;90;48;2;173;100;56m▀[38;2;164;90;90;48;2;164;90;90m▀[38;2;0;0;0;48;2;164;90;90m▀[38;2;0;0;0;48;2;90;49;24m▀[38;2;0;0;0;48;2;90;49;24m▀[38;2;164;90;90;48;2;0;0;0m▀[38;2;164;90;90;48;2;0;0;0m▀[38;2;90;49;24;48;2;90;49;24m▀[38;2;164;90;90;48;2;164;90;90m▀[38;2;164;90;90;48;2;164;90;90m▀[38;2;164;90;90;48;2;164;90;90m▀[38;2;164;90;90;48;2;164;90;90m▀[38;2;164;90;90;48;2;0;0;0m▀[38;2;164;90;90;48;2;0;0;0m▀[38;2;164;90;90;48;2;0;0;0m▀[38;2;164;90;90;48;2;0;0;0m▀[38;2;164;90;90;48;2;0;0;0m▀[38;2;0;0;0;48;2;164;90;90m▀[38;2;0;0;0;48;2;164;90;90m▀[38;2;0;0;0;48;2;164;90;90m▀[38;2;164;90;90;48;2;164;90;90m▀[38;2;164;90;90;48;2;164;90;90m▀[38;2;164;90;90;48;2;164;90;90m▀[38;2;164;90;90;48;2;164;90;90m▀[38;2;164;90;90;48;2;164;90;90m▀[38;2;164;90;90;48;2;164;90;90m▀[38;2;164;90;90;48;2;164;90;90m▀[38;2;90;49;24;48;2;164;90;90m▀[38;2;90;49;24;48;2;164;90;90m▀[38;2;90;49;24;48;2;164;90;90m▀[38;2;90;49;24;48;2;173;100;56m▀[38;2;164;90;90;48;2;197;115;65m▀[38;2;173;100;56;48;2;197;115;65m▀[38;2;0;0;0;48;2;173;100;56m▀[38;2;90;49;24;48;2;164;90;90m▀[38;2;90;49;24;48;2;164;90;90m▀[38;2;90;49;24;48;2;0;0;0m▀[38;2;90;49;24;48;2;0;0;0m▀[0m
[38;2;0;0;0;48;2;0;0;0m▀[38;2;90;49;24;48;2;173;100;56m▀[38;2;90;49;24;48;2;164;90;90m▀[38;2;90;49;24;48;2;164;90;90m▀[38;2;164;90;90;48;2;173;100;56m▀[38;2;173;100;56;48;2;173;100;56m▀[38;2;173;100;56;48;2;173;100;56m▀[38;2;173;100;56;48;2;173;100;56m▀[38;2;173;100;56;48;2;173;100;56m▀[38;2;173;100;56;48;2;173;100;56m▀[38;2;173;100;56;48;2;173;100;56m▀[38;2;173;100;56;48;2;173;100;56m▀[38;2;173;100;56;48;2;164;90;90m▀[38;2;164;90;90;48;2;90;49;24m▀[38;2;164;90;90;48;2;0;0;0m▀[38;2;90;49;24;48;2;0;0;0m▀[38;2;90;49;24;48;2;0;0;0m▀[38;2;0;0;0;48;2;0;0;0m▀[38;2;0;0;0;48;2;0;0;0m▀[38;2;90;49;24;48;2;0;0;0m▀[38;2;164;90;90;48;2;0;0;0m▀[38;2;164;90;90;48;2;0;0;0m▀[38;2;164;90;90;48;2;0;0;0m▀[38;2;164;90;90;48;2;0;0;0m▀[38;2;0;0;0;48;2;164;90;90m▀[38;2;0;0;0;48;2;164;90;90m▀[38;2;0;0;0;48;2;197;16;32m▀[38;2;0;0;0;48;2;164;90;90m▀[38;2;0;0;0;48;2;164;90;90m▀[38;2;164;90;90;48;2;164;90;90m▀[38;2;164;90;90;48;2;164;90;90m▀[38;2;164;90;90;48;2;0;0;0m▀[38;2;164;90;90;48;2;0;0;0m▀[38;2;164;90;90;48;2;0;0;0m▀[38;2;164;90;90;48;2;0;0;0m▀[38;2;164;90;90;48;2;0;0;0m▀[38;2;164;90;90;48;2;164;90;90m▀[38;2;164;90;90;48;2;164;90;90m▀[38;2;164;90;90;48;2;164;90;90m▀[38;2;164;90;90;48;2;90;49;24m▀[38;2;164;90;90;48;2;197;115;65m▀[38;2;164;90;90;48;2;197;115;65m▀[38;2;173;100;56;48;2;197;115;65m▀[38;2;197;115;65;48;2;197;115;65m▀[38;2;197;115;65;48;2;197;115;65m▀[38;2;173;100;56;48;2;164;90;90m▀[38;2;164;90;90;48;2;0;0;0m▀[38;2;164;90;90;48;2;0;0;0m▀[38;2;0;0;0;48;2;0;0;0m▀[38;2;0;0;0m▀[0m
[38;2;0;0;0;48;2;0;0;0m▀[38;2;90;49;24;48;2;0;0;0m▀[38;2;173;100;56;48;2;197;115;65m▀[38;2;173;100;56;48;2;197;115;65m▀[38;2;173;100;56;48;2;0;0;0m▀[38;2;0;0;0;48;2;0;0;0m▀[38;2;0;0;0;48;2;90;49;24m▀[38;2;90;49;24;48;2;164;90;90m▀[38;2;173;100;56;48;2;173;100;56m▀[38;2;173;100;56;48;2;173;100;56m▀[38;2;173;100;56;48;2;0;0;0m▀[38;2;0;0;0;48;2;0;0;0m▀[38;2;0;0;0;48;2;0;0;0m▀[38;2;0;0;0;48;2;0;0;0m▀[38;2;0;0;0m▀[38;2;0;0;0m▀[38;2;0;0;0m▀[38;2;0;0;0m▄[38;2;0;0;0m▄[38;2;0;0;0;48;2;90;82;32m▀[38;2;0;0;0;48;2;90;82;32m▀[38;2;0;0;0;48;2;90;82;32m▀[38;2;0;0;0;48;2;90;82;32m▀[38;2;0;0;0;48;2;90;82;32m▀[38;2;90;49;24;48;2;90;49;24m▀[38;2;197;16;32;48;2;197;16;32m▀[38;2;255;148;172;48;2;255;148;172m▀[38;2;255;74;90;48;2;255;74;90m▀[38;2;255;74;90;48;2;255;74;90m▀[38;2;164;90;90;48;2;164;90;90m▀[38;2;164;90;90;48;2;164;90;90m▀[38;2;164;90;90;48;2;164;90;90m▀[38;2;90;49;24;48;2;90;49;24m▀[38;2;180;230;246;48;2;131;197;213m▀[38;2;180;230;246;48;2;131;197;213m▀[38;2;65;148;164;48;2;164;90;90m▀[38;2;0;0;0;48;2;0;0;0m▀[38;2;0;0;0;48;2;90;49;24m▀[38;2;90;49;24;48;2;197;115;65m▀[38;2;197;115;65;48;2;222;156;90m▀[38;2;197;115;65;48;2;222;156;90m▀[38;2;197;115;65;48;2;222;156;90m▀[38;2;197;115;65;48;2;222;156;90m▀[38;2;197;115;65;48;2;197;115;65m▀[38;2;197;115;65;48;2;173;100;56m▀[38;2;164;90;90;48;2;164;90;90m▀[38;2;164;90;90;48;2;0;0;0m▀[38;2;164;90;90;48;2;0;0;0m▀[38;2;90;49;24;48;2;0;0;0m▀[38;2;0;0;0;48;2;0;0;0m▀[0m
[0m [38;2;0;0;0m▀[38;2;0;0;0;48;2;0;0;0m▀[38;2;0;0;0;48;2;0;0;0m▀[38;2;0;0;0;48;2;0;0;0m▀[38;2;90;49;24;48;2;0;0;0m▀[38;2;197;115;65;48;2;0;0;0m▀[38;2;173;100;56;48;2;0;0;0m▀[38;2;0;0;0;48;2;0;0;0m▀[38;2;0;0;0;48;2;0;0;0m▀[38;2;0;0;0m▀[38;2;0;0;0m▄[38;2;0;0;0m▄[38;2;0;0;0;48;2;90;82;32m▀[38;2;0;0;0;48;2;90;82;32m▀[38;2;0;0;0;48;2;90;82;32m▀[38;2;0;0;0;48;2;90;82;32m▀[38;2;90;82;32;48;2;131;123;74m▀[38;2;90;82;32;48;2;131;123;74m▀[38;2;131;123;74;48;2;90;49;24m▀[38;2;131;123;74;48;2;90;49;24m▀[38;2;90;49;24;48;2;164;90;90m▀[38;2;90;49;24;48;2;164;90;90m▀[38;2;90;49;24;48;2;164;90;90m▀[38;2;164;90;90;48;2;164;90;90m▀[38;2;197;16;32;48;2;164;90;90m▀[38;2;255;74;90;48;2;197;16;32m▀[38;2;255;74;90;48;2;164;90;90m▀[38;2;255;74;90;48;2;164;90;90m▀[38;2;164;90;90;48;2;164;90;90m▀[38;2;164;90;90;48;2;164;90;90m▀[38;2;164;90;90;48;2;164;90;90m▀[38;2;164;90;90;48;2;164;90;90m▀[38;2;90;49;24;48;2;90;49;24m▀[38;2;90;49;24;48;2;90;49;24m▀[38;2;0;0;0;48;2;0;0;0m▀[38;2;0;0;0;48;2;197;115;65m▀[38;2;197;115;65;48;2;164;90;90m▀[38;2;222;156;90;48;2;222;156;90m▀[38;2;222;156;90;48;2;222;156;90m▀[38;2;222;156;90;48;2;222;156;90m▀[38;2;222;156;90;48;2;222;156;90m▀[38;2;197;115;65;48;2;197;115;65m▀[38;2;173;100;56;48;2;0;0;0m▀[38;2;0;0;0;48;2;0;0;0m▀[38;2;0;0;0;48;2;0;0;0m▀[38;2;0;0;0m▀[38;2;0;0;0m▀[38;2;0;0;0m▀[0m [0m
[0m [0m [0m [0m [0m [38;2;0;0;0m▀[38;2;0;0;0m▀[38;2;0;0;0m▀[0m [0m [38;2;0;0;0;48;2;0;0;0m▀[38;2;90;82;32;48;2;90;82;32m▀[38;2;90;82;32;48;2;90;82;32m▀[38;2;131;123;74;48;2;131;123;74m▀[38;2;131;123;74;48;2;131;123;74m▀[38;2;131;123;74;48;2;131;123;74m▀[38;2;131;123;74;48;2;131;123;74m▀[38;2;164;90;90;48;2;164;90;90m▀[38;2;90;49;24;48;2;90;49;24m▀[38;2;197;115;65;48;2;197;115;65m▀[38;2;197;115;65;48;2;197;115;65m▀[38;2;173;100;56;48;2;173;100;56m▀[38;2;173;100;56;48;2;173;100;56m▀[38;2;164;90;90;48;2;164;90;90m▀[38;2;164;90;90;48;2;164;90;90m▀[38;2;164;90;90;48;2;164;90;90m▀[38;2;164;90;90;48;2;164;90;90m▀[38;2;164;90;90;48;2;164;90;90m▀[38;2;164;90;90;48;2;164;90;90m▀[38;2;164;90;90;48;2;164;90;90m▀[38;2;164;90;90;48;2;164;90;90m▀[38;2;173;100;56;48;2;173;100;56m▀[38;2;173;100;56;48;2;173;100;56m▀[38;2;0;0;0;48;2;0;0;0m▀[38;2;0;0;0;48;2;0;0;0m▀[38;2;197;115;65;48;2;197;115;65m▀[38;2;164;90;90;48;2;164;90;90m▀[38;2;197;115;65;48;2;197;115;65m▀[38;2;197;115;65;48;2;197;115;65m▀[38;2;90;49;24;48;2;90;49;24m▀[38;2;222;156;90;48;2;222;156;90m▀[38;2;222;156;90;48;2;222;156;90m▀[38;2;0;0;0;48;2;0;0;0m▀[38;2;0;0;0;48;2;0;0;0m▀[0m [0m [0m [0m [0m [0m [0m
[0m [0m [0m [0m [0m [0m [0m [38;2;0;0;0m▄[38;2;0;0;0;48;2;131;123;74m▀[38;2;0;0;0;48;2;131;123;74m▀[38;2;131;123;74;48;2;180;172;115m▀[38;2;180;172;115;48;2;180;172;115m▀[38;2;180;172;115;48;2;180;172;115m▀[38;2;36;36;36;48;2;36;36;36m▀[38;2;36;36;36;48;2;164;90;90m▀[38;2;164;90;90;48;2;197;115;65m▀[38;2;164;90;90;48;2;197;115;65m▀[38;2;197;115;65;48;2;197;115;65m▀[38;2;197;115;65;48;2;197;115;65m▀[38;2;197;115;65;48;2;197;115;65m▀[38;2;197;115;65;48;2;197;115;65m▀[38;2;173;100;56;48;2;173;100;56m▀[38;2;173;100;56;48;2;173;100;56m▀[38;2;164;90;90;48;2;0;0;0m▀[38;2;164;90;90;48;2;0;0;0m▀[38;2;0;0;0;48;2;36;36;36m▀[38;2;0;0;0;48;2;36;36;36m▀[38;2;0;0;0;48;2;36;36;36m▀[38;2;0;0;0;48;2;36;36;36m▀[38;2;164;90;90;48;2;0;0;0m▀[38;2;173;100;56;48;2;173;100;56m▀[38;2;197;115;65;48;2;197;115;65m▀[38;2;197;115;65;48;2;197;115;65m▀[38;2;0;0;0;48;2;197;115;65m▀[38;2;0;0;0;48;2;197;115;65m▀[38;2;222;156;90;48;2;0;0;0m▀[38;2;90;49;24;48;2;0;0;0m▀[38;2;197;115;65;48;2;222;156;90m▀[38;2;90;49;24;48;2;90;49;24m▀[38;2;0;0;0;48;2;0;0;0m▀[38;2;197;115;65;48;2;222;156;90m▀[38;2;197;115;65;48;2;222;156;90m▀[38;2;0;0;0;48;2;0;0;0m▀[38;2;90;82;32;48;2;180;172;115m▀[38;2;0;0;0;48;2;90;82;32m▀[38;2;0;0;0;48;2;90;82;32m▀[38;2;0;0;0m▄[38;2;0;0;0m▄[0m [0m [0m
[0m [0m [0m [0m [0m [0m [38;2;0;0;0m▄[38;2;0;0;0;48;2;0;0;0m▀[38;2;131;123;74;48;2;131;123;74m▀[38;2;131;123;74;48;2;131;123;74m▀[38;2;131;123;74;48;2;230;230;180m▀[38;2;90;82;32;48;2;230;230;180m▀[38;2;90;82;32;48;2;230;230;180m▀[38;2;16;16;16;48;2;90;82;32m▀[38;2;0;0;0;48;2;16;16;16m▀[38;2;197;115;65;48;2;16;16;16m▀[38;2;197;115;65;48;2;16;16;16m▀[38;2;197;115;65;48;2;173;100;56m▀[38;2;197;115;65;48;2;173;100;56m▀[38;2;197;115;65;48;2;173;100;56m▀[38;2;173;100;56;48;2;0;0;0m▀[38;2;0;0;0;48;2;36;36;36m▀[38;2;0;0;0;48;2;36;36;36m▀[38;2;36;36;36;48;2;36;36;36m▀[38;2;36;36;36;48;2;36;36;36m▀[38;2;36;36;36;48;2;36;36;36m▀[38;2;36;36;36;48;2;36;36;36m▀[38;2;36;36;36;48;2;36;36;36m▀[38;2;36;36;36;48;2;36;36;36m▀[38;2;36;36;36;48;2;36;36;36m▀[38;2;0;0;0;48;2;90;82;32m▀[38;2;90;82;32;48;2;180;172;115m▀[38;2;16;16;16;48;2;180;172;115m▀[38;2;16;16;16;48;2;131;123;74m▀[38;2;16;16;16;48;2;131;123;74m▀[38;2;90;82;32;48;2;90;82;32m▀[38;2;90;82;32;48;2;16;16;16m▀[38;2;0;0;0;48;2;90;82;32m▀[38;2;0;0;0;48;2;131;123;74m▀[38;2;180;172;115;48;2;180;172;115m▀[38;2;90;49;24;48;2;180;172;115m▀[38;2;90;49;24;48;2;180;172;115m▀[38;2;0;0;0;48;2;180;172;115m▀[38;2;131;123;74;48;2;131;123;74m▀[38;2;131;123;74;48;2;131;123;74m▀[38;2;131;123;74;48;2;131;123;74m▀[38;2;90;82;32;48;2;16;16;16m▀[38;2;90;82;32;48;2;16;16;16m▀[38;2;0;0;0;48;2;0;0;0m▀[38;2;0;0;0m▄[0m
[0m [0m [0m [0m [0m [38;2;0;0;0;48;2;0;0;0m▀[38;2;90;82;32;48;2;90;82;32m▀[38;2;131;123;74;48;2;131;123;74m▀[38;2;230;230;180;48;2;230;230;180m▀[38;2;230;230;180;48;2;230;230;180m▀[38;2;230;230;180;48;2;230;230;180m▀[38;2;230;230;180;48;2;230;230;180m▀[38;2;230;230;180;48;2;230;230;180m▀[38;2;180;172;115;48;2;180;172;115m▀[38;2;131;123;74;48;2;131;123;74m▀[38;2;131;123;74;48;2;131;123;74m▀[38;2;131;123;74;48;2;131;123;74m▀[38;2;16;16;16;48;2;16;16;16m▀[38;2;164;90;90;48;2;164;90;90m▀[38;2;90;49;24;48;2;90;49;24m▀[38;2;164;90;90;48;2;164;90;90m▀[38;2;0;0;0;48;2;0;0;0m▀[38;2;0;0;0;48;2;0;0;0m▀[38;2;36;36;36;48;2;36;36;36m▀[38;2;36;36;36;48;2;36;36;36m▀[38;2;36;36;36;48;2;36;36;36m▀[38;2;36;36;36;48;2;36;36;36m▀[38;2;36;36;36;48;2;36;36;36m▀[38;2;36;36;36;48;2;36;36;36m▀[38;2;16;16;16;48;2;16;16;16m▀[38;2;180;172;115;48;2;180;172;115m▀[38;2;180;172;115;48;2;180;172;115m▀[38;2;180;172;115;48;2;180;172;115m▀[38;2;131;123;74;48;2;131;123;74m▀[38;2;131;123;74;48;2;131;123;74m▀[38;2;131;123;74;48;2;131;123;74m▀[38;2;90;82;32;48;2;90;82;32m▀[38;2;16;16;16;48;2;16;16;16m▀[38;2;131;123;74;48;2;131;123;74m▀[38;2;180;172;115;48;2;180;172;115m▀[38;2;180;172;115;48;2;180;172;115m▀[38;2;180;172;115;48;2;180;172;115m▀[38;2;131;123;74;48;2;131;123;74m▀[38;2;131;123;74;48;2;131;123;74m▀[38;2;131;123;74;48;2;131;123;74m▀[38;2;131;123;74;48;2;131;123;74m▀[38;2;16;16;16;48;2;16;16;16m▀[38;2;16;16;16;48;2;16;16;16m▀[38;2;90;82;32;48;2;90;82;32m▀[38;2;90;82;32;48;2;90;82;32m▀[0m
[0m [0m [0m [0m [38;2;0;0;0;48;2;0;0;0m▀[38;2;90;82;32;48;2;180;172;115m▀[38;2;90;82;32;48;2;180;172;115m▀[38;2;131;123;74;48;2;180;172;115m▀[38;2;230;230;180;48;2;131;123;74m▀[38;2;230;230;180;48;2;131;123;74m▀[38;2;230;230;180;48;2;230;230;180m▀[38;2;230;230;180;48;2;230;230;180m▀[38;2;230;230;180;48;2;180;172;115m▀[38;2;180;172;115;48;2;180;172;115m▀[38;2;180;172;115;48;2;131;123;74m▀[38;2;90;82;32;48;2;16;16;16m▀[38;2;90;82;32;48;2;16;16;16m▀[38;2;16;16;16;48;2;131;123;74m▀[38;2;131;123;74;48;2;230;230;180m▀[38;2;90;82;32;48;2;230;230;180m▀[38;2;90;82;32;48;2;230;230;180m▀[38;2;90;82;32;48;2;180;172;115m▀[38;2;90;82;32;48;2;180;172;115m▀[38;2;0;0;0;48;2;16;16;16m▀[38;2;90;82;32;48;2;180;172;115m▀[38;2;16;16;16;48;2;180;172;115m▀[38;2;16;16;16;48;2;131;123;74m▀[38;2;16;16;16;48;2;16;16;16m▀[38;2;16;16;16;48;2;16;16;16m▀[38;2;180;172;115;48;2;180;172;115m▀[38;2;180;172;115;48;2;180;172;115m▀[38;2;180;172;115;48;2;180;172;115m▀[38;2;180;172;115;48;2;180;172;115m▀[38;2;131;123;74;48;2;131;123;74m▀[38;2;131;123;74;48;2;131;123;74m▀[38;2;131;123;74;48;2;131;123;74m▀[38;2;131;123;74;48;2;131;123;74m▀[38;2;16;16;16;48;2;16;16;16m▀[38;2;90;82;32;48;2;180;172;115m▀[38;2;90;82;32;48;2;90;82;32m▀[38;2;131;123;74;48;2;16;16;16m▀[38;2;131;123;74;48;2;16;16;16m▀[38;2;131;123;74;48;2;16;16;16m▀[38;2;16;16;16;48;2;131;123;74m▀[38;2;16;16;16;48;2;180;172;115m▀[38;2;131;123;74;48;2;180;172;115m▀[38;2;180;172;115;48;2;0;0;0m▀[38;2;180;172;115;48;2;0;0;0m▀[38;2;180;172;115;48;2;0;0;0m▀[38;2;0;0;0m▀[0m
[0m [0m [0m [0m [0m [38;2;0;0;0;48;2;0;0;0m▀[38;2;0;0;0;48;2;180;172;115m▀[38;2;180;172;115;48;2;0;0;0m▀[38;2;180;172;115;48;2;180;172;115m▀[38;2;180;172;115;48;2;180;172;115m▀[38;2;180;172;115;48;2;0;0;0m▀[38;2;180;172;115;48;2;180;172;115m▀[38;2;131;123;74;48;2;180;172;115m▀[38;2;131;123;74;48;2;131;123;74m▀[38;2;16;16;16;48;2;16;16;16m▀[38;2;131;123;74;48;2;180;172;115m▀[38;2;131;123;74;48;2;180;172;115m▀[38;2;180;172;115;48;2;180;172;115m▀[38;2;230;230;180;48;2;180;172;115m▀[38;2;230;230;180;48;2;180;172;115m▀[38;2;180;172;115;48;2;180;172;115m▀[38;2;180;172;115;48;2;131;123;74m▀[38;2;180;172;115;48;2;131;123;74m▀[38;2;16;16;16;48;2;16;16;16m▀[38;2;180;172;115;48;2;131;123;74m▀[38;2;131;123;74;48;2;131;123;74m▀[38;2;131;123;74;48;2;131;123;74m▀[38;2;131;123;74;48;2;131;123;74m▀[38;2;131;123;74;48;2;131;123;74m▀[38;2;90;82;32;48;2;16;16;16m▀[38;2;180;172;115;48;2;131;123;74m▀[38;2;131;123;74;48;2;131;123;74m▀[38;2;131;123;74;48;2;131;123;74m▀[38;2;131;123;74;48;2;90;82;32m▀[38;2;131;123;74;48;2;90;82;32m▀[38;2;131;123;74;48;2;16;16;16m▀[38;2;131;123;74;48;2;90;82;32m▀[38;2;90;82;32;48;2;180;172;115m▀[38;2;180;172;115;48;2;180;172;115m▀[38;2;180;172;115;48;2;180;172;115m▀[38;2;180;172;115;48;2;0;0;0m▀[38;2;180;172;115;48;2;0;0;0m▀[38;2;180;172;115;48;2;180;172;115m▀[38;2;180;172;115;48;2;0;0;0m▀[38;2;0;0;0;48;2;180;172;115m▀[38;2;0;0;0;48;2;0;0;0m▀[0m [0m [0m [0m [0m
[0m [0m [0m [0m [0m [0m [38;2;0;0;0m▀[38;2;180;172;115;48;2;0;0;0m▀[38;2;0;0;0m▀[38;2;0;0;0m▀[38;2;180;172;115;48;2;0;0;0m▀[38;2;0;0;0;48;2;0;0;0m▀[38;2;0;0;0;48;2;180;172;115m▀[38;2;180;172;115;48;2;0;0;0m▀[38;2;131;123;74;48;2;180;172;115m▀[38;2;180;172;115;48;2;0;0;0m▀[38;2;180;172;115;48;2;0;0;0m▀[38;2;180;172;115;48;2;0;0;0m▀[38;2;180;172;115;48;2;180;172;115m▀[38;2;180;172;115;48;2;0;0;0m▀[38;2;180;172;115;48;2;180;172;115m▀[38;2;180;172;115;48;2;180;172;115m▀[38;2;180;172;115;48;2;180;172;115m▀[38;2;131;123;74;48;2;180;172;115m▀[38;2;131;123;74;48;2;180;172;115m▀[38;2;131;123;74;48;2;180;172;115m▀[38;2;131;123;74;48;2;0;0;0m▀[38;2;90;82;32;48;2;180;172;115m▀[38;2;90;82;32;48;2;180;172;115m▀[38;2;131;123;74;48;2;0;0;0m▀[38;2;180;172;115;48;2;0;0;0m▀[38;2;180;172;115;48;2;0;0;0m▀[38;2;180;172;115;48;2;180;172;115m▀[38;2;180;172;115;48;2;0;0;0m▀[38;2;180;172;115;48;2;0;0;0m▀[38;2;180;172;115;48;2;180;172;115m▀[38;2;180;172;115;48;2;0;0;0m▀[38;2;0;0;0;48;2;180;172;115m▀[38;2;180;172;115;48;2;0;0;0m▀[38;2;0;0;0m▀[38;2;180;172;115;48;2;0;0;0m▀[38;2;180;172;115;48;2;0;0;0m▀[38;2;0;0;0;48;2;180;172;115m▀[38;2;180;172;115;48;2;0;0;0m▀[38;2;0;0;0m▀[0m [0m [0m [0m [0m [0m
[0m [0m [0m [0m [0m [0m [0m [0m [0m [0m [0m [38;2;0;0;0m▀[38;2;180;172;115;48;2;0;0;0m▀[38;2;0;0;0m▀[38;2;180;172;115;48;2;0;0;0m▀[38;2;0;0;0m▀[38;2;0;0;0m▄[38;2;0;0;0;48;2;180;172;115m▀[38;2;180;172;115;48;2;0;0;0m▀[38;2;0;0;0;48;2;180;172;115m▀[38;2;180;172;115;48;2;0;0;0m▀[38;2;180;172;115;48;2;180;172;115m▀[38;2;180;172;115;48;2;180;172;115m▀[38;2;180;172;115;48;2;0;0;0m▀[38;2;180;172;115;48;2;180;172;115m▀[38;2;180;172;115;48;2;0;0;0m▀[38;2;0;0;0;48;2;180;172;115m▀[38;2;180;172;115;48;2;0;0;0m▀[38;2;180;172;115;48;2;0;0;0m▀[38;2;0;0;0;48;2;180;172;115m▀[38;2;0;0;0m▄[38;2;0;0;0m▀[38;2;180;172;115;48;2;0;0;0m▀[38;2;0;0;0m▀[38;2;0;0;0m▀[38;2;180;172;115;48;2;0;0;0m▀[38;2;0;0;0m▀[38;2;180;172;115;48;2;0;0;0m▀[38;2;0;0;0m▀[0m [0m [38;2;0;0;0m▀[38;2;180;172;115;48;2;0;0;0m▀[38;2;0;0;0m▀[0m [0m [0m [0m [0m [0m [0m
