[0m [0m [0m [0m [0m [0m [0m [38;2;0;0;0m▄[38;2;0;0;0;48;2;40;40;40m▀[38;2;0;0;0;48;2;40;40;40m▀[38;2;40;40;40;48;2;40;40;40m▀[38;2;0;0;0;48;2;40;40;40m▀[38;2;0;0;0m▄[0m [38;2;0;0;0m▄[38;2;0;0;0m▄[0m [0m [0m [0m [0m [0m [0m [0m [0m [0m [0m [0m [0m [38;2;0;0;0m▄[0m [0m [0m [0m [0m [0m [0m [0m [0m [0m [0m [0m [0m [0m [0m [0m [0m [0m [0m [0m [0m [0m [0m [0m [0m
[0m [0m [0m [0m [0m [0m [0m [38;2;0;0;0;48;2;0;0;0m▀[38;2;40;40;40;48;2;40;40;40m▀[38;2;40;40;40;48;2;40;40;40m▀[38;2;40;40;40;48;2;40;40;40m▀[38;2;40;40;40;48;2;40;40;40m▀[38;2;0;0;0;48;2;0;0;0m▀[38;2;0;0;0;48;2;0;0;0m▀[38;2;216;144;0;48;2;216;144;0m▀[38;2;216;144;0;48;2;216;144;0m▀[38;2;0;0;0;48;2;0;0;0m▀[0m [0m [0m [0m [0m [0m [0m [0m [0m [0m [0m [38;2;0;0;0;48;2;0;0;0m▀[38;2;216;144;0;48;2;216;144;0m▀[38;2;0;0;0;48;2;0;0;0m▀[0m [0m [0m [0m [0m [0m [0m [0m [0m [0m [0m [0m [0m [0m [0m [0m [0m [0m [0m [0m [0m [0m [0m [0m
[0m [0m [0m [0m [0m [0m [38;2;0;0;0m▄[38;2;0;0;0;48;2;40;40;40m▀[38;2;40;40;40;48;2;40;40;40m▀[38;2;40;40;40;48;2;40;40;40m▀[38;2;40;40;40;48;2;40;40;40m▀[38;2;40;40;40;48;2;40;40;40m▀[38;2;40;40;40;48;2;40;40;40m▀[38;2;216;144;0;48;2;216;144;0m▀[38;2;240;224;80;48;2;240;224;80m▀[38;2;240;224;80;48;2;240;224;80m▀[38;2;16;16;16;48;2;16;16;16m▀[38;2;0;0;0;48;2;0;0;0m▀[0m [0m [0m [0m [0m [0m [0m [0m [0m [38;2;0;0;0;48;2;0;0;0m▀[38;2;216;144;0;48;2;216;144;0m▀[38;2;240;224;80;48;2;240;224;80m▀[38;2;16;16;16;48;2;16;16;16m▀[38;2;0;0;0;48;2;0;0;0m▀[0m [0m [0m [0m [0m [0m [0m [0m [0m [0m [0m [0m [0m [0m [0m [0m [0m [0m [0m [0m [0m [0m [0m
[0m [0m [0m [0m [0m [0m [38;2;0;0;0;48;2;0;0;0m▀[38;2;40;40;40;48;2;40;40;40m▀[38;2;40;40;40;48;2;80;80;88m▀[38;2;40;40;40;48;2;80;80;88m▀[38;2;80;80;88;48;2;240;184;32m▀[38;2;240;184;32;48;2;240;184;32m▀[38;2;96;48;8;48;2;240;184;32m▀[38;2;216;144;0;48;2;216;144;0m▀[38;2;240;224;80;48;2;240;224;80m▀[38;2;240;224;80;48;2;240;224;80m▀[38;2;16;16;16;48;2;16;16;16m▀[38;2;0;0;0;48;2;0;0;0m▀[0m [0m [38;2;0;0;0m▄[38;2;0;0;0m▄[38;2;0;0;0m▄[38;2;0;0;0m▄[0m [38;2;0;0;0m▄[38;2;0;0;0;48;2;216;144;0m▀[38;2;0;0;0;48;2;216;144;0m▀[38;2;216;144;0;48;2;240;224;80m▀[38;2;240;224;80;48;2;216;144;0m▀[38;2;16;16;16;48;2;0;0;0m▀[38;2;0;0;0m▀[0m [0m [0m [0m [0m [0m [0m [0m [0m [0m [0m [38;2;0;0;0m▄[38;2;0;0;0m▄[38;2;0;0;0m▄[38;2;0;0;0m▄[38;2;0;0;0m▄[38;2;0;0;0m▄[0m [0m [0m [0m [0m [0m
[0m [0m [0m [0m [0m [0m [38;2;0;0;0;48;2;0;0;0m▀[38;2;40;40;40;48;2;40;40;40m▀[38;2;240;184;32;48;2;240;184;32m▀[38;2;240;184;32;48;2;240;184;32m▀[38;2;240;184;32;48;2;240;184;32m▀[38;2;240;184;32;48;2;240;184;32m▀[38;2;240;184;32;48;2;240;184;32m▀[38;2;216;144;0;48;2;216;144;0m▀[38;2;240;224;80;48;2;240;224;80m▀[38;2;240;224;80;48;2;240;224;80m▀[38;2;16;16;16;48;2;16;16;16m▀[38;2;0;0;0;48;2;0;0;0m▀[0m [38;2;0;0;0;48;2;0;0;0m▀[38;2;144;88;0;48;2;144;88;0m▀[38;2;144;88;0;48;2;144;88;0m▀[38;2;144;88;0;48;2;144;88;0m▀[38;2;144;88;0;48;2;144;88;0m▀[38;2;0;0;0;48;2;0;0;0m▀[38;2;0;0;0;48;2;0;0;0m▀[38;2;216;144;0;48;2;216;144;0m▀[38;2;216;144;0;48;2;216;144;0m▀[38;2;240;224;80;48;2;240;224;80m▀[38;2;16;16;16;48;2;16;16;16m▀[38;2;0;0;0;48;2;0;0;0m▀[0m [0m [0m [0m [0m [0m [0m [0m [0m [38;2;0;0;0m▄[38;2;0;0;0m▄[38;2;0;0;0;48;2;0;0;0m▀[38;2;0;0;0;48;2;0;0;0m▀[38;2;0;0;0;48;2;0;0;0m▀[38;2;0;0;0;48;2;0;0;0m▀[38;2;0;0;0;48;2;0;0;0m▀[38;2;0;0;0;48;2;0;0;0m▀[38;2;0;0;0;48;2;0;0;0m▀[38;2;0;0;0;48;2;0;0;0m▀[0m [0m [0m [0m [0m
[0m [0m [0m [0m [0m [0m [38;2;0;0;0;48;2;0;0;0m▀[38;2;96;48;8;48;2;96;48;8m▀[38;2;240;184;32;48;2;240;184;32m▀[38;2;240;184;32;48;2;240;184;32m▀[38;2;240;184;32;48;2;240;184;32m▀[38;2;240;184;32;48;2;240;184;32m▀[38;2;240;184;32;48;2;240;184;32m▀[38;2;216;144;0;48;2;40;40;40m▀[38;2;240;224;80;48;2;216;144;0m▀[38;2;240;224;80;48;2;216;144;0m▀[38;2;240;224;80;48;2;240;224;80m▀[38;2;16;16;16;48;2;16;16;16m▀[38;2;0;0;0;48;2;144;88;0m▀[38;2;144;88;0;48;2;248;248;248m▀[38;2;248;248;248;48;2;248;248;248m▀[38;2;248;248;248;48;2;248;248;248m▀[38;2;248;208;0;48;2;248;208;0m▀[38;2;248;208;0;48;2;248;208;0m▀[38;2;144;88;0;48;2;200;160;0m▀[38;2;0;0;0;48;2;16;16;16m▀[38;2;216;144;0;48;2;240;224;80m▀[38;2;216;144;0;48;2;240;224;80m▀[38;2;240;224;80;48;2;240;224;80m▀[38;2;16;16;16;48;2;16;16;16m▀[38;2;0;0;0;48;2;0;0;0m▀[0m [0m [0m [0m [38;2;0;0;0m▄[38;2;0;0;0m▄[38;2;0;0;0;48;2;0;0;0m▀[38;2;0;0;0;48;2;0;0;0m▀[38;2;0;0;0;48;2;0;0;0m▀[38;2;0;0;0;48;2;80;80;88m▀[38;2;40;40;40;48;2;80;80;88m▀[38;2;0;0;0;48;2;80;80;88m▀[38;2;80;80;88;48;2;80;80;88m▀[38;2;80;80;88;48;2;40;40;40m▀[38;2;80;80;88;48;2;40;40;40m▀[38;2;80;80;88;48;2;40;40;40m▀[38;2;40;40;40;48;2;0;0;0m▀[38;2;0;0;0;48;2;0;0;0m▀[38;2;0;0;0m▀[0m [0m [0m [0m [0m
[0m [0m [0m [0m [0m [0m [38;2;0;0;0;48;2;0;0;0m▀[38;2;96;48;8;48;2;96;48;8m▀[38;2;240;184;32;48;2;240;184;32m▀[38;2;240;184;32;48;2;240;184;32m▀[38;2;240;184;32;48;2;240;184;32m▀[38;2;240;184;32;48;2;240;184;32m▀[38;2;240;184;32;48;2;240;184;32m▀[38;2;40;40;40;48;2;240;184;32m▀[38;2;16;16;16;48;2;16;16;16m▀[38;2;16;16;16;48;2;16;16;16m▀[38;2;240;224;80;48;2;240;224;80m▀[38;2;16;16;16;48;2;144;88;0m▀[38;2;144;88;0;48;2;144;88;0m▀[38;2;200;160;0;48;2;248;248;248m▀[38;2;248;208;0;48;2;248;248;248m▀[38;2;248;208;0;48;2;248;248;248m▀[38;2;200;160;0;48;2;248;208;0m▀[38;2;200;160;0;48;2;248;208;0m▀[38;2;200;160;0;48;2;200;160;0m▀[38;2;16;16;16;48;2;16;16;16m▀[38;2;240;224;80;48;2;240;224;80m▀[38;2;240;224;80;48;2;240;224;80m▀[38;2;216;144;0;48;2;16;16;16m▀[38;2;0;0;0;48;2;0;0;0m▀[0m [38;2;0;0;0m▄[38;2;0;0;0;48;2;152;80;0m▀[38;2;0;0;0;48;2;152;80;0m▀[38;2;0;0;0;48;2;152;80;0m▀[38;2;152;80;0;48;2;240;224;80m▀[38;2;152;80;0;48;2;240;224;80m▀[38;2;240;224;80;48;2;240;224;80m▀[38;2;240;224;80;48;2;240;224;80m▀[38;2;240;224;80;48;2;240;224;80m▀[38;2;80;80;88;48;2;240;224;80m▀[38;2;80;80;88;48;2;40;40;40m▀[38;2;40;40;40;48;2;40;40;40m▀[38;2;40;40;40;48;2;40;40;40m▀[38;2;40;40;40;48;2;0;0;0m▀[38;2;40;40;40;48;2;0;0;0m▀[38;2;0;0;0;48;2;0;0;0m▀[38;2;0;0;0;48;2;0;0;0m▀[38;2;0;0;0m▀[0m [0m [0m [0m [0m [0m
[0m [0m [0m [0m [0m [0m [0m [38;2;0;0;0;48;2;0;0;0m▀[38;2;96;48;8;48;2;96;48;8m▀[38;2;96;48;8;48;2;96;48;8m▀[38;2;240;184;32;48;2;240;184;32m▀[38;2;240;184;32;48;2;240;184;32m▀[38;2;240;184;32;48;2;240;184;32m▀[38;2;240;184;32;48;2;240;184;32m▀[38;2;16;16;16;48;2;16;16;16m▀[38;2;16;16;16;48;2;16;16;16m▀[38;2;240;224;80;48;2;240;224;80m▀[38;2;144;88;0;48;2;144;88;0m▀[38;2;200;160;0;48;2;200;160;0m▀[38;2;200;160;0;48;2;200;160;0m▀[38;2;248;208;0;48;2;248;208;0m▀[38;2;248;208;0;48;2;248;208;0m▀[38;2;200;160;0;48;2;200;160;0m▀[38;2;200;160;0;48;2;200;160;0m▀[38;2;200;160;0;48;2;200;160;0m▀[38;2;16;16;16;48;2;16;16;16m▀[38;2;240;224;80;48;2;240;224;80m▀[38;2;240;224;80;48;2;240;224;80m▀[38;2;16;16;16;48;2;16;16;16m▀[38;2;0;0;0;48;2;0;0;0m▀[38;2;0;0;0;48;2;0;0;0m▀[38;2;152;80;0;48;2;152;80;0m▀[38;2;240;184;32;48;2;240;184;32m▀[38;2;240;184;32;48;2;240;184;32m▀[38;2;240;224;80;48;2;240;224;80m▀[38;2;240;224;80;48;2;240;224;80m▀[38;2;240;224;80;48;2;240;224;80m▀[38;2;240;224;80;48;2;240;224;80m▀[38;2;240;224;80;48;2;240;224;80m▀[38;2;240;224;80;48;2;240;224;80m▀[38;2;240;224;80;48;2;240;224;80m▀[38;2;40;40;40;48;2;40;40;40m▀[38;2;40;40;40;48;2;40;40;40m▀[38;2;0;0;0;48;2;0;0;0m▀[38;2;0;0;0;48;2;0;0;0m▀[38;2;0;0;0;48;2;0;0;0m▀[38;2;0;0;0;48;2;0;0;0m▀[0m [0m [0m [0m [0m [0m [0m [0m
[38;2;0;0;0;48;2;16;16;16m▀[38;2;0;0;0;48;2;216;144;0m▀[38;2;0;0;0m▄[38;2;0;0;0m▄[38;2;0;0;0m▄[0m [0m [38;2;0;0;0m▀[38;2;96;48;8;48;2;0;0;0m▀[38;2;96;48;8;48;2;0;0;0m▀[38;2;240;184;32;48;2;96;48;8m▀[38;2;240;184;32;48;2;96;48;8m▀[38;2;96;48;8;48;2;240;224;80m▀[38;2;96;48;8;48;2;240;224;80m▀[38;2;240;224;80;48;2;240;224;80m▀[38;2;240;224;80;48;2;240;224;80m▀[38;2;240;224;80;48;2;240;224;80m▀[38;2;144;88;0;48;2;144;88;0m▀[38;2;248;208;0;48;2;200;160;0m▀[38;2;248;248;248;48;2;200;160;0m▀[38;2;248;248;248;48;2;248;208;0m▀[38;2;248;248;248;48;2;248;208;0m▀[38;2;248;208;0;48;2;200;160;0m▀[38;2;200;160;0;48;2;200;160;0m▀[38;2;144;88;0;48;2;16;16;16m▀[38;2;240;224;80;48;2;240;224;80m▀[38;2;240;224;80;48;2;240;224;80m▀[38;2;240;224;80;48;2;240;224;80m▀[38;2;240;224;80;48;2;240;224;80m▀[38;2;16;16;16;48;2;240;224;80m▀[38;2;216;144;0;48;2;240;224;80m▀[38;2;240;224;80;48;2;240;224;80m▀[38;2;240;224;80;48;2;240;224;80m▀[38;2;240;224;80;48;2;240;224;80m▀[38;2;240;224;80;48;2;240;224;80m▀[38;2;240;224;80;48;2;240;224;80m▀[38;2;240;224;80;48;2;240;224;80m▀[38;2;240;224;80;48;2;240;184;32m▀[38;2;240;224;80;48;2;0;0;0m▀[38;2;240;224;80;48;2;0;0;0m▀[38;2;216;144;0;48;2;0;0;0m▀[38;2;0;0;0;48;2;0;0;0m▀[38;2;0;0;0;48;2;0;0;0m▀[38;2;0;0;0;48;2;0;0;0m▀[38;2;0;0;0m▀[38;2;0;0;0m▀[0m [0m [0m [0m [0m [0m [0m [0m [0m
[38;2;16;16;16;48;2;0;0;0m▀[38;2;248;224;128;48;2;16;16;16m▀[38;2;216;144;0;48;2;240;224;80m▀[38;2;216;144;0;48;2;240;224;80m▀[38;2;216;144;0;48;2;240;224;80m▀[38;2;0;0;0;48;2;216;144;0m▀[38;2;0;0;0;48;2;216;144;0m▀[38;2;0;0;0m▄[38;2;0;0;0;48;2;16;16;16m▀[38;2;0;0;0;48;2;16;16;16m▀[38;2;16;16;16;48;2;240;224;80m▀[38;2;240;224;80;48;2;240;224;80m▀[38;2;240;224;80;48;2;240;224;80m▀[38;2;240;224;80;48;2;240;224;80m▀[38;2;240;224;80;48;2;240;224;80m▀[38;2;240;224;80;48;2;240;224;80m▀[38;2;240;224;80;48;2;240;224;80m▀[38;2;144;88;0;48;2;240;224;80m▀[38;2;200;160;0;48;2;16;16;16m▀[38;2;248;248;248;48;2;200;160;0m▀[38;2;248;248;248;48;2;200;160;0m▀[38;2;248;248;248;48;2;200;160;0m▀[38;2;248;208;0;48;2;200;160;0m▀[38;2;200;160;0;48;2;16;16;16m▀[38;2;16;16;16;48;2;240;224;80m▀[38;2;240;224;80;48;2;240;224;80m▀[38;2;240;224;80;48;2;240;224;80m▀[38;2;240;224;80;48;2;240;224;80m▀[38;2;240;224;80;48;2;240;224;80m▀[38;2;240;224;80;48;2;240;224;80m▀[38;2;240;224;80;48;2;240;224;80m▀[38;2;240;224;80;48;2;240;224;80m▀[38;2;240;224;80;48;2;240;224;80m▀[38;2;240;224;80;48;2;240;224;80m▀[38;2;240;224;80;48;2;216;144;0m▀[38;2;216;144;0;48;2;216;144;0m▀[38;2;0;0;0;48;2;0;0;0m▀[38;2;0;0;0;48;2;0;0;0m▀[38;2;0;0;0m▀[38;2;0;0;0m▀[38;2;0;0;0m▀[38;2;0;0;0m▀[0m [0m [0m [0m [0m [0m [0m [0m [0m [0m [0m [0m [0m
[0m [38;2;0;0;0;48;2;0;0;0m▀[38;2;16;16;16;48;2;16;16;16m▀[38;2;16;16;16;48;2;16;16;16m▀[38;2;16;16;16;48;2;16;16;16m▀[38;2;240;224;80;48;2;240;224;80m▀[38;2;240;224;80;48;2;240;224;80m▀[38;2;216;144;0;48;2;216;144;0m▀[38;2;16;16;16;48;2;16;16;16m▀[38;2;16;16;16;48;2;16;16;16m▀[38;2;240;224;80;48;2;240;224;80m▀[38;2;240;224;80;48;2;240;224;80m▀[38;2;240;224;80;48;2;240;224;80m▀[38;2;240;224;80;48;2;240;224;80m▀[38;2;240;224;80;48;2;240;224;80m▀[38;2;240;224;80;48;2;240;224;80m▀[38;2;240;224;80;48;2;240;224;80m▀[38;2;240;224;80;48;2;240;224;80m▀[38;2;240;224;80;48;2;240;224;80m▀[38;2;16;16;16;48;2;16;16;16m▀[38;2;16;16;16;48;2;16;16;16m▀[38;2;16;16;16;48;2;16;16;16m▀[38;2;16;16;16;48;2;16;16;16m▀[38;2;240;224;80;48;2;240;224;80m▀[38;2;240;224;80;48;2;240;224;80m▀[38;2;240;224;80;48;2;240;224;80m▀[38;2;240;224;80;48;2;240;224;80m▀[38;2;240;224;80;48;2;240;224;80m▀[38;2;240;224;80;48;2;240;224;80m▀[38;2;240;224;80;48;2;240;224;80m▀[38;2;240;224;80;48;2;240;224;80m▀[38;2;240;224;80;48;2;240;224;80m▀[38;2;240;224;80;48;2;240;224;80m▀[38;2;240;224;80;48;2;240;224;80m▀[38;2;216;144;0;48;2;216;144;0m▀[38;2;0;0;0;48;2;0;0;0m▀[0m [0m [0m [0m [0m [0m [38;2;0;0;0m▄[38;2;0;0;0m▄[0m [0m [0m [0m [0m [0m [0m [0m [0m [0m [0m
[38;2;0;0;0m▄[38;2;0;0;0;48;2;216;144;0m▀[38;2;0;0;0;48;2;216;144;0m▀[38;2;0;0;0;48;2;216;144;0m▀[38;2;0;0;0;48;2;0;0;0m▀[38;2;16;16;16;48;2;0;0;0m▀[38;2;16;16;16;48;2;0;0;0m▀[38;2;240;224;80;48;2;16;16;16m▀[38;2;240;224;80;48;2;240;224;80m▀[38;2;240;224;80;48;2;240;224;80m▀[38;2;240;224;80;48;2;240;224;80m▀[38;2;240;224;80;48;2;240;224;80m▀[38;2;240;224;80;48;2;240;224;80m▀[38;2;240;224;80;48;2;0;0;0m▀[38;2;240;224;80;48;2;0;0;0m▀[38;2;240;224;80;48;2;0;0;0m▀[38;2;240;224;80;48;2;240;224;80m▀[38;2;240;224;80;48;2;240;224;80m▀[38;2;240;224;80;48;2;240;224;80m▀[38;2;240;224;80;48;2;240;224;80m▀[38;2;240;224;80;48;2;240;224;80m▀[38;2;240;224;80;48;2;240;224;80m▀[38;2;240;224;80;48;2;240;224;80m▀[38;2;240;224;80;48;2;240;224;80m▀[38;2;240;224;80;48;2;240;224;80m▀[38;2;240;224;80;48;2;240;224;80m▀[38;2;240;224;80;48;2;240;224;80m▀[38;2;240;224;80;48;2;240;224;80m▀[38;2;240;224;80;48;2;240;224;80m▀[38;2;240;224;80;48;2;240;224;80m▀[38;2;240;224;80;48;2;240;224;80m▀[38;2;240;224;80;48;2;240;224;80m▀[38;2;240;224;80;48;2;240;184;32m▀[38;2;240;224;80;48;2;240;184;32m▀[38;2;240;184;32;48;2;240;184;32m▀[38;2;216;144;0;48;2;240;184;32m▀[38;2;0;0;0;48;2;16;16;16m▀[38;2;0;0;0m▄[38;2;0;0;0;48;2;216;144;0m▀[38;2;0;0;0;48;2;216;144;0m▀[38;2;0;0;0;48;2;216;144;0m▀[38;2;0;0;0;48;2;216;144;0m▀[38;2;216;144;0;48;2;240;224;80m▀[38;2;216;144;0;48;2;240;224;80m▀[38;2;0;0;0;48;2;16;16;16m▀[38;2;0;0;0;48;2;16;16;16m▀[38;2;0;0;0m▄[0m [0m [0m [0m [0m [0m [0m [0m
[38;2;16;16;16;48;2;0;0;0m▀[38;2;240;224;80;48;2;16;16;16m▀[38;2;240;224;80;48;2;16;16;16m▀[38;2;240;224;80;48;2;16;16;16m▀[38;2;216;144;0;48;2;240;224;80m▀[38;2;216;144;0;48;2;240;224;80m▀[38;2;0;0;0;48;2;216;144;0m▀[38;2;16;16;16;48;2;16;16;16m▀[38;2;240;224;80;48;2;240;224;80m▀[38;2;240;224;80;48;2;240;224;80m▀[38;2;240;224;80;48;2;240;224;80m▀[38;2;240;224;80;48;2;240;224;80m▀[38;2;0;0;0;48;2;0;0;0m▀[38;2;0;0;0;48;2;80;80;88m▀[38;2;248;248;248;48;2;0;0;0m▀[38;2;248;248;248;48;2;0;0;0m▀[38;2;0;0;0;48;2;0;0;0m▀[38;2;240;224;80;48;2;240;224;80m▀[38;2;240;224;80;48;2;240;224;80m▀[38;2;240;224;80;48;2;240;224;80m▀[38;2;240;224;80;48;2;240;224;80m▀[38;2;240;224;80;48;2;240;224;80m▀[38;2;240;224;80;48;2;240;224;80m▀[38;2;240;224;80;48;2;240;224;80m▀[38;2;240;224;80;48;2;240;224;80m▀[38;2;240;224;80;48;2;0;0;0m▀[38;2;0;0;0;48;2;248;248;248m▀[38;2;0;0;0;48;2;248;248;248m▀[38;2;0;0;0;48;2;0;0;0m▀[38;2;240;224;80;48;2;0;0;0m▀[38;2;240;224;80;48;2;240;224;80m▀[38;2;240;184;32;48;2;240;184;32m▀[38;2;240;184;32;48;2;240;184;32m▀[38;2;240;184;32;48;2;240;184;32m▀[38;2;240;184;32;48;2;240;184;32m▀[38;2;216;144;0;48;2;240;224;80m▀[38;2;216;144;0;48;2;240;224;80m▀[38;2;216;144;0;48;2;240;224;80m▀[38;2;240;224;80;48;2;16;16;16m▀[38;2;240;224;80;48;2;16;16;16m▀[38;2;240;224;80;48;2;16;16;16m▀[38;2;240;224;80;48;2;16;16;16m▀[38;2;16;16;16;48;2;0;0;0m▀[38;2;16;16;16;48;2;0;0;0m▀[38;2;0;0;0m▀[38;2;0;0;0m▀[0m [0m [0m [0m [0m [0m [0m [0m [0m
[0m [38;2;0;0;0m▀[38;2;0;0;0m▀[38;2;0;0;0;48;2;0;0;0m▀[38;2;16;16;16;48;2;16;16;16m▀[38;2;16;16;16;48;2;16;16;16m▀[38;2;240;224;80;48;2;240;224;80m▀[38;2;240;224;80;48;2;240;224;80m▀[38;2;240;224;80;48;2;240;224;80m▀[38;2;240;224;80;48;2;240;224;80m▀[38;2;240;224;80;48;2;240;224;80m▀[38;2;240;224;80;48;2;240;224;80m▀[38;2;216;184;56;48;2;216;184;56m▀[38;2;0;0;0;48;2;0;0;0m▀[38;2;0;0;0;48;2;0;0;0m▀[38;2;0;0;0;48;2;0;0;0m▀[38;2;240;224;80;48;2;240;224;80m▀[38;2;240;224;80;48;2;240;224;80m▀[38;2;240;224;80;48;2;240;224;80m▀[38;2;240;224;80;48;2;240;224;80m▀[38;2;240;224;80;48;2;240;224;80m▀[38;2;240;224;80;48;2;240;224;80m▀[38;2;240;224;80;48;2;240;224;80m▀[38;2;240;224;80;48;2;240;224;80m▀[38;2;240;224;80;48;2;240;224;80m▀[38;2;0;0;0;48;2;0;0;0m▀[38;2;0;0;0;48;2;0;0;0m▀[38;2;0;0;0;48;2;0;0;0m▀[38;2;80;80;88;48;2;80;80;88m▀[38;2;0;0;0;48;2;0;0;0m▀[38;2;240;224;80;48;2;240;224;80m▀[38;2;240;184;32;48;2;240;184;32m▀[38;2;240;184;32;48;2;240;184;32m▀[38;2;240;184;32;48;2;240;184;32m▀[38;2;240;184;32;48;2;240;184;32m▀[38;2;16;16;16;48;2;16;16;16m▀[38;2;16;16;16;48;2;16;16;16m▀[38;2;16;16;16;48;2;16;16;16m▀[38;2;0;0;0;48;2;0;0;0m▀[38;2;0;0;0m▀[38;2;0;0;0m▀[38;2;0;0;0m▀[0m [0m [0m [0m [0m [0m [0m [0m [0m [0m [0m [0m [0m
[0m [0m [0m [0m [38;2;0;0;0m▀[38;2;0;0;0m▀[38;2;16;16;16;48;2;0;0;0m▀[38;2;16;16;16;48;2;0;0;0m▀[38;2;224;88;64;48;2;16;16;16m▀[38;2;224;88;64;48;2;16;16;16m▀[38;2;224;88;64;48;2;224;88;64m▀[38;2;240;224;80;48;2;224;88;64m▀[38;2;240;224;80;48;2;240;224;80m▀[38;2;240;224;80;48;2;240;224;80m▀[38;2;240;224;80;48;2;240;224;80m▀[38;2;240;224;80;48;2;240;224;80m▀[38;2;240;224;80;48;2;240;224;80m▀[38;2;240;224;80;48;2;240;224;80m▀[38;2;240;224;80;48;2;240;224;80m▀[38;2;152;80;0;48;2;240;224;80m▀[38;2;216;144;0;48;2;240;224;80m▀[38;2;216;144;0;48;2;240;224;80m▀[38;2;240;224;80;48;2;240;224;80m▀[38;2;240;224;80;48;2;240;224;80m▀[38;2;240;224;80;48;2;240;224;80m▀[38;2;240;224;80;48;2;240;224;80m▀[38;2;0;0;0;48;2;240;224;80m▀[38;2;0;0;0;48;2;240;224;80m▀[38;2;0;0;0;48;2;240;224;80m▀[38;2;248;224;128;48;2;240;224;80m▀[38;2;240;184;32;48;2;240;184;32m▀[38;2;240;184;32;48;2;240;184;32m▀[38;2;240;184;32;48;2;240;184;32m▀[38;2;240;184;32;48;2;240;184;32m▀[38;2;240;184;32;48;2;240;184;32m▀[38;2;240;184;32;48;2;216;144;0m▀[38;2;16;16;16;48;2;216;144;0m▀[38;2;0;0;0;48;2;216;144;0m▀[38;2;0;0;0m▄[38;2;0;0;0m▄[38;2;0;0;0m▄[38;2;0;0;0m▄[38;2;0;0;0m▄[0m [0m [0m [0m [0m [0m [0m [0m [0m [0m [0m [0m
[0m [0m [0m [0m [0m [0m [0m [0m [38;2;0;0;0m▀[38;2;0;0;0m▀[38;2;16;16;16;48;2;0;0;0m▀[38;2;192;32;24;48;2;16;16;16m▀[38;2;240;184;32;48;2;240;184;32m▀[38;2;240;184;32;48;2;240;184;32m▀[38;2;240;184;32;48;2;240;184;32m▀[38;2;240;184;32;48;2;240;184;32m▀[38;2;96;48;8;48;2;240;184;32m▀[38;2;96;48;8;48;2;248;248;248m▀[38;2;96;48;8;48;2;96;48;8m▀[38;2;96;48;8;48;2;192;32;24m▀[38;2;96;48;8;48;2;224;88;64m▀[38;2;96;48;8;48;2;224;88;64m▀[38;2;152;80;0;48;2;96;48;8m▀[38;2;152;80;0;48;2;248;248;248m▀[38;2;152;80;0;48;2;152;80;0m▀[38;2;96;48;8;48;2;240;184;32m▀[38;2;240;224;80;48;2;240;184;32m▀[38;2;240;224;80;48;2;240;184;32m▀[38;2;240;224;80;48;2;240;184;32m▀[38;2;240;184;32;48;2;240;184;32m▀[38;2;240;184;32;48;2;192;32;24m▀[38;2;192;32;24;48;2;192;32;24m▀[38;2;192;32;24;48;2;192;32;24m▀[38;2;192;32;24;48;2;192;32;24m▀[38;2;240;224;80;48;2;16;16;16m▀[38;2;240;224;80;48;2;16;16;16m▀[38;2;240;224;80;48;2;16;16;16m▀[38;2;240;224;80;48;2;16;16;16m▀[38;2;216;144;0;48;2;240;224;80m▀[38;2;216;144;0;48;2;240;224;80m▀[38;2;216;144;0;48;2;240;224;80m▀[38;2;216;144;0;48;2;240;224;80m▀[38;2;216;144;0;48;2;240;224;80m▀[38;2;0;0;0;48;2;16;16;16m▀[38;2;0;0;0m▄[0m [0m [0m [0m [0m [0m [0m [0m [0m [0m
[0m [0m [0m [0m [0m [0m [0m [0m [0m [0m [0m [38;2;0;0;0;48;2;0;0;0m▀[38;2;16;16;16;48;2;16;16;16m▀[38;2;240;184;32;48;2;240;184;32m▀[38;2;240;184;32;48;2;240;184;32m▀[38;2;240;184;32;48;2;240;184;32m▀[38;2;240;184;32;48;2;240;184;32m▀[38;2;240;184;32;48;2;240;184;32m▀[38;2;152;80;0;48;2;152;80;0m▀[38;2;224;88;64;48;2;224;88;64m▀[38;2;224;88;64;48;2;224;88;64m▀[38;2;224;88;64;48;2;224;88;64m▀[38;2;224;88;64;48;2;224;88;64m▀[38;2;152;80;0;48;2;152;80;0m▀[38;2;240;184;32;48;2;240;184;32m▀[38;2;240;184;32;48;2;240;184;32m▀[38;2;240;184;32;48;2;240;184;32m▀[38;2;240;184;32;48;2;240;184;32m▀[38;2;240;184;32;48;2;240;184;32m▀[38;2;16;16;16;48;2;16;16;16m▀[38;2;216;144;0;48;2;216;144;0m▀[38;2;216;144;0;48;2;216;144;0m▀[38;2;216;144;0;48;2;216;144;0m▀[38;2;216;144;0;48;2;216;144;0m▀[38;2;0;0;0;48;2;0;0;0m▀[38;2;0;0;0;48;2;0;0;0m▀[38;2;0;0;0m▀[38;2;0;0;0;48;2;0;0;0m▀[38;2;16;16;16;48;2;16;16;16m▀[38;2;16;16;16;48;2;16;16;16m▀[38;2;16;16;16;48;2;16;16;16m▀[38;2;16;16;16;48;2;16;16;16m▀[38;2;16;16;16;48;2;16;16;16m▀[38;2;0;0;0;48;2;0;0;0m▀[0m [0m [0m [0m [0m [0m [0m [0m [0m [0m [0m
[0m [0m [0m [0m [0m [0m [0m [0m [0m [0m [0m [0m [38;2;0;0;0m▀[38;2;16;16;16;48;2;0;0;0m▀[38;2;16;16;16;48;2;0;0;0m▀[38;2;16;16;16;48;2;0;0;0m▀[38;2;240;184;32;48;2;16;16;16m▀[38;2;240;184;32;48;2;16;16;16m▀[38;2;240;184;32;48;2;152;104;0m▀[38;2;152;80;0;48;2;240;184;32m▀[38;2;152;80;0;48;2;240;184;32m▀[38;2;152;80;0;48;2;240;184;32m▀[38;2;152;80;0;48;2;240;184;32m▀[38;2;240;184;32;48;2;240;184;32m▀[38;2;240;184;32;48;2;240;184;32m▀[38;2;240;184;32;48;2;152;104;0m▀[38;2;240;184;32;48;2;16;16;16m▀[38;2;240;184;32;48;2;16;16;16m▀[38;2;16;16;16;48;2;240;224;80m▀[38;2;240;224;80;48;2;240;224;80m▀[38;2;240;224;80;48;2;216;144;0m▀[38;2;240;224;80;48;2;240;224;80m▀[38;2;240;184;32;48;2;240;224;80m▀[38;2;240;184;32;48;2;240;224;80m▀[38;2;216;144;0;48;2;240;224;80m▀[38;2;216;144;0;48;2;240;224;80m▀[38;2;0;0;0;48;2;216;144;0m▀[38;2;0;0;0m▄[38;2;0;0;0m▀[38;2;0;0;0m▀[38;2;0;0;0m▀[38;2;0;0;0m▀[38;2;0;0;0m▀[0m [0m [0m [38;2;0;0;0m▄[38;2;0;0;0m▄[38;2;0;0;0m▄[0m [0m [0m [0m [0m [0m
[0m [0m [0m [0m [0m [38;2;0;0;0m▄[38;2;0;0;0m▄[38;2;0;0;0m▄[38;2;0;0;0m▄[38;2;0;0;0m▄[38;2;0;0;0m▄[38;2;0;0;0m▄[38;2;0;0;0m▄[38;2;0;0;0;48;2;16;16;16m▀[38;2;0;0;0;48;2;16;16;16m▀[38;2;0;0;0;48;2;16;16;16m▀[38;2;216;144;0;48;2;240;184;32m▀[38;2;240;184;32;48;2;216;144;0m▀[38;2;240;184;32;48;2;240;184;32m▀[38;2;152;104;0;48;2;240;184;32m▀[38;2;152;104;0;48;2;240;184;32m▀[38;2;152;104;0;48;2;240;184;32m▀[38;2;152;104;0;48;2;240;184;32m▀[38;2;152;104;0;48;2;240;184;32m▀[38;2;152;104;0;48;2;240;184;32m▀[38;2;240;184;32;48;2;240;184;32m▀[38;2;16;16;16;48;2;240;184;32m▀[38;2;16;16;16;48;2;240;184;32m▀[38;2;240;184;32;48;2;16;16;16m▀[38;2;216;144;0;48;2;16;16;16m▀[38;2;240;224;80;48;2;240;184;32m▀[38;2;240;224;80;48;2;240;184;32m▀[38;2;216;144;0;48;2;216;144;0m▀[38;2;216;144;0;48;2;216;144;0m▀[38;2;240;224;80;48;2;240;184;32m▀[38;2;240;224;80;48;2;240;184;32m▀[38;2;16;16;16;48;2;16;16;16m▀[38;2;0;0;0;48;2;0;0;0m▀[0m [0m [0m [0m [0m [38;2;0;0;0m▄[38;2;0;0;0;48;2;16;16;16m▀[38;2;0;0;0;48;2;16;16;16m▀[38;2;96;48;8;48;2;152;80;0m▀[38;2;96;48;8;48;2;152;80;0m▀[38;2;96;48;8;48;2;152;80;0m▀[38;2;0;0;0;48;2;16;16;16m▀[38;2;0;0;0;48;2;16;16;16m▀[38;2;0;0;0;48;2;16;16;16m▀[38;2;0;0;0m▄[0m [0m
[0m [0m [38;2;0;0;0m▄[38;2;0;0;0m▄[38;2;0;0;0;48;2;0;0;0m▀[38;2;216;144;0;48;2;216;144;0m▀[38;2;216;144;0;48;2;216;144;0m▀[38;2;216;144;0;48;2;216;144;0m▀[38;2;16;16;16;48;2;16;16;16m▀[38;2;16;16;16;48;2;16;16;16m▀[38;2;16;16;16;48;2;16;16;16m▀[38;2;16;16;16;48;2;16;16;16m▀[38;2;216;144;0;48;2;216;144;0m▀[38;2;240;184;32;48;2;240;184;32m▀[38;2;240;184;32;48;2;240;184;32m▀[38;2;240;184;32;48;2;240;184;32m▀[38;2;240;184;32;48;2;240;184;32m▀[38;2;16;16;16;48;2;16;16;16m▀[38;2;240;184;32;48;2;240;184;32m▀[38;2;240;184;32;48;2;240;184;32m▀[38;2;240;184;32;48;2;240;184;32m▀[38;2;240;184;32;48;2;240;184;32m▀[38;2;240;184;32;48;2;240;184;32m▀[38;2;240;184;32;48;2;240;184;32m▀[38;2;240;184;32;48;2;240;184;32m▀[38;2;240;184;32;48;2;240;184;32m▀[38;2;240;184;32;48;2;240;184;32m▀[38;2;240;184;32;48;2;240;184;32m▀[38;2;240;184;32;48;2;240;184;32m▀[38;2;240;184;32;48;2;240;184;32m▀[38;2;16;16;16;48;2;16;16;16m▀[38;2;16;16;16;48;2;16;16;16m▀[38;2;16;16;16;48;2;16;16;16m▀[38;2;16;16;16;48;2;16;16;16m▀[38;2;16;16;16;48;2;16;16;16m▀[38;2;16;16;16;48;2;16;16;16m▀[38;2;0;0;0;48;2;0;0;0m▀[0m [0m [0m [0m [0m [0m [38;2;0;0;0;48;2;0;0;0m▀[38;2;96;48;8;48;2;96;48;8m▀[38;2;96;48;8;48;2;96;48;8m▀[38;2;192;120;8;48;2;192;120;8m▀[38;2;152;80;0;48;2;152;80;0m▀[38;2;152;80;0;48;2;152;80;0m▀[38;2;152;80;0;48;2;152;80;0m▀[38;2;152;80;0;48;2;152;80;0m▀[38;2;152;80;0;48;2;152;80;0m▀[38;2;16;16;16;48;2;16;16;16m▀[38;2;0;0;0;48;2;0;0;0m▀[0m
[38;2;0;0;0m▄[38;2;0;0;0;48;2;216;144;0m▀[38;2;216;144;0;48;2;240;224;80m▀[38;2;216;144;0;48;2;240;224;80m▀[38;2;216;144;0;48;2;240;224;80m▀[38;2;240;224;80;48;2;240;224;80m▀[38;2;240;224;80;48;2;240;224;80m▀[38;2;240;224;80;48;2;240;224;80m▀[38;2;240;184;32;48;2;240;184;32m▀[38;2;240;184;32;48;2;240;184;32m▀[38;2;216;144;0;48;2;216;144;0m▀[38;2;240;184;32;48;2;240;184;32m▀[38;2;240;184;32;48;2;16;16;16m▀[38;2;240;184;32;48;2;16;16;16m▀[38;2;16;16;16;48;2;0;0;0m▀[38;2;16;16;16;48;2;0;0;0m▀[38;2;16;16;16;48;2;216;144;0m▀[38;2;216;144;0;48;2;240;224;80m▀[38;2;240;224;80;48;2;240;224;80m▀[38;2;240;224;80;48;2;240;224;80m▀[38;2;240;224;80;48;2;240;224;80m▀[38;2;240;224;80;48;2;240;224;80m▀[38;2;240;224;80;48;2;240;224;80m▀[38;2;240;184;32;48;2;240;224;80m▀[38;2;240;184;32;48;2;240;224;80m▀[38;2;240;184;32;48;2;240;184;32m▀[38;2;240;184;32;48;2;240;184;32m▀[38;2;240;184;32;48;2;240;184;32m▀[38;2;240;184;32;48;2;240;184;32m▀[38;2;216;144;0;48;2;216;144;0m▀[38;2;216;144;0;48;2;0;0;0m▀[38;2;240;184;32;48;2;16;16;16m▀[38;2;240;184;32;48;2;240;184;32m▀[38;2;240;184;32;48;2;240;184;32m▀[38;2;240;184;32;48;2;240;184;32m▀[38;2;216;144;0;48;2;16;16;16m▀[38;2;0;0;0;48;2;0;0;0m▀[0m [0m [0m [0m [38;2;0;0;0m▄[38;2;0;0;0;48;2;16;16;16m▀[38;2;16;16;16;48;2;96;48;8m▀[38;2;192;120;8;48;2;192;120;8m▀[38;2;192;120;8;48;2;192;120;8m▀[38;2;192;120;8;48;2;192;120;8m▀[38;2;96;48;8;48;2;96;48;8m▀[38;2;152;80;0;48;2;152;80;0m▀[38;2;152;80;0;48;2;152;80;0m▀[38;2;152;80;0;48;2;152;80;0m▀[38;2;152;80;0;48;2;152;80;0m▀[38;2;152;80;0;48;2;152;80;0m▀[38;2;16;16;16;48;2;16;16;16m▀[0m
[38;2;216;144;0;48;2;216;144;0m▀[38;2;240;224;80;48;2;240;224;80m▀[38;2;240;224;80;48;2;216;144;0m▀[38;2;240;224;80;48;2;216;144;0m▀[38;2;240;224;80;48;2;240;224;80m▀[38;2;216;144;0;48;2;16;16;16m▀[38;2;240;224;80;48;2;240;224;80m▀[38;2;240;224;80;48;2;240;184;32m▀[38;2;216;144;0;48;2;16;16;16m▀[38;2;216;144;0;48;2;16;16;16m▀[38;2;16;16;16;48;2;0;0;0m▀[38;2;16;16;16;48;2;0;0;0m▀[38;2;0;0;0m▀[38;2;0;0;0m▀[0m [38;2;0;0;0;48;2;0;0;0m▀[38;2;216;144;0;48;2;216;144;0m▀[38;2;240;224;80;48;2;240;224;80m▀[38;2;240;224;80;48;2;240;224;80m▀[38;2;240;224;80;48;2;240;224;80m▀[38;2;240;224;80;48;2;240;224;80m▀[38;2;240;224;80;48;2;240;224;80m▀[38;2;240;224;80;48;2;240;224;80m▀[38;2;240;224;80;48;2;240;224;80m▀[38;2;240;224;80;48;2;240;224;80m▀[38;2;240;224;80;48;2;240;224;80m▀[38;2;240;184;32;48;2;240;184;32m▀[38;2;240;184;32;48;2;240;184;32m▀[38;2;240;184;32;48;2;240;184;32m▀[38;2;16;16;16;48;2;16;16;16m▀[38;2;0;0;0;48;2;0;0;0m▀[38;2;0;0;0m▀[38;2;16;16;16;48;2;0;0;0m▀[38;2;16;16;16;48;2;0;0;0m▀[38;2;16;16;16;48;2;0;0;0m▀[38;2;0;0;0m▀[0m [0m [0m [0m [38;2;0;0;0m▄[38;2;0;0;0;48;2;16;16;16m▀[38;2;96;48;8;48;2;240;224;80m▀[38;2;152;80;0;48;2;152;80;0m▀[38;2;96;48;8;48;2;152;80;0m▀[38;2;96;48;8;48;2;152;80;0m▀[38;2;96;48;8;48;2;152;80;0m▀[38;2;152;80;0;48;2;152;80;0m▀[38;2;152;80;0;48;2;152;80;0m▀[38;2;152;80;0;48;2;152;80;0m▀[38;2;152;80;0;48;2;16;16;16m▀[38;2;152;80;0;48;2;16;16;16m▀[38;2;16;16;16;48;2;0;0;0m▀[38;2;0;0;0m▀[0m
[38;2;16;16;16;48;2;16;16;16m▀[38;2;240;184;32;48;2;240;184;32m▀[38;2;16;16;16;48;2;16;16;16m▀[38;2;16;16;16;48;2;16;16;16m▀[38;2;240;184;32;48;2;240;184;32m▀[38;2;240;184;32;48;2;240;184;32m▀[38;2;16;16;16;48;2;16;16;16m▀[38;2;16;16;16;48;2;16;16;16m▀[38;2;0;0;0;48;2;0;0;0m▀[38;2;0;0;0m▀[0m [0m [0m [0m [0m [38;2;0;0;0;48;2;0;0;0m▀[38;2;16;16;16;48;2;16;16;16m▀[38;2;240;184;32;48;2;240;184;32m▀[38;2;240;224;80;48;2;240;224;80m▀[38;2;240;224;80;48;2;240;224;80m▀[38;2;240;224;80;48;2;240;224;80m▀[38;2;240;224;80;48;2;240;224;80m▀[38;2;240;224;80;48;2;240;224;80m▀[38;2;240;224;80;48;2;240;224;80m▀[38;2;240;224;80;48;2;240;224;80m▀[38;2;240;224;80;48;2;240;224;80m▀[38;2;240;184;32;48;2;240;184;32m▀[38;2;240;184;32;48;2;240;184;32m▀[38;2;240;184;32;48;2;240;184;32m▀[38;2;16;16;16;48;2;16;16;16m▀[38;2;0;0;0;48;2;0;0;0m▀[0m [0m [0m [0m [0m [0m [0m [0m [38;2;0;0;0;48;2;0;0;0m▀[38;2;16;16;16;48;2;16;16;16m▀[38;2;240;224;80;48;2;240;224;80m▀[38;2;240;224;80;48;2;240;224;80m▀[38;2;240;224;80;48;2;240;224;80m▀[38;2;152;80;0;48;2;152;80;0m▀[38;2;152;80;0;48;2;152;80;0m▀[38;2;152;80;0;48;2;152;80;0m▀[38;2;152;80;0;48;2;152;80;0m▀[38;2;152;80;0;48;2;152;80;0m▀[38;2;96;48;8;48;2;96;48;8m▀[38;2;0;0;0;48;2;0;0;0m▀[38;2;0;0;0m▀[0m [0m [0m
[38;2;0;0;0m▀[38;2;16;16;16;48;2;0;0;0m▀[38;2;240;184;32;48;2;16;16;16m▀[38;2;240;184;32;48;2;16;16;16m▀[38;2;16;16;16;48;2;16;16;16m▀[38;2;16;16;16;48;2;0;0;0m▀[38;2;0;0;0m▀[38;2;0;0;0m▀[0m [0m [0m [0m [0m [0m [0m [0m [38;2;0;0;0;48;2;0;0;0m▀[38;2;16;16;16;48;2;16;16;16m▀[38;2;240;184;32;48;2;240;184;32m▀[38;2;240;224;80;48;2;216;144;0m▀[38;2;240;224;80;48;2;240;184;32m▀[38;2;240;224;80;48;2;240;184;32m▀[38;2;240;224;80;48;2;240;184;32m▀[38;2;240;224;80;48;2;240;184;32m▀[38;2;240;224;80;48;2;240;184;32m▀[38;2;240;184;32;48;2;240;184;32m▀[38;2;240;184;32;48;2;16;16;16m▀[38;2;240;184;32;48;2;16;16;16m▀[38;2;16;16;16;48;2;16;16;16m▀[38;2;216;144;0;48;2;240;184;32m▀[38;2;216;144;0;48;2;240;184;32m▀[38;2;0;0;0;48;2;16;16;16m▀[38;2;0;0;0;48;2;16;16;16m▀[38;2;0;0;0;48;2;16;16;16m▀[38;2;0;0;0m▄[38;2;0;0;0m▄[38;2;0;0;0m▄[38;2;0;0;0m▄[38;2;0;0;0;48;2;16;16;16m▀[38;2;0;0;0;48;2;16;16;16m▀[38;2;16;16;16;48;2;240;224;80m▀[38;2;240;224;80;48;2;240;224;80m▀[38;2;240;224;80;48;2;240;224;80m▀[38;2;240;224;80;48;2;240;224;80m▀[38;2;240;224;80;48;2;240;224;80m▀[38;2;240;224;80;48;2;240;224;80m▀[38;2;240;224;80;48;2;240;224;80m▀[38;2;152;80;0;48;2;240;224;80m▀[38;2;152;80;0;48;2;16;16;16m▀[38;2;16;16;16;48;2;0;0;0m▀[38;2;0;0;0m▀[0m [0m [0m [0m
[0m [0m [38;2;0;0;0m▀[38;2;0;0;0m▀[38;2;0;0;0m▀[0m [0m [0m [0m [0m [38;2;0;0;0m▄[38;2;0;0;0m▄[38;2;0;0;0m▄[38;2;0;0;0m▄[38;2;0;0;0m▄[38;2;0;0;0m▄[38;2;0;0;0;48;2;216;144;0m▀[38;2;216;144;0;48;2;240;224;80m▀[38;2;240;184;32;48;2;240;224;80m▀[38;2;240;184;32;48;2;216;144;0m▀[38;2;16;16;16;48;2;0;0;0m▀[38;2;16;16;16;48;2;0;0;0m▀[38;2;16;16;16;48;2;0;0;0m▀[38;2;16;16;16;48;2;0;0;0m▀[38;2;16;16;16;48;2;16;16;16m▀[38;2;240;184;32;48;2;216;144;0m▀[38;2;216;144;0;48;2;240;184;32m▀[38;2;216;144;0;48;2;240;184;32m▀[38;2;16;16;16;48;2;240;184;32m▀[38;2;216;144;0;48;2;16;16;16m▀[38;2;240;184;32;48;2;16;16;16m▀[38;2;240;184;32;48;2;16;16;16m▀[38;2;240;184;32;48;2;240;184;32m▀[38;2;240;184;32;48;2;240;184;32m▀[38;2;16;16;16;48;2;240;184;32m▀[38;2;16;16;16;48;2;240;224;80m▀[38;2;16;16;16;48;2;240;224;80m▀[38;2;16;16;16;48;2;240;224;80m▀[38;2;240;224;80;48;2;240;224;80m▀[38;2;240;224;80;48;2;240;224;80m▀[38;2;240;224;80;48;2;240;224;80m▀[38;2;240;224;80;48;2;240;224;80m▀[38;2;240;224;80;48;2;240;224;80m▀[38;2;240;224;80;48;2;240;224;80m▀[38;2;240;224;80;48;2;240;224;80m▀[38;2;240;224;80;48;2;240;224;80m▀[38;2;240;224;80;48;2;16;16;16m▀[38;2;16;16;16;48;2;0;0;0m▀[38;2;0;0;0m▀[0m [0m [0m [0m [0m [0m
[0m [0m [0m [0m [0m [0m [0m [38;2;0;0;0m▄[38;2;0;0;0m▄[38;2;0;0;0;48;2;0;0;0m▀[38;2;96;48;8;48;2;96;48;8m▀[38;2;96;48;8;48;2;96;48;8m▀[38;2;96;48;8;48;2;96;48;8m▀[38;2;16;16;16;48;2;16;16;16m▀[38;2;16;16;16;48;2;16;16;16m▀[38;2;16;16;16;48;2;16;16;16m▀[38;2;240;224;80;48;2;240;224;80m▀[38;2;240;224;80;48;2;240;224;80m▀[38;2;240;224;80;48;2;240;224;80m▀[38;2;16;16;16;48;2;16;16;16m▀[38;2;0;0;0;48;2;0;0;0m▀[38;2;0;0;0m▄[0m [0m [38;2;0;0;0;48;2;0;0;0m▀[38;2;16;16;16;48;2;16;16;16m▀[38;2;240;224;80;48;2;240;224;80m▀[38;2;240;224;80;48;2;240;224;80m▀[38;2;240;224;80;48;2;240;224;80m▀[38;2;16;16;16;48;2;16;16;16m▀[38;2;0;0;0;48;2;0;0;0m▀[38;2;0;0;0;48;2;0;0;0m▀[38;2;16;16;16;48;2;16;16;16m▀[38;2;16;16;16;48;2;16;16;16m▀[38;2;16;16;16;48;2;16;16;16m▀[38;2;240;184;32;48;2;240;184;32m▀[38;2;240;224;80;48;2;240;224;80m▀[38;2;240;224;80;48;2;240;224;80m▀[38;2;240;224;80;48;2;240;224;80m▀[38;2;240;224;80;48;2;240;224;80m▀[38;2;240;224;80;48;2;240;224;80m▀[38;2;240;224;80;48;2;240;224;80m▀[38;2;240;224;80;48;2;240;224;80m▀[38;2;240;224;80;48;2;240;224;80m▀[38;2;16;16;16;48;2;16;16;16m▀[38;2;16;16;16;48;2;16;16;16m▀[38;2;0;0;0;48;2;0;0;0m▀[0m [0m [0m [0m [0m [0m [0m [0m
[0m [0m [0m [0m [0m [38;2;0;0;0m▄[38;2;0;0;0;48;2;16;16;16m▀[38;2;96;48;8;48;2;152;80;0m▀[38;2;96;48;8;48;2;152;80;0m▀[38;2;96;48;8;48;2;152;80;0m▀[38;2;152;80;0;48;2;96;48;8m▀[38;2;152;80;0;48;2;152;80;0m▀[38;2;152;80;0;48;2;152;80;0m▀[38;2;152;80;0;48;2;152;80;0m▀[38;2;240;224;80;48;2;152;80;0m▀[38;2;240;224;80;48;2;152;80;0m▀[38;2;240;224;80;48;2;240;224;80m▀[38;2;240;224;80;48;2;240;224;80m▀[38;2;240;224;80;48;2;240;224;80m▀[38;2;240;224;80;48;2;240;224;80m▀[38;2;16;16;16;48;2;16;16;16m▀[38;2;16;16;16;48;2;16;16;16m▀[38;2;0;0;0;48;2;0;0;0m▀[38;2;0;0;0m▄[38;2;0;0;0;48;2;16;16;16m▀[38;2;16;16;16;48;2;240;224;80m▀[38;2;240;224;80;48;2;240;224;80m▀[38;2;240;224;80;48;2;240;224;80m▀[38;2;240;224;80;48;2;240;224;80m▀[38;2;240;224;80;48;2;240;224;80m▀[38;2;16;16;16;48;2;240;224;80m▀[38;2;16;16;16;48;2;240;224;80m▀[38;2;0;0;0;48;2;16;16;16m▀[38;2;0;0;0;48;2;16;16;16m▀[38;2;0;0;0;48;2;16;16;16m▀[38;2;16;16;16;48;2;16;16;16m▀[38;2;16;16;16;48;2;0;0;0m▀[38;2;16;16;16;48;2;0;0;0m▀[38;2;240;224;80;48;2;16;16;16m▀[38;2;240;224;80;48;2;16;16;16m▀[38;2;240;224;80;48;2;16;16;16m▀[38;2;240;224;80;48;2;16;16;16m▀[38;2;16;16;16;48;2;0;0;0m▀[38;2;16;16;16;48;2;0;0;0m▀[38;2;0;0;0m▀[38;2;0;0;0m▀[0m [0m [0m [0m [0m [0m [0m [0m [0m
[0m [0m [0m [0m [0m [38;2;0;0;0m▀[38;2;16;16;16;48;2;0;0;0m▀[38;2;152;80;0;48;2;16;16;16m▀[38;2;16;16;16;48;2;16;16;16m▀[38;2;16;16;16;48;2;16;16;16m▀[38;2;152;80;0;48;2;152;80;0m▀[38;2;152;80;0;48;2;16;16;16m▀[38;2;96;48;8;48;2;152;80;0m▀[38;2;152;80;0;48;2;152;80;0m▀[38;2;152;80;0;48;2;96;48;8m▀[38;2;152;80;0;48;2;96;48;8m▀[38;2;240;224;80;48;2;16;16;16m▀[38;2;240;224;80;48;2;16;16;16m▀[38;2;16;16;16;48;2;0;0;0m▀[38;2;16;16;16;48;2;0;0;0m▀[38;2;0;0;0m▀[38;2;0;0;0m▀[0m [38;2;0;0;0m▀[38;2;16;16;16;48;2;0;0;0m▀[38;2;240;224;80;48;2;16;16;16m▀[38;2;240;224;80;48;2;240;184;32m▀[38;2;240;224;80;48;2;240;184;32m▀[38;2;240;224;80;48;2;240;224;80m▀[38;2;240;224;80;48;2;240;224;80m▀[38;2;240;224;80;48;2;152;80;0m▀[38;2;152;80;0;48;2;152;80;0m▀[38;2;152;80;0;48;2;152;80;0m▀[38;2;152;80;0;48;2;152;80;0m▀[38;2;152;80;0;48;2;152;80;0m▀[38;2;152;80;0;48;2;96;48;8m▀[38;2;16;16;16;48;2;152;80;0m▀[38;2;16;16;16;48;2;96;48;8m▀[38;2;0;0;0;48;2;16;16;16m▀[38;2;0;0;0;48;2;16;16;16m▀[38;2;0;0;0;48;2;0;0;0m▀[38;2;0;0;0m▀[0m [0m [0m [0m [0m [0m [0m [0m [0m [0m [0m [0m [0m
[0m [0m [0m [0m [0m [0m [0m [38;2;0;0;0m▀[38;2;0;0;0m▀[38;2;0;0;0;48;2;0;0;0m▀[38;2;16;16;16;48;2;16;16;16m▀[38;2;16;16;16;48;2;16;16;16m▀[38;2;16;16;16;48;2;16;16;16m▀[38;2;16;16;16;48;2;16;16;16m▀[38;2;16;16;16;48;2;16;16;16m▀[38;2;16;16;16;48;2;16;16;16m▀[38;2;0;0;0;48;2;0;0;0m▀[38;2;0;0;0m▀[0m [0m [0m [0m [0m [0m [0m [38;2;0;0;0;48;2;0;0;0m▀[38;2;16;16;16;48;2;16;16;16m▀[38;2;16;16;16;48;2;16;16;16m▀[38;2;16;16;16;48;2;16;16;16m▀[38;2;240;224;80;48;2;240;224;80m▀[38;2;152;80;0;48;2;152;80;0m▀[38;2;152;80;0;48;2;152;80;0m▀[38;2;96;48;8;48;2;96;48;8m▀[38;2;96;48;8;48;2;96;48;8m▀[38;2;152;80;0;48;2;152;80;0m▀[38;2;152;80;0;48;2;152;80;0m▀[38;2;16;16;16;48;2;16;16;16m▀[38;2;152;80;0;48;2;152;80;0m▀[38;2;16;16;16;48;2;16;16;16m▀[38;2;16;16;16;48;2;16;16;16m▀[38;2;0;0;0;48;2;0;0;0m▀[0m [0m [0m [0m [0m [0m [0m [0m [0m [0m [0m [0m [0m [0m
[0m [0m [0m [0m [0m [0m [0m [0m [0m [0m [38;2;0;0;0m▀[38;2;0;0;0m▀[38;2;0;0;0m▀[38;2;0;0;0m▀[38;2;0;0;0m▀[38;2;0;0;0m▀[0m [0m [0m [0m [0m [0m [0m [0m [0m [0m [38;2;0;0;0m▀[38;2;0;0;0m▀[38;2;0;0;0m▀[38;2;16;16;16;48;2;0;0;0m▀[38;2;16;16;16;48;2;0;0;0m▀[38;2;152;80;0;48;2;16;16;16m▀[38;2;152;80;0;48;2;16;16;16m▀[38;2;152;80;0;48;2;16;16;16m▀[38;2;16;16;16;48;2;16;16;16m▀[38;2;152;80;0;48;2;16;16;16m▀[38;2;16;16;16;48;2;0;0;0m▀[38;2;16;16;16;48;2;0;0;0m▀[38;2;0;0;0m▀[38;2;0;0;0m▀[0m [0m [0m [0m [0m [0m [0m [0m [0m [0m [0m [0m [0m [0m [0m
