[0m [0m [0m [0m [0m [0m [0m [38;2;0;0;0m▄[38;2;0;0;0;48;2;57;123;197m▀[38;2;0;0;0;48;2;57;123;197m▀[38;2;0;0;0;48;2;57;123;197m▀[38;2;57;123;197;48;2;115;189;255m▀[38;2;57;123;197;48;2;115;189;255m▀[38;2;16;74;131;48;2;115;189;255m▀[38;2;16;74;131;48;2;115;189;255m▀[38;2;16;74;131;48;2;115;189;255m▀[38;2;16;74;131;48;2;115;189;255m▀[38;2;0;0;0;48;2;16;74;131m▀[38;2;0;0;0;48;2;16;74;131m▀[38;2;0;0;0m▄[0m [0m [0m [0m [0m [0m [0m [0m [0m [0m [0m [0m [0m [0m [0m [0m [0m [0m [0m [0m [0m [0m [0m [0m [0m [0m [0m [0m [0m [0m [0m [0m
[0m [0m [0m [0m [0m [0m [38;2;0;0;0;48;2;0;0;0m▀[38;2;57;123;197;48;2;57;123;197m▀[38;2;115;189;255;48;2;115;189;255m▀[38;2;115;189;255;48;2;115;189;255m▀[38;2;115;189;255;48;2;115;189;255m▀[38;2;115;189;255;48;2;115;189;255m▀[38;2;115;189;255;48;2;115;189;255m▀[38;2;115;189;255;48;2;115;189;255m▀[38;2;115;189;255;48;2;115;189;255m▀[38;2;115;189;255;48;2;115;189;255m▀[38;2;115;189;255;48;2;115;189;255m▀[38;2;115;189;255;48;2;115;189;255m▀[38;2;115;189;255;48;2;115;189;255m▀[38;2;0;0;0;48;2;0;0;0m▀[38;2;0;0;0;48;2;0;0;0m▀[0m [0m [0m [0m [0m [0m [0m [0m [0m [0m [0m [0m [0m [0m [0m [0m [0m [0m [0m [0m [0m [0m [0m [0m [0m [0m [0m [0m [0m [0m [0m
[0m [0m [0m [0m [0m [38;2;0;0;0;48;2;0;0;0m▀[38;2;57;123;197;48;2;57;123;197m▀[38;2;115;189;255;48;2;115;189;255m▀[38;2;115;189;255;48;2;115;189;255m▀[38;2;115;189;255;48;2;115;189;255m▀[38;2;115;189;255;48;2;115;189;255m▀[38;2;115;189;255;48;2;115;189;255m▀[38;2;115;189;255;48;2;115;189;255m▀[38;2;115;189;255;48;2;115;189;255m▀[38;2;115;189;255;48;2;115;189;255m▀[38;2;115;189;255;48;2;115;189;255m▀[38;2;115;189;255;48;2;115;189;255m▀[38;2;115;189;255;48;2;115;189;255m▀[38;2;115;189;255;48;2;115;189;255m▀[38;2;0;0;0;48;2;115;189;255m▀[38;2;0;0;0;48;2;0;0;0m▀[38;2;0;0;0m▄[0m [0m [0m [38;2;0;0;0m▄[0m [0m [0m [0m [0m [0m [0m [0m [0m [0m [0m [0m [0m [0m [0m [0m [0m [0m [0m [0m [0m [0m [0m [0m [0m [0m
[0m [0m [0m [0m [38;2;0;0;0;48;2;0;0;0m▀[38;2;57;123;197;48;2;57;123;197m▀[38;2;115;189;255;48;2;115;189;255m▀[38;2;115;189;255;48;2;115;189;255m▀[38;2;115;189;255;48;2;115;189;255m▀[38;2;115;189;255;48;2;115;189;255m▀[38;2;115;189;255;48;2;115;189;255m▀[38;2;115;189;255;48;2;115;189;255m▀[38;2;115;189;255;48;2;115;189;255m▀[38;2;115;189;255;48;2;115;189;255m▀[38;2;115;189;255;48;2;115;189;255m▀[38;2;115;189;255;48;2;115;189;255m▀[38;2;115;189;255;48;2;115;189;255m▀[38;2;115;189;255;48;2;115;189;255m▀[38;2;115;189;255;48;2;115;189;255m▀[38;2;115;189;255;48;2;115;189;255m▀[38;2;0;0;0;48;2;57;123;197m▀[38;2;0;0;0;48;2;0;0;0m▀[38;2;0;0;0;48;2;0;0;0m▀[38;2;0;0;0m▄[38;2;0;0;0;48;2;98;57;106m▀[38;2;98;57;106;48;2;213;90;213m▀[38;2;0;0;0;48;2;98;57;106m▀[38;2;0;0;0m▄[0m [0m [0m [0m [0m [0m [0m [0m [0m [0m [0m [0m [0m [0m [0m [0m [0m [0m [0m [0m [0m [0m [0m [0m
[0m [0m [0m [0m [38;2;0;0;0;48;2;0;0;0m▀[38;2;57;123;197;48;2;57;123;197m▀[38;2;115;189;255;48;2;115;189;255m▀[38;2;115;189;255;48;2;115;189;255m▀[38;2;115;189;255;48;2;115;189;255m▀[38;2;115;189;255;48;2;115;189;255m▀[38;2;115;189;255;48;2;115;189;255m▀[38;2;115;189;255;48;2;115;189;255m▀[38;2;115;189;255;48;2;115;189;255m▀[38;2;115;189;255;48;2;115;189;255m▀[38;2;115;189;255;48;2;115;189;255m▀[38;2;115;189;255;48;2;115;189;255m▀[38;2;115;189;255;48;2;115;189;255m▀[38;2;82;156;230;48;2;82;156;230m▀[38;2;82;156;230;48;2;82;156;230m▀[38;2;57;123;197;48;2;57;123;197m▀[38;2;57;123;197;48;2;57;123;197m▀[38;2;0;0;0;48;2;0;0;0m▀[38;2;0;0;0;48;2;0;0;0m▀[38;2;0;0;0;48;2;0;0;0m▀[38;2;98;57;106;48;2;98;57;106m▀[38;2;213;90;213;48;2;213;90;213m▀[38;2;98;57;106;48;2;98;57;106m▀[38;2;0;0;0;48;2;0;0;0m▀[38;2;0;0;0m▄[38;2;0;0;0m▄[38;2;0;0;0m▄[38;2;0;0;0m▄[0m [0m [0m [0m [0m [0m [0m [0m [0m [0m [0m [0m [0m [0m [0m [0m [0m [0m [0m [0m
[0m [38;2;0;0;0m▄[38;2;0;0;0;48;2;98;57;106m▀[38;2;0;0;0;48;2;98;57;106m▀[38;2;0;0;0;48;2;98;57;106m▀[38;2;82;156;230;48;2;0;0;0m▀[38;2;82;156;230;48;2;0;0;0m▀[38;2;115;189;255;48;2;82;156;230m▀[38;2;115;189;255;48;2;115;189;255m▀[38;2;115;189;255;48;2;115;189;255m▀[38;2;115;189;255;48;2;115;189;255m▀[38;2;115;189;255;48;2;115;189;255m▀[38;2;115;189;255;48;2;115;189;255m▀[38;2;115;189;255;48;2;115;189;255m▀[38;2;115;189;255;48;2;115;189;255m▀[38;2;82;156;230;48;2;82;156;230m▀[38;2;82;156;230;48;2;82;156;230m▀[38;2;0;0;0;48;2;255;255;255m▀[38;2;0;0;0;48;2;0;0;0m▀[38;2;82;156;230;48;2;82;156;230m▀[38;2;57;123;197;48;2;57;123;197m▀[38;2;0;0;0;48;2;0;0;0m▀[38;2;0;0;0;48;2;0;0;0m▀[38;2;0;0;0;48;2;0;0;0m▀[38;2;98;57;106;48;2;98;57;106m▀[38;2;213;90;213;48;2;213;90;213m▀[38;2;98;57;106;48;2;98;57;106m▀[38;2;0;0;0;48;2;98;57;106m▀[38;2;98;57;106;48;2;238;115;230m▀[38;2;98;57;106;48;2;238;115;230m▀[38;2;98;57;106;48;2;238;115;230m▀[38;2;98;57;106;48;2;98;57;106m▀[38;2;0;0;0;48;2;0;0;0m▀[0m [0m [0m [0m [0m [0m [0m [38;2;0;0;0m▄[38;2;0;0;0m▄[38;2;0;0;0m▄[0m [0m [0m [0m [0m [0m [0m [0m [0m
[0m [38;2;0;0;0m▀[38;2;98;57;106;48;2;0;0;0m▀[38;2;98;57;106;48;2;0;0;0m▀[38;2;238;115;230;48;2;98;57;106m▀[38;2;255;255;255;48;2;82;156;230m▀[38;2;0;0;0;48;2;82;156;230m▀[38;2;82;156;230;48;2;115;189;255m▀[38;2;115;189;255;48;2;115;189;255m▀[38;2;115;189;255;48;2;115;189;255m▀[38;2;115;189;255;48;2;115;189;255m▀[38;2;115;189;255;48;2;115;189;255m▀[38;2;115;189;255;48;2;115;189;255m▀[38;2;115;189;255;48;2;82;156;230m▀[38;2;115;189;255;48;2;82;156;230m▀[38;2;115;189;255;48;2;82;156;230m▀[38;2;115;189;255;48;2;82;156;230m▀[38;2;82;156;230;48;2;82;156;230m▀[38;2;82;156;230;48;2;57;123;197m▀[38;2;57;123;197;48;2;57;123;197m▀[38;2;98;57;106;48;2;98;57;106m▀[38;2;238;115;230;48;2;238;115;230m▀[38;2;238;115;230;48;2;238;115;230m▀[38;2;98;57;106;48;2;238;115;230m▀[38;2;238;115;230;48;2;238;115;230m▀[38;2;238;115;230;48;2;238;115;230m▀[38;2;238;115;230;48;2;238;115;230m▀[38;2;238;115;230;48;2;0;0;0m▀[38;2;98;57;106;48;2;0;0;0m▀[38;2;98;57;106;48;2;0;0;0m▀[38;2;98;57;106;48;2;0;0;0m▀[38;2;0;0;0m▀[0m [0m [0m [0m [38;2;0;0;0m▄[38;2;0;0;0m▄[38;2;0;0;0m▄[38;2;0;0;0;48;2;115;189;255m▀[38;2;115;189;255;48;2;255;255;255m▀[38;2;115;189;255;48;2;255;255;255m▀[38;2;115;189;255;48;2;255;255;255m▀[38;2;0;0;0;48;2;115;189;255m▀[38;2;0;0;0m▄[38;2;0;0;0m▄[38;2;0;0;0m▄[0m [0m [0m [0m [0m
[38;2;0;0;0;48;2;98;57;106m▀[38;2;0;0;0;48;2;213;90;213m▀[38;2;98;57;106;48;2;238;115;230m▀[38;2;98;57;106;48;2;238;115;230m▀[38;2;213;90;213;48;2;238;115;230m▀[38;2;57;123;197;48;2;0;0;0m▀[38;2;115;189;255;48;2;180;65;65m▀[38;2;82;156;230;48;2;180;65;65m▀[38;2;82;156;230;48;2;180;65;65m▀[38;2;82;156;230;48;2;180;65;65m▀[38;2;82;156;230;48;2;180;65;65m▀[38;2;82;156;230;48;2;180;65;65m▀[38;2;180;65;65;48;2;255;106;115m▀[38;2;180;65;65;48;2;255;106;115m▀[38;2;180;65;65;48;2;255;106;115m▀[38;2;180;65;65;48;2;255;106;115m▀[38;2;180;65;65;48;2;255;106;115m▀[38;2;0;0;0;48;2;0;0;0m▀[38;2;82;156;230;48;2;82;156;230m▀[38;2;57;123;197;48;2;57;123;197m▀[38;2;98;57;106;48;2;57;123;197m▀[38;2;238;115;230;48;2;98;57;106m▀[38;2;238;115;230;48;2;98;57;106m▀[38;2;98;57;106;48;2;0;0;0m▀[38;2;0;0;0;48;2;0;0;0m▀[38;2;0;0;0;48;2;0;0;0m▀[38;2;213;90;213;48;2;98;57;106m▀[38;2;98;57;106;48;2;213;90;213m▀[38;2;0;0;0;48;2;98;57;106m▀[38;2;0;0;0;48;2;98;57;106m▀[38;2;0;0;0m▄[0m [0m [38;2;0;0;0m▄[38;2;0;0;0;48;2;115;189;255m▀[38;2;0;0;0;48;2;115;189;255m▀[38;2;115;189;255;48;2;255;255;255m▀[38;2;115;189;255;48;2;255;255;255m▀[38;2;0;0;0;48;2;115;189;255m▀[38;2;115;189;255;48;2;0;0;0m▀[38;2;255;255;255;48;2;115;189;255m▀[38;2;255;255;255;48;2;115;189;255m▀[38;2;196;222;252;48;2;115;189;255m▀[38;2;115;189;255;48;2;115;189;255m▀[38;2;115;189;255;48;2;255;255;255m▀[38;2;115;189;255;48;2;255;255;255m▀[38;2;115;189;255;48;2;255;255;255m▀[38;2;0;0;0;48;2;115;189;255m▀[38;2;0;0;0;48;2;115;189;255m▀[38;2;0;0;0m▄[0m [0m
[38;2;98;57;106;48;2;98;57;106m▀[38;2;213;90;213;48;2;98;57;106m▀[38;2;238;115;230;48;2;98;57;106m▀[38;2;238;115;230;48;2;98;57;106m▀[38;2;238;115;230;48;2;213;90;213m▀[38;2;0;0;0;48;2;0;0;0m▀[38;2;180;65;65;48;2;16;74;131m▀[38;2;180;65;65;48;2;180;65;65m▀[38;2;180;65;65;48;2;180;65;65m▀[38;2;180;65;65;48;2;180;65;65m▀[38;2;180;65;65;48;2;180;65;65m▀[38;2;180;65;65;48;2;255;106;115m▀[38;2;255;106;115;48;2;255;106;115m▀[38;2;255;106;115;48;2;255;106;115m▀[38;2;255;106;115;48;2;255;106;115m▀[38;2;255;106;115;48;2;0;0;0m▀[38;2;255;106;115;48;2;0;0;0m▀[38;2;0;0;0;48;2;57;123;197m▀[38;2;82;156;230;48;2;57;123;197m▀[38;2;57;123;197;48;2;57;123;197m▀[38;2;57;123;197;48;2;0;0;0m▀[38;2;98;57;106;48;2;0;0;0m▀[38;2;98;57;106;48;2;0;0;0m▀[38;2;0;0;0m▀[38;2;0;0;0m▄[38;2;0;0;0;48;2;0;0;0m▀[38;2;98;57;106;48;2;98;57;106m▀[38;2;213;90;213;48;2;213;90;213m▀[38;2;98;57;106;48;2;16;74;131m▀[38;2;98;57;106;48;2;16;74;131m▀[38;2;0;0;0;48;2;16;74;131m▀[38;2;0;0;0m▄[0m [38;2;0;0;0;48;2;0;0;0m▀[38;2;115;189;255;48;2;115;189;255m▀[38;2;115;189;255;48;2;115;189;255m▀[38;2;255;255;255;48;2;255;255;255m▀[38;2;255;255;255;48;2;196;222;252m▀[38;2;115;189;255;48;2;115;189;255m▀[38;2;0;0;0;48;2;0;0;0m▀[38;2;115;189;255;48;2;115;189;255m▀[38;2;115;189;255;48;2;115;189;255m▀[38;2;115;189;255;48;2;115;189;255m▀[38;2;115;189;255;48;2;255;255;255m▀[38;2;255;255;255;48;2;255;255;255m▀[38;2;255;255;255;48;2;255;255;255m▀[38;2;255;255;255;48;2;255;255;255m▀[38;2;115;189;255;48;2;196;222;252m▀[38;2;115;189;255;48;2;196;222;252m▀[38;2;0;0;0;48;2;115;189;255m▀[38;2;0;0;0m▄[0m
[38;2;0;0;0;48;2;0;0;0m▀[38;2;0;0;0;48;2;16;74;131m▀[38;2;0;0;0;48;2;16;74;131m▀[38;2;0;0;0;48;2;16;74;131m▀[38;2;98;57;106;48;2;0;0;0m▀[38;2;0;0;0;48;2;0;0;0m▀[38;2;0;0;0;48;2;0;0;0m▀[38;2;16;74;131;48;2;0;0;0m▀[38;2;180;65;65;48;2;16;74;131m▀[38;2;255;106;115;48;2;16;74;131m▀[38;2;255;106;115;48;2;16;74;131m▀[38;2;255;106;115;48;2;16;74;131m▀[38;2;16;74;131;48;2;57;123;197m▀[38;2;16;74;131;48;2;57;123;197m▀[38;2;16;74;131;48;2;57;123;197m▀[38;2;57;123;197;48;2;57;123;197m▀[38;2;57;123;197;48;2;57;123;197m▀[38;2;57;123;197;48;2;57;123;197m▀[38;2;57;123;197;48;2;57;123;197m▀[38;2;57;123;197;48;2;57;123;197m▀[38;2;0;0;0;48;2;16;74;131m▀[38;2;0;0;0;48;2;16;74;131m▀[38;2;0;0;0;48;2;16;74;131m▀[38;2;0;0;0;48;2;16;74;131m▀[38;2;16;74;131;48;2;115;189;255m▀[38;2;16;74;131;48;2;115;189;255m▀[38;2;16;74;131;48;2;115;189;255m▀[38;2;16;74;131;48;2;115;189;255m▀[38;2;57;123;197;48;2;57;123;197m▀[38;2;57;123;197;48;2;57;123;197m▀[38;2;0;0;0;48;2;0;0;0m▀[38;2;0;0;0;48;2;0;0;0m▀[0m [0m [38;2;0;0;0;48;2;0;0;0m▀[38;2;0;0;0;48;2;0;0;0m▀[38;2;115;189;255;48;2;0;0;0m▀[38;2;115;189;255;48;2;0;0;0m▀[38;2;0;0;0;48;2;0;0;0m▀[38;2;115;189;255;48;2;115;189;255m▀[38;2;255;255;255;48;2;115;189;255m▀[38;2;255;255;255;48;2;115;189;255m▀[38;2;115;189;255;48;2;115;189;255m▀[38;2;255;255;255;48;2;255;255;255m▀[38;2;255;255;255;48;2;255;255;255m▀[38;2;255;255;255;48;2;255;255;255m▀[38;2;255;255;255;48;2;196;222;252m▀[38;2;196;222;252;48;2;196;222;252m▀[38;2;196;222;252;48;2;196;222;252m▀[38;2;115;189;255;48;2;115;189;255m▀[38;2;0;0;0;48;2;0;0;0m▀[0m
[38;2;0;0;0;48;2;0;0;0m▀[38;2;0;0;0;48;2;0;0;0m▀[38;2;57;123;197;48;2;57;123;197m▀[38;2;57;123;197;48;2;57;123;197m▀[38;2;16;74;131;48;2;115;189;255m▀[38;2;16;74;131;48;2;115;189;255m▀[38;2;16;74;131;48;2;115;189;255m▀[38;2;0;0;0;48;2;57;123;197m▀[38;2;57;123;197;48;2;0;0;0m▀[38;2;57;123;197;48;2;0;0;0m▀[38;2;57;123;197;48;2;0;0;0m▀[38;2;57;123;197;48;2;57;123;197m▀[38;2;57;123;197;48;2;57;123;197m▀[38;2;57;123;197;48;2;57;123;197m▀[38;2;57;123;197;48;2;0;0;0m▀[38;2;57;123;197;48;2;0;0;0m▀[38;2;57;123;197;48;2;0;0;0m▀[38;2;0;0;0;48;2;57;123;197m▀[38;2;57;123;197;48;2;57;123;197m▀[38;2;57;123;197;48;2;57;123;197m▀[38;2;115;189;255;48;2;57;123;197m▀[38;2;115;189;255;48;2;115;189;255m▀[38;2;115;189;255;48;2;115;189;255m▀[38;2;115;189;255;48;2;115;189;255m▀[38;2;115;189;255;48;2;57;123;197m▀[38;2;115;189;255;48;2;57;123;197m▀[38;2;115;189;255;48;2;57;123;197m▀[38;2;57;123;197;48;2;57;123;197m▀[38;2;57;123;197;48;2;0;0;0m▀[38;2;57;123;197;48;2;0;0;0m▀[38;2;57;123;197;48;2;0;0;0m▀[38;2;0;0;0;48;2;0;0;0m▀[38;2;0;0;0;48;2;0;0;0m▀[38;2;0;0;0;48;2;115;189;255m▀[38;2;115;189;255;48;2;255;255;255m▀[38;2;115;189;255;48;2;255;255;255m▀[38;2;0;0;0;48;2;115;189;255m▀[38;2;0;0;0;48;2;115;189;255m▀[38;2;115;189;255;48;2;255;255;255m▀[38;2;255;255;255;48;2;255;255;255m▀[38;2;255;255;255;48;2;255;255;255m▀[38;2;255;255;255;48;2;255;255;255m▀[38;2;255;255;255;48;2;255;255;255m▀[38;2;115;189;255;48;2;196;222;252m▀[38;2;255;255;255;48;2;115;189;255m▀[38;2;255;255;255;48;2;255;255;255m▀[38;2;196;222;252;48;2;115;189;255m▀[38;2;115;189;255;48;2;0;0;0m▀[38;2;115;189;255;48;2;0;0;0m▀[38;2;0;0;0m▀[0m [0m
[38;2;0;0;0;48;2;0;0;0m▀[38;2;0;0;0;48;2;57;123;197m▀[38;2;57;123;197;48;2;57;123;197m▀[38;2;57;123;197;48;2;57;123;197m▀[38;2;115;189;255;48;2;57;123;197m▀[38;2;115;189;255;48;2;115;189;255m▀[38;2;115;189;255;48;2;115;189;255m▀[38;2;57;123;197;48;2;57;123;197m▀[38;2;0;0;0;48;2;57;123;197m▀[38;2;0;0;0;48;2;57;123;197m▀[38;2;0;0;0;48;2;57;123;197m▀[38;2;57;123;197;48;2;0;0;0m▀[38;2;57;123;197;48;2;0;0;0m▀[38;2;57;123;197;48;2;0;0;0m▀[38;2;0;0;0;48;2;57;123;197m▀[38;2;0;0;0;48;2;57;123;197m▀[38;2;0;0;0;48;2;57;123;197m▀[38;2;57;123;197;48;2;57;123;197m▀[38;2;57;123;197;48;2;57;123;197m▀[38;2;57;123;197;48;2;57;123;197m▀[38;2;57;123;197;48;2;57;123;197m▀[38;2;115;189;255;48;2;57;123;197m▀[38;2;115;189;255;48;2;57;123;197m▀[38;2;115;189;255;48;2;57;123;197m▀[38;2;57;123;197;48;2;57;123;197m▀[38;2;57;123;197;48;2;57;123;197m▀[38;2;57;123;197;48;2;57;123;197m▀[38;2;57;123;197;48;2;0;0;0m▀[38;2;0;0;0;48;2;0;0;0m▀[38;2;0;0;0;48;2;0;0;0m▀[38;2;0;0;0;48;2;0;0;0m▀[38;2;0;0;0m▀[38;2;0;0;0m▀[38;2;115;189;255;48;2;0;0;0m▀[38;2;255;255;255;48;2;115;189;255m▀[38;2;255;255;255;48;2;115;189;255m▀[38;2;115;189;255;48;2;0;0;0m▀[38;2;115;189;255;48;2;115;189;255m▀[38;2;255;255;255;48;2;255;255;255m▀[38;2;255;255;255;48;2;255;255;255m▀[38;2;255;255;255;48;2;255;255;255m▀[38;2;255;255;255;48;2;255;255;255m▀[38;2;255;255;255;48;2;255;255;255m▀[38;2;196;222;252;48;2;196;222;252m▀[38;2;115;189;255;48;2;115;189;255m▀[38;2;255;255;255;48;2;255;255;255m▀[38;2;115;189;255;48;2;115;189;255m▀[38;2;0;0;0;48;2;0;0;0m▀[38;2;0;0;0m▄[38;2;0;0;0m▄[0m [0m
[38;2;0;0;0m▀[38;2;0;0;0;48;2;0;0;0m▀[38;2;0;0;0;48;2;0;0;0m▀[38;2;0;0;0;48;2;0;0;0m▀[38;2;57;123;197;48;2;0;0;0m▀[38;2;57;123;197;48;2;0;0;0m▀[38;2;57;123;197;48;2;57;123;197m▀[38;2;57;123;197;48;2;57;123;197m▀[38;2;57;123;197;48;2;57;123;197m▀[38;2;57;123;197;48;2;57;123;197m▀[38;2;57;123;197;48;2;57;123;197m▀[38;2;57;123;197;48;2;16;74;131m▀[38;2;57;123;197;48;2;57;123;197m▀[38;2;57;123;197;48;2;115;189;255m▀[38;2;57;123;197;48;2;115;189;255m▀[38;2;57;123;197;48;2;115;189;255m▀[38;2;57;123;197;48;2;115;189;255m▀[38;2;57;123;197;48;2;57;123;197m▀[38;2;57;123;197;48;2;57;123;197m▀[38;2;57;123;197;48;2;57;123;197m▀[38;2;57;123;197;48;2;57;123;197m▀[38;2;57;123;197;48;2;16;74;131m▀[38;2;57;123;197;48;2;16;74;131m▀[38;2;57;123;197;48;2;16;74;131m▀[38;2;57;123;197;48;2;0;0;0m▀[38;2;0;0;0;48;2;0;0;0m▀[38;2;0;0;0;48;2;0;0;0m▀[38;2;0;0;0m▀[0m [0m [0m [0m [0m [0m [38;2;0;0;0m▀[38;2;0;0;0;48;2;0;0;0m▀[38;2;0;0;0;48;2;115;189;255m▀[38;2;115;189;255;48;2;255;255;255m▀[38;2;255;255;255;48;2;115;189;255m▀[38;2;255;255;255;48;2;255;255;255m▀[38;2;255;255;255;48;2;255;255;255m▀[38;2;255;255;255;48;2;255;255;255m▀[38;2;196;222;252;48;2;196;222;252m▀[38;2;196;222;252;48;2;115;189;255m▀[38;2;115;189;255;48;2;249;252;255m▀[38;2;115;189;255;48;2;115;189;255m▀[38;2;0;0;0;48;2;115;189;255m▀[38;2;115;189;255;48;2;255;255;255m▀[38;2;115;189;255;48;2;255;255;255m▀[38;2;115;189;255;48;2;255;255;255m▀[38;2;0;0;0;48;2;115;189;255m▀[0m
[0m [0m [0m [0m [38;2;0;0;0m▀[38;2;0;0;0m▀[38;2;0;0;0;48;2;0;0;0m▀[38;2;0;0;0;48;2;0;0;0m▀[38;2;57;123;197;48;2;0;0;0m▀[38;2;57;123;197;48;2;16;74;131m▀[38;2;57;123;197;48;2;16;74;131m▀[38;2;16;74;131;48;2;57;123;197m▀[38;2;115;189;255;48;2;57;123;197m▀[38;2;115;189;255;48;2;57;123;197m▀[38;2;115;189;255;48;2;57;123;197m▀[38;2;115;189;255;48;2;57;123;197m▀[38;2;115;189;255;48;2;57;123;197m▀[38;2;115;189;255;48;2;57;123;197m▀[38;2;57;123;197;48;2;115;189;255m▀[38;2;57;123;197;48;2;115;189;255m▀[38;2;115;189;255;48;2;115;189;255m▀[38;2;115;189;255;48;2;115;189;255m▀[38;2;115;189;255;48;2;115;189;255m▀[38;2;0;0;0;48;2;0;0;0m▀[38;2;0;0;0;48;2;0;0;0m▀[0m [0m [0m [0m [0m [0m [0m [0m [0m [0m [38;2;0;0;0m▀[38;2;115;189;255;48;2;0;0;0m▀[38;2;255;255;255;48;2;115;189;255m▀[38;2;196;222;252;48;2;115;189;255m▀[38;2;115;189;255;48;2;115;189;255m▀[38;2;255;255;255;48;2;16;74;131m▀[38;2;255;255;255;48;2;16;74;131m▀[38;2;196;222;252;48;2;115;189;255m▀[38;2;115;189;255;48;2;0;0;0m▀[38;2;115;189;255;48;2;0;0;0m▀[38;2;0;0;0m▀[38;2;115;189;255;48;2;0;0;0m▀[38;2;255;255;255;48;2;115;189;255m▀[38;2;255;255;255;48;2;115;189;255m▀[38;2;196;222;252;48;2;115;189;255m▀[38;2;115;189;255;48;2;0;0;0m▀[0m
[0m [0m [0m [0m [0m [0m [0m [38;2;0;0;0m▀[38;2;0;0;0;48;2;0;0;0m▀[38;2;16;74;131;48;2;16;74;131m▀[38;2;16;74;131;48;2;16;74;131m▀[38;2;57;123;197;48;2;115;189;255m▀[38;2;57;123;197;48;2;57;123;197m▀[38;2;57;123;197;48;2;57;123;197m▀[38;2;57;123;197;48;2;57;123;197m▀[38;2;57;123;197;48;2;57;123;197m▀[38;2;57;123;197;48;2;57;123;197m▀[38;2;57;123;197;48;2;57;123;197m▀[38;2;115;189;255;48;2;57;123;197m▀[38;2;115;189;255;48;2;115;189;255m▀[38;2;115;189;255;48;2;115;189;255m▀[38;2;115;189;255;48;2;115;189;255m▀[38;2;115;189;255;48;2;115;189;255m▀[38;2;0;0;0;48;2;57;123;197m▀[38;2;0;0;0;48;2;0;0;0m▀[38;2;0;0;0m▄[0m [0m [0m [0m [0m [0m [0m [0m [0m [0m [38;2;0;0;0m▀[38;2;115;189;255;48;2;0;0;0m▀[38;2;115;189;255;48;2;0;0;0m▀[38;2;115;189;255;48;2;16;74;131m▀[38;2;16;74;131;48;2;16;74;131m▀[38;2;16;74;131;48;2;16;74;131m▀[38;2;115;189;255;48;2;115;189;255m▀[38;2;0;0;0;48;2;0;0;0m▀[0m [0m [38;2;0;0;0m▀[38;2;115;189;255;48;2;0;0;0m▀[38;2;115;189;255;48;2;0;0;0m▀[38;2;115;189;255;48;2;0;0;0m▀[38;2;0;0;0m▀[0m
[0m [0m [0m [0m [0m [0m [0m [0m [38;2;0;0;0;48;2;0;0;0m▀[38;2;16;74;131;48;2;16;74;131m▀[38;2;16;74;131;48;2;16;74;131m▀[38;2;57;123;197;48;2;57;123;197m▀[38;2;16;74;131;48;2;57;123;197m▀[38;2;57;123;197;48;2;16;74;131m▀[38;2;57;123;197;48;2;16;74;131m▀[38;2;16;74;131;48;2;57;123;197m▀[38;2;16;74;131;48;2;57;123;197m▀[38;2;57;123;197;48;2;57;123;197m▀[38;2;57;123;197;48;2;57;123;197m▀[38;2;115;189;255;48;2;115;189;255m▀[38;2;115;189;255;48;2;115;189;255m▀[38;2;115;189;255;48;2;115;189;255m▀[38;2;115;189;255;48;2;115;189;255m▀[38;2;115;189;255;48;2;115;189;255m▀[38;2;0;0;0;48;2;115;189;255m▀[38;2;0;0;0;48;2;0;0;0m▀[38;2;0;0;0m▄[0m [0m [0m [0m [0m [0m [0m [0m [0m [0m [0m [38;2;0;0;0;48;2;0;0;0m▀[38;2;16;74;131;48;2;16;74;131m▀[38;2;115;189;255;48;2;115;189;255m▀[38;2;115;189;255;48;2;115;189;255m▀[38;2;0;0;0;48;2;0;0;0m▀[38;2;0;0;0;48;2;0;0;0m▀[0m [0m [0m [0m [0m [0m [0m [0m
[0m [0m [0m [0m [0m [0m [0m [38;2;0;0;0;48;2;0;0;0m▀[38;2;16;74;131;48;2;16;74;131m▀[38;2;16;74;131;48;2;57;123;197m▀[38;2;16;74;131;48;2;57;123;197m▀[38;2;57;123;197;48;2;16;74;131m▀[38;2;57;123;197;48;2;16;74;131m▀[38;2;57;123;197;48;2;57;123;197m▀[38;2;57;123;197;48;2;57;123;197m▀[38;2;57;123;197;48;2;16;74;131m▀[38;2;57;123;197;48;2;16;74;131m▀[38;2;57;123;197;48;2;16;74;131m▀[38;2;57;123;197;48;2;57;123;197m▀[38;2;16;74;131;48;2;57;123;197m▀[38;2;115;189;255;48;2;115;189;255m▀[38;2;115;189;255;48;2;115;189;255m▀[38;2;115;189;255;48;2;115;189;255m▀[38;2;115;189;255;48;2;115;189;255m▀[38;2;115;189;255;48;2;115;189;255m▀[38;2;0;0;0;48;2;0;0;0m▀[38;2;0;0;0;48;2;0;0;0m▀[0m [0m [0m [0m [0m [0m [0m [0m [38;2;0;0;0m▄[38;2;0;0;0;48;2;16;74;131m▀[38;2;0;0;0;48;2;16;74;131m▀[38;2;16;74;131;48;2;115;189;255m▀[38;2;115;189;255;48;2;115;189;255m▀[38;2;115;189;255;48;2;57;123;197m▀[38;2;115;189;255;48;2;57;123;197m▀[38;2;0;0;0;48;2;0;0;0m▀[38;2;0;0;0;48;2;0;0;0m▀[0m [0m [0m [0m [0m [0m [0m [0m
[0m [0m [0m [0m [0m [0m [38;2;0;0;0m▄[38;2;0;0;0;48;2;16;74;131m▀[38;2;16;74;131;48;2;16;74;131m▀[38;2;57;123;197;48;2;57;123;197m▀[38;2;57;123;197;48;2;57;123;197m▀[38;2;16;74;131;48;2;57;123;197m▀[38;2;16;74;131;48;2;16;74;131m▀[38;2;57;123;197;48;2;16;74;131m▀[38;2;57;123;197;48;2;16;74;131m▀[38;2;16;74;131;48;2;57;123;197m▀[38;2;16;74;131;48;2;57;123;197m▀[38;2;16;74;131;48;2;57;123;197m▀[38;2;57;123;197;48;2;57;123;197m▀[38;2;57;123;197;48;2;57;123;197m▀[38;2;115;189;255;48;2;57;123;197m▀[38;2;115;189;255;48;2;115;189;255m▀[38;2;115;189;255;48;2;115;189;255m▀[38;2;115;189;255;48;2;115;189;255m▀[38;2;115;189;255;48;2;115;189;255m▀[38;2;0;0;0;48;2;115;189;255m▀[38;2;0;0;0;48;2;0;0;0m▀[38;2;0;0;0m▄[38;2;0;0;0m▄[38;2;0;0;0m▄[38;2;0;0;0m▄[38;2;0;0;0m▄[38;2;0;0;0;48;2;16;74;131m▀[38;2;0;0;0;48;2;16;74;131m▀[38;2;0;0;0;48;2;16;74;131m▀[38;2;0;0;0;48;2;16;74;131m▀[38;2;16;74;131;48;2;115;189;255m▀[38;2;16;74;131;48;2;115;189;255m▀[38;2;115;189;255;48;2;115;189;255m▀[38;2;115;189;255;48;2;57;123;197m▀[38;2;57;123;197;48;2;0;0;0m▀[38;2;57;123;197;48;2;0;0;0m▀[38;2;0;0;0;48;2;0;0;0m▀[38;2;0;0;0m▀[0m [0m [0m [0m [0m [0m [0m [0m
[0m [0m [0m [0m [0m [38;2;0;0;0;48;2;0;0;0m▀[38;2;16;74;131;48;2;16;74;131m▀[38;2;115;189;255;48;2;115;189;255m▀[38;2;57;123;197;48;2;115;189;255m▀[38;2;16;74;131;48;2;57;123;197m▀[38;2;16;74;131;48;2;57;123;197m▀[38;2;57;123;197;48;2;16;74;131m▀[38;2;57;123;197;48;2;57;123;197m▀[38;2;57;123;197;48;2;57;123;197m▀[38;2;57;123;197;48;2;57;123;197m▀[38;2;57;123;197;48;2;57;123;197m▀[38;2;57;123;197;48;2;57;123;197m▀[38;2;57;123;197;48;2;16;74;131m▀[38;2;57;123;197;48;2;16;74;131m▀[38;2;16;74;131;48;2;57;123;197m▀[38;2;57;123;197;48;2;115;189;255m▀[38;2;115;189;255;48;2;115;189;255m▀[38;2;115;189;255;48;2;115;189;255m▀[38;2;115;189;255;48;2;115;189;255m▀[38;2;115;189;255;48;2;115;189;255m▀[38;2;115;189;255;48;2;115;189;255m▀[38;2;57;123;197;48;2;115;189;255m▀[38;2;0;0;0;48;2;0;0;0m▀[38;2;16;74;131;48;2;57;123;197m▀[38;2;16;74;131;48;2;57;123;197m▀[38;2;16;74;131;48;2;57;123;197m▀[38;2;16;74;131;48;2;57;123;197m▀[38;2;115;189;255;48;2;57;123;197m▀[38;2;115;189;255;48;2;115;189;255m▀[38;2;115;189;255;48;2;115;189;255m▀[38;2;115;189;255;48;2;115;189;255m▀[38;2;115;189;255;48;2;57;123;197m▀[38;2;115;189;255;48;2;16;74;131m▀[38;2;57;123;197;48;2;16;74;131m▀[38;2;16;74;131;48;2;0;0;0m▀[38;2;0;0;0;48;2;0;0;0m▀[38;2;0;0;0;48;2;0;0;0m▀[38;2;0;0;0m▀[0m [0m [0m [0m [0m [0m [0m [0m [0m
[0m [0m [0m [0m [38;2;0;0;0;48;2;0;0;0m▀[38;2;0;0;0;48;2;0;0;0m▀[38;2;115;189;255;48;2;115;189;255m▀[38;2;115;189;255;48;2;115;189;255m▀[38;2;115;189;255;48;2;115;189;255m▀[38;2;16;74;131;48;2;115;189;255m▀[38;2;16;74;131;48;2;115;189;255m▀[38;2;16;74;131;48;2;0;0;0m▀[38;2;16;74;131;48;2;16;74;131m▀[38;2;16;74;131;48;2;16;74;131m▀[38;2;16;74;131;48;2;16;74;131m▀[38;2;16;74;131;48;2;16;74;131m▀[38;2;16;74;131;48;2;16;74;131m▀[38;2;16;74;131;48;2;16;74;131m▀[38;2;16;74;131;48;2;16;74;131m▀[38;2;57;123;197;48;2;57;123;197m▀[38;2;115;189;255;48;2;115;189;255m▀[38;2;115;189;255;48;2;115;189;255m▀[38;2;115;189;255;48;2;115;189;255m▀[38;2;115;189;255;48;2;115;189;255m▀[38;2;115;189;255;48;2;115;189;255m▀[38;2;115;189;255;48;2;115;189;255m▀[38;2;115;189;255;48;2;57;123;197m▀[38;2;57;123;197;48;2;57;123;197m▀[38;2;0;0;0;48;2;0;0;0m▀[38;2;0;0;0;48;2;0;0;0m▀[38;2;57;123;197;48;2;57;123;197m▀[38;2;57;123;197;48;2;57;123;197m▀[38;2;57;123;197;48;2;57;123;197m▀[38;2;57;123;197;48;2;16;74;131m▀[38;2;57;123;197;48;2;16;74;131m▀[38;2;57;123;197;48;2;16;74;131m▀[38;2;16;74;131;48;2;16;74;131m▀[38;2;16;74;131;48;2;0;0;0m▀[38;2;0;0;0;48;2;0;0;0m▀[38;2;0;0;0m▀[0m [0m [0m [0m [0m [0m [0m [0m [0m [0m [0m [0m
[0m [0m [0m [0m [38;2;0;0;0;48;2;0;0;0m▀[38;2;0;0;0;48;2;0;0;0m▀[38;2;115;189;255;48;2;115;189;255m▀[38;2;115;189;255;48;2;115;189;255m▀[38;2;115;189;255;48;2;115;189;255m▀[38;2;115;189;255;48;2;115;189;255m▀[38;2;115;189;255;48;2;115;189;255m▀[38;2;57;123;197;48;2;57;123;197m▀[38;2;0;0;0;48;2;0;0;0m▀[38;2;16;74;131;48;2;16;74;131m▀[38;2;16;74;131;48;2;16;74;131m▀[38;2;16;74;131;48;2;16;74;131m▀[38;2;16;74;131;48;2;16;74;131m▀[38;2;16;74;131;48;2;16;74;131m▀[38;2;16;74;131;48;2;16;74;131m▀[38;2;16;74;131;48;2;16;74;131m▀[38;2;57;123;197;48;2;57;123;197m▀[38;2;115;189;255;48;2;115;189;255m▀[38;2;115;189;255;48;2;115;189;255m▀[38;2;115;189;255;48;2;115;189;255m▀[38;2;115;189;255;48;2;115;189;255m▀[38;2;57;123;197;48;2;57;123;197m▀[38;2;57;123;197;48;2;57;123;197m▀[38;2;57;123;197;48;2;57;123;197m▀[38;2;0;0;0;48;2;0;0;0m▀[38;2;0;0;0;48;2;0;0;0m▀[38;2;16;74;131;48;2;16;74;131m▀[38;2;16;74;131;48;2;16;74;131m▀[38;2;16;74;131;48;2;16;74;131m▀[38;2;16;74;131;48;2;16;74;131m▀[38;2;0;0;0;48;2;0;0;0m▀[38;2;0;0;0;48;2;0;0;0m▀[38;2;0;0;0;48;2;0;0;0m▀[38;2;0;0;0;48;2;0;0;0m▀[0m [0m [0m [0m [0m [0m [0m [0m [0m [0m [0m [0m [0m [0m
[0m [0m [0m [0m [0m [38;2;0;0;0m▀[38;2;0;0;0;48;2;0;0;0m▀[38;2;115;189;255;48;2;0;0;0m▀[38;2;115;189;255;48;2;57;123;197m▀[38;2;57;123;197;48;2;57;123;197m▀[38;2;57;123;197;48;2;57;123;197m▀[38;2;57;123;197;48;2;57;123;197m▀[38;2;57;123;197;48;2;57;123;197m▀[38;2;0;0;0;48;2;57;123;197m▀[38;2;0;0;0;48;2;57;123;197m▀[38;2;16;74;131;48;2;0;0;0m▀[38;2;16;74;131;48;2;0;0;0m▀[38;2;16;74;131;48;2;0;0;0m▀[38;2;16;74;131;48;2;0;0;0m▀[38;2;16;74;131;48;2;0;0;0m▀[38;2;57;123;197;48;2;57;123;197m▀[38;2;57;123;197;48;2;57;123;197m▀[38;2;57;123;197;48;2;57;123;197m▀[38;2;57;123;197;48;2;57;123;197m▀[38;2;57;123;197;48;2;57;123;197m▀[38;2;57;123;197;48;2;57;123;197m▀[38;2;57;123;197;48;2;57;123;197m▀[38;2;57;123;197;48;2;0;0;0m▀[38;2;0;0;0;48;2;0;0;0m▀[38;2;0;0;0;48;2;0;0;0m▀[38;2;16;74;131;48;2;0;0;0m▀[38;2;16;74;131;48;2;0;0;0m▀[38;2;0;0;0;48;2;0;0;0m▀[38;2;0;0;0;48;2;0;0;0m▀[38;2;0;0;0m▀[38;2;0;0;0m▀[38;2;0;0;0m▀[0m [0m [0m [0m [0m [0m [0m [0m [0m [0m [0m [0m [0m [0m [0m
[0m [0m [0m [0m [0m [38;2;0;0;0m▄[38;2;0;0;0;48;2;0;0;0m▀[38;2;0;0;0;48;2;57;123;197m▀[38;2;57;123;197;48;2;57;123;197m▀[38;2;57;123;197;48;2;57;123;197m▀[38;2;57;123;197;48;2;57;123;197m▀[38;2;57;123;197;48;2;57;123;197m▀[38;2;57;123;197;48;2;57;123;197m▀[38;2;0;0;0;48;2;0;0;0m▀[38;2;0;0;0;48;2;0;0;0m▀[38;2;0;0;0m▀[38;2;0;0;0m▀[38;2;0;0;0m▀[38;2;0;0;0m▀[38;2;0;0;0m▀[38;2;0;0;0;48;2;0;0;0m▀[38;2;16;74;131;48;2;16;74;131m▀[38;2;16;74;131;48;2;16;74;131m▀[38;2;57;123;197;48;2;115;189;255m▀[38;2;57;123;197;48;2;115;189;255m▀[38;2;57;123;197;48;2;115;189;255m▀[38;2;57;123;197;48;2;57;123;197m▀[38;2;0;0;0;48;2;0;0;0m▀[38;2;0;0;0;48;2;0;0;0m▀[38;2;0;0;0;48;2;0;0;0m▀[38;2;0;0;0m▀[38;2;0;0;0m▀[0m [0m [0m [0m [0m [0m [0m [0m [0m [0m [0m [0m [0m [0m [0m [0m [0m [0m [0m [0m
[0m [0m [0m [0m [38;2;0;0;0;48;2;0;0;0m▀[38;2;0;0;0;48;2;0;0;0m▀[38;2;255;255;255;48;2;255;255;255m▀[38;2;16;74;131;48;2;16;74;131m▀[38;2;255;255;255;48;2;255;255;255m▀[38;2;57;123;197;48;2;57;123;197m▀[38;2;57;123;197;48;2;57;123;197m▀[38;2;57;123;197;48;2;57;123;197m▀[38;2;0;0;0;48;2;0;0;0m▀[38;2;0;0;0;48;2;0;0;0m▀[0m [0m [0m [0m [0m [0m [38;2;0;0;0;48;2;0;0;0m▀[38;2;16;74;131;48;2;16;74;131m▀[38;2;16;74;131;48;2;16;74;131m▀[38;2;57;123;197;48;2;57;123;197m▀[38;2;115;189;255;48;2;115;189;255m▀[38;2;115;189;255;48;2;115;189;255m▀[38;2;115;189;255;48;2;115;189;255m▀[38;2;57;123;197;48;2;57;123;197m▀[38;2;0;0;0;48;2;0;0;0m▀[38;2;0;0;0;48;2;0;0;0m▀[38;2;0;0;0;48;2;0;0;0m▀[0m [0m [0m [0m [0m [0m [0m [0m [0m [0m [0m [0m [0m [0m [0m [0m [0m [0m [0m [0m [0m
[0m [0m [0m [0m [0m [38;2;0;0;0m▀[38;2;0;0;0;48;2;0;0;0m▀[38;2;0;0;0;48;2;0;0;0m▀[38;2;0;0;0;48;2;0;0;0m▀[38;2;0;0;0;48;2;0;0;0m▀[38;2;0;0;0;48;2;0;0;0m▀[38;2;0;0;0;48;2;0;0;0m▀[38;2;0;0;0m▀[0m [0m [0m [0m [0m [0m [0m [0m [38;2;0;0;0m▀[38;2;0;0;0m▀[38;2;0;0;0;48;2;0;0;0m▀[38;2;255;255;255;48;2;0;0;0m▀[38;2;16;74;131;48;2;0;0;0m▀[38;2;255;255;255;48;2;0;0;0m▀[38;2;16;74;131;48;2;0;0;0m▀[38;2;255;255;255;48;2;0;0;0m▀[38;2;255;255;255;48;2;0;0;0m▀[38;2;0;0;0;48;2;0;0;0m▀[38;2;0;0;0m▀[0m [0m [0m [0m [0m [0m [0m [0m [0m [0m [0m [0m [0m [0m [0m [0m [0m [0m [0m [0m
