[0m [0m [0m [0m [0m [0m [0m [0m [38;2;0;0;0m▄[38;2;0;0;0m▄[38;2;0;0;0m▄[38;2;0;0;0m▄[38;2;0;0;0m▄[38;2;0;0;0m▄[38;2;0;0;0m▄[38;2;0;0;0m▄[38;2;0;0;0m▄[38;2;0;0;0m▄[38;2;0;0;0;48;2;72;94;29m▀[38;2;0;0;0;48;2;72;94;29m▀[38;2;72;94;29;48;2;164;213;65m▀[38;2;72;94;29;48;2;164;213;65m▀[38;2;0;0;0;48;2;11;11;11m▀[38;2;0;0;0;48;2;11;11;11m▀[38;2;0;0;0m▄[0m [0m [0m [0m [0m [0m [0m [0m [0m [0m [0m [0m
[0m [0m [0m [0m [0m [0m [0m [38;2;0;0;0;48;2;0;0;0m▀[38;2;122;159;48;48;2;122;159;48m▀[38;2;122;159;48;48;2;122;159;48m▀[38;2;122;159;48;48;2;122;159;48m▀[38;2;122;159;48;48;2;122;159;48m▀[38;2;122;159;48;48;2;122;159;48m▀[38;2;122;159;48;48;2;122;159;48m▀[38;2;72;94;29;48;2;72;94;29m▀[38;2;72;94;29;48;2;72;94;29m▀[38;2;72;94;29;48;2;72;94;29m▀[38;2;72;94;29;48;2;72;94;29m▀[38;2;164;213;65;48;2;164;213;65m▀[38;2;122;159;48;48;2;122;159;48m▀[38;2;122;159;48;48;2;122;159;48m▀[38;2;122;159;48;48;2;122;159;48m▀[38;2;72;94;29;48;2;72;94;29m▀[38;2;122;159;48;48;2;122;159;48m▀[38;2;11;11;11;48;2;11;11;11m▀[38;2;0;0;0;48;2;0;0;0m▀[0m [0m [0m [0m [0m [0m [0m [0m [0m [0m [0m
[0m [38;2;0;0;0m▄[38;2;0;0;0m▄[38;2;0;0;0m▄[38;2;0;0;0m▄[38;2;0;0;0m▄[38;2;0;0;0;48;2;122;159;48m▀[38;2;122;159;48;48;2;187;224;113m▀[38;2;187;224;113;48;2;187;224;113m▀[38;2;187;224;113;48;2;187;224;113m▀[38;2;187;224;113;48;2;187;224;113m▀[38;2;187;224;113;48;2;187;224;113m▀[38;2;187;224;113;48;2;187;224;113m▀[38;2;187;224;113;48;2;187;224;113m▀[38;2;187;224;113;48;2;187;224;113m▀[38;2;187;224;113;48;2;187;224;113m▀[38;2;164;213;65;48;2;187;224;113m▀[38;2;164;213;65;48;2;122;159;48m▀[38;2;164;213;65;48;2;122;159;48m▀[38;2;122;159;48;48;2;164;213;65m▀[38;2;164;213;65;48;2;164;213;65m▀[38;2;164;213;65;48;2;164;213;65m▀[38;2;72;94;29;48;2;122;159;48m▀[38;2;122;159;48;48;2;72;94;29m▀[38;2;11;11;11;48;2;11;11;11m▀[38;2;0;0;0;48;2;0;0;0m▀[0m [0m [0m [0m [0m [0m [0m [0m [0m [0m [0m
[38;2;0;0;0;48;2;112;54;29m▀[38;2;112;54;29;48;2;112;54;29m▀[38;2;112;54;29;48;2;255;157;113m▀[38;2;112;54;29;48;2;255;157;113m▀[38;2;112;54;29;48;2;255;157;113m▀[38;2;122;159;48;48;2;112;54;29m▀[38;2;187;224;113;48;2;187;224;113m▀[38;2;187;224;113;48;2;187;224;113m▀[38;2;187;224;113;48;2;187;224;113m▀[38;2;187;224;113;48;2;187;224;113m▀[38;2;187;224;113;48;2;187;224;113m▀[38;2;187;224;113;48;2;122;159;48m▀[38;2;187;224;113;48;2;122;159;48m▀[38;2;122;159;48;48;2;112;54;29m▀[38;2;122;159;48;48;2;112;54;29m▀[38;2;122;159;48;48;2;112;54;29m▀[38;2;112;54;29;48;2;255;157;113m▀[38;2;112;54;29;48;2;255;157;113m▀[38;2;112;54;29;48;2;190;92;48m▀[38;2;164;213;65;48;2;112;54;29m▀[38;2;164;213;65;48;2;164;213;65m▀[38;2;164;213;65;48;2;164;213;65m▀[38;2;122;159;48;48;2;164;213;65m▀[38;2;72;94;29;48;2;72;94;29m▀[38;2;11;11;11;48;2;122;159;48m▀[38;2;0;0;0;48;2;11;11;11m▀[38;2;0;0;0m▄[38;2;0;0;0m▄[0m [0m [0m [0m [0m [0m [0m [0m [0m
[38;2;112;54;29;48;2;112;54;29m▀[38;2;190;92;48;48;2;190;92;48m▀[38;2;255;157;113;48;2;255;157;113m▀[38;2;255;157;113;48;2;255;157;113m▀[38;2;255;157;113;48;2;255;157;113m▀[38;2;255;123;65;48;2;255;123;65m▀[38;2;112;54;29;48;2;112;54;29m▀[38;2;187;224;113;48;2;187;224;113m▀[38;2;122;159;48;48;2;122;159;48m▀[38;2;122;159;48;48;2;122;159;48m▀[38;2;122;159;48;48;2;122;159;48m▀[38;2;187;224;113;48;2;187;224;113m▀[38;2;187;224;113;48;2;187;224;113m▀[38;2;190;92;48;48;2;190;92;48m▀[38;2;255;157;113;48;2;255;157;113m▀[38;2;255;157;113;48;2;255;157;113m▀[38;2;255;157;113;48;2;255;157;113m▀[38;2;255;123;65;48;2;255;123;65m▀[38;2;190;92;48;48;2;190;92;48m▀[38;2;0;0;0;48;2;0;0;0m▀[38;2;164;213;65;48;2;164;213;65m▀[38;2;164;213;65;48;2;164;213;65m▀[38;2;164;213;65;48;2;164;213;65m▀[38;2;72;94;29;48;2;72;94;29m▀[38;2;122;159;48;48;2;122;159;48m▀[38;2;122;159;48;48;2;122;159;48m▀[38;2;11;11;11;48;2;11;11;11m▀[38;2;11;11;11;48;2;11;11;11m▀[38;2;0;0;0;48;2;0;0;0m▀[0m [0m [0m [0m [0m [0m [0m [0m
[38;2;112;54;29;48;2;0;0;0m▀[38;2;190;92;48;48;2;112;54;29m▀[38;2;190;92;48;48;2;190;92;48m▀[38;2;190;92;48;48;2;190;92;48m▀[38;2;255;123;65;48;2;190;92;48m▀[38;2;255;123;65;48;2;255;123;65m▀[38;2;112;54;29;48;2;255;123;65m▀[38;2;122;159;48;48;2;112;54;29m▀[38;2;187;224;113;48;2;112;54;29m▀[38;2;187;224;113;48;2;112;54;29m▀[38;2;187;224;113;48;2;112;54;29m▀[38;2;112;54;29;48;2;190;92;48m▀[38;2;112;54;29;48;2;255;123;65m▀[38;2;255;157;113;48;2;190;92;48m▀[38;2;255;123;65;48;2;190;92;48m▀[38;2;255;123;65;48;2;190;92;48m▀[38;2;190;92;48;48;2;190;92;48m▀[38;2;190;92;48;48;2;190;92;48m▀[38;2;190;92;48;48;2;0;0;0m▀[38;2;0;0;0;48;2;164;213;65m▀[38;2;164;213;65;48;2;164;213;65m▀[38;2;164;213;65;48;2;164;213;65m▀[38;2;164;213;65;48;2;164;213;65m▀[38;2;122;159;48;48;2;122;159;48m▀[38;2;72;94;29;48;2;72;94;29m▀[38;2;122;159;48;48;2;122;159;48m▀[38;2;11;11;11;48;2;122;159;48m▀[38;2;11;11;11;48;2;122;159;48m▀[38;2;0;0;0;48;2;11;11;11m▀[38;2;0;0;0m▄[0m [0m [0m [0m [0m [0m [0m
[0m [38;2;0;0;0;48;2;0;0;0m▀[38;2;0;0;0;48;2;43;94;79m▀[38;2;0;0;0;48;2;43;94;79m▀[38;2;112;54;29;48;2;0;0;0m▀[38;2;190;92;48;48;2;112;54;29m▀[38;2;190;92;48;48;2;190;92;48m▀[38;2;190;92;48;48;2;190;92;48m▀[38;2;190;92;48;48;2;190;92;48m▀[38;2;190;92;48;48;2;190;92;48m▀[38;2;190;92;48;48;2;190;92;48m▀[38;2;190;92;48;48;2;190;92;48m▀[38;2;190;92;48;48;2;112;54;29m▀[38;2;190;92;48;48;2;0;0;0m▀[38;2;112;54;29;48;2;0;0;0m▀[38;2;112;54;29;48;2;0;0;0m▀[38;2;0;0;0;48;2;187;224;113m▀[38;2;0;0;0;48;2;164;213;65m▀[38;2;164;213;65;48;2;164;213;65m▀[38;2;164;213;65;48;2;164;213;65m▀[38;2;164;213;65;48;2;164;213;65m▀[38;2;164;213;65;48;2;164;213;65m▀[38;2;164;213;65;48;2;122;159;48m▀[38;2;122;159;48;48;2;122;159;48m▀[38;2;122;159;48;48;2;122;159;48m▀[38;2;72;94;29;48;2;72;94;29m▀[38;2;122;159;48;48;2;122;159;48m▀[38;2;122;159;48;48;2;122;159;48m▀[38;2;11;11;11;48;2;122;159;48m▀[38;2;0;0;0;48;2;11;11;11m▀[38;2;0;0;0m▄[0m [0m [0m [0m [0m [0m
[38;2;0;0;0;48;2;0;0;0m▀[38;2;43;94;79;48;2;43;94;79m▀[38;2;138;224;199;48;2;138;224;199m▀[38;2;138;224;199;48;2;138;224;199m▀[38;2;138;224;199;48;2;138;224;199m▀[38;2;0;0;0;48;2;0;0;0m▀[38;2;190;92;48;48;2;190;92;48m▀[38;2;190;92;48;48;2;190;92;48m▀[38;2;190;92;48;48;2;190;92;48m▀[38;2;190;92;48;48;2;190;92;48m▀[38;2;112;54;29;48;2;112;54;29m▀[38;2;0;0;0;48;2;0;0;0m▀[38;2;0;0;0;48;2;0;0;0m▀[38;2;98;213;180;48;2;98;213;180m▀[38;2;72;94;29;48;2;72;94;29m▀[38;2;72;94;29;48;2;72;94;29m▀[38;2;72;94;29;48;2;72;94;29m▀[38;2;72;94;29;48;2;72;94;29m▀[38;2;164;213;65;48;2;164;213;65m▀[38;2;164;213;65;48;2;164;213;65m▀[38;2;122;159;48;48;2;122;159;48m▀[38;2;122;159;48;48;2;122;159;48m▀[38;2;122;159;48;48;2;122;159;48m▀[38;2;122;159;48;48;2;122;159;48m▀[38;2;122;159;48;48;2;122;159;48m▀[38;2;72;94;29;48;2;72;94;29m▀[38;2;122;159;48;48;2;122;159;48m▀[38;2;122;159;48;48;2;122;159;48m▀[38;2;122;159;48;48;2;122;159;48m▀[38;2;11;11;11;48;2;11;11;11m▀[38;2;0;0;0;48;2;0;0;0m▀[0m [0m [0m [0m [0m [0m
[38;2;43;94;79;48;2;43;94;79m▀[38;2;229;25;46;48;2;229;25;46m▀[38;2;73;159;134;48;2;73;159;134m▀[38;2;73;159;134;48;2;73;159;134m▀[38;2;138;224;199;48;2;138;224;199m▀[38;2;0;0;0;48;2;138;224;199m▀[38;2;112;54;29;48;2;112;54;29m▀[38;2;112;54;29;48;2;112;54;29m▀[38;2;112;54;29;48;2;138;224;199m▀[38;2;112;54;29;48;2;138;224;199m▀[38;2;138;224;199;48;2;138;224;199m▀[38;2;138;224;199;48;2;138;224;199m▀[38;2;98;213;180;48;2;98;213;180m▀[38;2;138;224;199;48;2;138;224;199m▀[38;2;73;159;134;48;2;73;159;134m▀[38;2;73;159;134;48;2;73;159;134m▀[38;2;229;25;46;48;2;229;25;46m▀[38;2;159;0;39;48;2;159;0;39m▀[38;2;72;94;29;48;2;72;94;29m▀[38;2;122;159;48;48;2;122;159;48m▀[38;2;122;159;48;48;2;122;159;48m▀[38;2;122;159;48;48;2;122;159;48m▀[38;2;122;159;48;48;2;122;159;48m▀[38;2;122;159;48;48;2;122;159;48m▀[38;2;122;159;48;48;2;72;94;29m▀[38;2;72;94;29;48;2;122;159;48m▀[38;2;122;159;48;48;2;122;159;48m▀[38;2;122;159;48;48;2;122;159;48m▀[38;2;122;159;48;48;2;122;159;48m▀[38;2;11;11;11;48;2;11;11;11m▀[38;2;0;0;0;48;2;0;0;0m▀[0m [0m [0m [0m [0m [0m
[38;2;194;194;194;48;2;255;255;255m▀[38;2;229;25;46;48;2;159;0;39m▀[38;2;255;255;255;48;2;255;255;255m▀[38;2;255;255;255;48;2;255;255;255m▀[38;2;73;159;134;48;2;73;159;134m▀[38;2;138;224;199;48;2;138;224;199m▀[38;2;138;224;199;48;2;138;224;199m▀[38;2;138;224;199;48;2;73;159;134m▀[38;2;73;159;134;48;2;73;159;134m▀[38;2;73;159;134;48;2;73;159;134m▀[38;2;73;159;134;48;2;73;159;134m▀[38;2;138;224;199;48;2;138;224;199m▀[38;2;138;224;199;48;2;138;224;199m▀[38;2;138;224;199;48;2;138;224;199m▀[38;2;229;25;46;48;2;159;0;39m▀[38;2;229;25;46;48;2;159;0;39m▀[38;2;255;255;255;48;2;255;255;255m▀[38;2;159;0;39;48;2;247;93;85m▀[38;2;159;0;39;48;2;247;93;85m▀[38;2;72;94;29;48;2;255;255;255m▀[38;2;122;159;48;48;2;72;94;29m▀[38;2;122;159;48;48;2;72;94;29m▀[38;2;122;159;48;48;2;122;159;48m▀[38;2;122;159;48;48;2;72;94;29m▀[38;2;72;94;29;48;2;122;159;48m▀[38;2;122;159;48;48;2;122;159;48m▀[38;2;122;159;48;48;2;122;159;48m▀[38;2;122;159;48;48;2;122;159;48m▀[38;2;122;159;48;48;2;11;11;11m▀[38;2;11;11;11;48;2;0;0;0m▀[38;2;0;0;0m▀[0m [0m [0m [0m [0m [0m
[38;2;0;0;0;48;2;0;0;0m▀[38;2;159;0;39;48;2;159;0;39m▀[38;2;159;0;39;48;2;159;0;39m▀[38;2;159;0;39;48;2;159;0;39m▀[38;2;73;159;134;48;2;73;159;134m▀[38;2;138;224;199;48;2;138;224;199m▀[38;2;138;224;199;48;2;138;224;199m▀[38;2;73;159;134;48;2;73;159;134m▀[38;2;73;159;134;48;2;73;159;134m▀[38;2;73;159;134;48;2;73;159;134m▀[38;2;138;224;199;48;2;138;224;199m▀[38;2;138;224;199;48;2;138;224;199m▀[38;2;138;224;199;48;2;138;224;199m▀[38;2;138;224;199;48;2;138;224;199m▀[38;2;159;0;39;48;2;159;0;39m▀[38;2;159;0;39;48;2;159;0;39m▀[38;2;159;0;39;48;2;159;0;39m▀[38;2;247;93;85;48;2;247;93;85m▀[38;2;247;93;85;48;2;247;93;85m▀[38;2;194;194;194;48;2;194;194;194m▀[38;2;73;159;134;48;2;73;159;134m▀[38;2;73;159;134;48;2;73;159;134m▀[38;2;72;94;29;48;2;72;94;29m▀[38;2;122;159;48;48;2;122;159;48m▀[38;2;122;159;48;48;2;122;159;48m▀[38;2;122;159;48;48;2;122;159;48m▀[38;2;122;159;48;48;2;122;159;48m▀[38;2;122;159;48;48;2;122;159;48m▀[38;2;11;11;11;48;2;11;11;11m▀[38;2;0;0;0;48;2;0;0;0m▀[0m [0m [0m [0m [0m [0m [0m
[38;2;43;94;79;48;2;43;94;79m▀[38;2;73;159;134;48;2;73;159;134m▀[38;2;73;159;134;48;2;43;94;79m▀[38;2;73;159;134;48;2;43;94;79m▀[38;2;138;224;199;48;2;73;159;134m▀[38;2;138;224;199;48;2;73;159;134m▀[38;2;138;224;199;48;2;73;159;134m▀[38;2;138;224;199;48;2;73;159;134m▀[38;2;138;224;199;48;2;73;159;134m▀[38;2;138;224;199;48;2;73;159;134m▀[38;2;138;224;199;48;2;73;159;134m▀[38;2;138;224;199;48;2;73;159;134m▀[38;2;73;159;134;48;2;73;159;134m▀[38;2;73;159;134;48;2;73;159;134m▀[38;2;73;159;134;48;2;73;159;134m▀[38;2;73;159;134;48;2;73;159;134m▀[38;2;73;159;134;48;2;43;94;79m▀[38;2;73;159;134;48;2;43;94;79m▀[38;2;73;159;134;48;2;73;159;134m▀[38;2;73;159;134;48;2;73;159;134m▀[38;2;73;159;134;48;2;73;159;134m▀[38;2;73;159;134;48;2;73;159;134m▀[38;2;73;159;134;48;2;73;159;134m▀[38;2;0;0;0;48;2;0;0;0m▀[38;2;122;159;48;48;2;0;0;0m▀[38;2;122;159;48;48;2;11;11;11m▀[38;2;11;11;11;48;2;0;0;0m▀[38;2;11;11;11;48;2;0;0;0m▀[38;2;0;0;0m▀[0m [0m [0m [0m [0m [0m [0m [0m
[38;2;43;94;79;48;2;0;0;0m▀[38;2;43;94;79;48;2;0;0;0m▀[38;2;226;235;231;48;2;73;159;134m▀[38;2;226;235;231;48;2;73;159;134m▀[38;2;159;0;39;48;2;73;159;134m▀[38;2;159;0;39;48;2;43;94;79m▀[38;2;73;159;134;48;2;159;0;39m▀[38;2;73;159;134;48;2;159;0;39m▀[38;2;73;159;134;48;2;159;0;39m▀[38;2;73;159;134;48;2;159;0;39m▀[38;2;73;159;134;48;2;159;0;39m▀[38;2;73;159;134;48;2;159;0;39m▀[38;2;73;159;134;48;2;159;0;39m▀[38;2;73;159;134;48;2;159;0;39m▀[38;2;73;159;134;48;2;159;0;39m▀[38;2;73;159;134;48;2;159;0;39m▀[38;2;255;255;255;48;2;43;94;79m▀[38;2;43;94;79;48;2;73;159;134m▀[38;2;73;159;134;48;2;73;159;134m▀[38;2;73;159;134;48;2;73;159;134m▀[38;2;73;159;134;48;2;0;0;0m▀[38;2;73;159;134;48;2;0;0;0m▀[38;2;0;0;0;48;2;73;159;134m▀[38;2;43;94;79;48;2;73;159;134m▀[38;2;43;94;79;48;2;0;0;0m▀[38;2;0;0;0;48;2;0;0;0m▀[0m [0m [0m [0m [0m [38;2;0;0;0m▄[38;2;0;0;0;48;2;43;94;79m▀[38;2;0;0;0;48;2;43;94;79m▀[38;2;0;0;0;48;2;0;0;0m▀[38;2;0;0;0m▄[0m
[0m [38;2;0;0;0;48;2;0;0;0m▀[38;2;0;0;0;48;2;0;0;0m▀[38;2;0;0;0;48;2;0;0;0m▀[38;2;43;94;79;48;2;43;94;79m▀[38;2;43;94;79;48;2;43;94;79m▀[38;2;43;94;79;48;2;43;94;79m▀[38;2;43;94;79;48;2;43;94;79m▀[38;2;159;0;39;48;2;159;0;39m▀[38;2;159;0;39;48;2;159;0;39m▀[38;2;229;25;46;48;2;229;25;46m▀[38;2;247;93;85;48;2;247;93;85m▀[38;2;247;93;85;48;2;247;93;85m▀[38;2;247;93;85;48;2;247;93;85m▀[38;2;43;94;79;48;2;43;94;79m▀[38;2;43;94;79;48;2;43;94;79m▀[38;2;73;159;134;48;2;73;159;134m▀[38;2;73;159;134;48;2;73;159;134m▀[38;2;0;0;0;48;2;0;0;0m▀[38;2;43;94;79;48;2;43;94;79m▀[38;2;73;159;134;48;2;73;159;134m▀[38;2;73;159;134;48;2;73;159;134m▀[38;2;73;159;134;48;2;73;159;134m▀[38;2;138;224;199;48;2;138;224;199m▀[38;2;138;224;199;48;2;138;224;199m▀[38;2;0;0;0;48;2;0;0;0m▀[38;2;0;0;0;48;2;0;0;0m▀[0m [0m [0m [38;2;0;0;0;48;2;0;0;0m▀[38;2;43;94;79;48;2;43;94;79m▀[38;2;138;224;199;48;2;138;224;199m▀[38;2;138;224;199;48;2;138;224;199m▀[38;2;73;159;134;48;2;73;159;134m▀[38;2;0;0;0;48;2;0;0;0m▀[0m
[0m [0m [38;2;0;0;0;48;2;0;0;0m▀[38;2;0;0;0;48;2;0;0;0m▀[38;2;0;0;0;48;2;101;90;65m▀[38;2;0;0;0;48;2;101;90;65m▀[38;2;0;0;0;48;2;230;205;148m▀[38;2;0;0;0;48;2;230;205;148m▀[38;2;0;0;0;48;2;230;205;148m▀[38;2;0;0;0;48;2;230;205;148m▀[38;2;101;90;65;48;2;230;205;148m▀[38;2;43;94;79;48;2;230;205;148m▀[38;2;0;0;0;48;2;230;205;148m▀[38;2;0;0;0;48;2;101;90;65m▀[38;2;0;0;0;48;2;0;0;0m▀[38;2;0;0;0;48;2;0;0;0m▀[38;2;0;0;0;48;2;0;0;0m▀[38;2;0;0;0;48;2;43;94;79m▀[38;2;73;159;134;48;2;73;159;134m▀[38;2;73;159;134;48;2;73;159;134m▀[38;2;73;159;134;48;2;43;94;79m▀[38;2;73;159;134;48;2;43;94;79m▀[38;2;43;94;79;48;2;138;224;199m▀[38;2;43;94;79;48;2;138;224;199m▀[38;2;138;224;199;48;2;43;94;79m▀[38;2;0;0;0;48;2;0;0;0m▀[38;2;0;0;0;48;2;0;0;0m▀[0m [0m [38;2;0;0;0;48;2;0;0;0m▀[38;2;43;94;79;48;2;43;94;79m▀[38;2;138;224;199;48;2;138;224;199m▀[38;2;138;224;199;48;2;138;224;199m▀[38;2;138;224;199;48;2;138;224;199m▀[38;2;138;224;199;48;2;138;224;199m▀[38;2;0;0;0;48;2;0;0;0m▀[0m
[0m [38;2;0;0;0;48;2;0;0;0m▀[38;2;101;90;65;48;2;101;90;65m▀[38;2;101;90;65;48;2;101;90;65m▀[38;2;236;218;175;48;2;236;218;175m▀[38;2;236;218;175;48;2;230;205;148m▀[38;2;101;90;65;48;2;101;90;65m▀[38;2;230;205;148;48;2;236;218;175m▀[38;2;230;205;148;48;2;230;205;148m▀[38;2;230;205;148;48;2;230;205;148m▀[38;2;230;205;148;48;2;230;205;148m▀[38;2;230;205;148;48;2;230;205;148m▀[38;2;230;205;148;48;2;230;205;148m▀[38;2;230;205;148;48;2;101;90;65m▀[38;2;230;205;148;48;2;101;90;65m▀[38;2;230;205;148;48;2;101;90;65m▀[38;2;43;94;79;48;2;101;90;65m▀[38;2;73;159;134;48;2;73;159;134m▀[38;2;73;159;134;48;2;73;159;134m▀[38;2;73;159;134;48;2;73;159;134m▀[38;2;43;94;79;48;2;73;159;134m▀[38;2;43;94;79;48;2;73;159;134m▀[38;2;138;224;199;48;2;43;94;79m▀[38;2;138;224;199;48;2;43;94;79m▀[38;2;43;94;79;48;2;0;0;0m▀[38;2;0;0;0;48;2;0;0;0m▀[38;2;0;0;0m▀[0m [0m [38;2;0;0;0;48;2;0;0;0m▀[38;2;43;94;79;48;2;43;94;79m▀[38;2;73;159;134;48;2;73;159;134m▀[38;2;138;224;199;48;2;73;159;134m▀[38;2;138;224;199;48;2;73;159;134m▀[38;2;73;159;134;48;2;0;0;0m▀[38;2;0;0;0;48;2;0;0;0m▀[0m
[0m [38;2;0;0;0;48;2;0;0;0m▀[38;2;0;0;0;48;2;0;0;0m▀[38;2;0;0;0;48;2;0;0;0m▀[38;2;230;205;148;48;2;230;205;148m▀[38;2;230;205;148;48;2;230;205;148m▀[38;2;101;90;65;48;2;101;90;65m▀[38;2;236;218;175;48;2;236;218;175m▀[38;2;236;218;175;48;2;236;218;175m▀[38;2;236;218;175;48;2;236;218;175m▀[38;2;236;218;175;48;2;236;218;175m▀[38;2;230;205;148;48;2;230;205;148m▀[38;2;101;90;65;48;2;101;90;65m▀[38;2;236;218;175;48;2;236;218;175m▀[38;2;230;205;148;48;2;230;205;148m▀[38;2;230;205;148;48;2;230;205;148m▀[38;2;101;90;65;48;2;101;90;65m▀[38;2;73;159;134;48;2;73;159;134m▀[38;2;73;159;134;48;2;73;159;134m▀[38;2;73;159;134;48;2;73;159;134m▀[38;2;73;159;134;48;2;73;159;134m▀[38;2;73;159;134;48;2;73;159;134m▀[38;2;73;159;134;48;2;73;159;134m▀[38;2;73;159;134;48;2;73;159;134m▀[38;2;0;0;0;48;2;0;0;0m▀[38;2;0;0;0;48;2;0;0;0m▀[0m [0m [0m [38;2;0;0;0;48;2;0;0;0m▀[38;2;43;94;79;48;2;43;94;79m▀[38;2;73;159;134;48;2;73;159;134m▀[38;2;73;159;134;48;2;73;159;134m▀[38;2;73;159;134;48;2;73;159;134m▀[38;2;0;0;0;48;2;0;0;0m▀[38;2;0;0;0;48;2;0;0;0m▀[0m
[0m [0m [38;2;0;0;0m▀[38;2;0;0;0m▀[38;2;0;0;0;48;2;0;0;0m▀[38;2;0;0;0;48;2;0;0;0m▀[38;2;101;90;65;48;2;236;218;175m▀[38;2;101;90;65;48;2;236;218;175m▀[38;2;236;218;175;48;2;101;90;65m▀[38;2;236;218;175;48;2;101;90;65m▀[38;2;236;218;175;48;2;101;90;65m▀[38;2;101;90;65;48;2;101;90;65m▀[38;2;236;218;175;48;2;230;205;148m▀[38;2;236;218;175;48;2;230;205;148m▀[38;2;230;205;148;48;2;230;205;148m▀[38;2;230;205;148;48;2;230;205;148m▀[38;2;0;0;0;48;2;0;0;0m▀[38;2;73;159;134;48;2;43;94;79m▀[38;2;73;159;134;48;2;73;159;134m▀[38;2;73;159;134;48;2;73;159;134m▀[38;2;73;159;134;48;2;0;0;0m▀[38;2;73;159;134;48;2;0;0;0m▀[38;2;73;159;134;48;2;0;0;0m▀[38;2;0;0;0;48;2;0;0;0m▀[38;2;0;0;0m▀[0m [0m [0m [0m [38;2;0;0;0;48;2;0;0;0m▀[38;2;43;94;79;48;2;0;0;0m▀[38;2;73;159;134;48;2;0;0;0m▀[38;2;0;0;0;48;2;0;0;0m▀[38;2;0;0;0;48;2;0;0;0m▀[38;2;0;0;0m▀[0m [0m
[0m [0m [0m [0m [38;2;0;0;0m▄[38;2;0;0;0;48;2;101;90;65m▀[38;2;101;90;65;48;2;236;218;175m▀[38;2;236;218;175;48;2;101;90;65m▀[38;2;236;218;175;48;2;236;218;175m▀[38;2;236;218;175;48;2;236;218;175m▀[38;2;236;218;175;48;2;236;218;175m▀[38;2;236;218;175;48;2;236;218;175m▀[38;2;0;0;0;48;2;230;205;148m▀[38;2;0;0;0;48;2;230;205;148m▀[38;2;0;0;0;48;2;230;205;148m▀[38;2;0;0;0;48;2;230;205;148m▀[38;2;230;205;148;48;2;230;205;148m▀[38;2;73;159;134;48;2;73;159;134m▀[38;2;0;0;0;48;2;73;159;134m▀[38;2;0;0;0;48;2;43;94;79m▀[38;2;43;94;79;48;2;73;159;134m▀[38;2;43;94;79;48;2;73;159;134m▀[38;2;0;0;0;48;2;43;94;79m▀[38;2;0;0;0;48;2;0;0;0m▀[38;2;0;0;0m▄[38;2;0;0;0m▄[38;2;0;0;0m▄[38;2;0;0;0m▄[38;2;0;0;0;48;2;43;94;79m▀[38;2;43;94;79;48;2;73;159;134m▀[38;2;230;205;148;48;2;73;159;134m▀[38;2;0;0;0;48;2;0;0;0m▀[38;2;0;0;0;48;2;0;0;0m▀[0m [0m [0m [0m
[0m [0m [0m [0m [38;2;0;0;0;48;2;0;0;0m▀[38;2;0;0;0;48;2;0;0;0m▀[38;2;236;218;175;48;2;236;218;175m▀[38;2;101;90;65;48;2;101;90;65m▀[38;2;230;205;148;48;2;230;205;148m▀[38;2;230;205;148;48;2;230;205;148m▀[38;2;230;205;148;48;2;230;205;148m▀[38;2;230;205;148;48;2;230;205;148m▀[38;2;230;205;148;48;2;230;205;148m▀[38;2;230;205;148;48;2;230;205;148m▀[38;2;101;90;65;48;2;101;90;65m▀[38;2;101;90;65;48;2;101;90;65m▀[38;2;101;90;65;48;2;101;90;65m▀[38;2;101;90;65;48;2;101;90;65m▀[38;2;73;159;134;48;2;73;159;134m▀[38;2;73;159;134;48;2;73;159;134m▀[38;2;43;94;79;48;2;43;94;79m▀[38;2;43;94;79;48;2;43;94;79m▀[38;2;0;0;0;48;2;0;0;0m▀[38;2;73;159;134;48;2;73;159;134m▀[38;2;43;94;79;48;2;43;94;79m▀[38;2;43;94;79;48;2;43;94;79m▀[38;2;43;94;79;48;2;43;94;79m▀[38;2;43;94;79;48;2;43;94;79m▀[38;2;73;159;134;48;2;73;159;134m▀[38;2;73;159;134;48;2;73;159;134m▀[38;2;138;224;199;48;2;138;224;199m▀[38;2;0;0;0;48;2;0;0;0m▀[38;2;0;0;0;48;2;0;0;0m▀[0m [0m [0m [0m
[0m [0m [0m [0m [38;2;0;0;0m▀[38;2;0;0;0;48;2;0;0;0m▀[38;2;230;205;148;48;2;0;0;0m▀[38;2;230;205;148;48;2;0;0;0m▀[38;2;101;90;65;48;2;0;0;0m▀[38;2;101;90;65;48;2;0;0;0m▀[38;2;230;205;148;48;2;101;90;65m▀[38;2;230;205;148;48;2;101;90;65m▀[38;2;230;205;148;48;2;101;90;65m▀[38;2;101;90;65;48;2;0;0;0m▀[38;2;230;205;148;48;2;236;218;175m▀[38;2;230;205;148;48;2;236;218;175m▀[38;2;236;218;175;48;2;236;218;175m▀[38;2;236;218;175;48;2;230;205;148m▀[38;2;101;90;65;48;2;0;0;0m▀[38;2;73;159;134;48;2;43;94;79m▀[38;2;0;0;0;48;2;138;224;199m▀[38;2;0;0;0;48;2;138;224;199m▀[38;2;43;94;79;48;2;43;94;79m▀[38;2;43;94;79;48;2;73;159;134m▀[38;2;73;159;134;48;2;138;224;199m▀[38;2;138;224;199;48;2;73;159;134m▀[38;2;43;94;79;48;2;138;224;199m▀[38;2;43;94;79;48;2;138;224;199m▀[38;2;73;159;134;48;2;43;94;79m▀[38;2;138;224;199;48;2;73;159;134m▀[38;2;0;0;0;48;2;0;0;0m▀[38;2;0;0;0;48;2;0;0;0m▀[0m [0m [0m [0m [0m
[0m [0m [0m [0m [0m [0m [38;2;0;0;0m▀[38;2;0;0;0m▀[38;2;0;0;0;48;2;0;0;0m▀[38;2;0;0;0;48;2;0;0;0m▀[38;2;236;218;175;48;2;0;0;0m▀[38;2;236;218;175;48;2;236;218;175m▀[38;2;236;218;175;48;2;230;205;148m▀[38;2;236;218;175;48;2;230;205;148m▀[38;2;0;0;0;48;2;230;205;148m▀[38;2;0;0;0;48;2;230;205;148m▀[38;2;0;0;0;48;2;230;205;148m▀[38;2;0;0;0;48;2;101;90;65m▀[38;2;43;94;79;48;2;43;94;79m▀[38;2;73;159;134;48;2;73;159;134m▀[38;2;73;159;134;48;2;73;159;134m▀[38;2;73;159;134;48;2;73;159;134m▀[38;2;73;159;134;48;2;73;159;134m▀[38;2;43;94;79;48;2;43;94;79m▀[38;2;73;159;134;48;2;73;159;134m▀[38;2;138;224;199;48;2;73;159;134m▀[38;2;73;159;134;48;2;230;205;148m▀[38;2;73;159;134;48;2;230;205;148m▀[38;2;43;94;79;48;2;43;94;79m▀[38;2;0;0;0;48;2;0;0;0m▀[38;2;0;0;0m▀[0m [0m [0m [0m [0m [0m
[0m [0m [0m [0m [0m [0m [0m [0m [0m [0m [38;2;0;0;0;48;2;0;0;0m▀[38;2;0;0;0;48;2;0;0;0m▀[38;2;101;90;65;48;2;101;90;65m▀[38;2;230;205;148;48;2;230;205;148m▀[38;2;230;205;148;48;2;230;205;148m▀[38;2;230;205;148;48;2;230;205;148m▀[38;2;101;90;65;48;2;101;90;65m▀[38;2;230;205;148;48;2;230;205;148m▀[38;2;230;205;148;48;2;230;205;148m▀[38;2;73;159;134;48;2;73;159;134m▀[38;2;73;159;134;48;2;73;159;134m▀[38;2;73;159;134;48;2;73;159;134m▀[38;2;73;159;134;48;2;73;159;134m▀[38;2;43;94;79;48;2;43;94;79m▀[38;2;230;205;148;48;2;230;205;148m▀[38;2;230;205;148;48;2;230;205;148m▀[38;2;0;0;0;48;2;0;0;0m▀[38;2;0;0;0;48;2;0;0;0m▀[38;2;0;0;0;48;2;0;0;0m▀[0m [0m [0m [0m [0m [0m [0m [0m
[0m [0m [0m [0m [0m [0m [0m [0m [0m [0m [0m [38;2;0;0;0m▀[38;2;0;0;0m▀[38;2;101;90;65;48;2;0;0;0m▀[38;2;101;90;65;48;2;0;0;0m▀[38;2;101;90;65;48;2;0;0;0m▀[38;2;230;205;148;48;2;43;94;79m▀[38;2;230;205;148;48;2;101;90;65m▀[38;2;230;205;148;48;2;101;90;65m▀[38;2;230;205;148;48;2;101;90;65m▀[38;2;230;205;148;48;2;43;94;79m▀[38;2;230;205;148;48;2;43;94;79m▀[38;2;43;94;79;48;2;43;94;79m▀[38;2;230;205;148;48;2;43;94;79m▀[38;2;43;94;79;48;2;0;0;0m▀[38;2;0;0;0;48;2;0;0;0m▀[38;2;0;0;0m▀[38;2;0;0;0m▀[0m [0m [0m [0m [0m [0m [0m [0m [0m
