[38;2;0;0;0;48;2;41;49;74m▀[38;2;41;49;74;48;2;98;98;123m▀[38;2;41;49;74;48;2;98;98;123m▀[38;2;41;49;74;48;2;98;98;123m▀[38;2;0;0;0;48;2;84;59;39m▀[38;2;0;0;0m▄[0m [0m [0m [38;2;0;0;0m▄[38;2;0;0;0m▄[38;2;0;0;0m▄[38;2;0;0;0m▄[38;2;0;0;0;48;2;84;59;39m▀[38;2;0;0;0;48;2;84;59;39m▀[38;2;41;49;74;48;2;98;98;123m▀[38;2;41;49;74;48;2;65;65;82m▀[38;2;41;49;74;48;2;65;65;82m▀[38;2;37;36;50;48;2;41;49;74m▀[38;2;0;0;0;48;2;37;36;50m▀[38;2;0;0;0m▄[0m [0m [0m [0m [0m [0m [0m [0m [0m [0m [0m [0m [0m [0m
[38;2;37;36;50;48;2;37;36;50m▀[38;2;65;65;82;48;2;65;65;82m▀[38;2;98;98;123;48;2;98;98;123m▀[38;2;98;98;123;48;2;98;98;123m▀[38;2;232;232;120;48;2;232;232;120m▀[38;2;84;59;39;48;2;84;59;39m▀[38;2;0;0;0;48;2;0;0;0m▀[38;2;0;0;0m▄[38;2;0;0;0;48;2;0;0;0m▀[38;2;37;36;50;48;2;37;36;50m▀[38;2;37;36;50;48;2;37;36;50m▀[38;2;37;36;50;48;2;37;36;50m▀[38;2;84;59;39;48;2;84;59;39m▀[38;2;232;232;120;48;2;232;232;120m▀[38;2;232;232;120;48;2;232;232;120m▀[38;2;98;98;123;48;2;98;98;123m▀[38;2;41;49;74;48;2;41;49;74m▀[38;2;41;49;74;48;2;41;49;74m▀[38;2;41;49;74;48;2;41;49;74m▀[38;2;16;16;16;48;2;16;16;16m▀[38;2;0;0;0;48;2;0;0;0m▀[0m [0m [0m [0m [0m [0m [0m [0m [0m [0m [0m [0m [0m [0m
[38;2;37;36;50;48;2;0;0;0m▀[38;2;65;65;82;48;2;84;59;39m▀[38;2;65;65;82;48;2;180;148;41m▀[38;2;238;213;82;48;2;180;148;41m▀[38;2;238;213;82;48;2;180;148;41m▀[38;2;238;213;82;48;2;238;213;82m▀[38;2;84;59;39;48;2;65;65;82m▀[38;2;37;36;50;48;2;65;65;82m▀[38;2;37;36;50;48;2;65;65;82m▀[38;2;41;49;74;48;2;65;65;82m▀[38;2;41;49;74;48;2;65;65;82m▀[38;2;65;65;82;48;2;65;65;82m▀[38;2;238;213;82;48;2;180;148;41m▀[38;2;238;213;82;48;2;180;148;41m▀[38;2;180;148;41;48;2;180;148;41m▀[38;2;180;148;41;48;2;84;59;39m▀[38;2;41;49;74;48;2;16;16;16m▀[38;2;41;49;74;48;2;16;16;16m▀[38;2;41;49;74;48;2;37;36;50m▀[38;2;16;16;16;48;2;37;36;50m▀[38;2;0;0;0;48;2;0;0;0m▀[0m [0m [0m [0m [0m [0m [0m [0m [0m [0m [0m [0m [0m [0m
[0m [38;2;0;0;0m▀[38;2;84;59;39;48;2;0;0;0m▀[38;2;84;59;39;48;2;0;0;0m▀[38;2;120;96;56;48;2;84;59;39m▀[38;2;41;49;74;48;2;16;16;16m▀[38;2;65;65;82;48;2;65;65;82m▀[38;2;65;65;82;48;2;65;65;82m▀[38;2;41;49;74;48;2;41;49;74m▀[38;2;41;49;74;48;2;41;49;74m▀[38;2;41;49;74;48;2;41;49;74m▀[38;2;41;49;74;48;2;16;16;16m▀[38;2;41;49;74;48;2;16;16;16m▀[38;2;84;59;39;48;2;41;49;74m▀[38;2;37;36;50;48;2;41;49;74m▀[38;2;41;49;74;48;2;37;36;50m▀[38;2;41;49;74;48;2;37;36;50m▀[38;2;41;49;74;48;2;37;36;50m▀[38;2;41;49;74;48;2;37;36;50m▀[38;2;41;49;74;48;2;41;49;74m▀[38;2;37;36;50;48;2;41;49;74m▀[38;2;0;0;0;48;2;37;36;50m▀[38;2;0;0;0m▄[0m [0m [0m [0m [0m [0m [0m [0m [0m [0m [0m [0m
[0m [38;2;0;0;0;48;2;0;0;0m▀[38;2;37;36;50;48;2;41;49;74m▀[38;2;37;36;50;48;2;41;49;74m▀[38;2;106;32;16;48;2;232;232;120m▀[38;2;65;65;82;48;2;65;65;82m▀[38;2;37;36;50;48;2;41;49;74m▀[38;2;65;65;82;48;2;65;65;82m▀[38;2;41;49;74;48;2;41;49;74m▀[38;2;37;36;50;48;2;37;36;50m▀[38;2;37;36;50;48;2;37;36;50m▀[38;2;41;49;74;48;2;41;49;74m▀[38;2;41;49;74;48;2;41;49;74m▀[38;2;41;49;74;48;2;106;32;16m▀[38;2;106;32;16;48;2;106;32;16m▀[38;2;106;32;16;48;2;232;232;120m▀[38;2;106;32;16;48;2;16;16;16m▀[38;2;106;32;16;48;2;16;16;16m▀[38;2;106;32;16;48;2;106;32;16m▀[38;2;37;36;50;48;2;106;32;16m▀[38;2;41;49;74;48;2;37;36;50m▀[38;2;41;49;74;48;2;41;49;74m▀[38;2;37;36;50;48;2;16;16;16m▀[38;2;0;0;0;48;2;0;0;0m▀[0m [0m [0m [0m [0m [0m [0m [0m [0m [0m [0m
[0m [38;2;0;0;0;48;2;0;0;0m▀[38;2;41;49;74;48;2;106;32;16m▀[38;2;41;49;74;48;2;106;32;16m▀[38;2;232;232;120;48;2;16;16;16m▀[38;2;65;65;82;48;2;98;98;123m▀[38;2;41;49;74;48;2;65;65;82m▀[38;2;65;65;82;48;2;65;65;82m▀[38;2;41;49;74;48;2;65;65;82m▀[38;2;37;36;50;48;2;41;49;74m▀[38;2;37;36;50;48;2;41;49;74m▀[38;2;41;49;74;48;2;41;49;74m▀[38;2;41;49;74;48;2;41;49;74m▀[38;2;106;32;16;48;2;106;32;16m▀[38;2;106;32;16;48;2;232;232;120m▀[38;2;232;232;120;48;2;232;232;120m▀[38;2;16;16;16;48;2;16;16;16m▀[38;2;16;16;16;48;2;16;16;16m▀[38;2;106;32;16;48;2;16;16;16m▀[38;2;106;32;16;48;2;172;65;74m▀[38;2;37;36;50;48;2;37;36;50m▀[38;2;41;49;74;48;2;41;49;74m▀[38;2;16;16;16;48;2;41;49;74m▀[38;2;0;0;0;48;2;37;36;50m▀[38;2;0;0;0;48;2;37;36;50m▀[38;2;0;0;0m▄[0m [0m [0m [0m [0m [0m [0m [0m [0m
[0m [38;2;0;0;0;48;2;0;0;0m▀[38;2;106;32;16;48;2;65;65;82m▀[38;2;106;32;16;48;2;65;65;82m▀[38;2;172;65;74;48;2;65;65;82m▀[38;2;98;98;123;48;2;98;98;123m▀[38;2;65;65;82;48;2;98;98;123m▀[38;2;65;65;82;48;2;65;65;82m▀[38;2;65;65;82;48;2;65;65;82m▀[38;2;65;65;82;48;2;65;65;82m▀[38;2;65;65;82;48;2;65;65;82m▀[38;2;65;65;82;48;2;65;65;82m▀[38;2;41;49;74;48;2;41;49;74m▀[38;2;106;32;16;48;2;106;32;16m▀[38;2;16;16;16;48;2;172;65;74m▀[38;2;16;16;16;48;2;16;16;16m▀[38;2;16;16;16;48;2;16;16;16m▀[38;2;16;16;16;48;2;16;16;16m▀[38;2;16;16;16;48;2;172;65;74m▀[38;2;172;65;74;48;2;172;65;74m▀[38;2;37;36;50;48;2;37;36;50m▀[38;2;41;49;74;48;2;41;49;74m▀[38;2;41;49;74;48;2;41;49;74m▀[38;2;16;16;16;48;2;16;16;16m▀[38;2;16;16;16;48;2;16;16;16m▀[38;2;0;0;0;48;2;0;0;0m▀[0m [0m [0m [0m [0m [0m [0m [0m [0m
[0m [38;2;0;0;0;48;2;0;0;0m▀[38;2;16;16;16;48;2;37;36;50m▀[38;2;16;16;16;48;2;37;36;50m▀[38;2;65;65;82;48;2;98;98;123m▀[38;2;98;98;123;48;2;98;98;123m▀[38;2;98;98;123;48;2;98;98;123m▀[38;2;98;98;123;48;2;65;65;82m▀[38;2;65;65;82;48;2;65;65;82m▀[38;2;65;65;82;48;2;65;65;82m▀[38;2;65;65;82;48;2;65;65;82m▀[38;2;65;65;82;48;2;65;65;82m▀[38;2;65;65;82;48;2;65;65;82m▀[38;2;37;36;50;48;2;41;49;74m▀[38;2;172;65;74;48;2;37;36;50m▀[38;2;172;65;74;48;2;37;36;50m▀[38;2;172;65;74;48;2;37;36;50m▀[38;2;172;65;74;48;2;37;36;50m▀[38;2;172;65;74;48;2;37;36;50m▀[38;2;37;36;50;48;2;41;49;74m▀[38;2;41;49;74;48;2;41;49;74m▀[38;2;41;49;74;48;2;41;49;74m▀[38;2;41;49;74;48;2;16;16;16m▀[38;2;37;36;50;48;2;0;0;0m▀[38;2;37;36;50;48;2;0;0;0m▀[38;2;0;0;0m▀[0m [0m [0m [0m [0m [0m [0m [0m [0m
[0m [38;2;0;0;0;48;2;0;0;0m▀[38;2;37;36;50;48;2;41;49;74m▀[38;2;37;36;50;48;2;41;49;74m▀[38;2;98;98;123;48;2;65;65;82m▀[38;2;98;98;123;48;2;16;16;16m▀[38;2;98;98;123;48;2;65;65;82m▀[38;2;65;65;82;48;2;65;65;82m▀[38;2;65;65;82;48;2;65;65;82m▀[38;2;65;65;82;48;2;65;65;82m▀[38;2;65;65;82;48;2;65;65;82m▀[38;2;65;65;82;48;2;65;65;82m▀[38;2;65;65;82;48;2;41;49;74m▀[38;2;41;49;74;48;2;41;49;74m▀[38;2;37;36;50;48;2;41;49;74m▀[38;2;37;36;50;48;2;41;49;74m▀[38;2;37;36;50;48;2;41;49;74m▀[38;2;37;36;50;48;2;41;49;74m▀[38;2;37;36;50;48;2;41;49;74m▀[38;2;41;49;74;48;2;41;49;74m▀[38;2;41;49;74;48;2;41;49;74m▀[38;2;41;49;74;48;2;41;49;74m▀[38;2;16;16;16;48;2;16;16;16m▀[38;2;0;0;0;48;2;0;0;0m▀[38;2;0;0;0m▄[0m [0m [0m [0m [0m [0m [0m [0m [0m [0m
[0m [38;2;0;0;0m▀[38;2;37;36;50;48;2;0;0;0m▀[38;2;37;36;50;48;2;0;0;0m▀[38;2;65;65;82;48;2;37;36;50m▀[38;2;65;65;82;48;2;65;65;82m▀[38;2;65;65;82;48;2;65;65;82m▀[38;2;65;65;82;48;2;65;65;82m▀[38;2;65;65;82;48;2;65;65;82m▀[38;2;65;65;82;48;2;41;49;74m▀[38;2;65;65;82;48;2;41;49;74m▀[38;2;41;49;74;48;2;41;49;74m▀[38;2;41;49;74;48;2;41;49;74m▀[38;2;41;49;74;48;2;41;49;74m▀[38;2;41;49;74;48;2;41;49;74m▀[38;2;41;49;74;48;2;41;49;74m▀[38;2;41;49;74;48;2;41;49;74m▀[38;2;41;49;74;48;2;41;49;74m▀[38;2;41;49;74;48;2;41;49;74m▀[38;2;41;49;74;48;2;16;16;16m▀[38;2;41;49;74;48;2;16;16;16m▀[38;2;16;16;16;48;2;41;49;74m▀[38;2;41;49;74;48;2;41;49;74m▀[38;2;16;16;16;48;2;16;16;16m▀[38;2;16;16;16;48;2;16;16;16m▀[38;2;0;0;0;48;2;0;0;0m▀[0m [0m [0m [38;2;0;0;0m▄[38;2;0;0;0;48;2;37;36;50m▀[38;2;0;0;0;48;2;37;36;50m▀[38;2;0;0;0;48;2;37;36;50m▀[38;2;0;0;0m▄[0m
[0m [0m [0m [0m [38;2;0;0;0m▀[38;2;37;36;50;48;2;0;0;0m▀[38;2;37;36;50;48;2;0;0;0m▀[38;2;41;49;74;48;2;16;16;16m▀[38;2;41;49;74;48;2;16;16;16m▀[38;2;41;49;74;48;2;16;16;16m▀[38;2;41;49;74;48;2;16;16;16m▀[38;2;16;16;16;48;2;37;36;50m▀[38;2;16;16;16;48;2;37;36;50m▀[38;2;16;16;16;48;2;37;36;50m▀[38;2;37;36;50;48;2;37;36;50m▀[38;2;16;16;16;48;2;37;36;50m▀[38;2;16;16;16;48;2;16;16;16m▀[38;2;16;16;16;48;2;16;16;16m▀[38;2;16;16;16;48;2;41;49;74m▀[38;2;41;49;74;48;2;41;49;74m▀[38;2;41;49;74;48;2;180;148;41m▀[38;2;41;49;74;48;2;238;213;82m▀[38;2;65;65;82;48;2;65;65;82m▀[38;2;65;65;82;48;2;65;65;82m▀[38;2;65;65;82;48;2;65;65;82m▀[38;2;37;36;50;48;2;37;36;50m▀[38;2;0;0;0;48;2;0;0;0m▀[0m [38;2;0;0;0;48;2;0;0;0m▀[38;2;37;36;50;48;2;37;36;50m▀[38;2;65;65;82;48;2;65;65;82m▀[38;2;65;65;82;48;2;65;65;82m▀[38;2;37;36;50;48;2;65;65;82m▀[38;2;0;0;0;48;2;37;36;50m▀[0m
[0m [0m [0m [0m [0m [38;2;0;0;0m▄[38;2;0;0;0;48;2;37;36;50m▀[38;2;16;16;16;48;2;180;148;41m▀[38;2;16;16;16;48;2;180;148;41m▀[38;2;16;16;16;48;2;180;148;41m▀[38;2;16;16;16;48;2;180;148;41m▀[38;2;37;36;50;48;2;180;148;41m▀[38;2;37;36;50;48;2;41;49;74m▀[38;2;37;36;50;48;2;41;49;74m▀[38;2;37;36;50;48;2;37;36;50m▀[38;2;37;36;50;48;2;37;36;50m▀[38;2;16;16;16;48;2;41;49;74m▀[38;2;16;16;16;48;2;41;49;74m▀[38;2;41;49;74;48;2;41;49;74m▀[38;2;41;49;74;48;2;180;148;41m▀[38;2;180;148;41;48;2;65;65;82m▀[38;2;238;213;82;48;2;65;65;82m▀[38;2;65;65;82;48;2;238;213;82m▀[38;2;65;65;82;48;2;65;65;82m▀[38;2;65;65;82;48;2;65;65;82m▀[38;2;37;36;50;48;2;37;36;50m▀[38;2;0;0;0;48;2;0;0;0m▀[0m [38;2;0;0;0;48;2;0;0;0m▀[38;2;37;36;50;48;2;120;96;56m▀[38;2;65;65;82;48;2;238;213;82m▀[38;2;65;65;82;48;2;238;213;82m▀[38;2;65;65;82;48;2;65;65;82m▀[38;2;37;36;50;48;2;37;36;50m▀[0m
[0m [0m [0m [38;2;0;0;0m▄[38;2;0;0;0;48;2;37;36;50m▀[38;2;37;36;50;48;2;37;36;50m▀[38;2;37;36;50;48;2;41;49;74m▀[38;2;180;148;41;48;2;238;213;82m▀[38;2;180;148;41;48;2;238;213;82m▀[38;2;180;148;41;48;2;238;213;82m▀[38;2;180;148;41;48;2;238;213;82m▀[38;2;180;148;41;48;2;238;213;82m▀[38;2;180;148;41;48;2;37;36;50m▀[38;2;180;148;41;48;2;37;36;50m▀[38;2;180;148;41;48;2;37;36;50m▀[38;2;16;16;16;48;2;16;16;16m▀[38;2;41;49;74;48;2;41;49;74m▀[38;2;41;49;74;48;2;41;49;74m▀[38;2;41;49;74;48;2;41;49;74m▀[38;2;180;148;41;48;2;41;49;74m▀[38;2;65;65;82;48;2;180;148;41m▀[38;2;65;65;82;48;2;180;148;41m▀[38;2;180;148;41;48;2;41;49;74m▀[38;2;41;49;74;48;2;16;16;16m▀[38;2;41;49;74;48;2;16;16;16m▀[38;2;16;16;16;48;2;0;0;0m▀[38;2;0;0;0m▀[0m [38;2;0;0;0;48;2;0;0;0m▀[38;2;16;16;16;48;2;16;16;16m▀[38;2;180;148;41;48;2;65;65;82m▀[38;2;180;148;41;48;2;65;65;82m▀[38;2;238;213;82;48;2;180;148;41m▀[38;2;16;16;16;48;2;120;96;56m▀[0m
[0m [0m [0m [38;2;0;0;0;48;2;0;0;0m▀[38;2;37;36;50;48;2;16;16;16m▀[38;2;65;65;82;48;2;65;65;82m▀[38;2;41;49;74;48;2;41;49;74m▀[38;2;238;213;82;48;2;41;49;74m▀[38;2;238;213;82;48;2;238;213;82m▀[38;2;238;213;82;48;2;238;213;82m▀[38;2;238;213;82;48;2;238;213;82m▀[38;2;37;36;50;48;2;16;16;16m▀[38;2;37;36;50;48;2;65;65;82m▀[38;2;65;65;82;48;2;65;65;82m▀[38;2;41;49;74;48;2;41;49;74m▀[38;2;41;49;74;48;2;41;49;74m▀[38;2;41;49;74;48;2;16;16;16m▀[38;2;41;49;74;48;2;16;16;16m▀[38;2;41;49;74;48;2;41;49;74m▀[38;2;41;49;74;48;2;41;49;74m▀[38;2;41;49;74;48;2;41;49;74m▀[38;2;41;49;74;48;2;37;36;50m▀[38;2;41;49;74;48;2;16;16;16m▀[38;2;16;16;16;48;2;0;0;0m▀[38;2;16;16;16;48;2;0;0;0m▀[38;2;0;0;0m▀[0m [0m [38;2;0;0;0;48;2;0;0;0m▀[38;2;16;16;16;48;2;0;0;0m▀[38;2;37;36;50;48;2;16;16;16m▀[38;2;37;36;50;48;2;16;16;16m▀[38;2;65;65;82;48;2;37;36;50m▀[38;2;16;16;16;48;2;0;0;0m▀[0m
[0m [0m [0m [0m [38;2;0;0;0;48;2;0;0;0m▀[38;2;16;16;16;48;2;16;16;16m▀[38;2;16;16;16;48;2;16;16;16m▀[38;2;16;16;16;48;2;16;16;16m▀[38;2;238;213;82;48;2;238;213;82m▀[38;2;238;213;82;48;2;238;213;82m▀[38;2;238;213;82;48;2;238;213;82m▀[38;2;16;16;16;48;2;16;16;16m▀[38;2;41;49;74;48;2;41;49;74m▀[38;2;41;49;74;48;2;41;49;74m▀[38;2;41;49;74;48;2;41;49;74m▀[38;2;16;16;16;48;2;16;16;16m▀[38;2;16;16;16;48;2;16;16;16m▀[38;2;16;16;16;48;2;16;16;16m▀[38;2;16;16;16;48;2;16;16;16m▀[38;2;37;36;50;48;2;37;36;50m▀[38;2;16;16;16;48;2;16;16;16m▀[38;2;16;16;16;48;2;16;16;16m▀[38;2;0;0;0;48;2;0;0;0m▀[38;2;0;0;0m▄[38;2;0;0;0m▄[38;2;0;0;0m▄[38;2;0;0;0m▄[38;2;0;0;0;48;2;0;0;0m▀[38;2;37;36;50;48;2;37;36;50m▀[38;2;16;16;16;48;2;16;16;16m▀[38;2;65;65;82;48;2;65;65;82m▀[38;2;65;65;82;48;2;65;65;82m▀[38;2;16;16;16;48;2;16;16;16m▀[38;2;0;0;0;48;2;0;0;0m▀[0m
[0m [0m [0m [0m [0m [38;2;0;0;0m▀[38;2;0;0;0m▀[38;2;0;0;0;48;2;0;0;0m▀[38;2;16;16;16;48;2;16;16;16m▀[38;2;120;96;56;48;2;238;213;82m▀[38;2;120;96;56;48;2;238;213;82m▀[38;2;120;96;56;48;2;238;213;82m▀[38;2;16;16;16;48;2;238;213;82m▀[38;2;16;16;16;48;2;180;148;41m▀[38;2;16;16;16;48;2;37;36;50m▀[38;2;37;36;50;48;2;37;36;50m▀[38;2;41;49;74;48;2;37;36;50m▀[38;2;41;49;74;48;2;37;36;50m▀[38;2;41;49;74;48;2;41;49;74m▀[38;2;180;148;41;48;2;41;49;74m▀[38;2;41;49;74;48;2;180;148;41m▀[38;2;180;148;41;48;2;41;49;74m▀[38;2;16;16;16;48;2;16;16;16m▀[38;2;37;36;50;48;2;41;49;74m▀[38;2;37;36;50;48;2;41;49;74m▀[38;2;16;16;16;48;2;65;65;82m▀[38;2;16;16;16;48;2;65;65;82m▀[38;2;16;16;16;48;2;37;36;50m▀[38;2;65;65;82;48;2;65;65;82m▀[38;2;65;65;82;48;2;41;49;74m▀[38;2;41;49;74;48;2;16;16;16m▀[38;2;41;49;74;48;2;16;16;16m▀[38;2;16;16;16;48;2;0;0;0m▀[38;2;0;0;0m▀[0m
[0m [0m [0m [0m [0m [0m [38;2;0;0;0;48;2;0;0;0m▀[38;2;37;36;50;48;2;16;16;16m▀[38;2;65;65;82;48;2;41;49;74m▀[38;2;37;36;50;48;2;41;49;74m▀[38;2;37;36;50;48;2;41;49;74m▀[38;2;238;213;82;48;2;16;16;16m▀[38;2;238;213;82;48;2;238;213;82m▀[38;2;37;36;50;48;2;16;16;16m▀[38;2;65;65;82;48;2;65;65;82m▀[38;2;65;65;82;48;2;65;65;82m▀[38;2;41;49;74;48;2;41;49;74m▀[38;2;41;49;74;48;2;41;49;74m▀[38;2;16;16;16;48;2;16;16;16m▀[38;2;41;49;74;48;2;16;16;16m▀[38;2;41;49;74;48;2;16;16;16m▀[38;2;16;16;16;48;2;41;49;74m▀[38;2;37;36;50;48;2;41;49;74m▀[38;2;37;36;50;48;2;16;16;16m▀[38;2;37;36;50;48;2;16;16;16m▀[38;2;41;49;74;48;2;41;49;74m▀[38;2;41;49;74;48;2;41;49;74m▀[38;2;41;49;74;48;2;180;148;41m▀[38;2;16;16;16;48;2;120;96;56m▀[38;2;180;148;41;48;2;16;16;16m▀[38;2;16;16;16;48;2;0;0;0m▀[38;2;16;16;16;48;2;0;0;0m▀[38;2;0;0;0m▀[0m [0m
[0m [0m [0m [0m [0m [0m [0m [38;2;0;0;0;48;2;0;0;0m▀[38;2;37;36;50;48;2;37;36;50m▀[38;2;16;16;16;48;2;16;16;16m▀[38;2;16;16;16;48;2;16;16;16m▀[38;2;16;16;16;48;2;16;16;16m▀[38;2;16;16;16;48;2;16;16;16m▀[38;2;180;148;41;48;2;180;148;41m▀[38;2;37;36;50;48;2;37;36;50m▀[38;2;16;16;16;48;2;16;16;16m▀[38;2;16;16;16;48;2;16;16;16m▀[38;2;16;16;16;48;2;16;16;16m▀[38;2;37;36;50;48;2;37;36;50m▀[38;2;41;49;74;48;2;41;49;74m▀[38;2;41;49;74;48;2;41;49;74m▀[38;2;41;49;74;48;2;41;49;74m▀[38;2;41;49;74;48;2;41;49;74m▀[38;2;120;96;56;48;2;120;96;56m▀[38;2;120;96;56;48;2;120;96;56m▀[38;2;180;148;41;48;2;180;148;41m▀[38;2;180;148;41;48;2;180;148;41m▀[38;2;16;16;16;48;2;16;16;16m▀[38;2;16;16;16;48;2;16;16;16m▀[38;2;0;0;0;48;2;0;0;0m▀[0m [0m [0m [0m [0m
[0m [0m [0m [0m [0m [0m [0m [0m [38;2;0;0;0m▀[38;2;0;0;0m▀[38;2;0;0;0m▀[38;2;0;0;0m▀[38;2;0;0;0m▀[38;2;16;16;16;48;2;0;0;0m▀[38;2;16;16;16;48;2;0;0;0m▀[38;2;180;148;41;48;2;120;96;56m▀[38;2;180;148;41;48;2;16;16;16m▀[38;2;180;148;41;48;2;16;16;16m▀[38;2;180;148;41;48;2;16;16;16m▀[38;2;180;148;41;48;2;16;16;16m▀[38;2;180;148;41;48;2;16;16;16m▀[38;2;180;148;41;48;2;120;96;56m▀[38;2;16;16;16;48;2;0;0;0m▀[38;2;16;16;16;48;2;0;0;0m▀[38;2;16;16;16;48;2;0;0;0m▀[38;2;16;16;16;48;2;0;0;0m▀[38;2;120;96;56;48;2;0;0;0m▀[38;2;0;0;0m▀[38;2;0;0;0m▀[0m [0m [0m [0m [0m [0m
