[0m [0m [0m [0m [0m [0m [38;2;0;0;0m▄[38;2;0;0;0;48;2;156;148;139m▀[38;2;90;90;90;48;2;222;213;222m▀[38;2;0;0;0;48;2;90;90;90m▀[38;2;0;0;0;48;2;90;90;90m▀[38;2;0;0;0m▄[0m [38;2;0;0;0m▄[0m [0m [0m [0m [0m [0m [0m [0m [0m [0m [0m [38;2;0;0;0m▄[38;2;0;0;0;48;2;156;148;139m▀[38;2;90;90;90;48;2;222;213;222m▀[38;2;0;0;0;48;2;16;16;16m▀[38;2;0;0;0;48;2;16;16;16m▀[38;2;0;0;0m▄[38;2;0;0;0m▄[38;2;0;0;0;48;2;156;148;139m▀[38;2;156;148;139;48;2;255;255;255m▀[38;2;90;90;90;48;2;16;16;16m▀[38;2;90;90;90;48;2;16;16;16m▀[38;2;0;0;0;48;2;0;0;0m▀[0m [0m [0m [0m [0m [0m [0m [0m [0m [0m [0m [0m [0m [0m [0m
[0m [0m [0m [0m [0m [0m [38;2;0;0;0;48;2;0;0;0m▀[38;2;156;148;139;48;2;156;148;139m▀[38;2;222;213;222;48;2;222;213;222m▀[38;2;90;90;90;48;2;90;90;90m▀[38;2;90;90;90;48;2;90;90;90m▀[38;2;0;0;0;48;2;0;0;0m▀[38;2;0;0;0;48;2;0;0;0m▀[38;2;90;90;90;48;2;90;90;90m▀[38;2;0;0;0;48;2;0;0;0m▀[0m [0m [0m [0m [0m [0m [0m [0m [0m [0m [38;2;0;0;0;48;2;0;0;0m▀[38;2;156;148;139;48;2;156;148;139m▀[38;2;222;213;222;48;2;222;213;222m▀[38;2;16;16;16;48;2;16;16;16m▀[38;2;16;16;16;48;2;16;16;16m▀[38;2;16;16;16;48;2;16;16;16m▀[38;2;156;148;139;48;2;156;148;139m▀[38;2;255;255;255;48;2;255;255;255m▀[38;2;255;255;255;48;2;255;255;255m▀[38;2;16;16;16;48;2;16;16;16m▀[38;2;16;16;16;48;2;16;16;16m▀[38;2;0;0;0;48;2;0;0;0m▀[0m [0m [0m [0m [0m [0m [0m [0m [0m [0m [0m [0m [0m [0m [0m
[0m [0m [0m [0m [0m [0m [38;2;0;0;0;48;2;0;0;0m▀[38;2;156;148;139;48;2;156;148;139m▀[38;2;222;213;222;48;2;222;213;222m▀[38;2;156;148;139;48;2;222;213;222m▀[38;2;156;148;139;48;2;222;213;222m▀[38;2;90;90;90;48;2;156;148;139m▀[38;2;90;90;90;48;2;156;148;139m▀[38;2;222;213;222;48;2;156;148;139m▀[38;2;16;16;16;48;2;16;16;16m▀[38;2;0;0;0;48;2;0;0;0m▀[0m [0m [0m [0m [0m [38;2;0;0;0m▄[38;2;0;0;0m▄[38;2;0;0;0;48;2;156;148;139m▀[38;2;0;0;0;48;2;156;148;139m▀[38;2;156;148;139;48;2;255;255;255m▀[38;2;222;213;222;48;2;222;213;222m▀[38;2;222;213;222;48;2;222;213;222m▀[38;2;222;213;222;48;2;222;213;222m▀[38;2;222;213;222;48;2;222;213;222m▀[38;2;222;213;222;48;2;156;148;139m▀[38;2;222;213;222;48;2;156;148;139m▀[38;2;222;213;222;48;2;16;16;16m▀[38;2;16;16;16;48;2;0;0;0m▀[38;2;0;0;0m▀[38;2;0;0;0m▀[0m [0m [0m [0m [0m [0m [0m [0m [0m [0m [0m [0m [0m [0m [0m [0m
[0m [0m [0m [0m [38;2;0;0;0m▄[38;2;0;0;0;48;2;156;148;139m▀[38;2;156;148;139;48;2;222;213;222m▀[38;2;222;213;222;48;2;222;213;222m▀[38;2;222;213;222;48;2;156;148;139m▀[38;2;156;148;139;48;2;156;148;139m▀[38;2;156;148;139;48;2;156;148;139m▀[38;2;156;148;139;48;2;156;148;139m▀[38;2;156;148;139;48;2;156;148;139m▀[38;2;156;148;139;48;2;156;148;139m▀[38;2;16;16;16;48;2;16;16;16m▀[38;2;0;0;0;48;2;0;0;0m▀[0m [0m [0m [38;2;0;0;0m▄[38;2;0;0;0;48;2;156;148;139m▀[38;2;156;148;139;48;2;222;213;222m▀[38;2;156;148;139;48;2;222;213;222m▀[38;2;255;255;255;48;2;222;213;222m▀[38;2;255;255;255;48;2;222;213;222m▀[38;2;255;255;255;48;2;156;148;139m▀[38;2;222;213;222;48;2;90;90;90m▀[38;2;156;148;139;48;2;41;49;131m▀[38;2;90;90;90;48;2;41;49;131m▀[38;2;90;90;90;48;2;41;49;131m▀[38;2;41;49;131;48;2;41;49;131m▀[38;2;156;148;139;48;2;156;148;139m▀[38;2;90;90;90;48;2;156;148;139m▀[38;2;0;0;0;48;2;90;90;90m▀[38;2;0;0;0;48;2;90;90;90m▀[38;2;0;0;0;48;2;90;90;90m▀[38;2;0;0;0;48;2;16;16;16m▀[38;2;0;0;0m▄[0m [0m [0m [0m [0m [0m [0m [0m [0m [0m [0m [0m [0m [0m
[0m [0m [0m [0m [38;2;0;0;0;48;2;0;0;0m▀[38;2;156;148;139;48;2;156;148;139m▀[38;2;222;213;222;48;2;222;213;222m▀[38;2;222;213;222;48;2;222;213;222m▀[38;2;156;148;139;48;2;156;148;139m▀[38;2;156;148;139;48;2;156;148;139m▀[38;2;156;148;139;48;2;156;148;139m▀[38;2;156;148;139;48;2;156;148;139m▀[38;2;156;148;139;48;2;156;148;139m▀[38;2;156;148;139;48;2;156;148;139m▀[38;2;16;16;16;48;2;16;16;16m▀[38;2;0;0;0;48;2;0;0;0m▀[38;2;0;0;0m▄[0m [38;2;0;0;0;48;2;0;0;0m▀[38;2;90;90;90;48;2;90;90;90m▀[38;2;222;213;222;48;2;222;213;222m▀[38;2;222;213;222;48;2;222;213;222m▀[38;2;222;213;222;48;2;222;213;222m▀[38;2;222;213;222;48;2;222;213;222m▀[38;2;90;90;90;48;2;90;90;90m▀[38;2;41;49;131;48;2;41;49;131m▀[38;2;41;49;131;48;2;41;49;131m▀[38;2;41;49;131;48;2;41;49;131m▀[38;2;41;49;131;48;2;41;49;131m▀[38;2;41;49;131;48;2;41;49;131m▀[38;2;41;49;131;48;2;41;49;131m▀[38;2;41;49;131;48;2;41;49;131m▀[38;2;156;148;139;48;2;156;148;139m▀[38;2;156;148;139;48;2;156;148;139m▀[38;2;156;148;139;48;2;156;148;139m▀[38;2;156;148;139;48;2;156;148;139m▀[38;2;16;16;16;48;2;16;16;16m▀[38;2;0;0;0;48;2;0;0;0m▀[0m [0m [0m [0m [0m [0m [0m [0m [0m [0m [0m [0m [0m [0m
[0m [0m [0m [0m [38;2;0;0;0;48;2;0;0;0m▀[38;2;156;148;139;48;2;156;148;139m▀[38;2;222;213;222;48;2;222;213;222m▀[38;2;156;148;139;48;2;156;148;139m▀[38;2;156;148;139;48;2;156;148;139m▀[38;2;156;148;139;48;2;156;148;139m▀[38;2;156;148;139;48;2;156;148;139m▀[38;2;156;148;139;48;2;156;148;139m▀[38;2;156;148;139;48;2;156;148;139m▀[38;2;156;148;139;48;2;156;148;139m▀[38;2;156;148;139;48;2;156;148;139m▀[38;2;16;16;16;48;2;16;16;16m▀[38;2;16;16;16;48;2;16;16;16m▀[38;2;0;0;0;48;2;0;0;0m▀[38;2;90;90;90;48;2;90;90;90m▀[38;2;222;213;222;48;2;222;213;222m▀[38;2;222;213;222;48;2;222;213;222m▀[38;2;222;213;222;48;2;90;90;90m▀[38;2;222;213;222;48;2;90;90;90m▀[38;2;90;90;90;48;2;41;49;131m▀[38;2;41;49;131;48;2;41;49;131m▀[38;2;41;49;131;48;2;41;49;131m▀[38;2;41;49;131;48;2;90;98;189m▀[38;2;41;49;131;48;2;90;98;189m▀[38;2;90;98;189;48;2;90;98;189m▀[38;2;90;98;189;48;2;90;98;189m▀[38;2;90;98;189;48;2;115;131;213m▀[38;2;90;98;189;48;2;90;98;189m▀[38;2;156;148;139;48;2;156;148;139m▀[38;2;156;148;139;48;2;16;16;16m▀[38;2;16;16;16;48;2;0;0;0m▀[38;2;16;16;16;48;2;0;0;0m▀[38;2;0;0;0m▀[0m [0m [0m [0m [0m [0m [0m [0m [0m [0m [0m [0m [0m [0m [0m
[0m [0m [0m [38;2;0;0;0;48;2;0;0;0m▀[38;2;156;148;139;48;2;156;148;139m▀[38;2;222;213;222;48;2;222;213;222m▀[38;2;222;213;222;48;2;222;213;222m▀[38;2;156;148;139;48;2;156;148;139m▀[38;2;156;148;139;48;2;156;148;139m▀[38;2;156;148;139;48;2;156;148;139m▀[38;2;156;148;139;48;2;156;148;139m▀[38;2;156;148;139;48;2;156;148;139m▀[38;2;156;148;139;48;2;156;148;139m▀[38;2;156;148;139;48;2;156;148;139m▀[38;2;156;148;139;48;2;156;148;139m▀[38;2;90;90;90;48;2;90;90;90m▀[38;2;90;90;90;48;2;90;90;90m▀[38;2;90;90;90;48;2;255;255;255m▀[38;2;255;255;255;48;2;255;255;255m▀[38;2;222;213;222;48;2;222;213;222m▀[38;2;156;148;139;48;2;90;90;90m▀[38;2;41;49;131;48;2;41;49;131m▀[38;2;41;49;131;48;2;41;49;131m▀[38;2;41;49;131;48;2;41;49;131m▀[38;2;41;49;131;48;2;90;98;189m▀[38;2;90;98;189;48;2;90;98;189m▀[38;2;90;98;189;48;2;115;131;213m▀[38;2;115;131;213;48;2;115;131;213m▀[38;2;115;131;213;48;2;115;131;213m▀[38;2;115;131;213;48;2;115;131;213m▀[38;2;115;131;213;48;2;90;98;189m▀[38;2;90;98;189;48;2;156;148;139m▀[38;2;156;148;139;48;2;16;16;16m▀[38;2;16;16;16;48;2;0;0;0m▀[38;2;0;0;0;48;2;0;0;0m▀[38;2;0;0;0m▄[38;2;0;0;0;48;2;41;49;131m▀[38;2;0;0;0;48;2;41;49;131m▀[38;2;0;0;0m▄[0m [0m [0m [0m [0m [0m [0m [0m [0m [0m [0m [0m [0m
[0m [0m [0m [38;2;0;0;0;48;2;0;0;0m▀[38;2;90;90;90;48;2;90;90;90m▀[38;2;222;213;222;48;2;222;213;222m▀[38;2;156;148;139;48;2;156;148;139m▀[38;2;156;148;139;48;2;156;148;139m▀[38;2;156;148;139;48;2;156;148;139m▀[38;2;156;148;139;48;2;156;148;139m▀[38;2;156;148;139;48;2;156;148;139m▀[38;2;156;148;139;48;2;156;148;139m▀[38;2;156;148;139;48;2;156;148;139m▀[38;2;156;148;139;48;2;156;148;139m▀[38;2;156;148;139;48;2;156;148;139m▀[38;2;156;148;139;48;2;156;148;139m▀[38;2;156;148;139;48;2;156;148;139m▀[38;2;90;90;90;48;2;90;90;90m▀[38;2;255;255;255;48;2;255;255;255m▀[38;2;222;213;222;48;2;222;213;222m▀[38;2;41;49;131;48;2;41;49;131m▀[38;2;41;49;131;48;2;41;49;131m▀[38;2;41;49;131;48;2;41;49;131m▀[38;2;41;49;131;48;2;41;49;131m▀[38;2;90;98;189;48;2;90;98;189m▀[38;2;115;131;213;48;2;115;131;213m▀[38;2;115;131;213;48;2;115;131;213m▀[38;2;115;131;213;48;2;115;131;213m▀[38;2;115;131;213;48;2;115;131;213m▀[38;2;115;131;213;48;2;115;131;213m▀[38;2;90;98;189;48;2;90;98;189m▀[38;2;156;148;139;48;2;156;148;139m▀[38;2;16;16;16;48;2;16;16;16m▀[38;2;0;0;0;48;2;0;0;0m▀[38;2;41;49;131;48;2;41;49;131m▀[38;2;41;49;131;48;2;41;49;131m▀[38;2;139;156;246;48;2;139;156;246m▀[38;2;139;156;246;48;2;139;156;246m▀[38;2;41;49;131;48;2;41;49;131m▀[38;2;0;0;0;48;2;0;0;0m▀[0m [0m [0m [0m [0m [0m [0m [0m [0m [0m [0m [0m
[0m [0m [0m [38;2;0;0;0m▀[38;2;90;90;90;48;2;0;0;0m▀[38;2;156;148;139;48;2;90;90;90m▀[38;2;156;148;139;48;2;156;148;139m▀[38;2;156;148;139;48;2;156;148;139m▀[38;2;156;148;139;48;2;156;148;139m▀[38;2;156;148;139;48;2;156;148;139m▀[38;2;156;148;139;48;2;156;148;139m▀[38;2;156;148;139;48;2;156;148;139m▀[38;2;156;148;139;48;2;156;148;139m▀[38;2;156;148;139;48;2;156;148;139m▀[38;2;156;148;139;48;2;156;148;139m▀[38;2;156;148;139;48;2;156;148;139m▀[38;2;156;148;139;48;2;156;148;139m▀[38;2;90;90;90;48;2;90;90;90m▀[38;2;222;213;222;48;2;222;213;222m▀[38;2;156;148;139;48;2;41;49;131m▀[38;2;41;49;131;48;2;41;49;131m▀[38;2;41;49;131;48;2;41;49;131m▀[38;2;41;49;131;48;2;41;49;131m▀[38;2;90;98;189;48;2;90;98;189m▀[38;2;90;98;189;48;2;115;131;213m▀[38;2;115;131;213;48;2;115;131;213m▀[38;2;115;131;213;48;2;115;131;213m▀[38;2;115;131;213;48;2;115;131;213m▀[38;2;90;98;189;48;2;90;98;189m▀[38;2;90;98;189;48;2;90;98;189m▀[38;2;156;148;139;48;2;156;148;139m▀[38;2;16;16;16;48;2;16;16;16m▀[38;2;41;49;131;48;2;115;131;213m▀[38;2;41;49;131;48;2;115;131;213m▀[38;2;139;156;246;48;2;139;156;246m▀[38;2;139;156;246;48;2;139;156;246m▀[38;2;139;156;246;48;2;139;156;246m▀[38;2;16;16;16;48;2;16;16;16m▀[38;2;0;0;0;48;2;0;0;0m▀[38;2;0;0;0m▄[0m [0m [0m [0m [0m [0m [0m [0m [0m [0m [0m [0m
[0m [0m [0m [0m [38;2;0;0;0m▀[38;2;90;90;90;48;2;0;0;0m▀[38;2;156;148;139;48;2;90;90;90m▀[38;2;156;148;139;48;2;156;148;139m▀[38;2;156;148;139;48;2;156;148;139m▀[38;2;156;148;139;48;2;41;49;131m▀[38;2;156;148;139;48;2;41;49;131m▀[38;2;156;148;139;48;2;41;49;131m▀[38;2;156;148;139;48;2;41;49;131m▀[38;2;156;148;139;48;2;41;49;131m▀[38;2;156;148;139;48;2;41;49;131m▀[38;2;16;16;16;48;2;16;16;16m▀[38;2;16;16;16;48;2;16;16;16m▀[38;2;222;213;222;48;2;222;213;222m▀[38;2;222;213;222;48;2;222;213;222m▀[38;2;41;49;131;48;2;41;49;131m▀[38;2;41;49;131;48;2;41;49;131m▀[38;2;41;49;131;48;2;156;148;139m▀[38;2;41;49;131;48;2;156;148;139m▀[38;2;90;98;189;48;2;90;90;90m▀[38;2;115;131;213;48;2;41;49;131m▀[38;2;115;131;213;48;2;115;131;213m▀[38;2;115;131;213;48;2;90;98;189m▀[38;2;90;98;189;48;2;156;148;139m▀[38;2;156;148;139;48;2;156;148;139m▀[38;2;156;148;139;48;2;156;148;139m▀[38;2;16;16;16;48;2;16;16;16m▀[38;2;115;131;213;48;2;115;131;213m▀[38;2;115;131;213;48;2;115;131;213m▀[38;2;115;131;213;48;2;115;131;213m▀[38;2;115;131;213;48;2;16;16;16m▀[38;2;115;131;213;48;2;16;16;16m▀[38;2;16;16;16;48;2;0;0;0m▀[38;2;0;0;0;48;2;41;49;131m▀[38;2;0;0;0;48;2;41;49;131m▀[38;2;41;49;131;48;2;139;156;246m▀[38;2;0;0;0;48;2;16;16;16m▀[38;2;0;0;0;48;2;16;16;16m▀[38;2;0;0;0m▄[0m [38;2;0;0;0m▄[38;2;0;0;0;48;2;90;98;189m▀[38;2;0;0;0;48;2;41;49;131m▀[38;2;0;0;0m▄[38;2;0;0;0m▄[0m [0m [0m
[0m [0m [0m [0m [0m [38;2;0;0;0;48;2;0;0;0m▀[38;2;90;90;90;48;2;90;90;90m▀[38;2;41;49;131;48;2;41;49;131m▀[38;2;41;49;131;48;2;41;49;131m▀[38;2;164;180;246;48;2;164;180;246m▀[38;2;164;180;246;48;2;164;180;246m▀[38;2;164;180;246;48;2;164;180;246m▀[38;2;164;180;246;48;2;164;180;246m▀[38;2;164;180;246;48;2;164;180;246m▀[38;2;164;180;246;48;2;164;180;246m▀[38;2;90;90;90;48;2;90;90;90m▀[38;2;90;90;90;48;2;90;90;90m▀[38;2;222;213;222;48;2;222;213;222m▀[38;2;222;213;222;48;2;222;213;222m▀[38;2;156;148;139;48;2;156;148;139m▀[38;2;156;148;139;48;2;156;148;139m▀[38;2;156;148;139;48;2;156;148;139m▀[38;2;156;148;139;48;2;156;148;139m▀[38;2;90;90;90;48;2;90;90;90m▀[38;2;41;49;131;48;2;41;49;131m▀[38;2;90;98;189;48;2;90;98;189m▀[38;2;156;148;139;48;2;156;148;139m▀[38;2;156;148;139;48;2;156;148;139m▀[38;2;16;16;16;48;2;16;16;16m▀[38;2;16;16;16;48;2;16;16;16m▀[38;2;90;98;189;48;2;90;98;189m▀[38;2;90;98;189;48;2;90;98;189m▀[38;2;90;98;189;48;2;90;98;189m▀[38;2;90;98;189;48;2;90;98;189m▀[38;2;90;98;189;48;2;90;98;189m▀[38;2;90;98;189;48;2;90;98;189m▀[38;2;41;49;131;48;2;41;49;131m▀[38;2;115;131;213;48;2;115;131;213m▀[38;2;139;156;246;48;2;139;156;246m▀[38;2;139;156;246;48;2;139;156;246m▀[38;2;16;16;16;48;2;16;16;16m▀[38;2;16;16;16;48;2;16;16;16m▀[38;2;0;0;0;48;2;0;0;0m▀[0m [38;2;0;0;0;48;2;0;0;0m▀[38;2;90;98;189;48;2;90;98;189m▀[38;2;139;156;246;48;2;139;156;246m▀[38;2;41;49;131;48;2;41;49;131m▀[38;2;41;49;131;48;2;41;49;131m▀[38;2;0;0;0;48;2;0;0;0m▀[0m [0m
[0m [0m [0m [0m [38;2;0;0;0m▄[38;2;0;0;0;48;2;90;98;189m▀[38;2;41;49;131;48;2;115;131;213m▀[38;2;255;255;255;48;2;255;255;255m▀[38;2;255;255;255;48;2;255;255;255m▀[38;2;41;49;131;48;2;41;49;131m▀[38;2;41;49;131;48;2;41;49;131m▀[38;2;164;180;246;48;2;164;180;246m▀[38;2;164;180;246;48;2;164;180;246m▀[38;2;164;180;246;48;2;164;180;246m▀[38;2;164;180;246;48;2;164;180;246m▀[38;2;90;90;90;48;2;90;90;90m▀[38;2;90;90;90;48;2;90;90;90m▀[38;2;222;213;222;48;2;222;213;222m▀[38;2;222;213;222;48;2;222;213;222m▀[38;2;222;213;222;48;2;222;213;222m▀[38;2;156;148;139;48;2;156;148;139m▀[38;2;90;90;90;48;2;90;90;90m▀[38;2;90;90;90;48;2;90;90;90m▀[38;2;41;49;131;48;2;41;49;131m▀[38;2;156;148;139;48;2;156;148;139m▀[38;2;156;148;139;48;2;156;148;139m▀[38;2;156;148;139;48;2;16;16;16m▀[38;2;16;16;16;48;2;115;131;213m▀[38;2;115;131;213;48;2;115;131;213m▀[38;2;115;131;213;48;2;115;131;213m▀[38;2;115;131;213;48;2;115;131;213m▀[38;2;115;131;213;48;2;115;131;213m▀[38;2;90;98;189;48;2;90;98;189m▀[38;2;90;98;189;48;2;90;98;189m▀[38;2;115;131;213;48;2;90;98;189m▀[38;2;115;131;213;48;2;90;98;189m▀[38;2;115;131;213;48;2;115;131;213m▀[38;2;115;131;213;48;2;115;131;213m▀[38;2;115;131;213;48;2;16;16;16m▀[38;2;16;16;16;48;2;0;0;0m▀[38;2;0;0;0m▀[38;2;0;0;0m▀[0m [0m [0m [38;2;0;0;0;48;2;0;0;0m▀[38;2;90;98;189;48;2;90;98;189m▀[38;2;139;156;246;48;2;139;156;246m▀[38;2;139;156;246;48;2;139;156;246m▀[38;2;41;49;131;48;2;41;49;131m▀[38;2;0;0;0;48;2;0;0;0m▀[0m
[0m [0m [0m [38;2;0;0;0m▄[38;2;0;0;0;48;2;90;98;189m▀[38;2;90;98;189;48;2;164;180;246m▀[38;2;164;180;246;48;2;164;180;246m▀[38;2;41;49;131;48;2;164;180;246m▀[38;2;41;49;131;48;2;164;180;246m▀[38;2;164;180;246;48;2;164;180;246m▀[38;2;164;180;246;48;2;164;180;246m▀[38;2;164;180;246;48;2;164;180;246m▀[38;2;164;180;246;48;2;41;49;131m▀[38;2;164;180;246;48;2;41;49;131m▀[38;2;164;180;246;48;2;164;180;246m▀[38;2;164;180;246;48;2;164;180;246m▀[38;2;164;180;246;48;2;164;180;246m▀[38;2;90;90;90;48;2;164;180;246m▀[38;2;222;213;222;48;2;90;90;90m▀[38;2;156;148;139;48;2;156;148;139m▀[38;2;156;148;139;48;2;156;148;139m▀[38;2;156;148;139;48;2;90;90;90m▀[38;2;156;148;139;48;2;90;90;90m▀[38;2;156;148;139;48;2;0;0;0m▀[38;2;90;90;90;48;2;115;131;213m▀[38;2;16;16;16;48;2;115;131;213m▀[38;2;115;131;213;48;2;115;131;213m▀[38;2;115;131;213;48;2;115;131;213m▀[38;2;115;131;213;48;2;115;131;213m▀[38;2;115;131;213;48;2;115;131;213m▀[38;2;115;131;213;48;2;115;131;213m▀[38;2;115;131;213;48;2;115;131;213m▀[38;2;115;131;213;48;2;115;131;213m▀[38;2;115;131;213;48;2;115;131;213m▀[38;2;90;98;189;48;2;115;131;213m▀[38;2;90;98;189;48;2;115;131;213m▀[38;2;90;98;189;48;2;90;98;189m▀[38;2;115;131;213;48;2;115;131;213m▀[38;2;16;16;16;48;2;16;16;16m▀[38;2;0;0;0;48;2;0;0;0m▀[0m [0m [0m [38;2;0;0;0m▄[38;2;0;0;0m▄[38;2;0;0;0;48;2;41;49;131m▀[38;2;41;49;131;48;2;139;156;246m▀[38;2;139;156;246;48;2;115;131;213m▀[38;2;139;156;246;48;2;115;131;213m▀[38;2;222;213;222;48;2;222;213;222m▀[38;2;41;49;131;48;2;0;0;0m▀[0m
[0m [38;2;0;0;0m▄[38;2;0;0;0;48;2;90;90;90m▀[38;2;0;0;0;48;2;90;90;90m▀[38;2;90;98;189;48;2;90;90;90m▀[38;2;164;180;246;48;2;90;90;90m▀[38;2;164;180;246;48;2;164;180;246m▀[38;2;164;180;246;48;2;164;180;246m▀[38;2;164;180;246;48;2;164;180;246m▀[38;2;164;180;246;48;2;164;180;246m▀[38;2;164;180;246;48;2;164;180;246m▀[38;2;41;49;131;48;2;41;49;131m▀[38;2;255;255;255;48;2;255;255;255m▀[38;2;0;0;0;48;2;74;24;106m▀[38;2;0;0;0;48;2;0;0;0m▀[38;2;164;180;246;48;2;164;180;246m▀[38;2;164;180;246;48;2;164;180;246m▀[38;2;115;131;213;48;2;115;131;213m▀[38;2;115;131;213;48;2;115;131;213m▀[38;2;90;90;90;48;2;115;131;213m▀[38;2;90;90;90;48;2;90;98;189m▀[38;2;41;49;131;48;2;41;49;131m▀[38;2;41;49;131;48;2;41;49;131m▀[38;2;115;131;213;48;2;115;131;213m▀[38;2;115;131;213;48;2;115;131;213m▀[38;2;115;131;213;48;2;115;131;213m▀[38;2;115;131;213;48;2;115;131;213m▀[38;2;115;131;213;48;2;115;131;213m▀[38;2;115;131;213;48;2;139;156;246m▀[38;2;115;131;213;48;2;139;156;246m▀[38;2;139;156;246;48;2;139;156;246m▀[38;2;139;156;246;48;2;139;156;246m▀[38;2;115;131;213;48;2;139;156;246m▀[38;2;115;131;213;48;2;139;156;246m▀[38;2;115;131;213;48;2;115;131;213m▀[38;2;115;131;213;48;2;115;131;213m▀[38;2;90;98;189;48;2;115;131;213m▀[38;2;115;131;213;48;2;90;98;189m▀[38;2;115;131;213;48;2;115;131;213m▀[38;2;41;49;131;48;2;115;131;213m▀[38;2;0;0;0;48;2;41;49;131m▀[38;2;0;0;0;48;2;41;49;131m▀[38;2;0;0;0;48;2;41;49;131m▀[38;2;41;49;131;48;2;90;98;189m▀[38;2;41;49;131;48;2;115;131;213m▀[38;2;139;156;246;48;2;115;131;213m▀[38;2;115;131;213;48;2;115;131;213m▀[38;2;115;131;213;48;2;115;131;213m▀[38;2;115;131;213;48;2;115;131;213m▀[38;2;222;213;222;48;2;222;213;222m▀[38;2;0;0;0;48;2;0;0;0m▀[0m
[38;2;0;0;0m▄[38;2;0;0;0;48;2;90;90;90m▀[38;2;90;90;90;48;2;255;255;255m▀[38;2;90;90;90;48;2;255;255;255m▀[38;2;90;90;90;48;2;255;255;255m▀[38;2;90;90;90;48;2;255;255;255m▀[38;2;164;180;246;48;2;90;90;90m▀[38;2;164;180;246;48;2;90;90;90m▀[38;2;164;180;246;48;2;164;180;246m▀[38;2;164;180;246;48;2;164;180;246m▀[38;2;164;180;246;48;2;164;180;246m▀[38;2;41;49;131;48;2;0;0;0m▀[38;2;255;255;255;48;2;0;0;0m▀[38;2;74;24;106;48;2;74;24;106m▀[38;2;0;0;0;48;2;0;0;0m▀[38;2;164;180;246;48;2;115;131;213m▀[38;2;164;180;246;48;2;115;131;213m▀[38;2;115;131;213;48;2;115;131;213m▀[38;2;115;131;213;48;2;115;131;213m▀[38;2;115;131;213;48;2;115;131;213m▀[38;2;90;98;189;48;2;90;98;189m▀[38;2;41;49;131;48;2;0;0;0m▀[38;2;41;49;131;48;2;0;0;0m▀[38;2;115;131;213;48;2;115;131;213m▀[38;2;115;131;213;48;2;115;131;213m▀[38;2;115;131;213;48;2;115;131;213m▀[38;2;115;131;213;48;2;115;131;213m▀[38;2;115;131;213;48;2;115;131;213m▀[38;2;139;156;246;48;2;139;156;246m▀[38;2;139;156;246;48;2;139;156;246m▀[38;2;139;156;246;48;2;139;156;246m▀[38;2;139;156;246;48;2;139;156;246m▀[38;2;139;156;246;48;2;139;156;246m▀[38;2;139;156;246;48;2;139;156;246m▀[38;2;115;131;213;48;2;115;131;213m▀[38;2;115;131;213;48;2;115;131;213m▀[38;2;115;131;213;48;2;115;131;213m▀[38;2;90;98;189;48;2;16;16;16m▀[38;2;115;131;213;48;2;115;131;213m▀[38;2;115;131;213;48;2;115;131;213m▀[38;2;41;49;131;48;2;115;131;213m▀[38;2;41;49;131;48;2;115;131;213m▀[38;2;41;49;131;48;2;115;131;213m▀[38;2;90;98;189;48;2;115;131;213m▀[38;2;115;131;213;48;2;115;131;213m▀[38;2;115;131;213;48;2;115;131;213m▀[38;2;115;131;213;48;2;115;131;213m▀[38;2;115;131;213;48;2;222;213;222m▀[38;2;115;131;213;48;2;222;213;222m▀[38;2;222;213;222;48;2;41;49;131m▀[38;2;0;0;0;48;2;0;0;0m▀[0m
[38;2;90;90;90;48;2;0;0;0m▀[38;2;255;255;255;48;2;255;255;255m▀[38;2;255;255;255;48;2;255;255;255m▀[38;2;255;255;255;48;2;255;255;255m▀[38;2;255;255;255;48;2;255;255;255m▀[38;2;255;255;255;48;2;255;255;255m▀[38;2;255;255;255;48;2;255;255;255m▀[38;2;255;255;255;48;2;255;255;255m▀[38;2;90;90;90;48;2;255;255;255m▀[38;2;164;180;246;48;2;90;90;90m▀[38;2;164;180;246;48;2;90;90;90m▀[38;2;0;0;0;48;2;90;98;189m▀[38;2;98;57;123;48;2;0;0;0m▀[38;2;98;57;123;48;2;0;0;0m▀[38;2;0;0;0;48;2;115;131;213m▀[38;2;115;131;213;48;2;115;131;213m▀[38;2;115;131;213;48;2;115;131;213m▀[38;2;115;131;213;48;2;115;131;213m▀[38;2;115;131;213;48;2;115;131;213m▀[38;2;115;131;213;48;2;115;131;213m▀[38;2;90;98;189;48;2;90;98;189m▀[38;2;90;98;189;48;2;90;98;189m▀[38;2;90;98;189;48;2;90;98;189m▀[38;2;115;131;213;48;2;115;131;213m▀[38;2;115;131;213;48;2;115;131;213m▀[38;2;115;131;213;48;2;115;131;213m▀[38;2;115;131;213;48;2;90;98;189m▀[38;2;115;131;213;48;2;115;131;213m▀[38;2;139;156;246;48;2;115;131;213m▀[38;2;139;156;246;48;2;115;131;213m▀[38;2;139;156;246;48;2;139;156;246m▀[38;2;139;156;246;48;2;139;156;246m▀[38;2;139;156;246;48;2;139;156;246m▀[38;2;139;156;246;48;2;115;131;213m▀[38;2;115;131;213;48;2;115;131;213m▀[38;2;115;131;213;48;2;115;131;213m▀[38;2;115;131;213;48;2;115;131;213m▀[38;2;90;98;189;48;2;90;98;189m▀[38;2;16;16;16;48;2;16;16;16m▀[38;2;115;131;213;48;2;90;98;189m▀[38;2;115;131;213;48;2;115;131;213m▀[38;2;115;131;213;48;2;115;131;213m▀[38;2;115;131;213;48;2;115;131;213m▀[38;2;115;131;213;48;2;115;131;213m▀[38;2;115;131;213;48;2;115;131;213m▀[38;2;115;131;213;48;2;90;98;189m▀[38;2;115;131;213;48;2;222;213;222m▀[38;2;222;213;222;48;2;0;0;0m▀[38;2;222;213;222;48;2;0;0;0m▀[38;2;0;0;0;48;2;0;0;0m▀[38;2;0;0;0m▀[0m
[38;2;0;0;0;48;2;0;0;0m▀[38;2;255;255;255;48;2;0;0;0m▀[38;2;255;255;255;48;2;255;255;255m▀[38;2;255;255;255;48;2;255;255;255m▀[38;2;255;255;255;48;2;255;255;255m▀[38;2;255;255;255;48;2;255;255;255m▀[38;2;255;255;255;48;2;255;255;255m▀[38;2;255;255;255;48;2;213;205;213m▀[38;2;213;205;213;48;2;213;205;213m▀[38;2;90;90;90;48;2;0;0;0m▀[38;2;90;90;90;48;2;0;0;0m▀[38;2;90;98;189;48;2;90;98;189m▀[38;2;115;131;213;48;2;90;98;189m▀[38;2;115;131;213;48;2;115;131;213m▀[38;2;115;131;213;48;2;115;131;213m▀[38;2;115;131;213;48;2;115;131;213m▀[38;2;115;131;213;48;2;115;131;213m▀[38;2;115;131;213;48;2;115;131;213m▀[38;2;115;131;213;48;2;90;98;189m▀[38;2;90;98;189;48;2;90;98;189m▀[38;2;90;98;189;48;2;90;98;189m▀[38;2;115;131;213;48;2;41;49;131m▀[38;2;115;131;213;48;2;41;49;131m▀[38;2;115;131;213;48;2;115;131;213m▀[38;2;115;131;213;48;2;115;131;213m▀[38;2;115;131;213;48;2;115;131;213m▀[38;2;115;131;213;48;2;90;98;189m▀[38;2;90;98;189;48;2;41;49;131m▀[38;2;115;131;213;48;2;115;131;213m▀[38;2;115;131;213;48;2;115;131;213m▀[38;2;115;131;213;48;2;115;131;213m▀[38;2;115;131;213;48;2;115;131;213m▀[38;2;115;131;213;48;2;115;131;213m▀[38;2;115;131;213;48;2;115;131;213m▀[38;2;115;131;213;48;2;115;131;213m▀[38;2;115;131;213;48;2;115;131;213m▀[38;2;115;131;213;48;2;115;131;213m▀[38;2;90;98;189;48;2;90;98;189m▀[38;2;16;16;16;48;2;0;0;0m▀[38;2;90;98;189;48;2;41;49;131m▀[38;2;90;98;189;48;2;156;148;139m▀[38;2;90;98;189;48;2;156;148;139m▀[38;2;90;98;189;48;2;156;148;139m▀[38;2;90;98;189;48;2;156;148;139m▀[38;2;156;148;139;48;2;0;0;0m▀[38;2;156;148;139;48;2;41;49;131m▀[38;2;0;0;0;48;2;0;0;0m▀[38;2;0;0;0m▀[38;2;0;0;0m▀[0m [0m [0m
[38;2;0;0;0m▀[38;2;0;0;0;48;2;0;0;0m▀[38;2;255;255;255;48;2;0;0;0m▀[38;2;255;255;255;48;2;0;0;0m▀[38;2;255;255;255;48;2;0;0;0m▀[38;2;255;255;255;48;2;213;205;213m▀[38;2;255;255;255;48;2;213;205;213m▀[38;2;213;205;213;48;2;213;205;213m▀[38;2;213;205;213;48;2;0;0;0m▀[38;2;0;0;0;48;2;90;98;189m▀[38;2;0;0;0;48;2;90;98;189m▀[38;2;90;98;189;48;2;90;98;189m▀[38;2;90;98;189;48;2;90;98;189m▀[38;2;115;131;213;48;2;90;98;189m▀[38;2;115;131;213;48;2;90;98;189m▀[38;2;115;131;213;48;2;90;98;189m▀[38;2;115;131;213;48;2;90;98;189m▀[38;2;115;131;213;48;2;90;98;189m▀[38;2;90;98;189;48;2;90;98;189m▀[38;2;90;98;189;48;2;16;16;16m▀[38;2;90;98;189;48;2;41;49;131m▀[38;2;41;49;131;48;2;115;131;213m▀[38;2;41;49;131;48;2;115;131;213m▀[38;2;115;131;213;48;2;115;131;213m▀[38;2;115;131;213;48;2;139;156;246m▀[38;2;115;131;213;48;2;139;156;246m▀[38;2;90;98;189;48;2;16;16;16m▀[38;2;41;49;131;48;2;41;49;131m▀[38;2;115;131;213;48;2;41;49;131m▀[38;2;115;131;213;48;2;41;49;131m▀[38;2;115;131;213;48;2;115;131;213m▀[38;2;115;131;213;48;2;115;131;213m▀[38;2;115;131;213;48;2;115;131;213m▀[38;2;115;131;213;48;2;115;131;213m▀[38;2;115;131;213;48;2;115;131;213m▀[38;2;115;131;213;48;2;115;131;213m▀[38;2;115;131;213;48;2;90;98;189m▀[38;2;90;98;189;48;2;16;16;16m▀[38;2;0;0;0;48;2;0;0;0m▀[38;2;41;49;131;48;2;0;0;0m▀[38;2;156;148;139;48;2;0;0;0m▀[38;2;156;148;139;48;2;0;0;0m▀[38;2;156;148;139;48;2;0;0;0m▀[38;2;156;148;139;48;2;0;0;0m▀[38;2;0;0;0;48;2;0;0;0m▀[38;2;41;49;131;48;2;0;0;0m▀[38;2;0;0;0m▀[0m [0m [0m [0m [0m
[0m [0m [38;2;0;0;0m▀[38;2;0;0;0m▀[38;2;0;0;0;48;2;0;0;0m▀[38;2;0;0;0;48;2;41;49;131m▀[38;2;0;0;0;48;2;90;98;189m▀[38;2;0;0;0;48;2;90;98;189m▀[38;2;41;49;131;48;2;90;98;189m▀[38;2;41;49;131;48;2;16;16;16m▀[38;2;41;49;131;48;2;16;16;16m▀[38;2;41;49;131;48;2;0;0;0m▀[38;2;90;98;189;48;2;0;0;0m▀[38;2;90;98;189;48;2;0;0;0m▀[38;2;90;98;189;48;2;41;49;131m▀[38;2;90;98;189;48;2;0;0;0m▀[38;2;90;98;189;48;2;0;0;0m▀[38;2;0;0;0;48;2;0;0;0m▀[38;2;16;16;16;48;2;0;0;0m▀[38;2;0;0;0;48;2;41;49;131m▀[38;2;41;49;131;48;2;139;156;246m▀[38;2;139;156;246;48;2;139;156;246m▀[38;2;139;156;246;48;2;139;156;246m▀[38;2;139;156;246;48;2;139;156;246m▀[38;2;139;156;246;48;2;139;156;246m▀[38;2;90;98;189;48;2;16;16;16m▀[38;2;16;16;16;48;2;0;0;0m▀[38;2;0;0;0m▀[38;2;0;0;0m▀[38;2;0;0;0m▀[38;2;16;16;16;48;2;0;0;0m▀[38;2;90;98;189;48;2;16;16;16m▀[38;2;41;49;131;48;2;205;205;205m▀[38;2;90;98;189;48;2;41;49;131m▀[38;2;41;49;131;48;2;205;205;205m▀[38;2;41;49;131;48;2;205;205;205m▀[38;2;16;16;16;48;2;16;16;16m▀[38;2;0;0;0;48;2;0;0;0m▀[0m [0m [38;2;0;0;0m▀[38;2;0;0;0m▀[38;2;0;0;0m▀[38;2;0;0;0m▀[0m [0m [0m [0m [0m [0m [0m [0m
[0m [0m [0m [38;2;0;0;0;48;2;0;0;0m▀[38;2;41;49;131;48;2;16;16;16m▀[38;2;255;255;255;48;2;205;205;205m▀[38;2;41;49;131;48;2;16;16;16m▀[38;2;16;16;16;48;2;205;205;205m▀[38;2;41;49;131;48;2;41;49;131m▀[38;2;0;0;0;48;2;0;0;0m▀[38;2;0;0;0m▀[0m [38;2;0;0;0m▀[38;2;0;0;0m▀[38;2;0;0;0m▀[38;2;0;0;0m▀[38;2;0;0;0m▀[38;2;0;0;0m▄[38;2;0;0;0;48;2;41;49;131m▀[38;2;41;49;131;48;2;255;255;255m▀[38;2;115;131;213;48;2;41;49;131m▀[38;2;115;131;213;48;2;255;255;255m▀[38;2;115;131;213;48;2;255;255;255m▀[38;2;139;156;246;48;2;90;98;189m▀[38;2;90;98;189;48;2;16;16;16m▀[38;2;16;16;16;48;2;0;0;0m▀[38;2;0;0;0m▀[0m [0m [0m [0m [38;2;0;0;0m▀[38;2;16;16;16;48;2;0;0;0m▀[38;2;16;16;16;48;2;0;0;0m▀[38;2;16;16;16;48;2;0;0;0m▀[38;2;16;16;16;48;2;0;0;0m▀[38;2;0;0;0m▀[0m [0m [0m [0m [0m [0m [0m [0m [0m [0m [0m [0m [0m [0m [0m
[0m [0m [0m [38;2;0;0;0m▀[38;2;16;16;16;48;2;0;0;0m▀[38;2;205;205;205;48;2;16;16;16m▀[38;2;16;16;16;48;2;16;16;16m▀[38;2;205;205;205;48;2;16;16;16m▀[38;2;41;49;131;48;2;0;0;0m▀[38;2;0;0;0m▀[0m [0m [0m [0m [0m [0m [0m [38;2;0;0;0;48;2;0;0;0m▀[38;2;41;49;131;48;2;16;16;16m▀[38;2;255;255;255;48;2;205;205;205m▀[38;2;41;49;131;48;2;41;49;131m▀[38;2;255;255;255;48;2;213;205;213m▀[38;2;255;255;255;48;2;213;205;213m▀[38;2;90;98;189;48;2;16;16;16m▀[38;2;16;16;16;48;2;0;0;0m▀[38;2;0;0;0m▀[0m [0m [0m [0m [0m [0m [0m [0m [0m [0m [0m [0m [0m [0m [0m [0m [0m [0m [0m [0m [0m [0m [0m [0m [0m [0m
