[0m [0m [0m [0m [0m [0m [0m [0m [0m [0m [38;2;0;0;0m▄[38;2;0;0;0;48;2;222;189;58m▀[38;2;140;107;0;48;2;255;230;132m▀[38;2;0;0;0;48;2;140;107;0m▀[38;2;0;0;0m▄[0m [0m [38;2;0;0;0m▄[0m [0m [0m [0m [0m [0m [0m [0m [0m [0m [0m [0m [38;2;0;0;0m▄[38;2;0;0;0;48;2;140;107;0m▀[38;2;0;0;0m▄[0m [0m [0m [38;2;0;0;0m▄[38;2;0;0;0;48;2;222;189;58m▀[38;2;0;0;0;48;2;140;107;0m▀[38;2;0;0;0m▄[0m [0m [0m [0m [0m [0m [0m [0m [0m [0m [0m [0m [0m [0m [0m [0m [0m [0m
[0m [0m [0m [0m [0m [0m [0m [0m [0m [0m [38;2;0;0;0;48;2;0;0;0m▀[38;2;222;189;58;48;2;222;189;58m▀[38;2;255;230;132;48;2;255;230;132m▀[38;2;140;107;0;48;2;140;107;0m▀[38;2;0;0;0;48;2;0;0;0m▀[38;2;0;0;0m▄[38;2;0;0;0;48;2;0;0;0m▀[38;2;140;107;0;48;2;140;107;0m▀[38;2;0;0;0;48;2;0;0;0m▀[0m [0m [0m [0m [0m [0m [0m [0m [0m [0m [38;2;0;0;0;48;2;0;0;0m▀[38;2;222;189;58;48;2;222;189;58m▀[38;2;255;230;132;48;2;255;230;132m▀[38;2;16;16;16;48;2;16;16;16m▀[38;2;0;0;0;48;2;0;0;0m▀[38;2;0;0;0m▄[38;2;0;0;0;48;2;0;0;0m▀[38;2;222;189;58;48;2;222;189;58m▀[38;2;255;255;181;48;2;255;255;181m▀[38;2;16;16;16;48;2;16;16;16m▀[38;2;0;0;0;48;2;0;0;0m▀[0m [0m [0m [0m [0m [0m [0m [0m [0m [0m [0m [0m [0m [0m [0m [0m [0m [0m
[0m [0m [0m [0m [0m [0m [0m [0m [0m [38;2;0;0;0m▄[38;2;0;0;0;48;2;0;0;0m▀[38;2;222;189;58;48;2;222;189;58m▀[38;2;255;230;132;48;2;255;230;132m▀[38;2;222;189;58;48;2;255;230;132m▀[38;2;140;107;0;48;2;222;189;58m▀[38;2;140;107;0;48;2;222;189;58m▀[38;2;140;107;0;48;2;222;189;58m▀[38;2;255;230;132;48;2;222;189;58m▀[38;2;16;16;16;48;2;16;16;16m▀[38;2;0;0;0;48;2;0;0;0m▀[0m [0m [0m [0m [0m [0m [38;2;0;0;0m▄[38;2;0;0;0m▄[38;2;0;0;0;48;2;222;189;58m▀[38;2;0;0;0;48;2;222;189;58m▀[38;2;222;189;58;48;2;255;230;132m▀[38;2;255;230;132;48;2;255;230;132m▀[38;2;16;16;16;48;2;255;230;132m▀[38;2;16;16;16;48;2;255;230;132m▀[38;2;222;189;58;48;2;255;230;132m▀[38;2;222;189;58;48;2;255;230;132m▀[38;2;255;255;181;48;2;255;230;132m▀[38;2;255;255;181;48;2;16;16;16m▀[38;2;16;16;16;48;2;0;0;0m▀[38;2;0;0;0m▀[0m [0m [0m [0m [0m [0m [0m [0m [0m [38;2;0;0;0m▄[38;2;0;0;0m▄[38;2;0;0;0m▄[38;2;0;0;0m▄[0m [0m [0m [0m [0m
[0m [0m [0m [0m [0m [0m [0m [38;2;0;0;0m▄[38;2;0;0;0;48;2;222;189;58m▀[38;2;222;189;58;48;2;255;230;132m▀[38;2;222;189;58;48;2;255;230;132m▀[38;2;255;230;132;48;2;255;230;132m▀[38;2;255;230;132;48;2;222;189;58m▀[38;2;222;189;58;48;2;222;189;58m▀[38;2;222;189;58;48;2;222;189;58m▀[38;2;222;189;58;48;2;222;189;58m▀[38;2;222;189;58;48;2;222;189;58m▀[38;2;222;189;58;48;2;222;189;58m▀[38;2;16;16;16;48;2;16;16;16m▀[38;2;0;0;0;48;2;0;0;0m▀[0m [0m [0m [0m [38;2;0;0;0m▄[38;2;0;0;0;48;2;222;189;58m▀[38;2;222;189;58;48;2;255;255;181m▀[38;2;222;189;58;48;2;255;255;181m▀[38;2;255;255;181;48;2;255;255;181m▀[38;2;255;255;181;48;2;255;255;181m▀[38;2;255;230;132;48;2;255;230;132m▀[38;2;255;230;132;48;2;222;189;58m▀[38;2;255;230;132;48;2;140;107;0m▀[38;2;222;189;58;48;2;214;90;58m▀[38;2;222;189;58;48;2;222;189;58m▀[38;2;222;189;58;48;2;222;189;58m▀[38;2;16;16;16;48;2;140;107;0m▀[38;2;0;0;0;48;2;0;0;0m▀[38;2;0;0;0m▄[38;2;0;0;0m▄[0m [0m [0m [0m [0m [0m [38;2;0;0;0m▄[38;2;0;0;0;48;2;144;64;0m▀[38;2;0;0;0;48;2;144;64;0m▀[38;2;144;64;0;48;2;232;152;48m▀[38;2;144;64;0;48;2;232;152;48m▀[38;2;144;64;0;48;2;232;152;48m▀[38;2;144;64;0;48;2;232;152;48m▀[38;2;0;0;0;48;2;144;64;0m▀[38;2;0;0;0;48;2;144;64;0m▀[38;2;0;0;0m▄[0m [0m
[0m [0m [0m [0m [0m [0m [0m [38;2;0;0;0;48;2;0;0;0m▀[38;2;222;189;58;48;2;222;189;58m▀[38;2;255;230;132;48;2;255;230;132m▀[38;2;255;230;132;48;2;255;230;132m▀[38;2;255;230;132;48;2;255;230;132m▀[38;2;222;189;58;48;2;222;189;58m▀[38;2;222;189;58;48;2;222;189;58m▀[38;2;222;189;58;48;2;222;189;58m▀[38;2;222;189;58;48;2;222;189;58m▀[38;2;222;189;58;48;2;222;189;58m▀[38;2;222;189;58;48;2;222;189;58m▀[38;2;16;16;16;48;2;16;16;16m▀[38;2;0;0;0;48;2;0;0;0m▀[0m [38;2;0;0;0m▄[38;2;0;0;0m▄[38;2;0;0;0;48;2;0;0;0m▀[38;2;222;189;58;48;2;222;189;58m▀[38;2;255;230;132;48;2;255;230;132m▀[38;2;255;230;132;48;2;255;230;132m▀[38;2;255;230;132;48;2;255;230;132m▀[38;2;222;189;58;48;2;222;189;58m▀[38;2;222;189;58;48;2;222;189;58m▀[38;2;140;107;0;48;2;140;107;0m▀[38;2;214;90;58;48;2;214;90;58m▀[38;2;214;90;58;48;2;214;90;58m▀[38;2;214;90;58;48;2;214;90;58m▀[38;2;222;189;58;48;2;222;189;58m▀[38;2;222;189;58;48;2;222;189;58m▀[38;2;222;189;58;48;2;222;189;58m▀[38;2;140;107;0;48;2;140;107;0m▀[38;2;140;107;0;48;2;140;107;0m▀[38;2;16;16;16;48;2;16;16;16m▀[38;2;0;0;0;48;2;0;0;0m▀[0m [0m [0m [0m [38;2;0;0;0;48;2;0;0;0m▀[38;2;144;64;0;48;2;144;64;0m▀[38;2;232;152;48;48;2;232;152;48m▀[38;2;232;152;48;48;2;232;152;48m▀[38;2;232;152;48;48;2;232;152;48m▀[38;2;232;152;48;48;2;232;152;48m▀[38;2;232;152;48;48;2;232;152;48m▀[38;2;232;152;48;48;2;232;152;48m▀[38;2;232;152;48;48;2;232;152;48m▀[38;2;232;152;48;48;2;232;152;48m▀[38;2;144;64;0;48;2;144;64;0m▀[38;2;0;0;0;48;2;0;0;0m▀[0m
[0m [0m [0m [0m [0m [0m [0m [38;2;0;0;0;48;2;0;0;0m▀[38;2;222;189;58;48;2;222;189;58m▀[38;2;255;230;132;48;2;255;230;132m▀[38;2;255;230;132;48;2;255;230;132m▀[38;2;222;189;58;48;2;222;189;58m▀[38;2;222;189;58;48;2;222;189;58m▀[38;2;222;189;58;48;2;222;189;58m▀[38;2;222;189;58;48;2;222;189;58m▀[38;2;222;189;58;48;2;222;189;58m▀[38;2;222;189;58;48;2;222;189;58m▀[38;2;222;189;58;48;2;222;189;58m▀[38;2;222;189;58;48;2;222;189;58m▀[38;2;16;16;16;48;2;16;16;16m▀[38;2;0;0;0;48;2;0;0;0m▀[38;2;140;107;0;48;2;140;107;0m▀[38;2;140;107;0;48;2;140;107;0m▀[38;2;140;107;0;48;2;255;230;132m▀[38;2;255;230;132;48;2;255;230;132m▀[38;2;255;230;132;48;2;255;230;132m▀[38;2;255;230;132;48;2;140;107;0m▀[38;2;140;107;0;48;2;214;90;58m▀[38;2;214;90;58;48;2;214;90;58m▀[38;2;214;90;58;48;2;214;90;58m▀[38;2;214;90;58;48;2;214;90;58m▀[38;2;214;90;58;48;2;214;90;58m▀[38;2;214;90;58;48;2;255;115;82m▀[38;2;214;90;58;48;2;255;115;82m▀[38;2;214;90;58;48;2;255;115;82m▀[38;2;214;90;58;48;2;255;115;82m▀[38;2;222;189;58;48;2;222;189;58m▀[38;2;222;189;58;48;2;222;189;58m▀[38;2;222;189;58;48;2;16;16;16m▀[38;2;16;16;16;48;2;0;0;0m▀[38;2;0;0;0m▀[0m [0m [0m [38;2;0;0;0m▄[38;2;0;0;0;48;2;144;64;0m▀[38;2;144;64;0;48;2;232;152;48m▀[38;2;232;152;48;48;2;232;152;48m▀[38;2;232;152;48;48;2;232;152;48m▀[38;2;232;152;48;48;2;192;120;8m▀[38;2;192;120;8;48;2;192;120;8m▀[38;2;192;120;8;48;2;144;64;0m▀[38;2;192;120;8;48;2;144;64;0m▀[38;2;192;120;8;48;2;192;120;8m▀[38;2;192;120;8;48;2;192;120;8m▀[38;2;144;64;0;48;2;192;120;8m▀[38;2;0;0;0;48;2;144;64;0m▀[0m
[0m [0m [0m [0m [0m [0m [38;2;0;0;0;48;2;0;0;0m▀[38;2;222;189;58;48;2;222;189;58m▀[38;2;255;230;132;48;2;255;230;132m▀[38;2;255;230;132;48;2;255;230;132m▀[38;2;255;230;132;48;2;255;230;132m▀[38;2;222;189;58;48;2;222;189;58m▀[38;2;222;189;58;48;2;222;189;58m▀[38;2;222;189;58;48;2;222;189;58m▀[38;2;222;189;58;48;2;206;165;0m▀[38;2;222;189;58;48;2;206;165;0m▀[38;2;222;189;58;48;2;206;165;0m▀[38;2;222;189;58;48;2;206;165;0m▀[38;2;222;189;58;48;2;222;189;58m▀[38;2;16;16;16;48;2;140;107;0m▀[38;2;0;0;0;48;2;140;107;0m▀[38;2;140;107;0;48;2;255;255;181m▀[38;2;140;107;0;48;2;255;255;181m▀[38;2;255;230;132;48;2;255;230;132m▀[38;2;255;230;132;48;2;222;189;58m▀[38;2;140;107;0;48;2;214;90;58m▀[38;2;214;90;58;48;2;214;90;58m▀[38;2;214;90;58;48;2;214;90;58m▀[38;2;214;90;58;48;2;255;115;82m▀[38;2;214;90;58;48;2;255;115;82m▀[38;2;255;115;82;48;2;255;115;82m▀[38;2;255;115;82;48;2;255;115;82m▀[38;2;255;115;82;48;2;255;115;82m▀[38;2;255;115;82;48;2;255;115;82m▀[38;2;255;115;82;48;2;255;115;82m▀[38;2;255;115;82;48;2;255;115;82m▀[38;2;222;189;58;48;2;222;189;58m▀[38;2;16;16;16;48;2;16;16;16m▀[38;2;0;0;0;48;2;0;0;0m▀[38;2;0;0;0;48;2;140;107;0m▀[38;2;0;0;0;48;2;140;107;0m▀[38;2;0;0;0;48;2;140;107;0m▀[38;2;0;0;0m▄[0m [38;2;0;0;0;48;2;0;0;0m▀[38;2;144;64;0;48;2;144;64;0m▀[38;2;232;152;48;48;2;192;120;8m▀[38;2;192;120;8;48;2;192;120;8m▀[38;2;192;120;8;48;2;192;120;8m▀[38;2;192;120;8;48;2;192;120;8m▀[38;2;144;64;0;48;2;144;64;0m▀[38;2;192;120;8;48;2;192;120;8m▀[38;2;192;120;8;48;2;192;120;8m▀[38;2;144;64;0;48;2;16;16;16m▀[38;2;144;64;0;48;2;16;16;16m▀[38;2;192;120;8;48;2;192;120;8m▀[38;2;144;64;0;48;2;16;16;16m▀[0m
[0m [0m [0m [0m [0m [0m [38;2;0;0;0;48;2;0;0;0m▀[38;2;140;107;0;48;2;140;107;0m▀[38;2;255;230;132;48;2;255;230;132m▀[38;2;222;189;58;48;2;222;189;58m▀[38;2;222;189;58;48;2;222;189;58m▀[38;2;222;189;58;48;2;222;189;58m▀[38;2;222;189;58;48;2;222;189;58m▀[38;2;206;165;0;48;2;206;165;0m▀[38;2;255;214;0;48;2;255;214;0m▀[38;2;255;214;0;48;2;255;214;0m▀[38;2;255;214;0;48;2;255;214;0m▀[38;2;255;255;255;48;2;255;255;255m▀[38;2;206;165;0;48;2;206;165;0m▀[38;2;140;107;0;48;2;140;107;0m▀[38;2;255;255;181;48;2;255;255;181m▀[38;2;255;255;181;48;2;255;255;181m▀[38;2;255;255;181;48;2;255;255;181m▀[38;2;255;230;132;48;2;255;230;132m▀[38;2;140;107;0;48;2;140;107;0m▀[38;2;214;90;58;48;2;214;90;58m▀[38;2;214;90;58;48;2;214;90;58m▀[38;2;255;115;82;48;2;255;115;82m▀[38;2;255;115;82;48;2;255;115;82m▀[38;2;255;115;82;48;2;255;115;82m▀[38;2;255;115;82;48;2;255;115;82m▀[38;2;255;115;82;48;2;255;115;82m▀[38;2;255;115;82;48;2;255;115;82m▀[38;2;255;115;82;48;2;255;115;82m▀[38;2;222;189;58;48;2;222;189;58m▀[38;2;222;189;58;48;2;222;189;58m▀[38;2;16;16;16;48;2;16;16;16m▀[38;2;0;0;0;48;2;0;0;0m▀[38;2;140;107;0;48;2;140;107;0m▀[38;2;255;230;132;48;2;255;230;132m▀[38;2;255;230;132;48;2;255;230;132m▀[38;2;255;230;132;48;2;255;230;132m▀[38;2;140;107;0;48;2;140;107;0m▀[38;2;0;0;0;48;2;0;0;0m▀[0m [38;2;0;0;0;48;2;0;0;0m▀[38;2;144;64;0;48;2;144;64;0m▀[38;2;192;120;8;48;2;192;120;8m▀[38;2;192;120;8;48;2;192;120;8m▀[38;2;192;120;8;48;2;192;120;8m▀[38;2;192;120;8;48;2;192;120;8m▀[38;2;192;120;8;48;2;192;120;8m▀[38;2;192;120;8;48;2;192;120;8m▀[38;2;16;16;16;48;2;16;16;16m▀[38;2;16;16;16;48;2;16;16;16m▀[38;2;192;120;8;48;2;192;120;8m▀[38;2;16;16;16;48;2;16;16;16m▀[0m
[0m [0m [0m [0m [0m [0m [38;2;0;0;0m▀[38;2;140;107;0;48;2;0;0;0m▀[38;2;222;189;58;48;2;140;107;0m▀[38;2;222;189;58;48;2;222;189;58m▀[38;2;222;189;58;48;2;222;189;58m▀[38;2;222;189;58;48;2;222;189;58m▀[38;2;206;165;0;48;2;206;165;0m▀[38;2;255;214;0;48;2;206;165;0m▀[38;2;255;214;0;48;2;206;165;0m▀[38;2;255;255;255;48;2;255;214;0m▀[38;2;255;255;255;48;2;255;214;0m▀[38;2;255;255;255;48;2;255;214;0m▀[38;2;255;255;255;48;2;206;165;0m▀[38;2;206;165;0;48;2;206;165;0m▀[38;2;140;107;0;48;2;140;107;0m▀[38;2;255;255;181;48;2;255;230;132m▀[38;2;255;255;181;48;2;255;230;132m▀[38;2;255;230;132;48;2;222;189;58m▀[38;2;214;90;58;48;2;214;90;58m▀[38;2;214;90;58;48;2;214;90;58m▀[38;2;214;90;58;48;2;255;115;82m▀[38;2;255;115;82;48;2;255;115;82m▀[38;2;255;115;82;48;2;255;115;82m▀[38;2;255;115;82;48;2;255;115;82m▀[38;2;255;115;82;48;2;255;115;82m▀[38;2;255;115;82;48;2;255;115;82m▀[38;2;255;115;82;48;2;255;115;82m▀[38;2;255;115;82;48;2;222;189;58m▀[38;2;222;189;58;48;2;16;16;16m▀[38;2;222;189;58;48;2;16;16;16m▀[38;2;16;16;16;48;2;140;107;0m▀[38;2;140;107;0;48;2;222;189;58m▀[38;2;255;230;132;48;2;255;230;132m▀[38;2;255;230;132;48;2;255;230;132m▀[38;2;16;16;16;48;2;16;16;16m▀[38;2;16;16;16;48;2;16;16;16m▀[38;2;0;0;0;48;2;0;0;0m▀[38;2;0;0;0m▄[0m [0m [38;2;0;0;0m▀[38;2;16;16;16;48;2;0;0;0m▀[38;2;16;16;16;48;2;0;0;0m▀[38;2;192;120;8;48;2;16;16;16m▀[38;2;192;120;8;48;2;16;16;16m▀[38;2;192;120;8;48;2;16;16;16m▀[38;2;16;16;16;48;2;192;120;8m▀[38;2;192;120;8;48;2;192;120;8m▀[38;2;192;120;8;48;2;192;120;8m▀[38;2;192;120;8;48;2;192;120;8m▀[38;2;16;16;16;48;2;16;16;16m▀[0m
[0m [0m [0m [0m [0m [0m [0m [38;2;0;0;0m▀[38;2;140;107;0;48;2;0;0;0m▀[38;2;222;189;58;48;2;140;107;0m▀[38;2;222;189;58;48;2;140;107;0m▀[38;2;222;189;58;48;2;222;189;58m▀[38;2;206;165;0;48;2;206;165;0m▀[38;2;255;214;0;48;2;206;165;0m▀[38;2;255;255;255;48;2;255;214;0m▀[38;2;255;255;255;48;2;255;214;0m▀[38;2;255;255;255;48;2;255;214;0m▀[38;2;255;255;255;48;2;206;165;0m▀[38;2;255;214;0;48;2;206;165;0m▀[38;2;206;165;0;48;2;148;90;0m▀[38;2;140;107;0;48;2;255;230;132m▀[38;2;255;230;132;48;2;255;230;132m▀[38;2;255;230;132;48;2;255;230;132m▀[38;2;214;90;58;48;2;214;90;58m▀[38;2;214;90;58;48;2;214;90;58m▀[38;2;214;90;58;48;2;214;90;58m▀[38;2;255;115;82;48;2;255;115;82m▀[38;2;255;115;82;48;2;255;115;82m▀[38;2;255;115;82;48;2;255;115;82m▀[38;2;255;115;82;48;2;255;115;82m▀[38;2;255;115;82;48;2;255;115;82m▀[38;2;255;115;82;48;2;255;115;82m▀[38;2;255;115;82;48;2;222;189;58m▀[38;2;222;189;58;48;2;16;16;16m▀[38;2;16;16;16;48;2;222;189;58m▀[38;2;16;16;16;48;2;222;189;58m▀[38;2;222;189;58;48;2;222;189;58m▀[38;2;222;189;58;48;2;222;189;58m▀[38;2;222;189;58;48;2;16;16;16m▀[38;2;16;16;16;48;2;0;0;0m▀[38;2;0;0;0;48;2;140;107;0m▀[38;2;0;0;0;48;2;140;107;0m▀[38;2;0;0;0;48;2;140;107;0m▀[38;2;140;107;0;48;2;255;230;132m▀[38;2;0;0;0;48;2;16;16;16m▀[38;2;0;0;0m▄[0m [0m [0m [38;2;0;0;0;48;2;0;0;0m▀[38;2;0;0;0;48;2;16;16;16m▀[38;2;16;16;16;48;2;192;120;8m▀[38;2;192;120;8;48;2;192;120;8m▀[38;2;192;120;8;48;2;192;120;8m▀[38;2;192;120;8;48;2;192;120;8m▀[38;2;192;120;8;48;2;16;16;16m▀[38;2;16;16;16;48;2;0;0;0m▀[0m
[0m [0m [0m [0m [0m [0m [0m [0m [38;2;0;0;0;48;2;0;0;0m▀[38;2;140;107;0;48;2;140;107;0m▀[38;2;140;107;0;48;2;140;107;0m▀[38;2;222;189;58;48;2;222;189;58m▀[38;2;206;165;0;48;2;206;165;0m▀[38;2;255;255;255;48;2;255;255;255m▀[38;2;255;255;255;48;2;255;255;255m▀[38;2;255;255;255;48;2;255;255;255m▀[38;2;255;255;255;48;2;255;255;255m▀[38;2;255;214;0;48;2;255;214;0m▀[38;2;255;214;0;48;2;255;214;0m▀[38;2;148;90;0;48;2;148;90;0m▀[38;2;255;230;132;48;2;255;230;132m▀[38;2;222;189;58;48;2;222;189;58m▀[38;2;222;189;58;48;2;222;189;58m▀[38;2;214;90;58;48;2;214;90;58m▀[38;2;214;90;58;48;2;214;90;58m▀[38;2;222;189;58;48;2;222;189;58m▀[38;2;140;107;0;48;2;140;107;0m▀[38;2;214;90;58;48;2;214;90;58m▀[38;2;255;115;82;48;2;255;115;82m▀[38;2;255;115;82;48;2;255;115;82m▀[38;2;255;115;82;48;2;255;115;82m▀[38;2;222;189;58;48;2;222;189;58m▀[38;2;222;189;58;48;2;222;189;58m▀[38;2;16;16;16;48;2;16;16;16m▀[38;2;222;189;58;48;2;222;189;58m▀[38;2;222;189;58;48;2;222;189;58m▀[38;2;140;107;0;48;2;140;107;0m▀[38;2;140;107;0;48;2;140;107;0m▀[38;2;16;16;16;48;2;16;16;16m▀[38;2;140;107;0;48;2;140;107;0m▀[38;2;222;189;58;48;2;222;189;58m▀[38;2;222;189;58;48;2;222;189;58m▀[38;2;255;230;132;48;2;255;230;132m▀[38;2;255;230;132;48;2;255;230;132m▀[38;2;16;16;16;48;2;16;16;16m▀[38;2;0;0;0;48;2;0;0;0m▀[0m [0m [0m [38;2;0;0;0;48;2;0;0;0m▀[38;2;16;16;16;48;2;16;16;16m▀[38;2;192;120;8;48;2;192;120;8m▀[38;2;192;120;8;48;2;192;120;8m▀[38;2;192;120;8;48;2;192;120;8m▀[38;2;192;120;8;48;2;192;120;8m▀[38;2;16;16;16;48;2;16;16;16m▀[38;2;0;0;0;48;2;0;0;0m▀[0m
[0m [0m [0m [0m [0m [0m [38;2;0;0;0m▄[38;2;0;0;0m▄[38;2;0;0;0m▄[38;2;0;0;0;48;2;140;107;0m▀[38;2;0;0;0;48;2;140;107;0m▀[38;2;140;107;0;48;2;255;255;181m▀[38;2;206;165;0;48;2;206;165;0m▀[38;2;206;165;0;48;2;255;214;0m▀[38;2;255;214;0;48;2;255;214;0m▀[38;2;206;165;0;48;2;255;214;0m▀[38;2;206;165;0;48;2;255;214;0m▀[38;2;206;165;0;48;2;255;214;0m▀[38;2;206;165;0;48;2;148;90;0m▀[38;2;148;90;0;48;2;222;189;58m▀[38;2;255;230;132;48;2;255;230;132m▀[38;2;222;189;58;48;2;222;189;58m▀[38;2;222;189;58;48;2;222;189;58m▀[38;2;222;189;58;48;2;222;189;58m▀[38;2;222;189;58;48;2;222;189;58m▀[38;2;222;189;58;48;2;140;107;0m▀[38;2;140;107;0;48;2;214;90;58m▀[38;2;214;90;58;48;2;222;189;58m▀[38;2;255;115;82;48;2;222;189;58m▀[38;2;255;115;82;48;2;222;189;58m▀[38;2;222;189;58;48;2;222;189;58m▀[38;2;222;189;58;48;2;16;16;16m▀[38;2;16;16;16;48;2;222;189;58m▀[38;2;222;189;58;48;2;222;189;58m▀[38;2;16;16;16;48;2;222;189;58m▀[38;2;16;16;16;48;2;222;189;58m▀[38;2;222;189;58;48;2;222;189;58m▀[38;2;16;16;16;48;2;16;16;16m▀[38;2;222;189;58;48;2;140;107;0m▀[38;2;222;189;58;48;2;140;107;0m▀[38;2;222;189;58;48;2;222;189;58m▀[38;2;222;189;58;48;2;222;189;58m▀[38;2;222;189;58;48;2;16;16;16m▀[38;2;16;16;16;48;2;0;0;0m▀[38;2;0;0;0m▀[0m [38;2;0;0;0m▄[38;2;0;0;0;48;2;136;104;0m▀[38;2;0;0;0;48;2;136;104;0m▀[38;2;16;16;16;48;2;248;224;128m▀[38;2;192;120;8;48;2;232;152;48m▀[38;2;192;120;8;48;2;192;120;8m▀[38;2;192;120;8;48;2;192;120;8m▀[38;2;16;16;16;48;2;16;16;16m▀[38;2;16;16;16;48;2;16;16;16m▀[38;2;0;0;0;48;2;0;0;0m▀[0m [0m
[0m [0m [0m [0m [38;2;0;0;0m▄[38;2;0;0;0;48;2;140;107;0m▀[38;2;222;189;58;48;2;255;255;181m▀[38;2;222;189;58;48;2;255;255;181m▀[38;2;140;107;0;48;2;255;255;181m▀[38;2;140;107;0;48;2;255;255;181m▀[38;2;140;107;0;48;2;255;255;181m▀[38;2;140;107;0;48;2;255;255;181m▀[38;2;255;255;181;48;2;255;230;132m▀[38;2;206;165;0;48;2;255;230;132m▀[38;2;148;90;0;48;2;255;230;132m▀[38;2;148;90;0;48;2;255;230;132m▀[38;2;148;90;0;48;2;255;230;132m▀[38;2;148;90;0;48;2;255;230;132m▀[38;2;255;230;132;48;2;255;230;132m▀[38;2;255;230;132;48;2;255;230;132m▀[38;2;255;230;132;48;2;255;230;132m▀[38;2;222;189;58;48;2;255;230;132m▀[38;2;222;189;58;48;2;255;230;132m▀[38;2;222;189;58;48;2;222;189;58m▀[38;2;222;189;58;48;2;140;107;0m▀[38;2;140;107;0;48;2;222;189;58m▀[38;2;214;90;58;48;2;222;189;58m▀[38;2;222;189;58;48;2;140;107;0m▀[38;2;222;189;58;48;2;16;16;16m▀[38;2;222;189;58;48;2;16;16;16m▀[38;2;16;16;16;48;2;222;189;58m▀[38;2;222;189;58;48;2;222;189;58m▀[38;2;222;189;58;48;2;222;189;58m▀[38;2;222;189;58;48;2;222;189;58m▀[38;2;222;189;58;48;2;222;189;58m▀[38;2;222;189;58;48;2;222;189;58m▀[38;2;222;189;58;48;2;140;107;0m▀[38;2;222;189;58;48;2;140;107;0m▀[38;2;222;189;58;48;2;222;189;58m▀[38;2;140;107;0;48;2;140;107;0m▀[38;2;222;189;58;48;2;16;16;16m▀[38;2;222;189;58;48;2;16;16;16m▀[38;2;16;16;16;48;2;0;0;0m▀[38;2;0;0;0;48;2;0;0;0m▀[38;2;0;0;0;48;2;136;104;0m▀[38;2;0;0;0;48;2;136;104;0m▀[38;2;136;104;0;48;2;248;224;128m▀[38;2;248;224;128;48;2;248;224;128m▀[38;2;248;224;128;48;2;248;224;128m▀[38;2;248;224;128;48;2;248;224;128m▀[38;2;248;224;128;48;2;248;224;128m▀[38;2;232;152;48;48;2;16;16;16m▀[38;2;16;16;16;48;2;0;0;0m▀[38;2;0;0;0m▀[38;2;0;0;0m▀[0m [0m [0m
[0m [0m [0m [0m [0m [38;2;0;0;0m▀[38;2;140;107;0;48;2;0;0;0m▀[38;2;222;189;58;48;2;16;16;16m▀[38;2;255;255;181;48;2;222;189;58m▀[38;2;255;255;181;48;2;222;189;58m▀[38;2;255;255;181;48;2;222;189;58m▀[38;2;255;255;181;48;2;255;230;132m▀[38;2;255;230;132;48;2;255;230;132m▀[38;2;255;230;132;48;2;255;230;132m▀[38;2;255;230;132;48;2;255;230;132m▀[38;2;255;230;132;48;2;255;230;132m▀[38;2;255;230;132;48;2;255;230;132m▀[38;2;255;230;132;48;2;255;230;132m▀[38;2;255;230;132;48;2;140;107;0m▀[38;2;255;230;132;48;2;140;107;0m▀[38;2;255;230;132;48;2;140;107;0m▀[38;2;255;230;132;48;2;222;189;58m▀[38;2;255;230;132;48;2;222;189;58m▀[38;2;222;189;58;48;2;222;189;58m▀[38;2;140;107;0;48;2;222;189;58m▀[38;2;222;189;58;48;2;222;189;58m▀[38;2;140;107;0;48;2;140;107;0m▀[38;2;16;16;16;48;2;222;189;58m▀[38;2;222;189;58;48;2;222;189;58m▀[38;2;222;189;58;48;2;222;189;58m▀[38;2;222;189;58;48;2;140;107;0m▀[38;2;222;189;58;48;2;140;107;0m▀[38;2;222;189;58;48;2;255;230;132m▀[38;2;255;230;132;48;2;255;230;132m▀[38;2;255;230;132;48;2;140;107;0m▀[38;2;255;230;132;48;2;140;107;0m▀[38;2;140;107;0;48;2;140;107;0m▀[38;2;140;107;0;48;2;140;107;0m▀[38;2;140;107;0;48;2;140;107;0m▀[38;2;16;16;16;48;2;222;189;58m▀[38;2;222;189;58;48;2;16;16;16m▀[38;2;222;189;58;48;2;16;16;16m▀[38;2;140;107;0;48;2;140;107;0m▀[38;2;136;104;0;48;2;216;184;56m▀[38;2;248;224;128;48;2;216;184;56m▀[38;2;248;224;128;48;2;248;224;128m▀[38;2;248;224;128;48;2;216;184;56m▀[38;2;248;224;128;48;2;16;16;16m▀[38;2;248;224;128;48;2;16;16;16m▀[38;2;216;184;56;48;2;16;16;16m▀[38;2;16;16;16;48;2;0;0;0m▀[38;2;0;0;0m▀[0m [0m [0m [0m [0m [0m
[38;2;0;0;0m▄[38;2;0;0;0;48;2;140;107;0m▀[38;2;0;0;0;48;2;140;107;0m▀[38;2;0;0;0;48;2;140;107;0m▀[38;2;0;0;0;48;2;140;107;0m▀[38;2;0;0;0;48;2;140;107;0m▀[38;2;0;0;0;48;2;0;0;0m▀[38;2;16;16;16;48;2;0;0;0m▀[38;2;222;189;58;48;2;16;16;16m▀[38;2;222;189;58;48;2;222;189;58m▀[38;2;222;189;58;48;2;222;189;58m▀[38;2;255;230;132;48;2;222;189;58m▀[38;2;255;230;132;48;2;222;189;58m▀[38;2;255;230;132;48;2;255;230;132m▀[38;2;255;230;132;48;2;255;230;132m▀[38;2;255;230;132;48;2;255;230;132m▀[38;2;255;230;132;48;2;255;230;132m▀[38;2;255;230;132;48;2;140;107;0m▀[38;2;140;107;0;48;2;230;230;230m▀[38;2;140;107;0;48;2;255;255;255m▀[38;2;140;107;0;48;2;255;255;255m▀[38;2;222;189;58;48;2;140;107;0m▀[38;2;222;189;58;48;2;140;107;0m▀[38;2;222;189;58;48;2;222;189;58m▀[38;2;222;189;58;48;2;222;189;58m▀[38;2;222;189;58;48;2;222;189;58m▀[38;2;140;107;0;48;2;16;16;16m▀[38;2;222;189;58;48;2;222;189;58m▀[38;2;222;189;58;48;2;222;189;58m▀[38;2;222;189;58;48;2;222;189;58m▀[38;2;140;107;0;48;2;140;107;0m▀[38;2;140;107;0;48;2;16;16;16m▀[38;2;255;230;132;48;2;16;16;16m▀[38;2;255;230;132;48;2;16;16;16m▀[38;2;140;107;0;48;2;16;16;16m▀[38;2;140;107;0;48;2;16;16;16m▀[38;2;140;107;0;48;2;140;107;0m▀[38;2;140;107;0;48;2;140;107;0m▀[38;2;140;107;0;48;2;222;189;58m▀[38;2;222;189;58;48;2;222;189;58m▀[38;2;16;16;16;48;2;16;16;16m▀[38;2;16;16;16;48;2;16;16;16m▀[38;2;140;107;0;48;2;140;107;0m▀[38;2;216;184;56;48;2;216;184;56m▀[38;2;216;184;56;48;2;16;16;16m▀[38;2;248;224;128;48;2;16;16;16m▀[38;2;216;184;56;48;2;16;16;16m▀[38;2;16;16;16;48;2;0;0;0m▀[38;2;16;16;16;48;2;0;0;0m▀[38;2;16;16;16;48;2;0;0;0m▀[38;2;0;0;0m▀[0m [0m [0m [0m [0m [0m [0m
[38;2;16;16;16;48;2;0;0;0m▀[38;2;255;230;132;48;2;16;16;16m▀[38;2;222;189;58;48;2;16;16;16m▀[38;2;222;189;58;48;2;16;16;16m▀[38;2;222;189;58;48;2;16;16;16m▀[38;2;222;189;58;48;2;16;16;16m▀[38;2;140;107;0;48;2;255;230;132m▀[38;2;140;107;0;48;2;222;189;58m▀[38;2;16;16;16;48;2;16;16;16m▀[38;2;16;16;16;48;2;255;230;132m▀[38;2;16;16;16;48;2;255;230;132m▀[38;2;222;189;58;48;2;16;16;16m▀[38;2;222;189;58;48;2;140;107;0m▀[38;2;222;189;58;48;2;140;107;0m▀[38;2;255;230;132;48;2;255;230;132m▀[38;2;140;107;0;48;2;140;107;0m▀[38;2;140;107;0;48;2;140;107;0m▀[38;2;255;255;255;48;2;255;255;255m▀[38;2;140;107;0;48;2;16;16;16m▀[38;2;255;255;255;48;2;255;255;255m▀[38;2;255;255;255;48;2;255;255;255m▀[38;2;230;230;230;48;2;230;230;230m▀[38;2;230;230;230;48;2;230;230;230m▀[38;2;140;107;0;48;2;140;107;0m▀[38;2;140;107;0;48;2;222;189;58m▀[38;2;140;107;0;48;2;222;189;58m▀[38;2;16;16;16;48;2;222;189;58m▀[38;2;16;16;16;48;2;222;189;58m▀[38;2;16;16;16;48;2;222;189;58m▀[38;2;16;16;16;48;2;222;189;58m▀[38;2;16;16;16;48;2;255;230;132m▀[38;2;222;189;58;48;2;16;16;16m▀[38;2;222;189;58;48;2;16;16;16m▀[38;2;222;189;58;48;2;16;16;16m▀[38;2;255;230;132;48;2;16;16;16m▀[38;2;255;230;132;48;2;16;16;16m▀[38;2;16;16;16;48;2;255;230;132m▀[38;2;140;107;0;48;2;222;189;58m▀[38;2;222;189;58;48;2;222;189;58m▀[38;2;222;189;58;48;2;222;189;58m▀[38;2;222;189;58;48;2;222;189;58m▀[38;2;222;189;58;48;2;222;189;58m▀[38;2;16;16;16;48;2;16;16;16m▀[38;2;16;16;16;48;2;0;0;0m▀[38;2;0;0;0m▀[38;2;0;0;0m▀[38;2;0;0;0m▀[0m [0m [0m [0m [0m [0m [0m [0m [0m [0m [0m
[0m [38;2;0;0;0;48;2;0;0;0m▀[38;2;0;0;0;48;2;140;107;0m▀[38;2;0;0;0;48;2;140;107;0m▀[38;2;0;0;0;48;2;140;107;0m▀[38;2;0;0;0;48;2;140;107;0m▀[38;2;16;16;16;48;2;140;107;0m▀[38;2;16;16;16;48;2;140;107;0m▀[38;2;16;16;16;48;2;16;16;16m▀[38;2;255;230;132;48;2;255;230;132m▀[38;2;255;230;132;48;2;255;230;132m▀[38;2;140;107;0;48;2;140;107;0m▀[38;2;140;107;0;48;2;140;107;0m▀[38;2;140;107;0;48;2;255;230;132m▀[38;2;255;230;132;48;2;255;230;132m▀[38;2;140;107;0;48;2;255;230;132m▀[38;2;140;107;0;48;2;255;230;132m▀[38;2;255;255;255;48;2;222;189;58m▀[38;2;16;16;16;48;2;16;16;16m▀[38;2;255;255;255;48;2;230;230;230m▀[38;2;230;230;230;48;2;230;230;230m▀[38;2;230;230;230;48;2;140;107;0m▀[38;2;230;230;230;48;2;140;107;0m▀[38;2;140;107;0;48;2;222;189;58m▀[38;2;140;107;0;48;2;222;189;58m▀[38;2;140;107;0;48;2;222;189;58m▀[38;2;140;107;0;48;2;222;189;58m▀[38;2;16;16;16;48;2;140;107;0m▀[38;2;16;16;16;48;2;140;107;0m▀[38;2;16;16;16;48;2;140;107;0m▀[38;2;16;16;16;48;2;140;107;0m▀[38;2;222;189;58;48;2;140;107;0m▀[38;2;222;189;58;48;2;140;107;0m▀[38;2;222;189;58;48;2;140;107;0m▀[38;2;222;189;58;48;2;222;189;58m▀[38;2;222;189;58;48;2;222;189;58m▀[38;2;222;189;58;48;2;222;189;58m▀[38;2;222;189;58;48;2;222;189;58m▀[38;2;222;189;58;48;2;222;189;58m▀[38;2;222;189;58;48;2;222;189;58m▀[38;2;222;189;58;48;2;16;16;16m▀[38;2;222;189;58;48;2;16;16;16m▀[38;2;16;16;16;48;2;0;0;0m▀[38;2;0;0;0m▀[0m [0m [0m [0m [0m [0m [0m [0m [0m [0m [0m [0m [0m [0m
[38;2;0;0;0m▄[38;2;0;0;0;48;2;16;16;16m▀[38;2;140;107;0;48;2;255;230;132m▀[38;2;140;107;0;48;2;255;230;132m▀[38;2;140;107;0;48;2;222;189;58m▀[38;2;140;107;0;48;2;222;189;58m▀[38;2;140;107;0;48;2;222;189;58m▀[38;2;140;107;0;48;2;222;189;58m▀[38;2;16;16;16;48;2;222;189;58m▀[38;2;255;230;132;48;2;140;107;0m▀[38;2;255;230;132;48;2;140;107;0m▀[38;2;140;107;0;48;2;255;230;132m▀[38;2;140;107;0;48;2;255;230;132m▀[38;2;255;230;132;48;2;255;230;132m▀[38;2;255;230;132;48;2;255;230;132m▀[38;2;255;230;132;48;2;222;189;58m▀[38;2;255;230;132;48;2;222;189;58m▀[38;2;222;189;58;48;2;222;189;58m▀[38;2;16;16;16;48;2;222;189;58m▀[38;2;230;230;230;48;2;222;189;58m▀[38;2;230;230;230;48;2;222;189;58m▀[38;2;140;107;0;48;2;222;189;58m▀[38;2;140;107;0;48;2;222;189;58m▀[38;2;222;189;58;48;2;222;189;58m▀[38;2;222;189;58;48;2;16;16;16m▀[38;2;222;189;58;48;2;16;16;16m▀[38;2;222;189;58;48;2;222;189;58m▀[38;2;140;107;0;48;2;222;189;58m▀[38;2;140;107;0;48;2;222;189;58m▀[38;2;140;107;0;48;2;222;189;58m▀[38;2;140;107;0;48;2;222;189;58m▀[38;2;140;107;0;48;2;222;189;58m▀[38;2;140;107;0;48;2;222;189;58m▀[38;2;140;107;0;48;2;255;230;132m▀[38;2;222;189;58;48;2;16;16;16m▀[38;2;222;189;58;48;2;16;16;16m▀[38;2;222;189;58;48;2;222;189;58m▀[38;2;222;189;58;48;2;222;189;58m▀[38;2;222;189;58;48;2;222;189;58m▀[38;2;222;189;58;48;2;222;189;58m▀[38;2;16;16;16;48;2;16;16;16m▀[38;2;16;16;16;48;2;16;16;16m▀[38;2;0;0;0;48;2;0;0;0m▀[0m [0m [0m [0m [0m [0m [0m [0m [0m [0m [0m [0m [0m [0m [0m
[0m [38;2;0;0;0m▀[38;2;16;16;16;48;2;0;0;0m▀[38;2;16;16;16;48;2;0;0;0m▀[38;2;16;16;16;48;2;0;0;0m▀[38;2;16;16;16;48;2;0;0;0m▀[38;2;16;16;16;48;2;0;0;0m▀[38;2;16;16;16;48;2;0;0;0m▀[38;2;16;16;16;48;2;16;16;16m▀[38;2;16;16;16;48;2;140;107;0m▀[38;2;16;16;16;48;2;140;107;0m▀[38;2;140;107;0;48;2;16;16;16m▀[38;2;140;107;0;48;2;255;255;255m▀[38;2;16;16;16;48;2;214;90;58m▀[38;2;16;16;16;48;2;214;90;58m▀[38;2;16;16;16;48;2;255;115;82m▀[38;2;16;16;16;48;2;255;115;82m▀[38;2;16;16;16;48;2;255;115;82m▀[38;2;140;107;0;48;2;255;255;255m▀[38;2;140;107;0;48;2;16;16;16m▀[38;2;222;189;58;48;2;16;16;16m▀[38;2;16;16;16;48;2;0;0;0m▀[38;2;16;16;16;48;2;0;0;0m▀[38;2;16;16;16;48;2;140;107;0m▀[38;2;140;107;0;48;2;255;230;132m▀[38;2;255;230;132;48;2;255;230;132m▀[38;2;16;16;16;48;2;255;230;132m▀[38;2;16;16;16;48;2;255;230;132m▀[38;2;16;16;16;48;2;16;16;16m▀[38;2;16;16;16;48;2;16;16;16m▀[38;2;16;16;16;48;2;0;0;0m▀[38;2;16;16;16;48;2;0;0;0m▀[38;2;16;16;16;48;2;0;0;0m▀[38;2;16;16;16;48;2;16;16;16m▀[38;2;140;107;0;48;2;197;123;8m▀[38;2;140;107;0;48;2;197;123;8m▀[38;2;148;66;0;48;2;197;123;8m▀[38;2;197;123;8;48;2;197;123;8m▀[38;2;222;189;58;48;2;197;123;8m▀[38;2;16;16;16;48;2;16;16;16m▀[38;2;0;0;0;48;2;0;0;0m▀[38;2;0;0;0m▀[0m [0m [0m [0m [0m [0m [0m [0m [0m [0m [0m [0m [0m [0m [0m [0m
[0m [0m [0m [0m [0m [38;2;0;0;0m▄[38;2;0;0;0;48;2;16;16;16m▀[38;2;148;66;0;48;2;148;66;0m▀[38;2;148;66;0;48;2;197;123;8m▀[38;2;197;123;8;48;2;197;123;8m▀[38;2;197;123;8;48;2;197;123;8m▀[38;2;140;107;0;48;2;197;123;8m▀[38;2;16;16;16;48;2;16;16;16m▀[38;2;16;16;16;48;2;0;0;0m▀[38;2;16;16;16;48;2;0;0;0m▀[38;2;16;16;16;48;2;0;0;0m▀[38;2;16;16;16;48;2;0;0;0m▀[38;2;16;16;16;48;2;0;0;0m▀[38;2;16;16;16;48;2;0;0;0m▀[38;2;0;0;0;48;2;0;0;0m▀[38;2;0;0;0;48;2;148;66;0m▀[38;2;148;66;0;48;2;197;123;8m▀[38;2;148;66;0;48;2;197;123;8m▀[38;2;148;66;0;48;2;197;123;8m▀[38;2;197;123;8;48;2;148;66;0m▀[38;2;255;230;132;48;2;239;156;49m▀[38;2;255;230;132;48;2;255;230;132m▀[38;2;255;230;132;48;2;16;16;16m▀[38;2;16;16;16;48;2;0;0;0m▀[38;2;16;16;16;48;2;0;0;0m▀[38;2;0;0;0m▀[0m [0m [38;2;0;0;0m▀[38;2;16;16;16;48;2;0;0;0m▀[38;2;16;16;16;48;2;0;0;0m▀[38;2;16;16;16;48;2;0;0;0m▀[38;2;16;16;16;48;2;0;0;0m▀[38;2;16;16;16;48;2;0;0;0m▀[38;2;0;0;0m▀[0m [0m [0m [0m [0m [0m [0m [0m [0m [0m [0m [0m [0m [0m [0m [0m [0m [0m
[0m [0m [0m [0m [0m [38;2;0;0;0m▀[38;2;16;16;16;48;2;0;0;0m▀[38;2;148;66;0;48;2;16;16;16m▀[38;2;197;123;8;48;2;16;16;16m▀[38;2;197;123;8;48;2;16;16;16m▀[38;2;197;123;8;48;2;16;16;16m▀[38;2;197;123;8;48;2;16;16;16m▀[38;2;16;16;16;48;2;0;0;0m▀[38;2;0;0;0m▀[0m [0m [0m [0m [38;2;0;0;0m▄[38;2;0;0;0;48;2;16;16;16m▀[38;2;148;66;0;48;2;197;123;8m▀[38;2;197;123;8;48;2;197;123;8m▀[38;2;197;123;8;48;2;197;123;8m▀[38;2;197;123;8;48;2;16;16;16m▀[38;2;148;66;0;48;2;197;123;8m▀[38;2;239;156;49;48;2;16;16;16m▀[38;2;255;230;132;48;2;16;16;16m▀[38;2;16;16;16;48;2;0;0;0m▀[38;2;0;0;0m▀[0m [0m [0m [0m [0m [0m [0m [0m [0m [0m [0m [0m [0m [0m [0m [0m [0m [0m [0m [0m [0m [0m [0m [0m [0m [0m [0m [0m [0m
