[0m [0m [0m [0m [0m [0m [0m [0m [0m [0m [0m [38;2;0;0;0m▄[38;2;0;0;0m▄[38;2;0;0;0;48;2;238;151;255m▀[38;2;0;0;0;48;2;238;151;255m▀[38;2;0;0;0;48;2;238;151;255m▀[38;2;0;0;0;48;2;238;151;255m▀[38;2;238;151;255;48;2;247;206;255m▀[38;2;238;151;255;48;2;247;206;255m▀[38;2;238;151;255;48;2;247;206;255m▀[38;2;238;151;255;48;2;247;206;255m▀[38;2;238;151;255;48;2;247;206;255m▀[38;2;238;151;255;48;2;247;206;255m▀[38;2;238;151;255;48;2;247;206;255m▀[38;2;238;151;255;48;2;247;206;255m▀[38;2;238;151;255;48;2;247;206;255m▀[38;2;238;151;255;48;2;247;206;255m▀[38;2;238;151;255;48;2;247;206;255m▀[38;2;0;0;0;48;2;238;151;255m▀[38;2;0;0;0;48;2;238;151;255m▀[38;2;0;0;0m▄[0m [0m [0m [0m [0m [0m [0m [0m [0m [0m [0m [0m [0m [0m [0m [0m [0m [0m [0m [0m [0m [0m [0m [0m [0m [0m [0m [0m [0m [0m [0m [0m [0m [0m [0m [0m [0m [0m [0m [0m [0m [0m [0m [0m [0m [0m [0m [0m
[0m [0m [0m [0m [0m [0m [0m [0m [0m [0m [38;2;0;0;0;48;2;0;0;0m▀[38;2;238;151;255;48;2;238;151;255m▀[38;2;238;151;255;48;2;238;151;255m▀[38;2;247;206;255;48;2;247;206;255m▀[38;2;247;206;255;48;2;247;206;255m▀[38;2;247;206;255;48;2;247;206;255m▀[38;2;247;206;255;48;2;247;206;255m▀[38;2;92;60;22;48;2;92;60;22m▀[38;2;92;60;22;48;2;92;60;22m▀[38;2;92;60;22;48;2;92;60;22m▀[38;2;92;60;22;48;2;92;60;22m▀[38;2;92;60;22;48;2;92;60;22m▀[38;2;92;60;22;48;2;92;60;22m▀[38;2;16;16;16;48;2;16;16;16m▀[38;2;16;16;16;48;2;16;16;16m▀[38;2;16;16;16;48;2;16;16;16m▀[38;2;16;16;16;48;2;16;16;16m▀[38;2;16;16;16;48;2;16;16;16m▀[38;2;247;206;255;48;2;247;206;255m▀[38;2;247;206;255;48;2;247;206;255m▀[38;2;238;151;255;48;2;238;151;255m▀[38;2;0;0;0;48;2;0;0;0m▀[0m [0m [0m [0m [0m [0m [0m [0m [0m [0m [0m [0m [0m [0m [0m [0m [0m [0m [0m [0m [0m [0m [0m [0m [0m [0m [0m [0m [0m [0m [0m [0m [0m [0m [0m [0m [0m [0m [0m [0m [0m [0m [0m [0m [0m [0m [0m
[0m [0m [0m [0m [0m [0m [0m [38;2;0;0;0m▄[38;2;0;0;0;48;2;238;151;255m▀[38;2;0;0;0;48;2;238;151;255m▀[38;2;238;151;255;48;2;247;206;255m▀[38;2;247;206;255;48;2;92;60;22m▀[38;2;247;206;255;48;2;92;60;22m▀[38;2;92;60;22;48;2;171;130;52m▀[38;2;92;60;22;48;2;171;130;52m▀[38;2;92;60;22;48;2;171;130;52m▀[38;2;92;60;22;48;2;171;130;52m▀[38;2;171;130;52;48;2;131;100;27m▀[38;2;171;130;52;48;2;16;16;16m▀[38;2;171;130;52;48;2;16;16;16m▀[38;2;171;130;52;48;2;16;16;16m▀[38;2;171;130;52;48;2;16;16;16m▀[38;2;171;130;52;48;2;16;16;16m▀[38;2;171;130;52;48;2;16;16;16m▀[38;2;171;130;52;48;2;16;16;16m▀[38;2;171;130;52;48;2;16;16;16m▀[38;2;171;130;52;48;2;171;130;52m▀[38;2;171;130;52;48;2;171;130;52m▀[38;2;92;60;22;48;2;171;130;52m▀[38;2;92;60;22;48;2;131;100;27m▀[38;2;247;206;255;48;2;92;60;22m▀[38;2;238;151;255;48;2;247;206;255m▀[38;2;0;0;0;48;2;238;151;255m▀[38;2;0;0;0;48;2;238;151;255m▀[38;2;0;0;0m▄[0m [0m [0m [0m [0m [0m [38;2;0;0;0m▄[38;2;0;0;0m▄[0m [0m [0m [0m [0m [0m [0m [0m [0m [0m [0m [0m [0m [0m [0m [0m [0m [0m [0m [0m [0m [0m [0m [0m [0m [0m [0m [0m [0m [0m [0m [0m [0m [0m [0m [0m
[0m [0m [0m [0m [0m [38;2;0;0;0m▄[38;2;0;0;0;48;2;238;151;255m▀[38;2;238;151;255;48;2;247;206;255m▀[38;2;247;206;255;48;2;92;60;22m▀[38;2;247;206;255;48;2;92;60;22m▀[38;2;92;60;22;48;2;171;130;52m▀[38;2;171;130;52;48;2;171;130;52m▀[38;2;171;130;52;48;2;16;16;16m▀[38;2;131;100;27;48;2;92;60;22m▀[38;2;16;16;16;48;2;247;206;255m▀[38;2;16;16;16;48;2;247;206;255m▀[38;2;16;16;16;48;2;247;206;255m▀[38;2;92;60;22;48;2;247;206;255m▀[38;2;247;206;255;48;2;238;151;255m▀[38;2;247;206;255;48;2;238;151;255m▀[38;2;247;206;255;48;2;238;151;255m▀[38;2;247;206;255;48;2;238;151;255m▀[38;2;247;206;255;48;2;238;151;255m▀[38;2;247;206;255;48;2;238;151;255m▀[38;2;247;206;255;48;2;238;151;255m▀[38;2;247;206;255;48;2;238;151;255m▀[38;2;92;60;22;48;2;247;206;255m▀[38;2;92;60;22;48;2;247;206;255m▀[38;2;16;16;16;48;2;247;206;255m▀[38;2;16;16;16;48;2;247;206;255m▀[38;2;247;206;255;48;2;238;151;255m▀[38;2;238;151;255;48;2;0;0;0m▀[38;2;0;0;0m▀[38;2;0;0;0m▀[38;2;0;0;0m▄[38;2;0;0;0;48;2;238;151;255m▀[38;2;0;0;0m▄[38;2;0;0;0m▄[38;2;0;0;0;48;2;238;151;255m▀[38;2;0;0;0;48;2;238;151;255m▀[38;2;0;0;0;48;2;238;151;255m▀[38;2;238;151;255;48;2;247;206;255m▀[38;2;238;151;255;48;2;247;206;255m▀[38;2;0;0;0;48;2;238;151;255m▀[38;2;0;0;0m▄[38;2;0;0;0m▄[0m [0m [0m [0m [0m [0m [0m [0m [0m [0m [0m [0m [0m [0m [38;2;0;0;0m▄[38;2;0;0;0m▄[38;2;0;0;0m▄[38;2;0;0;0m▄[38;2;0;0;0m▄[38;2;0;0;0m▄[0m [0m [0m [0m [0m [0m [0m [0m [0m [0m [0m [0m [0m
[0m [0m [0m [0m [38;2;0;0;0;48;2;0;0;0m▀[38;2;238;151;255;48;2;238;151;255m▀[38;2;247;206;255;48;2;247;206;255m▀[38;2;92;60;22;48;2;92;60;22m▀[38;2;171;130;52;48;2;171;130;52m▀[38;2;171;130;52;48;2;171;130;52m▀[38;2;131;100;27;48;2;131;100;27m▀[38;2;16;16;16;48;2;16;16;16m▀[38;2;247;206;255;48;2;247;206;255m▀[38;2;247;206;255;48;2;247;206;255m▀[38;2;238;151;255;48;2;238;151;255m▀[38;2;238;151;255;48;2;238;151;255m▀[38;2;238;151;255;48;2;238;151;255m▀[38;2;238;151;255;48;2;238;151;255m▀[38;2;0;0;0;48;2;0;0;0m▀[38;2;0;0;0m▀[38;2;0;0;0m▀[38;2;0;0;0m▀[38;2;0;0;0m▀[38;2;0;0;0m▀[38;2;0;0;0m▀[38;2;0;0;0;48;2;0;0;0m▀[38;2;238;151;255;48;2;238;151;255m▀[38;2;238;151;255;48;2;238;151;255m▀[38;2;238;151;255;48;2;238;151;255m▀[38;2;238;151;255;48;2;238;151;255m▀[38;2;0;0;0;48;2;0;0;0m▀[0m [38;2;0;0;0m▄[38;2;0;0;0;48;2;0;0;0m▀[38;2;238;151;255;48;2;238;151;255m▀[38;2;247;206;255;48;2;247;206;255m▀[38;2;238;151;255;48;2;238;151;255m▀[38;2;238;151;255;48;2;238;151;255m▀[38;2;247;206;255;48;2;247;206;255m▀[38;2;247;206;255;48;2;247;206;255m▀[38;2;247;206;255;48;2;247;206;255m▀[38;2;92;60;22;48;2;92;60;22m▀[38;2;16;16;16;48;2;16;16;16m▀[38;2;247;206;255;48;2;247;206;255m▀[38;2;238;151;255;48;2;238;151;255m▀[38;2;238;151;255;48;2;238;151;255m▀[38;2;0;0;0;48;2;0;0;0m▀[0m [0m [0m [0m [0m [0m [0m [0m [0m [0m [0m [38;2;0;0;0m▄[38;2;0;0;0;48;2;0;0;0m▀[38;2;238;151;255;48;2;238;151;255m▀[38;2;238;151;255;48;2;238;151;255m▀[38;2;238;151;255;48;2;238;151;255m▀[38;2;238;151;255;48;2;238;151;255m▀[38;2;238;151;255;48;2;238;151;255m▀[38;2;238;151;255;48;2;238;151;255m▀[38;2;0;0;0;48;2;0;0;0m▀[38;2;0;0;0m▄[0m [0m [0m [0m [0m [0m [0m [0m [0m [0m [0m
[0m [38;2;0;0;0m▄[38;2;0;0;0;48;2;238;151;255m▀[38;2;0;0;0;48;2;238;151;255m▀[38;2;238;151;255;48;2;247;206;255m▀[38;2;247;206;255;48;2;92;60;22m▀[38;2;92;60;22;48;2;171;130;52m▀[38;2;171;130;52;48;2;171;130;52m▀[38;2;131;100;27;48;2;16;16;16m▀[38;2;131;100;27;48;2;16;16;16m▀[38;2;16;16;16;48;2;247;206;255m▀[38;2;247;206;255;48;2;238;151;255m▀[38;2;238;151;255;48;2;0;0;0m▀[38;2;238;151;255;48;2;0;0;0m▀[38;2;0;0;0m▀[38;2;0;0;0m▀[38;2;0;0;0m▀[38;2;0;0;0m▀[0m [0m [0m [0m [0m [0m [0m [0m [38;2;0;0;0m▀[38;2;0;0;0m▀[38;2;0;0;0m▀[38;2;0;0;0m▀[38;2;0;0;0m▄[38;2;0;0;0;48;2;238;151;255m▀[38;2;238;151;255;48;2;247;206;255m▀[38;2;238;151;255;48;2;247;206;255m▀[38;2;247;206;255;48;2;131;100;27m▀[38;2;131;100;27;48;2;171;130;52m▀[38;2;247;206;255;48;2;131;100;27m▀[38;2;247;206;255;48;2;92;60;22m▀[38;2;92;60;22;48;2;171;130;52m▀[38;2;92;60;22;48;2;171;130;52m▀[38;2;92;60;22;48;2;171;130;52m▀[38;2;131;100;27;48;2;131;100;27m▀[38;2;16;16;16;48;2;131;100;27m▀[38;2;247;206;255;48;2;92;60;22m▀[38;2;238;151;255;48;2;247;206;255m▀[38;2;238;151;255;48;2;247;206;255m▀[38;2;0;0;0;48;2;238;151;255m▀[38;2;0;0;0m▄[38;2;0;0;0m▄[0m [0m [0m [0m [0m [0m [38;2;0;0;0m▄[38;2;0;0;0;48;2;238;151;255m▀[38;2;0;0;0;48;2;238;151;255m▀[38;2;238;151;255;48;2;247;206;255m▀[38;2;238;151;255;48;2;247;206;255m▀[38;2;247;206;255;48;2;92;60;22m▀[38;2;247;206;255;48;2;92;60;22m▀[38;2;247;206;255;48;2;92;60;22m▀[38;2;247;206;255;48;2;92;60;22m▀[38;2;247;206;255;48;2;92;60;22m▀[38;2;247;206;255;48;2;92;60;22m▀[38;2;238;151;255;48;2;247;206;255m▀[38;2;238;151;255;48;2;247;206;255m▀[38;2;0;0;0;48;2;238;151;255m▀[38;2;0;0;0;48;2;238;151;255m▀[38;2;0;0;0m▄[0m [0m [0m [0m [0m [0m [0m [0m
[38;2;0;0;0m▄[38;2;0;0;0;48;2;238;151;255m▀[38;2;238;151;255;48;2;247;206;255m▀[38;2;238;151;255;48;2;247;206;255m▀[38;2;247;206;255;48;2;92;60;22m▀[38;2;92;60;22;48;2;171;130;52m▀[38;2;171;130;52;48;2;171;130;52m▀[38;2;131;100;27;48;2;16;16;16m▀[38;2;16;16;16;48;2;247;206;255m▀[38;2;16;16;16;48;2;247;206;255m▀[38;2;247;206;255;48;2;238;151;255m▀[38;2;238;151;255;48;2;0;0;0m▀[38;2;0;0;0m▀[0m [0m [0m [0m [0m [0m [0m [0m [0m [0m [0m [0m [0m [0m [0m [38;2;0;0;0m▄[38;2;0;0;0;48;2;238;151;255m▀[38;2;238;151;255;48;2;247;206;255m▀[38;2;247;206;255;48;2;131;100;27m▀[38;2;131;100;27;48;2;171;130;52m▀[38;2;131;100;27;48;2;171;130;52m▀[38;2;171;130;52;48;2;171;130;52m▀[38;2;171;130;52;48;2;131;100;27m▀[38;2;131;100;27;48;2;176;148;95m▀[38;2;171;130;52;48;2;176;148;95m▀[38;2;171;130;52;48;2;171;130;52m▀[38;2;171;130;52;48;2;171;130;52m▀[38;2;171;130;52;48;2;171;130;52m▀[38;2;171;130;52;48;2;171;130;52m▀[38;2;131;100;27;48;2;171;130;52m▀[38;2;92;60;22;48;2;131;100;27m▀[38;2;92;60;22;48;2;92;60;22m▀[38;2;92;60;22;48;2;92;60;22m▀[38;2;247;206;255;48;2;247;206;255m▀[38;2;238;151;255;48;2;247;206;255m▀[38;2;238;151;255;48;2;247;206;255m▀[38;2;0;0;0;48;2;238;151;255m▀[38;2;0;0;0m▄[38;2;0;0;0m▄[0m [0m [38;2;0;0;0m▀[38;2;238;151;255;48;2;0;0;0m▀[38;2;247;206;255;48;2;238;151;255m▀[38;2;247;206;255;48;2;238;151;255m▀[38;2;92;60;22;48;2;247;206;255m▀[38;2;92;60;22;48;2;247;206;255m▀[38;2;131;100;27;48;2;16;16;16m▀[38;2;131;100;27;48;2;16;16;16m▀[38;2;131;100;27;48;2;16;16;16m▀[38;2;131;100;27;48;2;16;16;16m▀[38;2;171;130;52;48;2;92;60;22m▀[38;2;171;130;52;48;2;131;100;27m▀[38;2;92;60;22;48;2;171;130;52m▀[38;2;92;60;22;48;2;171;130;52m▀[38;2;247;206;255;48;2;92;60;22m▀[38;2;247;206;255;48;2;92;60;22m▀[38;2;238;151;255;48;2;247;206;255m▀[38;2;0;0;0;48;2;238;151;255m▀[38;2;0;0;0m▄[0m [0m [0m [0m [0m [0m
[38;2;0;0;0;48;2;0;0;0m▀[38;2;238;151;255;48;2;238;151;255m▀[38;2;247;206;255;48;2;247;206;255m▀[38;2;247;206;255;48;2;247;206;255m▀[38;2;92;60;22;48;2;92;60;22m▀[38;2;171;130;52;48;2;171;130;52m▀[38;2;131;100;27;48;2;131;100;27m▀[38;2;16;16;16;48;2;16;16;16m▀[38;2;247;206;255;48;2;247;206;255m▀[38;2;247;206;255;48;2;247;206;255m▀[38;2;238;151;255;48;2;238;151;255m▀[38;2;0;0;0;48;2;0;0;0m▀[0m [0m [0m [0m [0m [0m [0m [0m [0m [0m [0m [0m [0m [0m [38;2;0;0;0m▄[38;2;0;0;0;48;2;0;0;0m▀[38;2;238;151;255;48;2;238;151;255m▀[38;2;247;206;255;48;2;247;206;255m▀[38;2;131;100;27;48;2;131;100;27m▀[38;2;176;148;95;48;2;176;148;95m▀[38;2;171;130;52;48;2;171;130;52m▀[38;2;171;130;52;48;2;171;130;52m▀[38;2;131;100;27;48;2;131;100;27m▀[38;2;176;148;95;48;2;176;148;95m▀[38;2;176;148;95;48;2;176;148;95m▀[38;2;176;148;95;48;2;176;148;95m▀[38;2;176;148;95;48;2;176;148;95m▀[38;2;176;148;95;48;2;176;148;95m▀[38;2;171;130;52;48;2;171;130;52m▀[38;2;171;130;52;48;2;171;130;52m▀[38;2;171;130;52;48;2;171;130;52m▀[38;2;131;100;27;48;2;131;100;27m▀[38;2;131;100;27;48;2;131;100;27m▀[38;2;131;100;27;48;2;131;100;27m▀[38;2;92;60;22;48;2;92;60;22m▀[38;2;92;60;22;48;2;92;60;22m▀[38;2;16;16;16;48;2;16;16;16m▀[38;2;247;206;255;48;2;247;206;255m▀[38;2;238;151;255;48;2;238;151;255m▀[38;2;238;151;255;48;2;238;151;255m▀[38;2;0;0;0;48;2;0;0;0m▀[0m [0m [0m [38;2;0;0;0m▀[38;2;0;0;0;48;2;0;0;0m▀[38;2;238;151;255;48;2;238;151;255m▀[38;2;238;151;255;48;2;238;151;255m▀[38;2;247;206;255;48;2;247;206;255m▀[38;2;247;206;255;48;2;247;206;255m▀[38;2;247;206;255;48;2;247;206;255m▀[38;2;247;206;255;48;2;247;206;255m▀[38;2;247;206;255;48;2;247;206;255m▀[38;2;16;16;16;48;2;16;16;16m▀[38;2;92;60;22;48;2;92;60;22m▀[38;2;171;130;52;48;2;171;130;52m▀[38;2;171;130;52;48;2;171;130;52m▀[38;2;171;130;52;48;2;171;130;52m▀[38;2;92;60;22;48;2;92;60;22m▀[38;2;247;206;255;48;2;247;206;255m▀[38;2;238;151;255;48;2;238;151;255m▀[38;2;0;0;0;48;2;0;0;0m▀[0m [0m [0m [0m [0m
[38;2;238;151;255;48;2;238;151;255m▀[38;2;247;206;255;48;2;247;206;255m▀[38;2;92;60;22;48;2;92;60;22m▀[38;2;92;60;22;48;2;92;60;22m▀[38;2;171;130;52;48;2;176;148;95m▀[38;2;171;130;52;48;2;171;130;52m▀[38;2;16;16;16;48;2;16;16;16m▀[38;2;247;206;255;48;2;247;206;255m▀[38;2;238;151;255;48;2;238;151;255m▀[38;2;238;151;255;48;2;238;151;255m▀[38;2;0;0;0;48;2;0;0;0m▀[0m [0m [0m [0m [0m [0m [0m [0m [0m [0m [0m [0m [0m [38;2;0;0;0m▄[38;2;0;0;0;48;2;238;151;255m▀[38;2;238;151;255;48;2;247;206;255m▀[38;2;238;151;255;48;2;247;206;255m▀[38;2;247;206;255;48;2;131;100;27m▀[38;2;131;100;27;48;2;176;148;95m▀[38;2;176;148;95;48;2;176;148;95m▀[38;2;176;148;95;48;2;171;130;52m▀[38;2;131;100;27;48;2;131;100;27m▀[38;2;131;100;27;48;2;131;100;27m▀[38;2;176;148;95;48;2;176;148;95m▀[38;2;176;148;95;48;2;176;148;95m▀[38;2;176;148;95;48;2;176;148;95m▀[38;2;176;148;95;48;2;176;148;95m▀[38;2;176;148;95;48;2;176;148;95m▀[38;2;176;148;95;48;2;176;148;95m▀[38;2;171;130;52;48;2;171;130;52m▀[38;2;171;130;52;48;2;171;130;52m▀[38;2;171;130;52;48;2;171;130;52m▀[38;2;171;130;52;48;2;171;130;52m▀[38;2;131;100;27;48;2;131;100;27m▀[38;2;131;100;27;48;2;131;100;27m▀[38;2;131;100;27;48;2;131;100;27m▀[38;2;92;60;22;48;2;92;60;22m▀[38;2;131;100;27;48;2;131;100;27m▀[38;2;16;16;16;48;2;131;100;27m▀[38;2;247;206;255;48;2;16;16;16m▀[38;2;247;206;255;48;2;16;16;16m▀[38;2;238;151;255;48;2;247;206;255m▀[38;2;0;0;0;48;2;238;151;255m▀[38;2;0;0;0m▄[0m [0m [0m [38;2;0;0;0m▀[38;2;0;0;0m▀[38;2;238;151;255;48;2;0;0;0m▀[38;2;238;151;255;48;2;0;0;0m▀[38;2;238;151;255;48;2;0;0;0m▀[38;2;238;151;255;48;2;0;0;0m▀[38;2;238;151;255;48;2;0;0;0m▀[38;2;247;206;255;48;2;238;151;255m▀[38;2;247;206;255;48;2;238;151;255m▀[38;2;92;60;22;48;2;247;206;255m▀[38;2;171;130;52;48;2;92;60;22m▀[38;2;171;130;52;48;2;92;60;22m▀[38;2;171;130;52;48;2;171;130;52m▀[38;2;16;16;16;48;2;171;130;52m▀[38;2;247;206;255;48;2;16;16;16m▀[38;2;238;151;255;48;2;247;206;255m▀[38;2;0;0;0;48;2;238;151;255m▀[38;2;0;0;0;48;2;238;151;255m▀[38;2;0;0;0m▄[0m [0m
[38;2;238;151;255;48;2;238;151;255m▀[38;2;247;206;255;48;2;247;206;255m▀[38;2;92;60;22;48;2;92;60;22m▀[38;2;92;60;22;48;2;92;60;22m▀[38;2;176;148;95;48;2;176;148;95m▀[38;2;171;130;52;48;2;171;130;52m▀[38;2;16;16;16;48;2;16;16;16m▀[38;2;247;206;255;48;2;247;206;255m▀[38;2;238;151;255;48;2;238;151;255m▀[38;2;238;151;255;48;2;238;151;255m▀[38;2;0;0;0;48;2;0;0;0m▀[0m [0m [0m [0m [0m [0m [0m [0m [0m [0m [0m [0m [38;2;0;0;0;48;2;0;0;0m▀[38;2;238;151;255;48;2;238;151;255m▀[38;2;247;206;255;48;2;247;206;255m▀[38;2;131;100;27;48;2;131;100;27m▀[38;2;131;100;27;48;2;131;100;27m▀[38;2;176;148;95;48;2;176;148;95m▀[38;2;176;148;95;48;2;176;148;95m▀[38;2;176;148;95;48;2;171;130;52m▀[38;2;171;130;52;48;2;131;100;27m▀[38;2;176;148;95;48;2;176;148;95m▀[38;2;176;148;95;48;2;176;148;95m▀[38;2;176;148;95;48;2;176;148;95m▀[38;2;176;148;95;48;2;176;148;95m▀[38;2;176;148;95;48;2;176;148;95m▀[38;2;176;148;95;48;2;176;148;95m▀[38;2;176;148;95;48;2;171;130;52m▀[38;2;176;148;95;48;2;171;130;52m▀[38;2;171;130;52;48;2;171;130;52m▀[38;2;171;130;52;48;2;171;130;52m▀[38;2;171;130;52;48;2;171;130;52m▀[38;2;171;130;52;48;2;131;100;27m▀[38;2;131;100;27;48;2;131;100;27m▀[38;2;131;100;27;48;2;131;100;27m▀[38;2;131;100;27;48;2;131;100;27m▀[38;2;131;100;27;48;2;131;100;27m▀[38;2;92;60;22;48;2;92;60;22m▀[38;2;131;100;27;48;2;131;100;27m▀[38;2;131;100;27;48;2;131;100;27m▀[38;2;131;100;27;48;2;131;100;27m▀[38;2;16;16;16;48;2;16;16;16m▀[38;2;247;206;255;48;2;247;206;255m▀[38;2;238;151;255;48;2;238;151;255m▀[38;2;0;0;0;48;2;0;0;0m▀[0m [0m [0m [0m [0m [0m [0m [0m [0m [38;2;0;0;0m▀[38;2;0;0;0;48;2;0;0;0m▀[38;2;238;151;255;48;2;238;151;255m▀[38;2;247;206;255;48;2;247;206;255m▀[38;2;247;206;255;48;2;247;206;255m▀[38;2;92;60;22;48;2;92;60;22m▀[38;2;171;130;52;48;2;131;100;27m▀[38;2;171;130;52;48;2;171;130;52m▀[38;2;16;16;16;48;2;16;16;16m▀[38;2;247;206;255;48;2;247;206;255m▀[38;2;247;206;255;48;2;247;206;255m▀[38;2;238;151;255;48;2;238;151;255m▀[38;2;0;0;0;48;2;0;0;0m▀[0m
[38;2;238;151;255;48;2;238;151;255m▀[38;2;247;206;255;48;2;247;206;255m▀[38;2;92;60;22;48;2;92;60;22m▀[38;2;92;60;22;48;2;92;60;22m▀[38;2;176;148;95;48;2;176;148;95m▀[38;2;171;130;52;48;2;171;130;52m▀[38;2;16;16;16;48;2;16;16;16m▀[38;2;247;206;255;48;2;247;206;255m▀[38;2;238;151;255;48;2;238;151;255m▀[38;2;238;151;255;48;2;238;151;255m▀[38;2;0;0;0;48;2;0;0;0m▀[0m [0m [0m [0m [0m [0m [0m [0m [0m [0m [0m [38;2;0;0;0;48;2;0;0;0m▀[38;2;238;151;255;48;2;238;151;255m▀[38;2;247;206;255;48;2;247;206;255m▀[38;2;92;60;22;48;2;92;60;22m▀[38;2;171;130;52;48;2;171;130;52m▀[38;2;171;130;52;48;2;171;130;52m▀[38;2;176;148;95;48;2;176;148;95m▀[38;2;171;130;52;48;2;171;130;52m▀[38;2;171;130;52;48;2;171;130;52m▀[38;2;131;100;27;48;2;131;100;27m▀[38;2;176;148;95;48;2;176;148;95m▀[38;2;176;148;95;48;2;176;148;95m▀[38;2;176;148;95;48;2;176;148;95m▀[38;2;176;148;95;48;2;176;148;95m▀[38;2;176;148;95;48;2;176;148;95m▀[38;2;171;130;52;48;2;171;130;52m▀[38;2;171;130;52;48;2;171;130;52m▀[38;2;171;130;52;48;2;171;130;52m▀[38;2;171;130;52;48;2;171;130;52m▀[38;2;171;130;52;48;2;171;130;52m▀[38;2;171;130;52;48;2;171;130;52m▀[38;2;131;100;27;48;2;131;100;27m▀[38;2;131;100;27;48;2;131;100;27m▀[38;2;131;100;27;48;2;131;100;27m▀[38;2;131;100;27;48;2;131;100;27m▀[38;2;131;100;27;48;2;131;100;27m▀[38;2;92;60;22;48;2;92;60;22m▀[38;2;131;100;27;48;2;131;100;27m▀[38;2;131;100;27;48;2;131;100;27m▀[38;2;131;100;27;48;2;131;100;27m▀[38;2;131;100;27;48;2;131;100;27m▀[38;2;16;16;16;48;2;16;16;16m▀[38;2;247;206;255;48;2;247;206;255m▀[38;2;238;151;255;48;2;238;151;255m▀[38;2;0;0;0;48;2;0;0;0m▀[0m [0m [0m [0m [0m [0m [0m [0m [0m [0m [38;2;0;0;0;48;2;0;0;0m▀[38;2;238;151;255;48;2;238;151;255m▀[38;2;238;151;255;48;2;238;151;255m▀[38;2;247;206;255;48;2;247;206;255m▀[38;2;92;60;22;48;2;92;60;22m▀[38;2;171;130;52;48;2;171;130;52m▀[38;2;171;130;52;48;2;171;130;52m▀[38;2;16;16;16;48;2;16;16;16m▀[38;2;16;16;16;48;2;16;16;16m▀[38;2;247;206;255;48;2;247;206;255m▀[38;2;238;151;255;48;2;238;151;255m▀[0m
[38;2;238;151;255;48;2;238;151;255m▀[38;2;247;206;255;48;2;247;206;255m▀[38;2;92;60;22;48;2;92;60;22m▀[38;2;92;60;22;48;2;92;60;22m▀[38;2;176;148;95;48;2;171;130;52m▀[38;2;171;130;52;48;2;171;130;52m▀[38;2;16;16;16;48;2;131;100;27m▀[38;2;247;206;255;48;2;16;16;16m▀[38;2;238;151;255;48;2;247;206;255m▀[38;2;238;151;255;48;2;247;206;255m▀[38;2;0;0;0;48;2;238;151;255m▀[38;2;0;0;0m▄[38;2;0;0;0m▄[0m [0m [0m [0m [38;2;0;0;0m▄[38;2;0;0;0;48;2;94;86;28m▀[38;2;0;0;0;48;2;16;16;16m▀[38;2;0;0;0m▄[38;2;0;0;0m▄[38;2;0;0;0;48;2;0;0;0m▀[38;2;238;151;255;48;2;238;151;255m▀[38;2;247;206;255;48;2;247;206;255m▀[38;2;92;60;22;48;2;92;60;22m▀[38;2;171;130;52;48;2;171;130;52m▀[38;2;171;130;52;48;2;171;130;52m▀[38;2;171;130;52;48;2;131;100;27m▀[38;2;171;130;52;48;2;131;100;27m▀[38;2;171;130;52;48;2;131;100;27m▀[38;2;131;100;27;48;2;131;100;27m▀[38;2;176;148;95;48;2;131;100;27m▀[38;2;176;148;95;48;2;131;100;27m▀[38;2;176;148;95;48;2;139;130;64m▀[38;2;171;130;52;48;2;139;130;64m▀[38;2;139;130;64;48;2;255;228;65m▀[38;2;139;130;64;48;2;255;228;65m▀[38;2;139;130;64;48;2;205;187;51m▀[38;2;139;130;64;48;2;205;187;51m▀[38;2;139;130;64;48;2;205;187;51m▀[38;2;171;130;52;48;2;16;16;16m▀[38;2;131;100;27;48;2;131;100;27m▀[38;2;131;100;27;48;2;131;100;27m▀[38;2;131;100;27;48;2;131;100;27m▀[38;2;131;100;27;48;2;131;100;27m▀[38;2;131;100;27;48;2;131;100;27m▀[38;2;131;100;27;48;2;131;100;27m▀[38;2;92;60;22;48;2;131;100;27m▀[38;2;131;100;27;48;2;131;100;27m▀[38;2;131;100;27;48;2;131;100;27m▀[38;2;131;100;27;48;2;131;100;27m▀[38;2;131;100;27;48;2;131;100;27m▀[38;2;16;16;16;48;2;16;16;16m▀[38;2;247;206;255;48;2;247;206;255m▀[38;2;238;151;255;48;2;238;151;255m▀[38;2;0;0;0;48;2;0;0;0m▀[0m [0m [0m [0m [0m [0m [0m [0m [0m [0m [38;2;0;0;0;48;2;0;0;0m▀[38;2;238;151;255;48;2;238;151;255m▀[38;2;238;151;255;48;2;238;151;255m▀[38;2;247;206;255;48;2;247;206;255m▀[38;2;92;60;22;48;2;92;60;22m▀[38;2;171;130;52;48;2;171;130;52m▀[38;2;171;130;52;48;2;171;130;52m▀[38;2;16;16;16;48;2;16;16;16m▀[38;2;16;16;16;48;2;16;16;16m▀[38;2;247;206;255;48;2;247;206;255m▀[38;2;238;151;255;48;2;238;151;255m▀[0m
[38;2;238;151;255;48;2;0;0;0m▀[38;2;247;206;255;48;2;238;151;255m▀[38;2;92;60;22;48;2;247;206;255m▀[38;2;92;60;22;48;2;247;206;255m▀[38;2;131;100;27;48;2;92;60;22m▀[38;2;176;148;95;48;2;171;130;52m▀[38;2;171;130;52;48;2;171;130;52m▀[38;2;16;16;16;48;2;171;130;52m▀[38;2;247;206;255;48;2;16;16;16m▀[38;2;247;206;255;48;2;16;16;16m▀[38;2;247;206;255;48;2;92;60;22m▀[38;2;238;151;255;48;2;247;206;255m▀[38;2;238;151;255;48;2;247;206;255m▀[38;2;0;0;0;48;2;238;151;255m▀[38;2;0;0;0m▄[38;2;0;0;0m▄[38;2;0;0;0;48;2;0;0;0m▀[38;2;139;130;64;48;2;139;130;64m▀[38;2;255;228;65;48;2;255;228;65m▀[38;2;205;187;51;48;2;255;228;65m▀[38;2;94;86;28;48;2;205;187;51m▀[38;2;94;86;28;48;2;205;187;51m▀[38;2;94;86;28;48;2;246;244;166m▀[38;2;16;16;16;48;2;246;244;166m▀[38;2;139;130;64;48;2;255;228;65m▀[38;2;139;130;64;48;2;255;228;65m▀[38;2;139;130;64;48;2;255;228;65m▀[38;2;139;130;64;48;2;255;228;65m▀[38;2;94;86;28;48;2;255;228;65m▀[38;2;94;86;28;48;2;255;228;65m▀[38;2;94;86;28;48;2;255;228;65m▀[38;2;94;86;28;48;2;205;187;51m▀[38;2;139;130;64;48;2;205;187;51m▀[38;2;139;130;64;48;2;205;187;51m▀[38;2;255;228;65;48;2;255;228;65m▀[38;2;255;228;65;48;2;255;228;65m▀[38;2;255;228;65;48;2;255;228;65m▀[38;2;255;228;65;48;2;205;187;51m▀[38;2;205;187;51;48;2;205;187;51m▀[38;2;205;187;51;48;2;205;187;51m▀[38;2;205;187;51;48;2;205;187;51m▀[38;2;16;16;16;48;2;16;16;16m▀[38;2;131;100;27;48;2;131;100;27m▀[38;2;131;100;27;48;2;131;100;27m▀[38;2;131;100;27;48;2;131;100;27m▀[38;2;131;100;27;48;2;131;100;27m▀[38;2;131;100;27;48;2;131;100;27m▀[38;2;131;100;27;48;2;131;100;27m▀[38;2;131;100;27;48;2;92;60;22m▀[38;2;131;100;27;48;2;131;100;27m▀[38;2;131;100;27;48;2;131;100;27m▀[38;2;131;100;27;48;2;131;100;27m▀[38;2;131;100;27;48;2;131;100;27m▀[38;2;16;16;16;48;2;16;16;16m▀[38;2;247;206;255;48;2;247;206;255m▀[38;2;238;151;255;48;2;238;151;255m▀[38;2;0;0;0;48;2;0;0;0m▀[0m [0m [0m [0m [0m [0m [0m [38;2;0;0;0m▄[38;2;0;0;0m▄[38;2;0;0;0m▄[38;2;0;0;0;48;2;238;151;255m▀[38;2;238;151;255;48;2;238;151;255m▀[38;2;238;151;255;48;2;238;151;255m▀[38;2;247;206;255;48;2;247;206;255m▀[38;2;92;60;22;48;2;92;60;22m▀[38;2;171;130;52;48;2;171;130;52m▀[38;2;171;130;52;48;2;131;100;27m▀[38;2;16;16;16;48;2;16;16;16m▀[38;2;16;16;16;48;2;16;16;16m▀[38;2;247;206;255;48;2;247;206;255m▀[38;2;238;151;255;48;2;238;151;255m▀[0m
[38;2;0;0;0m▀[38;2;238;151;255;48;2;0;0;0m▀[38;2;247;206;255;48;2;238;151;255m▀[38;2;247;206;255;48;2;238;151;255m▀[38;2;92;60;22;48;2;247;206;255m▀[38;2;171;130;52;48;2;92;60;22m▀[38;2;171;130;52;48;2;131;100;27m▀[38;2;171;130;52;48;2;171;130;52m▀[38;2;171;130;52;48;2;171;130;52m▀[38;2;171;130;52;48;2;171;130;52m▀[38;2;131;100;27;48;2;171;130;52m▀[38;2;16;16;16;48;2;131;100;27m▀[38;2;92;60;22;48;2;131;100;27m▀[38;2;247;206;255;48;2;92;60;22m▀[38;2;238;151;255;48;2;247;206;255m▀[38;2;238;151;255;48;2;247;206;255m▀[38;2;0;0;0;48;2;238;151;255m▀[38;2;139;130;64;48;2;205;187;51m▀[38;2;255;228;65;48;2;255;228;65m▀[38;2;255;228;65;48;2;255;228;65m▀[38;2;246;244;166;48;2;255;228;65m▀[38;2;246;244;166;48;2;255;228;65m▀[38;2;255;228;65;48;2;246;244;166m▀[38;2;246;244;166;48;2;246;244;166m▀[38;2;246;244;166;48;2;246;244;166m▀[38;2;255;228;65;48;2;246;244;166m▀[38;2;255;228;65;48;2;246;244;166m▀[38;2;255;228;65;48;2;246;244;166m▀[38;2;255;228;65;48;2;255;228;65m▀[38;2;255;228;65;48;2;255;228;65m▀[38;2;255;228;65;48;2;255;228;65m▀[38;2;255;228;65;48;2;255;228;65m▀[38;2;255;228;65;48;2;255;228;65m▀[38;2;255;228;65;48;2;255;228;65m▀[38;2;205;187;51;48;2;255;228;65m▀[38;2;255;228;65;48;2;205;187;51m▀[38;2;255;228;65;48;2;205;187;51m▀[38;2;205;187;51;48;2;205;187;51m▀[38;2;205;187;51;48;2;205;187;51m▀[38;2;205;187;51;48;2;205;187;51m▀[38;2;161;147;44;48;2;161;147;44m▀[38;2;16;16;16;48;2;161;147;44m▀[38;2;131;100;27;48;2;16;16;16m▀[38;2;131;100;27;48;2;131;100;27m▀[38;2;131;100;27;48;2;131;100;27m▀[38;2;131;100;27;48;2;131;100;27m▀[38;2;131;100;27;48;2;131;100;27m▀[38;2;131;100;27;48;2;16;16;16m▀[38;2;92;60;22;48;2;161;147;44m▀[38;2;94;86;28;48;2;161;147;44m▀[38;2;16;16;16;48;2;161;147;44m▀[38;2;16;16;16;48;2;161;147;44m▀[38;2;16;16;16;48;2;94;86;28m▀[38;2;247;206;255;48;2;94;86;28m▀[38;2;238;151;255;48;2;0;0;0m▀[38;2;0;0;0;48;2;238;151;255m▀[38;2;0;0;0;48;2;238;151;255m▀[38;2;0;0;0;48;2;238;151;255m▀[38;2;0;0;0;48;2;238;151;255m▀[38;2;0;0;0;48;2;238;151;255m▀[38;2;0;0;0;48;2;238;151;255m▀[38;2;0;0;0;48;2;238;151;255m▀[38;2;0;0;0;48;2;238;151;255m▀[38;2;0;0;0;48;2;238;151;255m▀[38;2;238;151;255;48;2;247;206;255m▀[38;2;238;151;255;48;2;247;206;255m▀[38;2;238;151;255;48;2;247;206;255m▀[38;2;247;206;255;48;2;92;60;22m▀[38;2;247;206;255;48;2;92;60;22m▀[38;2;247;206;255;48;2;92;60;22m▀[38;2;92;60;22;48;2;171;130;52m▀[38;2;171;130;52;48;2;171;130;52m▀[38;2;171;130;52;48;2;131;100;27m▀[38;2;131;100;27;48;2;16;16;16m▀[38;2;16;16;16;48;2;247;206;255m▀[38;2;16;16;16;48;2;247;206;255m▀[38;2;247;206;255;48;2;238;151;255m▀[38;2;238;151;255;48;2;0;0;0m▀[0m
[0m [38;2;0;0;0m▀[38;2;238;151;255;48;2;0;0;0m▀[38;2;238;151;255;48;2;0;0;0m▀[38;2;247;206;255;48;2;238;151;255m▀[38;2;92;60;22;48;2;247;206;255m▀[38;2;131;100;27;48;2;92;60;22m▀[38;2;171;130;52;48;2;92;60;22m▀[38;2;171;130;52;48;2;131;100;27m▀[38;2;171;130;52;48;2;131;100;27m▀[38;2;171;130;52;48;2;131;100;27m▀[38;2;131;100;27;48;2;131;100;27m▀[38;2;131;100;27;48;2;131;100;27m▀[38;2;92;60;22;48;2;92;60;22m▀[38;2;247;206;255;48;2;247;206;255m▀[38;2;247;206;255;48;2;247;206;255m▀[38;2;238;151;255;48;2;238;151;255m▀[38;2;205;187;51;48;2;255;228;65m▀[38;2;255;228;65;48;2;255;228;65m▀[38;2;255;228;65;48;2;255;228;65m▀[38;2;255;228;65;48;2;246;244;166m▀[38;2;255;228;65;48;2;246;244;166m▀[38;2;246;244;166;48;2;246;244;166m▀[38;2;246;244;166;48;2;246;244;166m▀[38;2;246;244;166;48;2;246;244;166m▀[38;2;246;244;166;48;2;246;244;166m▀[38;2;246;244;166;48;2;246;244;166m▀[38;2;246;244;166;48;2;246;244;166m▀[38;2;255;228;65;48;2;255;228;65m▀[38;2;255;228;65;48;2;255;228;65m▀[38;2;255;228;65;48;2;255;228;65m▀[38;2;255;228;65;48;2;255;228;65m▀[38;2;255;228;65;48;2;255;228;65m▀[38;2;255;228;65;48;2;255;228;65m▀[38;2;255;228;65;48;2;255;228;65m▀[38;2;205;187;51;48;2;255;228;65m▀[38;2;205;187;51;48;2;205;187;51m▀[38;2;205;187;51;48;2;205;187;51m▀[38;2;205;187;51;48;2;205;187;51m▀[38;2;205;187;51;48;2;205;187;51m▀[38;2;161;147;44;48;2;161;147;44m▀[38;2;161;147;44;48;2;161;147;44m▀[38;2;16;16;16;48;2;16;16;16m▀[38;2;131;100;27;48;2;131;100;27m▀[38;2;131;100;27;48;2;92;60;22m▀[38;2;131;100;27;48;2;92;60;22m▀[38;2;131;100;27;48;2;16;16;16m▀[38;2;16;16;16;48;2;161;147;44m▀[38;2;161;147;44;48;2;161;147;44m▀[38;2;161;147;44;48;2;238;151;255m▀[38;2;161;147;44;48;2;238;151;255m▀[38;2;161;147;44;48;2;238;151;255m▀[38;2;94;86;28;48;2;238;151;255m▀[38;2;94;86;28;48;2;238;151;255m▀[38;2;0;0;0;48;2;238;151;255m▀[38;2;238;151;255;48;2;247;206;255m▀[38;2;238;151;255;48;2;247;206;255m▀[38;2;238;151;255;48;2;247;206;255m▀[38;2;238;151;255;48;2;247;206;255m▀[38;2;238;151;255;48;2;247;206;255m▀[38;2;238;151;255;48;2;247;206;255m▀[38;2;238;151;255;48;2;247;206;255m▀[38;2;238;151;255;48;2;247;206;255m▀[38;2;238;151;255;48;2;247;206;255m▀[38;2;247;206;255;48;2;92;60;22m▀[38;2;247;206;255;48;2;92;60;22m▀[38;2;247;206;255;48;2;92;60;22m▀[38;2;92;60;22;48;2;171;130;52m▀[38;2;92;60;22;48;2;171;130;52m▀[38;2;92;60;22;48;2;171;130;52m▀[38;2;171;130;52;48;2;171;130;52m▀[38;2;171;130;52;48;2;131;100;27m▀[38;2;131;100;27;48;2;16;16;16m▀[38;2;16;16;16;48;2;247;206;255m▀[38;2;247;206;255;48;2;238;151;255m▀[38;2;247;206;255;48;2;238;151;255m▀[38;2;238;151;255;48;2;0;0;0m▀[38;2;0;0;0m▀[0m
[0m [0m [0m [0m [38;2;0;0;0m▀[38;2;238;151;255;48;2;0;0;0m▀[38;2;247;206;255;48;2;238;151;255m▀[38;2;247;206;255;48;2;238;151;255m▀[38;2;92;60;22;48;2;247;206;255m▀[38;2;92;60;22;48;2;247;206;255m▀[38;2;92;60;22;48;2;247;206;255m▀[38;2;92;60;22;48;2;247;206;255m▀[38;2;92;60;22;48;2;247;206;255m▀[38;2;247;206;255;48;2;238;151;255m▀[38;2;238;151;255;48;2;0;0;0m▀[38;2;238;151;255;48;2;0;0;0m▀[38;2;139;130;64;48;2;139;130;64m▀[38;2;255;228;65;48;2;161;147;44m▀[38;2;255;228;65;48;2;255;228;65m▀[38;2;255;228;65;48;2;205;187;51m▀[38;2;246;244;166;48;2;255;228;65m▀[38;2;246;244;166;48;2;255;228;65m▀[38;2;246;244;166;48;2;246;244;166m▀[38;2;246;244;166;48;2;246;244;166m▀[38;2;246;244;166;48;2;255;228;65m▀[38;2;246;244;166;48;2;255;228;65m▀[38;2;255;228;65;48;2;255;228;65m▀[38;2;255;228;65;48;2;255;228;65m▀[38;2;255;228;65;48;2;246;244;166m▀[38;2;255;228;65;48;2;205;187;51m▀[38;2;205;187;51;48;2;255;228;65m▀[38;2;255;228;65;48;2;255;228;65m▀[38;2;255;228;65;48;2;161;147;44m▀[38;2;255;228;65;48;2;161;147;44m▀[38;2;255;228;65;48;2;161;147;44m▀[38;2;255;228;65;48;2;94;86;28m▀[38;2;205;187;51;48;2;205;187;51m▀[38;2;205;187;51;48;2;205;187;51m▀[38;2;205;187;51;48;2;161;147;44m▀[38;2;205;187;51;48;2;161;147;44m▀[38;2;161;147;44;48;2;161;147;44m▀[38;2;161;147;44;48;2;161;147;44m▀[38;2;161;147;44;48;2;161;147;44m▀[38;2;16;16;16;48;2;94;86;28m▀[38;2;161;147;44;48;2;161;147;44m▀[38;2;161;147;44;48;2;161;147;44m▀[38;2;161;147;44;48;2;238;151;255m▀[38;2;238;151;255;48;2;247;206;255m▀[38;2;238;151;255;48;2;247;206;255m▀[38;2;247;206;255;48;2;92;60;22m▀[38;2;247;206;255;48;2;92;60;22m▀[38;2;247;206;255;48;2;92;60;22m▀[38;2;247;206;255;48;2;92;60;22m▀[38;2;247;206;255;48;2;92;60;22m▀[38;2;247;206;255;48;2;92;60;22m▀[38;2;92;60;22;48;2;171;130;52m▀[38;2;92;60;22;48;2;171;130;52m▀[38;2;92;60;22;48;2;171;130;52m▀[38;2;92;60;22;48;2;171;130;52m▀[38;2;92;60;22;48;2;171;130;52m▀[38;2;92;60;22;48;2;171;130;52m▀[38;2;92;60;22;48;2;171;130;52m▀[38;2;92;60;22;48;2;131;100;27m▀[38;2;92;60;22;48;2;131;100;27m▀[38;2;171;130;52;48;2;131;100;27m▀[38;2;171;130;52;48;2;131;100;27m▀[38;2;171;130;52;48;2;16;16;16m▀[38;2;171;130;52;48;2;16;16;16m▀[38;2;131;100;27;48;2;16;16;16m▀[38;2;131;100;27;48;2;16;16;16m▀[38;2;16;16;16;48;2;247;206;255m▀[38;2;16;16;16;48;2;247;206;255m▀[38;2;247;206;255;48;2;238;151;255m▀[38;2;238;151;255;48;2;0;0;0m▀[38;2;0;0;0m▀[38;2;0;0;0m▀[0m [0m [0m
[0m [0m [0m [0m [0m [0m [38;2;0;0;0m▀[38;2;0;0;0m▀[38;2;238;151;255;48;2;0;0;0m▀[38;2;238;151;255;48;2;0;0;0m▀[38;2;238;151;255;48;2;0;0;0m▀[38;2;238;151;255;48;2;0;0;0m▀[38;2;238;151;255;48;2;0;0;0m▀[38;2;0;0;0m▀[0m [38;2;0;0;0;48;2;0;0;0m▀[38;2;206;206;206;48;2;206;206;206m▀[38;2;173;0;49;48;2;239;33;58m▀[38;2;139;130;64;48;2;161;147;44m▀[38;2;205;187;51;48;2;255;228;65m▀[38;2;255;228;65;48;2;246;244;166m▀[38;2;255;228;65;48;2;246;244;166m▀[38;2;255;228;65;48;2;255;228;65m▀[38;2;255;228;65;48;2;255;228;65m▀[38;2;255;228;65;48;2;255;228;65m▀[38;2;246;244;166;48;2;246;244;166m▀[38;2;246;244;166;48;2;246;244;166m▀[38;2;246;244;166;48;2;246;244;166m▀[38;2;255;228;65;48;2;255;228;65m▀[38;2;205;187;51;48;2;255;228;65m▀[38;2;255;228;65;48;2;205;187;51m▀[38;2;139;130;64;48;2;255;107;99m▀[38;2;173;0;49;48;2;255;255;255m▀[38;2;173;0;49;48;2;255;255;255m▀[38;2;239;33;58;48;2;239;33;58m▀[38;2;206;206;206;48;2;239;33;58m▀[38;2;94;86;28;48;2;255;255;255m▀[38;2;205;187;51;48;2;94;86;28m▀[38;2;161;147;44;48;2;161;147;44m▀[38;2;161;147;44;48;2;161;147;44m▀[38;2;161;147;44;48;2;161;147;44m▀[38;2;161;147;44;48;2;161;147;44m▀[38;2;161;147;44;48;2;161;147;44m▀[38;2;161;147;44;48;2;238;151;255m▀[38;2;238;151;255;48;2;247;206;255m▀[38;2;238;151;255;48;2;247;206;255m▀[38;2;247;206;255;48;2;92;60;22m▀[38;2;92;60;22;48;2;171;130;52m▀[38;2;92;60;22;48;2;171;130;52m▀[38;2;171;130;52;48;2;131;100;27m▀[38;2;171;130;52;48;2;92;60;22m▀[38;2;171;130;52;48;2;92;60;22m▀[38;2;171;130;52;48;2;16;16;16m▀[38;2;171;130;52;48;2;16;16;16m▀[38;2;171;130;52;48;2;16;16;16m▀[38;2;131;100;27;48;2;16;16;16m▀[38;2;131;100;27;48;2;16;16;16m▀[38;2;131;100;27;48;2;16;16;16m▀[38;2;16;16;16;48;2;247;206;255m▀[38;2;16;16;16;48;2;247;206;255m▀[38;2;16;16;16;48;2;247;206;255m▀[38;2;16;16;16;48;2;247;206;255m▀[38;2;16;16;16;48;2;247;206;255m▀[38;2;16;16;16;48;2;247;206;255m▀[38;2;16;16;16;48;2;247;206;255m▀[38;2;16;16;16;48;2;247;206;255m▀[38;2;247;206;255;48;2;238;151;255m▀[38;2;247;206;255;48;2;238;151;255m▀[38;2;247;206;255;48;2;238;151;255m▀[38;2;247;206;255;48;2;238;151;255m▀[38;2;238;151;255;48;2;0;0;0m▀[38;2;238;151;255;48;2;0;0;0m▀[38;2;0;0;0m▀[0m [0m [0m [0m [0m [0m
[0m [0m [0m [0m [0m [0m [0m [0m [0m [0m [0m [0m [0m [0m [38;2;0;0;0m▄[38;2;0;0;0;48;2;0;0;0m▀[38;2;206;206;206;48;2;206;206;206m▀[38;2;239;33;58;48;2;239;33;58m▀[38;2;161;147;44;48;2;255;255;255m▀[38;2;255;228;65;48;2;139;130;64m▀[38;2;246;244;166;48;2;255;228;65m▀[38;2;246;244;166;48;2;255;228;65m▀[38;2;255;228;65;48;2;255;228;65m▀[38;2;255;228;65;48;2;255;228;65m▀[38;2;255;228;65;48;2;255;228;65m▀[38;2;246;244;166;48;2;255;228;65m▀[38;2;246;244;166;48;2;255;228;65m▀[38;2;246;244;166;48;2;255;228;65m▀[38;2;255;228;65;48;2;255;228;65m▀[38;2;255;228;65;48;2;205;187;51m▀[38;2;205;187;51;48;2;139;130;64m▀[38;2;255;107;99;48;2;255;255;255m▀[38;2;255;255;255;48;2;255;255;255m▀[38;2;255;255;255;48;2;255;255;255m▀[38;2;239;33;58;48;2;239;33;58m▀[38;2;239;33;58;48;2;239;33;58m▀[38;2;255;255;255;48;2;255;255;255m▀[38;2;94;86;28;48;2;16;16;16m▀[38;2;161;147;44;48;2;161;147;44m▀[38;2;161;147;44;48;2;161;147;44m▀[38;2;161;147;44;48;2;161;147;44m▀[38;2;161;147;44;48;2;161;147;44m▀[38;2;161;147;44;48;2;238;151;255m▀[38;2;238;151;255;48;2;247;206;255m▀[38;2;247;206;255;48;2;92;60;22m▀[38;2;247;206;255;48;2;92;60;22m▀[38;2;92;60;22;48;2;176;148;95m▀[38;2;171;130;52;48;2;171;130;52m▀[38;2;171;130;52;48;2;131;100;27m▀[38;2;131;100;27;48;2;92;60;22m▀[38;2;92;60;22;48;2;16;16;16m▀[38;2;92;60;22;48;2;16;16;16m▀[38;2;16;16;16;48;2;247;206;255m▀[38;2;16;16;16;48;2;247;206;255m▀[38;2;16;16;16;48;2;247;206;255m▀[38;2;16;16;16;48;2;247;206;255m▀[38;2;16;16;16;48;2;247;206;255m▀[38;2;16;16;16;48;2;247;206;255m▀[38;2;247;206;255;48;2;238;151;255m▀[38;2;247;206;255;48;2;238;151;255m▀[38;2;247;206;255;48;2;238;151;255m▀[38;2;247;206;255;48;2;238;151;255m▀[38;2;247;206;255;48;2;238;151;255m▀[38;2;247;206;255;48;2;238;151;255m▀[38;2;247;206;255;48;2;238;151;255m▀[38;2;247;206;255;48;2;238;151;255m▀[38;2;238;151;255;48;2;0;0;0m▀[38;2;238;151;255;48;2;0;0;0m▀[38;2;238;151;255;48;2;0;0;0m▀[38;2;238;151;255;48;2;0;0;0m▀[38;2;0;0;0m▀[0m [0m [0m [0m [0m [0m [0m [0m
[0m [0m [0m [0m [0m [0m [0m [0m [0m [0m [0m [0m [0m [38;2;0;0;0;48;2;0;0;0m▀[38;2;139;130;64;48;2;139;130;64m▀[38;2;139;130;64;48;2;139;130;64m▀[38;2;255;255;255;48;2;206;206;206m▀[38;2;239;33;58;48;2;173;0;49m▀[38;2;255;255;255;48;2;255;107;99m▀[38;2;161;147;44;48;2;161;147;44m▀[38;2;205;187;51;48;2;205;187;51m▀[38;2;205;187;51;48;2;205;187;51m▀[38;2;255;228;65;48;2;205;187;51m▀[38;2;255;228;65;48;2;205;187;51m▀[38;2;255;228;65;48;2;205;187;51m▀[38;2;255;228;65;48;2;205;187;51m▀[38;2;255;228;65;48;2;205;187;51m▀[38;2;255;228;65;48;2;205;187;51m▀[38;2;205;187;51;48;2;205;187;51m▀[38;2;205;187;51;48;2;205;187;51m▀[38;2;139;130;64;48;2;139;130;64m▀[38;2;255;255;255;48;2;255;107;99m▀[38;2;255;255;255;48;2;239;33;58m▀[38;2;255;255;255;48;2;239;33;58m▀[38;2;173;0;49;48;2;173;0;49m▀[38;2;173;0;49;48;2;173;0;49m▀[38;2;206;206;206;48;2;161;147;44m▀[38;2;16;16;16;48;2;161;147;44m▀[38;2;161;147;44;48;2;161;147;44m▀[38;2;161;147;44;48;2;161;147;44m▀[38;2;161;147;44;48;2;16;16;16m▀[38;2;161;147;44;48;2;161;147;44m▀[38;2;238;151;255;48;2;238;151;255m▀[38;2;247;206;255;48;2;247;206;255m▀[38;2;92;60;22;48;2;92;60;22m▀[38;2;92;60;22;48;2;92;60;22m▀[38;2;176;148;95;48;2;171;130;52m▀[38;2;171;130;52;48;2;176;148;95m▀[38;2;171;130;52;48;2;171;130;52m▀[38;2;92;60;22;48;2;171;130;52m▀[38;2;247;206;255;48;2;16;16;16m▀[38;2;247;206;255;48;2;16;16;16m▀[38;2;238;151;255;48;2;247;206;255m▀[38;2;238;151;255;48;2;238;151;255m▀[38;2;238;151;255;48;2;161;147;44m▀[38;2;238;151;255;48;2;94;86;28m▀[38;2;238;151;255;48;2;94;86;28m▀[38;2;238;151;255;48;2;94;86;28m▀[38;2;161;147;44;48;2;94;86;28m▀[38;2;16;16;16;48;2;16;16;16m▀[38;2;0;0;0;48;2;0;0;0m▀[38;2;0;0;0m▀[38;2;0;0;0m▀[38;2;0;0;0m▀[38;2;0;0;0m▀[38;2;0;0;0m▀[0m [0m [0m [0m [0m [0m [0m [0m [0m [0m [0m [0m [0m
[0m [0m [0m [0m [0m [0m [0m [0m [0m [0m [0m [0m [0m [38;2;0;0;0m▄[38;2;0;0;0;48;2;94;86;28m▀[38;2;0;0;0;48;2;94;86;28m▀[38;2;139;130;64;48;2;161;147;44m▀[38;2;205;187;51;48;2;139;130;64m▀[38;2;239;33;58;48;2;161;147;44m▀[38;2;161;147;44;48;2;205;187;51m▀[38;2;205;187;51;48;2;205;187;51m▀[38;2;205;187;51;48;2;205;187;51m▀[38;2;205;187;51;48;2;161;147;44m▀[38;2;205;187;51;48;2;205;187;51m▀[38;2;205;187;51;48;2;205;187;51m▀[38;2;205;187;51;48;2;139;130;64m▀[38;2;205;187;51;48;2;205;187;51m▀[38;2;205;187;51;48;2;205;187;51m▀[38;2;205;187;51;48;2;205;187;51m▀[38;2;205;187;51;48;2;205;187;51m▀[38;2;139;130;64;48;2;205;187;51m▀[38;2;239;33;58;48;2;205;187;51m▀[38;2;239;33;58;48;2;161;147;44m▀[38;2;239;33;58;48;2;161;147;44m▀[38;2;205;187;51;48;2;139;130;64m▀[38;2;161;147;44;48;2;255;255;255m▀[38;2;161;147;44;48;2;173;0;49m▀[38;2;161;147;44;48;2;16;16;16m▀[38;2;16;16;16;48;2;161;147;44m▀[38;2;16;16;16;48;2;161;147;44m▀[38;2;161;147;44;48;2;161;147;44m▀[38;2;161;147;44;48;2;94;86;28m▀[38;2;94;86;28;48;2;161;147;44m▀[38;2;238;151;255;48;2;161;147;44m▀[38;2;247;206;255;48;2;238;151;255m▀[38;2;247;206;255;48;2;238;151;255m▀[38;2;92;60;22;48;2;247;206;255m▀[38;2;171;130;52;48;2;92;60;22m▀[38;2;171;130;52;48;2;92;60;22m▀[38;2;171;130;52;48;2;16;16;16m▀[38;2;16;16;16;48;2;247;206;255m▀[38;2;16;16;16;48;2;247;206;255m▀[38;2;247;206;255;48;2;238;151;255m▀[38;2;238;151;255;48;2;205;187;51m▀[38;2;161;147;44;48;2;205;187;51m▀[38;2;161;147;44;48;2;161;147;44m▀[38;2;94;86;28;48;2;94;86;28m▀[38;2;94;86;28;48;2;94;86;28m▀[38;2;94;86;28;48;2;94;86;28m▀[38;2;161;147;44;48;2;161;147;44m▀[38;2;0;0;0;48;2;0;0;0m▀[0m [0m [0m [0m [0m [0m [0m [0m [0m [0m [0m [0m [0m [0m [0m [0m [0m [0m
[0m [0m [0m [0m [0m [0m [0m [0m [0m [0m [0m [0m [38;2;0;0;0m▄[38;2;0;0;0;48;2;94;86;28m▀[38;2;94;86;28;48;2;205;187;51m▀[38;2;94;86;28;48;2;205;187;51m▀[38;2;161;147;44;48;2;205;187;51m▀[38;2;139;130;64;48;2;94;86;28m▀[38;2;161;147;44;48;2;139;130;64m▀[38;2;205;187;51;48;2;173;0;49m▀[38;2;205;187;51;48;2;161;147;44m▀[38;2;205;187;51;48;2;161;147;44m▀[38;2;161;147;44;48;2;205;187;51m▀[38;2;205;187;51;48;2;205;187;51m▀[38;2;205;187;51;48;2;205;187;51m▀[38;2;139;130;64;48;2;205;187;51m▀[38;2;205;187;51;48;2;205;187;51m▀[38;2;205;187;51;48;2;205;187;51m▀[38;2;205;187;51;48;2;161;147;44m▀[38;2;205;187;51;48;2;139;130;64m▀[38;2;205;187;51;48;2;139;130;64m▀[38;2;205;187;51;48;2;139;130;64m▀[38;2;161;147;44;48;2;173;0;49m▀[38;2;161;147;44;48;2;173;0;49m▀[38;2;139;130;64;48;2;173;0;49m▀[38;2;255;255;255;48;2;173;0;49m▀[38;2;173;0;49;48;2;161;147;44m▀[38;2;16;16;16;48;2;161;147;44m▀[38;2;161;147;44;48;2;16;16;16m▀[38;2;161;147;44;48;2;16;16;16m▀[38;2;161;147;44;48;2;94;86;28m▀[38;2;94;86;28;48;2;161;147;44m▀[38;2;161;147;44;48;2;205;187;51m▀[38;2;161;147;44;48;2;205;187;51m▀[38;2;238;151;255;48;2;94;86;28m▀[38;2;238;151;255;48;2;94;86;28m▀[38;2;247;206;255;48;2;238;151;255m▀[38;2;92;60;22;48;2;247;206;255m▀[38;2;92;60;22;48;2;247;206;255m▀[38;2;16;16;16;48;2;247;206;255m▀[38;2;247;206;255;48;2;238;151;255m▀[38;2;247;206;255;48;2;238;151;255m▀[38;2;238;151;255;48;2;139;130;64m▀[38;2;205;187;51;48;2;205;187;51m▀[38;2;205;187;51;48;2;205;187;51m▀[38;2;161;147;44;48;2;205;187;51m▀[38;2;94;86;28;48;2;161;147;44m▀[38;2;94;86;28;48;2;161;147;44m▀[38;2;94;86;28;48;2;161;147;44m▀[38;2;161;147;44;48;2;0;0;0m▀[38;2;0;0;0m▀[0m [0m [0m [0m [0m [0m [0m [0m [0m [0m [0m [0m [0m [0m [0m [0m [0m [0m
[0m [0m [0m [0m [0m [0m [0m [0m [0m [0m [0m [0m [38;2;0;0;0;48;2;0;0;0m▀[38;2;94;86;28;48;2;94;86;28m▀[38;2;161;147;44;48;2;161;147;44m▀[38;2;161;147;44;48;2;161;147;44m▀[38;2;161;147;44;48;2;205;187;51m▀[38;2;205;187;51;48;2;205;187;51m▀[38;2;94;86;28;48;2;161;147;44m▀[38;2;205;187;51;48;2;94;86;28m▀[38;2;173;0;49;48;2;16;16;16m▀[38;2;173;0;49;48;2;16;16;16m▀[38;2;173;0;49;48;2;173;0;49m▀[38;2;173;0;49;48;2;173;0;49m▀[38;2;173;0;49;48;2;239;33;58m▀[38;2;173;0;49;48;2;255;107;99m▀[38;2;173;0;49;48;2;255;107;99m▀[38;2;173;0;49;48;2;255;107;99m▀[38;2;239;33;58;48;2;255;107;99m▀[38;2;239;33;58;48;2;255;107;99m▀[38;2;239;33;58;48;2;205;187;51m▀[38;2;173;0;49;48;2;161;147;44m▀[38;2;173;0;49;48;2;161;147;44m▀[38;2;173;0;49;48;2;161;147;44m▀[38;2;161;147;44;48;2;16;16;16m▀[38;2;161;147;44;48;2;16;16;16m▀[38;2;16;16;16;48;2;0;0;0m▀[38;2;16;16;16;48;2;139;130;64m▀[38;2;161;147;44;48;2;161;147;44m▀[38;2;161;147;44;48;2;161;147;44m▀[38;2;161;147;44;48;2;205;187;51m▀[38;2;205;187;51;48;2;205;187;51m▀[38;2;161;147;44;48;2;161;147;44m▀[38;2;161;147;44;48;2;161;147;44m▀[38;2;94;86;28;48;2;94;86;28m▀[38;2;94;86;28;48;2;94;86;28m▀[38;2;94;86;28;48;2;94;86;28m▀[38;2;238;151;255;48;2;161;147;44m▀[38;2;238;151;255;48;2;16;16;16m▀[38;2;238;151;255;48;2;0;0;0m▀[38;2;0;0;0m▀[38;2;0;0;0m▀[38;2;0;0;0m▀[38;2;139;130;64;48;2;0;0;0m▀[38;2;139;130;64;48;2;0;0;0m▀[38;2;205;187;51;48;2;139;130;64m▀[38;2;161;147;44;48;2;255;255;255m▀[38;2;161;147;44;48;2;255;255;255m▀[38;2;94;86;28;48;2;94;86;28m▀[38;2;0;0;0;48;2;0;0;0m▀[0m [0m [0m [0m [0m [0m [0m [0m [0m [0m [0m [0m [0m [0m [0m [0m [0m [0m [0m
[0m [0m [0m [0m [0m [0m [0m [0m [0m [0m [0m [38;2;0;0;0;48;2;0;0;0m▀[38;2;139;130;64;48;2;139;130;64m▀[38;2;205;187;51;48;2;255;255;255m▀[38;2;205;187;51;48;2;161;147;44m▀[38;2;205;187;51;48;2;161;147;44m▀[38;2;161;147;44;48;2;255;255;255m▀[38;2;205;187;51;48;2;161;147;44m▀[38;2;161;147;44;48;2;94;86;28m▀[38;2;161;147;44;48;2;16;16;16m▀[38;2;94;86;28;48;2;0;0;0m▀[38;2;94;86;28;48;2;0;0;0m▀[38;2;16;16;16;48;2;0;0;0m▀[38;2;16;16;16;48;2;0;0;0m▀[38;2;205;187;51;48;2;16;16;16m▀[38;2;205;187;51;48;2;16;16;16m▀[38;2;205;187;51;48;2;16;16;16m▀[38;2;205;187;51;48;2;16;16;16m▀[38;2;161;147;44;48;2;16;16;16m▀[38;2;161;147;44;48;2;16;16;16m▀[38;2;16;16;16;48;2;0;0;0m▀[38;2;16;16;16;48;2;0;0;0m▀[38;2;16;16;16;48;2;0;0;0m▀[38;2;16;16;16;48;2;0;0;0m▀[38;2;0;0;0m▀[38;2;0;0;0m▀[0m [38;2;0;0;0m▀[38;2;139;130;64;48;2;0;0;0m▀[38;2;139;130;64;48;2;0;0;0m▀[38;2;205;187;51;48;2;16;16;16m▀[38;2;205;187;51;48;2;205;187;51m▀[38;2;205;187;51;48;2;205;187;51m▀[38;2;205;187;51;48;2;161;147;44m▀[38;2;205;187;51;48;2;205;187;51m▀[38;2;205;187;51;48;2;205;187;51m▀[38;2;161;147;44;48;2;94;86;28m▀[38;2;161;147;44;48;2;161;147;44m▀[38;2;16;16;16;48;2;16;16;16m▀[38;2;0;0;0;48;2;0;0;0m▀[0m [0m [0m [0m [0m [38;2;0;0;0m▀[38;2;94;86;28;48;2;0;0;0m▀[38;2;94;86;28;48;2;0;0;0m▀[38;2;0;0;0m▀[0m [0m [0m [0m [0m [0m [0m [0m [0m [0m [0m [0m [0m [0m [0m [0m [0m [0m [0m [0m
[0m [0m [0m [0m [0m [0m [0m [0m [0m [0m [0m [38;2;0;0;0m▀[38;2;139;130;64;48;2;0;0;0m▀[38;2;255;255;255;48;2;16;16;16m▀[38;2;161;147;44;48;2;16;16;16m▀[38;2;161;147;44;48;2;16;16;16m▀[38;2;255;255;255;48;2;16;16;16m▀[38;2;161;147;44;48;2;16;16;16m▀[38;2;94;86;28;48;2;0;0;0m▀[38;2;16;16;16;48;2;0;0;0m▀[38;2;0;0;0m▀[0m [0m [38;2;0;0;0m▀[38;2;16;16;16;48;2;0;0;0m▀[38;2;16;16;16;48;2;0;0;0m▀[38;2;16;16;16;48;2;0;0;0m▀[38;2;16;16;16;48;2;0;0;0m▀[38;2;16;16;16;48;2;0;0;0m▀[38;2;16;16;16;48;2;0;0;0m▀[38;2;0;0;0m▀[0m [0m [0m [0m [0m [0m [0m [0m [38;2;0;0;0m▀[38;2;16;16;16;48;2;0;0;0m▀[38;2;205;187;51;48;2;16;16;16m▀[38;2;205;187;51;48;2;16;16;16m▀[38;2;161;147;44;48;2;255;255;255m▀[38;2;205;187;51;48;2;161;147;44m▀[38;2;205;187;51;48;2;161;147;44m▀[38;2;94;86;28;48;2;255;255;255m▀[38;2;161;147;44;48;2;16;16;16m▀[38;2;16;16;16;48;2;0;0;0m▀[38;2;0;0;0m▀[0m [0m [0m [0m [0m [0m [0m [0m [0m [0m [0m [0m [0m [0m [0m [0m [0m [0m [0m [0m [0m [0m [0m [0m [0m [0m [0m [0m [0m
