[0m [0m [0m [0m [0m [0m [0m [0m [0m [0m [0m [0m [0m [0m [0m [0m [0m [0m [0m [0m [0m [0m [0m [0m [0m [0m [0m [0m [38;2;0;0;0m▄[38;2;0;0;0;48;2;164;213;65m▀[38;2;164;213;65;48;2;190;227;115m▀[38;2;164;213;65;48;2;190;227;115m▀[38;2;90;156;57;48;2;164;213;65m▀[38;2;90;156;57;48;2;164;213;65m▀[38;2;0;0;0;48;2;90;156;57m▀[38;2;0;0;0m▄[38;2;0;0;0m▄[38;2;0;0;0m▄[0m [0m [0m [0m [0m
[0m [0m [0m [0m [0m [0m [0m [0m [0m [0m [0m [0m [0m [0m [0m [0m [0m [0m [0m [0m [0m [0m [0m [0m [0m [0m [0m [0m [38;2;0;0;0;48;2;0;0;0m▀[38;2;90;156;57;48;2;90;156;57m▀[38;2;90;156;57;48;2;90;156;57m▀[38;2;90;156;57;48;2;90;156;57m▀[38;2;90;156;57;48;2;90;156;57m▀[38;2;90;156;57;48;2;90;156;57m▀[38;2;64;116;38;48;2;64;116;38m▀[38;2;190;227;115;48;2;190;227;115m▀[38;2;190;227;115;48;2;190;227;115m▀[38;2;164;213;65;48;2;164;213;65m▀[38;2;0;0;0;48;2;0;0;0m▀[38;2;0;0;0m▄[0m [0m [0m
[0m [0m [0m [0m [0m [0m [0m [0m [0m [0m [0m [0m [0m [0m [0m [0m [0m [0m [0m [0m [38;2;0;0;0m▄[38;2;0;0;0m▄[38;2;0;0;0m▄[38;2;0;0;0m▄[38;2;0;0;0m▄[38;2;0;0;0m▄[38;2;0;0;0m▄[38;2;0;0;0m▄[38;2;0;0;0m▄[38;2;0;0;0;48;2;65;57;49m▀[38;2;0;0;0;48;2;65;57;49m▀[38;2;0;0;0;48;2;65;57;49m▀[38;2;90;156;57;48;2;65;57;49m▀[38;2;90;156;57;48;2;65;57;49m▀[38;2;64;116;38;48;2;64;116;38m▀[38;2;90;156;57;48;2;0;0;0m▀[38;2;164;213;65;48;2;90;156;57m▀[38;2;164;213;65;48;2;90;156;57m▀[38;2;90;156;57;48;2;90;156;57m▀[38;2;90;156;57;48;2;90;156;57m▀[38;2;0;0;0;48;2;0;0;0m▀[0m [0m
[0m [0m [0m [0m [0m [0m [0m [0m [0m [0m [0m [0m [0m [0m [38;2;0;0;0m▄[38;2;0;0;0m▄[38;2;0;0;0;48;2;106;106;82m▀[38;2;0;0;0;48;2;106;106;82m▀[38;2;0;0;0;48;2;106;106;82m▀[38;2;0;0;0;48;2;106;106;82m▀[38;2;106;106;82;48;2;180;180;156m▀[38;2;106;106;82;48;2;180;180;156m▀[38;2;106;106;82;48;2;180;180;156m▀[38;2;106;106;82;48;2;180;180;156m▀[38;2;65;57;49;48;2;180;180;156m▀[38;2;65;57;49;48;2;180;180;156m▀[38;2;65;57;49;48;2;156;148;131m▀[38;2;65;57;49;48;2;156;148;131m▀[38;2;65;57;49;48;2;156;148;131m▀[38;2;156;148;131;48;2;156;148;131m▀[38;2;156;148;131;48;2;106;106;82m▀[38;2;106;106;82;48;2;156;148;131m▀[38;2;65;57;49;48;2;65;57;49m▀[38;2;65;57;49;48;2;65;57;49m▀[38;2;16;16;16;48;2;106;106;82m▀[38;2;0;0;0;48;2;16;16;16m▀[38;2;0;0;0;48;2;0;0;0m▀[38;2;0;0;0m▀[38;2;0;0;0m▀[38;2;0;0;0m▀[0m [0m [0m
[0m [0m [38;2;0;0;0m▄[38;2;0;0;0m▄[38;2;0;0;0m▄[0m [0m [0m [0m [0m [0m [0m [0m [38;2;0;0;0;48;2;0;0;0m▀[38;2;106;106;82;48;2;106;106;82m▀[38;2;106;106;82;48;2;106;106;82m▀[38;2;180;180;156;48;2;180;180;156m▀[38;2;180;180;156;48;2;180;180;156m▀[38;2;180;180;156;48;2;180;180;156m▀[38;2;180;180;156;48;2;180;180;156m▀[38;2;180;180;156;48;2;180;180;156m▀[38;2;180;180;156;48;2;180;180;156m▀[38;2;180;180;156;48;2;180;180;156m▀[38;2;180;180;156;48;2;180;180;156m▀[38;2;180;180;156;48;2;180;180;156m▀[38;2;156;148;131;48;2;156;148;131m▀[38;2;156;148;131;48;2;156;148;131m▀[38;2;156;148;131;48;2;156;148;131m▀[38;2;106;106;82;48;2;106;106;82m▀[38;2;106;106;82;48;2;106;106;82m▀[38;2;156;148;131;48;2;156;148;131m▀[38;2;156;148;131;48;2;156;148;131m▀[38;2;65;57;49;48;2;65;57;49m▀[38;2;65;57;49;48;2;65;57;49m▀[38;2;106;106;82;48;2;106;106;82m▀[38;2;16;16;16;48;2;16;16;16m▀[38;2;0;0;0;48;2;0;0;0m▀[0m [0m [0m [0m [0m [0m
[38;2;0;0;0m▄[38;2;0;0;0;48;2;106;106;82m▀[38;2;65;57;49;48;2;197;213;172m▀[38;2;65;57;49;48;2;197;213;172m▀[38;2;65;57;49;48;2;197;213;172m▀[38;2;0;0;0;48;2;65;57;49m▀[38;2;0;0;0;48;2;65;57;49m▀[38;2;0;0;0m▄[38;2;0;0;0m▄[38;2;0;0;0m▄[0m [0m [0m [38;2;0;0;0;48;2;0;0;0m▀[38;2;106;106;82;48;2;106;106;82m▀[38;2;106;106;82;48;2;106;106;82m▀[38;2;180;180;156;48;2;180;180;156m▀[38;2;180;180;156;48;2;180;180;156m▀[38;2;180;180;156;48;2;180;180;156m▀[38;2;180;180;156;48;2;106;106;82m▀[38;2;180;180;156;48;2;65;57;49m▀[38;2;180;180;156;48;2;65;57;49m▀[38;2;65;57;49;48;2;180;180;156m▀[38;2;16;16;16;48;2;106;106;82m▀[38;2;156;148;131;48;2;16;16;16m▀[38;2;156;148;131;48;2;106;106;82m▀[38;2;106;106;82;48;2;156;148;131m▀[38;2;106;106;82;48;2;156;148;131m▀[38;2;156;148;131;48;2;180;180;156m▀[38;2;156;148;131;48;2;180;180;156m▀[38;2;156;148;131;48;2;156;148;131m▀[38;2;156;148;131;48;2;156;148;131m▀[38;2;106;106;82;48;2;106;106;82m▀[38;2;106;106;82;48;2;106;106;82m▀[38;2;65;57;49;48;2;65;57;49m▀[38;2;106;106;82;48;2;106;106;82m▀[38;2;16;16;16;48;2;16;16;16m▀[38;2;0;0;0;48;2;0;0;0m▀[0m [0m [0m [0m [0m
[38;2;0;0;0;48;2;0;0;0m▀[38;2;106;106;82;48;2;106;106;82m▀[38;2;197;213;172;48;2;197;213;172m▀[38;2;197;213;172;48;2;197;213;172m▀[38;2;197;213;172;48;2;65;57;49m▀[38;2;197;213;172;48;2;106;106;82m▀[38;2;106;106;82;48;2;197;213;172m▀[38;2;65;57;49;48;2;197;213;172m▀[38;2;65;57;49;48;2;180;180;156m▀[38;2;65;57;49;48;2;180;180;156m▀[38;2;0;0;0;48;2;65;57;49m▀[38;2;0;0;0;48;2;16;16;16m▀[38;2;0;0;0;48;2;65;57;49m▀[38;2;65;57;49;48;2;180;180;156m▀[38;2;65;57;49;48;2;180;180;156m▀[38;2;65;57;49;48;2;180;180;156m▀[38;2;65;57;49;48;2;180;180;156m▀[38;2;106;106;82;48;2;180;180;156m▀[38;2;65;57;49;48;2;180;180;156m▀[38;2;65;57;49;48;2;156;148;131m▀[38;2;156;148;131;48;2;180;180;156m▀[38;2;156;148;131;48;2;180;180;156m▀[38;2;180;180;156;48;2;180;180;156m▀[38;2;106;106;82;48;2;156;148;131m▀[38;2;16;16;16;48;2;16;16;16m▀[38;2;156;148;131;48;2;156;148;131m▀[38;2;180;180;156;48;2;180;180;156m▀[38;2;180;180;156;48;2;180;180;156m▀[38;2;180;180;156;48;2;180;180;156m▀[38;2;180;180;156;48;2;180;180;156m▀[38;2;156;148;131;48;2;156;148;131m▀[38;2;156;148;131;48;2;156;148;131m▀[38;2;156;148;131;48;2;156;148;131m▀[38;2;156;148;131;48;2;156;148;131m▀[38;2;65;57;49;48;2;106;106;82m▀[38;2;106;106;82;48;2;65;57;49m▀[38;2;106;106;82;48;2;106;106;82m▀[38;2;16;16;16;48;2;106;106;82m▀[38;2;0;0;0;48;2;65;57;49m▀[38;2;0;0;0;48;2;65;57;49m▀[38;2;0;0;0m▄[0m [0m
[38;2;0;0;0;48;2;0;0;0m▀[38;2;106;106;82;48;2;106;106;82m▀[38;2;65;57;49;48;2;65;57;49m▀[38;2;65;57;49;48;2;65;57;49m▀[38;2;197;213;172;48;2;197;213;172m▀[38;2;197;213;172;48;2;197;213;172m▀[38;2;197;213;172;48;2;197;213;172m▀[38;2;180;180;156;48;2;180;180;156m▀[38;2;180;180;156;48;2;180;180;156m▀[38;2;180;180;156;48;2;180;180;156m▀[38;2;180;180;156;48;2;180;180;156m▀[38;2;180;180;156;48;2;180;180;156m▀[38;2;180;180;156;48;2;180;180;156m▀[38;2;180;180;156;48;2;180;180;156m▀[38;2;106;106;82;48;2;106;106;82m▀[38;2;106;106;82;48;2;106;106;82m▀[38;2;106;106;82;48;2;106;106;82m▀[38;2;180;180;156;48;2;180;180;156m▀[38;2;180;180;156;48;2;180;180;156m▀[38;2;65;57;49;48;2;65;57;49m▀[38;2;156;148;131;48;2;156;148;131m▀[38;2;156;148;131;48;2;156;148;131m▀[38;2;180;180;156;48;2;180;180;156m▀[38;2;156;148;131;48;2;156;148;131m▀[38;2;156;148;131;48;2;156;148;131m▀[38;2;16;16;16;48;2;16;16;16m▀[38;2;180;180;156;48;2;180;180;156m▀[38;2;180;180;156;48;2;180;180;156m▀[38;2;180;180;156;48;2;180;180;156m▀[38;2;180;180;156;48;2;180;180;156m▀[38;2;156;148;131;48;2;156;148;131m▀[38;2;156;148;131;48;2;156;148;131m▀[38;2;156;148;131;48;2;156;148;131m▀[38;2;156;148;131;48;2;156;148;131m▀[38;2;106;106;82;48;2;106;106;82m▀[38;2;65;57;49;48;2;65;57;49m▀[38;2;106;106;82;48;2;106;106;82m▀[38;2;106;106;82;48;2;106;106;82m▀[38;2;16;16;16;48;2;16;16;16m▀[38;2;16;16;16;48;2;16;16;16m▀[38;2;0;0;0;48;2;0;0;0m▀[0m [0m
[38;2;0;0;0;48;2;0;0;0m▀[38;2;65;57;49;48;2;65;57;49m▀[38;2;197;213;172;48;2;180;180;156m▀[38;2;197;213;172;48;2;180;180;156m▀[38;2;197;213;172;48;2;16;16;16m▀[38;2;180;180;156;48;2;106;106;82m▀[38;2;180;180;156;48;2;180;180;156m▀[38;2;106;106;82;48;2;180;180;156m▀[38;2;180;180;156;48;2;106;106;82m▀[38;2;180;180;156;48;2;106;106;82m▀[38;2;180;180;156;48;2;156;148;131m▀[38;2;180;180;156;48;2;65;57;49m▀[38;2;106;106;82;48;2;180;180;156m▀[38;2;106;106;82;48;2;197;213;172m▀[38;2;197;213;172;48;2;197;213;172m▀[38;2;197;213;172;48;2;197;213;172m▀[38;2;180;180;156;48;2;180;180;156m▀[38;2;180;180;156;48;2;180;180;156m▀[38;2;180;180;156;48;2;180;180;156m▀[38;2;180;180;156;48;2;156;148;131m▀[38;2;65;57;49;48;2;156;148;131m▀[38;2;65;57;49;48;2;156;148;131m▀[38;2;180;180;156;48;2;65;57;49m▀[38;2;156;148;131;48;2;156;148;131m▀[38;2;156;148;131;48;2;156;148;131m▀[38;2;65;57;49;48;2;65;57;49m▀[38;2;180;180;156;48;2;180;180;156m▀[38;2;180;180;156;48;2;180;180;156m▀[38;2;180;180;156;48;2;156;148;131m▀[38;2;156;148;131;48;2;156;148;131m▀[38;2;156;148;131;48;2;156;148;131m▀[38;2;156;148;131;48;2;156;148;131m▀[38;2;156;148;131;48;2;106;106;82m▀[38;2;156;148;131;48;2;106;106;82m▀[38;2;106;106;82;48;2;106;106;82m▀[38;2;106;106;82;48;2;106;106;82m▀[38;2;65;57;49;48;2;65;57;49m▀[38;2;106;106;82;48;2;106;106;82m▀[38;2;106;106;82;48;2;106;106;82m▀[38;2;106;106;82;48;2;106;106;82m▀[38;2;16;16;16;48;2;16;16;16m▀[38;2;0;0;0;48;2;0;0;0m▀[0m
[38;2;0;0;0;48;2;0;0;0m▀[38;2;16;16;16;48;2;16;16;16m▀[38;2;65;57;49;48;2;180;180;156m▀[38;2;65;57;49;48;2;180;180;156m▀[38;2;205;222;205;48;2;255;255;255m▀[38;2;16;16;16;48;2;205;222;205m▀[38;2;106;106;82;48;2;16;16;16m▀[38;2;156;148;131;48;2;16;16;16m▀[38;2;65;57;49;48;2;156;148;131m▀[38;2;65;57;49;48;2;156;148;131m▀[38;2;156;148;131;48;2;156;148;131m▀[38;2;65;57;49;48;2;156;148;131m▀[38;2;180;180;156;48;2;16;16;16m▀[38;2;180;180;156;48;2;16;16;16m▀[38;2;156;148;131;48;2;16;16;16m▀[38;2;156;148;131;48;2;16;16;16m▀[38;2;16;16;16;48;2;148;156;156m▀[38;2;16;16;16;48;2;205;222;205m▀[38;2;16;16;16;48;2;205;222;205m▀[38;2;65;57;49;48;2;16;16;16m▀[38;2;156;148;131;48;2;65;57;49m▀[38;2;156;148;131;48;2;65;57;49m▀[38;2;106;106;82;48;2;156;148;131m▀[38;2;156;148;131;48;2;156;148;131m▀[38;2;156;148;131;48;2;156;148;131m▀[38;2;106;106;82;48;2;106;106;82m▀[38;2;16;16;16;48;2;16;16;16m▀[38;2;16;16;16;48;2;16;16;16m▀[38;2;156;148;131;48;2;65;57;49m▀[38;2;156;148;131;48;2;106;106;82m▀[38;2;156;148;131;48;2;106;106;82m▀[38;2;106;106;82;48;2;106;106;82m▀[38;2;106;106;82;48;2;106;106;82m▀[38;2;106;106;82;48;2;106;106;82m▀[38;2;106;106;82;48;2;106;106;82m▀[38;2;106;106;82;48;2;106;106;82m▀[38;2;65;57;49;48;2;65;57;49m▀[38;2;106;106;82;48;2;106;106;82m▀[38;2;106;106;82;48;2;106;106;82m▀[38;2;106;106;82;48;2;106;106;82m▀[38;2;106;106;82;48;2;106;106;82m▀[38;2;16;16;16;48;2;16;16;16m▀[0m
[38;2;0;0;0;48;2;0;0;0m▀[38;2;65;57;49;48;2;65;57;49m▀[38;2;197;213;172;48;2;197;213;172m▀[38;2;197;213;172;48;2;197;213;172m▀[38;2;255;255;255;48;2;255;255;255m▀[38;2;205;222;205;48;2;205;222;205m▀[38;2;16;16;16;48;2;16;16;16m▀[38;2;156;148;131;48;2;156;148;131m▀[38;2;156;148;131;48;2;156;148;131m▀[38;2;156;148;131;48;2;156;148;131m▀[38;2;156;148;131;48;2;156;148;131m▀[38;2;180;180;156;48;2;180;180;156m▀[38;2;16;16;16;48;2;16;16;16m▀[38;2;205;222;205;48;2;205;222;205m▀[38;2;16;16;16;48;2;16;16;16m▀[38;2;16;16;16;48;2;16;16;16m▀[38;2;255;255;255;48;2;255;255;255m▀[38;2;255;255;255;48;2;255;255;255m▀[38;2;205;222;205;48;2;205;222;205m▀[38;2;106;106;82;48;2;106;106;82m▀[38;2;156;148;131;48;2;156;148;131m▀[38;2;156;148;131;48;2;156;148;131m▀[38;2;156;148;131;48;2;156;148;131m▀[38;2;156;148;131;48;2;156;148;131m▀[38;2;156;148;131;48;2;156;148;131m▀[38;2;156;148;131;48;2;156;148;131m▀[38;2;16;16;16;48;2;16;16;16m▀[38;2;16;16;16;48;2;16;16;16m▀[38;2;65;57;49;48;2;65;57;49m▀[38;2;106;106;82;48;2;106;106;82m▀[38;2;106;106;82;48;2;106;106;82m▀[38;2;106;106;82;48;2;106;106;82m▀[38;2;106;106;82;48;2;106;106;82m▀[38;2;106;106;82;48;2;106;106;82m▀[38;2;106;106;82;48;2;106;106;82m▀[38;2;106;106;82;48;2;106;106;82m▀[38;2;65;57;49;48;2;65;57;49m▀[38;2;106;106;82;48;2;106;106;82m▀[38;2;106;106;82;48;2;106;106;82m▀[38;2;106;106;82;48;2;106;106;82m▀[38;2;106;106;82;48;2;106;106;82m▀[38;2;16;16;16;48;2;16;16;16m▀[0m
[38;2;16;16;16;48;2;16;16;16m▀[38;2;180;180;156;48;2;180;180;156m▀[38;2;197;213;172;48;2;180;180;156m▀[38;2;197;213;172;48;2;180;180;156m▀[38;2;156;148;131;48;2;180;180;156m▀[38;2;106;106;82;48;2;180;180;156m▀[38;2;148;156;156;48;2;180;180;156m▀[38;2;180;180;156;48;2;180;180;156m▀[38;2;180;180;156;48;2;180;180;156m▀[38;2;180;180;156;48;2;180;180;156m▀[38;2;180;180;156;48;2;180;180;156m▀[38;2;180;180;156;48;2;180;180;156m▀[38;2;180;180;156;48;2;180;180;156m▀[38;2;106;106;82;48;2;180;180;156m▀[38;2;148;156;156;48;2;180;180;156m▀[38;2;148;156;156;48;2;180;180;156m▀[38;2;255;255;255;48;2;180;180;156m▀[38;2;255;255;255;48;2;180;180;156m▀[38;2;255;255;255;48;2;180;180;156m▀[38;2;106;106;82;48;2;180;180;156m▀[38;2;156;148;131;48;2;156;148;131m▀[38;2;156;148;131;48;2;156;148;131m▀[38;2;156;148;131;48;2;156;148;131m▀[38;2;156;148;131;48;2;156;148;131m▀[38;2;156;148;131;48;2;156;148;131m▀[38;2;156;148;131;48;2;156;148;131m▀[38;2;65;57;49;48;2;106;106;82m▀[38;2;65;57;49;48;2;106;106;82m▀[38;2;156;148;131;48;2;156;148;131m▀[38;2;65;57;49;48;2;156;148;131m▀[38;2;106;106;82;48;2;65;57;49m▀[38;2;106;106;82;48;2;106;106;82m▀[38;2;106;106;82;48;2;106;106;82m▀[38;2;106;106;82;48;2;106;106;82m▀[38;2;106;106;82;48;2;65;57;49m▀[38;2;65;57;49;48;2;106;106;82m▀[38;2;106;106;82;48;2;106;106;82m▀[38;2;106;106;82;48;2;106;106;82m▀[38;2;106;106;82;48;2;106;106;82m▀[38;2;106;106;82;48;2;106;106;82m▀[38;2;106;106;82;48;2;16;16;16m▀[38;2;65;57;49;48;2;0;0;0m▀[0m
[38;2;16;16;16;48;2;16;16;16m▀[38;2;180;180;156;48;2;156;148;131m▀[38;2;156;148;131;48;2;156;148;131m▀[38;2;156;148;131;48;2;156;148;131m▀[38;2;156;148;131;48;2;106;106;82m▀[38;2;106;106;82;48;2;180;180;156m▀[38;2;65;57;49;48;2;180;180;156m▀[38;2;65;57;49;48;2;180;180;156m▀[38;2;65;57;49;48;2;180;180;156m▀[38;2;65;57;49;48;2;180;180;156m▀[38;2;65;57;49;48;2;180;180;156m▀[38;2;65;57;49;48;2;180;180;156m▀[38;2;106;106;82;48;2;180;180;156m▀[38;2;106;106;82;48;2;156;148;131m▀[38;2;180;180;156;48;2;65;57;49m▀[38;2;180;180;156;48;2;65;57;49m▀[38;2;180;180;156;48;2;180;180;156m▀[38;2;180;180;156;48;2;180;180;156m▀[38;2;180;180;156;48;2;156;148;131m▀[38;2;156;148;131;48;2;156;148;131m▀[38;2;156;148;131;48;2;156;148;131m▀[38;2;156;148;131;48;2;156;148;131m▀[38;2;156;148;131;48;2;156;148;131m▀[38;2;156;148;131;48;2;156;148;131m▀[38;2;156;148;131;48;2;156;148;131m▀[38;2;156;148;131;48;2;156;148;131m▀[38;2;156;148;131;48;2;156;148;131m▀[38;2;156;148;131;48;2;156;148;131m▀[38;2;156;148;131;48;2;156;148;131m▀[38;2;156;148;131;48;2;156;148;131m▀[38;2;156;148;131;48;2;156;148;131m▀[38;2;65;57;49;48;2;156;148;131m▀[38;2;65;57;49;48;2;156;148;131m▀[38;2;65;57;49;48;2;156;148;131m▀[38;2;106;106;82;48;2;65;57;49m▀[38;2;106;106;82;48;2;106;106;82m▀[38;2;106;106;82;48;2;106;106;82m▀[38;2;106;106;82;48;2;16;16;16m▀[38;2;16;16;16;48;2;0;0;0m▀[38;2;16;16;16;48;2;0;0;0m▀[38;2;0;0;0m▀[0m [0m
[38;2;16;16;16;48;2;0;0;0m▀[38;2;156;148;131;48;2;16;16;16m▀[38;2;156;148;131;48;2;65;57;49m▀[38;2;156;148;131;48;2;65;57;49m▀[38;2;65;57;49;48;2;156;148;131m▀[38;2;156;148;131;48;2;156;148;131m▀[38;2;156;148;131;48;2;106;106;82m▀[38;2;156;148;131;48;2;106;106;82m▀[38;2;156;148;131;48;2;106;106;82m▀[38;2;156;148;131;48;2;106;106;82m▀[38;2;156;148;131;48;2;106;106;82m▀[38;2;156;148;131;48;2;106;106;82m▀[38;2;156;148;131;48;2;106;106;82m▀[38;2;156;148;131;48;2;156;148;131m▀[38;2;156;148;131;48;2;156;148;131m▀[38;2;156;148;131;48;2;156;148;131m▀[38;2;65;57;49;48;2;156;148;131m▀[38;2;156;148;131;48;2;65;57;49m▀[38;2;156;148;131;48;2;106;106;82m▀[38;2;156;148;131;48;2;156;148;131m▀[38;2;156;148;131;48;2;156;148;131m▀[38;2;156;148;131;48;2;156;148;131m▀[38;2;156;148;131;48;2;156;148;131m▀[38;2;156;148;131;48;2;156;148;131m▀[38;2;156;148;131;48;2;156;148;131m▀[38;2;106;106;82;48;2;65;57;49m▀[38;2;156;148;131;48;2;156;148;131m▀[38;2;156;148;131;48;2;156;148;131m▀[38;2;156;148;131;48;2;156;148;131m▀[38;2;156;148;131;48;2;156;148;131m▀[38;2;65;57;49;48;2;65;57;49m▀[38;2;65;57;49;48;2;65;57;49m▀[38;2;156;148;131;48;2;65;57;49m▀[38;2;156;148;131;48;2;65;57;49m▀[38;2;156;148;131;48;2;156;148;131m▀[38;2;16;16;16;48;2;156;148;131m▀[38;2;74;65;49;48;2;16;16;16m▀[38;2;0;0;0;48;2;0;0;0m▀[0m [0m [0m [0m [0m
[38;2;0;0;0;48;2;0;0;0m▀[38;2;16;16;16;48;2;65;57;49m▀[38;2;65;57;49;48;2;156;148;131m▀[38;2;65;57;49;48;2;156;148;131m▀[38;2;156;148;131;48;2;156;148;131m▀[38;2;156;148;131;48;2;106;106;82m▀[38;2;106;106;82;48;2;156;148;131m▀[38;2;106;106;82;48;2;156;148;131m▀[38;2;106;106;82;48;2;156;148;131m▀[38;2;106;106;82;48;2;156;148;131m▀[38;2;106;106;82;48;2;156;148;131m▀[38;2;106;106;82;48;2;156;148;131m▀[38;2;106;106;82;48;2;156;148;131m▀[38;2;156;148;131;48;2;156;148;131m▀[38;2;156;148;131;48;2;106;106;82m▀[38;2;156;148;131;48;2;106;106;82m▀[38;2;156;148;131;48;2;156;148;131m▀[38;2;65;57;49;48;2;156;148;131m▀[38;2;106;106;82;48;2;156;148;131m▀[38;2;156;148;131;48;2;65;57;49m▀[38;2;156;148;131;48;2;65;57;49m▀[38;2;156;148;131;48;2;65;57;49m▀[38;2;156;148;131;48;2;65;57;49m▀[38;2;156;148;131;48;2;156;148;131m▀[38;2;156;148;131;48;2;65;57;49m▀[38;2;65;57;49;48;2;156;148;131m▀[38;2;156;148;131;48;2;156;148;131m▀[38;2;156;148;131;48;2;156;148;131m▀[38;2;156;148;131;48;2;156;148;131m▀[38;2;156;148;131;48;2;156;148;131m▀[38;2;65;57;49;48;2;156;148;131m▀[38;2;65;57;49;48;2;65;57;49m▀[38;2;65;57;49;48;2;65;57;49m▀[38;2;65;57;49;48;2;65;57;49m▀[38;2;156;148;131;48;2;156;148;131m▀[38;2;156;148;131;48;2;156;148;131m▀[38;2;16;16;16;48;2;156;148;131m▀[38;2;0;0;0;48;2;65;57;49m▀[38;2;0;0;0m▄[0m [0m [0m [0m
[0m [38;2;0;0;0m▀[38;2;65;57;49;48;2;0;0;0m▀[38;2;65;57;49;48;2;0;0;0m▀[38;2;156;148;131;48;2;16;16;16m▀[38;2;156;148;131;48;2;156;148;131m▀[38;2;156;148;131;48;2;156;148;131m▀[38;2;156;148;131;48;2;156;148;131m▀[38;2;156;148;131;48;2;156;148;131m▀[38;2;156;148;131;48;2;156;148;131m▀[38;2;156;148;131;48;2;156;148;131m▀[38;2;156;148;131;48;2;156;148;131m▀[38;2;156;148;131;48;2;156;148;131m▀[38;2;156;148;131;48;2;156;148;131m▀[38;2;156;148;131;48;2;156;148;131m▀[38;2;156;148;131;48;2;156;148;131m▀[38;2;106;106;82;48;2;156;148;131m▀[38;2;156;148;131;48;2;156;148;131m▀[38;2;156;148;131;48;2;106;106;82m▀[38;2;156;148;131;48;2;16;16;16m▀[38;2;156;148;131;48;2;16;16;16m▀[38;2;156;148;131;48;2;16;16;16m▀[38;2;16;16;16;48;2;156;148;131m▀[38;2;16;16;16;48;2;156;148;131m▀[38;2;156;148;131;48;2;156;148;131m▀[38;2;156;148;131;48;2;106;106;82m▀[38;2;156;148;131;48;2;156;148;131m▀[38;2;156;148;131;48;2;156;148;131m▀[38;2;156;148;131;48;2;156;148;131m▀[38;2;156;148;131;48;2;65;57;49m▀[38;2;106;106;82;48;2;156;148;131m▀[38;2;156;148;131;48;2;156;148;131m▀[38;2;156;148;131;48;2;156;148;131m▀[38;2;156;148;131;48;2;156;148;131m▀[38;2;156;148;131;48;2;65;57;49m▀[38;2;156;148;131;48;2;156;148;131m▀[38;2;156;148;131;48;2;156;148;131m▀[38;2;65;57;49;48;2;156;148;131m▀[38;2;0;0;0;48;2;16;16;16m▀[38;2;0;0;0;48;2;16;16;16m▀[38;2;0;0;0m▄[0m [0m
[0m [0m [0m [0m [38;2;0;0;0m▀[38;2;16;16;16;48;2;0;0;0m▀[38;2;106;106;82;48;2;65;57;49m▀[38;2;65;57;49;48;2;180;180;156m▀[38;2;16;16;16;48;2;180;180;156m▀[38;2;16;16;16;48;2;180;180;156m▀[38;2;16;16;16;48;2;156;148;131m▀[38;2;16;16;16;48;2;65;57;49m▀[38;2;16;16;16;48;2;156;148;131m▀[38;2;16;16;16;48;2;156;148;131m▀[38;2;16;16;16;48;2;156;148;131m▀[38;2;16;16;16;48;2;156;148;131m▀[38;2;16;16;16;48;2;156;148;131m▀[38;2;65;57;49;48;2;156;148;131m▀[38;2;156;148;131;48;2;156;148;131m▀[38;2;156;148;131;48;2;65;57;49m▀[38;2;156;148;131;48;2;180;180;156m▀[38;2;156;148;131;48;2;180;180;156m▀[38;2;180;180;156;48;2;106;106;82m▀[38;2;180;180;156;48;2;74;65;49m▀[38;2;180;180;156;48;2;180;180;156m▀[38;2;65;57;49;48;2;180;180;156m▀[38;2;156;148;131;48;2;65;57;49m▀[38;2;156;148;131;48;2;65;57;49m▀[38;2;156;148;131;48;2;16;16;16m▀[38;2;16;16;16;48;2;156;148;131m▀[38;2;156;148;131;48;2;156;148;131m▀[38;2;156;148;131;48;2;156;148;131m▀[38;2;65;57;49;48;2;65;57;49m▀[38;2;65;57;49;48;2;65;57;49m▀[38;2;65;57;49;48;2;65;57;49m▀[38;2;65;57;49;48;2;65;57;49m▀[38;2;156;148;131;48;2;156;148;131m▀[38;2;156;148;131;48;2;156;148;131m▀[38;2;16;16;16;48;2;16;16;16m▀[38;2;16;16;16;48;2;16;16;16m▀[38;2;0;0;0;48;2;0;0;0m▀[0m [0m
[0m [0m [0m [0m [0m [38;2;0;0;0;48;2;0;0;0m▀[38;2;65;57;49;48;2;65;57;49m▀[38;2;180;180;156;48;2;180;180;156m▀[38;2;180;180;156;48;2;180;180;156m▀[38;2;180;180;156;48;2;180;180;156m▀[38;2;156;148;131;48;2;180;180;156m▀[38;2;65;57;49;48;2;156;148;131m▀[38;2;156;148;131;48;2;65;57;49m▀[38;2;156;148;131;48;2;16;16;16m▀[38;2;156;148;131;48;2;156;148;131m▀[38;2;156;148;131;48;2;156;148;131m▀[38;2;156;148;131;48;2;156;148;131m▀[38;2;156;148;131;48;2;156;148;131m▀[38;2;156;148;131;48;2;65;57;49m▀[38;2;65;57;49;48;2;180;180;156m▀[38;2;180;180;156;48;2;106;106;82m▀[38;2;180;180;156;48;2;106;106;82m▀[38;2;106;106;82;48;2;213;213;172m▀[38;2;74;65;49;48;2;180;180;156m▀[38;2;180;180;156;48;2;74;65;49m▀[38;2;180;180;156;48;2;180;180;156m▀[38;2;65;57;49;48;2;65;57;49m▀[38;2;65;57;49;48;2;65;57;49m▀[38;2;16;16;16;48;2;16;16;16m▀[38;2;156;148;131;48;2;156;148;131m▀[38;2;156;148;131;48;2;156;148;131m▀[38;2;156;148;131;48;2;156;148;131m▀[38;2;65;57;49;48;2;65;57;49m▀[38;2;65;57;49;48;2;65;57;49m▀[38;2;65;57;49;48;2;65;57;49m▀[38;2;65;57;49;48;2;65;57;49m▀[38;2;156;148;131;48;2;156;148;131m▀[38;2;156;148;131;48;2;156;148;131m▀[38;2;16;16;16;48;2;16;16;16m▀[38;2;16;16;16;48;2;16;16;16m▀[38;2;0;0;0;48;2;0;0;0m▀[0m [0m
[0m [0m [0m [0m [0m [38;2;0;0;0m▀[38;2;106;106;82;48;2;0;0;0m▀[38;2;180;180;156;48;2;106;106;82m▀[38;2;180;180;156;48;2;180;180;156m▀[38;2;180;180;156;48;2;180;180;156m▀[38;2;180;180;156;48;2;180;180;156m▀[38;2;156;148;131;48;2;180;180;156m▀[38;2;156;148;131;48;2;156;148;131m▀[38;2;156;148;131;48;2;156;148;131m▀[38;2;16;16;16;48;2;16;16;16m▀[38;2;16;16;16;48;2;16;16;16m▀[38;2;16;16;16;48;2;0;0;0m▀[38;2;16;16;16;48;2;0;0;0m▀[38;2;65;57;49;48;2;106;106;82m▀[38;2;180;180;156;48;2;180;180;156m▀[38;2;74;65;49;48;2;180;180;156m▀[38;2;74;65;49;48;2;180;180;156m▀[38;2;180;180;156;48;2;148;139;123m▀[38;2;148;139;123;48;2;148;139;123m▀[38;2;74;65;49;48;2;180;180;156m▀[38;2;180;180;156;48;2;180;180;156m▀[38;2;65;57;49;48;2;65;57;49m▀[38;2;65;57;49;48;2;65;57;49m▀[38;2;16;16;16;48;2;0;0;0m▀[38;2;156;148;131;48;2;16;16;16m▀[38;2;156;148;131;48;2;106;106;82m▀[38;2;156;148;131;48;2;156;148;131m▀[38;2;156;148;131;48;2;106;106;82m▀[38;2;156;148;131;48;2;106;106;82m▀[38;2;65;57;49;48;2;156;148;131m▀[38;2;156;148;131;48;2;106;106;82m▀[38;2;156;148;131;48;2;156;148;131m▀[38;2;16;16;16;48;2;16;16;16m▀[38;2;0;0;0;48;2;0;0;0m▀[38;2;0;0;0m▀[0m [0m [0m
[0m [0m [0m [0m [0m [38;2;0;0;0m▄[38;2;0;0;0;48;2;65;57;49m▀[38;2;65;57;49;48;2;255;255;255m▀[38;2;180;180;156;48;2;65;57;49m▀[38;2;180;180;156;48;2;65;57;49m▀[38;2;156;148;131;48;2;255;255;255m▀[38;2;180;180;156;48;2;65;57;49m▀[38;2;156;148;131;48;2;156;148;131m▀[38;2;156;148;131;48;2;16;16;16m▀[38;2;16;16;16;48;2;0;0;0m▀[38;2;16;16;16;48;2;0;0;0m▀[38;2;0;0;0m▀[38;2;0;0;0;48;2;0;0;0m▀[38;2;156;148;131;48;2;65;57;49m▀[38;2;180;180;156;48;2;180;180;156m▀[38;2;180;180;156;48;2;156;148;131m▀[38;2;180;180;156;48;2;156;148;131m▀[38;2;180;180;156;48;2;180;180;156m▀[38;2;180;180;156;48;2;156;148;131m▀[38;2;156;148;131;48;2;156;148;131m▀[38;2;16;16;16;48;2;16;16;16m▀[38;2;0;0;0;48;2;0;0;0m▀[38;2;0;0;0m▀[38;2;0;0;0m▀[38;2;65;57;49;48;2;0;0;0m▀[38;2;205;205;205;48;2;16;16;16m▀[38;2;65;57;49;48;2;16;16;16m▀[38;2;205;205;205;48;2;16;16;16m▀[38;2;205;205;205;48;2;16;16;16m▀[38;2;65;57;49;48;2;16;16;16m▀[38;2;205;205;205;48;2;16;16;16m▀[38;2;65;57;49;48;2;0;0;0m▀[38;2;0;0;0m▀[0m [0m [0m [0m [0m
[0m [0m [0m [0m [0m [38;2;0;0;0m▀[38;2;65;57;49;48;2;0;0;0m▀[38;2;255;255;255;48;2;16;16;16m▀[38;2;65;57;49;48;2;16;16;16m▀[38;2;65;57;49;48;2;16;16;16m▀[38;2;255;255;255;48;2;16;16;16m▀[38;2;65;57;49;48;2;16;16;16m▀[38;2;156;148;131;48;2;16;16;16m▀[38;2;16;16;16;48;2;0;0;0m▀[38;2;0;0;0m▀[0m [38;2;0;0;0m▄[38;2;0;0;0;48;2;65;57;49m▀[38;2;65;57;49;48;2;255;255;255m▀[38;2;180;180;156;48;2;65;57;49m▀[38;2;156;148;131;48;2;255;255;255m▀[38;2;156;148;131;48;2;255;255;255m▀[38;2;180;180;156;48;2;65;57;49m▀[38;2;156;148;131;48;2;255;255;255m▀[38;2;156;148;131;48;2;16;16;16m▀[38;2;16;16;16;48;2;0;0;0m▀[38;2;0;0;0m▀[0m [0m [38;2;0;0;0m▀[38;2;16;16;16;48;2;0;0;0m▀[38;2;16;16;16;48;2;0;0;0m▀[38;2;16;16;16;48;2;0;0;0m▀[38;2;16;16;16;48;2;0;0;0m▀[38;2;16;16;16;48;2;0;0;0m▀[38;2;16;16;16;48;2;0;0;0m▀[38;2;0;0;0m▀[0m [0m [0m [0m [0m [0m
