[0m [0m [0m [0m [0m [0m [0m [0m [0m [0m [0m [38;2;0;0;0m▄[38;2;0;0;0;48;2;222;189;57m▀[38;2;139;106;0;48;2;255;255;180m▀[38;2;0;0;0;48;2;139;106;0m▀[38;2;0;0;0;48;2;139;106;0m▀[38;2;0;0;0m▄[0m [0m [0m [0m [0m [0m [38;2;0;0;0m▄[38;2;0;0;0;48;2;139;106;0m▀[38;2;139;106;0;48;2;255;230;131m▀[38;2;0;0;0;48;2;139;106;0m▀[38;2;0;0;0;48;2;139;106;0m▀[38;2;0;0;0m▄[38;2;0;0;0m▄[38;2;0;0;0m▄[38;2;0;0;0m▄[38;2;0;0;0m▄[38;2;0;0;0m▄[38;2;0;0;0m▄[38;2;0;0;0;48;2;139;106;0m▀[38;2;0;0;0;48;2;139;106;0m▀[38;2;139;106;0;48;2;255;213;0m▀[38;2;0;0;0;48;2;139;106;0m▀[38;2;0;0;0;48;2;139;106;0m▀[38;2;0;0;0;48;2;139;106;0m▀[38;2;0;0;0m▄[0m [0m [0m [0m [0m [0m [0m [0m [0m [0m [0m [0m [0m [0m
[0m [0m [0m [0m [0m [0m [38;2;0;0;0m▄[38;2;0;0;0m▄[0m [0m [0m [38;2;0;0;0;48;2;0;0;0m▀[38;2;222;189;57;48;2;222;189;57m▀[38;2;255;255;180;48;2;255;255;180m▀[38;2;139;106;0;48;2;139;106;0m▀[38;2;139;106;0;48;2;139;106;0m▀[38;2;0;0;0;48;2;0;0;0m▀[0m [0m [0m [0m [0m [0m [38;2;0;0;0;48;2;0;0;0m▀[38;2;139;106;0;48;2;139;106;0m▀[38;2;255;230;131;48;2;255;230;131m▀[38;2;139;106;0;48;2;139;106;0m▀[38;2;139;106;0;48;2;139;106;0m▀[38;2;197;123;8;48;2;197;123;8m▀[38;2;197;123;8;48;2;197;123;8m▀[38;2;139;106;0;48;2;139;106;0m▀[38;2;139;106;0;48;2;139;106;0m▀[38;2;139;106;0;48;2;139;106;0m▀[38;2;139;106;0;48;2;139;106;0m▀[38;2;139;106;0;48;2;139;106;0m▀[38;2;255;213;0;48;2;255;213;0m▀[38;2;255;213;0;48;2;255;213;0m▀[38;2;139;106;0;48;2;139;106;0m▀[38;2;255;213;0;48;2;255;213;0m▀[38;2;255;213;0;48;2;255;213;0m▀[38;2;255;213;0;48;2;255;213;0m▀[38;2;139;106;0;48;2;139;106;0m▀[38;2;0;0;0;48;2;0;0;0m▀[0m [0m [0m [0m [0m [0m [0m [0m [0m [0m [0m [0m [0m
[0m [0m [0m [0m [0m [38;2;0;0;0;48;2;0;0;0m▀[38;2;16;16;16;48;2;16;16;16m▀[38;2;16;16;16;48;2;16;16;16m▀[38;2;0;0;0;48;2;16;16;16m▀[38;2;0;0;0;48;2;16;16;16m▀[38;2;0;0;0m▄[38;2;0;0;0;48;2;0;0;0m▀[38;2;222;189;57;48;2;222;189;57m▀[38;2;255;255;180;48;2;255;255;180m▀[38;2;139;106;0;48;2;139;106;0m▀[38;2;139;106;0;48;2;139;106;0m▀[38;2;0;0;0;48;2;0;0;0m▀[0m [0m [0m [38;2;0;0;0m▄[38;2;0;0;0m▄[38;2;0;0;0;48;2;197;123;8m▀[38;2;139;106;0;48;2;139;106;0m▀[38;2;255;230;131;48;2;255;230;131m▀[38;2;139;106;0;48;2;139;106;0m▀[38;2;255;255;255;48;2;255;255;255m▀[38;2;255;255;255;48;2;255;255;255m▀[38;2;255;255;255;48;2;16;16;16m▀[38;2;255;213;0;48;2;16;16;16m▀[38;2;255;213;0;48;2;255;213;0m▀[38;2;255;213;0;48;2;139;106;0m▀[38;2;255;213;0;48;2;139;106;0m▀[38;2;255;213;0;48;2;139;106;0m▀[38;2;255;213;0;48;2;139;106;0m▀[38;2;139;106;0;48;2;255;213;0m▀[38;2;139;106;0;48;2;255;213;0m▀[38;2;255;213;0;48;2;222;189;57m▀[38;2;255;213;0;48;2;255;255;255m▀[38;2;255;255;255;48;2;255;255;255m▀[38;2;255;255;255;48;2;255;255;255m▀[38;2;255;255;255;48;2;255;255;255m▀[38;2;139;106;0;48;2;255;213;0m▀[38;2;0;0;0;48;2;139;106;0m▀[38;2;0;0;0m▄[0m [0m [0m [0m [0m [0m [0m [0m [0m [0m [0m
[0m [0m [0m [0m [0m [38;2;0;0;0;48;2;0;0;0m▀[38;2;16;16;16;48;2;16;16;16m▀[38;2;213;90;57;48;2;213;90;57m▀[38;2;16;16;16;48;2;255;115;82m▀[38;2;16;16;16;48;2;255;115;82m▀[38;2;16;16;16;48;2;16;16;16m▀[38;2;16;16;16;48;2;16;16;16m▀[38;2;222;189;57;48;2;222;189;57m▀[38;2;255;255;180;48;2;255;255;180m▀[38;2;139;106;0;48;2;255;230;131m▀[38;2;139;106;0;48;2;255;230;131m▀[38;2;0;0;0;48;2;139;106;0m▀[38;2;0;0;0;48;2;139;106;0m▀[38;2;0;0;0;48;2;139;106;0m▀[38;2;0;0;0;48;2;139;106;0m▀[38;2;197;123;8;48;2;139;106;0m▀[38;2;197;123;8;48;2;139;106;0m▀[38;2;139;106;0;48;2;222;189;57m▀[38;2;255;230;131;48;2;255;230;131m▀[38;2;139;106;0;48;2;139;106;0m▀[38;2;255;255;255;48;2;16;16;16m▀[38;2;16;16;16;48;2;16;16;16m▀[38;2;16;16;16;48;2;16;16;16m▀[38;2;16;16;16;48;2;16;16;16m▀[38;2;16;16;16;48;2;213;90;57m▀[38;2;16;16;16;48;2;16;16;16m▀[38;2;139;106;0;48;2;255;213;0m▀[38;2;255;213;0;48;2;255;213;0m▀[38;2;255;213;0;48;2;222;189;57m▀[38;2;255;213;0;48;2;222;189;57m▀[38;2;255;213;0;48;2;255;255;255m▀[38;2;255;255;255;48;2;255;255;255m▀[38;2;255;255;255;48;2;255;255;255m▀[38;2;255;213;0;48;2;255;255;255m▀[38;2;222;189;57;48;2;255;213;0m▀[38;2;222;189;57;48;2;255;213;0m▀[38;2;255;213;0;48;2;222;189;57m▀[38;2;255;213;0;48;2;255;213;0m▀[38;2;139;106;0;48;2;139;106;0m▀[38;2;0;0;0;48;2;0;0;0m▀[0m [0m [38;2;0;0;0m▄[38;2;0;0;0m▄[38;2;0;0;0m▄[38;2;0;0;0m▄[0m [0m [0m [0m [0m
[0m [0m [0m [0m [0m [38;2;0;0;0;48;2;0;0;0m▀[38;2;16;16;16;48;2;16;16;16m▀[38;2;213;90;57;48;2;16;16;16m▀[38;2;255;115;82;48;2;255;115;82m▀[38;2;255;115;82;48;2;255;115;82m▀[38;2;255;115;82;48;2;222;189;57m▀[38;2;16;16;16;48;2;255;255;180m▀[38;2;222;189;57;48;2;255;255;180m▀[38;2;255;255;180;48;2;255;255;180m▀[38;2;255;255;180;48;2;255;255;180m▀[38;2;255;255;180;48;2;255;255;180m▀[38;2;255;255;180;48;2;255;255;180m▀[38;2;255;255;180;48;2;222;189;57m▀[38;2;255;255;180;48;2;222;189;57m▀[38;2;255;255;180;48;2;222;189;57m▀[38;2;255;230;131;48;2;255;255;180m▀[38;2;255;230;131;48;2;255;255;180m▀[38;2;255;230;131;48;2;255;230;131m▀[38;2;255;230;131;48;2;16;16;16m▀[38;2;16;16;16;48;2;16;16;16m▀[38;2;16;16;16;48;2;16;16;16m▀[38;2;16;16;16;48;2;213;90;57m▀[38;2;16;16;16;48;2;213;90;57m▀[38;2;213;90;57;48;2;255;115;82m▀[38;2;255;115;82;48;2;255;115;82m▀[38;2;16;16;16;48;2;16;16;16m▀[38;2;16;16;16;48;2;16;16;16m▀[38;2;255;213;0;48;2;255;213;0m▀[38;2;255;255;255;48;2;255;213;0m▀[38;2;255;255;255;48;2;255;213;0m▀[38;2;255;213;0;48;2;255;255;255m▀[38;2;255;213;0;48;2;255;255;255m▀[38;2;255;255;255;48;2;222;189;57m▀[38;2;255;213;0;48;2;255;213;0m▀[38;2;255;213;0;48;2;255;213;0m▀[38;2;255;213;0;48;2;255;213;0m▀[38;2;255;213;0;48;2;255;213;0m▀[38;2;222;189;57;48;2;222;189;57m▀[38;2;67;29;1;48;2;67;29;1m▀[38;2;0;0;0;48;2;0;0;0m▀[38;2;0;0;0;48;2;148;65;0m▀[38;2;0;0;0;48;2;148;65;0m▀[38;2;148;65;0;48;2;238;156;49m▀[38;2;148;65;0;48;2;238;156;49m▀[38;2;148;65;0;48;2;197;123;8m▀[38;2;148;65;0;48;2;197;123;8m▀[38;2;0;0;0;48;2;148;65;0m▀[38;2;0;0;0;48;2;148;65;0m▀[38;2;0;0;0m▄[0m [0m
[0m [0m [0m [0m [0m [38;2;0;0;0m▀[38;2;16;16;16;48;2;0;0;0m▀[38;2;16;16;16;48;2;16;16;16m▀[38;2;255;115;82;48;2;139;106;0m▀[38;2;255;115;82;48;2;139;106;0m▀[38;2;222;189;57;48;2;255;255;180m▀[38;2;255;255;180;48;2;255;255;180m▀[38;2;255;255;180;48;2;255;255;180m▀[38;2;255;255;180;48;2;255;255;180m▀[38;2;255;255;180;48;2;255;255;180m▀[38;2;255;255;180;48;2;255;255;180m▀[38;2;255;255;180;48;2;222;189;57m▀[38;2;222;189;57;48;2;222;189;57m▀[38;2;222;189;57;48;2;222;189;57m▀[38;2;222;189;57;48;2;222;189;57m▀[38;2;255;255;180;48;2;255;255;180m▀[38;2;255;255;180;48;2;255;255;180m▀[38;2;255;230;131;48;2;255;255;180m▀[38;2;16;16;16;48;2;255;230;131m▀[38;2;16;16;16;48;2;16;16;16m▀[38;2;16;16;16;48;2;16;16;16m▀[38;2;213;90;57;48;2;222;189;57m▀[38;2;213;90;57;48;2;222;189;57m▀[38;2;255;115;82;48;2;255;115;82m▀[38;2;255;115;82;48;2;255;115;82m▀[38;2;16;16;16;48;2;16;16;16m▀[38;2;16;16;16;48;2;16;16;16m▀[38;2;255;213;0;48;2;222;189;57m▀[38;2;255;213;0;48;2;255;213;0m▀[38;2;255;213;0;48;2;255;213;0m▀[38;2;255;255;255;48;2;255;213;0m▀[38;2;255;255;255;48;2;255;213;0m▀[38;2;222;189;57;48;2;255;213;0m▀[38;2;255;213;0;48;2;222;189;57m▀[38;2;255;213;0;48;2;222;189;57m▀[38;2;255;213;0;48;2;222;189;57m▀[38;2;255;213;0;48;2;255;213;0m▀[38;2;222;189;57;48;2;222;189;57m▀[38;2;67;29;1;48;2;139;106;0m▀[38;2;0;0;0;48;2;67;29;1m▀[38;2;148;65;0;48;2;238;156;49m▀[38;2;148;65;0;48;2;238;156;49m▀[38;2;238;156;49;48;2;238;156;49m▀[38;2;238;156;49;48;2;238;156;49m▀[38;2;197;123;8;48;2;238;156;49m▀[38;2;197;123;8;48;2;197;123;8m▀[38;2;148;65;0;48;2;197;123;8m▀[38;2;148;65;0;48;2;197;123;8m▀[38;2;0;0;0;48;2;148;65;0m▀[38;2;0;0;0m▄[0m
[38;2;0;0;0m▄[38;2;0;0;0;48;2;139;106;0m▀[38;2;0;0;0;48;2;139;106;0m▀[38;2;0;0;0;48;2;139;106;0m▀[38;2;0;0;0m▄[38;2;0;0;0m▄[38;2;0;0;0;48;2;0;0;0m▀[38;2;139;106;0;48;2;139;106;0m▀[38;2;255;255;180;48;2;255;255;180m▀[38;2;255;255;180;48;2;255;255;180m▀[38;2;255;255;180;48;2;255;255;180m▀[38;2;255;255;180;48;2;255;255;180m▀[38;2;255;255;180;48;2;255;255;180m▀[38;2;255;255;180;48;2;255;255;180m▀[38;2;222;189;57;48;2;222;189;57m▀[38;2;222;189;57;48;2;222;189;57m▀[38;2;222;189;57;48;2;222;189;57m▀[38;2;222;189;57;48;2;222;189;57m▀[38;2;222;189;57;48;2;255;255;180m▀[38;2;255;255;180;48;2;255;255;180m▀[38;2;255;255;180;48;2;255;255;180m▀[38;2;255;255;180;48;2;255;255;180m▀[38;2;255;255;180;48;2;255;255;180m▀[38;2;255;230;131;48;2;255;230;131m▀[38;2;255;230;131;48;2;222;189;57m▀[38;2;222;189;57;48;2;222;189;57m▀[38;2;222;189;57;48;2;222;189;57m▀[38;2;222;189;57;48;2;222;189;57m▀[38;2;222;189;57;48;2;222;189;57m▀[38;2;213;90;57;48;2;16;16;16m▀[38;2;16;16;16;48;2;16;16;16m▀[38;2;16;16;16;48;2;16;16;16m▀[38;2;255;213;0;48;2;255;213;0m▀[38;2;222;189;57;48;2;255;213;0m▀[38;2;222;189;57;48;2;255;213;0m▀[38;2;222;189;57;48;2;255;213;0m▀[38;2;255;213;0;48;2;222;189;57m▀[38;2;255;213;0;48;2;255;213;0m▀[38;2;255;213;0;48;2;255;213;0m▀[38;2;255;213;0;48;2;255;213;0m▀[38;2;255;213;0;48;2;255;213;0m▀[38;2;222;189;57;48;2;255;213;0m▀[38;2;222;189;57;48;2;222;189;57m▀[38;2;139;106;0;48;2;67;29;1m▀[38;2;67;29;1;48;2;222;189;57m▀[38;2;238;156;49;48;2;16;16;16m▀[38;2;238;156;49;48;2;16;16;16m▀[38;2;238;156;49;48;2;197;123;8m▀[38;2;197;123;8;48;2;197;123;8m▀[38;2;197;123;8;48;2;148;65;0m▀[38;2;197;123;8;48;2;148;65;0m▀[38;2;197;123;8;48;2;197;123;8m▀[38;2;197;123;8;48;2;197;123;8m▀[38;2;148;65;0;48;2;197;123;8m▀[38;2;0;0;0;48;2;148;65;0m▀[0m
[38;2;139;106;0;48;2;0;0;0m▀[38;2;255;230;131;48;2;139;106;0m▀[38;2;255;230;131;48;2;139;106;0m▀[38;2;255;230;131;48;2;139;106;0m▀[38;2;139;106;0;48;2;255;230;131m▀[38;2;139;106;0;48;2;222;189;57m▀[38;2;139;106;0;48;2;67;29;1m▀[38;2;67;29;1;48;2;205;205;205m▀[38;2;255;255;180;48;2;222;189;57m▀[38;2;255;255;180;48;2;222;189;57m▀[38;2;255;230;131;48;2;255;255;180m▀[38;2;255;255;180;48;2;255;230;131m▀[38;2;255;255;180;48;2;255;255;180m▀[38;2;255;255;180;48;2;255;255;180m▀[38;2;255;255;180;48;2;255;255;180m▀[38;2;255;255;180;48;2;255;255;180m▀[38;2;255;255;180;48;2;222;189;57m▀[38;2;255;255;180;48;2;222;189;57m▀[38;2;255;255;180;48;2;255;255;180m▀[38;2;255;255;180;48;2;255;230;131m▀[38;2;255;230;131;48;2;255;255;180m▀[38;2;255;230;131;48;2;255;255;180m▀[38;2;255;255;180;48;2;139;106;0m▀[38;2;139;106;0;48;2;255;255;255m▀[38;2;205;205;205;48;2;139;106;0m▀[38;2;205;205;205;48;2;255;255;255m▀[38;2;139;106;0;48;2;205;205;205m▀[38;2;139;106;0;48;2;205;205;205m▀[38;2;222;189;57;48;2;139;106;0m▀[38;2;16;16;16;48;2;222;189;57m▀[38;2;16;16;16;48;2;67;29;1m▀[38;2;222;189;57;48;2;67;29;1m▀[38;2;222;189;57;48;2;139;106;0m▀[38;2;255;213;0;48;2;139;106;0m▀[38;2;255;213;0;48;2;139;106;0m▀[38;2;255;213;0;48;2;139;106;0m▀[38;2;139;106;0;48;2;255;230;131m▀[38;2;139;106;0;48;2;255;230;131m▀[38;2;222;189;57;48;2;67;29;1m▀[38;2;255;213;0;48;2;222;189;57m▀[38;2;255;213;0;48;2;222;189;57m▀[38;2;255;213;0;48;2;255;213;0m▀[38;2;222;189;57;48;2;222;189;57m▀[38;2;67;29;1;48;2;67;29;1m▀[38;2;222;189;57;48;2;222;189;57m▀[38;2;16;16;16;48;2;16;16;16m▀[38;2;16;16;16;48;2;16;16;16m▀[38;2;197;123;8;48;2;197;123;8m▀[38;2;148;65;0;48;2;148;65;0m▀[38;2;197;123;8;48;2;197;123;8m▀[38;2;197;123;8;48;2;197;123;8m▀[38;2;148;65;0;48;2;16;16;16m▀[38;2;148;65;0;48;2;16;16;16m▀[38;2;197;123;8;48;2;197;123;8m▀[38;2;148;65;0;48;2;16;16;16m▀[0m
[38;2;0;0;0m▀[38;2;139;106;0;48;2;0;0;0m▀[38;2;139;106;0;48;2;0;0;0m▀[38;2;139;106;0;48;2;0;0;0m▀[38;2;255;230;131;48;2;139;106;0m▀[38;2;222;189;57;48;2;139;106;0m▀[38;2;67;29;1;48;2;67;29;1m▀[38;2;205;205;205;48;2;205;205;205m▀[38;2;222;189;57;48;2;139;106;0m▀[38;2;222;189;57;48;2;139;106;0m▀[38;2;255;255;180;48;2;255;255;180m▀[38;2;255;230;131;48;2;255;230;131m▀[38;2;255;255;180;48;2;255;255;180m▀[38;2;255;255;180;48;2;255;255;180m▀[38;2;255;255;180;48;2;222;189;57m▀[38;2;255;255;180;48;2;222;189;57m▀[38;2;222;189;57;48;2;222;189;57m▀[38;2;222;189;57;48;2;222;189;57m▀[38;2;255;255;180;48;2;255;255;180m▀[38;2;255;230;131;48;2;255;230;131m▀[38;2;255;255;180;48;2;255;255;180m▀[38;2;255;255;180;48;2;255;255;180m▀[38;2;139;106;0;48;2;139;106;0m▀[38;2;255;255;255;48;2;255;255;255m▀[38;2;139;106;0;48;2;16;16;16m▀[38;2;255;255;255;48;2;255;255;255m▀[38;2;205;205;205;48;2;255;255;255m▀[38;2;205;205;205;48;2;255;255;255m▀[38;2;139;106;0;48;2;139;106;0m▀[38;2;222;189;57;48;2;255;230;131m▀[38;2;67;29;1;48;2;139;106;0m▀[38;2;67;29;1;48;2;139;106;0m▀[38;2;139;106;0;48;2;255;230;131m▀[38;2;139;106;0;48;2;255;230;131m▀[38;2;139;106;0;48;2;255;230;131m▀[38;2;139;106;0;48;2;255;230;131m▀[38;2;255;230;131;48;2;67;29;1m▀[38;2;255;230;131;48;2;67;29;1m▀[38;2;67;29;1;48;2;255;213;0m▀[38;2;222;189;57;48;2;255;213;0m▀[38;2;222;189;57;48;2;255;213;0m▀[38;2;255;213;0;48;2;222;189;57m▀[38;2;222;189;57;48;2;139;106;0m▀[38;2;67;29;1;48;2;67;29;1m▀[38;2;222;189;57;48;2;222;189;57m▀[38;2;16;16;16;48;2;16;16;16m▀[38;2;16;16;16;48;2;16;16;16m▀[38;2;197;123;8;48;2;197;123;8m▀[38;2;148;65;0;48;2;197;123;8m▀[38;2;197;123;8;48;2;197;123;8m▀[38;2;197;123;8;48;2;197;123;8m▀[38;2;16;16;16;48;2;16;16;16m▀[38;2;16;16;16;48;2;16;16;16m▀[38;2;197;123;8;48;2;197;123;8m▀[38;2;16;16;16;48;2;16;16;16m▀[0m
[0m [38;2;0;0;0m▄[38;2;0;0;0m▄[38;2;0;0;0m▄[38;2;0;0;0;48;2;139;106;0m▀[38;2;0;0;0;48;2;139;106;0m▀[38;2;67;29;1;48;2;205;205;205m▀[38;2;255;255;255;48;2;255;255;255m▀[38;2;16;16;16;48;2;16;16;16m▀[38;2;16;16;16;48;2;16;16;16m▀[38;2;222;189;57;48;2;222;189;57m▀[38;2;255;255;180;48;2;255;230;131m▀[38;2;255;255;180;48;2;255;255;180m▀[38;2;255;255;180;48;2;255;255;180m▀[38;2;222;189;57;48;2;255;255;180m▀[38;2;222;189;57;48;2;255;255;180m▀[38;2;222;189;57;48;2;255;255;180m▀[38;2;255;255;180;48;2;255;255;180m▀[38;2;255;255;180;48;2;255;255;180m▀[38;2;255;255;180;48;2;255;230;131m▀[38;2;222;189;57;48;2;222;189;57m▀[38;2;222;189;57;48;2;222;189;57m▀[38;2;255;255;255;48;2;205;205;205m▀[38;2;255;255;255;48;2;255;255;255m▀[38;2;16;16;16;48;2;16;16;16m▀[38;2;255;255;255;48;2;255;255;255m▀[38;2;255;255;255;48;2;255;255;255m▀[38;2;255;255;255;48;2;255;255;255m▀[38;2;205;205;205;48;2;205;205;205m▀[38;2;255;230;131;48;2;255;230;131m▀[38;2;255;230;131;48;2;255;230;131m▀[38;2;255;230;131;48;2;67;29;1m▀[38;2;67;29;1;48;2;222;189;57m▀[38;2;67;29;1;48;2;222;189;57m▀[38;2;67;29;1;48;2;222;189;57m▀[38;2;67;29;1;48;2;139;106;0m▀[38;2;222;189;57;48;2;67;29;1m▀[38;2;255;213;0;48;2;222;189;57m▀[38;2;255;213;0;48;2;222;189;57m▀[38;2;255;213;0;48;2;222;189;57m▀[38;2;255;213;0;48;2;222;189;57m▀[38;2;222;189;57;48;2;139;106;0m▀[38;2;139;106;0;48;2;67;29;1m▀[38;2;67;29;1;48;2;222;189;57m▀[38;2;255;213;0;48;2;16;16;16m▀[38;2;16;16;16;48;2;0;0;0m▀[38;2;16;16;16;48;2;0;0;0m▀[38;2;197;123;8;48;2;16;16;16m▀[38;2;197;123;8;48;2;16;16;16m▀[38;2;197;123;8;48;2;16;16;16m▀[38;2;16;16;16;48;2;197;123;8m▀[38;2;197;123;8;48;2;197;123;8m▀[38;2;197;123;8;48;2;197;123;8m▀[38;2;197;123;8;48;2;197;123;8m▀[38;2;16;16;16;48;2;16;16;16m▀[0m
[38;2;0;0;0;48;2;139;106;0m▀[38;2;139;106;0;48;2;255;230;131m▀[38;2;139;106;0;48;2;255;230;131m▀[38;2;139;106;0;48;2;255;230;131m▀[38;2;255;230;131;48;2;139;106;0m▀[38;2;255;230;131;48;2;67;29;1m▀[38;2;255;230;131;48;2;222;189;57m▀[38;2;255;255;255;48;2;255;230;131m▀[38;2;255;255;255;48;2;255;230;131m▀[38;2;255;255;255;48;2;255;230;131m▀[38;2;255;230;131;48;2;255;230;131m▀[38;2;255;230;131;48;2;255;230;131m▀[38;2;255;230;131;48;2;255;230;131m▀[38;2;255;230;131;48;2;255;230;131m▀[38;2;255;230;131;48;2;255;230;131m▀[38;2;255;230;131;48;2;255;230;131m▀[38;2;255;230;131;48;2;255;230;131m▀[38;2;255;230;131;48;2;255;230;131m▀[38;2;255;230;131;48;2;255;230;131m▀[38;2;255;230;131;48;2;255;230;131m▀[38;2;255;230;131;48;2;255;230;131m▀[38;2;255;230;131;48;2;255;230;131m▀[38;2;205;205;205;48;2;255;230;131m▀[38;2;205;205;205;48;2;255;230;131m▀[38;2;255;255;255;48;2;255;230;131m▀[38;2;255;255;255;48;2;255;230;131m▀[38;2;205;205;205;48;2;255;230;131m▀[38;2;205;205;205;48;2;255;230;131m▀[38;2;255;230;131;48;2;255;230;131m▀[38;2;255;230;131;48;2;255;230;131m▀[38;2;222;189;57;48;2;222;189;57m▀[38;2;222;189;57;48;2;139;106;0m▀[38;2;222;189;57;48;2;139;106;0m▀[38;2;222;189;57;48;2;222;189;57m▀[38;2;222;189;57;48;2;222;189;57m▀[38;2;222;189;57;48;2;222;189;57m▀[38;2;139;106;0;48;2;222;189;57m▀[38;2;67;29;1;48;2;222;189;57m▀[38;2;67;29;1;48;2;222;189;57m▀[38;2;139;106;0;48;2;67;29;1m▀[38;2;139;106;0;48;2;67;29;1m▀[38;2;67;29;1;48;2;222;189;57m▀[38;2;222;189;57;48;2;222;189;57m▀[38;2;255;213;0;48;2;16;16;16m▀[38;2;16;16;16;48;2;0;0;0m▀[38;2;0;0;0m▀[0m [38;2;0;0;0;48;2;0;0;0m▀[38;2;0;0;0;48;2;16;16;16m▀[38;2;16;16;16;48;2;197;123;8m▀[38;2;197;123;8;48;2;197;123;8m▀[38;2;197;123;8;48;2;197;123;8m▀[38;2;197;123;8;48;2;197;123;8m▀[38;2;197;123;8;48;2;16;16;16m▀[38;2;16;16;16;48;2;0;0;0m▀[0m
[38;2;0;0;0;48;2;0;0;0m▀[38;2;139;106;0;48;2;139;106;0m▀[38;2;139;106;0;48;2;139;106;0m▀[38;2;139;106;0;48;2;139;106;0m▀[38;2;0;0;0;48;2;0;0;0m▀[38;2;67;29;1;48;2;67;29;1m▀[38;2;222;189;57;48;2;222;189;57m▀[38;2;222;189;57;48;2;222;189;57m▀[38;2;67;29;1;48;2;67;29;1m▀[38;2;67;29;1;48;2;67;29;1m▀[38;2;222;189;57;48;2;222;189;57m▀[38;2;222;189;57;48;2;222;189;57m▀[38;2;255;230;131;48;2;255;230;131m▀[38;2;255;230;131;48;2;255;230;131m▀[38;2;255;230;131;48;2;255;230;131m▀[38;2;255;230;131;48;2;255;230;131m▀[38;2;255;230;131;48;2;255;230;131m▀[38;2;255;230;131;48;2;255;230;131m▀[38;2;255;230;131;48;2;255;230;131m▀[38;2;255;230;131;48;2;255;230;131m▀[38;2;255;230;131;48;2;255;230;131m▀[38;2;255;230;131;48;2;255;230;131m▀[38;2;255;230;131;48;2;255;230;131m▀[38;2;255;230;131;48;2;255;230;131m▀[38;2;139;106;0;48;2;139;106;0m▀[38;2;67;29;1;48;2;67;29;1m▀[38;2;255;230;131;48;2;255;230;131m▀[38;2;255;230;131;48;2;255;230;131m▀[38;2;255;230;131;48;2;255;230;131m▀[38;2;222;189;57;48;2;222;189;57m▀[38;2;222;189;57;48;2;222;189;57m▀[38;2;222;189;57;48;2;222;189;57m▀[38;2;255;230;131;48;2;255;230;131m▀[38;2;139;106;0;48;2;139;106;0m▀[38;2;139;106;0;48;2;139;106;0m▀[38;2;139;106;0;48;2;139;106;0m▀[38;2;139;106;0;48;2;139;106;0m▀[38;2;222;189;57;48;2;222;189;57m▀[38;2;222;189;57;48;2;222;189;57m▀[38;2;222;189;57;48;2;222;189;57m▀[38;2;222;189;57;48;2;222;189;57m▀[38;2;139;106;0;48;2;139;106;0m▀[38;2;16;16;16;48;2;16;16;16m▀[38;2;0;0;0;48;2;0;0;0m▀[0m [0m [0m [38;2;0;0;0;48;2;0;0;0m▀[38;2;16;16;16;48;2;16;16;16m▀[38;2;197;123;8;48;2;197;123;8m▀[38;2;197;123;8;48;2;197;123;8m▀[38;2;197;123;8;48;2;197;123;8m▀[38;2;197;123;8;48;2;197;123;8m▀[38;2;16;16;16;48;2;16;16;16m▀[38;2;0;0;0;48;2;0;0;0m▀[0m
[0m [38;2;0;0;0m▀[38;2;0;0;0m▀[38;2;0;0;0m▀[0m [38;2;0;0;0m▀[38;2;67;29;1;48;2;0;0;0m▀[38;2;222;189;57;48;2;67;29;1m▀[38;2;255;255;255;48;2;222;189;57m▀[38;2;255;255;255;48;2;222;189;57m▀[38;2;213;90;57;48;2;222;189;57m▀[38;2;213;90;57;48;2;139;106;0m▀[38;2;222;189;57;48;2;213;90;57m▀[38;2;222;189;57;48;2;213;90;57m▀[38;2;222;189;57;48;2;213;90;57m▀[38;2;222;189;57;48;2;213;90;57m▀[38;2;222;189;57;48;2;213;90;57m▀[38;2;139;106;0;48;2;213;90;57m▀[38;2;139;106;0;48;2;213;90;57m▀[38;2;67;29;1;48;2;213;90;57m▀[38;2;16;16;16;48;2;213;90;57m▀[38;2;16;16;16;48;2;213;90;57m▀[38;2;16;16;16;48;2;213;90;57m▀[38;2;16;16;16;48;2;213;90;57m▀[38;2;255;255;255;48;2;139;106;0m▀[38;2;139;106;0;48;2;222;189;57m▀[38;2;255;230;131;48;2;222;189;57m▀[38;2;255;230;131;48;2;222;189;57m▀[38;2;222;189;57;48;2;222;189;57m▀[38;2;222;189;57;48;2;222;189;57m▀[38;2;222;189;57;48;2;67;29;1m▀[38;2;67;29;1;48;2;222;189;57m▀[38;2;67;29;1;48;2;222;189;57m▀[38;2;255;230;131;48;2;67;29;1m▀[38;2;255;230;131;48;2;67;29;1m▀[38;2;255;230;131;48;2;67;29;1m▀[38;2;255;230;131;48;2;67;29;1m▀[38;2;139;106;0;48;2;222;189;57m▀[38;2;222;189;57;48;2;222;189;57m▀[38;2;222;189;57;48;2;222;189;57m▀[38;2;222;189;57;48;2;222;189;57m▀[38;2;222;189;57;48;2;222;189;57m▀[38;2;139;106;0;48;2;222;189;57m▀[38;2;0;0;0;48;2;139;106;0m▀[38;2;0;0;0m▄[38;2;0;0;0;48;2;67;29;1m▀[38;2;0;0;0;48;2;67;29;1m▀[38;2;16;16;16;48;2;222;189;57m▀[38;2;197;123;8;48;2;238;156;49m▀[38;2;197;123;8;48;2;197;123;8m▀[38;2;197;123;8;48;2;197;123;8m▀[38;2;16;16;16;48;2;16;16;16m▀[38;2;16;16;16;48;2;16;16;16m▀[38;2;0;0;0;48;2;0;0;0m▀[0m [0m
[0m [0m [0m [0m [0m [0m [0m [38;2;0;0;0m▀[38;2;16;16;16;48;2;0;0;0m▀[38;2;16;16;16;48;2;0;0;0m▀[38;2;16;16;16;48;2;0;0;0m▀[38;2;222;189;57;48;2;16;16;16m▀[38;2;222;189;57;48;2;16;16;16m▀[38;2;139;106;0;48;2;222;189;57m▀[38;2;213;90;57;48;2;222;189;57m▀[38;2;213;90;57;48;2;222;189;57m▀[38;2;255;115;82;48;2;222;189;57m▀[38;2;255;115;82;48;2;222;189;57m▀[38;2;255;106;98;48;2;222;189;57m▀[38;2;255;106;98;48;2;222;189;57m▀[38;2;255;106;98;48;2;222;189;57m▀[38;2;255;106;98;48;2;222;189;57m▀[38;2;139;106;0;48;2;222;189;57m▀[38;2;222;189;57;48;2;222;189;57m▀[38;2;222;189;57;48;2;16;16;16m▀[38;2;222;189;57;48;2;16;16;16m▀[38;2;222;189;57;48;2;16;16;16m▀[38;2;222;189;57;48;2;16;16;16m▀[38;2;16;16;16;48;2;222;189;57m▀[38;2;16;16;16;48;2;222;189;57m▀[38;2;222;189;57;48;2;222;189;57m▀[38;2;222;189;57;48;2;139;106;0m▀[38;2;222;189;57;48;2;222;189;57m▀[38;2;222;189;57;48;2;222;189;57m▀[38;2;222;189;57;48;2;222;189;57m▀[38;2;222;189;57;48;2;67;29;1m▀[38;2;139;106;0;48;2;222;189;57m▀[38;2;222;189;57;48;2;222;189;57m▀[38;2;222;189;57;48;2;222;189;57m▀[38;2;222;189;57;48;2;139;106;0m▀[38;2;222;189;57;48;2;139;106;0m▀[38;2;222;189;57;48;2;222;189;57m▀[38;2;222;189;57;48;2;222;189;57m▀[38;2;139;106;0;48;2;222;189;57m▀[38;2;67;29;1;48;2;139;106;0m▀[38;2;222;189;57;48;2;222;189;57m▀[38;2;222;189;57;48;2;222;189;57m▀[38;2;222;189;57;48;2;222;189;57m▀[38;2;222;189;57;48;2;222;189;57m▀[38;2;238;156;49;48;2;16;16;16m▀[38;2;16;16;16;48;2;0;0;0m▀[38;2;0;0;0m▀[38;2;0;0;0m▀[0m [0m [0m
[0m [0m [0m [0m [0m [0m [0m [0m [0m [0m [38;2;0;0;0;48;2;0;0;0m▀[38;2;67;29;1;48;2;67;29;1m▀[38;2;222;189;57;48;2;222;189;57m▀[38;2;16;16;16;48;2;16;16;16m▀[38;2;16;16;16;48;2;16;16;16m▀[38;2;16;16;16;48;2;16;16;16m▀[38;2;222;189;57;48;2;222;189;57m▀[38;2;222;189;57;48;2;222;189;57m▀[38;2;222;189;57;48;2;222;189;57m▀[38;2;222;189;57;48;2;222;189;57m▀[38;2;222;189;57;48;2;222;189;57m▀[38;2;222;189;57;48;2;222;189;57m▀[38;2;16;16;16;48;2;16;16;16m▀[38;2;16;16;16;48;2;16;16;16m▀[38;2;222;189;57;48;2;222;189;57m▀[38;2;222;189;57;48;2;222;189;57m▀[38;2;222;189;57;48;2;222;189;57m▀[38;2;222;189;57;48;2;222;189;57m▀[38;2;222;189;57;48;2;222;189;57m▀[38;2;222;189;57;48;2;222;189;57m▀[38;2;222;189;57;48;2;222;189;57m▀[38;2;67;29;1;48;2;67;29;1m▀[38;2;222;189;57;48;2;222;189;57m▀[38;2;222;189;57;48;2;222;189;57m▀[38;2;222;189;57;48;2;222;189;57m▀[38;2;16;16;16;48;2;16;16;16m▀[38;2;222;189;57;48;2;222;189;57m▀[38;2;222;189;57;48;2;222;189;57m▀[38;2;139;106;0;48;2;139;106;0m▀[38;2;139;106;0;48;2;139;106;0m▀[38;2;139;106;0;48;2;139;106;0m▀[38;2;139;106;0;48;2;139;106;0m▀[38;2;222;189;57;48;2;222;189;57m▀[38;2;222;189;57;48;2;222;189;57m▀[38;2;139;106;0;48;2;139;106;0m▀[38;2;222;189;57;48;2;222;189;57m▀[38;2;222;189;57;48;2;222;189;57m▀[38;2;222;189;57;48;2;222;189;57m▀[38;2;16;16;16;48;2;16;16;16m▀[38;2;0;0;0;48;2;0;0;0m▀[0m [0m [0m [0m [0m [0m
[0m [0m [0m [0m [0m [0m [0m [0m [0m [0m [38;2;0;0;0m▀[38;2;67;29;1;48;2;0;0;0m▀[38;2;255;230;131;48;2;67;29;1m▀[38;2;255;230;131;48;2;222;189;57m▀[38;2;255;230;131;48;2;255;230;131m▀[38;2;255;230;131;48;2;255;230;131m▀[38;2;16;16;16;48;2;255;230;131m▀[38;2;16;16;16;48;2;222;189;57m▀[38;2;16;16;16;48;2;67;29;1m▀[38;2;16;16;16;48;2;222;189;57m▀[38;2;16;16;16;48;2;222;189;57m▀[38;2;16;16;16;48;2;222;189;57m▀[38;2;222;189;57;48;2;222;189;57m▀[38;2;222;189;57;48;2;222;189;57m▀[38;2;222;189;57;48;2;222;189;57m▀[38;2;222;189;57;48;2;67;29;1m▀[38;2;255;230;131;48;2;255;230;131m▀[38;2;255;230;131;48;2;255;230;131m▀[38;2;255;230;131;48;2;255;230;131m▀[38;2;222;189;57;48;2;255;230;131m▀[38;2;222;189;57;48;2;222;189;57m▀[38;2;222;189;57;48;2;222;189;57m▀[38;2;67;29;1;48;2;67;29;1m▀[38;2;16;16;16;48;2;16;16;16m▀[38;2;16;16;16;48;2;16;16;16m▀[38;2;197;123;8;48;2;197;123;8m▀[38;2;222;189;57;48;2;197;123;8m▀[38;2;222;189;57;48;2;222;189;57m▀[38;2;139;106;0;48;2;222;189;57m▀[38;2;139;106;0;48;2;139;106;0m▀[38;2;139;106;0;48;2;139;106;0m▀[38;2;139;106;0;48;2;222;189;57m▀[38;2;222;189;57;48;2;197;123;8m▀[38;2;197;123;8;48;2;197;123;8m▀[38;2;139;106;0;48;2;16;16;16m▀[38;2;16;16;16;48;2;0;0;0m▀[38;2;16;16;16;48;2;0;0;0m▀[38;2;16;16;16;48;2;0;0;0m▀[38;2;0;0;0m▀[0m [0m [0m [0m [0m [0m [0m
[0m [0m [0m [0m [0m [0m [0m [0m [0m [0m [0m [38;2;0;0;0m▄[38;2;0;0;0;48;2;139;106;0m▀[38;2;67;29;1;48;2;67;29;1m▀[38;2;255;230;131;48;2;255;230;131m▀[38;2;255;230;131;48;2;255;230;131m▀[38;2;255;230;131;48;2;255;230;131m▀[38;2;222;189;57;48;2;255;230;131m▀[38;2;222;189;57;48;2;222;189;57m▀[38;2;16;16;16;48;2;222;189;57m▀[38;2;16;16;16;48;2;16;16;16m▀[38;2;16;16;16;48;2;16;16;16m▀[38;2;16;16;16;48;2;0;0;0m▀[38;2;16;16;16;48;2;0;0;0m▀[38;2;67;29;1;48;2;67;29;1m▀[38;2;222;189;57;48;2;222;189;57m▀[38;2;222;189;57;48;2;222;189;57m▀[38;2;222;189;57;48;2;222;189;57m▀[38;2;255;230;131;48;2;255;230;131m▀[38;2;255;230;131;48;2;222;189;57m▀[38;2;222;189;57;48;2;222;189;57m▀[38;2;222;189;57;48;2;16;16;16m▀[38;2;67;29;1;48;2;0;0;0m▀[38;2;16;16;16;48;2;0;0;0m▀[38;2;16;16;16;48;2;0;0;0m▀[38;2;197;123;8;48;2;16;16;16m▀[38;2;197;123;8;48;2;148;65;0m▀[38;2;197;123;8;48;2;197;123;8m▀[38;2;197;123;8;48;2;148;65;0m▀[38;2;197;123;8;48;2;197;123;8m▀[38;2;197;123;8;48;2;197;123;8m▀[38;2;197;123;8;48;2;148;65;0m▀[38;2;197;123;8;48;2;197;123;8m▀[38;2;16;16;16;48;2;16;16;16m▀[38;2;0;0;0;48;2;0;0;0m▀[0m [0m [0m [0m [0m [0m [0m [0m [0m [0m [0m
[0m [0m [0m [0m [0m [0m [0m [0m [0m [0m [38;2;0;0;0;48;2;0;0;0m▀[38;2;139;106;0;48;2;139;106;0m▀[38;2;255;230;131;48;2;255;230;131m▀[38;2;255;230;131;48;2;222;189;57m▀[38;2;255;230;131;48;2;139;106;0m▀[38;2;255;230;131;48;2;139;106;0m▀[38;2;139;106;0;48;2;255;230;131m▀[38;2;255;230;131;48;2;222;189;57m▀[38;2;222;189;57;48;2;222;189;57m▀[38;2;222;189;57;48;2;67;29;1m▀[38;2;16;16;16;48;2;0;0;0m▀[38;2;16;16;16;48;2;0;0;0m▀[38;2;0;0;0;48;2;0;0;0m▀[38;2;0;0;0;48;2;139;106;0m▀[38;2;139;106;0;48;2;255;230;131m▀[38;2;222;189;57;48;2;222;189;57m▀[38;2;222;189;57;48;2;255;230;131m▀[38;2;222;189;57;48;2;255;230;131m▀[38;2;222;189;57;48;2;255;230;131m▀[38;2;222;189;57;48;2;222;189;57m▀[38;2;16;16;16;48;2;139;106;0m▀[38;2;0;0;0;48;2;16;16;16m▀[38;2;0;0;0m▄[0m [38;2;0;0;0m▀[38;2;67;29;1;48;2;0;0;0m▀[38;2;197;123;8;48;2;16;16;16m▀[38;2;148;65;0;48;2;16;16;16m▀[38;2;197;123;8;48;2;16;16;16m▀[38;2;148;65;0;48;2;16;16;16m▀[38;2;148;65;0;48;2;16;16;16m▀[38;2;197;123;8;48;2;16;16;16m▀[38;2;67;29;1;48;2;0;0;0m▀[38;2;0;0;0m▀[0m [0m [0m [0m [0m [0m [0m [0m [0m [0m [0m [0m
[0m [0m [0m [0m [0m [0m [0m [0m [0m [0m [38;2;0;0;0m▀[38;2;139;106;0;48;2;0;0;0m▀[38;2;255;230;131;48;2;139;106;0m▀[38;2;222;189;57;48;2;139;106;0m▀[38;2;139;106;0;48;2;67;29;1m▀[38;2;139;106;0;48;2;67;29;1m▀[38;2;255;230;131;48;2;67;29;1m▀[38;2;222;189;57;48;2;67;29;1m▀[38;2;222;189;57;48;2;67;29;1m▀[38;2;67;29;1;48;2;0;0;0m▀[38;2;0;0;0m▀[0m [38;2;0;0;0;48;2;0;0;0m▀[38;2;139;106;0;48;2;139;106;0m▀[38;2;255;230;131;48;2;255;230;131m▀[38;2;222;189;57;48;2;139;106;0m▀[38;2;255;230;131;48;2;255;230;131m▀[38;2;255;230;131;48;2;255;230;131m▀[38;2;255;230;131;48;2;222;189;57m▀[38;2;222;189;57;48;2;16;16;16m▀[38;2;139;106;0;48;2;139;106;0m▀[38;2;16;16;16;48;2;16;16;16m▀[38;2;0;0;0;48;2;0;0;0m▀[0m [0m [38;2;0;0;0m▀[38;2;16;16;16;48;2;0;0;0m▀[38;2;16;16;16;48;2;0;0;0m▀[38;2;16;16;16;48;2;0;0;0m▀[38;2;16;16;16;48;2;0;0;0m▀[38;2;16;16;16;48;2;0;0;0m▀[38;2;16;16;16;48;2;0;0;0m▀[38;2;0;0;0m▀[0m [0m [0m [0m [0m [0m [0m [0m [0m [0m [0m [0m [0m
