[0m [0m [0m [0m [0m [0m [0m [0m [0m [0m [0m [0m [38;2;0;0;0m▄[38;2;0;0;0;48;2;16;16;16m▀[38;2;16;16;16;48;2;65;65;82m▀[38;2;16;16;16;48;2;41;49;74m▀[38;2;16;16;16;48;2;41;49;74m▀[38;2;16;16;16;48;2;41;49;74m▀[38;2;0;0;0;48;2;16;16;16m▀[38;2;0;0;0;48;2;16;16;16m▀[38;2;0;0;0m▄[0m [0m [0m [0m [0m [0m [0m [0m [0m [0m [0m [0m [0m [0m [0m [0m [0m [0m [0m [0m [0m [0m [0m [0m
[0m [0m [0m [0m [0m [0m [0m [0m [0m [0m [0m [38;2;0;0;0;48;2;0;0;0m▀[38;2;16;16;16;48;2;16;16;16m▀[38;2;16;16;16;48;2;16;16;16m▀[38;2;41;49;74;48;2;41;49;74m▀[38;2;16;16;16;48;2;16;16;16m▀[38;2;16;16;16;48;2;16;16;16m▀[38;2;16;16;16;48;2;16;16;16m▀[38;2;41;49;74;48;2;41;49;74m▀[38;2;16;16;16;48;2;16;16;16m▀[38;2;0;0;0;48;2;0;0;0m▀[38;2;0;0;0m▄[38;2;0;0;0m▄[38;2;0;0;0m▄[0m [0m [0m [0m [0m [0m [0m [0m [0m [0m [0m [0m [0m [0m [0m [0m [0m [0m [0m [0m [0m
[0m [0m [0m [0m [0m [0m [0m [0m [0m [0m [38;2;0;0;0m▀[38;2;41;49;74;48;2;0;0;0m▀[38;2;65;65;82;48;2;41;49;74m▀[38;2;65;65;82;48;2;65;65;82m▀[38;2;16;16;16;48;2;16;16;16m▀[38;2;65;65;82;48;2;65;65;82m▀[38;2;65;65;82;48;2;65;65;82m▀[38;2;16;16;16;48;2;65;65;82m▀[38;2;41;49;74;48;2;16;16;16m▀[38;2;41;49;74;48;2;41;49;74m▀[38;2;16;16;16;48;2;41;49;74m▀[38;2;16;16;16;48;2;41;49;74m▀[38;2;16;16;16;48;2;41;49;74m▀[38;2;16;16;16;48;2;82;82;0m▀[38;2;0;0;0;48;2;16;16;16m▀[38;2;0;0;0;48;2;16;16;16m▀[38;2;0;0;0;48;2;16;16;16m▀[38;2;0;0;0m▄[38;2;0;0;0m▄[38;2;0;0;0m▄[0m [0m [0m [0m [0m [0m [0m [0m [0m [0m [0m [0m [0m [0m [0m
[0m [0m [0m [0m [0m [0m [0m [0m [0m [0m [38;2;0;0;0m▄[38;2;0;0;0;48;2;41;49;74m▀[38;2;16;16;16;48;2;98;98;123m▀[38;2;65;65;82;48;2;65;65;82m▀[38;2;41;49;74;48;2;41;49;74m▀[38;2;65;65;82;48;2;98;98;123m▀[38;2;65;65;82;48;2;98;98;123m▀[38;2;65;65;82;48;2;65;65;82m▀[38;2;65;65;82;48;2;65;65;82m▀[38;2;16;16;16;48;2;180;148;41m▀[38;2;16;16;16;48;2;180;148;41m▀[38;2;82;82;0;48;2;16;16;16m▀[38;2;82;82;0;48;2;16;16;16m▀[38;2;82;82;0;48;2;16;16;16m▀[38;2;82;82;0;48;2;16;16;16m▀[38;2;82;82;0;48;2;82;82;0m▀[38;2;82;82;0;48;2;82;82;0m▀[38;2;16;16;16;48;2;41;49;74m▀[38;2;16;16;16;48;2;41;49;74m▀[38;2;16;16;16;48;2;41;49;74m▀[38;2;0;0;0;48;2;16;16;16m▀[38;2;0;0;0m▄[0m [0m [0m [0m [0m [0m [0m [0m [0m [0m [0m [0m [0m
[0m [0m [0m [0m [0m [0m [0m [0m [38;2;0;0;0m▄[38;2;0;0;0;48;2;0;0;0m▀[38;2;41;49;74;48;2;41;49;74m▀[38;2;98;98;123;48;2;98;98;123m▀[38;2;98;98;123;48;2;98;98;123m▀[38;2;41;49;74;48;2;41;49;74m▀[38;2;98;98;123;48;2;98;98;123m▀[38;2;98;98;123;48;2;98;98;123m▀[38;2;98;98;123;48;2;98;98;123m▀[38;2;98;98;123;48;2;98;98;123m▀[38;2;180;148;41;48;2;180;148;41m▀[38;2;180;148;41;48;2;180;148;41m▀[38;2;180;148;41;48;2;180;148;41m▀[38;2;180;148;41;48;2;180;148;41m▀[38;2;180;148;41;48;2;180;148;41m▀[38;2;180;148;41;48;2;180;148;41m▀[38;2;82;82;0;48;2;82;82;0m▀[38;2;16;16;16;48;2;16;16;16m▀[38;2;41;49;74;48;2;41;49;74m▀[38;2;41;49;74;48;2;41;49;74m▀[38;2;41;49;74;48;2;41;49;74m▀[38;2;41;49;74;48;2;41;49;74m▀[38;2;41;49;74;48;2;41;49;74m▀[38;2;16;16;16;48;2;16;16;16m▀[38;2;0;0;0;48;2;0;0;0m▀[0m [0m [0m [0m [0m [0m [0m [0m [0m [0m [0m [0m
[0m [0m [0m [0m [0m [0m [0m [38;2;0;0;0;48;2;0;0;0m▀[38;2;41;49;74;48;2;41;49;74m▀[38;2;41;49;74;48;2;41;49;74m▀[38;2;98;98;123;48;2;98;98;123m▀[38;2;98;98;123;48;2;98;98;123m▀[38;2;41;49;74;48;2;41;49;74m▀[38;2;98;98;123;48;2;238;213;82m▀[38;2;98;98;123;48;2;238;213;82m▀[38;2;238;213;82;48;2;238;213;82m▀[38;2;238;213;82;48;2;238;213;82m▀[38;2;238;213;82;48;2;238;213;82m▀[38;2;180;148;41;48;2;180;148;41m▀[38;2;180;148;41;48;2;180;148;41m▀[38;2;180;148;41;48;2;180;148;41m▀[38;2;180;148;41;48;2;65;65;82m▀[38;2;180;148;41;48;2;65;65;82m▀[38;2;180;148;41;48;2;65;65;82m▀[38;2;41;49;74;48;2;41;49;74m▀[38;2;41;49;74;48;2;41;49;74m▀[38;2;16;16;16;48;2;16;16;16m▀[38;2;41;49;74;48;2;41;49;74m▀[38;2;41;49;74;48;2;41;49;74m▀[38;2;41;49;74;48;2;41;49;74m▀[38;2;41;49;74;48;2;41;49;74m▀[38;2;16;16;16;48;2;41;49;74m▀[38;2;0;0;0;48;2;16;16;16m▀[38;2;0;0;0m▄[0m [0m [0m [0m [0m [0m [0m [0m [0m [0m [0m
[0m [0m [0m [0m [0m [0m [38;2;0;0;0;48;2;0;0;0m▀[38;2;41;49;74;48;2;41;49;74m▀[38;2;238;213;82;48;2;238;213;82m▀[38;2;238;213;82;48;2;238;213;82m▀[38;2;238;213;82;48;2;238;213;82m▀[38;2;41;49;74;48;2;41;49;74m▀[38;2;238;213;82;48;2;238;213;82m▀[38;2;238;213;82;48;2;238;213;82m▀[38;2;238;213;82;48;2;238;213;82m▀[38;2;238;213;82;48;2;238;213;82m▀[38;2;238;213;82;48;2;238;213;82m▀[38;2;180;148;41;48;2;180;148;41m▀[38;2;180;148;41;48;2;65;65;82m▀[38;2;65;65;82;48;2;65;65;82m▀[38;2;65;65;82;48;2;65;65;82m▀[38;2;65;65;82;48;2;65;65;82m▀[38;2;65;65;82;48;2;65;65;82m▀[38;2;65;65;82;48;2;41;49;74m▀[38;2;41;49;74;48;2;16;16;16m▀[38;2;41;49;74;48;2;41;49;74m▀[38;2;41;49;74;48;2;41;49;74m▀[38;2;16;16;16;48;2;16;16;16m▀[38;2;16;16;16;48;2;16;16;16m▀[38;2;41;49;74;48;2;41;49;74m▀[38;2;41;49;74;48;2;41;49;74m▀[38;2;41;49;74;48;2;41;49;74m▀[38;2;16;16;16;48;2;16;16;16m▀[38;2;0;0;0;48;2;16;16;16m▀[38;2;0;0;0;48;2;16;16;16m▀[38;2;0;0;0;48;2;16;16;16m▀[38;2;0;0;0;48;2;16;16;16m▀[38;2;0;0;0m▄[38;2;0;0;0m▄[0m [0m [0m [0m [0m [0m
[0m [0m [0m [0m [0m [38;2;0;0;0;48;2;0;0;0m▀[38;2;41;49;74;48;2;41;49;74m▀[38;2;180;148;41;48;2;180;148;41m▀[38;2;180;148;41;48;2;180;148;41m▀[38;2;180;148;41;48;2;180;148;41m▀[38;2;238;213;82;48;2;238;213;82m▀[38;2;41;49;74;48;2;41;49;74m▀[38;2;238;213;82;48;2;238;213;82m▀[38;2;238;213;82;48;2;238;213;82m▀[38;2;98;98;123;48;2;98;98;123m▀[38;2;98;98;123;48;2;98;98;123m▀[38;2;98;98;123;48;2;98;98;123m▀[38;2;65;65;82;48;2;65;65;82m▀[38;2;65;65;82;48;2;65;65;82m▀[38;2;65;65;82;48;2;65;65;82m▀[38;2;65;65;82;48;2;65;65;82m▀[38;2;41;49;74;48;2;41;49;74m▀[38;2;41;49;74;48;2;41;49;74m▀[38;2;16;16;16;48;2;16;16;16m▀[38;2;41;49;74;48;2;41;49;74m▀[38;2;16;16;16;48;2;16;16;16m▀[38;2;41;49;74;48;2;41;49;74m▀[38;2;16;16;16;48;2;16;16;16m▀[38;2;16;16;16;48;2;16;16;16m▀[38;2;41;49;74;48;2;41;49;74m▀[38;2;41;49;74;48;2;41;49;74m▀[38;2;41;49;74;48;2;41;49;74m▀[38;2;16;16;16;48;2;16;16;16m▀[38;2;41;49;74;48;2;41;49;74m▀[38;2;41;49;74;48;2;41;49;74m▀[38;2;41;49;74;48;2;41;49;74m▀[38;2;41;49;74;48;2;41;49;74m▀[38;2;41;49;74;48;2;41;49;74m▀[38;2;41;49;74;48;2;41;49;74m▀[38;2;0;0;0;48;2;0;0;0m▀[0m [0m [0m [0m [0m
[0m [0m [0m [0m [0m [38;2;0;0;0;48;2;0;0;0m▀[38;2;16;16;16;48;2;16;16;16m▀[38;2;65;65;82;48;2;65;65;82m▀[38;2;65;65;82;48;2;65;65;82m▀[38;2;65;65;82;48;2;65;65;82m▀[38;2;98;98;123;48;2;65;65;82m▀[38;2;41;49;74;48;2;65;65;82m▀[38;2;98;98;123;48;2;41;49;74m▀[38;2;65;65;82;48;2;65;65;82m▀[38;2;65;65;82;48;2;65;65;82m▀[38;2;65;65;82;48;2;65;65;82m▀[38;2;65;65;82;48;2;65;65;82m▀[38;2;65;65;82;48;2;41;49;74m▀[38;2;65;65;82;48;2;41;49;74m▀[38;2;41;49;74;48;2;41;49;74m▀[38;2;41;49;74;48;2;41;49;74m▀[38;2;16;16;16;48;2;16;16;16m▀[38;2;16;16;16;48;2;16;16;16m▀[38;2;180;148;41;48;2;65;65;82m▀[38;2;82;82;0;48;2;41;49;74m▀[38;2;16;16;16;48;2;16;16;16m▀[38;2;41;49;74;48;2;41;49;74m▀[38;2;16;16;16;48;2;16;16;16m▀[38;2;16;16;16;48;2;16;16;16m▀[38;2;41;49;74;48;2;41;49;74m▀[38;2;41;49;74;48;2;41;49;74m▀[38;2;16;16;16;48;2;16;16;16m▀[38;2;41;49;74;48;2;41;49;74m▀[38;2;41;49;74;48;2;180;148;41m▀[38;2;180;148;41;48;2;41;49;74m▀[38;2;180;148;41;48;2;41;49;74m▀[38;2;180;148;41;48;2;41;49;74m▀[38;2;65;65;82;48;2;238;213;82m▀[38;2;65;65;82;48;2;65;65;82m▀[38;2;41;49;74;48;2;65;65;82m▀[38;2;0;0;0;48;2;41;49;74m▀[38;2;0;0;0;48;2;41;49;74m▀[38;2;0;0;0m▄[0m [0m
[0m [0m [0m [0m [0m [38;2;0;0;0m▀[38;2;41;49;74;48;2;0;0;0m▀[38;2;41;49;74;48;2;16;16;16m▀[38;2;65;65;82;48;2;41;49;74m▀[38;2;65;65;82;48;2;41;49;74m▀[38;2;65;65;82;48;2;41;49;74m▀[38;2;65;65;82;48;2;41;49;74m▀[38;2;16;16;16;48;2;41;49;74m▀[38;2;41;49;74;48;2;16;16;16m▀[38;2;41;49;74;48;2;16;16;16m▀[38;2;41;49;74;48;2;16;16;16m▀[38;2;41;49;74;48;2;16;16;16m▀[38;2;41;49;74;48;2;16;16;16m▀[38;2;41;49;74;48;2;41;49;74m▀[38;2;16;16;16;48;2;65;65;82m▀[38;2;41;49;74;48;2;65;65;82m▀[38;2;65;65;82;48;2;65;65;82m▀[38;2;65;65;82;48;2;65;65;82m▀[38;2;65;65;82;48;2;65;65;82m▀[38;2;41;49;74;48;2;41;49;74m▀[38;2;16;16;16;48;2;16;16;16m▀[38;2;41;49;74;48;2;16;16;16m▀[38;2;16;16;16;48;2;41;49;74m▀[38;2;16;16;16;48;2;41;49;74m▀[38;2;41;49;74;48;2;16;16;16m▀[38;2;16;16;16;48;2;41;49;74m▀[38;2;41;49;74;48;2;41;49;74m▀[38;2;41;49;74;48;2;41;49;74m▀[38;2;82;82;0;48;2;41;49;74m▀[38;2;41;49;74;48;2;82;82;0m▀[38;2;41;49;74;48;2;82;82;0m▀[38;2;41;49;74;48;2;82;82;0m▀[38;2;238;213;82;48;2;180;148;41m▀[38;2;65;65;82;48;2;65;65;82m▀[38;2;65;65;82;48;2;65;65;82m▀[38;2;65;65;82;48;2;65;65;82m▀[38;2;65;65;82;48;2;65;65;82m▀[38;2;41;49;74;48;2;16;16;16m▀[38;2;0;0;0;48;2;0;0;0m▀[0m
[38;2;0;0;0m▄[38;2;0;0;0m▄[38;2;0;0;0m▄[38;2;0;0;0m▄[38;2;0;0;0m▄[0m [0m [38;2;0;0;0;48;2;0;0;0m▀[38;2;16;16;16;48;2;16;16;16m▀[38;2;16;16;16;48;2;16;16;16m▀[38;2;41;49;74;48;2;41;49;74m▀[38;2;16;16;16;48;2;16;16;16m▀[38;2;16;16;16;48;2;16;16;16m▀[38;2;16;16;16;48;2;16;16;16m▀[38;2;41;49;74;48;2;41;49;74m▀[38;2;65;65;82;48;2;65;65;82m▀[38;2;65;65;82;48;2;65;65;82m▀[38;2;65;65;82;48;2;65;65;82m▀[38;2;65;65;82;48;2;65;65;82m▀[38;2;65;65;82;48;2;65;65;82m▀[38;2;65;65;82;48;2;65;65;82m▀[38;2;65;65;82;48;2;65;65;82m▀[38;2;65;65;82;48;2;65;65;82m▀[38;2;41;49;74;48;2;41;49;74m▀[38;2;41;49;74;48;2;41;49;74m▀[38;2;41;49;74;48;2;41;49;74m▀[38;2;16;16;16;48;2;16;16;16m▀[38;2;16;16;16;48;2;16;16;16m▀[38;2;16;16;16;48;2;16;16;16m▀[38;2;41;49;74;48;2;41;49;74m▀[38;2;41;49;74;48;2;41;49;74m▀[38;2;41;49;74;48;2;41;49;74m▀[38;2;41;49;74;48;2;41;49;74m▀[38;2;41;49;74;48;2;41;49;74m▀[38;2;41;49;74;48;2;41;49;74m▀[38;2;41;49;74;48;2;41;49;74m▀[38;2;16;16;16;48;2;16;16;16m▀[38;2;16;16;16;48;2;16;16;16m▀[38;2;41;49;74;48;2;41;49;74m▀[38;2;41;49;74;48;2;41;49;74m▀[38;2;65;65;82;48;2;65;65;82m▀[38;2;65;65;82;48;2;65;65;82m▀[38;2;41;49;74;48;2;41;49;74m▀[38;2;16;16;16;48;2;16;16;16m▀[0m
[38;2;41;49;74;48;2;65;65;82m▀[38;2;41;49;74;48;2;98;98;123m▀[38;2;41;49;74;48;2;238;213;82m▀[38;2;41;49;74;48;2;238;213;82m▀[38;2;16;16;16;48;2;98;98;123m▀[38;2;0;0;0;48;2;16;16;16m▀[38;2;0;0;0;48;2;16;16;16m▀[38;2;0;0;0;48;2;16;16;16m▀[38;2;16;16;16;48;2;65;65;82m▀[38;2;16;16;16;48;2;65;65;82m▀[38;2;16;16;16;48;2;98;98;123m▀[38;2;41;49;74;48;2;41;49;74m▀[38;2;98;98;123;48;2;41;49;74m▀[38;2;98;98;123;48;2;98;98;123m▀[38;2;98;98;123;48;2;98;98;123m▀[38;2;65;65;82;48;2;65;65;82m▀[38;2;65;65;82;48;2;65;65;82m▀[38;2;65;65;82;48;2;65;65;82m▀[38;2;65;65;82;48;2;65;65;82m▀[38;2;65;65;82;48;2;65;65;82m▀[38;2;65;65;82;48;2;65;65;82m▀[38;2;65;65;82;48;2;65;65;82m▀[38;2;65;65;82;48;2;65;65;82m▀[38;2;41;49;74;48;2;41;49;74m▀[38;2;41;49;74;48;2;41;49;74m▀[38;2;41;49;74;48;2;41;49;74m▀[38;2;41;49;74;48;2;41;49;74m▀[38;2;16;16;16;48;2;41;49;74m▀[38;2;16;16;16;48;2;41;49;74m▀[38;2;41;49;74;48;2;16;16;16m▀[38;2;41;49;74;48;2;41;49;74m▀[38;2;41;49;74;48;2;41;49;74m▀[38;2;41;49;74;48;2;16;16;16m▀[38;2;16;16;16;48;2;206;206;206m▀[38;2;16;16;16;48;2;16;16;16m▀[38;2;16;16;16;48;2;16;16;16m▀[38;2;206;206;206;48;2;41;49;74m▀[38;2;16;16;16;48;2;41;49;74m▀[38;2;255;255;255;48;2;41;49;74m▀[38;2;16;16;16;48;2;41;49;74m▀[38;2;41;49;74;48;2;41;49;74m▀[38;2;41;49;74;48;2;41;49;74m▀[38;2;41;49;74;48;2;41;49;74m▀[38;2;16;16;16;48;2;16;16;16m▀[0m
[38;2;0;0;0m▀[38;2;41;49;74;48;2;0;0;0m▀[38;2;238;213;82;48;2;41;49;74m▀[38;2;238;213;82;48;2;41;49;74m▀[38;2;98;98;123;48;2;98;98;123m▀[38;2;65;65;82;48;2;98;98;123m▀[38;2;16;16;16;48;2;98;98;123m▀[38;2;98;98;123;48;2;98;98;123m▀[38;2;98;98;123;48;2;41;49;74m▀[38;2;98;98;123;48;2;41;49;74m▀[38;2;41;49;74;48;2;238;213;82m▀[38;2;238;213;82;48;2;41;49;74m▀[38;2;238;213;82;48;2;98;98;123m▀[38;2;98;98;123;48;2;238;213;82m▀[38;2;98;98;123;48;2;65;65;82m▀[38;2;65;65;82;48;2;65;65;82m▀[38;2;65;65;82;48;2;65;65;82m▀[38;2;65;65;82;48;2;65;65;82m▀[38;2;65;65;82;48;2;41;49;74m▀[38;2;65;65;82;48;2;65;65;82m▀[38;2;65;65;82;48;2;41;49;74m▀[38;2;41;49;74;48;2;206;206;206m▀[38;2;41;49;74;48;2;206;206;206m▀[38;2;41;49;74;48;2;206;206;206m▀[38;2;41;49;74;48;2;16;16;16m▀[38;2;41;49;74;48;2;41;49;74m▀[38;2;41;49;74;48;2;41;49;74m▀[38;2;41;49;74;48;2;41;49;74m▀[38;2;41;49;74;48;2;41;49;74m▀[38;2;16;16;16;48;2;41;49;74m▀[38;2;41;49;74;48;2;16;16;16m▀[38;2;41;49;74;48;2;41;49;74m▀[38;2;41;49;74;48;2;41;49;74m▀[38;2;16;16;16;48;2;16;16;16m▀[38;2;41;49;74;48;2;41;49;74m▀[38;2;41;49;74;48;2;41;49;74m▀[38;2;41;49;74;48;2;41;49;74m▀[38;2;41;49;74;48;2;41;49;74m▀[38;2;41;49;74;48;2;41;49;74m▀[38;2;41;49;74;48;2;41;49;74m▀[38;2;41;49;74;48;2;41;49;74m▀[38;2;41;49;74;48;2;41;49;74m▀[38;2;41;49;74;48;2;41;49;74m▀[38;2;16;16;16;48;2;16;16;16m▀[0m
[0m [38;2;0;0;0m▀[38;2;41;49;74;48;2;0;0;0m▀[38;2;41;49;74;48;2;0;0;0m▀[38;2;65;65;82;48;2;41;49;74m▀[38;2;98;98;123;48;2;41;49;74m▀[38;2;98;98;123;48;2;98;98;123m▀[38;2;98;98;123;48;2;98;98;123m▀[38;2;238;213;82;48;2;238;213;82m▀[38;2;238;213;82;48;2;238;213;82m▀[38;2;98;98;123;48;2;98;98;123m▀[38;2;98;98;123;48;2;98;98;123m▀[38;2;98;98;123;48;2;65;65;82m▀[38;2;65;65;82;48;2;65;65;82m▀[38;2;180;148;41;48;2;180;148;41m▀[38;2;65;65;82;48;2;65;65;82m▀[38;2;65;65;82;48;2;65;65;82m▀[38;2;65;65;82;48;2;65;65;82m▀[38;2;41;49;74;48;2;65;65;82m▀[38;2;65;65;82;48;2;41;49;74m▀[38;2;206;206;206;48;2;106;32;16m▀[38;2;255;255;255;48;2;249;133;127m▀[38;2;255;255;255;48;2;249;133;127m▀[38;2;255;255;255;48;2;255;255;255m▀[38;2;206;206;206;48;2;255;255;255m▀[38;2;16;16;16;48;2;41;49;74m▀[38;2;41;49;74;48;2;41;49;74m▀[38;2;41;49;74;48;2;41;49;74m▀[38;2;41;49;74;48;2;41;49;74m▀[38;2;41;49;74;48;2;41;49;74m▀[38;2;16;16;16;48;2;41;49;74m▀[38;2;41;49;74;48;2;41;49;74m▀[38;2;41;49;74;48;2;41;49;74m▀[38;2;41;49;74;48;2;16;16;16m▀[38;2;16;16;16;48;2;41;49;74m▀[38;2;16;16;16;48;2;41;49;74m▀[38;2;41;49;74;48;2;16;16;16m▀[38;2;41;49;74;48;2;16;16;16m▀[38;2;41;49;74;48;2;41;49;74m▀[38;2;41;49;74;48;2;41;49;74m▀[38;2;41;49;74;48;2;41;49;74m▀[38;2;41;49;74;48;2;41;49;74m▀[38;2;41;49;74;48;2;16;16;16m▀[38;2;16;16;16;48;2;0;0;0m▀[0m
[0m [0m [0m [38;2;0;0;0;48;2;0;0;0m▀[38;2;41;49;74;48;2;16;16;16m▀[38;2;41;49;74;48;2;65;65;82m▀[38;2;98;98;123;48;2;98;98;123m▀[38;2;98;98;123;48;2;98;98;123m▀[38;2;238;213;82;48;2;238;213;82m▀[38;2;238;213;82;48;2;238;213;82m▀[38;2;98;98;123;48;2;98;98;123m▀[38;2;98;98;123;48;2;65;65;82m▀[38;2;65;65;82;48;2;65;65;82m▀[38;2;65;65;82;48;2;65;65;82m▀[38;2;180;148;41;48;2;180;148;41m▀[38;2;65;65;82;48;2;65;65;82m▀[38;2;65;65;82;48;2;65;65;82m▀[38;2;65;65;82;48;2;65;65;82m▀[38;2;65;65;82;48;2;65;65;82m▀[38;2;41;49;74;48;2;16;16;16m▀[38;2;106;32;16;48;2;106;32;16m▀[38;2;249;133;127;48;2;106;32;16m▀[38;2;249;133;127;48;2;106;32;16m▀[38;2;255;255;255;48;2;249;133;127m▀[38;2;255;255;255;48;2;255;255;255m▀[38;2;41;49;74;48;2;206;206;206m▀[38;2;41;49;74;48;2;41;49;74m▀[38;2;41;49;74;48;2;16;16;16m▀[38;2;41;49;74;48;2;16;16;16m▀[38;2;41;49;74;48;2;41;49;74m▀[38;2;41;49;74;48;2;41;49;74m▀[38;2;41;49;74;48;2;41;49;74m▀[38;2;41;49;74;48;2;41;49;74m▀[38;2;16;16;16;48;2;41;49;74m▀[38;2;41;49;74;48;2;16;16;16m▀[38;2;41;49;74;48;2;16;16;16m▀[38;2;16;16;16;48;2;16;16;16m▀[38;2;16;16;16;48;2;16;16;16m▀[38;2;41;49;74;48;2;16;16;16m▀[38;2;41;49;74;48;2;16;16;16m▀[38;2;41;49;74;48;2;16;16;16m▀[38;2;41;49;74;48;2;16;16;16m▀[38;2;16;16;16;48;2;0;0;0m▀[38;2;0;0;0m▀[0m
[0m [0m [0m [38;2;0;0;0;48;2;0;0;0m▀[38;2;41;49;74;48;2;41;49;74m▀[38;2;41;49;74;48;2;206;206;206m▀[38;2;98;98;123;48;2;16;16;16m▀[38;2;98;98;123;48;2;98;98;123m▀[38;2;98;98;123;48;2;98;98;123m▀[38;2;98;98;123;48;2;98;98;123m▀[38;2;180;148;41;48;2;65;65;82m▀[38;2;41;49;74;48;2;180;148;41m▀[38;2;65;65;82;48;2;180;148;41m▀[38;2;180;148;41;48;2;65;65;82m▀[38;2;65;65;82;48;2;65;65;82m▀[38;2;65;65;82;48;2;65;65;82m▀[38;2;65;65;82;48;2;65;65;82m▀[38;2;65;65;82;48;2;65;65;82m▀[38;2;65;65;82;48;2;65;65;82m▀[38;2;16;16;16;48;2;41;49;74m▀[38;2;255;255;255;48;2;255;255;255m▀[38;2;106;32;16;48;2;106;32;16m▀[38;2;106;32;16;48;2;106;32;16m▀[38;2;172;65;74;48;2;172;65;74m▀[38;2;206;206;206;48;2;41;49;74m▀[38;2;41;49;74;48;2;41;49;74m▀[38;2;41;49;74;48;2;16;16;16m▀[38;2;16;16;16;48;2;41;49;74m▀[38;2;16;16;16;48;2;41;49;74m▀[38;2;41;49;74;48;2;41;49;74m▀[38;2;41;49;74;48;2;41;49;74m▀[38;2;41;49;74;48;2;41;49;74m▀[38;2;41;49;74;48;2;41;49;74m▀[38;2;41;49;74;48;2;41;49;74m▀[38;2;41;49;74;48;2;41;49;74m▀[38;2;41;49;74;48;2;41;49;74m▀[38;2;41;49;74;48;2;41;49;74m▀[38;2;16;16;16;48;2;41;49;74m▀[38;2;0;0;0;48;2;16;16;16m▀[38;2;0;0;0;48;2;0;0;0m▀[38;2;0;0;0m▀[38;2;0;0;0m▀[0m [0m [0m
[0m [0m [0m [38;2;0;0;0;48;2;0;0;0m▀[38;2;41;49;74;48;2;41;49;74m▀[38;2;255;255;255;48;2;255;255;255m▀[38;2;106;32;16;48;2;172;65;74m▀[38;2;16;16;16;48;2;255;255;255m▀[38;2;65;65;82;48;2;41;49;74m▀[38;2;65;65;82;48;2;41;49;74m▀[38;2;65;65;82;48;2;65;65;82m▀[38;2;65;65;82;48;2;65;65;82m▀[38;2;65;65;82;48;2;65;65;82m▀[38;2;65;65;82;48;2;65;65;82m▀[38;2;65;65;82;48;2;65;65;82m▀[38;2;65;65;82;48;2;65;65;82m▀[38;2;65;65;82;48;2;65;65;82m▀[38;2;65;65;82;48;2;65;65;82m▀[38;2;65;65;82;48;2;65;65;82m▀[38;2;65;65;82;48;2;65;65;82m▀[38;2;41;49;74;48;2;65;65;82m▀[38;2;41;49;74;48;2;41;49;74m▀[38;2;41;49;74;48;2;41;49;74m▀[38;2;41;49;74;48;2;16;16;16m▀[38;2;41;49;74;48;2;255;255;255m▀[38;2;16;16;16;48;2;16;16;16m▀[38;2;16;16;16;48;2;16;16;16m▀[38;2;41;49;74;48;2;41;49;74m▀[38;2;41;49;74;48;2;41;49;74m▀[38;2;41;49;74;48;2;41;49;74m▀[38;2;16;16;16;48;2;16;16;16m▀[38;2;41;49;74;48;2;41;49;74m▀[38;2;41;49;74;48;2;180;148;41m▀[38;2;180;148;41;48;2;16;16;16m▀[38;2;180;148;41;48;2;16;16;16m▀[38;2;180;148;41;48;2;16;16;16m▀[38;2;41;49;74;48;2;82;82;0m▀[38;2;41;49;74;48;2;41;49;74m▀[38;2;41;49;74;48;2;41;49;74m▀[38;2;16;16;16;48;2;41;49;74m▀[38;2;0;0;0;48;2;16;16;16m▀[38;2;0;0;0;48;2;16;16;16m▀[38;2;0;0;0m▄[0m [0m
[0m [0m [0m [38;2;0;0;0;48;2;0;0;0m▀[38;2;41;49;74;48;2;16;16;16m▀[38;2;255;255;255;48;2;206;206;206m▀[38;2;172;65;74;48;2;106;32;16m▀[38;2;255;255;255;48;2;255;255;255m▀[38;2;41;49;74;48;2;172;65;74m▀[38;2;41;49;74;48;2;172;65;74m▀[38;2;65;65;82;48;2;65;65;82m▀[38;2;65;65;82;48;2;65;65;82m▀[38;2;65;65;82;48;2;65;65;82m▀[38;2;65;65;82;48;2;65;65;82m▀[38;2;65;65;82;48;2;16;16;16m▀[38;2;65;65;82;48;2;65;65;82m▀[38;2;65;65;82;48;2;65;65;82m▀[38;2;65;65;82;48;2;65;65;82m▀[38;2;65;65;82;48;2;65;65;82m▀[38;2;65;65;82;48;2;65;65;82m▀[38;2;65;65;82;48;2;41;49;74m▀[38;2;41;49;74;48;2;16;16;16m▀[38;2;41;49;74;48;2;16;16;16m▀[38;2;16;16;16;48;2;106;32;16m▀[38;2;255;255;255;48;2;16;16;16m▀[38;2;16;16;16;48;2;106;32;16m▀[38;2;16;16;16;48;2;41;49;74m▀[38;2;41;49;74;48;2;41;49;74m▀[38;2;41;49;74;48;2;41;49;74m▀[38;2;41;49;74;48;2;16;16;16m▀[38;2;16;16;16;48;2;41;49;74m▀[38;2;41;49;74;48;2;41;49;74m▀[38;2;180;148;41;48;2;41;49;74m▀[38;2;16;16;16;48;2;180;148;41m▀[38;2;16;16;16;48;2;16;16;16m▀[38;2;16;16;16;48;2;16;16;16m▀[38;2;82;82;0;48;2;41;49;74m▀[38;2;41;49;74;48;2;82;82;0m▀[38;2;41;49;74;48;2;41;49;74m▀[38;2;41;49;74;48;2;41;49;74m▀[38;2;16;16;16;48;2;41;49;74m▀[38;2;16;16;16;48;2;41;49;74m▀[38;2;0;0;0;48;2;16;16;16m▀[38;2;0;0;0m▄[0m
[0m [0m [0m [38;2;0;0;0m▀[38;2;16;16;16;48;2;0;0;0m▀[38;2;65;65;82;48;2;16;16;16m▀[38;2;41;49;74;48;2;65;65;82m▀[38;2;172;65;74;48;2;65;65;82m▀[38;2;41;49;74;48;2;65;65;82m▀[38;2;41;49;74;48;2;65;65;82m▀[38;2;65;65;82;48;2;65;65;82m▀[38;2;65;65;82;48;2;65;65;82m▀[38;2;65;65;82;48;2;65;65;82m▀[38;2;65;65;82;48;2;65;65;82m▀[38;2;65;65;82;48;2;41;49;74m▀[38;2;65;65;82;48;2;41;49;74m▀[38;2;65;65;82;48;2;41;49;74m▀[38;2;65;65;82;48;2;16;16;16m▀[38;2;41;49;74;48;2;16;16;16m▀[38;2;16;16;16;48;2;172;65;74m▀[38;2;16;16;16;48;2;172;65;74m▀[38;2;106;32;16;48;2;172;65;74m▀[38;2;106;32;16;48;2;172;65;74m▀[38;2;106;32;16;48;2;106;32;16m▀[38;2;106;32;16;48;2;41;49;74m▀[38;2;41;49;74;48;2;41;49;74m▀[38;2;41;49;74;48;2;41;49;74m▀[38;2;41;49;74;48;2;16;16;16m▀[38;2;41;49;74;48;2;16;16;16m▀[38;2;16;16;16;48;2;0;0;0m▀[38;2;16;16;16;48;2;0;0;0m▀[38;2;16;16;16;48;2;0;0;0m▀[38;2;41;49;74;48;2;16;16;16m▀[38;2;41;49;74;48;2;16;16;16m▀[38;2;82;82;0;48;2;41;49;74m▀[38;2;82;82;0;48;2;41;49;74m▀[38;2;82;82;0;48;2;41;49;74m▀[38;2;41;49;74;48;2;41;49;74m▀[38;2;41;49;74;48;2;41;49;74m▀[38;2;41;49;74;48;2;206;206;206m▀[38;2;206;206;206;48;2;16;16;16m▀[38;2;206;206;206;48;2;16;16;16m▀[38;2;16;16;16;48;2;0;0;0m▀[38;2;0;0;0m▀[0m
[0m [0m [0m [0m [38;2;0;0;0m▀[38;2;16;16;16;48;2;0;0;0m▀[38;2;16;16;16;48;2;16;16;16m▀[38;2;16;16;16;48;2;41;49;74m▀[38;2;255;255;255;48;2;16;16;16m▀[38;2;255;255;255;48;2;16;16;16m▀[38;2;16;16;16;48;2;16;16;16m▀[38;2;16;16;16;48;2;16;16;16m▀[38;2;16;16;16;48;2;106;32;16m▀[38;2;16;16;16;48;2;106;32;16m▀[38;2;16;16;16;48;2;106;32;16m▀[38;2;106;32;16;48;2;249;133;127m▀[38;2;106;32;16;48;2;249;133;127m▀[38;2;172;65;74;48;2;249;133;127m▀[38;2;249;133;127;48;2;249;133;127m▀[38;2;249;133;127;48;2;249;133;127m▀[38;2;249;133;127;48;2;41;49;74m▀[38;2;249;133;127;48;2;65;65;82m▀[38;2;249;133;127;48;2;65;65;82m▀[38;2;65;65;82;48;2;65;65;82m▀[38;2;65;65;82;48;2;41;49;74m▀[38;2;41;49;74;48;2;16;16;16m▀[38;2;16;16;16;48;2;0;0;0m▀[38;2;0;0;0m▀[38;2;0;0;0m▀[0m [0m [0m [38;2;0;0;0m▀[38;2;0;0;0m▀[38;2;16;16;16;48;2;0;0;0m▀[38;2;16;16;16;48;2;0;0;0m▀[38;2;41;49;74;48;2;16;16;16m▀[38;2;41;49;74;48;2;16;16;16m▀[38;2;41;49;74;48;2;16;16;16m▀[38;2;16;16;16;48;2;0;0;0m▀[38;2;0;0;0m▀[38;2;0;0;0m▀[0m [0m [0m
[0m [0m [0m [0m [0m [38;2;0;0;0m▀[38;2;16;16;16;48;2;0;0;0m▀[38;2;41;49;74;48;2;16;16;16m▀[38;2;16;16;16;48;2;16;16;16m▀[38;2;16;16;16;48;2;16;16;16m▀[38;2;16;16;16;48;2;41;49;74m▀[38;2;16;16;16;48;2;16;16;16m▀[38;2;106;32;16;48;2;16;16;16m▀[38;2;106;32;16;48;2;16;16;16m▀[38;2;106;32;16;48;2;16;16;16m▀[38;2;249;133;127;48;2;16;16;16m▀[38;2;249;133;127;48;2;16;16;16m▀[38;2;249;133;127;48;2;16;16;16m▀[38;2;249;133;127;48;2;41;49;74m▀[38;2;249;133;127;48;2;65;65;82m▀[38;2;41;49;74;48;2;65;65;82m▀[38;2;65;65;82;48;2;65;65;82m▀[38;2;65;65;82;48;2;65;65;82m▀[38;2;65;65;82;48;2;41;49;74m▀[38;2;41;49;74;48;2;16;16;16m▀[38;2;16;16;16;48;2;0;0;0m▀[38;2;0;0;0m▀[0m [0m [0m [0m [0m [0m [0m [0m [38;2;0;0;0m▀[38;2;16;16;16;48;2;0;0;0m▀[38;2;16;16;16;48;2;0;0;0m▀[38;2;16;16;16;48;2;0;0;0m▀[38;2;0;0;0m▀[0m [0m [0m [0m [0m
[0m [0m [0m [0m [0m [0m [0m [38;2;0;0;0m▀[38;2;0;0;0m▀[38;2;0;0;0m▀[38;2;16;16;16;48;2;0;0;0m▀[38;2;16;16;16;48;2;0;0;0m▀[38;2;41;49;74;48;2;16;16;16m▀[38;2;41;49;74;48;2;16;16;16m▀[38;2;41;49;74;48;2;16;16;16m▀[38;2;65;65;82;48;2;16;16;16m▀[38;2;65;65;82;48;2;16;16;16m▀[38;2;65;65;82;48;2;16;16;16m▀[38;2;65;65;82;48;2;16;16;16m▀[38;2;41;49;74;48;2;16;16;16m▀[38;2;16;16;16;48;2;41;49;74m▀[38;2;16;16;16;48;2;41;49;74m▀[38;2;16;16;16;48;2;41;49;74m▀[38;2;16;16;16;48;2;41;49;74m▀[38;2;16;16;16;48;2;16;16;16m▀[38;2;0;0;0;48;2;0;0;0m▀[0m [0m [0m [0m [0m [0m [0m [0m [0m [0m [0m [0m [0m [0m [0m [0m [0m [0m [0m
[0m [0m [0m [0m [0m [0m [0m [0m [0m [0m [0m [0m [38;2;0;0;0m▀[38;2;0;0;0m▀[38;2;0;0;0m▀[38;2;16;16;16;48;2;0;0;0m▀[38;2;16;16;16;48;2;0;0;0m▀[38;2;41;49;74;48;2;16;16;16m▀[38;2;180;148;41;48;2;41;49;74m▀[38;2;82;82;0;48;2;41;49;74m▀[38;2;41;49;74;48;2;41;49;74m▀[38;2;41;49;74;48;2;41;49;74m▀[38;2;41;49;74;48;2;41;49;74m▀[38;2;41;49;74;48;2;41;49;74m▀[38;2;16;16;16;48;2;16;16;16m▀[38;2;0;0;0;48;2;0;0;0m▀[0m [0m [0m [0m [0m [0m [0m [0m [0m [0m [0m [0m [0m [0m [0m [0m [0m [0m [0m
[0m [0m [0m [0m [0m [0m [0m [0m [0m [0m [0m [0m [0m [0m [38;2;0;0;0m▄[38;2;0;0;0;48;2;16;16;16m▀[38;2;0;0;0;48;2;16;16;16m▀[38;2;16;16;16;48;2;255;255;255m▀[38;2;41;49;74;48;2;16;16;16m▀[38;2;41;49;74;48;2;255;255;255m▀[38;2;41;49;74;48;2;16;16;16m▀[38;2;41;49;74;48;2;206;206;206m▀[38;2;41;49;74;48;2;206;206;206m▀[38;2;41;49;74;48;2;16;16;16m▀[38;2;16;16;16;48;2;0;0;0m▀[38;2;0;0;0m▀[0m [0m [0m [0m [0m [0m [0m [0m [0m [0m [0m [0m [0m [0m [0m [0m [0m [0m [0m
