[0m [0m [0m [0m [0m [0m [0m [0m [0m [0m [0m [0m [0m [0m [0m [0m [38;2;0;0;0m▄[38;2;0;0;0m▄[38;2;0;0;0;48;2;189;98;197m▀[38;2;0;0;0;48;2;189;98;197m▀[38;2;0;0;0;48;2;189;98;197m▀[38;2;0;0;0;48;2;189;98;197m▀[38;2;0;0;0;48;2;189;98;197m▀[38;2;0;0;0m▄[0m [0m [0m [0m [0m [0m [0m [0m [0m [0m [0m [0m [0m [0m [38;2;0;0;0m▄[38;2;0;0;0m▄[38;2;0;0;0m▄[38;2;0;0;0m▄[38;2;0;0;0;48;2;11;11;11m▀[38;2;0;0;0;48;2;11;11;11m▀[38;2;0;0;0;48;2;11;11;11m▀[38;2;0;0;0;48;2;11;11;11m▀[38;2;0;0;0;48;2;11;11;11m▀[38;2;0;0;0;48;2;11;11;11m▀[38;2;11;11;11;48;2;189;98;197m▀[38;2;11;11;11;48;2;189;98;197m▀[38;2;11;11;11;48;2;189;98;197m▀[38;2;11;11;11;48;2;189;98;197m▀[38;2;11;11;11;48;2;189;98;197m▀[38;2;11;11;11;48;2;189;98;197m▀[38;2;0;0;0;48;2;11;11;11m▀[38;2;0;0;0m▄[0m [0m [0m [0m [0m
[0m [0m [0m [0m [0m [0m [0m [0m [0m [0m [0m [0m [0m [38;2;0;0;0m▄[38;2;0;0;0m▄[38;2;0;0;0;48;2;0;0;0m▀[38;2;189;98;197;48;2;189;98;197m▀[38;2;189;98;197;48;2;189;98;197m▀[38;2;238;189;238;48;2;238;189;238m▀[38;2;238;189;238;48;2;238;189;238m▀[38;2;238;189;238;48;2;238;189;238m▀[38;2;238;189;238;48;2;238;189;238m▀[38;2;189;98;197;48;2;189;98;197m▀[38;2;0;0;0;48;2;0;0;0m▀[0m [0m [0m [0m [0m [0m [0m [0m [0m [0m [0m [38;2;0;0;0m▄[38;2;0;0;0m▄[38;2;0;0;0;48;2;0;0;0m▀[38;2;11;11;11;48;2;11;11;11m▀[38;2;11;11;11;48;2;11;11;11m▀[38;2;11;11;11;48;2;11;11;11m▀[38;2;11;11;11;48;2;11;11;11m▀[38;2;230;156;213;48;2;230;156;213m▀[38;2;238;189;238;48;2;238;189;238m▀[38;2;238;189;238;48;2;238;189;238m▀[38;2;238;189;238;48;2;238;189;238m▀[38;2;230;156;213;48;2;230;156;213m▀[38;2;230;156;213;48;2;230;156;213m▀[38;2;98;65;106;48;2;98;65;106m▀[38;2;98;65;106;48;2;98;65;106m▀[38;2;98;65;106;48;2;98;65;106m▀[38;2;98;65;106;48;2;98;65;106m▀[38;2;98;65;106;48;2;98;65;106m▀[38;2;98;65;106;48;2;98;65;106m▀[38;2;0;0;0;48;2;0;0;0m▀[0m [0m [0m [0m [0m [0m
[0m [0m [0m [0m [0m [0m [0m [0m [0m [0m [38;2;0;0;0m▄[38;2;0;0;0;48;2;189;98;197m▀[38;2;0;0;0;48;2;189;98;197m▀[38;2;189;98;197;48;2;238;189;238m▀[38;2;189;98;197;48;2;238;189;238m▀[38;2;189;98;197;48;2;238;189;238m▀[38;2;238;189;238;48;2;238;189;238m▀[38;2;238;189;238;48;2;230;156;213m▀[38;2;238;189;238;48;2;230;156;213m▀[38;2;230;156;213;48;2;230;156;213m▀[38;2;189;98;197;48;2;98;65;106m▀[38;2;189;98;197;48;2;98;65;106m▀[38;2;0;0;0;48;2;0;0;0m▀[0m [38;2;0;0;0m▄[38;2;0;0;0;48;2;98;65;106m▀[38;2;0;0;0m▄[38;2;0;0;0m▄[0m [0m [38;2;0;0;0m▄[38;2;0;0;0;48;2;189;98;197m▀[38;2;0;0;0;48;2;11;11;11m▀[38;2;0;0;0;48;2;11;11;11m▀[38;2;0;0;0;48;2;11;11;11m▀[38;2;11;11;11;48;2;230;156;213m▀[38;2;11;11;11;48;2;230;156;213m▀[38;2;11;11;11;48;2;238;189;238m▀[38;2;230;156;213;48;2;238;189;238m▀[38;2;230;156;213;48;2;238;189;238m▀[38;2;230;156;213;48;2;98;65;106m▀[38;2;230;156;213;48;2;98;65;106m▀[38;2;189;98;197;48;2;98;65;106m▀[38;2;189;98;197;48;2;0;164;115m▀[38;2;98;65;106;48;2;0;164;115m▀[38;2;98;65;106;48;2;0;164;115m▀[38;2;98;65;106;48;2;0;164;115m▀[38;2;98;65;106;48;2;0;164;115m▀[38;2;0;164;115;48;2;0;164;115m▀[38;2;0;164;115;48;2;0;98;65m▀[38;2;0;98;65;48;2;0;0;0m▀[38;2;0;98;65;48;2;0;0;0m▀[38;2;0;0;0m▀[38;2;0;0;0m▀[0m [0m [0m [0m [0m [0m [0m
[0m [0m [0m [0m [0m [0m [0m [38;2;0;0;0m▄[38;2;0;0;0;48;2;189;98;197m▀[38;2;0;0;0;48;2;189;98;197m▀[38;2;189;98;197;48;2;238;189;238m▀[38;2;238;189;238;48;2;238;189;238m▀[38;2;238;189;238;48;2;230;156;213m▀[38;2;238;189;238;48;2;230;156;213m▀[38;2;230;156;213;48;2;230;156;213m▀[38;2;230;156;213;48;2;230;156;213m▀[38;2;230;156;213;48;2;230;156;213m▀[38;2;230;156;213;48;2;230;156;213m▀[38;2;230;156;213;48;2;230;156;213m▀[38;2;98;65;106;48;2;98;65;106m▀[38;2;0;0;0;48;2;0;0;0m▀[38;2;0;0;0m▀[0m [38;2;0;0;0;48;2;0;0;0m▀[38;2;189;98;197;48;2;189;98;197m▀[38;2;230;156;213;48;2;230;156;213m▀[38;2;11;11;11;48;2;11;11;11m▀[38;2;11;11;11;48;2;11;11;11m▀[38;2;0;0;0;48;2;11;11;11m▀[38;2;0;0;0;48;2;189;98;197m▀[38;2;189;98;197;48;2;238;189;238m▀[38;2;11;11;11;48;2;98;65;106m▀[38;2;230;156;213;48;2;230;156;213m▀[38;2;230;156;213;48;2;230;156;213m▀[38;2;238;189;238;48;2;189;98;197m▀[38;2;238;189;238;48;2;98;65;106m▀[38;2;189;98;197;48;2;98;65;106m▀[38;2;98;65;106;48;2;0;164;115m▀[38;2;98;65;106;48;2;0;164;115m▀[38;2;98;65;106;48;2;0;164;115m▀[38;2;0;164;115;48;2;0;164;115m▀[38;2;0;164;115;48;2;0;164;115m▀[38;2;0;164;115;48;2;0;164;115m▀[38;2;0;164;115;48;2;0;164;115m▀[38;2;0;164;115;48;2;0;164;115m▀[38;2;0;164;115;48;2;0;164;115m▀[38;2;0;164;115;48;2;0;164;115m▀[38;2;0;164;115;48;2;0;98;65m▀[38;2;0;98;65;48;2;0;0;0m▀[38;2;0;0;0m▀[0m [0m [0m [0m [0m [0m [0m [0m [0m [0m [0m
[0m [0m [0m [0m [0m [0m [38;2;0;0;0;48;2;0;0;0m▀[38;2;98;65;106;48;2;98;65;106m▀[38;2;238;189;238;48;2;238;189;238m▀[38;2;238;189;238;48;2;238;189;238m▀[38;2;238;189;238;48;2;238;189;238m▀[38;2;230;156;213;48;2;230;156;213m▀[38;2;230;156;213;48;2;230;156;213m▀[38;2;230;156;213;48;2;230;156;213m▀[38;2;230;156;213;48;2;230;156;213m▀[38;2;230;156;213;48;2;230;156;213m▀[38;2;230;156;213;48;2;230;156;213m▀[38;2;230;156;213;48;2;230;156;213m▀[38;2;230;156;213;48;2;230;156;213m▀[38;2;98;65;106;48;2;98;65;106m▀[38;2;0;0;0;48;2;0;0;0m▀[38;2;0;0;0m▄[38;2;0;0;0;48;2;0;0;0m▀[38;2;189;98;197;48;2;189;98;197m▀[38;2;230;156;213;48;2;230;156;213m▀[38;2;230;156;213;48;2;230;156;213m▀[38;2;230;156;213;48;2;230;156;213m▀[38;2;230;156;213;48;2;230;156;213m▀[38;2;230;156;213;48;2;230;156;213m▀[38;2;230;156;213;48;2;230;156;213m▀[38;2;230;156;213;48;2;230;156;213m▀[38;2;98;65;106;48;2;98;65;106m▀[38;2;230;156;213;48;2;230;156;213m▀[38;2;230;156;213;48;2;230;156;213m▀[38;2;0;98;65;48;2;0;98;65m▀[38;2;0;98;65;48;2;0;98;65m▀[38;2;0;164;115;48;2;0;164;115m▀[38;2;0;164;115;48;2;0;164;115m▀[38;2;0;164;115;48;2;0;164;115m▀[38;2;0;164;115;48;2;0;164;115m▀[38;2;0;164;115;48;2;0;164;115m▀[38;2;0;164;115;48;2;0;164;115m▀[38;2;0;164;115;48;2;0;164;115m▀[38;2;0;164;115;48;2;0;164;115m▀[38;2;0;164;115;48;2;0;164;115m▀[38;2;0;164;115;48;2;0;164;115m▀[38;2;0;98;65;48;2;0;98;65m▀[38;2;0;0;0;48;2;0;0;0m▀[0m [0m [0m [0m [0m [0m [0m [0m [0m [0m [0m [0m [0m
[0m [0m [0m [0m [38;2;0;0;0m▄[38;2;0;0;0;48;2;98;65;106m▀[38;2;189;98;197;48;2;189;98;197m▀[38;2;230;156;213;48;2;230;156;213m▀[38;2;98;65;106;48;2;98;65;106m▀[38;2;98;65;106;48;2;98;65;106m▀[38;2;230;156;213;48;2;230;156;213m▀[38;2;230;156;213;48;2;230;156;213m▀[38;2;230;156;213;48;2;98;65;106m▀[38;2;230;156;213;48;2;230;156;213m▀[38;2;230;156;213;48;2;230;156;213m▀[38;2;230;156;213;48;2;230;156;213m▀[38;2;230;156;213;48;2;230;156;213m▀[38;2;230;156;213;48;2;230;156;213m▀[38;2;230;156;213;48;2;230;156;213m▀[38;2;230;156;213;48;2;189;98;197m▀[38;2;189;98;197;48;2;238;189;238m▀[38;2;189;98;197;48;2;238;189;238m▀[38;2;189;98;197;48;2;238;189;238m▀[38;2;238;189;238;48;2;238;189;238m▀[38;2;230;156;213;48;2;230;156;213m▀[38;2;230;156;213;48;2;189;98;197m▀[38;2;230;156;213;48;2;98;65;106m▀[38;2;230;156;213;48;2;98;65;106m▀[38;2;189;98;197;48;2;0;98;65m▀[38;2;189;98;197;48;2;189;98;197m▀[38;2;98;65;106;48;2;98;65;106m▀[38;2;230;156;213;48;2;238;189;238m▀[38;2;189;98;197;48;2;0;98;65m▀[38;2;189;98;197;48;2;0;98;65m▀[38;2;0;98;65;48;2;0;164;115m▀[38;2;0;164;115;48;2;0;164;115m▀[38;2;0;164;115;48;2;0;164;115m▀[38;2;0;164;115;48;2;0;164;115m▀[38;2;0;164;115;48;2;0;164;115m▀[38;2;0;164;115;48;2;0;164;115m▀[38;2;0;164;115;48;2;0;164;115m▀[38;2;0;164;115;48;2;0;164;115m▀[38;2;0;164;115;48;2;0;164;115m▀[38;2;0;164;115;48;2;0;164;115m▀[38;2;0;164;115;48;2;0;98;65m▀[38;2;0;164;115;48;2;0;98;65m▀[38;2;0;98;65;48;2;0;0;0m▀[38;2;0;0;0m▀[0m [0m [0m [0m [0m [0m [0m [0m [0m [0m [0m [0m [0m
[0m [0m [0m [38;2;0;0;0m▄[38;2;0;0;0;48;2;98;65;106m▀[38;2;98;65;106;48;2;238;189;238m▀[38;2;189;98;197;48;2;189;98;197m▀[38;2;230;156;213;48;2;230;156;213m▀[38;2;189;98;197;48;2;230;156;213m▀[38;2;189;98;197;48;2;230;156;213m▀[38;2;98;65;106;48;2;189;98;197m▀[38;2;98;65;106;48;2;189;98;197m▀[38;2;230;156;213;48;2;189;98;197m▀[38;2;11;11;11;48;2;11;11;11m▀[38;2;230;156;213;48;2;238;189;238m▀[38;2;230;156;213;48;2;238;189;238m▀[38;2;230;156;213;48;2;98;65;106m▀[38;2;230;156;213;48;2;98;65;106m▀[38;2;189;98;197;48;2;230;156;213m▀[38;2;230;156;213;48;2;230;156;213m▀[38;2;230;156;213;48;2;230;156;213m▀[38;2;230;156;213;48;2;230;156;213m▀[38;2;230;156;213;48;2;98;65;106m▀[38;2;189;98;197;48;2;0;98;65m▀[38;2;98;65;106;48;2;0;98;65m▀[38;2;0;98;65;48;2;0;98;65m▀[38;2;0;98;65;48;2;0;98;65m▀[38;2;0;98;65;48;2;0;98;65m▀[38;2;0;98;65;48;2;0;98;65m▀[38;2;189;98;197;48;2;0;98;65m▀[38;2;98;65;106;48;2;98;65;106m▀[38;2;238;189;238;48;2;230;156;213m▀[38;2;0;98;65;48;2;0;98;65m▀[38;2;0;98;65;48;2;0;98;65m▀[38;2;0;164;115;48;2;0;98;65m▀[38;2;0;164;115;48;2;0;164;115m▀[38;2;0;164;115;48;2;0;164;115m▀[38;2;0;164;115;48;2;0;164;115m▀[38;2;0;164;115;48;2;0;164;115m▀[38;2;0;164;115;48;2;0;164;115m▀[38;2;0;164;115;48;2;0;164;115m▀[38;2;0;164;115;48;2;0;164;115m▀[38;2;0;164;115;48;2;0;164;115m▀[38;2;0;164;115;48;2;0;98;65m▀[38;2;0;98;65;48;2;0;0;0m▀[38;2;0;98;65;48;2;0;0;0m▀[38;2;0;0;0m▀[0m [0m [0m [0m [0m [0m [0m [0m [0m [0m [0m [0m [0m [0m
[0m [38;2;0;0;0m▄[38;2;0;0;0;48;2;98;65;106m▀[38;2;0;0;0;48;2;98;65;106m▀[38;2;98;65;106;48;2;189;98;197m▀[38;2;189;98;197;48;2;230;156;213m▀[38;2;230;156;213;48;2;230;156;213m▀[38;2;230;156;213;48;2;189;98;197m▀[38;2;189;98;197;48;2;189;98;197m▀[38;2;189;98;197;48;2;189;98;197m▀[38;2;189;98;197;48;2;189;98;197m▀[38;2;189;98;197;48;2;189;98;197m▀[38;2;189;98;197;48;2;189;98;197m▀[38;2;11;11;11;48;2;11;11;11m▀[38;2;189;98;197;48;2;189;98;197m▀[38;2;189;98;197;48;2;189;98;197m▀[38;2;98;65;106;48;2;98;65;106m▀[38;2;230;156;213;48;2;230;156;213m▀[38;2;230;156;213;48;2;230;156;213m▀[38;2;230;156;213;48;2;98;65;106m▀[38;2;98;65;106;48;2;0;98;65m▀[38;2;98;65;106;48;2;0;98;65m▀[38;2;0;98;65;48;2;0;98;65m▀[38;2;0;98;65;48;2;0;98;65m▀[38;2;0;98;65;48;2;0;164;115m▀[38;2;0;98;65;48;2;0;164;115m▀[38;2;0;164;115;48;2;0;164;115m▀[38;2;0;164;115;48;2;0;164;115m▀[38;2;0;164;115;48;2;24;205;156m▀[38;2;0;164;115;48;2;98;65;106m▀[38;2;98;65;106;48;2;238;189;238m▀[38;2;230;156;213;48;2;230;156;213m▀[38;2;189;98;197;48;2;98;65;106m▀[38;2;189;98;197;48;2;98;65;106m▀[38;2;189;98;197;48;2;98;65;106m▀[38;2;189;98;197;48;2;98;65;106m▀[38;2;189;98;197;48;2;98;65;106m▀[38;2;189;98;197;48;2;98;65;106m▀[38;2;0;98;65;48;2;189;98;197m▀[38;2;0;98;65;48;2;189;98;197m▀[38;2;0;98;65;48;2;189;98;197m▀[38;2;0;98;65;48;2;189;98;197m▀[38;2;0;164;115;48;2;189;98;197m▀[38;2;0;98;65;48;2;189;98;197m▀[38;2;0;0;0;48;2;98;65;106m▀[38;2;0;0;0;48;2;98;65;106m▀[38;2;0;0;0m▄[0m [0m [0m [0m [0m [0m [0m [0m [0m [0m [0m [0m [0m [0m
[0m [38;2;0;0;0;48;2;0;0;0m▀[38;2;98;65;106;48;2;98;65;106m▀[38;2;98;65;106;48;2;98;65;106m▀[38;2;189;98;197;48;2;189;98;197m▀[38;2;230;156;213;48;2;230;156;213m▀[38;2;230;156;213;48;2;230;156;213m▀[38;2;189;98;197;48;2;189;98;197m▀[38;2;189;98;197;48;2;189;98;197m▀[38;2;189;98;197;48;2;189;98;197m▀[38;2;189;98;197;48;2;189;98;197m▀[38;2;189;98;197;48;2;189;98;197m▀[38;2;189;98;197;48;2;189;98;197m▀[38;2;11;11;11;48;2;98;65;106m▀[38;2;189;98;197;48;2;98;65;106m▀[38;2;189;98;197;48;2;98;65;106m▀[38;2;98;65;106;48;2;238;189;238m▀[38;2;230;156;213;48;2;230;156;213m▀[38;2;230;156;213;48;2;189;98;197m▀[38;2;98;65;106;48;2;0;98;65m▀[38;2;0;98;65;48;2;0;98;65m▀[38;2;0;98;65;48;2;0;98;65m▀[38;2;0;98;65;48;2;0;98;65m▀[38;2;0;98;65;48;2;0;164;115m▀[38;2;0;164;115;48;2;0;164;115m▀[38;2;0;164;115;48;2;24;205;156m▀[38;2;0;164;115;48;2;24;205;156m▀[38;2;0;164;115;48;2;24;205;156m▀[38;2;24;205;156;48;2;24;205;156m▀[38;2;98;65;106;48;2;98;65;106m▀[38;2;238;189;238;48;2;230;156;213m▀[38;2;230;156;213;48;2;0;98;65m▀[38;2;98;65;106;48;2;0;98;65m▀[38;2;98;65;106;48;2;0;98;65m▀[38;2;98;65;106;48;2;0;164;115m▀[38;2;98;65;106;48;2;0;164;115m▀[38;2;98;65;106;48;2;0;164;115m▀[38;2;98;65;106;48;2;0;164;115m▀[38;2;189;98;197;48;2;98;65;106m▀[38;2;189;98;197;48;2;98;65;106m▀[38;2;189;98;197;48;2;98;65;106m▀[38;2;189;98;197;48;2;98;65;106m▀[38;2;189;98;197;48;2;98;65;106m▀[38;2;189;98;197;48;2;98;65;106m▀[38;2;98;65;106;48;2;0;0;0m▀[38;2;98;65;106;48;2;0;0;0m▀[38;2;0;0;0m▀[0m [0m [0m [0m [0m [0m [0m [0m [0m [0m [0m [0m [0m [0m
[0m [38;2;0;0;0m▀[38;2;98;65;106;48;2;0;0;0m▀[38;2;98;65;106;48;2;0;0;0m▀[38;2;189;98;197;48;2;189;98;197m▀[38;2;230;156;213;48;2;230;156;213m▀[38;2;189;98;197;48;2;189;98;197m▀[38;2;189;98;197;48;2;189;98;197m▀[38;2;189;98;197;48;2;189;98;197m▀[38;2;189;98;197;48;2;189;98;197m▀[38;2;189;98;197;48;2;189;98;197m▀[38;2;189;98;197;48;2;189;98;197m▀[38;2;189;98;197;48;2;189;98;197m▀[38;2;98;65;106;48;2;189;98;197m▀[38;2;238;189;238;48;2;98;65;106m▀[38;2;238;189;238;48;2;98;65;106m▀[38;2;238;189;238;48;2;238;189;238m▀[38;2;230;156;213;48;2;230;156;213m▀[38;2;98;65;106;48;2;0;98;65m▀[38;2;0;98;65;48;2;0;98;65m▀[38;2;0;98;65;48;2;0;98;65m▀[38;2;0;98;65;48;2;0;98;65m▀[38;2;0;164;115;48;2;0;164;115m▀[38;2;0;164;115;48;2;24;205;156m▀[38;2;24;205;156;48;2;24;205;156m▀[38;2;24;205;156;48;2;24;205;156m▀[38;2;24;205;156;48;2;24;205;156m▀[38;2;24;205;156;48;2;24;205;156m▀[38;2;0;164;115;48;2;0;164;115m▀[38;2;98;65;106;48;2;98;65;106m▀[38;2;230;156;213;48;2;230;156;213m▀[38;2;0;98;65;48;2;0;98;65m▀[38;2;0;98;65;48;2;0;164;115m▀[38;2;0;98;65;48;2;0;164;115m▀[38;2;0;164;115;48;2;0;164;115m▀[38;2;0;164;115;48;2;0;164;115m▀[38;2;0;164;115;48;2;0;164;115m▀[38;2;0;164;115;48;2;0;164;115m▀[38;2;0;164;115;48;2;0;98;65m▀[38;2;0;164;115;48;2;0;98;65m▀[38;2;0;164;115;48;2;0;98;65m▀[38;2;0;164;115;48;2;0;98;65m▀[38;2;0;98;65;48;2;0;0;0m▀[38;2;0;0;0m▀[0m [0m [0m [0m [0m [0m [0m [0m [0m [0m [0m [0m [0m [0m [0m [0m [0m
[0m [38;2;0;0;0;48;2;0;0;0m▀[38;2;189;98;197;48;2;189;98;197m▀[38;2;189;98;197;48;2;189;98;197m▀[38;2;230;156;213;48;2;230;156;213m▀[38;2;230;156;213;48;2;230;156;213m▀[38;2;189;98;197;48;2;189;98;197m▀[38;2;189;98;197;48;2;189;98;197m▀[38;2;189;98;197;48;2;189;98;197m▀[38;2;189;98;197;48;2;189;98;197m▀[38;2;189;98;197;48;2;189;98;197m▀[38;2;189;98;197;48;2;189;98;197m▀[38;2;189;98;197;48;2;189;98;197m▀[38;2;189;98;197;48;2;189;98;197m▀[38;2;98;65;106;48;2;98;65;106m▀[38;2;98;65;106;48;2;98;65;106m▀[38;2;230;156;213;48;2;230;156;213m▀[38;2;189;98;197;48;2;0;98;65m▀[38;2;0;98;65;48;2;0;98;65m▀[38;2;0;98;65;48;2;0;98;65m▀[38;2;0;164;115;48;2;0;164;115m▀[38;2;0;164;115;48;2;0;164;115m▀[38;2;0;164;115;48;2;24;205;156m▀[38;2;24;205;156;48;2;24;205;156m▀[38;2;24;205;156;48;2;24;205;156m▀[38;2;24;205;156;48;2;24;205;156m▀[38;2;0;164;115;48;2;0;164;115m▀[38;2;0;164;115;48;2;0;164;115m▀[38;2;98;65;106;48;2;98;65;106m▀[38;2;238;189;238;48;2;238;189;238m▀[38;2;230;156;213;48;2;0;98;65m▀[38;2;0;98;65;48;2;0;164;115m▀[38;2;0;164;115;48;2;0;164;115m▀[38;2;0;164;115;48;2;0;164;115m▀[38;2;0;164;115;48;2;0;164;115m▀[38;2;0;164;115;48;2;0;98;65m▀[38;2;0;98;65;48;2;0;0;0m▀[38;2;0;98;65;48;2;0;0;0m▀[38;2;0;0;0m▀[38;2;0;0;0m▀[38;2;0;0;0m▀[38;2;0;0;0m▀[0m [0m [0m [0m [0m [0m [0m [0m [0m [0m [0m [0m [0m [0m [0m [0m [0m [0m [0m
[0m [38;2;0;0;0;48;2;0;0;0m▀[38;2;189;98;197;48;2;142;61;159m▀[38;2;189;98;197;48;2;142;61;159m▀[38;2;230;156;213;48;2;230;156;213m▀[38;2;230;156;213;48;2;189;98;197m▀[38;2;189;98;197;48;2;189;98;197m▀[38;2;189;98;197;48;2;189;98;197m▀[38;2;189;98;197;48;2;189;98;197m▀[38;2;189;98;197;48;2;189;98;197m▀[38;2;189;98;197;48;2;189;98;197m▀[38;2;189;98;197;48;2;189;98;197m▀[38;2;189;98;197;48;2;189;98;197m▀[38;2;189;98;197;48;2;11;11;11m▀[38;2;98;65;106;48;2;230;156;213m▀[38;2;98;65;106;48;2;230;156;213m▀[38;2;230;156;213;48;2;230;156;213m▀[38;2;0;98;65;48;2;0;98;65m▀[38;2;0;98;65;48;2;0;98;65m▀[38;2;0;98;65;48;2;0;98;65m▀[38;2;0;164;115;48;2;0;164;115m▀[38;2;0;164;115;48;2;0;164;115m▀[38;2;24;205;156;48;2;24;205;156m▀[38;2;24;205;156;48;2;24;205;156m▀[38;2;24;205;156;48;2;24;205;156m▀[38;2;24;205;156;48;2;0;164;115m▀[38;2;0;164;115;48;2;189;98;197m▀[38;2;0;164;115;48;2;189;98;197m▀[38;2;98;65;106;48;2;98;65;106m▀[38;2;238;189;238;48;2;230;156;213m▀[38;2;0;98;65;48;2;0;98;65m▀[38;2;0;164;115;48;2;0;164;115m▀[38;2;0;164;115;48;2;0;164;115m▀[38;2;0;164;115;48;2;0;164;115m▀[38;2;0;164;115;48;2;0;98;65m▀[38;2;0;98;65;48;2;0;0;0m▀[38;2;0;0;0m▀[0m [0m [0m [0m [0m [0m [0m [0m [0m [0m [0m [0m [0m [0m [0m [0m [0m [0m [0m [0m [0m [0m [0m [0m
[0m [38;2;0;0;0m▀[38;2;142;61;159;48;2;0;0;0m▀[38;2;142;61;159;48;2;0;0;0m▀[38;2;189;98;197;48;2;142;61;159m▀[38;2;189;98;197;48;2;189;98;197m▀[38;2;189;98;197;48;2;189;98;197m▀[38;2;189;98;197;48;2;189;98;197m▀[38;2;189;98;197;48;2;189;98;197m▀[38;2;189;98;197;48;2;189;98;197m▀[38;2;189;98;197;48;2;189;98;197m▀[38;2;189;98;197;48;2;189;98;197m▀[38;2;189;98;197;48;2;189;98;197m▀[38;2;11;11;11;48;2;98;65;106m▀[38;2;230;156;213;48;2;230;156;213m▀[38;2;230;156;213;48;2;230;156;213m▀[38;2;189;98;197;48;2;189;98;197m▀[38;2;0;98;65;48;2;189;98;197m▀[38;2;0;98;65;48;2;189;98;197m▀[38;2;189;98;197;48;2;189;98;197m▀[38;2;98;65;106;48;2;98;65;106m▀[38;2;98;65;106;48;2;98;65;106m▀[38;2;0;98;65;48;2;0;98;65m▀[38;2;24;205;156;48;2;0;164;115m▀[38;2;0;164;115;48;2;189;98;197m▀[38;2;189;98;197;48;2;189;98;197m▀[38;2;98;65;106;48;2;98;65;106m▀[38;2;98;65;106;48;2;98;65;106m▀[38;2;238;189;238;48;2;230;156;213m▀[38;2;230;156;213;48;2;0;98;65m▀[38;2;0;98;65;48;2;0;164;115m▀[38;2;0;164;115;48;2;0;98;65m▀[38;2;0;98;65;48;2;0;0;0m▀[38;2;0;98;65;48;2;0;0;0m▀[38;2;0;0;0m▀[0m [0m [0m [0m [0m [0m [0m [0m [0m [0m [0m [0m [0m [0m [0m [0m [0m [0m [0m [0m [0m [0m [0m [0m [0m [0m
[38;2;0;0;0m▄[38;2;0;0;0;48;2;189;98;197m▀[38;2;0;0;0;48;2;189;98;197m▀[38;2;0;0;0;48;2;189;98;197m▀[38;2;142;61;159;48;2;98;65;106m▀[38;2;189;98;197;48;2;98;65;106m▀[38;2;189;98;197;48;2;98;65;106m▀[38;2;189;98;197;48;2;98;65;106m▀[38;2;189;98;197;48;2;98;65;106m▀[38;2;189;98;197;48;2;98;65;106m▀[38;2;189;98;197;48;2;98;65;106m▀[38;2;98;65;106;48;2;230;156;213m▀[38;2;98;65;106;48;2;230;156;213m▀[38;2;189;98;197;48;2;230;156;213m▀[38;2;230;156;213;48;2;230;156;213m▀[38;2;230;156;213;48;2;230;156;213m▀[38;2;189;98;197;48;2;189;98;197m▀[38;2;189;98;197;48;2;189;98;197m▀[38;2;189;98;197;48;2;189;98;197m▀[38;2;98;65;106;48;2;98;65;106m▀[38;2;0;98;65;48;2;0;98;65m▀[38;2;0;98;65;48;2;0;98;65m▀[38;2;189;98;197;48;2;189;98;197m▀[38;2;189;98;197;48;2;189;98;197m▀[38;2;189;98;197;48;2;11;11;11m▀[38;2;98;65;106;48;2;189;98;197m▀[38;2;238;189;238;48;2;230;156;213m▀[38;2;238;189;238;48;2;230;156;213m▀[38;2;230;156;213;48;2;0;98;65m▀[38;2;0;98;65;48;2;0;98;65m▀[38;2;0;164;115;48;2;0;98;65m▀[38;2;0;98;65;48;2;0;0;0m▀[38;2;0;0;0m▀[0m [0m [0m [0m [0m [0m [0m [0m [0m [0m [0m [0m [0m [0m [0m [0m [0m [0m [0m [0m [0m [0m [0m [0m [0m [0m [0m [0m
[38;2;0;0;0;48;2;98;65;106m▀[38;2;189;98;197;48;2;238;189;238m▀[38;2;189;98;197;48;2;238;189;238m▀[38;2;189;98;197;48;2;238;189;238m▀[38;2;98;65;106;48;2;238;189;238m▀[38;2;98;65;106;48;2;238;189;238m▀[38;2;98;65;106;48;2;238;189;238m▀[38;2;98;65;106;48;2;238;189;238m▀[38;2;98;65;106;48;2;238;189;238m▀[38;2;98;65;106;48;2;238;189;238m▀[38;2;98;65;106;48;2;238;189;238m▀[38;2;230;156;213;48;2;238;189;238m▀[38;2;230;156;213;48;2;230;156;213m▀[38;2;230;156;213;48;2;230;156;213m▀[38;2;230;156;213;48;2;230;156;213m▀[38;2;230;156;213;48;2;230;156;213m▀[38;2;189;98;197;48;2;230;156;213m▀[38;2;189;98;197;48;2;189;98;197m▀[38;2;189;98;197;48;2;98;65;106m▀[38;2;98;65;106;48;2;189;98;197m▀[38;2;0;98;65;48;2;189;98;197m▀[38;2;0;98;65;48;2;189;98;197m▀[38;2;189;98;197;48;2;98;65;106m▀[38;2;189;98;197;48;2;11;11;11m▀[38;2;11;11;11;48;2;189;98;197m▀[38;2;189;98;197;48;2;230;156;213m▀[38;2;230;156;213;48;2;230;156;213m▀[38;2;230;156;213;48;2;230;156;213m▀[38;2;0;98;65;48;2;0;98;65m▀[38;2;0;98;65;48;2;98;65;106m▀[38;2;0;98;65;48;2;98;65;106m▀[38;2;0;0;0;48;2;0;0;0m▀[0m [0m [0m [0m [0m [0m [0m [0m [0m [0m [0m [0m [0m [0m [0m [38;2;0;0;0m▄[38;2;0;0;0m▄[38;2;0;0;0m▄[38;2;0;0;0m▄[38;2;0;0;0m▄[38;2;0;0;0m▄[38;2;0;0;0;48;2;189;98;197m▀[38;2;0;0;0;48;2;189;98;197m▀[38;2;0;0;0;48;2;189;98;197m▀[38;2;0;0;0;48;2;189;98;197m▀[38;2;0;0;0;48;2;189;98;197m▀[38;2;0;0;0;48;2;189;98;197m▀[38;2;0;0;0m▄[0m
[38;2;0;0;0m▀[38;2;98;65;106;48;2;0;0;0m▀[38;2;189;98;197;48;2;11;11;11m▀[38;2;189;98;197;48;2;11;11;11m▀[38;2;238;189;238;48;2;189;98;197m▀[38;2;238;189;238;48;2;189;98;197m▀[38;2;238;189;238;48;2;230;156;213m▀[38;2;238;189;238;48;2;230;156;213m▀[38;2;238;189;238;48;2;238;189;238m▀[38;2;238;189;238;48;2;238;189;238m▀[38;2;238;189;238;48;2;238;189;238m▀[38;2;238;189;238;48;2;230;156;213m▀[38;2;230;156;213;48;2;230;156;213m▀[38;2;230;156;213;48;2;230;156;213m▀[38;2;230;156;213;48;2;230;156;213m▀[38;2;230;156;213;48;2;230;156;213m▀[38;2;230;156;213;48;2;230;156;213m▀[38;2;189;98;197;48;2;230;156;213m▀[38;2;98;65;106;48;2;230;156;213m▀[38;2;189;98;197;48;2;230;156;213m▀[38;2;98;65;106;48;2;230;156;213m▀[38;2;98;65;106;48;2;230;156;213m▀[38;2;11;11;11;48;2;230;156;213m▀[38;2;230;156;213;48;2;230;156;213m▀[38;2;189;98;197;48;2;230;156;213m▀[38;2;230;156;213;48;2;230;156;213m▀[38;2;98;65;106;48;2;230;156;213m▀[38;2;98;65;106;48;2;230;156;213m▀[38;2;98;65;106;48;2;230;156;213m▀[38;2;230;156;213;48;2;230;156;213m▀[38;2;189;98;197;48;2;189;98;197m▀[38;2;98;65;106;48;2;189;98;197m▀[38;2;0;0;0;48;2;98;65;106m▀[38;2;0;0;0;48;2;98;65;106m▀[38;2;0;0;0m▄[38;2;0;0;0m▄[38;2;0;0;0m▄[38;2;0;0;0m▄[38;2;0;0;0m▄[38;2;0;0;0m▄[38;2;0;0;0;48;2;189;98;197m▀[38;2;0;0;0;48;2;189;98;197m▀[38;2;0;0;0;48;2;189;98;197m▀[38;2;0;0;0;48;2;189;98;197m▀[38;2;0;0;0;48;2;189;98;197m▀[38;2;0;0;0;48;2;189;98;197m▀[38;2;0;0;0;48;2;189;98;197m▀[38;2;189;98;197;48;2;230;156;213m▀[38;2;189;98;197;48;2;230;156;213m▀[38;2;189;98;197;48;2;230;156;213m▀[38;2;189;98;197;48;2;230;156;213m▀[38;2;189;98;197;48;2;230;156;213m▀[38;2;189;98;197;48;2;230;156;213m▀[38;2;230;156;213;48;2;189;98;197m▀[38;2;230;156;213;48;2;11;11;11m▀[38;2;230;156;213;48;2;11;11;11m▀[38;2;230;156;213;48;2;11;11;11m▀[38;2;230;156;213;48;2;11;11;11m▀[38;2;230;156;213;48;2;11;11;11m▀[38;2;11;11;11;48;2;0;0;0m▀[0m
[0m [0m [38;2;0;0;0m▀[38;2;0;0;0m▀[38;2;11;11;11;48;2;0;0;0m▀[38;2;189;98;197;48;2;189;98;197m▀[38;2;189;98;197;48;2;238;189;238m▀[38;2;238;189;238;48;2;230;156;213m▀[38;2;238;189;238;48;2;98;65;106m▀[38;2;238;189;238;48;2;98;65;106m▀[38;2;230;156;213;48;2;98;65;106m▀[38;2;189;98;197;48;2;255;255;255m▀[38;2;98;65;106;48;2;213;213;213m▀[38;2;98;65;106;48;2;16;16;16m▀[38;2;98;65;106;48;2;16;16;16m▀[38;2;98;65;106;48;2;16;16;16m▀[38;2;189;98;197;48;2;16;16;16m▀[38;2;230;156;213;48;2;98;65;106m▀[38;2;230;156;213;48;2;230;156;213m▀[38;2;230;156;213;48;2;230;156;213m▀[38;2;230;156;213;48;2;230;156;213m▀[38;2;230;156;213;48;2;230;156;213m▀[38;2;230;156;213;48;2;230;156;213m▀[38;2;230;156;213;48;2;230;156;213m▀[38;2;230;156;213;48;2;230;156;213m▀[38;2;230;156;213;48;2;230;156;213m▀[38;2;230;156;213;48;2;230;156;213m▀[38;2;230;156;213;48;2;230;156;213m▀[38;2;230;156;213;48;2;230;156;213m▀[38;2;230;156;213;48;2;230;156;213m▀[38;2;189;98;197;48;2;189;98;197m▀[38;2;189;98;197;48;2;189;98;197m▀[38;2;98;65;106;48;2;189;98;197m▀[38;2;98;65;106;48;2;189;98;197m▀[38;2;189;98;197;48;2;189;98;197m▀[38;2;189;98;197;48;2;230;156;213m▀[38;2;189;98;197;48;2;230;156;213m▀[38;2;189;98;197;48;2;230;156;213m▀[38;2;189;98;197;48;2;230;156;213m▀[38;2;189;98;197;48;2;230;156;213m▀[38;2;230;156;213;48;2;230;156;213m▀[38;2;230;156;213;48;2;189;98;197m▀[38;2;230;156;213;48;2;11;11;11m▀[38;2;230;156;213;48;2;11;11;11m▀[38;2;230;156;213;48;2;11;11;11m▀[38;2;230;156;213;48;2;11;11;11m▀[38;2;230;156;213;48;2;11;11;11m▀[38;2;230;156;213;48;2;11;11;11m▀[38;2;189;98;197;48;2;11;11;11m▀[38;2;11;11;11;48;2;0;0;0m▀[38;2;11;11;11;48;2;0;0;0m▀[38;2;11;11;11;48;2;0;0;0m▀[38;2;11;11;11;48;2;0;0;0m▀[38;2;11;11;11;48;2;0;0;0m▀[38;2;0;0;0m▀[38;2;0;0;0m▀[38;2;0;0;0m▀[38;2;0;0;0m▀[38;2;0;0;0m▀[0m [0m
[0m [0m [0m [0m [38;2;0;0;0;48;2;0;0;0m▀[38;2;98;65;106;48;2;98;65;106m▀[38;2;230;156;213;48;2;230;156;213m▀[38;2;98;65;106;48;2;98;65;106m▀[38;2;194;194;194;48;2;194;194;194m▀[38;2;194;194;194;48;2;194;194;194m▀[38;2;194;194;194;48;2;194;194;194m▀[38;2;98;98;98;48;2;98;98;98m▀[38;2;255;255;255;48;2;255;255;255m▀[38;2;16;16;16;48;2;16;16;16m▀[38;2;16;16;16;48;2;16;16;16m▀[38;2;16;16;16;48;2;16;16;16m▀[38;2;16;16;16;48;2;16;16;16m▀[38;2;16;16;16;48;2;16;16;16m▀[38;2;98;65;106;48;2;98;65;106m▀[38;2;230;156;213;48;2;230;156;213m▀[38;2;230;156;213;48;2;230;156;213m▀[38;2;230;156;213;48;2;230;156;213m▀[38;2;230;156;213;48;2;230;156;213m▀[38;2;230;156;213;48;2;230;156;213m▀[38;2;230;156;213;48;2;230;156;213m▀[38;2;230;156;213;48;2;230;156;213m▀[38;2;230;156;213;48;2;230;156;213m▀[38;2;230;156;213;48;2;230;156;213m▀[38;2;230;156;213;48;2;230;156;213m▀[38;2;189;98;197;48;2;189;98;197m▀[38;2;189;98;197;48;2;189;98;197m▀[38;2;189;98;197;48;2;189;98;197m▀[38;2;189;98;197;48;2;189;98;197m▀[38;2;189;98;197;48;2;189;98;197m▀[38;2;11;11;11;48;2;11;11;11m▀[38;2;189;98;197;48;2;189;98;197m▀[38;2;189;98;197;48;2;189;98;197m▀[38;2;11;11;11;48;2;11;11;11m▀[38;2;11;11;11;48;2;11;11;11m▀[38;2;11;11;11;48;2;11;11;11m▀[38;2;11;11;11;48;2;11;11;11m▀[38;2;11;11;11;48;2;11;11;11m▀[38;2;0;0;0;48;2;0;0;0m▀[38;2;0;0;0m▀[38;2;0;0;0m▀[38;2;0;0;0m▀[38;2;0;0;0m▀[38;2;0;0;0m▀[38;2;0;0;0m▀[0m [0m [0m [0m [0m [0m [0m [0m [0m [0m [0m [0m
[0m [0m [0m [0m [0m [38;2;0;0;0;48;2;0;0;0m▀[38;2;98;98;98;48;2;98;98;98m▀[38;2;98;65;106;48;2;255;255;255m▀[38;2;255;255;255;48;2;11;11;11m▀[38;2;255;255;255;48;2;11;11;11m▀[38;2;98;98;98;48;2;11;11;11m▀[38;2;16;16;16;48;2;98;98;98m▀[38;2;98;98;98;48;2;98;98;98m▀[38;2;98;98;98;48;2;98;98;98m▀[38;2;16;16;16;48;2;16;16;16m▀[38;2;16;16;16;48;2;16;16;16m▀[38;2;16;16;16;48;2;213;213;213m▀[38;2;16;16;16;48;2;16;16;16m▀[38;2;98;65;106;48;2;98;65;106m▀[38;2;230;156;213;48;2;230;156;213m▀[38;2;230;156;213;48;2;230;156;213m▀[38;2;230;156;213;48;2;230;156;213m▀[38;2;230;156;213;48;2;230;156;213m▀[38;2;230;156;213;48;2;189;98;197m▀[38;2;230;156;213;48;2;189;98;197m▀[38;2;230;156;213;48;2;189;98;197m▀[38;2;189;98;197;48;2;189;98;197m▀[38;2;189;98;197;48;2;189;98;197m▀[38;2;189;98;197;48;2;189;98;197m▀[38;2;189;98;197;48;2;189;98;197m▀[38;2;189;98;197;48;2;189;98;197m▀[38;2;189;98;197;48;2;189;98;197m▀[38;2;189;98;197;48;2;11;11;11m▀[38;2;189;98;197;48;2;11;11;11m▀[38;2;11;11;11;48;2;189;98;197m▀[38;2;11;11;11;48;2;189;98;197m▀[38;2;11;11;11;48;2;189;98;197m▀[38;2;98;65;106;48;2;189;98;197m▀[38;2;98;65;106;48;2;189;98;197m▀[38;2;98;65;106;48;2;189;98;197m▀[38;2;0;0;0;48;2;98;65;106m▀[38;2;0;0;0;48;2;98;65;106m▀[38;2;0;0;0m▄[38;2;0;0;0m▄[38;2;0;0;0m▄[38;2;0;0;0m▄[0m [0m [0m [0m [0m [0m [0m [0m [0m [0m [0m [0m [0m [0m [0m
[0m [0m [0m [0m [0m [0m [38;2;0;0;0m▀[38;2;98;98;98;48;2;0;0;0m▀[38;2;230;156;213;48;2;98;65;106m▀[38;2;230;156;213;48;2;98;65;106m▀[38;2;230;156;213;48;2;230;156;213m▀[38;2;230;156;213;48;2;98;98;98m▀[38;2;16;16;16;48;2;213;213;213m▀[38;2;98;98;98;48;2;16;16;16m▀[38;2;16;16;16;48;2;16;16;16m▀[38;2;16;16;16;48;2;16;16;16m▀[38;2;255;255;255;48;2;98;65;106m▀[38;2;213;213;213;48;2;189;98;197m▀[38;2;189;98;197;48;2;230;156;213m▀[38;2;230;156;213;48;2;230;156;213m▀[38;2;230;156;213;48;2;98;65;106m▀[38;2;230;156;213;48;2;98;65;106m▀[38;2;189;98;197;48;2;11;11;11m▀[38;2;189;98;197;48;2;11;11;11m▀[38;2;189;98;197;48;2;189;98;197m▀[38;2;189;98;197;48;2;189;98;197m▀[38;2;189;98;197;48;2;189;98;197m▀[38;2;189;98;197;48;2;189;98;197m▀[38;2;189;98;197;48;2;189;98;197m▀[38;2;189;98;197;48;2;11;11;11m▀[38;2;189;98;197;48;2;11;11;11m▀[38;2;11;11;11;48;2;0;0;0m▀[38;2;11;11;11;48;2;0;0;0m▀[38;2;11;11;11;48;2;0;0;0m▀[38;2;11;11;11;48;2;0;0;0m▀[38;2;11;11;11;48;2;0;0;0m▀[38;2;189;98;197;48;2;11;11;11m▀[38;2;189;98;197;48;2;11;11;11m▀[38;2;189;98;197;48;2;11;11;11m▀[38;2;189;98;197;48;2;11;11;11m▀[38;2;189;98;197;48;2;11;11;11m▀[38;2;189;98;197;48;2;189;98;197m▀[38;2;98;65;106;48;2;189;98;197m▀[38;2;98;65;106;48;2;189;98;197m▀[38;2;98;65;106;48;2;189;98;197m▀[38;2;98;65;106;48;2;189;98;197m▀[38;2;0;0;0;48;2;98;65;106m▀[38;2;0;0;0;48;2;98;65;106m▀[38;2;0;0;0;48;2;98;65;106m▀[38;2;0;0;0m▄[38;2;0;0;0m▄[38;2;0;0;0m▄[38;2;0;0;0m▄[0m [0m [0m [0m [0m [0m [0m [0m
[0m [0m [0m [0m [0m [0m [0m [0m [38;2;0;0;0m▀[38;2;0;0;0;48;2;0;0;0m▀[38;2;98;65;106;48;2;98;65;106m▀[38;2;98;98;98;48;2;98;98;98m▀[38;2;255;255;255;48;2;255;255;255m▀[38;2;98;65;106;48;2;98;65;106m▀[38;2;98;65;106;48;2;98;65;106m▀[38;2;98;65;106;48;2;98;65;106m▀[38;2;230;156;213;48;2;230;156;213m▀[38;2;230;156;213;48;2;230;156;213m▀[38;2;189;98;197;48;2;189;98;197m▀[38;2;11;11;11;48;2;11;11;11m▀[38;2;0;0;0;48;2;0;0;0m▀[38;2;0;0;0m▀[38;2;0;0;0m▀[38;2;0;0;0;48;2;0;0;0m▀[38;2;11;11;11;48;2;11;11;11m▀[38;2;11;11;11;48;2;11;11;11m▀[38;2;11;11;11;48;2;11;11;11m▀[38;2;11;11;11;48;2;11;11;11m▀[38;2;11;11;11;48;2;11;11;11m▀[38;2;0;0;0;48;2;0;0;0m▀[38;2;0;0;0m▀[0m [0m [0m [0m [0m [38;2;0;0;0m▀[38;2;0;0;0m▀[38;2;0;0;0m▀[38;2;0;0;0m▀[38;2;0;0;0;48;2;0;0;0m▀[38;2;11;11;11;48;2;11;11;11m▀[38;2;11;11;11;48;2;11;11;11m▀[38;2;11;11;11;48;2;11;11;11m▀[38;2;189;98;197;48;2;189;98;197m▀[38;2;189;98;197;48;2;189;98;197m▀[38;2;189;98;197;48;2;189;98;197m▀[38;2;189;98;197;48;2;189;98;197m▀[38;2;189;98;197;48;2;189;98;197m▀[38;2;98;65;106;48;2;98;65;106m▀[38;2;98;65;106;48;2;98;65;106m▀[38;2;98;65;106;48;2;98;65;106m▀[38;2;98;65;106;48;2;98;65;106m▀[38;2;0;0;0;48;2;0;0;0m▀[0m [0m [0m [0m [0m [0m [0m
[0m [0m [0m [0m [0m [0m [0m [0m [0m [0m [38;2;0;0;0m▀[38;2;0;0;0m▀[38;2;16;16;16;48;2;0;0;0m▀[38;2;230;156;213;48;2;11;11;11m▀[38;2;230;156;213;48;2;11;11;11m▀[38;2;230;156;213;48;2;11;11;11m▀[38;2;230;156;213;48;2;11;11;11m▀[38;2;11;11;11;48;2;0;0;0m▀[38;2;11;11;11;48;2;0;0;0m▀[38;2;0;0;0m▀[0m [0m [0m [0m [38;2;0;0;0m▀[38;2;0;0;0m▀[38;2;0;0;0m▀[38;2;0;0;0m▀[38;2;0;0;0m▀[0m [0m [0m [0m [0m [0m [0m [0m [0m [0m [0m [0m [38;2;0;0;0m▀[38;2;0;0;0m▀[38;2;0;0;0m▀[38;2;11;11;11;48;2;0;0;0m▀[38;2;11;11;11;48;2;0;0;0m▀[38;2;11;11;11;48;2;0;0;0m▀[38;2;11;11;11;48;2;0;0;0m▀[38;2;189;98;197;48;2;11;11;11m▀[38;2;189;98;197;48;2;11;11;11m▀[38;2;189;98;197;48;2;11;11;11m▀[38;2;189;98;197;48;2;11;11;11m▀[38;2;189;98;197;48;2;11;11;11m▀[38;2;98;65;106;48;2;0;0;0m▀[38;2;0;0;0m▀[0m [0m [0m [0m [0m [0m
