[0m [0m [0m [0m [0m [0m [0m [0m [38;2;0;0;0m▄[38;2;0;0;0m▄[38;2;0;0;0;48;2;57;57;82m▀[38;2;57;57;82;48;2;139;180;238m▀[38;2;57;57;82;48;2;57;57;82m▀[38;2;0;0;0;48;2;0;0;0m▀[0m [0m [0m [0m [0m [0m [0m [0m [0m [0m [0m [0m [0m [0m [0m [0m [0m [0m [0m [0m [0m [0m [0m [0m [0m [0m [0m [0m [0m [0m [0m [0m [0m [0m [0m [0m [0m [0m [0m [0m [0m
[0m [0m [0m [0m [0m [0m [0m [38;2;0;0;0;48;2;0;0;0m▀[38;2;57;57;82;48;2;57;57;82m▀[38;2;57;57;82;48;2;57;57;82m▀[38;2;139;180;238;48;2;139;180;238m▀[38;2;139;180;238;48;2;139;180;238m▀[38;2;57;57;82;48;2;57;57;82m▀[38;2;0;0;0;48;2;0;0;0m▀[0m [0m [0m [0m [0m [0m [0m [0m [0m [0m [0m [0m [0m [0m [0m [0m [0m [0m [0m [0m [0m [0m [0m [0m [0m [0m [0m [0m [0m [0m [0m [0m [0m [0m [0m [0m [0m [0m [0m [0m [0m
[0m [0m [0m [0m [0m [0m [38;2;0;0;0;48;2;0;0;0m▀[38;2;57;57;82;48;2;98;123;180m▀[38;2;139;180;238;48;2;139;180;238m▀[38;2;139;180;238;48;2;139;180;238m▀[38;2;139;180;238;48;2;139;180;238m▀[38;2;98;123;180;48;2;98;123;180m▀[38;2;57;57;82;48;2;57;57;82m▀[38;2;0;0;0;48;2;0;0;0m▀[0m [0m [0m [0m [0m [0m [0m [0m [0m [0m [0m [0m [0m [0m [0m [0m [0m [0m [0m [0m [0m [0m [0m [0m [0m [0m [0m [0m [0m [0m [0m [0m [0m [0m [0m [0m [0m [0m [0m [0m [0m
[0m [0m [0m [0m [0m [38;2;0;0;0;48;2;0;0;0m▀[38;2;57;57;82;48;2;98;123;180m▀[38;2;139;180;238;48;2;139;180;238m▀[38;2;139;180;238;48;2;139;180;238m▀[38;2;139;180;238;48;2;139;180;238m▀[38;2;139;180;238;48;2;139;180;238m▀[38;2;98;123;180;48;2;98;123;180m▀[38;2;57;57;82;48;2;57;57;82m▀[38;2;0;0;0;48;2;0;0;0m▀[0m [0m [0m [0m [0m [0m [0m [0m [0m [0m [0m [0m [0m [0m [0m [0m [0m [0m [0m [0m [0m [0m [0m [0m [0m [0m [0m [0m [0m [0m [38;2;0;0;0m▄[38;2;0;0;0m▄[38;2;0;0;0m▄[38;2;0;0;0m▄[38;2;0;0;0;48;2;57;57;82m▀[38;2;0;0;0;48;2;57;57;82m▀[38;2;0;0;0;48;2;57;57;82m▀[38;2;0;0;0;48;2;57;57;82m▀[38;2;0;0;0;48;2;57;57;82m▀[38;2;0;0;0;48;2;57;57;82m▀[0m
[0m [0m [0m [0m [38;2;0;0;0;48;2;0;0;0m▀[38;2;57;57;82;48;2;57;57;82m▀[38;2;139;180;238;48;2;139;180;238m▀[38;2;139;180;238;48;2;139;180;238m▀[38;2;139;180;238;48;2;139;180;238m▀[38;2;139;180;238;48;2;139;180;238m▀[38;2;139;180;238;48;2;139;180;238m▀[38;2;98;123;180;48;2;98;123;180m▀[38;2;98;123;180;48;2;98;123;180m▀[38;2;57;57;82;48;2;57;57;82m▀[38;2;0;0;0;48;2;0;0;0m▀[0m [0m [0m [0m [0m [0m [0m [0m [0m [0m [0m [0m [0m [0m [0m [0m [0m [0m [0m [0m [0m [0m [0m [0m [0m [0m [38;2;0;0;0m▄[38;2;0;0;0m▄[38;2;0;0;0;48;2;0;0;0m▀[38;2;57;57;82;48;2;57;57;82m▀[38;2;57;57;82;48;2;57;57;82m▀[38;2;57;57;82;48;2;57;57;82m▀[38;2;98;123;180;48;2;98;123;180m▀[38;2;98;123;180;48;2;98;123;180m▀[38;2;98;123;180;48;2;98;123;180m▀[38;2;98;123;180;48;2;98;123;180m▀[38;2;98;123;180;48;2;98;123;180m▀[38;2;98;123;180;48;2;98;123;180m▀[38;2;57;57;82;48;2;57;57;82m▀[0m
[0m [0m [0m [38;2;0;0;0m▄[38;2;0;0;0;48;2;57;57;82m▀[38;2;98;123;180;48;2;139;180;238m▀[38;2;139;180;238;48;2;139;180;238m▀[38;2;139;180;238;48;2;139;180;238m▀[38;2;139;180;238;48;2;139;180;238m▀[38;2;139;180;238;48;2;139;180;238m▀[38;2;139;180;238;48;2;139;180;238m▀[38;2;139;180;238;48;2;139;180;238m▀[38;2;98;123;180;48;2;139;180;238m▀[38;2;0;0;0;48;2;98;123;180m▀[38;2;0;0;0;48;2;57;57;82m▀[38;2;0;0;0;48;2;57;57;82m▀[38;2;0;0;0m▄[38;2;0;0;0m▄[0m [0m [0m [0m [0m [0m [0m [0m [0m [0m [0m [0m [0m [0m [0m [0m [0m [0m [38;2;0;0;0m▄[38;2;0;0;0m▄[38;2;0;0;0;48;2;57;57;82m▀[38;2;0;0;0;48;2;57;57;82m▀[38;2;0;0;0;48;2;98;123;180m▀[38;2;57;57;82;48;2;139;180;238m▀[38;2;0;0;0;48;2;139;180;238m▀[38;2;57;57;82;48;2;98;123;180m▀[38;2;98;123;180;48;2;57;57;82m▀[38;2;98;123;180;48;2;57;57;82m▀[38;2;98;123;180;48;2;57;57;82m▀[38;2;57;57;82;48;2;180;82;156m▀[38;2;57;57;82;48;2;180;82;156m▀[38;2;57;57;82;48;2;180;82;156m▀[38;2;180;82;156;48;2;180;82;156m▀[38;2;180;82;156;48;2;180;82;156m▀[38;2;180;82;156;48;2;0;0;0m▀[38;2;0;0;0m▀[0m
[0m [0m [38;2;0;0;0m▄[38;2;0;0;0;48;2;0;0;0m▀[38;2;57;57;82;48;2;98;123;180m▀[38;2;139;180;238;48;2;139;180;238m▀[38;2;139;180;238;48;2;139;180;238m▀[38;2;139;180;238;48;2;139;180;238m▀[38;2;139;180;238;48;2;98;123;180m▀[38;2;139;180;238;48;2;98;123;180m▀[38;2;139;180;238;48;2;57;57;82m▀[38;2;57;57;82;48;2;98;123;180m▀[38;2;57;57;82;48;2;98;123;180m▀[38;2;57;57;82;48;2;98;123;180m▀[38;2;98;123;180;48;2;98;123;180m▀[38;2;98;123;180;48;2;98;123;180m▀[38;2;57;57;82;48;2;0;0;0m▀[38;2;0;0;0;48;2;0;0;0m▀[38;2;0;0;0m▀[0m [0m [0m [0m [0m [0m [0m [0m [0m [0m [0m [0m [0m [38;2;0;0;0m▄[38;2;0;0;0m▄[38;2;0;0;0;48;2;57;57;82m▀[38;2;0;0;0;48;2;98;123;180m▀[38;2;57;57;82;48;2;139;180;238m▀[38;2;98;123;180;48;2;139;180;238m▀[38;2;139;180;238;48;2;57;57;82m▀[38;2;139;180;238;48;2;57;57;82m▀[38;2;139;180;238;48;2;57;57;82m▀[38;2;57;57;82;48;2;180;82;156m▀[38;2;57;57;82;48;2;180;82;156m▀[38;2;180;82;156;48;2;180;82;156m▀[38;2;180;82;156;48;2;213;115;189m▀[38;2;180;82;156;48;2;213;115;189m▀[38;2;180;82;156;48;2;213;115;189m▀[38;2;213;115;189;48;2;213;115;189m▀[38;2;213;115;189;48;2;180;82;156m▀[38;2;180;82;156;48;2;0;0;0m▀[38;2;0;0;0m▀[38;2;0;0;0m▀[0m [0m [0m
[0m [38;2;0;0;0;48;2;0;0;0m▀[38;2;57;57;82;48;2;57;57;82m▀[38;2;57;57;82;48;2;57;57;82m▀[38;2;139;180;238;48;2;139;180;238m▀[38;2;139;180;238;48;2;139;180;238m▀[38;2;139;180;238;48;2;139;180;238m▀[38;2;98;123;180;48;2;98;123;180m▀[38;2;98;123;180;48;2;98;123;180m▀[38;2;98;123;180;48;2;98;123;180m▀[38;2;98;123;180;48;2;98;123;180m▀[38;2;98;123;180;48;2;98;123;180m▀[38;2;98;123;180;48;2;98;123;180m▀[38;2;98;123;180;48;2;98;123;180m▀[38;2;0;0;0;48;2;0;0;0m▀[38;2;0;0;0;48;2;0;0;0m▀[38;2;0;0;0;48;2;0;0;0m▀[0m [0m [0m [0m [0m [0m [0m [0m [0m [0m [0m [0m [0m [0m [38;2;0;0;0;48;2;0;0;0m▀[38;2;57;57;82;48;2;57;57;82m▀[38;2;57;57;82;48;2;57;57;82m▀[38;2;139;180;238;48;2;139;180;238m▀[38;2;139;180;238;48;2;139;180;238m▀[38;2;57;57;82;48;2;57;57;82m▀[38;2;57;57;82;48;2;57;57;82m▀[38;2;180;82;156;48;2;180;82;156m▀[38;2;180;82;156;48;2;180;82;156m▀[38;2;180;82;156;48;2;180;82;156m▀[38;2;180;82;156;48;2;180;82;156m▀[38;2;213;115;189;48;2;213;115;189m▀[38;2;213;115;189;48;2;213;115;189m▀[38;2;213;115;189;48;2;213;115;189m▀[38;2;213;115;189;48;2;213;115;189m▀[38;2;213;115;189;48;2;213;115;189m▀[38;2;115;32;90;48;2;115;32;90m▀[38;2;0;0;0;48;2;0;0;0m▀[0m [0m [0m [0m [0m [0m
[0m [38;2;0;0;0;48;2;0;0;0m▀[38;2;57;57;82;48;2;57;57;82m▀[38;2;57;57;82;48;2;57;57;82m▀[38;2;139;180;238;48;2;57;57;82m▀[38;2;139;180;238;48;2;139;180;238m▀[38;2;98;123;180;48;2;139;180;238m▀[38;2;98;123;180;48;2;139;180;238m▀[38;2;98;123;180;48;2;98;123;180m▀[38;2;98;123;180;48;2;98;123;180m▀[38;2;98;123;180;48;2;98;123;180m▀[38;2;98;123;180;48;2;98;123;180m▀[38;2;98;123;180;48;2;98;123;180m▀[38;2;98;123;180;48;2;0;0;0m▀[38;2;0;0;0;48;2;0;0;0m▀[38;2;0;0;0;48;2;0;0;0m▀[38;2;0;0;0m▀[0m [0m [0m [38;2;0;0;0m▄[38;2;0;0;0m▄[38;2;0;0;0m▄[0m [0m [0m [0m [0m [0m [38;2;0;0;0m▄[38;2;0;0;0;48;2;57;57;82m▀[38;2;57;57;82;48;2;139;180;238m▀[38;2;139;180;238;48;2;139;180;238m▀[38;2;139;180;238;48;2;139;180;238m▀[38;2;139;180;238;48;2;57;57;82m▀[38;2;57;57;82;48;2;180;82;156m▀[38;2;180;82;156;48;2;180;82;156m▀[38;2;180;82;156;48;2;180;82;156m▀[38;2;180;82;156;48;2;213;115;189m▀[38;2;180;82;156;48;2;213;115;189m▀[38;2;213;115;189;48;2;213;115;189m▀[38;2;213;115;189;48;2;213;115;189m▀[38;2;213;115;189;48;2;213;115;189m▀[38;2;213;115;189;48;2;213;115;189m▀[38;2;213;115;189;48;2;213;115;189m▀[38;2;213;115;189;48;2;213;115;189m▀[38;2;213;115;189;48;2;115;32;90m▀[38;2;180;82;156;48;2;0;0;0m▀[38;2;0;0;0m▀[0m [0m [0m [0m [0m [0m
[0m [0m [38;2;0;0;0m▀[38;2;0;0;0m▀[38;2;0;0;0m▀[38;2;57;57;82;48;2;0;0;0m▀[38;2;57;57;82;48;2;0;0;0m▀[38;2;139;180;238;48;2;57;57;82m▀[38;2;139;180;238;48;2;139;180;238m▀[38;2;139;180;238;48;2;139;180;238m▀[38;2;139;180;238;48;2;139;180;238m▀[38;2;98;123;180;48;2;139;180;238m▀[38;2;98;123;180;48;2;98;123;180m▀[38;2;0;0;0;48;2;98;123;180m▀[38;2;0;0;0;48;2;0;0;0m▀[38;2;0;0;0;48;2;0;0;0m▀[38;2;0;0;0m▄[38;2;0;0;0;48;2;57;57;82m▀[38;2;0;0;0;48;2;57;57;82m▀[38;2;0;0;0;48;2;98;123;180m▀[38;2;0;0;0;48;2;139;180;238m▀[38;2;0;0;0;48;2;139;180;238m▀[38;2;0;0;0;48;2;139;180;238m▀[38;2;0;0;0;48;2;0;0;0m▀[38;2;0;0;0;48;2;0;0;0m▀[38;2;0;0;0m▄[38;2;0;0;0m▄[38;2;0;0;0m▄[0m [38;2;0;0;0m▀[38;2;57;57;82;48;2;0;0;0m▀[38;2;139;180;238;48;2;0;0;0m▀[38;2;98;123;180;48;2;98;123;180m▀[38;2;98;123;180;48;2;98;123;180m▀[38;2;57;57;82;48;2;57;57;82m▀[38;2;180;82;156;48;2;180;82;156m▀[38;2;180;82;156;48;2;180;82;156m▀[38;2;213;115;189;48;2;213;115;189m▀[38;2;213;115;189;48;2;213;115;189m▀[38;2;213;115;189;48;2;213;115;189m▀[38;2;213;115;189;48;2;213;115;189m▀[38;2;213;115;189;48;2;213;115;189m▀[38;2;213;115;189;48;2;213;115;189m▀[38;2;213;115;189;48;2;213;115;189m▀[38;2;213;115;189;48;2;180;82;156m▀[38;2;213;115;189;48;2;180;82;156m▀[38;2;180;82;156;48;2;0;0;0m▀[38;2;0;0;0m▀[0m [0m [0m [0m [0m [0m [0m
[0m [0m [0m [0m [0m [0m [0m [38;2;0;0;0;48;2;0;0;0m▀[38;2;57;57;82;48;2;57;57;82m▀[38;2;57;57;82;48;2;57;57;82m▀[38;2;139;180;238;48;2;139;180;238m▀[38;2;139;180;238;48;2;139;180;238m▀[38;2;139;180;238;48;2;139;180;238m▀[38;2;57;57;82;48;2;57;57;82m▀[38;2;57;57;82;48;2;57;57;82m▀[38;2;57;57;82;48;2;57;57;82m▀[38;2;98;123;180;48;2;98;123;180m▀[38;2;139;180;238;48;2;139;180;238m▀[38;2;139;180;238;48;2;139;180;238m▀[38;2;139;180;238;48;2;139;180;238m▀[38;2;98;123;180;48;2;98;123;180m▀[38;2;98;123;180;48;2;98;123;180m▀[38;2;98;123;180;48;2;98;123;180m▀[38;2;139;180;238;48;2;139;180;238m▀[38;2;139;180;238;48;2;139;180;238m▀[38;2;0;0;0;48;2;0;0;0m▀[38;2;0;0;0;48;2;0;0;0m▀[38;2;0;0;0;48;2;0;0;0m▀[38;2;0;0;0;48;2;0;0;0m▀[0m [0m [38;2;0;0;0;48;2;0;0;0m▀[38;2;57;57;82;48;2;57;57;82m▀[38;2;57;57;82;48;2;57;57;82m▀[38;2;98;123;180;48;2;98;123;180m▀[38;2;57;57;82;48;2;57;57;82m▀[38;2;57;57;82;48;2;57;57;82m▀[38;2;57;57;82;48;2;57;57;82m▀[38;2;213;115;189;48;2;213;115;189m▀[38;2;213;115;189;48;2;213;115;189m▀[38;2;213;115;189;48;2;213;115;189m▀[38;2;213;115;189;48;2;213;115;189m▀[38;2;213;115;189;48;2;213;115;189m▀[38;2;213;115;189;48;2;213;115;189m▀[38;2;115;32;90;48;2;115;32;90m▀[38;2;115;32;90;48;2;115;32;90m▀[38;2;0;0;0;48;2;0;0;0m▀[0m [0m [0m [0m [0m [0m [0m [0m
[0m [0m [0m [0m [0m [0m [0m [0m [38;2;0;0;0;48;2;0;0;0m▀[38;2;0;0;0;48;2;0;0;0m▀[38;2;57;57;82;48;2;0;0;0m▀[38;2;0;0;0;48;2;189;205;255m▀[38;2;57;57;82;48;2;189;205;255m▀[38;2;189;205;255;48;2;189;205;255m▀[38;2;189;205;255;48;2;189;205;255m▀[38;2;189;205;255;48;2;189;205;255m▀[38;2;189;205;255;48;2;189;205;255m▀[38;2;139;180;238;48;2;139;180;238m▀[38;2;139;180;238;48;2;0;0;0m▀[38;2;98;123;180;48;2;139;180;238m▀[38;2;139;180;238;48;2;139;180;238m▀[38;2;139;180;238;48;2;139;180;238m▀[38;2;139;180;238;48;2;139;180;238m▀[38;2;139;180;238;48;2;139;180;238m▀[38;2;139;180;238;48;2;139;180;238m▀[38;2;139;180;238;48;2;139;180;238m▀[38;2;139;180;238;48;2;139;180;238m▀[38;2;139;180;238;48;2;139;180;238m▀[38;2;0;0;0;48;2;139;180;238m▀[38;2;0;0;0;48;2;0;0;0m▀[38;2;0;0;0m▄[38;2;0;0;0;48;2;0;0;0m▀[38;2;0;0;0;48;2;57;57;82m▀[38;2;0;0;0;48;2;57;57;82m▀[38;2;98;123;180;48;2;98;123;180m▀[38;2;98;123;180;48;2;98;123;180m▀[38;2;98;123;180;48;2;57;57;82m▀[38;2;98;123;180;48;2;57;57;82m▀[38;2;98;123;180;48;2;57;57;82m▀[38;2;98;123;180;48;2;57;57;82m▀[38;2;57;57;82;48;2;98;123;180m▀[38;2;57;57;82;48;2;98;123;180m▀[38;2;213;115;189;48;2;57;57;82m▀[38;2;213;115;189;48;2;213;115;189m▀[38;2;115;32;90;48;2;115;32;90m▀[38;2;115;32;90;48;2;115;32;90m▀[38;2;0;0;0;48;2;0;0;0m▀[0m [0m [0m [0m [0m [0m [0m [0m
[0m [0m [0m [0m [0m [0m [38;2;0;0;0m▄[38;2;0;0;0;48;2;0;0;0m▀[38;2;0;0;0;48;2;139;180;238m▀[38;2;0;0;0;48;2;139;180;238m▀[38;2;189;205;255;48;2;139;180;238m▀[38;2;189;205;255;48;2;189;205;255m▀[38;2;189;205;255;48;2;189;205;255m▀[38;2;189;205;255;48;2;139;180;238m▀[38;2;189;205;255;48;2;139;180;238m▀[38;2;189;205;255;48;2;139;180;238m▀[38;2;139;180;238;48;2;0;0;0m▀[38;2;0;0;0;48;2;139;180;238m▀[38;2;139;180;238;48;2;139;180;238m▀[38;2;139;180;238;48;2;139;180;238m▀[38;2;139;180;238;48;2;139;180;238m▀[38;2;139;180;238;48;2;139;180;238m▀[38;2;139;180;238;48;2;139;180;238m▀[38;2;139;180;238;48;2;139;180;238m▀[38;2;139;180;238;48;2;139;180;238m▀[38;2;139;180;238;48;2;139;180;238m▀[38;2;139;180;238;48;2;139;180;238m▀[38;2;139;180;238;48;2;139;180;238m▀[38;2;139;180;238;48;2;139;180;238m▀[38;2;98;123;180;48;2;139;180;238m▀[38;2;0;0;0;48;2;98;123;180m▀[38;2;57;57;82;48;2;98;123;180m▀[38;2;98;123;180;48;2;98;123;180m▀[38;2;98;123;180;48;2;98;123;180m▀[38;2;98;123;180;48;2;98;123;180m▀[38;2;57;57;82;48;2;57;57;82m▀[38;2;180;82;156;48;2;180;82;156m▀[38;2;180;82;156;48;2;180;82;156m▀[38;2;180;82;156;48;2;213;115;189m▀[38;2;180;82;156;48;2;213;115;189m▀[38;2;180;82;156;48;2;213;115;189m▀[38;2;57;57;82;48;2;213;115;189m▀[38;2;98;123;180;48;2;213;115;189m▀[38;2;98;123;180;48;2;57;57;82m▀[38;2;115;32;90;48;2;98;123;180m▀[38;2;115;32;90;48;2;98;123;180m▀[38;2;0;0;0;48;2;0;0;0m▀[0m [0m [0m [0m [0m [0m [0m [0m
[0m [0m [0m [0m [0m [0m [38;2;0;0;0;48;2;0;0;0m▀[38;2;98;123;180;48;2;98;123;180m▀[38;2;98;123;180;48;2;98;123;180m▀[38;2;98;123;180;48;2;98;123;180m▀[38;2;139;180;238;48;2;139;180;238m▀[38;2;139;180;238;48;2;139;180;238m▀[38;2;139;180;238;48;2;139;180;238m▀[38;2;139;180;238;48;2;139;180;238m▀[38;2;98;123;180;48;2;98;123;180m▀[38;2;98;123;180;48;2;98;123;180m▀[38;2;139;180;238;48;2;139;180;238m▀[38;2;139;180;238;48;2;139;180;238m▀[38;2;139;180;238;48;2;139;180;238m▀[38;2;139;180;238;48;2;139;180;238m▀[38;2;139;180;238;48;2;139;180;238m▀[38;2;139;180;238;48;2;139;180;238m▀[38;2;139;180;238;48;2;139;180;238m▀[38;2;139;180;238;48;2;139;180;238m▀[38;2;139;180;238;48;2;139;180;238m▀[38;2;139;180;238;48;2;139;180;238m▀[38;2;139;180;238;48;2;139;180;238m▀[38;2;139;180;238;48;2;139;180;238m▀[38;2;139;180;238;48;2;139;180;238m▀[38;2;139;180;238;48;2;139;180;238m▀[38;2;139;180;238;48;2;139;180;238m▀[38;2;98;123;180;48;2;98;123;180m▀[38;2;98;123;180;48;2;98;123;180m▀[38;2;98;123;180;48;2;98;123;180m▀[38;2;57;57;82;48;2;57;57;82m▀[38;2;180;82;156;48;2;180;82;156m▀[38;2;180;82;156;48;2;180;82;156m▀[38;2;213;115;189;48;2;213;115;189m▀[38;2;213;115;189;48;2;213;115;189m▀[38;2;213;115;189;48;2;213;115;189m▀[38;2;213;115;189;48;2;213;115;189m▀[38;2;213;115;189;48;2;213;115;189m▀[38;2;115;32;90;48;2;115;32;90m▀[38;2;115;32;90;48;2;115;32;90m▀[38;2;57;57;82;48;2;57;57;82m▀[38;2;57;57;82;48;2;57;57;82m▀[38;2;98;123;180;48;2;98;123;180m▀[38;2;0;0;0;48;2;0;0;0m▀[0m [0m [0m [0m [0m [0m [0m
[0m [0m [38;2;0;0;0m▄[38;2;0;0;0m▄[38;2;0;0;0;48;2;98;123;180m▀[38;2;0;0;0;48;2;57;57;82m▀[38;2;57;57;82;48;2;255;255;255m▀[38;2;131;197;213;48;2;197;222;255m▀[38;2;197;222;255;48;2;123;139;180m▀[38;2;197;222;255;48;2;123;139;180m▀[38;2;98;123;180;48;2;197;222;255m▀[38;2;139;180;238;48;2;57;57;82m▀[38;2;139;180;238;48;2;139;180;238m▀[38;2;139;180;238;48;2;98;123;180m▀[38;2;98;123;180;48;2;139;180;238m▀[38;2;98;123;180;48;2;139;180;238m▀[38;2;139;180;238;48;2;139;180;238m▀[38;2;139;180;238;48;2;139;180;238m▀[38;2;139;180;238;48;2;139;180;238m▀[38;2;139;180;238;48;2;98;123;180m▀[38;2;98;123;180;48;2;197;222;255m▀[38;2;98;123;180;48;2;197;222;255m▀[38;2;98;123;180;48;2;131;197;213m▀[38;2;98;123;180;48;2;123;139;180m▀[38;2;139;180;238;48;2;98;123;180m▀[38;2;139;180;238;48;2;139;180;238m▀[38;2;139;180;238;48;2;139;180;238m▀[38;2;139;180;238;48;2;139;180;238m▀[38;2;139;180;238;48;2;139;180;238m▀[38;2;139;180;238;48;2;139;180;238m▀[38;2;139;180;238;48;2;139;180;238m▀[38;2;98;123;180;48;2;139;180;238m▀[38;2;57;57;82;48;2;98;123;180m▀[38;2;57;57;82;48;2;98;123;180m▀[38;2;180;82;156;48;2;57;57;82m▀[38;2;180;82;156;48;2;180;82;156m▀[38;2;180;82;156;48;2;213;115;189m▀[38;2;213;115;189;48;2;213;115;189m▀[38;2;213;115;189;48;2;0;0;0m▀[38;2;213;115;189;48;2;0;0;0m▀[38;2;115;32;90;48;2;0;0;0m▀[38;2;0;0;0;48;2;0;0;0m▀[38;2;0;0;0m▀[38;2;0;0;0m▀[38;2;0;0;0m▀[38;2;0;0;0m▀[38;2;57;57;82;48;2;0;0;0m▀[38;2;0;0;0m▀[0m [0m [0m [0m [0m [0m [0m
[38;2;0;0;0m▄[38;2;0;0;0;48;2;98;123;180m▀[38;2;98;123;180;48;2;139;180;238m▀[38;2;98;123;180;48;2;139;180;238m▀[38;2;139;180;238;48;2;139;180;238m▀[38;2;57;57;82;48;2;57;57;82m▀[38;2;255;255;255;48;2;255;255;255m▀[38;2;255;255;255;48;2;255;255;255m▀[38;2;197;222;255;48;2;131;197;213m▀[38;2;197;222;255;48;2;131;197;213m▀[38;2;131;197;213;48;2;131;197;213m▀[38;2;57;57;82;48;2;57;57;82m▀[38;2;139;180;238;48;2;139;180;238m▀[38;2;98;123;180;48;2;98;123;180m▀[38;2;139;180;238;48;2;139;180;238m▀[38;2;139;180;238;48;2;139;180;238m▀[38;2;139;180;238;48;2;139;180;238m▀[38;2;139;180;238;48;2;98;123;180m▀[38;2;98;123;180;48;2;197;222;255m▀[38;2;197;222;255;48;2;123;139;180m▀[38;2;197;222;255;48;2;255;255;255m▀[38;2;197;222;255;48;2;255;255;255m▀[38;2;123;139;180;48;2;255;255;255m▀[38;2;197;222;255;48;2;197;222;255m▀[38;2;197;222;255;48;2;123;139;180m▀[38;2;57;57;82;48;2;131;197;213m▀[38;2;139;180;238;48;2;57;57;82m▀[38;2;139;180;238;48;2;57;57;82m▀[38;2;139;180;238;48;2;139;180;238m▀[38;2;139;180;238;48;2;139;180;238m▀[38;2;139;180;238;48;2;139;180;238m▀[38;2;139;180;238;48;2;139;180;238m▀[38;2;139;180;238;48;2;139;180;238m▀[38;2;139;180;238;48;2;139;180;238m▀[38;2;139;180;238;48;2;139;180;238m▀[38;2;57;57;82;48;2;139;180;238m▀[38;2;57;57;82;48;2;98;123;180m▀[38;2;0;0;0;48;2;57;57;82m▀[38;2;0;0;0;48;2;0;0;0m▀[38;2;0;0;0;48;2;0;0;0m▀[0m [0m [0m [0m [0m [0m [0m [0m [0m [0m [0m [0m [0m [0m [0m
[38;2;0;0;0;48;2;98;123;180m▀[38;2;98;123;180;48;2;139;180;238m▀[38;2;139;180;238;48;2;139;180;238m▀[38;2;139;180;238;48;2;139;180;238m▀[38;2;139;180;238;48;2;180;82;156m▀[38;2;57;57;82;48;2;180;82;156m▀[38;2;255;255;255;48;2;65;148;164m▀[38;2;197;222;255;48;2;131;197;213m▀[38;2;123;139;180;48;2;197;222;255m▀[38;2;123;139;180;48;2;197;222;255m▀[38;2;131;197;213;48;2;98;123;180m▀[38;2;98;123;180;48;2;139;180;238m▀[38;2;139;180;238;48;2;98;123;180m▀[38;2;139;180;238;48;2;139;180;238m▀[38;2;139;180;238;48;2;139;180;238m▀[38;2;139;180;238;48;2;139;180;238m▀[38;2;139;180;238;48;2;139;180;238m▀[38;2;98;123;180;48;2;98;123;180m▀[38;2;197;222;255;48;2;197;222;255m▀[38;2;255;255;255;48;2;255;255;255m▀[38;2;255;255;255;48;2;255;255;255m▀[38;2;255;255;255;48;2;255;255;255m▀[38;2;255;255;255;48;2;255;255;255m▀[38;2;255;255;255;48;2;255;255;255m▀[38;2;197;222;255;48;2;123;139;180m▀[38;2;197;222;255;48;2;197;222;255m▀[38;2;57;57;82;48;2;57;57;82m▀[38;2;57;57;82;48;2;57;57;82m▀[38;2;139;180;238;48;2;139;180;238m▀[38;2;139;180;238;48;2;139;180;238m▀[38;2;139;180;238;48;2;139;180;238m▀[38;2;139;180;238;48;2;98;123;180m▀[38;2;139;180;238;48;2;57;57;82m▀[38;2;139;180;238;48;2;57;57;82m▀[38;2;139;180;238;48;2;57;57;82m▀[38;2;139;180;238;48;2;139;180;238m▀[38;2;139;180;238;48;2;139;180;238m▀[38;2;139;180;238;48;2;139;180;238m▀[38;2;57;57;82;48;2;139;180;238m▀[38;2;57;57;82;48;2;139;180;238m▀[38;2;0;0;0;48;2;57;57;82m▀[38;2;0;0;0m▄[0m [0m [0m [0m [0m [0m [0m [0m [0m [0m [0m [0m [0m
[38;2;98;123;180;48;2;57;57;82m▀[38;2;139;180;238;48;2;139;180;238m▀[38;2;139;180;238;48;2;180;82;156m▀[38;2;139;180;238;48;2;180;82;156m▀[38;2;180;82;156;48;2;180;82;156m▀[38;2;180;82;156;48;2;180;82;156m▀[38;2;65;148;164;48;2;57;57;82m▀[38;2;131;197;213;48;2;65;148;164m▀[38;2;197;222;255;48;2;131;197;213m▀[38;2;197;222;255;48;2;131;197;213m▀[38;2;98;123;180;48;2;57;57;82m▀[38;2;139;180;238;48;2;139;180;238m▀[38;2;98;123;180;48;2;98;123;180m▀[38;2;139;180;238;48;2;139;180;238m▀[38;2;139;180;238;48;2;139;180;238m▀[38;2;139;180;238;48;2;139;180;238m▀[38;2;139;180;238;48;2;139;180;238m▀[38;2;98;123;180;48;2;98;123;180m▀[38;2;197;222;255;48;2;197;222;255m▀[38;2;255;255;255;48;2;123;139;180m▀[38;2;255;255;255;48;2;255;255;255m▀[38;2;255;255;255;48;2;255;255;255m▀[38;2;255;255;255;48;2;255;255;255m▀[38;2;255;255;255;48;2;197;222;255m▀[38;2;123;139;180;48;2;131;197;213m▀[38;2;197;222;255;48;2;123;139;180m▀[38;2;57;57;82;48;2;57;57;82m▀[38;2;57;57;82;48;2;57;57;82m▀[38;2;139;180;238;48;2;139;180;238m▀[38;2;139;180;238;48;2;139;180;238m▀[38;2;139;180;238;48;2;98;123;180m▀[38;2;98;123;180;48;2;115;32;90m▀[38;2;57;57;82;48;2;115;32;90m▀[38;2;57;57;82;48;2;115;32;90m▀[38;2;57;57;82;48;2;180;82;156m▀[38;2;139;180;238;48;2;180;82;156m▀[38;2;139;180;238;48;2;180;82;156m▀[38;2;139;180;238;48;2;139;180;238m▀[38;2;139;180;238;48;2;139;180;238m▀[38;2;139;180;238;48;2;139;180;238m▀[38;2;57;57;82;48;2;139;180;238m▀[38;2;0;0;0;48;2;57;57;82m▀[38;2;0;0;0m▄[0m [0m [0m [0m [0m [0m [0m [0m [0m [0m [0m [0m
[38;2;57;57;82;48;2;0;0;0m▀[38;2;139;180;238;48;2;57;57;82m▀[38;2;115;32;90;48;2;57;57;82m▀[38;2;115;32;90;48;2;57;57;82m▀[38;2;180;82;156;48;2;57;57;82m▀[38;2;213;115;189;48;2;115;32;90m▀[38;2;115;32;90;48;2;0;0;0m▀[38;2;57;57;82;48;2;0;0;0m▀[38;2;115;90;172;48;2;0;0;0m▀[38;2;115;90;172;48;2;0;0;0m▀[38;2;98;123;180;48;2;98;123;180m▀[38;2;139;180;238;48;2;98;123;180m▀[38;2;98;123;180;48;2;57;57;82m▀[38;2;139;180;238;48;2;139;180;238m▀[38;2;139;180;238;48;2;139;180;238m▀[38;2;139;180;238;48;2;139;180;238m▀[38;2;139;180;238;48;2;139;180;238m▀[38;2;139;180;238;48;2;139;180;238m▀[38;2;65;148;164;48;2;139;180;238m▀[38;2;131;197;213;48;2;57;57;82m▀[38;2;131;197;213;48;2;131;197;213m▀[38;2;131;197;213;48;2;131;197;213m▀[38;2;123;139;180;48;2;123;139;180m▀[38;2;131;197;213;48;2;65;148;164m▀[38;2;131;197;213;48;2;57;57;82m▀[38;2;57;57;82;48;2;98;123;180m▀[38;2;98;123;180;48;2;98;123;180m▀[38;2;98;123;180;48;2;98;123;180m▀[38;2;98;123;180;48;2;98;123;180m▀[38;2;98;123;180;48;2;57;57;82m▀[38;2;57;57;82;48;2;115;32;90m▀[38;2;115;32;90;48;2;180;82;156m▀[38;2;180;82;156;48;2;213;115;189m▀[38;2;180;82;156;48;2;213;115;189m▀[38;2;213;115;189;48;2;213;115;189m▀[38;2;213;115;189;48;2;213;115;189m▀[38;2;180;82;156;48;2;213;115;189m▀[38;2;180;82;156;48;2;180;82;156m▀[38;2;139;180;238;48;2;180;82;156m▀[38;2;139;180;238;48;2;180;82;156m▀[38;2;139;180;238;48;2;139;180;238m▀[38;2;57;57;82;48;2;139;180;238m▀[38;2;0;0;0;48;2;57;57;82m▀[38;2;0;0;0m▄[0m [0m [0m [0m [0m [0m [0m [0m [0m [0m [0m
[0m [38;2;0;0;0m▀[38;2;0;0;0m▀[38;2;0;0;0m▀[38;2;0;0;0m▀[38;2;0;0;0m▀[0m [0m [38;2;0;0;0m▀[38;2;0;0;0m▀[38;2;0;0;0;48;2;0;0;0m▀[38;2;98;123;180;48;2;0;0;0m▀[38;2;57;57;82;48;2;98;123;180m▀[38;2;98;123;180;48;2;57;57;82m▀[38;2;98;123;180;48;2;98;123;180m▀[38;2;98;123;180;48;2;98;123;180m▀[38;2;98;123;180;48;2;98;123;180m▀[38;2;98;123;180;48;2;98;123;180m▀[38;2;98;123;180;48;2;98;123;180m▀[38;2;98;123;180;48;2;98;123;180m▀[38;2;57;57;82;48;2;98;123;180m▀[38;2;57;57;82;48;2;98;123;180m▀[38;2;57;57;82;48;2;98;123;180m▀[38;2;57;57;82;48;2;98;123;180m▀[38;2;98;123;180;48;2;98;123;180m▀[38;2;98;123;180;48;2;98;123;180m▀[38;2;98;123;180;48;2;0;0;0m▀[38;2;98;123;180;48;2;0;0;0m▀[38;2;98;123;180;48;2;0;0;0m▀[38;2;0;0;0;48;2;0;0;0m▀[38;2;0;0;0;48;2;0;0;0m▀[38;2;115;32;90;48;2;0;0;0m▀[38;2;180;82;156;48;2;115;32;90m▀[38;2;180;82;156;48;2;115;32;90m▀[38;2;213;115;189;48;2;115;32;90m▀[38;2;213;115;189;48;2;115;32;90m▀[38;2;213;115;189;48;2;213;115;189m▀[38;2;213;115;189;48;2;213;115;189m▀[38;2;180;82;156;48;2;180;82;156m▀[38;2;180;82;156;48;2;180;82;156m▀[38;2;180;82;156;48;2;115;32;90m▀[38;2;139;180;238;48;2;139;180;238m▀[38;2;57;57;82;48;2;98;123;180m▀[38;2;0;0;0;48;2;0;0;0m▀[0m [0m [0m [0m [0m [0m [0m [0m [0m [0m [0m
[0m [0m [0m [0m [0m [0m [0m [0m [0m [0m [38;2;0;0;0m▀[38;2;0;0;0;48;2;0;0;0m▀[38;2;98;123;180;48;2;0;0;0m▀[38;2;57;57;82;48;2;0;0;0m▀[38;2;98;123;180;48;2;57;57;82m▀[38;2;98;123;180;48;2;57;57;82m▀[38;2;98;123;180;48;2;57;57;82m▀[38;2;98;123;180;48;2;98;123;180m▀[38;2;98;123;180;48;2;98;123;180m▀[38;2;98;123;180;48;2;98;123;180m▀[38;2;98;123;180;48;2;98;123;180m▀[38;2;98;123;180;48;2;98;123;180m▀[38;2;98;123;180;48;2;98;123;180m▀[38;2;98;123;180;48;2;0;0;0m▀[38;2;98;123;180;48;2;0;0;0m▀[38;2;98;123;180;48;2;0;0;0m▀[38;2;0;0;0;48;2;57;57;82m▀[38;2;0;0;0;48;2;57;57;82m▀[38;2;0;0;0;48;2;0;0;0m▀[38;2;0;0;0;48;2;0;0;0m▀[0m [38;2;0;0;0m▀[38;2;115;32;90;48;2;0;0;0m▀[38;2;115;32;90;48;2;0;0;0m▀[38;2;115;32;90;48;2;0;0;0m▀[38;2;115;32;90;48;2;0;0;0m▀[38;2;213;115;189;48;2;115;32;90m▀[38;2;213;115;189;48;2;115;32;90m▀[38;2;180;82;156;48;2;57;57;82m▀[38;2;180;82;156;48;2;57;57;82m▀[38;2;115;32;90;48;2;98;123;180m▀[38;2;139;180;238;48;2;98;123;180m▀[38;2;98;123;180;48;2;0;0;0m▀[38;2;0;0;0m▀[0m [0m [0m [0m [0m [0m [0m [0m [0m [0m [0m
[0m [0m [0m [0m [0m [0m [0m [0m [38;2;0;0;0m▄[38;2;0;0;0m▄[38;2;0;0;0;48;2;98;123;180m▀[38;2;98;123;180;48;2;139;180;238m▀[38;2;139;180;238;48;2;139;180;238m▀[38;2;139;180;238;48;2;98;123;180m▀[38;2;0;0;0;48;2;139;180;238m▀[38;2;0;0;0;48;2;139;180;238m▀[38;2;0;0;0;48;2;139;180;238m▀[38;2;0;0;0;48;2;223;85;80m▀[38;2;0;0;0;48;2;255;139;139m▀[38;2;0;0;0;48;2;197;41;32m▀[38;2;0;0;0;48;2;98;123;180m▀[38;2;0;0;0;48;2;98;123;180m▀[38;2;0;0;0;48;2;139;180;238m▀[38;2;98;123;180;48;2;139;180;238m▀[38;2;98;123;180;48;2;139;180;238m▀[38;2;98;123;180;48;2;139;180;238m▀[38;2;139;180;238;48;2;139;180;238m▀[38;2;139;180;238;48;2;139;180;238m▀[38;2;98;123;180;48;2;139;180;238m▀[38;2;98;123;180;48;2;139;180;238m▀[38;2;0;0;0;48;2;98;123;180m▀[38;2;0;0;0m▄[0m [0m [0m [0m [38;2;0;0;0m▀[38;2;0;0;0m▀[38;2;0;0;0m▀[38;2;0;0;0m▀[38;2;0;0;0m▀[38;2;0;0;0m▀[0m [0m [0m [0m [0m [0m [0m [0m [0m [0m [0m [0m [0m
[0m [0m [0m [0m [0m [0m [38;2;0;0;0m▄[38;2;0;0;0;48;2;98;123;180m▀[38;2;98;123;180;48;2;139;180;238m▀[38;2;98;123;180;48;2;139;180;238m▀[38;2;139;180;238;48;2;139;180;238m▀[38;2;139;180;238;48;2;139;180;238m▀[38;2;139;180;238;48;2;139;180;238m▀[38;2;0;0;0;48;2;0;0;0m▀[38;2;139;180;238;48;2;139;180;238m▀[38;2;139;180;238;48;2;139;180;238m▀[38;2;139;180;238;48;2;139;180;238m▀[38;2;223;85;80;48;2;223;85;80m▀[38;2;255;255;255;48;2;255;139;139m▀[38;2;255;139;139;48;2;197;41;32m▀[38;2;197;41;32;48;2;197;41;32m▀[38;2;197;41;32;48;2;197;41;32m▀[38;2;98;123;180;48;2;98;123;180m▀[38;2;139;180;238;48;2;139;180;238m▀[38;2;139;180;238;48;2;139;180;238m▀[38;2;98;123;180;48;2;139;180;238m▀[38;2;139;180;238;48;2;98;123;180m▀[38;2;139;180;238;48;2;98;123;180m▀[38;2;139;180;238;48;2;139;180;238m▀[38;2;139;180;238;48;2;139;180;238m▀[38;2;139;180;238;48;2;139;180;238m▀[38;2;98;123;180;48;2;139;180;238m▀[38;2;0;0;0;48;2;0;0;0m▀[38;2;0;0;0;48;2;0;0;0m▀[38;2;0;0;0m▄[0m [0m [0m [0m [0m [0m [0m [0m [0m [0m [0m [0m [0m [0m [0m [0m [0m [0m [0m [0m
[0m [0m [0m [0m [0m [0m [38;2;0;0;0;48;2;0;0;0m▀[38;2;98;123;180;48;2;98;123;180m▀[38;2;139;180;238;48;2;139;180;238m▀[38;2;139;180;238;48;2;139;180;238m▀[38;2;139;180;238;48;2;139;180;238m▀[38;2;139;180;238;48;2;139;180;238m▀[38;2;139;180;238;48;2;57;57;82m▀[38;2;0;0;0;48;2;0;0;0m▀[38;2;139;180;238;48;2;139;180;238m▀[38;2;139;180;238;48;2;139;180;238m▀[38;2;139;180;238;48;2;139;180;238m▀[38;2;223;85;80;48;2;139;180;238m▀[38;2;255;139;139;48;2;223;85;80m▀[38;2;197;41;32;48;2;223;85;80m▀[38;2;197;41;32;48;2;197;41;32m▀[38;2;197;41;32;48;2;197;41;32m▀[38;2;98;123;180;48;2;98;123;180m▀[38;2;139;180;238;48;2;139;180;238m▀[38;2;139;180;238;48;2;139;180;238m▀[38;2;139;180;238;48;2;98;123;180m▀[38;2;98;123;180;48;2;98;123;180m▀[38;2;98;123;180;48;2;98;123;180m▀[38;2;139;180;238;48;2;98;123;180m▀[38;2;139;180;238;48;2;139;180;238m▀[38;2;139;180;238;48;2;139;180;238m▀[38;2;139;180;238;48;2;139;180;238m▀[38;2;0;0;0;48;2;0;0;0m▀[38;2;0;0;0;48;2;0;0;0m▀[38;2;0;0;0;48;2;0;0;0m▀[0m [0m [0m [0m [0m [0m [0m [0m [0m [0m [0m [0m [0m [0m [0m [0m [0m [0m [0m [0m
[0m [0m [0m [0m [0m [0m [0m [38;2;0;0;0m▀[38;2;98;123;180;48;2;0;0;0m▀[38;2;98;123;180;48;2;0;0;0m▀[38;2;0;0;0;48;2;0;0;0m▀[38;2;0;0;0;48;2;0;0;0m▀[38;2;0;0;0;48;2;0;0;0m▀[38;2;0;0;0;48;2;0;0;0m▀[38;2;0;0;0;48;2;0;0;0m▀[38;2;0;0;0;48;2;0;0;0m▀[38;2;139;180;238;48;2;98;123;180m▀[38;2;139;180;238;48;2;139;180;238m▀[38;2;139;180;238;48;2;139;180;238m▀[38;2;98;123;180;48;2;139;180;238m▀[38;2;98;123;180;48;2;139;180;238m▀[38;2;98;123;180;48;2;139;180;238m▀[38;2;139;180;238;48;2;139;180;238m▀[38;2;139;180;238;48;2;139;180;238m▀[38;2;139;180;238;48;2;98;123;180m▀[38;2;98;123;180;48;2;98;123;180m▀[38;2;98;123;180;48;2;98;123;180m▀[38;2;98;123;180;48;2;98;123;180m▀[38;2;0;0;0;48;2;0;0;0m▀[38;2;98;123;180;48;2;0;0;0m▀[38;2;98;123;180;48;2;0;0;0m▀[38;2;0;0;0;48;2;0;0;0m▀[38;2;0;0;0m▀[38;2;0;0;0m▀[0m [0m [0m [0m [0m [0m [0m [0m [0m [0m [0m [0m [0m [0m [0m [0m [0m [0m [0m [0m [0m
[0m [0m [0m [0m [0m [0m [0m [0m [0m [0m [0m [0m [0m [0m [38;2;0;0;0m▀[38;2;0;0;0m▀[38;2;0;0;0;48;2;0;0;0m▀[38;2;98;123;180;48;2;0;0;0m▀[38;2;98;123;180;48;2;0;0;0m▀[38;2;139;180;238;48;2;98;123;180m▀[38;2;98;123;180;48;2;98;123;180m▀[38;2;98;123;180;48;2;98;123;180m▀[38;2;139;180;238;48;2;98;123;180m▀[38;2;98;123;180;48;2;98;123;180m▀[38;2;98;123;180;48;2;0;0;0m▀[38;2;98;123;180;48;2;0;0;0m▀[38;2;0;0;0;48;2;98;123;180m▀[38;2;0;0;0;48;2;98;123;180m▀[38;2;0;0;0;48;2;0;0;0m▀[0m [0m [0m [0m [0m [0m [0m [0m [0m [0m [0m [0m [0m [0m [0m [0m [0m [0m [0m [0m [0m [0m [0m [0m [0m [0m
[0m [0m [0m [0m [0m [0m [0m [0m [0m [0m [0m [0m [0m [0m [0m [0m [38;2;0;0;0;48;2;0;0;0m▀[38;2;0;0;0;48;2;0;0;0m▀[38;2;0;0;0;48;2;139;180;238m▀[38;2;98;123;180;48;2;0;0;0m▀[38;2;98;123;180;48;2;0;0;0m▀[38;2;98;123;180;48;2;0;0;0m▀[38;2;98;123;180;48;2;0;0;0m▀[38;2;98;123;180;48;2;0;0;0m▀[38;2;0;0;0;48;2;0;0;0m▀[38;2;0;0;0;48;2;98;123;180m▀[38;2;98;123;180;48;2;139;180;238m▀[38;2;98;123;180;48;2;139;180;238m▀[38;2;0;0;0;48;2;0;0;0m▀[0m [0m [0m [0m [0m [0m [0m [0m [0m [0m [0m [0m [0m [0m [0m [0m [0m [0m [0m [0m [0m [0m [0m [0m [0m [0m
[0m [0m [0m [0m [0m [0m [0m [0m [0m [0m [0m [0m [0m [0m [0m [0m [38;2;0;0;0;48;2;0;0;0m▀[38;2;0;0;0;48;2;98;123;180m▀[38;2;139;180;238;48;2;139;180;238m▀[38;2;0;0;0;48;2;0;0;0m▀[38;2;0;0;0m▀[38;2;0;0;0m▀[38;2;0;0;0m▀[38;2;0;0;0m▀[38;2;0;0;0m▀[38;2;0;0;0;48;2;0;0;0m▀[38;2;139;180;238;48;2;98;123;180m▀[38;2;139;180;238;48;2;98;123;180m▀[38;2;0;0;0;48;2;139;180;238m▀[38;2;0;0;0m▄[0m [0m [0m [0m [0m [0m [0m [0m [0m [0m [0m [0m [0m [0m [0m [0m [0m [0m [0m [0m [0m [0m [0m [0m [0m
[0m [0m [0m [0m [0m [0m [0m [0m [0m [0m [0m [0m [0m [0m [0m [0m [0m [38;2;0;0;0;48;2;0;0;0m▀[38;2;98;123;180;48;2;0;0;0m▀[38;2;139;180;238;48;2;139;180;238m▀[38;2;0;0;0;48;2;0;0;0m▀[0m [0m [0m [0m [38;2;0;0;0m▀[38;2;0;0;0;48;2;0;0;0m▀[38;2;0;0;0;48;2;0;0;0m▀[38;2;139;180;238;48;2;0;0;0m▀[38;2;0;0;0;48;2;139;180;238m▀[38;2;0;0;0m▄[0m [0m [0m [0m [0m [0m [0m [0m [0m [0m [0m [0m [0m [0m [0m [0m [0m [0m [0m [0m [0m [0m [0m [0m
[0m [0m [0m [0m [0m [0m [0m [0m [0m [0m [0m [0m [0m [0m [0m [0m [0m [38;2;0;0;0m▀[38;2;0;0;0;48;2;0;0;0m▀[38;2;139;180;238;48;2;98;123;180m▀[38;2;0;0;0;48;2;0;0;0m▀[0m [0m [0m [0m [0m [0m [38;2;0;0;0m▀[38;2;0;0;0;48;2;0;0;0m▀[38;2;139;180;238;48;2;0;0;0m▀[38;2;0;0;0;48;2;0;0;0m▀[0m [0m [0m [0m [0m [0m [0m [0m [0m [0m [0m [0m [0m [0m [0m [0m [0m [0m [0m [0m [0m [0m [0m [0m
