[0m [0m [0m [0m [0m [0m [0m [0m [0m [0m [0m [0m [38;2;0;0;0m▄[38;2;0;0;0m▄[0m [0m [0m [0m [0m [0m [0m [0m [0m [0m [0m [0m [0m [0m [0m [38;2;0;0;0m▄[38;2;0;0;0m▄[0m [0m [0m [0m [0m [0m [0m [0m [0m [0m [0m [0m [0m [0m [0m [0m [0m [0m [0m [0m [0m [0m [0m [0m [0m [0m [0m [0m [0m [0m [0m [0m [0m [0m [0m [38;2;0;0;0;48;2;0;0;0m▀[38;2;255;222;41;48;2;255;164;0m▀[38;2;0;0;0;48;2;255;222;41m▀[38;2;0;0;0m▄[0m [0m [0m [0m [0m [0m
[0m [0m [0m [0m [0m [0m [0m [0m [0m [0m [0m [38;2;0;0;0;48;2;0;0;0m▀[38;2;213;41;82;48;2;213;41;82m▀[38;2;213;41;82;48;2;213;41;82m▀[38;2;0;0;0;48;2;0;0;0m▀[0m [0m [0m [0m [0m [0m [0m [0m [0m [0m [0m [0m [38;2;0;0;0m▄[38;2;0;0;0;48;2;0;0;0m▀[38;2;148;32;16;48;2;148;32;16m▀[38;2;148;32;16;48;2;148;32;16m▀[38;2;0;0;0;48;2;0;0;0m▀[0m [0m [0m [0m [0m [0m [0m [0m [0m [0m [0m [0m [0m [0m [0m [0m [0m [0m [0m [0m [0m [0m [0m [0m [0m [0m [0m [0m [0m [0m [0m [0m [0m [0m [0m [38;2;0;0;0;48;2;0;0;0m▀[38;2;255;164;0;48;2;255;164;0m▀[38;2;0;0;0;48;2;0;0;0m▀[0m [0m [0m [0m [0m [0m
[0m [0m [0m [0m [0m [0m [0m [0m [0m [0m [0m [38;2;0;0;0;48;2;0;0;0m▀[38;2;213;41;82;48;2;213;41;82m▀[38;2;255;148;123;48;2;255;148;123m▀[38;2;0;0;0;48;2;0;0;0m▀[38;2;0;0;0;48;2;0;0;0m▀[38;2;0;0;0m▄[0m [0m [0m [0m [0m [0m [0m [0m [38;2;0;0;0m▄[38;2;0;0;0;48;2;148;32;16m▀[38;2;148;32;16;48;2;255;82;74m▀[38;2;148;32;16;48;2;255;82;74m▀[38;2;255;82;74;48;2;255;82;74m▀[38;2;255;82;74;48;2;255;82;74m▀[38;2;148;32;16;48;2;16;16;16m▀[38;2;0;0;0;48;2;0;0;0m▀[0m [0m [0m [0m [0m [0m [0m [0m [0m [0m [38;2;0;0;0m▄[38;2;0;0;0;48;2;148;32;16m▀[38;2;0;0;0;48;2;0;0;0m▀[38;2;0;0;0m▄[0m [0m [0m [0m [0m [0m [0m [0m [0m [38;2;0;0;0m▄[38;2;0;0;0;48;2;255;65;0m▀[38;2;0;0;0m▄[0m [0m [0m [0m [0m [0m [0m [0m [0m [38;2;0;0;0m▀[0m [0m [0m [0m [0m [0m [0m
[0m [0m [0m [0m [0m [0m [0m [0m [0m [0m [0m [38;2;0;0;0;48;2;0;0;0m▀[38;2;213;41;82;48;2;213;41;82m▀[38;2;255;148;123;48;2;255;148;123m▀[38;2;255;82;74;48;2;255;82;74m▀[38;2;0;0;0;48;2;0;0;0m▀[38;2;0;0;0;48;2;0;0;0m▀[38;2;0;0;0;48;2;0;0;0m▀[38;2;0;0;0;48;2;213;41;82m▀[38;2;0;0;0;48;2;0;0;0m▀[38;2;0;0;0m▄[0m [0m [38;2;0;0;0m▄[38;2;0;0;0;48;2;148;32;16m▀[38;2;148;32;16;48;2;255;148;123m▀[38;2;255;82;74;48;2;255;82;74m▀[38;2;255;82;74;48;2;255;82;74m▀[38;2;255;82;74;48;2;255;82;74m▀[38;2;255;82;74;48;2;255;82;74m▀[38;2;255;82;74;48;2;148;32;16m▀[38;2;16;16;16;48;2;0;0;0m▀[38;2;0;0;0m▀[0m [0m [0m [0m [0m [0m [0m [0m [38;2;0;0;0m▄[38;2;0;0;0;48;2;213;41;82m▀[38;2;148;32;16;48;2;213;41;82m▀[38;2;255;148;123;48;2;255;148;123m▀[38;2;0;0;0;48;2;0;0;0m▀[38;2;0;0;0;48;2;0;0;0m▀[0m [0m [0m [0m [0m [38;2;0;0;0m▄[38;2;0;0;0m▄[0m [0m [0m [38;2;0;0;0m▀[38;2;0;0;0m▄[38;2;0;0;0m▄[38;2;0;0;0m▄[38;2;0;0;0m▄[38;2;0;0;0m▄[0m [0m [38;2;0;0;0m▄[38;2;0;0;0m▄[38;2;0;0;0m▄[38;2;0;0;0;48;2;255;164;0m▀[38;2;0;0;0m▄[0m [0m [0m [0m [0m [0m
[0m [0m [0m [0m [0m [0m [0m [0m [0m [0m [0m [38;2;0;0;0;48;2;0;0;0m▀[38;2;213;41;82;48;2;213;41;82m▀[38;2;255;148;123;48;2;255;148;123m▀[38;2;255;82;74;48;2;255;82;74m▀[38;2;0;0;0;48;2;0;0;0m▀[38;2;0;0;0;48;2;0;0;0m▀[38;2;213;41;82;48;2;213;41;82m▀[38;2;255;82;74;48;2;255;82;74m▀[38;2;0;0;0;48;2;0;0;0m▀[38;2;0;0;0;48;2;0;0;0m▀[38;2;0;0;0m▄[38;2;0;0;0;48;2;0;0;0m▀[38;2;213;41;82;48;2;213;41;82m▀[38;2;255;148;123;48;2;255;148;123m▀[38;2;255;82;74;48;2;255;82;74m▀[38;2;255;82;74;48;2;255;82;74m▀[38;2;255;82;74;48;2;255;82;74m▀[38;2;255;82;74;48;2;255;82;74m▀[38;2;213;41;82;48;2;213;41;82m▀[38;2;16;16;16;48;2;16;16;16m▀[38;2;0;0;0;48;2;0;0;0m▀[0m [0m [0m [0m [0m [0m [0m [0m [38;2;0;0;0m▄[38;2;0;0;0;48;2;0;0;0m▀[38;2;148;32;16;48;2;148;32;16m▀[38;2;255;148;123;48;2;255;148;123m▀[38;2;255;82;74;48;2;255;82;74m▀[38;2;0;0;0;48;2;0;0;0m▀[38;2;0;0;0;48;2;0;0;0m▀[0m [0m [0m [0m [38;2;0;0;0;48;2;0;0;0m▀[38;2;255;164;0;48;2;255;164;0m▀[38;2;255;164;0;48;2;255;164;0m▀[38;2;0;0;0;48;2;0;0;0m▀[0m [0m [38;2;0;0;0;48;2;0;0;0m▀[38;2;255;65;0;48;2;255;65;0m▀[38;2;255;65;0;48;2;255;65;0m▀[38;2;255;65;0;48;2;255;65;0m▀[38;2;255;65;0;48;2;255;65;0m▀[38;2;255;65;0;48;2;255;65;0m▀[38;2;0;0;0;48;2;0;0;0m▀[38;2;0;0;0;48;2;0;0;0m▀[38;2;255;164;0;48;2;255;164;0m▀[38;2;255;164;0;48;2;255;164;0m▀[38;2;255;164;0;48;2;255;164;0m▀[38;2;0;0;0;48;2;0;0;0m▀[0m [0m [0m [0m [38;2;0;0;0m▄[38;2;0;0;0m▄[0m
[0m [0m [0m [0m [0m [0m [0m [0m [0m [0m [38;2;0;0;0m▄[38;2;0;0;0;48;2;213;41;82m▀[38;2;213;41;82;48;2;255;148;123m▀[38;2;255;148;123;48;2;255;148;123m▀[38;2;255;82;74;48;2;255;82;74m▀[38;2;255;82;74;48;2;255;82;74m▀[38;2;255;82;74;48;2;255;82;74m▀[38;2;255;82;74;48;2;213;41;82m▀[38;2;255;82;74;48;2;213;41;82m▀[38;2;148;32;16;48;2;255;148;123m▀[38;2;213;41;82;48;2;255;148;123m▀[38;2;213;41;82;48;2;255;148;123m▀[38;2;213;41;82;48;2;255;148;123m▀[38;2;255;148;123;48;2;213;41;82m▀[38;2;255;82;74;48;2;255;82;74m▀[38;2;255;82;74;48;2;255;82;74m▀[38;2;255;82;74;48;2;255;82;74m▀[38;2;213;41;82;48;2;255;82;74m▀[38;2;213;41;82;48;2;255;82;74m▀[38;2;148;32;16;48;2;255;82;74m▀[38;2;16;16;16;48;2;255;82;74m▀[38;2;0;0;0;48;2;148;32;16m▀[38;2;0;0;0;48;2;148;32;16m▀[38;2;0;0;0m▄[38;2;0;0;0m▄[38;2;0;0;0m▄[0m [0m [38;2;0;0;0m▄[38;2;0;0;0;48;2;213;41;82m▀[38;2;148;32;16;48;2;213;41;82m▀[38;2;148;32;16;48;2;213;41;82m▀[38;2;255;148;123;48;2;255;148;123m▀[38;2;255;148;123;48;2;255;82;74m▀[38;2;0;0;0;48;2;0;0;0m▀[38;2;0;0;0;48;2;0;0;0m▀[0m [0m [0m [0m [0m [0m [38;2;0;0;0;48;2;0;0;0m▀[38;2;0;0;0;48;2;0;0;0m▀[38;2;0;0;0;48;2;255;65;0m▀[38;2;0;0;0;48;2;255;65;0m▀[38;2;0;0;0;48;2;0;0;0m▀[38;2;255;65;0;48;2;255;65;0m▀[38;2;255;65;0;48;2;255;65;0m▀[38;2;255;65;0;48;2;255;65;0m▀[38;2;255;65;0;48;2;255;65;0m▀[38;2;255;65;0;48;2;255;65;0m▀[38;2;255;65;0;48;2;255;65;0m▀[38;2;255;65;0;48;2;255;65;0m▀[38;2;255;65;0;48;2;255;164;0m▀[38;2;255;164;0;48;2;0;0;0m▀[38;2;255;164;0;48;2;0;0;0m▀[38;2;255;65;0;48;2;0;0;0m▀[38;2;0;0;0m▀[0m [38;2;0;0;0m▄[38;2;0;0;0;48;2;255;164;0m▀[38;2;0;0;0;48;2;255;164;0m▀[38;2;255;164;0;48;2;255;164;0m▀[38;2;255;164;0;48;2;0;0;0m▀[0m
[0m [0m [0m [0m [0m [0m [0m [0m [0m [0m [38;2;0;0;0;48;2;0;0;0m▀[38;2;213;41;82;48;2;213;41;82m▀[38;2;255;148;123;48;2;255;148;123m▀[38;2;255;82;74;48;2;148;32;16m▀[38;2;213;41;82;48;2;255;148;123m▀[38;2;213;41;82;48;2;255;148;123m▀[38;2;213;41;82;48;2;255;148;123m▀[38;2;255;148;123;48;2;255;148;123m▀[38;2;255;148;123;48;2;255;148;123m▀[38;2;255;148;123;48;2;255;148;123m▀[38;2;255;148;123;48;2;232;59;78m▀[38;2;232;59;78;48;2;255;148;123m▀[38;2;232;59;78;48;2;255;148;123m▀[38;2;255;148;123;48;2;255;148;123m▀[38;2;255;82;74;48;2;255;82;74m▀[38;2;255;82;74;48;2;255;82;74m▀[38;2;255;82;74;48;2;255;82;74m▀[38;2;255;82;74;48;2;255;82;74m▀[38;2;255;82;74;48;2;255;82;74m▀[38;2;255;82;74;48;2;255;82;74m▀[38;2;255;82;74;48;2;255;82;74m▀[38;2;255;82;74;48;2;255;82;74m▀[38;2;255;82;74;48;2;255;82;74m▀[38;2;148;32;16;48;2;255;82;74m▀[38;2;148;32;16;48;2;255;82;74m▀[38;2;148;32;16;48;2;255;82;74m▀[38;2;0;0;0;48;2;148;32;16m▀[38;2;0;0;0m▄[38;2;0;0;0;48;2;148;32;16m▀[38;2;148;32;16;48;2;255;148;123m▀[38;2;255;148;123;48;2;255;82;74m▀[38;2;255;148;123;48;2;255;82;74m▀[38;2;255;82;74;48;2;255;82;74m▀[38;2;255;82;74;48;2;0;0;0m▀[38;2;0;0;0;48;2;0;0;0m▀[38;2;0;0;0m▀[0m [0m [0m [0m [38;2;0;0;0m▄[38;2;0;0;0;48;2;255;164;0m▀[38;2;255;65;0;48;2;255;65;0m▀[38;2;255;65;0;48;2;255;65;0m▀[38;2;255;65;0;48;2;255;65;0m▀[38;2;255;65;0;48;2;255;65;0m▀[38;2;255;65;0;48;2;255;65;0m▀[38;2;255;65;0;48;2;255;65;0m▀[38;2;255;65;0;48;2;255;65;0m▀[38;2;255;65;0;48;2;255;65;0m▀[38;2;255;65;0;48;2;255;164;0m▀[38;2;255;65;0;48;2;255;65;0m▀[38;2;0;0;0;48;2;255;65;0m▀[38;2;0;0;0;48;2;0;0;0m▀[38;2;0;0;0;48;2;0;0;0m▀[38;2;0;0;0;48;2;255;65;0m▀[38;2;0;0;0;48;2;255;65;0m▀[38;2;0;0;0;48;2;255;65;0m▀[38;2;0;0;0;48;2;255;65;0m▀[38;2;0;0;0m▄[38;2;0;0;0;48;2;255;65;0m▀[38;2;0;0;0;48;2;255;65;0m▀[38;2;0;0;0;48;2;255;65;0m▀[38;2;0;0;0;48;2;0;0;0m▀[0m [0m
[0m [0m [0m [0m [0m [0m [0m [0m [0m [0m [38;2;0;0;0;48;2;0;0;0m▀[38;2;213;41;82;48;2;213;41;82m▀[38;2;148;32;16;48;2;148;32;16m▀[38;2;255;148;123;48;2;255;148;123m▀[38;2;255;148;123;48;2;255;148;123m▀[38;2;255;148;123;48;2;255;148;123m▀[38;2;255;148;123;48;2;255;148;123m▀[38;2;255;148;123;48;2;255;148;123m▀[38;2;255;148;123;48;2;255;148;123m▀[38;2;255;148;123;48;2;255;148;123m▀[38;2;232;59;78;48;2;232;59;78m▀[38;2;255;148;123;48;2;255;148;123m▀[38;2;255;148;123;48;2;255;148;123m▀[38;2;255;82;74;48;2;255;82;74m▀[38;2;255;82;74;48;2;255;82;74m▀[38;2;255;82;74;48;2;255;82;74m▀[38;2;255;82;74;48;2;255;82;74m▀[38;2;255;82;74;48;2;255;82;74m▀[38;2;255;82;74;48;2;255;82;74m▀[38;2;255;82;74;48;2;255;82;74m▀[38;2;255;82;74;48;2;255;82;74m▀[38;2;255;82;74;48;2;255;82;74m▀[38;2;255;82;74;48;2;255;82;74m▀[38;2;255;82;74;48;2;255;82;74m▀[38;2;255;82;74;48;2;255;82;74m▀[38;2;255;82;74;48;2;255;82;74m▀[38;2;255;82;74;48;2;255;82;74m▀[38;2;148;32;16;48;2;148;32;16m▀[38;2;213;41;82;48;2;213;41;82m▀[38;2;255;82;74;48;2;255;82;74m▀[38;2;255;82;74;48;2;255;82;74m▀[38;2;255;82;74;48;2;255;82;74m▀[38;2;255;82;74;48;2;255;82;74m▀[38;2;0;0;0;48;2;0;0;0m▀[38;2;0;0;0;48;2;0;0;0m▀[38;2;0;0;0m▄[38;2;0;0;0m▄[38;2;0;0;0m▄[38;2;0;0;0m▄[0m [38;2;0;0;0;48;2;0;0;0m▀[38;2;255;164;0;48;2;255;164;0m▀[38;2;255;164;0;48;2;255;164;0m▀[38;2;255;164;0;48;2;255;164;0m▀[38;2;255;65;0;48;2;255;65;0m▀[38;2;255;65;0;48;2;255;65;0m▀[38;2;255;65;0;48;2;255;65;0m▀[38;2;255;222;41;48;2;255;222;41m▀[38;2;255;222;41;48;2;255;222;41m▀[38;2;255;222;41;48;2;255;222;41m▀[38;2;255;65;0;48;2;255;65;0m▀[38;2;255;65;0;48;2;255;65;0m▀[38;2;255;65;0;48;2;255;65;0m▀[38;2;255;65;0;48;2;255;65;0m▀[38;2;255;65;0;48;2;255;65;0m▀[38;2;255;65;0;48;2;255;65;0m▀[38;2;255;65;0;48;2;255;65;0m▀[38;2;255;65;0;48;2;255;65;0m▀[38;2;255;65;0;48;2;255;65;0m▀[38;2;255;65;0;48;2;255;65;0m▀[38;2;255;65;0;48;2;255;65;0m▀[38;2;0;0;0;48;2;0;0;0m▀[38;2;0;0;0m▀[0m [0m [0m
[0m [0m [0m [0m [0m [0m [0m [0m [0m [0m [38;2;0;0;0;48;2;0;0;0m▀[38;2;148;32;16;48;2;148;32;16m▀[38;2;14;65;163;48;2;0;90;255m▀[38;2;14;65;163;48;2;41;124;255m▀[38;2;255;148;123;48;2;14;65;163m▀[38;2;255;148;123;48;2;255;148;123m▀[38;2;255;148;123;48;2;255;148;123m▀[38;2;255;148;123;48;2;255;148;123m▀[38;2;255;148;123;48;2;255;148;123m▀[38;2;232;59;78;48;2;213;41;82m▀[38;2;255;82;74;48;2;255;82;74m▀[38;2;255;82;74;48;2;255;82;74m▀[38;2;255;82;74;48;2;255;82;74m▀[38;2;255;82;74;48;2;255;82;74m▀[38;2;255;82;74;48;2;255;82;74m▀[38;2;255;82;74;48;2;14;65;163m▀[38;2;14;65;163;48;2;41;124;255m▀[38;2;14;65;163;48;2;0;90;255m▀[38;2;14;65;163;48;2;0;90;255m▀[38;2;14;65;163;48;2;14;65;163m▀[38;2;255;82;74;48;2;14;65;163m▀[38;2;255;82;74;48;2;255;82;74m▀[38;2;255;82;74;48;2;255;82;74m▀[38;2;255;82;74;48;2;255;82;74m▀[38;2;255;82;74;48;2;255;82;74m▀[38;2;255;82;74;48;2;255;82;74m▀[38;2;255;82;74;48;2;213;41;82m▀[38;2;213;41;82;48;2;255;82;74m▀[38;2;255;82;74;48;2;255;82;74m▀[38;2;255;82;74;48;2;255;82;74m▀[38;2;255;82;74;48;2;255;82;74m▀[38;2;255;82;74;48;2;255;82;74m▀[38;2;255;82;74;48;2;0;0;0m▀[38;2;0;0;0;48;2;148;32;16m▀[38;2;0;0;0;48;2;148;32;16m▀[38;2;148;32;16;48;2;255;82;74m▀[38;2;148;32;16;48;2;255;82;74m▀[38;2;148;32;16;48;2;255;82;74m▀[38;2;0;0;0;48;2;0;0;0m▀[38;2;0;0;0;48;2;0;0;0m▀[0m [38;2;0;0;0;48;2;0;0;0m▀[38;2;255;164;0;48;2;255;65;0m▀[38;2;255;164;0;48;2;255;65;0m▀[38;2;255;65;0;48;2;255;164;0m▀[38;2;255;65;0;48;2;255;222;41m▀[38;2;255;222;41;48;2;255;222;41m▀[38;2;255;222;41;48;2;255;164;0m▀[38;2;255;65;0;48;2;255;65;0m▀[38;2;255;65;0;48;2;255;65;0m▀[38;2;255;65;0;48;2;255;65;0m▀[38;2;255;65;0;48;2;255;65;0m▀[38;2;255;65;0;48;2;255;65;0m▀[38;2;255;65;0;48;2;255;164;0m▀[38;2;255;65;0;48;2;255;222;41m▀[38;2;255;65;0;48;2;255;65;0m▀[38;2;255;65;0;48;2;255;65;0m▀[38;2;255;65;0;48;2;255;65;0m▀[38;2;255;65;0;48;2;255;65;0m▀[38;2;0;0;0;48;2;0;0;0m▀[38;2;0;0;0m▀[0m [0m [0m [0m [0m
[0m [0m [0m [0m [0m [0m [0m [0m [0m [38;2;0;0;0;48;2;0;0;0m▀[38;2;0;90;255;48;2;0;90;255m▀[38;2;255;255;255;48;2;132;190;255m▀[38;2;41;124;255;48;2;132;190;255m▀[38;2;14;65;163;48;2;41;124;255m▀[38;2;41;124;255;48;2;0;90;255m▀[38;2;14;65;163;48;2;14;65;163m▀[38;2;14;65;163;48;2;14;65;163m▀[38;2;255;148;123;48;2;255;148;123m▀[38;2;213;41;82;48;2;213;41;82m▀[38;2;255;82;74;48;2;255;82;74m▀[38;2;255;82;74;48;2;255;82;74m▀[38;2;255;82;74;48;2;255;82;74m▀[38;2;255;82;74;48;2;255;82;74m▀[38;2;255;82;74;48;2;14;65;163m▀[38;2;14;65;163;48;2;41;124;255m▀[38;2;41;124;255;48;2;14;65;163m▀[38;2;41;124;255;48;2;255;255;255m▀[38;2;14;65;163;48;2;132;190;255m▀[38;2;14;65;163;48;2;132;190;255m▀[38;2;41;124;255;48;2;41;124;255m▀[38;2;41;124;255;48;2;14;65;163m▀[38;2;14;65;163;48;2;0;90;255m▀[38;2;232;59;78;48;2;0;0;0m▀[38;2;255;82;74;48;2;255;82;74m▀[38;2;255;82;74;48;2;255;82;74m▀[38;2;255;82;74;48;2;255;82;74m▀[38;2;255;82;74;48;2;255;82;74m▀[38;2;255;82;74;48;2;255;82;74m▀[38;2;255;82;74;48;2;255;82;74m▀[38;2;255;82;74;48;2;255;82;74m▀[38;2;255;82;74;48;2;255;82;74m▀[38;2;255;82;74;48;2;255;82;74m▀[38;2;148;32;16;48;2;255;82;74m▀[38;2;255;82;74;48;2;255;82;74m▀[38;2;255;82;74;48;2;255;82;74m▀[38;2;255;82;74;48;2;0;0;0m▀[38;2;0;0;0;48;2;0;0;0m▀[38;2;0;0;0;48;2;0;0;0m▀[38;2;0;0;0m▀[0m [38;2;0;0;0;48;2;0;0;0m▀[38;2;255;164;0;48;2;255;222;41m▀[38;2;255;222;41;48;2;255;222;41m▀[38;2;255;222;41;48;2;255;222;41m▀[38;2;255;222;41;48;2;255;222;41m▀[38;2;255;222;41;48;2;255;222;41m▀[38;2;255;164;0;48;2;255;65;0m▀[38;2;255;164;0;48;2;255;222;41m▀[38;2;255;65;0;48;2;255;222;41m▀[38;2;255;65;0;48;2;255;222;41m▀[38;2;255;65;0;48;2;255;164;0m▀[38;2;255;164;0;48;2;255;222;41m▀[38;2;255;222;41;48;2;255;222;41m▀[38;2;255;222;41;48;2;255;65;0m▀[38;2;255;65;0;48;2;255;65;0m▀[38;2;255;65;0;48;2;255;65;0m▀[38;2;255;65;0;48;2;255;65;0m▀[38;2;255;65;0;48;2;0;0;0m▀[38;2;0;0;0m▀[0m [0m [0m [0m [0m [0m [0m
[0m [0m [0m [0m [0m [0m [0m [0m [0m [38;2;0;0;0;48;2;0;0;0m▀[38;2;0;90;255;48;2;0;90;255m▀[38;2;132;190;255;48;2;132;190;255m▀[38;2;132;190;255;48;2;132;190;255m▀[38;2;0;90;255;48;2;0;90;255m▀[38;2;0;90;255;48;2;0;90;255m▀[38;2;14;65;163;48;2;14;65;163m▀[38;2;14;65;163;48;2;14;65;163m▀[38;2;255;148;123;48;2;255;148;123m▀[38;2;213;41;82;48;2;213;41;82m▀[38;2;255;82;74;48;2;255;82;74m▀[38;2;255;82;74;48;2;255;82;74m▀[38;2;255;82;74;48;2;255;82;74m▀[38;2;255;82;74;48;2;255;82;74m▀[38;2;14;65;163;48;2;14;65;163m▀[38;2;41;124;255;48;2;41;124;255m▀[38;2;255;255;255;48;2;255;255;255m▀[38;2;132;190;255;48;2;132;190;255m▀[38;2;132;190;255;48;2;132;190;255m▀[38;2;132;190;255;48;2;132;190;255m▀[38;2;132;190;255;48;2;132;190;255m▀[38;2;41;124;255;48;2;41;124;255m▀[38;2;41;124;255;48;2;41;124;255m▀[38;2;0;0;0;48;2;0;0;0m▀[38;2;255;82;74;48;2;255;82;74m▀[38;2;255;82;74;48;2;255;82;74m▀[38;2;255;82;74;48;2;255;82;74m▀[38;2;255;82;74;48;2;255;82;74m▀[38;2;255;82;74;48;2;255;82;74m▀[38;2;255;82;74;48;2;255;82;74m▀[38;2;255;82;74;48;2;255;82;74m▀[38;2;255;82;74;48;2;255;82;74m▀[38;2;255;82;74;48;2;255;82;74m▀[38;2;255;82;74;48;2;255;82;74m▀[38;2;255;82;74;48;2;255;82;74m▀[38;2;213;41;82;48;2;213;41;82m▀[38;2;0;0;0;48;2;0;0;0m▀[38;2;0;0;0;48;2;0;0;0m▀[0m [0m [0m [38;2;0;0;0;48;2;0;0;0m▀[38;2;255;222;41;48;2;255;222;41m▀[38;2;255;222;41;48;2;255;222;41m▀[38;2;255;222;41;48;2;255;222;41m▀[38;2;255;222;41;48;2;255;222;41m▀[38;2;255;222;41;48;2;255;222;41m▀[38;2;255;164;0;48;2;255;164;0m▀[38;2;255;164;0;48;2;255;164;0m▀[38;2;255;222;41;48;2;255;222;41m▀[38;2;255;222;41;48;2;255;222;41m▀[38;2;255;222;41;48;2;255;222;41m▀[38;2;255;222;41;48;2;255;222;41m▀[38;2;255;164;0;48;2;255;164;0m▀[38;2;255;65;0;48;2;255;65;0m▀[38;2;0;0;0;48;2;0;0;0m▀[38;2;0;0;0m▀[38;2;0;0;0m▀[0m [0m [0m [0m [0m [0m [0m [0m [0m
[0m [0m [0m [0m [0m [0m [0m [0m [0m [38;2;0;0;0m▀[38;2;14;65;163;48;2;0;0;0m▀[38;2;132;190;255;48;2;14;65;163m▀[38;2;41;124;255;48;2;0;90;255m▀[38;2;14;65;163;48;2;41;124;255m▀[38;2;0;90;255;48;2;14;65;163m▀[38;2;14;65;163;48;2;255;82;74m▀[38;2;14;65;163;48;2;255;82;74m▀[38;2;255;148;123;48;2;255;82;74m▀[38;2;213;41;82;48;2;213;41;82m▀[38;2;255;82;74;48;2;255;82;74m▀[38;2;255;82;74;48;2;255;82;74m▀[38;2;255;82;74;48;2;255;82;74m▀[38;2;255;82;74;48;2;255;82;74m▀[38;2;14;65;163;48;2;14;65;163m▀[38;2;41;124;255;48;2;41;124;255m▀[38;2;132;190;255;48;2;14;65;163m▀[38;2;132;190;255;48;2;132;190;255m▀[38;2;132;190;255;48;2;132;190;255m▀[38;2;132;190;255;48;2;132;190;255m▀[38;2;132;190;255;48;2;41;124;255m▀[38;2;14;65;163;48;2;0;90;255m▀[38;2;41;124;255;48;2;14;65;163m▀[38;2;0;0;0;48;2;0;0;0m▀[38;2;255;82;74;48;2;255;82;74m▀[38;2;255;82;74;48;2;255;82;74m▀[38;2;255;82;74;48;2;232;59;78m▀[38;2;255;82;74;48;2;213;41;82m▀[38;2;255;82;74;48;2;213;41;82m▀[38;2;255;82;74;48;2;213;41;82m▀[38;2;255;82;74;48;2;232;59;78m▀[38;2;255;82;74;48;2;255;82;74m▀[38;2;255;82;74;48;2;255;82;74m▀[38;2;255;82;74;48;2;255;82;74m▀[38;2;255;82;74;48;2;0;0;0m▀[38;2;0;0;0;48;2;0;0;0m▀[38;2;0;0;0m▀[0m [0m [0m [38;2;0;0;0;48;2;0;0;0m▀[38;2;255;222;41;48;2;255;222;41m▀[38;2;255;222;41;48;2;255;222;41m▀[38;2;255;222;41;48;2;255;222;41m▀[38;2;255;222;41;48;2;255;222;41m▀[38;2;255;222;41;48;2;255;222;41m▀[38;2;255;164;0;48;2;255;222;41m▀[38;2;255;222;41;48;2;255;164;0m▀[38;2;255;65;0;48;2;255;65;0m▀[38;2;255;65;0;48;2;255;65;0m▀[38;2;255;65;0;48;2;255;65;0m▀[38;2;255;222;41;48;2;255;222;41m▀[38;2;255;164;0;48;2;255;164;0m▀[38;2;255;65;0;48;2;255;65;0m▀[38;2;255;65;0;48;2;255;65;0m▀[38;2;0;0;0;48;2;0;0;0m▀[0m [0m [0m [0m [0m [0m [0m [0m [0m [0m [0m
[0m [0m [0m [0m [0m [0m [0m [0m [0m [0m [38;2;0;0;0m▀[38;2;0;0;0;48;2;0;0;0m▀[38;2;14;65;163;48;2;148;32;16m▀[38;2;0;90;255;48;2;213;41;82m▀[38;2;148;32;16;48;2;255;148;123m▀[38;2;255;148;123;48;2;213;41;82m▀[38;2;255;148;123;48;2;213;41;82m▀[38;2;213;41;82;48;2;255;82;74m▀[38;2;255;82;74;48;2;255;82;74m▀[38;2;255;82;74;48;2;255;82;74m▀[38;2;255;82;74;48;2;232;59;78m▀[38;2;255;82;74;48;2;213;41;82m▀[38;2;255;82;74;48;2;213;41;82m▀[38;2;255;82;74;48;2;213;41;82m▀[38;2;14;65;163;48;2;232;59;78m▀[38;2;0;90;255;48;2;14;65;163m▀[38;2;0;90;255;48;2;0;90;255m▀[38;2;14;65;163;48;2;14;65;163m▀[38;2;14;65;163;48;2;14;65;163m▀[38;2;0;90;255;48;2;14;65;163m▀[38;2;0;90;255;48;2;0;0;0m▀[38;2;0;0;0;48;2;213;41;82m▀[38;2;232;59;78;48;2;213;41;82m▀[38;2;213;41;82;48;2;213;41;82m▀[38;2;213;41;82;48;2;213;41;82m▀[38;2;213;41;82;48;2;213;41;82m▀[38;2;213;41;82;48;2;0;0;0m▀[38;2;0;0;0;48;2;0;0;0m▀[38;2;0;0;0;48;2;0;0;0m▀[38;2;213;41;82;48;2;0;0;0m▀[38;2;213;41;82;48;2;0;0;0m▀[38;2;213;41;82;48;2;0;0;0m▀[38;2;213;41;82;48;2;0;0;0m▀[38;2;0;0;0;48;2;0;0;0m▀[38;2;0;0;0m▀[0m [0m [0m [0m [38;2;0;0;0m▀[38;2;255;164;0;48;2;0;0;0m▀[38;2;255;222;41;48;2;255;222;41m▀[38;2;255;164;0;48;2;255;65;0m▀[38;2;255;164;0;48;2;255;65;0m▀[38;2;255;222;41;48;2;255;222;41m▀[38;2;255;222;41;48;2;255;164;0m▀[38;2;255;65;0;48;2;148;32;16m▀[38;2;148;32;16;48;2;148;32;16m▀[38;2;255;65;0;48;2;255;65;0m▀[38;2;255;65;0;48;2;255;65;0m▀[38;2;255;222;41;48;2;255;222;41m▀[38;2;255;65;0;48;2;255;65;0m▀[38;2;255;65;0;48;2;255;65;0m▀[38;2;255;65;0;48;2;0;0;0m▀[38;2;0;0;0m▀[0m [0m [0m [0m [0m [0m [0m [0m [0m [0m [0m
[0m [0m [0m [0m [0m [0m [0m [0m [0m [0m [0m [38;2;0;0;0;48;2;0;0;0m▀[38;2;148;32;16;48;2;148;32;16m▀[38;2;255;148;123;48;2;255;148;123m▀[38;2;213;41;82;48;2;213;41;82m▀[38;2;255;82;74;48;2;255;82;74m▀[38;2;255;82;74;48;2;255;82;74m▀[38;2;255;82;74;48;2;255;82;74m▀[38;2;232;59;78;48;2;232;59;78m▀[38;2;213;41;82;48;2;213;41;82m▀[38;2;213;41;82;48;2;213;41;82m▀[38;2;213;41;82;48;2;213;41;82m▀[38;2;213;41;82;48;2;213;41;82m▀[38;2;213;41;82;48;2;213;41;82m▀[38;2;213;41;82;48;2;213;41;82m▀[38;2;213;41;82;48;2;213;41;82m▀[38;2;0;0;0;48;2;0;0;0m▀[38;2;0;0;0;48;2;0;0;0m▀[38;2;0;0;0;48;2;0;0;0m▀[38;2;0;0;0;48;2;0;0;0m▀[38;2;213;41;82;48;2;213;41;82m▀[38;2;213;41;82;48;2;213;41;82m▀[38;2;213;41;82;48;2;213;41;82m▀[38;2;213;41;82;48;2;213;41;82m▀[38;2;213;41;82;48;2;213;41;82m▀[38;2;148;32;16;48;2;148;32;16m▀[38;2;0;0;0;48;2;0;0;0m▀[38;2;0;0;0;48;2;0;0;0m▀[38;2;0;0;0m▄[38;2;0;0;0;48;2;0;0;0m▀[38;2;0;0;0m▀[38;2;0;0;0m▀[38;2;0;0;0m▀[0m [0m [38;2;0;0;0m▄[38;2;0;0;0m▄[38;2;0;0;0m▄[0m [0m [38;2;0;0;0;48;2;0;0;0m▀[38;2;255;164;0;48;2;255;164;0m▀[38;2;255;65;0;48;2;255;65;0m▀[38;2;255;65;0;48;2;255;65;0m▀[38;2;255;65;0;48;2;255;65;0m▀[38;2;255;65;0;48;2;255;65;0m▀[38;2;148;32;16;48;2;148;32;16m▀[38;2;148;32;16;48;2;148;32;16m▀[38;2;255;65;0;48;2;255;65;0m▀[38;2;255;65;0;48;2;255;65;0m▀[38;2;255;164;0;48;2;255;164;0m▀[38;2;255;65;0;48;2;255;65;0m▀[38;2;255;65;0;48;2;255;65;0m▀[38;2;0;0;0;48;2;0;0;0m▀[0m [0m [0m [0m [0m [0m [0m [0m [0m [0m [0m [0m
[0m [0m [38;2;0;0;0m▄[38;2;0;0;0m▄[38;2;0;0;0m▄[38;2;0;0;0;48;2;16;16;16m▀[38;2;0;0;0;48;2;16;16;16m▀[38;2;0;0;0;48;2;16;16;16m▀[38;2;0;0;0;48;2;148;32;16m▀[38;2;0;0;0;48;2;148;32;16m▀[38;2;0;0;0;48;2;148;32;16m▀[38;2;148;32;16;48;2;148;32;16m▀[38;2;255;82;74;48;2;255;82;74m▀[38;2;213;41;82;48;2;213;41;82m▀[38;2;255;82;74;48;2;255;82;74m▀[38;2;255;82;74;48;2;148;32;16m▀[38;2;255;82;74;48;2;148;32;16m▀[38;2;232;59;78;48;2;213;41;82m▀[38;2;213;41;82;48;2;213;41;82m▀[38;2;213;41;82;48;2;213;41;82m▀[38;2;213;41;82;48;2;148;32;16m▀[38;2;213;41;82;48;2;0;0;0m▀[38;2;213;41;82;48;2;0;0;0m▀[38;2;213;41;82;48;2;0;0;0m▀[38;2;0;0;0;48;2;213;41;82m▀[38;2;213;41;82;48;2;213;41;82m▀[38;2;213;41;82;48;2;213;41;82m▀[38;2;213;41;82;48;2;213;41;82m▀[38;2;213;41;82;48;2;213;41;82m▀[38;2;213;41;82;48;2;213;41;82m▀[38;2;213;41;82;48;2;0;0;0m▀[38;2;213;41;82;48;2;0;0;0m▀[38;2;213;41;82;48;2;0;0;0m▀[38;2;0;0;0;48;2;213;41;82m▀[38;2;0;0;0;48;2;213;41;82m▀[38;2;0;0;0;48;2;213;41;82m▀[38;2;0;0;0;48;2;213;41;82m▀[38;2;0;0;0;48;2;213;41;82m▀[38;2;148;32;16;48;2;213;41;82m▀[38;2;148;32;16;48;2;213;41;82m▀[38;2;0;0;0;48;2;148;32;16m▀[38;2;0;0;0;48;2;148;32;16m▀[38;2;0;0;0;48;2;148;32;16m▀[38;2;0;0;0;48;2;148;32;16m▀[38;2;0;0;0;48;2;213;41;82m▀[38;2;148;32;16;48;2;232;59;78m▀[38;2;0;0;0;48;2;0;0;0m▀[38;2;0;0;0;48;2;0;0;0m▀[38;2;0;0;0;48;2;148;32;16m▀[38;2;0;0;0;48;2;148;32;16m▀[38;2;0;0;0;48;2;148;32;16m▀[38;2;0;0;0;48;2;0;0;0m▀[38;2;255;164;0;48;2;0;0;0m▀[38;2;255;164;0;48;2;0;0;0m▀[38;2;255;65;0;48;2;148;32;16m▀[38;2;148;32;16;48;2;255;82;74m▀[38;2;148;32;16;48;2;148;32;16m▀[38;2;148;32;16;48;2;255;131;106m▀[38;2;255;65;0;48;2;255;65;0m▀[38;2;255;65;0;48;2;255;65;0m▀[38;2;255;65;0;48;2;255;65;0m▀[38;2;255;65;0;48;2;0;0;0m▀[38;2;0;0;0m▀[0m [0m [0m [0m [0m [0m [0m [0m [0m [0m [0m [0m [0m
[38;2;0;0;0m▄[38;2;0;0;0;48;2;16;16;16m▀[38;2;16;16;16;48;2;180;180;180m▀[38;2;16;16;16;48;2;180;180;180m▀[38;2;148;32;16;48;2;148;32;16m▀[38;2;255;82;74;48;2;148;32;16m▀[38;2;255;82;74;48;2;255;82;74m▀[38;2;255;82;74;48;2;255;82;74m▀[38;2;255;82;74;48;2;255;82;74m▀[38;2;255;82;74;48;2;255;82;74m▀[38;2;232;59;78;48;2;255;82;74m▀[38;2;232;59;78;48;2;232;59;78m▀[38;2;0;0;0;48;2;232;59;78m▀[38;2;255;82;74;48;2;0;0;0m▀[38;2;232;59;78;48;2;213;41;82m▀[38;2;213;41;82;48;2;213;41;82m▀[38;2;213;41;82;48;2;213;41;82m▀[38;2;213;41;82;48;2;0;0;0m▀[38;2;148;32;16;48;2;213;41;82m▀[38;2;0;0;0;48;2;213;41;82m▀[38;2;213;41;82;48;2;213;41;82m▀[38;2;213;41;82;48;2;213;41;82m▀[38;2;213;41;82;48;2;213;41;82m▀[38;2;213;41;82;48;2;0;0;0m▀[38;2;213;41;82;48;2;0;0;0m▀[38;2;0;0;0;48;2;213;41;82m▀[38;2;0;0;0;48;2;213;41;82m▀[38;2;0;0;0;48;2;180;139;90m▀[38;2;0;0;0;48;2;180;139;90m▀[38;2;0;0;0;48;2;213;41;82m▀[38;2;213;41;82;48;2;213;41;82m▀[38;2;213;41;82;48;2;213;41;82m▀[38;2;213;41;82;48;2;0;0;0m▀[38;2;213;41;82;48;2;0;0;0m▀[38;2;213;41;82;48;2;0;0;0m▀[38;2;213;41;82;48;2;0;0;0m▀[38;2;213;41;82;48;2;0;0;0m▀[38;2;213;41;82;48;2;213;41;82m▀[38;2;213;41;82;48;2;213;41;82m▀[38;2;213;41;82;48;2;213;41;82m▀[38;2;213;41;82;48;2;148;32;16m▀[38;2;213;41;82;48;2;148;32;16m▀[38;2;213;41;82;48;2;255;82;74m▀[38;2;232;59;78;48;2;255;82;74m▀[38;2;255;82;74;48;2;255;82;74m▀[38;2;255;82;74;48;2;255;82;74m▀[38;2;232;59;78;48;2;213;41;82m▀[38;2;232;59;78;48;2;213;41;82m▀[38;2;213;41;82;48;2;0;0;0m▀[38;2;0;0;0;48;2;0;0;0m▀[38;2;0;0;0;48;2;148;32;16m▀[38;2;0;0;0;48;2;148;32;16m▀[38;2;148;32;16;48;2;255;82;74m▀[38;2;148;32;16;48;2;255;82;74m▀[38;2;255;82;74;48;2;255;82;74m▀[38;2;255;82;74;48;2;148;32;16m▀[38;2;148;32;16;48;2;0;0;0m▀[38;2;255;65;0;48;2;0;0;0m▀[38;2;255;65;0;48;2;0;0;0m▀[38;2;255;65;0;48;2;0;0;0m▀[38;2;0;0;0m▀[0m [0m [0m [0m [0m [0m [0m [0m [0m [0m [0m [0m [0m [0m [0m
[38;2;16;16;16;48;2;16;16;16m▀[38;2;255;255;255;48;2;255;255;255m▀[38;2;106;106;106;48;2;106;106;106m▀[38;2;106;106;106;48;2;106;106;106m▀[38;2;255;255;255;48;2;255;255;255m▀[38;2;255;255;255;48;2;255;255;255m▀[38;2;213;41;82;48;2;213;41;82m▀[38;2;148;32;16;48;2;148;32;16m▀[38;2;148;32;16;48;2;148;32;16m▀[38;2;148;32;16;48;2;148;32;16m▀[38;2;213;41;82;48;2;213;41;82m▀[38;2;232;59;78;48;2;232;59;78m▀[38;2;0;0;0;48;2;0;0;0m▀[38;2;0;0;0;48;2;0;0;0m▀[38;2;0;0;0;48;2;0;0;0m▀[38;2;0;0;0;48;2;0;0;0m▀[38;2;0;0;0;48;2;0;0;0m▀[38;2;0;0;0;48;2;0;0;0m▀[38;2;0;0;0;48;2;0;0;0m▀[38;2;0;0;0;48;2;0;0;0m▀[38;2;0;0;0;48;2;0;0;0m▀[38;2;0;0;0;48;2;0;0;0m▀[38;2;0;0;0;48;2;0;0;0m▀[38;2;0;0;0;48;2;0;0;0m▀[38;2;0;0;0;48;2;0;0;0m▀[38;2;148;32;16;48;2;148;32;16m▀[38;2;180;139;90;48;2;180;139;90m▀[38;2;255;255;255;48;2;255;255;255m▀[38;2;255;255;255;48;2;255;255;255m▀[38;2;205;172;123;48;2;205;172;123m▀[38;2;213;41;82;48;2;213;41;82m▀[38;2;213;41;82;48;2;213;41;82m▀[38;2;213;41;82;48;2;213;41;82m▀[38;2;148;32;16;48;2;148;32;16m▀[38;2;148;32;16;48;2;148;32;16m▀[38;2;41;124;255;48;2;41;124;255m▀[38;2;14;65;163;48;2;14;65;163m▀[38;2;0;0;0;48;2;0;0;0m▀[38;2;0;0;0;48;2;0;0;0m▀[38;2;148;32;16;48;2;148;32;16m▀[38;2;255;82;74;48;2;255;82;74m▀[38;2;255;82;74;48;2;255;82;74m▀[38;2;255;82;74;48;2;255;82;74m▀[38;2;255;82;74;48;2;255;82;74m▀[38;2;255;82;74;48;2;255;82;74m▀[38;2;232;59;78;48;2;232;59;78m▀[38;2;213;41;82;48;2;213;41;82m▀[38;2;213;41;82;48;2;213;41;82m▀[38;2;213;41;82;48;2;213;41;82m▀[38;2;148;32;16;48;2;148;32;16m▀[38;2;255;82;74;48;2;255;82;74m▀[38;2;255;82;74;48;2;255;82;74m▀[38;2;255;82;74;48;2;255;82;74m▀[38;2;255;82;74;48;2;255;82;74m▀[38;2;213;41;82;48;2;213;41;82m▀[38;2;148;32;16;48;2;148;32;16m▀[38;2;0;0;0;48;2;0;0;0m▀[0m [0m [0m [0m [0m [0m [0m [0m [0m [0m [0m [0m [0m [0m [0m [0m [0m [0m [0m
[38;2;16;16;16;48;2;0;0;0m▀[38;2;106;106;106;48;2;106;106;106m▀[38;2;255;255;255;48;2;255;255;255m▀[38;2;255;255;255;48;2;255;255;255m▀[38;2;255;255;255;48;2;16;16;16m▀[38;2;180;180;180;48;2;16;16;16m▀[38;2;148;32;16;48;2;106;106;106m▀[38;2;180;180;180;48;2;255;255;255m▀[38;2;180;180;180;48;2;180;180;180m▀[38;2;180;180;180;48;2;180;180;180m▀[38;2;148;32;16;48;2;16;16;16m▀[38;2;0;0;0;48;2;0;0;0m▀[38;2;0;0;0m▀[38;2;0;0;0m▀[38;2;0;0;0m▀[38;2;0;0;0m▀[38;2;0;0;0m▀[0m [38;2;0;0;0m▀[38;2;0;0;0m▀[38;2;0;0;0;48;2;0;0;0m▀[38;2;0;0;0;48;2;0;0;0m▀[38;2;0;0;0;48;2;0;0;0m▀[38;2;0;0;0;48;2;148;32;16m▀[38;2;0;0;0;48;2;148;32;16m▀[38;2;148;32;16;48;2;213;41;82m▀[38;2;180;139;90;48;2;180;139;90m▀[38;2;230;205;172;48;2;205;172;123m▀[38;2;230;205;172;48;2;205;172;123m▀[38;2;205;172;123;48;2;205;172;123m▀[38;2;213;41;82;48;2;213;41;82m▀[38;2;213;41;82;48;2;213;41;82m▀[38;2;213;41;82;48;2;213;41;82m▀[38;2;148;32;16;48;2;213;41;82m▀[38;2;148;32;16;48;2;213;41;82m▀[38;2;0;90;255;48;2;16;16;16m▀[38;2;213;41;82;48;2;148;32;16m▀[38;2;148;32;16;48;2;255;82;74m▀[38;2;255;82;74;48;2;255;82;74m▀[38;2;255;82;74;48;2;255;82;74m▀[38;2;255;82;74;48;2;255;82;74m▀[38;2;255;82;74;48;2;255;82;74m▀[38;2;255;82;74;48;2;255;82;74m▀[38;2;255;82;74;48;2;232;59;78m▀[38;2;232;59;78;48;2;213;41;82m▀[38;2;213;41;82;48;2;0;0;0m▀[38;2;213;41;82;48;2;0;0;0m▀[38;2;213;41;82;48;2;0;0;0m▀[38;2;0;0;0;48;2;255;82;74m▀[38;2;0;0;0;48;2;213;41;82m▀[38;2;255;82;74;48;2;213;41;82m▀[38;2;213;41;82;48;2;180;139;90m▀[38;2;213;41;82;48;2;148;32;16m▀[38;2;213;41;82;48;2;148;32;16m▀[38;2;148;32;16;48;2;0;0;0m▀[38;2;0;0;0m▀[0m [0m [0m [0m [0m [0m [0m [0m [0m [0m [0m [0m [0m [0m [0m [0m [0m [0m [0m [0m
[38;2;0;0;0m▀[38;2;16;16;16;48;2;0;0;0m▀[38;2;16;16;16;48;2;0;0;0m▀[38;2;16;16;16;48;2;0;0;0m▀[38;2;0;0;0m▀[38;2;0;0;0m▀[38;2;106;106;106;48;2;0;0;0m▀[38;2;255;255;255;48;2;16;16;16m▀[38;2;16;16;16;48;2;0;0;0m▀[38;2;16;16;16;48;2;0;0;0m▀[38;2;0;0;0m▀[0m [0m [0m [0m [0m [0m [38;2;0;0;0m▄[38;2;0;0;0;48;2;213;41;82m▀[38;2;0;0;0;48;2;148;32;16m▀[38;2;148;32;16;48;2;255;82;74m▀[38;2;148;32;16;48;2;255;82;74m▀[38;2;148;32;16;48;2;255;82;74m▀[38;2;213;41;82;48;2;232;59;78m▀[38;2;213;41;82;48;2;213;41;82m▀[38;2;213;41;82;48;2;213;41;82m▀[38;2;213;41;82;48;2;213;41;82m▀[38;2;180;139;90;48;2;213;41;82m▀[38;2;180;139;90;48;2;213;41;82m▀[38;2;213;41;82;48;2;213;41;82m▀[38;2;213;41;82;48;2;213;41;82m▀[38;2;213;41;82;48;2;213;41;82m▀[38;2;213;41;82;48;2;16;16;16m▀[38;2;16;16;16;48;2;255;255;255m▀[38;2;16;16;16;48;2;255;255;255m▀[38;2;180;180;180;48;2;106;106;106m▀[38;2;148;32;16;48;2;255;255;255m▀[38;2;148;32;16;48;2;255;255;255m▀[38;2;255;82;74;48;2;213;41;82m▀[38;2;255;82;74;48;2;148;32;16m▀[38;2;255;82;74;48;2;148;32;16m▀[38;2;255;82;74;48;2;148;32;16m▀[38;2;232;59;78;48;2;213;41;82m▀[38;2;213;41;82;48;2;0;0;0m▀[38;2;0;0;0;48;2;213;41;82m▀[38;2;213;41;82;48;2;213;41;82m▀[38;2;213;41;82;48;2;213;41;82m▀[38;2;213;41;82;48;2;213;41;82m▀[38;2;213;41;82;48;2;213;41;82m▀[38;2;213;41;82;48;2;180;139;90m▀[38;2;180;139;90;48;2;16;16;16m▀[38;2;148;32;16;48;2;0;0;0m▀[38;2;0;0;0m▀[38;2;0;0;0m▀[0m [0m [0m [0m [0m [0m [0m [0m [0m [0m [0m [0m [0m [0m [0m [0m [0m [0m [0m [0m [0m [0m
[0m [0m [0m [0m [0m [0m [0m [38;2;0;0;0m▀[0m [0m [0m [0m [0m [0m [0m [38;2;0;0;0m▄[38;2;0;0;0;48;2;0;0;0m▀[38;2;213;41;82;48;2;213;41;82m▀[38;2;255;82;74;48;2;255;82;74m▀[38;2;255;82;74;48;2;255;82;74m▀[38;2;255;82;74;48;2;255;82;74m▀[38;2;255;82;74;48;2;255;82;74m▀[38;2;255;82;74;48;2;255;82;74m▀[38;2;232;59;78;48;2;232;59;78m▀[38;2;213;41;82;48;2;213;41;82m▀[38;2;213;41;82;48;2;213;41;82m▀[38;2;0;0;0;48;2;0;0;0m▀[38;2;0;0;0;48;2;0;0;0m▀[38;2;0;0;0;48;2;0;0;0m▀[38;2;0;0;0;48;2;0;0;0m▀[38;2;213;41;82;48;2;213;41;82m▀[38;2;232;59;78;48;2;232;59;78m▀[38;2;16;16;16;48;2;16;16;16m▀[38;2;106;106;106;48;2;106;106;106m▀[38;2;106;106;106;48;2;106;106;106m▀[38;2;255;255;255;48;2;255;255;255m▀[38;2;255;255;255;48;2;255;255;255m▀[38;2;180;180;180;48;2;180;180;180m▀[38;2;148;32;16;48;2;148;32;16m▀[38;2;180;180;180;48;2;180;180;180m▀[38;2;180;180;180;48;2;180;180;180m▀[38;2;180;180;180;48;2;180;180;180m▀[38;2;148;32;16;48;2;148;32;16m▀[38;2;0;0;0;48;2;0;0;0m▀[38;2;213;41;82;48;2;213;41;82m▀[38;2;180;139;90;48;2;180;139;90m▀[38;2;180;139;90;48;2;180;139;90m▀[38;2;180;139;90;48;2;180;139;90m▀[38;2;180;139;90;48;2;180;139;90m▀[38;2;16;16;16;48;2;16;16;16m▀[38;2;0;0;0;48;2;0;0;0m▀[0m [0m [0m [0m [0m [0m [0m [0m [0m [0m [0m [0m [0m [0m [0m [0m [0m [0m [0m [0m [0m [0m [0m [0m [0m
[0m [0m [0m [0m [0m [0m [0m [0m [0m [0m [0m [0m [0m [0m [38;2;0;0;0;48;2;0;0;0m▀[38;2;213;41;82;48;2;0;0;0m▀[38;2;213;41;82;48;2;0;0;0m▀[38;2;255;82;74;48;2;255;82;74m▀[38;2;255;82;74;48;2;255;82;74m▀[38;2;255;82;74;48;2;255;82;74m▀[38;2;255;82;74;48;2;255;82;74m▀[38;2;255;82;74;48;2;232;59;78m▀[38;2;255;82;74;48;2;232;59;78m▀[38;2;232;59;78;48;2;0;0;0m▀[38;2;0;0;0;48;2;0;0;0m▀[38;2;0;0;0;48;2;0;0;0m▀[38;2;0;0;0m▀[38;2;0;0;0m▀[38;2;0;0;0m▀[38;2;0;0;0m▀[38;2;0;0;0;48;2;0;0;0m▀[38;2;232;59;78;48;2;0;0;0m▀[38;2;255;82;74;48;2;232;59;78m▀[38;2;106;106;106;48;2;16;16;16m▀[38;2;106;106;106;48;2;16;16;16m▀[38;2;255;255;255;48;2;16;16;16m▀[38;2;16;16;16;48;2;255;82;74m▀[38;2;16;16;16;48;2;148;32;16m▀[38;2;106;106;106;48;2;106;106;106m▀[38;2;255;255;255;48;2;255;255;255m▀[38;2;180;180;180;48;2;16;16;16m▀[38;2;180;180;180;48;2;16;16;16m▀[38;2;16;16;16;48;2;180;139;90m▀[38;2;180;139;90;48;2;180;139;90m▀[38;2;180;139;90;48;2;16;16;16m▀[38;2;180;139;90;48;2;16;16;16m▀[38;2;16;16;16;48;2;0;0;0m▀[38;2;16;16;16;48;2;0;0;0m▀[38;2;16;16;16;48;2;0;0;0m▀[38;2;0;0;0m▀[0m [0m [0m [0m [0m [0m [0m [0m [0m [0m [0m [0m [0m [0m [0m [0m [0m [0m [0m [0m [0m [0m [0m [0m [0m [0m
[0m [0m [0m [0m [0m [0m [0m [0m [0m [0m [0m [0m [0m [0m [38;2;0;0;0m▀[38;2;0;0;0;48;2;0;0;0m▀[38;2;0;0;0;48;2;0;0;0m▀[38;2;213;41;82;48;2;0;0;0m▀[38;2;232;59;78;48;2;213;41;82m▀[38;2;232;59;78;48;2;213;41;82m▀[38;2;232;59;78;48;2;148;32;16m▀[38;2;0;0;0;48;2;213;41;82m▀[38;2;0;0;0;48;2;213;41;82m▀[38;2;0;0;0;48;2;0;0;0m▀[38;2;0;0;0m▄[0m [0m [0m [0m [0m [0m [38;2;0;0;0;48;2;0;0;0m▀[38;2;0;0;0;48;2;0;0;0m▀[38;2;232;59;78;48;2;213;41;82m▀[38;2;232;59;78;48;2;213;41;82m▀[38;2;255;82;74;48;2;232;59;78m▀[38;2;255;82;74;48;2;232;59;78m▀[38;2;232;59;78;48;2;213;41;82m▀[38;2;0;0;0;48;2;213;41;82m▀[38;2;16;16;16;48;2;0;0;0m▀[38;2;16;16;16;48;2;0;0;0m▀[38;2;16;16;16;48;2;0;0;0m▀[38;2;16;16;16;48;2;0;0;0m▀[38;2;16;16;16;48;2;0;0;0m▀[38;2;0;0;0m▀[38;2;0;0;0m▀[0m [0m [0m [0m [0m [0m [0m [0m [0m [0m [0m [0m [0m [0m [0m [0m [0m [0m [0m [0m [0m [0m [0m [0m [0m [0m [0m [0m [0m [0m
[0m [0m [0m [0m [0m [0m [0m [0m [0m [0m [0m [0m [0m [0m [0m [0m [0m [38;2;0;0;0;48;2;0;0;0m▀[38;2;0;0;0;48;2;0;0;0m▀[38;2;213;41;82;48;2;213;41;82m▀[38;2;213;41;82;48;2;213;41;82m▀[38;2;213;41;82;48;2;213;41;82m▀[38;2;213;41;82;48;2;213;41;82m▀[38;2;213;41;82;48;2;213;41;82m▀[38;2;0;0;0;48;2;0;0;0m▀[38;2;0;0;0;48;2;0;0;0m▀[0m [0m [0m [0m [0m [0m [38;2;0;0;0;48;2;0;0;0m▀[38;2;148;32;16;48;2;148;32;16m▀[38;2;148;32;16;48;2;148;32;16m▀[38;2;213;41;82;48;2;213;41;82m▀[38;2;213;41;82;48;2;213;41;82m▀[38;2;213;41;82;48;2;213;41;82m▀[38;2;213;41;82;48;2;213;41;82m▀[38;2;0;0;0;48;2;0;0;0m▀[38;2;0;0;0;48;2;0;0;0m▀[0m [0m [0m [0m [0m [0m [0m [0m [0m [0m [0m [0m [0m [0m [0m [0m [0m [0m [0m [0m [0m [0m [0m [0m [0m [0m [0m [0m [0m [0m [0m [0m [0m [0m [0m
[0m [0m [0m [0m [0m [0m [0m [0m [0m [0m [0m [0m [0m [0m [0m [0m [0m [38;2;0;0;0m▄[38;2;0;0;0;48;2;148;32;16m▀[38;2;0;0;0;48;2;232;59;78m▀[38;2;213;41;82;48;2;232;59;78m▀[38;2;213;41;82;48;2;213;41;82m▀[38;2;213;41;82;48;2;213;41;82m▀[38;2;213;41;82;48;2;0;0;0m▀[38;2;0;0;0;48;2;0;0;0m▀[38;2;0;0;0m▀[0m [0m [0m [0m [0m [0m [38;2;0;0;0m▀[38;2;0;0;0;48;2;0;0;0m▀[38;2;0;0;0;48;2;0;0;0m▀[38;2;213;41;82;48;2;0;0;0m▀[38;2;213;41;82;48;2;213;41;82m▀[38;2;213;41;82;48;2;213;41;82m▀[38;2;213;41;82;48;2;213;41;82m▀[38;2;0;0;0;48;2;0;0;0m▀[38;2;0;0;0;48;2;0;0;0m▀[38;2;0;0;0m▄[0m [0m [0m [0m [0m [0m [0m [0m [0m [0m [0m [0m [0m [0m [0m [0m [0m [0m [0m [0m [0m [0m [0m [0m [0m [0m [0m [0m [0m [0m [0m [0m [0m [0m
[0m [0m [0m [0m [0m [0m [0m [0m [0m [0m [0m [0m [0m [0m [0m [0m [38;2;0;0;0;48;2;0;0;0m▀[38;2;148;32;16;48;2;0;0;0m▀[38;2;255;82;74;48;2;0;0;0m▀[38;2;213;41;82;48;2;148;32;16m▀[38;2;255;82;74;48;2;255;82;74m▀[38;2;232;59;78;48;2;0;0;0m▀[38;2;232;59;78;48;2;0;0;0m▀[38;2;0;0;0;48;2;0;0;0m▀[38;2;0;0;0m▀[0m [0m [0m [0m [0m [0m [0m [0m [38;2;0;0;0m▄[38;2;0;0;0;48;2;0;0;0m▀[38;2;0;0;0;48;2;148;32;16m▀[38;2;213;41;82;48;2;213;41;82m▀[38;2;213;41;82;48;2;213;41;82m▀[38;2;213;41;82;48;2;213;41;82m▀[38;2;213;41;82;48;2;213;41;82m▀[38;2;0;0;0;48;2;0;0;0m▀[38;2;0;0;0;48;2;0;0;0m▀[38;2;0;0;0;48;2;0;0;0m▀[0m [0m [0m [0m [0m [0m [0m [0m [0m [0m [0m [0m [0m [0m [0m [0m [0m [0m [0m [0m [0m [0m [0m [0m [0m [0m [0m [0m [0m [0m [0m [0m [0m
[0m [0m [0m [0m [0m [0m [0m [0m [0m [0m [0m [0m [0m [0m [0m [0m [0m [38;2;0;0;0m▀[38;2;0;0;0;48;2;0;0;0m▀[38;2;0;0;0;48;2;0;0;0m▀[38;2;0;0;0;48;2;0;0;0m▀[38;2;0;0;0;48;2;0;0;0m▀[38;2;0;0;0m▀[0m [0m [0m [0m [0m [0m [0m [0m [0m [38;2;0;0;0;48;2;0;0;0m▀[38;2;0;0;0;48;2;0;0;0m▀[38;2;0;0;0;48;2;0;0;0m▀[38;2;255;82;74;48;2;255;82;74m▀[38;2;213;41;82;48;2;213;41;82m▀[38;2;255;82;74;48;2;255;82;74m▀[38;2;213;41;82;48;2;213;41;82m▀[38;2;255;82;74;48;2;255;82;74m▀[38;2;0;0;0;48;2;0;0;0m▀[38;2;0;0;0;48;2;0;0;0m▀[38;2;0;0;0;48;2;0;0;0m▀[0m [0m [0m [0m [0m [0m [0m [0m [0m [0m [0m [0m [0m [0m [0m [0m [0m [0m [0m [0m [0m [0m [0m [0m [0m [0m [0m [0m [0m [0m [0m [0m [0m
[0m [0m [0m [0m [0m [0m [0m [0m [0m [0m [0m [0m [0m [0m [0m [0m [0m [0m [0m [38;2;0;0;0m▀[38;2;0;0;0m▀[0m [0m [0m [0m [0m [0m [0m [0m [0m [0m [0m [38;2;0;0;0m▀[38;2;0;0;0;48;2;0;0;0m▀[38;2;0;0;0;48;2;0;0;0m▀[38;2;0;0;0;48;2;0;0;0m▀[38;2;213;41;82;48;2;0;0;0m▀[38;2;255;148;123;48;2;0;0;0m▀[38;2;0;0;0;48;2;0;0;0m▀[38;2;255;148;123;48;2;0;0;0m▀[38;2;0;0;0;48;2;0;0;0m▀[38;2;0;0;0;48;2;0;0;0m▀[38;2;0;0;0m▀[0m [0m [0m [0m [0m [0m [0m [0m [0m [0m [0m [0m [0m [0m [0m [0m [0m [0m [0m [0m [0m [0m [0m [0m [0m [0m [0m [0m [0m [0m [0m [0m [0m
