[0m [0m [0m [0m [0m [0m [0m [0m [0m [0m [0m [0m [0m [0m [0m [0m [0m [0m [0m [0m [0m [0m [0m [0m [0m [0m [0m [0m [0m [0m [0m [0m [38;2;0;0;0m▄[38;2;0;0;0m▄[38;2;0;0;0m▄[38;2;0;0;0;48;2;49;49;49m▀[38;2;0;0;0;48;2;49;49;49m▀[38;2;0;0;0;48;2;49;49;49m▀[38;2;0;0;0m▄[38;2;0;0;0m▄[38;2;0;0;0m▄[38;2;0;0;0m▄[0m [0m [0m [0m [0m [0m [0m [0m [0m [0m [0m [0m [0m [0m [0m [0m [0m [0m [0m [0m [0m [0m [0m [0m [0m [0m [0m [0m [0m [0m [0m [0m [0m
[0m [0m [0m [0m [0m [0m [0m [0m [0m [0m [0m [0m [0m [0m [0m [0m [0m [0m [0m [0m [0m [0m [0m [0m [0m [0m [0m [0m [0m [0m [38;2;0;0;0m▄[38;2;0;0;0;48;2;0;0;0m▀[38;2;49;49;49;48;2;49;49;49m▀[38;2;49;49;49;48;2;49;49;49m▀[38;2;49;49;49;48;2;49;49;49m▀[38;2;191;191;191;48;2;191;191;191m▀[38;2;191;191;191;48;2;191;191;191m▀[38;2;88;87;87;48;2;88;87;87m▀[38;2;49;49;49;48;2;49;49;49m▀[38;2;49;49;49;48;2;49;49;49m▀[38;2;49;49;49;48;2;49;49;49m▀[38;2;49;49;49;48;2;49;49;49m▀[38;2;0;0;0;48;2;0;0;0m▀[0m [0m [0m [0m [0m [0m [0m [0m [0m [0m [0m [0m [0m [0m [0m [0m [0m [0m [0m [0m [0m [0m [0m [0m [0m [0m [0m [0m [0m [0m [0m [0m
[0m [0m [0m [0m [0m [0m [0m [0m [0m [0m [0m [0m [0m [0m [0m [0m [0m [0m [0m [0m [0m [0m [0m [0m [0m [0m [0m [38;2;0;0;0m▄[38;2;0;0;0m▄[38;2;0;0;0;48;2;49;49;49m▀[38;2;49;49;49;48;2;156;156;156m▀[38;2;49;49;49;48;2;49;49;49m▀[38;2;49;49;49;48;2;191;191;191m▀[38;2;191;191;191;48;2;88;87;87m▀[38;2;191;191;191;48;2;88;87;87m▀[38;2;156;156;156;48;2;88;87;87m▀[38;2;88;87;87;48;2;49;49;49m▀[38;2;49;49;49;48;2;193;193;193m▀[38;2;191;191;191;48;2;88;87;87m▀[38;2;156;156;156;48;2;90;89;89m▀[38;2;156;156;156;48;2;90;89;89m▀[38;2;156;156;156;48;2;88;87;87m▀[38;2;10;10;10;48;2;49;49;49m▀[38;2;0;0;0;48;2;0;0;0m▀[0m [0m [0m [0m [0m [0m [0m [0m [0m [0m [0m [0m [0m [0m [0m [0m [0m [0m [0m [0m [0m [0m [0m [0m [0m [0m [0m [0m [0m [0m [0m
[0m [0m [0m [0m [0m [0m [0m [0m [0m [38;2;0;0;0m▄[38;2;0;0;0;48;2;212;172;204m▀[38;2;0;0;0m▄[38;2;0;0;0m▄[38;2;0;0;0;48;2;212;172;204m▀[38;2;0;0;0m▄[0m [0m [38;2;0;0;0m▄[38;2;0;0;0m▄[0m [0m [0m [0m [0m [0m [0m [38;2;0;0;0;48;2;0;0;0m▀[38;2;49;49;49;48;2;49;49;49m▀[38;2;49;49;49;48;2;49;49;49m▀[38;2;156;156;156;48;2;156;156;156m▀[38;2;88;87;87;48;2;49;49;49m▀[38;2;49;49;49;48;2;156;156;156m▀[38;2;156;156;156;48;2;88;87;87m▀[38;2;88;87;87;48;2;49;49;49m▀[38;2;88;87;87;48;2;49;49;49m▀[38;2;49;49;49;48;2;156;156;156m▀[38;2;191;191;191;48;2;88;87;87m▀[38;2;88;87;87;48;2;90;89;89m▀[38;2;90;89;89;48;2;7;5;7m▀[38;2;90;89;89;48;2;7;5;7m▀[38;2;90;89;89;48;2;7;5;7m▀[38;2;88;87;87;48;2;8;6;8m▀[38;2;88;87;87;48;2;88;87;87m▀[38;2;4;4;4;48;2;4;4;4m▀[38;2;0;0;0;48;2;0;0;0m▀[0m [0m [0m [0m [0m [0m [0m [0m [0m [0m [0m [0m [0m [0m [0m [38;2;0;0;0m▄[0m [0m [38;2;0;0;0m▄[0m [0m [0m [0m [0m [0m [0m [0m [0m [0m [0m
[0m [0m [0m [0m [0m [0m [0m [38;2;0;0;0m▄[0m [0m [38;2;0;0;0m▀[0m [38;2;0;0;0;48;2;0;0;0m▀[38;2;212;172;204;48;2;212;172;204m▀[38;2;0;0;0;48;2;0;0;0m▀[0m [38;2;0;0;0;48;2;0;0;0m▀[38;2;212;172;204;48;2;212;172;204m▀[38;2;212;172;204;48;2;212;172;204m▀[38;2;0;0;0;48;2;0;0;0m▀[0m [0m [0m [0m [0m [0m [38;2;0;0;0;48;2;0;0;0m▀[38;2;49;49;49;48;2;49;49;49m▀[38;2;49;49;49;48;2;49;49;49m▀[38;2;159;159;159;48;2;159;159;159m▀[38;2;49;49;49;48;2;49;49;49m▀[38;2;88;87;87;48;2;88;87;87m▀[38;2;88;87;87;48;2;88;87;87m▀[38;2;49;49;49;48;2;49;49;49m▀[38;2;49;49;49;48;2;49;49;49m▀[38;2;88;87;87;48;2;88;87;87m▀[38;2;90;89;89;48;2;90;89;89m▀[38;2;7;5;7;48;2;7;5;7m▀[38;2;114;74;105;48;2;114;74;105m▀[38;2;115;74;106;48;2;115;74;106m▀[38;2;115;74;106;48;2;115;74;106m▀[38;2;111;73;102;48;2;111;73;102m▀[38;2;49;49;49;48;2;49;49;49m▀[38;2;10;7;10;48;2;10;7;10m▀[38;2;0;0;0;48;2;0;0;0m▀[0m [0m [0m [0m [0m [0m [0m [0m [0m [0m [38;2;0;0;0m▄[38;2;0;0;0m▄[0m [0m [38;2;0;0;0;48;2;0;0;0m▀[38;2;212;172;204;48;2;212;172;204m▀[38;2;0;0;0;48;2;0;0;0m▀[38;2;0;0;0;48;2;0;0;0m▀[38;2;212;172;204;48;2;212;172;204m▀[38;2;0;0;0;48;2;0;0;0m▀[0m [0m [0m [0m [0m [0m [0m [0m [0m [0m
[0m [0m [0m [0m [0m [38;2;0;0;0m▄[38;2;0;0;0m▀[38;2;212;172;204;48;2;0;0;0m▀[38;2;0;0;0m▀[38;2;0;0;0m▄[38;2;0;0;0;48;2;212;172;204m▀[38;2;0;0;0;48;2;0;0;0m▀[38;2;212;172;204;48;2;0;0;0m▀[38;2;212;172;204;48;2;0;0;0m▀[38;2;0;0;0;48;2;212;172;204m▀[38;2;0;0;0;48;2;212;172;204m▀[38;2;0;0;0;48;2;212;172;204m▀[38;2;0;0;0;48;2;0;0;0m▀[38;2;0;0;0m▀[38;2;212;172;204;48;2;0;0;0m▀[38;2;0;0;0m▀[0m [0m [0m [0m [0m [38;2;0;0;0;48;2;0;0;0m▀[38;2;7;7;7;48;2;12;9;12m▀[38;2;7;7;7;48;2;12;9;12m▀[38;2;159;159;159;48;2;164;164;164m▀[38;2;10;10;10;48;2;14;12;14m▀[38;2;88;87;87;48;2;88;87;87m▀[38;2;88;87;87;48;2;49;49;49m▀[38;2;4;4;4;48;2;9;7;9m▀[38;2;4;4;4;48;2;9;7;9m▀[38;2;88;87;87;48;2;90;89;89m▀[38;2;7;5;7;48;2;114;74;105m▀[38;2;114;74;105;48;2;111;72;103m▀[38;2;115;74;106;48;2;111;72;103m▀[38;2;115;74;106;48;2;20;18;19m▀[38;2;115;74;106;48;2;20;18;19m▀[38;2;112;73;103;48;2;185;145;176m▀[38;2;112;73;103;48;2;115;74;106m▀[38;2;109;71;101;48;2;112;72;104m▀[38;2;57;41;57;48;2;6;3;6m▀[38;2;0;0;0;48;2;0;0;0m▀[38;2;0;0;0m▄[0m [0m [0m [0m [0m [0m [38;2;0;0;0m▄[38;2;0;0;0;48;2;212;172;204m▀[38;2;212;172;204;48;2;0;0;0m▀[38;2;212;172;204;48;2;0;0;0m▀[38;2;0;0;0;48;2;0;0;0m▀[38;2;0;0;0m▄[38;2;0;0;0;48;2;0;0;0m▀[38;2;212;172;204;48;2;212;172;204m▀[38;2;0;0;0;48;2;212;172;204m▀[38;2;0;0;0m▄[38;2;0;0;0;48;2;0;0;0m▀[0m [38;2;0;0;0m▄[38;2;0;0;0;48;2;212;172;204m▀[38;2;0;0;0m▄[0m [0m [0m [0m [0m [0m [0m
[0m [38;2;0;0;0m▄[38;2;0;0;0;48;2;212;172;204m▀[38;2;0;0;0;48;2;212;172;204m▀[38;2;0;0;0;48;2;212;172;204m▀[38;2;212;172;204;48;2;0;0;0m▀[38;2;0;0;0m▀[0m [0m [38;2;0;0;0m▄[38;2;0;0;0;48;2;212;172;204m▀[38;2;0;0;0m▄[38;2;0;0;0m▄[38;2;0;0;0;48;2;212;172;204m▀[38;2;0;0;0;48;2;0;0;0m▀[38;2;0;0;0m▀[38;2;0;0;0;48;2;0;0;0m▀[38;2;0;0;0;48;2;212;172;204m▀[38;2;0;0;0;48;2;0;0;0m▀[38;2;212;172;204;48;2;0;0;0m▀[38;2;0;0;0m▀[0m [0m [0m [0m [38;2;0;0;0;48;2;0;0;0m▀[38;2;58;41;58;48;2;58;41;58m▀[38;2;114;75;106;48;2;255;255;255m▀[38;2;114;75;106;48;2;255;255;255m▀[38;2;16;12;15;48;2;18;17;18m▀[38;2;134;96;127;48;2;139;98;131m▀[38;2;9;7;9;48;2;139;98;131m▀[38;2;133;95;125;48;2;139;98;131m▀[38;2;9;7;9;48;2;139;98;131m▀[38;2;9;7;9;48;2;139;98;131m▀[38;2;12;8;11;48;2;139;98;131m▀[38;2;131;93;124;48;2;21;19;20m▀[38;2;133;94;126;48;2;255;255;255m▀[38;2;20;18;19;48;2;255;255;255m▀[38;2;255;255;255;48;2;255;255;255m▀[38;2;255;255;255;48;2;255;255;255m▀[38;2;255;255;255;48;2;255;255;255m▀[38;2;218;216;217;48;2;255;255;255m▀[38;2;115;74;106;48;2;115;74;106m▀[38;2;112;72;104;48;2;112;72;104m▀[38;2;57;41;57;48;2;6;3;6m▀[38;2;57;41;57;48;2;6;3;6m▀[38;2;0;0;0;48;2;0;0;0m▀[0m [0m [0m [0m [0m [38;2;0;0;0m▄[38;2;0;0;0;48;2;212;172;204m▀[38;2;0;0;0m▄[38;2;0;0;0;48;2;0;0;0m▀[38;2;212;172;204;48;2;0;0;0m▀[38;2;212;172;204;48;2;0;0;0m▀[38;2;212;172;204;48;2;0;0;0m▀[38;2;0;0;0;48;2;0;0;0m▀[38;2;0;0;0m▀[38;2;0;0;0m▀[38;2;212;172;204;48;2;0;0;0m▀[38;2;0;0;0m▀[0m [38;2;0;0;0m▀[38;2;0;0;0m▄[38;2;0;0;0;48;2;212;172;204m▀[38;2;0;0;0m▄[38;2;0;0;0m▄[38;2;0;0;0m▄[0m [0m [0m
[0m [38;2;0;0;0;48;2;0;0;0m▀[38;2;212;172;204;48;2;212;172;204m▀[38;2;212;172;204;48;2;212;172;204m▀[38;2;0;0;0;48;2;0;0;0m▀[38;2;0;0;0m▄[0m [0m [38;2;0;0;0m▄[38;2;0;0;0m▄[38;2;0;0;0;48;2;0;0;0m▀[38;2;0;0;0;48;2;0;0;0m▀[38;2;212;172;204;48;2;212;172;204m▀[38;2;0;0;0;48;2;0;0;0m▀[0m [38;2;0;0;0;48;2;0;0;0m▀[38;2;212;172;204;48;2;212;172;204m▀[38;2;212;172;204;48;2;212;172;204m▀[38;2;0;0;0;48;2;0;0;0m▀[38;2;212;172;204;48;2;212;172;204m▀[38;2;0;0;0;48;2;0;0;0m▀[0m [0m [0m [0m [38;2;0;0;0;48;2;0;0;0m▀[38;2;58;41;58;48;2;58;41;58m▀[38;2;255;255;255;48;2;255;255;255m▀[38;2;255;255;255;48;2;255;255;255m▀[38;2;255;255;255;48;2;255;255;255m▀[38;2;16;16;16;48;2;16;16;16m▀[38;2;139;98;131;48;2;139;98;131m▀[38;2;139;98;131;48;2;139;98;131m▀[38;2;139;98;131;48;2;139;98;131m▀[38;2;139;98;131;48;2;139;98;131m▀[38;2;16;16;16;48;2;16;16;16m▀[38;2;255;255;255;48;2;255;255;255m▀[38;2;255;255;255;48;2;255;255;255m▀[38;2;255;255;255;48;2;255;255;255m▀[38;2;255;255;255;48;2;255;255;255m▀[38;2;255;255;255;48;2;255;255;255m▀[38;2;255;255;255;48;2;255;255;255m▀[38;2;249;248;249;48;2;249;248;249m▀[38;2;115;74;106;48;2;115;74;106m▀[38;2;115;74;106;48;2;115;74;106m▀[38;2;4;2;4;48;2;4;2;4m▀[38;2;4;2;4;48;2;4;2;4m▀[38;2;0;0;0;48;2;0;0;0m▀[0m [0m [0m [0m [0m [0m [38;2;0;0;0;48;2;0;0;0m▀[38;2;0;0;0;48;2;0;0;0m▀[38;2;212;172;204;48;2;212;172;204m▀[38;2;0;0;0;48;2;0;0;0m▀[0m [38;2;0;0;0;48;2;0;0;0m▀[38;2;212;172;204;48;2;212;172;204m▀[38;2;0;0;0;48;2;0;0;0m▀[38;2;0;0;0;48;2;0;0;0m▀[38;2;212;172;204;48;2;212;172;204m▀[38;2;0;0;0;48;2;0;0;0m▀[0m [0m [0m [38;2;0;0;0;48;2;0;0;0m▀[38;2;212;172;204;48;2;212;172;204m▀[38;2;212;172;204;48;2;212;172;204m▀[38;2;212;172;204;48;2;212;172;204m▀[38;2;0;0;0;48;2;0;0;0m▀[0m [0m
[0m [38;2;0;0;0m▄[38;2;0;0;0m▀[38;2;0;0;0m▀[38;2;0;0;0m▀[38;2;212;172;204;48;2;0;0;0m▀[38;2;0;0;0;48;2;0;0;0m▀[38;2;0;0;0;48;2;210;171;203m▀[38;2;212;172;204;48;2;210;171;203m▀[38;2;212;172;204;48;2;210;171;203m▀[38;2;210;171;203;48;2;211;170;203m▀[38;2;210;171;203;48;2;189;148;180m▀[38;2;211;171;203;48;2;211;171;203m▀[38;2;212;172;204;48;2;208;167;200m▀[38;2;0;0;0;48;2;207;167;199m▀[38;2;0;0;0;48;2;207;167;199m▀[38;2;0;0;0;48;2;207;166;200m▀[38;2;207;167;200;48;2;100;73;100m▀[38;2;0;0;0;48;2;100;73;100m▀[38;2;0;0;0;48;2;100;73;100m▀[38;2;0;0;0;48;2;207;166;200m▀[38;2;0;0;0m▄[38;2;0;0;0m▄[0m [0m [38;2;0;0;0;48;2;0;0;0m▀[38;2;58;41;58;48;2;58;41;58m▀[38;2;255;255;255;48;2;255;255;255m▀[38;2;255;255;255;48;2;255;255;255m▀[38;2;115;74;106;48;2;57;41;57m▀[38;2;250;249;250;48;2;219;217;218m▀[38;2;139;98;131;48;2;139;98;131m▀[38;2;139;98;131;48;2;139;98;131m▀[38;2;139;98;131;48;2;139;98;131m▀[38;2;139;98;131;48;2;139;98;131m▀[38;2;250;249;250;48;2;219;217;218m▀[38;2;115;74;106;48;2;57;41;57m▀[38;2;255;255;255;48;2;255;255;255m▀[38;2;255;255;255;48;2;255;255;255m▀[38;2;255;255;255;48;2;255;255;255m▀[38;2;255;255;255;48;2;255;255;255m▀[38;2;255;255;255;48;2;255;255;255m▀[38;2;218;216;217;48;2;185;145;176m▀[38;2;115;74;106;48;2;115;74;106m▀[38;2;115;74;106;48;2;115;74;106m▀[38;2;115;74;106;48;2;115;74;106m▀[38;2;115;74;106;48;2;115;74;106m▀[38;2;4;2;4;48;2;4;2;4m▀[38;2;0;0;0;48;2;0;0;0m▀[0m [0m [0m [0m [38;2;0;0;0;48;2;0;0;0m▀[38;2;212;172;204;48;2;0;0;0m▀[38;2;0;0;0;48;2;0;0;0m▀[38;2;212;172;204;48;2;201;161;194m▀[38;2;212;172;204;48;2;0;0;0m▀[38;2;0;0;0;48;2;0;0;0m▀[38;2;0;0;0m▄[38;2;0;0;0;48;2;212;172;204m▀[38;2;212;172;204;48;2;211;171;203m▀[38;2;0;0;0;48;2;210;171;203m▀[38;2;0;0;0;48;2;210;171;203m▀[38;2;0;0;0;48;2;212;172;204m▀[38;2;0;0;0;48;2;212;172;204m▀[38;2;0;0;0m▄[38;2;0;0;0m▄[38;2;0;0;0;48;2;212;172;204m▀[38;2;0;0;0;48;2;0;0;0m▀[38;2;212;172;204;48;2;0;0;0m▀[38;2;212;172;204;48;2;0;0;0m▀[38;2;0;0;0m▀[0m [0m
[38;2;0;0;0m▀[38;2;212;172;204;48;2;0;0;0m▀[38;2;0;0;0;48;2;212;172;204m▀[38;2;0;0;0;48;2;212;172;204m▀[38;2;0;0;0m▄[38;2;0;0;0;48;2;210;171;203m▀[38;2;212;172;204;48;2;212;171;204m▀[38;2;212;171;204;48;2;212;171;204m▀[38;2;189;148;180;48;2;189;148;180m▀[38;2;189;148;180;48;2;189;148;180m▀[38;2;208;170;202;48;2;181;140;173m▀[38;2;189;148;180;48;2;137;96;129m▀[38;2;183;142;175;48;2;135;92;128m▀[38;2;180;138;172;48;2;61;43;61m▀[38;2;98;71;98;48;2;198;152;191m▀[38;2;98;71;98;48;2;198;152;191m▀[38;2;100;73;100;48;2;203;157;196m▀[38;2;203;157;196;48;2;202;156;195m▀[38;2;203;157;196;48;2;206;160;198m▀[38;2;203;157;196;48;2;202;156;195m▀[38;2;100;73;100;48;2;202;156;195m▀[38;2;98;71;98;48;2;174;120;165m▀[38;2;98;71;98;48;2;174;120;165m▀[38;2;0;0;0;48;2;47;33;47m▀[38;2;0;0;0;48;2;57;40;57m▀[38;2;0;0;0;48;2;58;41;58m▀[38;2;133;93;126;48;2;139;98;131m▀[38;2;222;222;222;48;2;132;92;125m▀[38;2;222;222;222;48;2;132;92;125m▀[38;2;218;216;217;48;2;57;41;57m▀[38;2;134;94;127;48;2;134;94;127m▀[38;2;135;95;128;48;2;135;95;128m▀[38;2;135;95;128;48;2;57;41;57m▀[38;2;135;95;128;48;2;135;95;128m▀[38;2;135;95;128;48;2;135;95;128m▀[38;2;134;95;127;48;2;134;95;127m▀[38;2;218;216;217;48;2;133;94;126m▀[38;2;222;222;222;48;2;110;71;102m▀[38;2;222;222;222;48;2;114;73;105m▀[38;2;218;216;217;48;2;111;71;103m▀[38;2;218;216;217;48;2;111;71;103m▀[38;2;185;145;176;48;2;57;41;57m▀[38;2;110;71;102;48;2;112;72;104m▀[38;2;115;74;106;48;2;115;74;106m▀[38;2;115;74;106;48;2;115;74;106m▀[38;2;115;74;106;48;2;115;74;106m▀[38;2;115;74;106;48;2;115;74;106m▀[38;2;4;2;4;48;2;4;2;4m▀[38;2;0;0;0;48;2;0;0;0m▀[38;2;0;0;0m▄[38;2;0;0;0m▄[38;2;0;0;0;48;2;98;71;98m▀[38;2;0;0;0;48;2;98;71;98m▀[38;2;198;158;192;48;2;100;73;100m▀[38;2;100;73;100;48;2;203;157;196m▀[38;2;100;73;100;48;2;203;157;196m▀[38;2;100;73;100;48;2;203;157;196m▀[38;2;198;157;191;48;2;100;73;100m▀[38;2;200;161;194;48;2;98;71;98m▀[38;2;200;161;194;48;2;98;71;98m▀[38;2;202;161;195;48;2;167;127;160m▀[38;2;211;171;203;48;2;178;136;169m▀[38;2;189;148;180;48;2;189;148;180m▀[38;2;211;170;203;48;2;208;170;202m▀[38;2;210;171;203;48;2;189;148;180m▀[38;2;210;171;203;48;2;189;148;180m▀[38;2;210;171;203;48;2;212;171;204m▀[38;2;0;0;0;48;2;212;172;204m▀[38;2;0;0;0;48;2;0;0;0m▀[0m [38;2;0;0;0m▄[38;2;0;0;0m▄[38;2;0;0;0;48;2;212;172;204m▀[38;2;0;0;0m▄[0m
[38;2;0;0;0m▄[0m [38;2;0;0;0;48;2;0;0;0m▀[38;2;0;0;0;48;2;0;0;0m▀[38;2;210;171;203;48;2;210;171;203m▀[38;2;189;148;180;48;2;189;148;180m▀[38;2;212;171;204;48;2;212;171;204m▀[38;2;189;148;180;48;2;189;148;180m▀[38;2;181;140;173;48;2;181;140;173m▀[38;2;181;140;173;48;2;181;140;173m▀[38;2;126;86;120;48;2;126;86;120m▀[38;2;100;73;100;48;2;100;73;100m▀[38;2;18;11;16;48;2;18;11;16m▀[38;2;177;124;168;48;2;177;124;168m▀[38;2;201;156;194;48;2;201;156;194m▀[38;2;201;156;194;48;2;201;156;194m▀[38;2;206;160;198;48;2;206;160;198m▀[38;2;206;160;198;48;2;206;160;198m▀[38;2;182;127;171;48;2;182;127;171m▀[38;2;182;127;171;48;2;182;127;171m▀[38;2;182;127;171;48;2;182;127;171m▀[38;2;177;124;168;48;2;177;124;168m▀[38;2;177;124;168;48;2;177;124;168m▀[38;2;156;106;148;48;2;156;106;148m▀[38;2;92;60;85;48;2;92;60;85m▀[38;2;10;6;10;48;2;10;6;10m▀[38;2;95;62;88;48;2;95;62;88m▀[38;2;133;93;126;48;2;133;93;126m▀[38;2;133;93;126;48;2;133;93;126m▀[38;2;133;93;126;48;2;133;93;126m▀[38;2;129;90;122;48;2;129;90;122m▀[38;2;131;92;124;48;2;131;92;124m▀[38;2;131;92;124;48;2;131;92;124m▀[38;2;129;90;122;48;2;129;90;122m▀[38;2;129;90;122;48;2;129;90;122m▀[38;2;132;93;125;48;2;132;93;125m▀[38;2;132;92;125;48;2;132;92;125m▀[38;2;132;92;125;48;2;132;92;125m▀[38;2;92;60;85;48;2;92;60;85m▀[38;2;9;5;9;48;2;9;5;9m▀[38;2;9;5;9;48;2;9;5;9m▀[38;2;56;40;56;48;2;56;40;56m▀[38;2;112;72;104;48;2;112;72;104m▀[38;2;115;74;106;48;2;115;74;106m▀[38;2;111;72;103;48;2;111;72;103m▀[38;2;5;2;5;48;2;5;2;5m▀[38;2;5;2;5;48;2;5;2;5m▀[38;2;0;0;0;48;2;0;0;0m▀[38;2;0;0;0;48;2;0;0;0m▀[38;2;57;40;57;48;2;57;40;57m▀[38;2;47;33;47;48;2;47;33;47m▀[38;2;174;120;165;48;2;174;120;165m▀[38;2;174;120;165;48;2;174;120;165m▀[38;2;202;156;195;48;2;202;156;195m▀[38;2;202;156;195;48;2;202;156;195m▀[38;2;206;160;198;48;2;206;160;198m▀[38;2;202;156;195;48;2;202;156;195m▀[38;2;203;157;196;48;2;203;157;196m▀[38;2;198;152;191;48;2;198;152;191m▀[38;2;198;152;191;48;2;198;152;191m▀[38;2;61;43;61;48;2;61;43;61m▀[38;2;127;85;121;48;2;127;85;121m▀[38;2;134;93;127;48;2;134;93;127m▀[38;2;177;135;168;48;2;177;135;168m▀[38;2;189;148;180;48;2;189;148;180m▀[38;2;189;148;180;48;2;189;148;180m▀[38;2;212;171;204;48;2;212;171;204m▀[38;2;212;171;204;48;2;212;171;204m▀[38;2;210;171;203;48;2;210;171;203m▀[38;2;0;0;0;48;2;0;0;0m▀[38;2;212;172;204;48;2;212;172;204m▀[38;2;212;172;204;48;2;212;172;204m▀[38;2;0;0;0;48;2;0;0;0m▀[0m [0m
[38;2;212;172;204;48;2;0;0;0m▀[38;2;0;0;0;48;2;0;0;0m▀[38;2;212;172;204;48;2;210;171;203m▀[38;2;212;172;204;48;2;210;171;203m▀[38;2;212;171;204;48;2;212;171;204m▀[38;2;212;171;204;48;2;189;148;180m▀[38;2;189;148;180;48;2;185;144;176m▀[38;2;185;144;176;48;2;126;86;120m▀[38;2;126;86;120;48;2;100;73;100m▀[38;2;126;86;120;48;2;100;73;100m▀[38;2;100;73;100;48;2;203;157;196m▀[38;2;203;157;196;48;2;203;157;196m▀[38;2;202;156;195;48;2;206;160;198m▀[38;2;206;160;198;48;2;206;160;198m▀[38;2;182;127;171;48;2;182;127;171m▀[38;2;182;127;171;48;2;182;127;171m▀[38;2;182;127;171;48;2;177;124;168m▀[38;2;182;127;171;48;2;174;120;165m▀[38;2;182;127;171;48;2;174;120;165m▀[38;2;182;127;171;48;2;179;124;169m▀[38;2;182;127;171;48;2;181;125;170m▀[38;2;182;127;171;48;2;181;125;170m▀[38;2;182;127;171;48;2;181;125;170m▀[38;2;164;112;153;48;2;181;125;170m▀[38;2;182;127;171;48;2;95;62;88m▀[38;2;4;2;4;48;2;182;127;171m▀[38;2;9;5;9;48;2;34;24;34m▀[38;2;92;60;85;48;2;4;2;4m▀[38;2;92;60;85;48;2;4;2;4m▀[38;2;95;62;88;48;2;5;3;5m▀[38;2;57;40;57;48;2;9;3;6m▀[38;2;34;24;34;48;2;189;189;189m▀[38;2;34;24;34;48;2;170;39;15m▀[38;2;34;24;34;48;2;170;40;18m▀[38;2;34;24;34;48;2;170;40;18m▀[38;2;92;60;85;48;2;170;40;18m▀[38;2;95;62;88;48;2;171;41;19m▀[38;2;58;41;58;48;2;249;247;249m▀[38;2;21;9;12;48;2;85;23;13m▀[38;2;34;24;34;48;2;108;70;101m▀[38;2;34;24;34;48;2;108;70;101m▀[38;2;108;70;101;48;2;108;70;101m▀[38;2;112;72;104;48;2;111;71;103m▀[38;2;111;72;103;48;2;8;4;8m▀[38;2;8;4;8;48;2;34;24;34m▀[38;2;34;24;34;48;2;92;60;85m▀[38;2;34;24;34;48;2;92;60;85m▀[38;2;34;24;34;48;2;92;60;85m▀[38;2;34;24;34;48;2;182;127;171m▀[38;2;92;60;85;48;2;182;127;171m▀[38;2;156;106;148;48;2;164;112;153m▀[38;2;177;124;168;48;2;182;127;171m▀[38;2;177;124;168;48;2;182;127;171m▀[38;2;182;127;171;48;2;182;127;171m▀[38;2;182;127;171;48;2;182;127;171m▀[38;2;182;127;171;48;2;182;127;171m▀[38;2;206;160;198;48;2;182;127;171m▀[38;2;206;160;198;48;2;182;127;171m▀[38;2;201;156;194;48;2;182;127;171m▀[38;2;201;156;194;48;2;182;127;171m▀[38;2;177;124;168;48;2;206;160;198m▀[38;2;18;11;16;48;2;202;156;195m▀[38;2;100;73;100;48;2;203;157;196m▀[38;2;126;86;120;48;2;100;73;100m▀[38;2;177;135;168;48;2;126;86;120m▀[38;2;177;135;168;48;2;126;86;120m▀[38;2;189;148;180;48;2;180;139;172m▀[38;2;212;171;204;48;2;189;148;180m▀[38;2;189;148;180;48;2;212;171;204m▀[38;2;210;171;203;48;2;212;171;204m▀[38;2;0;0;0;48;2;212;172;204m▀[38;2;0;0;0;48;2;212;172;204m▀[38;2;0;0;0m▄[38;2;0;0;0;48;2;212;172;204m▀[0m
[38;2;212;172;204;48;2;0;0;0m▀[38;2;0;0;0;48;2;0;0;0m▀[38;2;189;148;180;48;2;189;148;180m▀[38;2;189;148;180;48;2;189;148;180m▀[38;2;212;171;204;48;2;212;171;204m▀[38;2;189;148;180;48;2;189;148;180m▀[38;2;133;92;126;48;2;133;92;126m▀[38;2;100;71;100;48;2;61;43;61m▀[38;2;197;150;190;48;2;153;104;143m▀[38;2;197;150;190;48;2;153;104;143m▀[38;2;201;154;194;48;2;157;108;147m▀[38;2;204;157;196;48;2;157;108;147m▀[38;2;204;157;196;48;2;181;125;170m▀[38;2;182;127;171;48;2;176;122;166m▀[38;2;182;127;171;48;2;177;124;168m▀[38;2;182;127;171;48;2;177;124;168m▀[38;2;177;124;168;48;2;177;124;168m▀[38;2;61;43;61;48;2;174;120;165m▀[38;2;98;71;98;48;2;13;5;13m▀[38;2;179;124;169;48;2;11;5;11m▀[38;2;181;125;170;48;2;14;7;14m▀[38;2;157;108;147;48;2;153;104;143m▀[38;2;157;108;147;48;2;153;104;143m▀[38;2;157;108;147;48;2;141;95;132m▀[38;2;95;62;88;48;2;182;127;171m▀[38;2;92;60;85;48;2;95;62;88m▀[38;2;182;127;171;48;2;95;62;88m▀[38;2;92;60;85;48;2;95;62;88m▀[38;2;92;60;85;48;2;95;62;88m▀[38;2;95;62;88;48;2;95;62;88m▀[38;2;6;2;3;48;2;95;62;88m▀[38;2;89;22;12;48;2;14;5;5m▀[38;2;214;77;53;48;2;89;22;12m▀[38;2;214;77;53;48;2;216;79;55m▀[38;2;214;77;53;48;2;216;79;55m▀[38;2;220;80;55;48;2;214;77;53m▀[38;2;176;40;15;48;2;209;76;54m▀[38;2;176;40;15;48;2;89;22;12m▀[38;2;87;23;12;48;2;121;107;127m▀[38;2;108;70;101;48;2;34;24;34m▀[38;2;108;70;101;48;2;34;24;34m▀[38;2;56;40;56;48;2;108;70;101m▀[38;2;9;5;9;48;2;111;71;103m▀[38;2;92;60;85;48;2;114;73;105m▀[38;2;92;60;85;48;2;114;73;105m▀[38;2;92;60;85;48;2;114;73;105m▀[38;2;92;60;85;48;2;114;73;105m▀[38;2;95;62;88;48;2;95;62;88m▀[38;2;182;127;171;48;2;95;62;88m▀[38;2;95;62;88;48;2;182;127;171m▀[38;2;181;125;170;48;2;157;108;147m▀[38;2;181;125;170;48;2;157;108;147m▀[38;2;181;125;170;48;2;157;108;147m▀[38;2;181;125;170;48;2;181;125;170m▀[38;2;179;124;169;48;2;179;124;169m▀[38;2;174;120;165;48;2;98;71;98m▀[38;2;174;120;165;48;2;61;43;61m▀[38;2;177;124;168;48;2;177;124;168m▀[38;2;182;127;171;48;2;182;127;171m▀[38;2;182;127;171;48;2;182;127;171m▀[38;2;206;160;198;48;2;182;127;171m▀[38;2;206;160;198;48;2;204;157;196m▀[38;2;203;157;196;48;2;204;157;196m▀[38;2;203;157;196;48;2;201;154;194m▀[38;2;100;73;100;48;2;197;150;190m▀[38;2;100;73;100;48;2;197;150;190m▀[38;2;126;86;120;48;2;100;71;100m▀[38;2;180;139;172;48;2;126;86;120m▀[38;2;189;148;180;48;2;189;148;180m▀[38;2;212;171;204;48;2;212;171;204m▀[38;2;210;171;203;48;2;189;148;180m▀[38;2;210;171;203;48;2;189;148;180m▀[38;2;0;0;0;48;2;0;0;0m▀[38;2;0;0;0;48;2;212;172;204m▀[0m
[0m [38;2;0;0;0;48;2;0;0;0m▀[38;2;210;171;203;48;2;210;171;203m▀[38;2;210;171;203;48;2;210;171;203m▀[38;2;189;148;180;48;2;189;148;180m▀[38;2;189;148;180;48;2;189;148;180m▀[38;2;135;94;128;48;2;135;94;128m▀[38;2;61;43;61;48;2;61;43;61m▀[38;2;153;104;143;48;2;153;104;143m▀[38;2;153;104;143;48;2;153;104;143m▀[38;2;153;104;143;48;2;153;104;143m▀[38;2;157;108;147;48;2;157;108;147m▀[38;2;157;108;147;48;2;157;108;147m▀[38;2;176;122;166;48;2;176;122;166m▀[38;2;61;43;61;48;2;61;43;61m▀[38;2;61;43;61;48;2;61;43;61m▀[38;2;177;124;168;48;2;177;124;168m▀[38;2;177;124;168;48;2;177;124;168m▀[38;2;7;3;7;48;2;7;3;7m▀[38;2;139;98;131;48;2;139;98;131m▀[38;2;181;140;173;48;2;181;140;173m▀[38;2;61;43;61;48;2;61;43;61m▀[38;2;61;43;61;48;2;61;43;61m▀[38;2;6;2;6;48;2;6;2;6m▀[38;2;92;60;85;48;2;92;60;85m▀[38;2;182;127;171;48;2;182;127;171m▀[38;2;92;60;85;48;2;92;60;85m▀[38;2;92;60;85;48;2;92;60;85m▀[38;2;92;60;85;48;2;92;60;85m▀[38;2;92;60;85;48;2;92;60;85m▀[38;2;92;60;85;48;2;92;60;85m▀[38;2;95;62;88;48;2;95;62;88m▀[38;2;14;5;6;48;2;14;5;6m▀[38;2;86;21;9;48;2;86;21;9m▀[38;2;86;21;9;48;2;86;21;9m▀[38;2;86;21;9;48;2;86;21;9m▀[38;2;86;22;12;48;2;86;22;12m▀[38;2;92;60;85;48;2;92;60;85m▀[38;2;15;7;11;48;2;15;7;11m▀[38;2;111;72;103;48;2;111;72;103m▀[38;2;111;72;103;48;2;111;72;103m▀[38;2;133;94;126;48;2;133;94;126m▀[38;2;138;97;130;48;2;138;97;130m▀[38;2;138;97;130;48;2;138;97;130m▀[38;2;114;73;105;48;2;114;73;105m▀[38;2;92;60;85;48;2;92;60;85m▀[38;2;92;60;85;48;2;92;60;85m▀[38;2;92;60;85;48;2;92;60;85m▀[38;2;92;60;85;48;2;92;60;85m▀[38;2;95;62;88;48;2;95;62;88m▀[38;2;141;95;132;48;2;141;95;132m▀[38;2;153;104;143;48;2;153;104;143m▀[38;2;153;104;143;48;2;153;104;143m▀[38;2;14;7;14;48;2;14;7;14m▀[38;2;11;5;11;48;2;11;5;11m▀[38;2;13;5;13;48;2;13;5;13m▀[38;2;174;120;165;48;2;174;120;165m▀[38;2;177;124;168;48;2;177;124;168m▀[38;2;177;124;168;48;2;177;124;168m▀[38;2;177;124;168;48;2;177;124;168m▀[38;2;176;122;166;48;2;176;122;166m▀[38;2;181;125;170;48;2;181;125;170m▀[38;2;157;108;147;48;2;157;108;147m▀[38;2;157;108;147;48;2;157;108;147m▀[38;2;153;104;143;48;2;153;104;143m▀[38;2;153;104;143;48;2;153;104;143m▀[38;2;61;43;61;48;2;61;43;61m▀[38;2;126;86;120;48;2;126;86;120m▀[38;2;189;148;180;48;2;189;148;180m▀[38;2;212;171;204;48;2;212;171;204m▀[38;2;189;148;180;48;2;189;148;180m▀[38;2;189;148;180;48;2;189;148;180m▀[38;2;0;0;0;48;2;0;0;0m▀[38;2;0;0;0m▀[0m
[0m [0m [38;2;0;0;0m▀[38;2;0;0;0;48;2;0;0;0m▀[38;2;212;172;204;48;2;212;172;204m▀[38;2;213;172;205;48;2;213;172;205m▀[38;2;183;142;174;48;2;212;172;204m▀[38;2;135;94;128;48;2;183;142;174m▀[38;2;61;43;61;48;2;135;94;128m▀[38;2;61;43;61;48;2;135;94;128m▀[38;2;11;5;11;48;2;11;5;11m▀[38;2;157;108;147;48;2;100;71;100m▀[38;2;157;108;147;48;2;153;104;143m▀[38;2;153;104;143;48;2;153;104;143m▀[38;2;61;43;61;48;2;61;43;61m▀[38;2;61;43;61;48;2;61;43;61m▀[38;2;61;43;61;48;2;153;104;143m▀[38;2;176;122;166;48;2;14;7;14m▀[38;2;7;3;7;48;2;140;98;132m▀[38;2;139;98;131;48;2;189;148;180m▀[38;2;183;142;175;48;2;189;148;180m▀[38;2;206;165;199;48;2;213;172;205m▀[38;2;206;165;199;48;2;213;172;205m▀[38;2;199;160;192;48;2;212;172;204m▀[38;2;4;2;4;48;2;0;0;0m▀[38;2;34;24;34;48;2;0;0;0m▀[38;2;92;60;85;48;2;34;24;34m▀[38;2;92;60;85;48;2;92;60;85m▀[38;2;92;60;85;48;2;92;60;85m▀[38;2;34;24;34;48;2;34;24;34m▀[38;2;92;60;85;48;2;92;60;85m▀[38;2;95;62;88;48;2;95;62;88m▀[38;2;10;4;8;48;2;92;60;85m▀[38;2;34;24;34;48;2;110;71;102m▀[38;2;34;24;34;48;2;110;71;102m▀[38;2;8;2;5;48;2;111;72;103m▀[38;2;10;4;8;48;2;111;72;103m▀[38;2;34;24;34;48;2;111;72;103m▀[38;2;110;71;102;48;2;111;72;103m▀[38;2;138;97;130;48;2;115;74;106m▀[38;2;138;97;130;48;2;115;74;106m▀[38;2;138;97;130;48;2;115;74;106m▀[38;2;138;97;130;48;2;115;74;106m▀[38;2;115;74;106;48;2;115;74;106m▀[38;2;114;73;105;48;2;110;71;102m▀[38;2;110;71;102;48;2;92;60;85m▀[38;2;110;71;102;48;2;92;60;85m▀[38;2;34;24;34;48;2;8;4;8m▀[38;2;182;127;171;48;2;4;2;4m▀[38;2;95;62;88;48;2;3;2;3m▀[38;2;6;2;6;48;2;187;149;181m▀[38;2;61;43;61;48;2;200;159;192m▀[38;2;61;43;61;48;2;200;159;192m▀[38;2;171;131;164;48;2;178;136;169m▀[38;2;139;98;131;48;2;139;98;131m▀[38;2;7;3;7;48;2;7;3;7m▀[38;2;177;124;168;48;2;176;122;166m▀[38;2;177;124;168;48;2;61;43;61m▀[38;2;61;43;61;48;2;61;43;61m▀[38;2;61;43;61;48;2;61;43;61m▀[38;2;176;122;166;48;2;153;104;143m▀[38;2;157;108;147;48;2;157;108;147m▀[38;2;157;108;147;48;2;157;108;147m▀[38;2;153;104;143;48;2;11;5;11m▀[38;2;153;104;143;48;2;61;43;61m▀[38;2;153;104;143;48;2;61;43;61m▀[38;2;61;43;61;48;2;129;88;122m▀[38;2;132;90;124;48;2;177;136;168m▀[38;2;189;148;180;48;2;213;172;205m▀[38;2;189;148;180;48;2;212;172;204m▀[38;2;210;171;203;48;2;0;0;0m▀[38;2;210;171;203;48;2;0;0;0m▀[38;2;0;0;0m▀[0m [0m
[0m [0m [0m [0m [38;2;0;0;0;48;2;0;0;0m▀[38;2;212;172;204;48;2;212;172;204m▀[38;2;189;148;180;48;2;212;171;204m▀[38;2;189;148;180;48;2;189;148;180m▀[38;2;189;148;180;48;2;189;148;180m▀[38;2;189;148;180;48;2;189;148;180m▀[38;2;133;92;126;48;2;183;142;175m▀[38;2;61;43;61;48;2;135;94;128m▀[38;2;11;5;11;48;2;135;94;128m▀[38;2;7;3;7;48;2;139;98;131m▀[38;2;7;3;7;48;2;139;98;131m▀[38;2;7;3;7;48;2;139;98;131m▀[38;2;7;3;7;48;2;139;98;131m▀[38;2;139;98;131;48;2;189;148;180m▀[38;2;189;148;180;48;2;189;148;180m▀[38;2;189;148;180;48;2;213;172;205m▀[38;2;212;171;204;48;2;212;171;204m▀[38;2;213;172;205;48;2;212;172;204m▀[38;2;213;172;205;48;2;212;172;204m▀[38;2;212;172;204;48;2;0;0;0m▀[38;2;0;0;0m▀[0m [38;2;0;0;0;48;2;0;0;0m▀[38;2;8;4;8;48;2;34;24;34m▀[38;2;8;4;8;48;2;34;24;34m▀[38;2;110;71;102;48;2;111;72;103m▀[38;2;110;71;102;48;2;115;74;106m▀[38;2;114;73;105;48;2;115;74;106m▀[38;2;114;73;105;48;2;115;74;106m▀[38;2;114;73;105;48;2;114;73;105m▀[38;2;114;73;105;48;2;114;73;105m▀[38;2;115;74;106;48;2;114;73;105m▀[38;2;115;74;106;48;2;114;73;105m▀[38;2;115;74;106;48;2;114;73;105m▀[38;2;115;74;106;48;2;114;73;105m▀[38;2;115;74;106;48;2;114;73;105m▀[38;2;115;74;106;48;2;114;73;105m▀[38;2;115;74;106;48;2;114;73;105m▀[38;2;114;73;105;48;2;114;73;105m▀[38;2;114;73;105;48;2;92;60;85m▀[38;2;110;71;102;48;2;92;60;85m▀[38;2;34;24;34;48;2;34;24;34m▀[38;2;34;24;34;48;2;34;24;34m▀[38;2;0;0;0;48;2;0;0;0m▀[38;2;0;0;0m▀[38;2;0;0;0;48;2;0;0;0m▀[38;2;212;172;204;48;2;212;172;204m▀[38;2;213;172;205;48;2;212;171;204m▀[38;2;213;172;205;48;2;212;171;204m▀[38;2;189;148;180;48;2;212;171;204m▀[38;2;189;148;180;48;2;189;148;180m▀[38;2;139;96;131;48;2;189;148;180m▀[38;2;14;7;14;48;2;137;96;129m▀[38;2;153;104;143;48;2;7;3;7m▀[38;2;61;43;61;48;2;7;3;7m▀[38;2;61;43;61;48;2;7;3;7m▀[38;2;153;104;143;48;2;7;3;7m▀[38;2;153;104;143;48;2;11;5;11m▀[38;2;100;71;100;48;2;61;43;61m▀[38;2;11;5;11;48;2;126;86;120m▀[38;2;132;90;124;48;2;189;148;180m▀[38;2;132;90;124;48;2;189;148;180m▀[38;2;177;136;168;48;2;189;148;180m▀[38;2;212;172;204;48;2;189;148;180m▀[38;2;213;172;205;48;2;212;172;204m▀[38;2;212;172;204;48;2;0;0;0m▀[38;2;0;0;0m▀[0m [0m [0m [0m
[0m [0m [0m [0m [0m [38;2;0;0;0m▀[38;2;210;171;203;48;2;0;0;0m▀[38;2;212;171;204;48;2;212;172;204m▀[38;2;211;170;203;48;2;212;171;204m▀[38;2;211;170;203;48;2;212;171;204m▀[38;2;189;148;180;48;2;189;148;180m▀[38;2;189;148;180;48;2;212;171;204m▀[38;2;189;148;180;48;2;212;171;204m▀[38;2;189;148;180;48;2;189;148;180m▀[38;2;189;148;180;48;2;212;171;204m▀[38;2;189;148;180;48;2;212;171;204m▀[38;2;189;148;180;48;2;213;172;205m▀[38;2;189;148;180;48;2;212;172;204m▀[38;2;213;172;205;48;2;212;172;204m▀[38;2;213;172;205;48;2;212;172;204m▀[38;2;212;172;204;48;2;0;0;0m▀[38;2;0;0;0m▀[38;2;0;0;0m▀[0m [0m [38;2;0;0;0m▄[38;2;0;0;0;48;2;34;24;34m▀[38;2;5;2;5;48;2;108;70;101m▀[38;2;5;2;5;48;2;108;70;101m▀[38;2;111;72;103;48;2;34;24;34m▀[38;2;111;72;103;48;2;111;72;103m▀[38;2;115;74;106;48;2;115;74;106m▀[38;2;115;74;106;48;2;114;73;105m▀[38;2;114;73;105;48;2;114;73;105m▀[38;2;114;73;105;48;2;114;73;105m▀[38;2;95;62;88;48;2;95;62;88m▀[38;2;95;62;88;48;2;95;62;88m▀[38;2;95;62;88;48;2;95;62;88m▀[38;2;95;62;88;48;2;95;62;88m▀[38;2;95;62;88;48;2;95;62;88m▀[38;2;95;62;88;48;2;95;62;88m▀[38;2;92;60;85;48;2;4;2;4m▀[38;2;92;60;85;48;2;34;24;34m▀[38;2;92;60;85;48;2;92;60;85m▀[38;2;34;24;34;48;2;34;24;34m▀[38;2;0;0;0;48;2;0;0;0m▀[38;2;0;0;0m▀[0m [0m [0m [38;2;0;0;0m▀[38;2;212;172;204;48;2;0;0;0m▀[38;2;212;172;204;48;2;0;0;0m▀[38;2;212;171;204;48;2;212;172;204m▀[38;2;213;172;205;48;2;213;172;205m▀[38;2;189;148;180;48;2;213;172;205m▀[38;2;189;148;180;48;2;189;148;180m▀[38;2;139;98;131;48;2;189;148;180m▀[38;2;139;98;131;48;2;189;148;180m▀[38;2;139;98;131;48;2;189;148;180m▀[38;2;139;98;131;48;2;189;148;180m▀[38;2;132;90;124;48;2;189;148;180m▀[38;2;132;90;124;48;2;189;148;180m▀[38;2;178;136;169;48;2;189;148;180m▀[38;2;189;148;180;48;2;211;170;203m▀[38;2;189;148;180;48;2;211;170;203m▀[38;2;189;148;180;48;2;212;171;204m▀[38;2;212;171;204;48;2;210;171;203m▀[38;2;212;172;204;48;2;0;0;0m▀[38;2;0;0;0m▀[0m [0m [0m [0m [0m
[0m [0m [0m [0m [0m [0m [38;2;0;0;0m▀[38;2;212;172;204;48;2;0;0;0m▀[38;2;212;171;204;48;2;210;171;203m▀[38;2;212;171;204;48;2;210;171;203m▀[38;2;189;148;180;48;2;210;171;203m▀[38;2;212;171;204;48;2;210;171;203m▀[38;2;212;171;204;48;2;210;171;203m▀[38;2;189;148;180;48;2;210;171;203m▀[38;2;212;171;204;48;2;210;171;203m▀[38;2;212;171;204;48;2;210;171;203m▀[38;2;213;172;205;48;2;212;172;204m▀[38;2;212;172;204;48;2;0;0;0m▀[38;2;212;172;204;48;2;0;0;0m▀[38;2;212;172;204;48;2;0;0;0m▀[38;2;0;0;0m▀[0m [0m [0m [0m [38;2;0;0;0;48;2;0;0;0m▀[38;2;34;24;34;48;2;34;24;34m▀[38;2;108;70;101;48;2;57;40;57m▀[38;2;108;70;101;48;2;57;40;57m▀[38;2;34;24;34;48;2;9;5;9m▀[38;2;111;72;103;48;2;110;71;102m▀[38;2;115;74;106;48;2;115;74;106m▀[38;2;114;73;105;48;2;114;73;105m▀[38;2;114;73;105;48;2;95;62;88m▀[38;2;114;73;105;48;2;95;62;88m▀[38;2;95;62;88;48;2;95;62;88m▀[38;2;95;62;88;48;2;95;62;88m▀[38;2;95;62;88;48;2;95;62;88m▀[38;2;95;62;88;48;2;95;62;88m▀[38;2;95;62;88;48;2;3;2;3m▀[38;2;95;62;88;48;2;3;2;3m▀[38;2;4;2;4;48;2;92;60;85m▀[38;2;34;24;34;48;2;92;60;85m▀[38;2;92;60;85;48;2;92;60;85m▀[38;2;34;24;34;48;2;34;24;34m▀[38;2;0;0;0;48;2;0;0;0m▀[0m [0m [0m [0m [0m [0m [38;2;0;0;0m▀[38;2;212;172;204;48;2;0;0;0m▀[38;2;213;172;205;48;2;212;172;204m▀[38;2;213;172;205;48;2;212;172;204m▀[38;2;189;148;180;48;2;212;172;204m▀[38;2;189;148;180;48;2;213;172;205m▀[38;2;189;148;180;48;2;212;171;204m▀[38;2;189;148;180;48;2;212;171;204m▀[38;2;189;148;180;48;2;189;148;180m▀[38;2;189;148;180;48;2;212;171;204m▀[38;2;189;148;180;48;2;212;171;204m▀[38;2;189;148;180;48;2;189;148;180m▀[38;2;211;170;203;48;2;212;171;204m▀[38;2;211;170;203;48;2;212;171;204m▀[38;2;212;171;204;48;2;212;172;204m▀[38;2;210;171;203;48;2;0;0;0m▀[38;2;0;0;0m▀[0m [0m [0m [0m [0m [0m
[0m [0m [0m [0m [0m [0m [0m [0m [38;2;0;0;0m▀[38;2;0;0;0m▀[38;2;0;0;0m▀[38;2;0;0;0m▀[38;2;0;0;0m▀[38;2;0;0;0m▀[38;2;0;0;0m▀[38;2;0;0;0m▀[38;2;0;0;0m▀[0m [0m [0m [0m [0m [0m [0m [38;2;0;0;0;48;2;0;0;0m▀[38;2;34;24;34;48;2;7;3;7m▀[38;2;107;69;100;48;2;107;69;100m▀[38;2;107;69;100;48;2;95;62;88m▀[38;2;107;69;100;48;2;95;62;88m▀[38;2;95;62;88;48;2;111;71;103m▀[38;2;114;73;105;48;2;114;73;105m▀[38;2;115;74;106;48;2;115;74;106m▀[38;2;114;73;105;48;2;115;74;106m▀[38;2;114;73;105;48;2;114;73;105m▀[38;2;114;73;105;48;2;114;73;105m▀[38;2;95;62;88;48;2;114;73;105m▀[38;2;95;62;88;48;2;95;62;88m▀[38;2;95;62;88;48;2;95;62;88m▀[38;2;95;62;88;48;2;95;62;88m▀[38;2;92;60;85;48;2;57;40;57m▀[38;2;92;60;85;48;2;57;40;57m▀[38;2;92;60;85;48;2;34;24;34m▀[38;2;92;60;85;48;2;34;24;34m▀[38;2;92;60;85;48;2;92;60;85m▀[38;2;34;24;34;48;2;4;2;4m▀[38;2;0;0;0;48;2;0;0;0m▀[0m [0m [0m [0m [0m [0m [0m [0m [38;2;0;0;0m▀[38;2;0;0;0m▀[38;2;0;0;0m▀[38;2;212;172;204;48;2;0;0;0m▀[38;2;210;171;203;48;2;0;0;0m▀[38;2;210;171;203;48;2;0;0;0m▀[38;2;210;171;203;48;2;0;0;0m▀[38;2;210;171;203;48;2;0;0;0m▀[38;2;210;171;203;48;2;0;0;0m▀[38;2;210;171;203;48;2;0;0;0m▀[38;2;210;171;203;48;2;0;0;0m▀[38;2;210;171;203;48;2;0;0;0m▀[38;2;0;0;0m▀[0m [0m [0m [0m [0m [0m [0m [0m
[0m [0m [0m [0m [0m [0m [0m [0m [0m [0m [0m [0m [0m [0m [0m [0m [0m [0m [0m [0m [0m [0m [0m [0m [38;2;0;0;0;48;2;0;0;0m▀[38;2;57;41;57;48;2;7;3;7m▀[38;2;58;41;58;48;2;108;70;101m▀[38;2;58;41;58;48;2;112;72;104m▀[38;2;58;41;58;48;2;112;72;104m▀[38;2;111;71;103;48;2;112;72;104m▀[38;2;115;74;106;48;2;115;74;106m▀[38;2;115;74;106;48;2;115;74;106m▀[38;2;115;74;106;48;2;115;74;106m▀[38;2;115;74;106;48;2;115;74;106m▀[38;2;115;74;106;48;2;115;74;106m▀[38;2;114;73;105;48;2;114;73;105m▀[38;2;92;60;85;48;2;110;71;102m▀[38;2;92;60;85;48;2;34;24;34m▀[38;2;92;60;85;48;2;34;24;34m▀[38;2;92;60;85;48;2;92;60;85m▀[38;2;92;60;85;48;2;92;60;85m▀[38;2;92;60;85;48;2;92;60;85m▀[38;2;92;60;85;48;2;92;60;85m▀[38;2;92;60;85;48;2;92;60;85m▀[38;2;3;2;3;48;2;95;62;88m▀[38;2;0;0;0;48;2;3;2;3m▀[38;2;0;0;0;48;2;3;2;3m▀[38;2;0;0;0m▄[0m [0m [0m [0m [0m [0m [0m [0m [0m [0m [0m [0m [0m [0m [0m [0m [0m [0m [0m [0m [0m [0m [0m [0m [0m [0m [0m
[0m [0m [0m [0m [0m [0m [0m [0m [0m [0m [0m [0m [0m [0m [0m [0m [0m [0m [0m [0m [0m [0m [0m [0m [38;2;0;0;0;48;2;0;0;0m▀[38;2;7;3;7;48;2;34;24;34m▀[38;2;108;70;101;48;2;110;71;102m▀[38;2;112;72;104;48;2;114;73;105m▀[38;2;112;72;104;48;2;114;73;105m▀[38;2;112;72;104;48;2;115;74;106m▀[38;2;115;74;106;48;2;115;74;106m▀[38;2;115;74;106;48;2;115;74;106m▀[38;2;115;74;106;48;2;115;74;106m▀[38;2;115;74;106;48;2;115;74;106m▀[38;2;115;74;106;48;2;115;74;106m▀[38;2;114;73;105;48;2;115;74;106m▀[38;2;110;71;102;48;2;111;72;103m▀[38;2;34;24;34;48;2;111;72;103m▀[38;2;34;24;34;48;2;107;69;100m▀[38;2;92;60;85;48;2;57;40;57m▀[38;2;92;60;85;48;2;57;40;57m▀[38;2;92;60;85;48;2;34;24;34m▀[38;2;92;60;85;48;2;34;24;34m▀[38;2;92;60;85;48;2;92;60;85m▀[38;2;95;62;88;48;2;92;60;85m▀[38;2;3;2;3;48;2;4;2;4m▀[38;2;3;2;3;48;2;4;2;4m▀[38;2;0;0;0;48;2;0;0;0m▀[0m [0m [0m [0m [0m [0m [0m [0m [0m [0m [0m [0m [0m [0m [0m [0m [0m [0m [0m [0m [0m [0m [0m [0m [0m [0m [0m
[0m [0m [0m [0m [0m [0m [0m [0m [0m [0m [0m [0m [0m [0m [0m [0m [0m [0m [0m [0m [0m [0m [0m [38;2;0;0;0;48;2;0;0;0m▀[38;2;34;24;34;48;2;34;24;34m▀[38;2;92;60;85;48;2;92;60;85m▀[38;2;92;60;85;48;2;95;62;88m▀[38;2;114;73;105;48;2;95;62;88m▀[38;2;114;73;105;48;2;95;62;88m▀[38;2;114;73;105;48;2;95;62;88m▀[38;2;114;73;105;48;2;114;73;105m▀[38;2;115;74;106;48;2;114;73;105m▀[38;2;115;74;106;48;2;114;73;105m▀[38;2;115;74;106;48;2;114;73;105m▀[38;2;115;74;106;48;2;114;73;105m▀[38;2;115;74;106;48;2;115;74;106m▀[38;2;115;74;106;48;2;115;74;106m▀[38;2;115;74;106;48;2;115;74;106m▀[38;2;111;71;103;48;2;114;73;105m▀[38;2;107;69;100;48;2;95;62;88m▀[38;2;107;69;100;48;2;95;62;88m▀[38;2;92;60;85;48;2;95;62;88m▀[38;2;92;60;85;48;2;95;62;88m▀[38;2;92;60;85;48;2;95;62;88m▀[38;2;92;60;85;48;2;92;60;85m▀[38;2;34;24;34;48;2;57;40;57m▀[38;2;34;24;34;48;2;57;40;57m▀[38;2;0;0;0;48;2;3;1;3m▀[38;2;0;0;0m▄[0m [0m [0m [0m [0m [0m [0m [0m [0m [0m [0m [0m [0m [0m [0m [0m [0m [0m [0m [0m [0m [0m [0m [0m [0m [0m
[0m [0m [0m [0m [0m [0m [0m [0m [0m [0m [0m [0m [0m [0m [0m [0m [0m [0m [0m [0m [38;2;0;0;0m▄[38;2;0;0;0;48;2;34;24;34m▀[38;2;0;0;0;48;2;34;24;34m▀[38;2;34;24;34;48;2;110;71;102m▀[38;2;92;60;85;48;2;110;71;102m▀[38;2;92;60;85;48;2;95;62;88m▀[38;2;95;62;88;48;2;95;62;88m▀[38;2;95;62;88;48;2;95;62;88m▀[38;2;95;62;88;48;2;95;62;88m▀[38;2;95;62;88;48;2;95;62;88m▀[38;2;95;62;88;48;2;95;62;88m▀[38;2;95;62;88;48;2;95;62;88m▀[38;2;95;62;88;48;2;95;62;88m▀[38;2;114;73;105;48;2;95;62;88m▀[38;2;114;73;105;48;2;95;62;88m▀[38;2;114;73;105;48;2;95;62;88m▀[38;2;114;73;105;48;2;95;62;88m▀[38;2;114;73;105;48;2;95;62;88m▀[38;2;114;73;105;48;2;95;62;88m▀[38;2;95;62;88;48;2;95;62;88m▀[38;2;95;62;88;48;2;95;62;88m▀[38;2;95;62;88;48;2;95;62;88m▀[38;2;95;62;88;48;2;95;62;88m▀[38;2;95;62;88;48;2;95;62;88m▀[38;2;95;62;88;48;2;58;41;58m▀[38;2;58;41;58;48;2;58;41;58m▀[38;2;58;41;58;48;2;58;41;58m▀[38;2;2;1;2;48;2;57;41;57m▀[38;2;0;0;0;48;2;3;1;3m▀[38;2;0;0;0m▄[0m [0m [0m [0m [0m [0m [0m [0m [0m [0m [0m [0m [0m [0m [0m [0m [0m [0m [0m [0m [0m [0m [0m [0m [0m
[0m [0m [0m [0m [0m [0m [0m [0m [0m [0m [0m [0m [0m [0m [0m [0m [0m [0m [0m [38;2;0;0;0m▄[38;2;0;0;0;48;2;34;24;34m▀[38;2;34;24;34;48;2;108;70;101m▀[38;2;34;24;34;48;2;108;70;101m▀[38;2;110;71;102;48;2;111;72;103m▀[38;2;110;71;102;48;2;114;73;105m▀[38;2;95;62;88;48;2;114;73;105m▀[38;2;95;62;88;48;2;95;62;88m▀[38;2;95;62;88;48;2;95;62;88m▀[38;2;95;62;88;48;2;95;62;88m▀[38;2;95;62;88;48;2;95;62;88m▀[38;2;95;62;88;48;2;95;62;88m▀[38;2;95;62;88;48;2;95;62;88m▀[38;2;95;62;88;48;2;95;62;88m▀[38;2;95;62;88;48;2;95;62;88m▀[38;2;95;62;88;48;2;95;62;88m▀[38;2;95;62;88;48;2;95;62;88m▀[38;2;95;62;88;48;2;95;62;88m▀[38;2;95;62;88;48;2;95;62;88m▀[38;2;95;62;88;48;2;95;62;88m▀[38;2;95;62;88;48;2;95;62;88m▀[38;2;95;62;88;48;2;95;62;88m▀[38;2;95;62;88;48;2;95;62;88m▀[38;2;95;62;88;48;2;95;62;88m▀[38;2;95;62;88;48;2;58;41;58m▀[38;2;58;41;58;48;2;58;41;58m▀[38;2;58;41;58;48;2;57;41;57m▀[38;2;58;41;58;48;2;57;41;57m▀[38;2;57;41;57;48;2;57;41;57m▀[38;2;3;1;3;48;2;56;40;56m▀[38;2;0;0;0;48;2;34;24;34m▀[38;2;0;0;0m▄[0m [0m [0m [0m [0m [0m [0m [0m [0m [0m [0m [0m [0m [0m [0m [0m [0m [0m [0m [0m [0m [0m [0m [0m
[0m [0m [0m [0m [0m [0m [0m [0m [0m [0m [0m [0m [0m [0m [0m [0m [0m [0m [38;2;0;0;0;48;2;0;0;0m▀[38;2;7;3;7;48;2;7;3;7m▀[38;2;56;40;56;48;2;112;72;104m▀[38;2;108;70;101;48;2;112;72;104m▀[38;2;108;70;101;48;2;112;72;104m▀[38;2;115;74;106;48;2;114;73;105m▀[38;2;114;73;105;48;2;114;73;105m▀[38;2;114;73;105;48;2;95;62;88m▀[38;2;95;62;88;48;2;95;62;88m▀[38;2;95;62;88;48;2;95;62;88m▀[38;2;95;62;88;48;2;95;62;88m▀[38;2;95;62;88;48;2;92;60;85m▀[38;2;95;62;88;48;2;92;60;85m▀[38;2;92;60;85;48;2;92;60;85m▀[38;2;92;60;85;48;2;34;24;34m▀[38;2;92;60;85;48;2;4;2;4m▀[38;2;92;60;85;48;2;4;2;4m▀[38;2;95;62;88;48;2;3;2;3m▀[38;2;95;62;88;48;2;3;2;3m▀[38;2;95;62;88;48;2;5;3;5m▀[38;2;95;62;88;48;2;58;41;58m▀[38;2;95;62;88;48;2;58;41;58m▀[38;2;95;62;88;48;2;58;41;58m▀[38;2;58;41;58;48;2;57;40;57m▀[38;2;58;41;58;48;2;56;40;56m▀[38;2;58;41;58;48;2;56;40;56m▀[38;2;57;41;57;48;2;57;41;57m▀[38;2;57;41;57;48;2;57;41;57m▀[38;2;57;41;57;48;2;57;41;57m▀[38;2;57;41;57;48;2;57;41;57m▀[38;2;56;40;56;48;2;57;41;57m▀[38;2;56;40;56;48;2;56;40;56m▀[38;2;34;24;34;48;2;34;24;34m▀[38;2;0;0;0;48;2;0;0;0m▀[38;2;0;0;0m▄[0m [0m [0m [0m [0m [0m [0m [0m [0m [0m [0m [0m [0m [0m [0m [0m [0m [0m [0m [0m [0m [0m
[0m [0m [0m [0m [0m [0m [0m [0m [0m [0m [0m [0m [0m [0m [0m [0m [38;2;0;0;0m▄[38;2;0;0;0;48;2;5;2;5m▀[38;2;34;24;34;48;2;110;71;102m▀[38;2;110;71;102;48;2;92;60;85m▀[38;2;114;73;105;48;2;114;73;105m▀[38;2;114;73;105;48;2;114;73;105m▀[38;2;114;73;105;48;2;114;73;105m▀[38;2;114;73;105;48;2;95;62;88m▀[38;2;95;62;88;48;2;95;62;88m▀[38;2;95;62;88;48;2;95;62;88m▀[38;2;95;62;88;48;2;95;62;88m▀[38;2;95;62;88;48;2;3;2;3m▀[38;2;95;62;88;48;2;3;2;3m▀[38;2;4;2;4;48;2;0;0;0m▀[38;2;34;24;34;48;2;0;0;0m▀[38;2;0;0;0m▀[38;2;0;0;0m▀[38;2;0;0;0m▀[38;2;0;0;0m▀[38;2;0;0;0m▀[38;2;0;0;0m▀[38;2;0;0;0m▀[38;2;0;0;0m▀[38;2;0;0;0m▀[38;2;0;0;0m▀[38;2;3;1;3;48;2;0;0;0m▀[38;2;34;24;34;48;2;0;0;0m▀[38;2;56;40;56;48;2;3;1;3m▀[38;2;57;41;57;48;2;57;41;57m▀[38;2;57;41;57;48;2;57;41;57m▀[38;2;57;41;57;48;2;57;41;57m▀[38;2;57;41;57;48;2;57;41;57m▀[38;2;57;41;57;48;2;57;41;57m▀[38;2;56;40;56;48;2;57;41;57m▀[38;2;56;40;56;48;2;56;40;56m▀[38;2;34;24;34;48;2;3;1;3m▀[38;2;34;24;34;48;2;3;1;3m▀[38;2;0;0;0;48;2;0;0;0m▀[0m [0m [0m [0m [0m [0m [0m [0m [0m [0m [0m [0m [0m [0m [0m [0m [0m [0m [0m [0m [0m
[0m [0m [0m [0m [0m [0m [0m [0m [0m [0m [0m [0m [0m [0m [0m [0m [38;2;0;0;0;48;2;0;0;0m▀[38;2;5;2;5;48;2;5;2;5m▀[38;2;110;71;102;48;2;34;24;34m▀[38;2;92;60;85;48;2;110;71;102m▀[38;2;114;73;105;48;2;95;62;88m▀[38;2;114;73;105;48;2;95;62;88m▀[38;2;114;73;105;48;2;95;62;88m▀[38;2;95;62;88;48;2;95;62;88m▀[38;2;95;62;88;48;2;95;62;88m▀[38;2;95;62;88;48;2;92;60;85m▀[38;2;95;62;88;48;2;92;60;85m▀[38;2;3;2;3;48;2;4;2;4m▀[38;2;3;2;3;48;2;4;2;4m▀[38;2;0;0;0;48;2;0;0;0m▀[0m [0m [0m [0m [0m [0m [0m [0m [0m [0m [0m [0m [38;2;0;0;0m▀[38;2;3;1;3;48;2;0;0;0m▀[38;2;57;41;57;48;2;3;1;3m▀[38;2;57;41;57;48;2;56;40;56m▀[38;2;57;41;57;48;2;56;40;56m▀[38;2;57;41;57;48;2;57;41;57m▀[38;2;57;41;57;48;2;57;41;57m▀[38;2;57;41;57;48;2;57;41;57m▀[38;2;56;40;56;48;2;56;40;56m▀[38;2;3;1;3;48;2;34;24;34m▀[38;2;3;1;3;48;2;34;24;34m▀[38;2;0;0;0;48;2;3;1;3m▀[38;2;0;0;0m▄[0m [0m [0m [0m [0m [0m [0m [0m [0m [0m [0m [0m [0m [0m [0m [0m [0m [0m [0m [0m
[0m [0m [0m [0m [0m [0m [0m [0m [0m [0m [0m [0m [0m [38;2;0;0;0m▄[38;2;0;0;0;48;2;34;24;34m▀[38;2;0;0;0;48;2;34;24;34m▀[38;2;34;24;34;48;2;111;72;103m▀[38;2;34;24;34;48;2;111;72;103m▀[38;2;110;71;102;48;2;110;71;102m▀[38;2;92;60;85;48;2;95;62;88m▀[38;2;95;62;88;48;2;95;62;88m▀[38;2;95;62;88;48;2;95;62;88m▀[38;2;95;62;88;48;2;95;62;88m▀[38;2;95;62;88;48;2;95;62;88m▀[38;2;95;62;88;48;2;92;60;85m▀[38;2;92;60;85;48;2;92;60;85m▀[38;2;34;24;34;48;2;4;2;4m▀[38;2;0;0;0;48;2;0;0;0m▀[38;2;0;0;0m▀[0m [0m [0m [0m [0m [0m [0m [0m [0m [0m [0m [0m [0m [0m [38;2;0;0;0m▀[38;2;34;24;34;48;2;0;0;0m▀[38;2;56;40;56;48;2;34;24;34m▀[38;2;56;40;56;48;2;34;24;34m▀[38;2;56;40;56;48;2;56;40;56m▀[38;2;57;41;57;48;2;56;40;56m▀[38;2;57;41;57;48;2;57;41;57m▀[38;2;57;40;57;48;2;58;41;58m▀[38;2;57;40;57;48;2;92;60;85m▀[38;2;57;40;57;48;2;92;60;85m▀[38;2;34;24;34;48;2;92;60;85m▀[38;2;6;3;6;48;2;57;40;57m▀[38;2;0;0;0;48;2;34;24;34m▀[38;2;0;0;0m▄[0m [0m [0m [0m [0m [0m [0m [0m [0m [0m [0m [0m [0m [0m [0m [0m [0m [0m
[0m [0m [0m [0m [0m [0m [0m [0m [0m [0m [0m [0m [38;2;0;0;0;48;2;0;0;0m▀[38;2;34;24;34;48;2;5;2;5m▀[38;2;111;72;103;48;2;111;72;103m▀[38;2;111;72;103;48;2;111;72;103m▀[38;2;111;72;103;48;2;111;72;103m▀[38;2;115;74;106;48;2;115;74;106m▀[38;2;114;73;105;48;2;115;74;106m▀[38;2;114;73;105;48;2;115;74;106m▀[38;2;114;73;105;48;2;115;74;106m▀[38;2;114;73;105;48;2;114;73;105m▀[38;2;114;73;105;48;2;114;73;105m▀[38;2;92;60;85;48;2;110;71;102m▀[38;2;92;60;85;48;2;34;24;34m▀[38;2;34;24;34;48;2;0;0;0m▀[38;2;0;0;0m▀[0m [0m [0m [0m [0m [0m [0m [0m [0m [0m [0m [0m [0m [0m [0m [0m [0m [0m [38;2;0;0;0m▀[38;2;0;0;0;48;2;0;0;0m▀[38;2;34;24;34;48;2;3;1;3m▀[38;2;56;40;56;48;2;56;40;56m▀[38;2;57;41;57;48;2;57;41;57m▀[38;2;58;41;58;48;2;57;41;57m▀[38;2;58;41;58;48;2;57;41;57m▀[38;2;58;41;58;48;2;57;41;57m▀[38;2;58;41;58;48;2;57;41;57m▀[38;2;57;40;57;48;2;57;41;57m▀[38;2;3;1;3;48;2;2;1;2m▀[38;2;0;0;0;48;2;0;0;0m▀[0m [0m [0m [0m [0m [0m [0m [0m [0m [0m [0m [0m [0m [0m [0m [0m [0m [0m
[0m [0m [0m [0m [0m [0m [0m [0m [0m [0m [0m [0m [38;2;0;0;0;48;2;0;0;0m▀[38;2;5;2;5;48;2;5;2;5m▀[38;2;111;72;103;48;2;34;24;34m▀[38;2;111;72;103;48;2;34;24;34m▀[38;2;111;72;103;48;2;111;72;103m▀[38;2;115;74;106;48;2;115;74;106m▀[38;2;115;74;106;48;2;115;74;106m▀[38;2;115;74;106;48;2;115;74;106m▀[38;2;115;74;106;48;2;115;74;106m▀[38;2;114;73;105;48;2;115;74;106m▀[38;2;114;73;105;48;2;115;74;106m▀[38;2;110;71;102;48;2;111;72;103m▀[38;2;34;24;34;48;2;5;2;5m▀[38;2;0;0;0;48;2;0;0;0m▀[0m [0m [0m [0m [0m [0m [0m [0m [0m [0m [0m [0m [0m [0m [0m [0m [0m [0m [0m [0m [38;2;0;0;0m▀[38;2;3;1;3;48;2;0;0;0m▀[38;2;56;40;56;48;2;2;1;2m▀[38;2;57;41;57;48;2;2;1;2m▀[38;2;57;41;57;48;2;2;1;2m▀[38;2;57;41;57;48;2;2;1;2m▀[38;2;57;41;57;48;2;2;1;2m▀[38;2;57;41;57;48;2;2;1;2m▀[38;2;57;41;57;48;2;2;1;2m▀[38;2;2;1;2;48;2;0;0;0m▀[38;2;0;0;0m▀[0m [0m [0m [0m [0m [0m [0m [0m [0m [0m [0m [0m [0m [0m [0m [0m [0m [0m
