[0m [0m [0m [0m [0m [0m [0m [0m [0m [0m [0m [0m [0m [0m [38;2;0;0;0m▄[38;2;0;0;0;48;2;255;238;156m▀[38;2;0;0;0;48;2;255;238;156m▀[38;2;0;0;0;48;2;255;238;156m▀[38;2;255;238;156;48;2;255;238;156m▀[38;2;255;238;156;48;2;255;238;156m▀[38;2;0;0;0;48;2;255;238;156m▀[38;2;255;238;156;48;2;0;0;0m▀[38;2;255;238;156;48;2;0;0;0m▀[38;2;0;0;0;48;2;255;238;156m▀[38;2;0;0;0;48;2;255;238;156m▀[38;2;0;0;0m▄[0m [0m [0m [0m [0m [38;2;0;0;0m▄[0m [38;2;0;0;0m▄[0m [0m [38;2;0;0;0m▄[0m [0m [0m [0m [0m [0m [0m [0m [0m [0m [0m [0m [0m [0m [0m [0m [0m [0m [0m [0m [0m
[0m [0m [0m [0m [0m [0m [0m [0m [0m [0m [0m [0m [0m [38;2;0;0;0;48;2;0;0;0m▀[38;2;255;238;156;48;2;255;238;156m▀[38;2;255;238;156;48;2;255;238;156m▀[38;2;255;238;156;48;2;255;238;156m▀[38;2;255;238;156;48;2;255;238;156m▀[38;2;255;238;156;48;2;255;238;156m▀[38;2;255;238;156;48;2;255;238;156m▀[38;2;255;238;156;48;2;255;238;156m▀[38;2;255;238;156;48;2;255;238;156m▀[38;2;255;238;156;48;2;255;238;156m▀[38;2;255;238;156;48;2;255;238;156m▀[38;2;255;238;156;48;2;255;238;156m▀[38;2;255;238;156;48;2;255;238;156m▀[38;2;0;0;0;48;2;0;0;0m▀[0m [38;2;0;0;0m▄[38;2;0;0;0m▄[38;2;0;0;0;48;2;0;0;0m▀[38;2;255;238;156;48;2;255;238;156m▀[38;2;0;0;0;48;2;0;0;0m▀[38;2;255;238;156;48;2;255;238;156m▀[38;2;0;0;0;48;2;0;0;0m▀[38;2;0;0;0;48;2;0;0;0m▀[38;2;255;238;156;48;2;255;238;156m▀[38;2;0;0;0;48;2;0;0;0m▀[0m [0m [0m [0m [38;2;0;0;0m▄[38;2;0;0;0m▄[38;2;0;0;0m▄[0m [0m [0m [0m [0m [0m [0m [0m [0m [0m [0m [0m [0m
[0m [0m [0m [0m [0m [0m [0m [0m [0m [0m [0m [0m [38;2;0;0;0m▄[38;2;0;0;0;48;2;255;238;156m▀[38;2;255;238;156;48;2;255;238;156m▀[38;2;255;238;156;48;2;255;238;156m▀[38;2;255;238;156;48;2;255;238;156m▀[38;2;255;238;156;48;2;255;238;156m▀[38;2;255;238;156;48;2;230;189;98m▀[38;2;230;189;98;48;2;255;238;156m▀[38;2;255;238;156;48;2;230;189;98m▀[38;2;230;189;98;48;2;255;238;156m▀[38;2;230;189;98;48;2;255;238;156m▀[38;2;255;238;156;48;2;230;189;98m▀[38;2;255;238;156;48;2;255;238;156m▀[38;2;255;238;156;48;2;255;238;156m▀[38;2;0;0;0;48;2;255;238;156m▀[38;2;0;0;0;48;2;255;238;156m▀[38;2;255;238;156;48;2;255;238;156m▀[38;2;255;238;156;48;2;255;238;156m▀[38;2;255;238;156;48;2;230;189;98m▀[38;2;255;238;156;48;2;230;189;98m▀[38;2;255;238;156;48;2;230;189;98m▀[38;2;0;0;0;48;2;255;238;156m▀[38;2;255;238;156;48;2;255;238;156m▀[38;2;255;238;156;48;2;255;238;156m▀[38;2;0;0;0;48;2;255;238;156m▀[38;2;255;238;156;48;2;255;238;156m▀[38;2;0;0;0;48;2;255;238;156m▀[38;2;0;0;0m▄[0m [38;2;0;0;0;48;2;0;0;0m▀[38;2;255;238;156;48;2;255;238;156m▀[38;2;255;238;156;48;2;205;131;90m▀[38;2;255;238;156;48;2;255;238;156m▀[38;2;0;0;0;48;2;0;0;0m▀[0m [0m [0m [0m [0m [0m [0m [0m [0m [0m [0m [0m
[0m [0m [0m [0m [0m [0m [0m [0m [0m [0m [0m [38;2;0;0;0m▄[38;2;0;0;0;48;2;255;238;156m▀[38;2;255;238;156;48;2;0;0;0m▀[38;2;0;0;0;48;2;255;238;156m▀[38;2;255;238;156;48;2;255;238;156m▀[38;2;255;238;156;48;2;255;238;156m▀[38;2;230;189;98;48;2;230;189;98m▀[38;2;230;189;98;48;2;205;131;90m▀[38;2;230;189;98;48;2;230;189;98m▀[38;2;230;189;98;48;2;205;131;90m▀[38;2;205;131;90;48;2;205;131;90m▀[38;2;205;131;90;48;2;205;131;90m▀[38;2;230;189;98;48;2;205;131;90m▀[38;2;255;238;156;48;2;205;131;90m▀[38;2;255;238;156;48;2;205;131;90m▀[38;2;255;238;156;48;2;230;189;98m▀[38;2;230;189;98;48;2;230;189;98m▀[38;2;230;189;98;48;2;205;131;90m▀[38;2;230;189;98;48;2;205;131;90m▀[38;2;230;189;98;48;2;230;189;98m▀[38;2;230;189;98;48;2;205;131;90m▀[38;2;230;189;98;48;2;230;189;98m▀[38;2;230;189;98;48;2;230;189;98m▀[38;2;255;238;156;48;2;230;189;98m▀[38;2;255;238;156;48;2;230;189;98m▀[38;2;255;238;156;48;2;230;189;98m▀[38;2;255;238;156;48;2;230;189;98m▀[38;2;255;238;156;48;2;230;189;98m▀[38;2;255;238;156;48;2;255;238;156m▀[38;2;0;0;0;48;2;255;238;156m▀[38;2;0;0;0;48;2;255;238;156m▀[38;2;255;238;156;48;2;0;0;0m▀[38;2;255;238;156;48;2;255;238;156m▀[38;2;255;238;156;48;2;205;131;90m▀[38;2;255;238;156;48;2;205;131;90m▀[38;2;0;0;0;48;2;255;238;156m▀[38;2;0;0;0m▄[0m [0m [0m [0m [0m [0m [0m [0m [0m [0m
[0m [0m [0m [0m [0m [0m [0m [0m [0m [0m [0m [0m [38;2;0;0;0;48;2;0;0;0m▀[38;2;255;238;156;48;2;255;238;156m▀[38;2;0;0;0;48;2;0;0;0m▀[38;2;255;238;156;48;2;255;238;156m▀[38;2;255;238;156;48;2;255;238;156m▀[38;2;230;189;98;48;2;230;189;98m▀[38;2;230;189;98;48;2;230;189;98m▀[38;2;205;131;90;48;2;205;131;90m▀[38;2;230;189;98;48;2;230;189;98m▀[38;2;205;131;90;48;2;205;131;90m▀[38;2;205;131;90;48;2;205;131;90m▀[38;2;205;131;90;48;2;205;131;90m▀[38;2;205;131;90;48;2;205;131;90m▀[38;2;205;131;90;48;2;205;131;90m▀[38;2;205;131;90;48;2;205;131;90m▀[38;2;205;131;90;48;2;205;131;90m▀[38;2;230;189;98;48;2;230;189;98m▀[38;2;230;189;98;48;2;230;189;98m▀[38;2;205;131;90;48;2;205;131;90m▀[38;2;230;189;98;48;2;230;189;98m▀[38;2;205;131;90;48;2;205;131;90m▀[38;2;205;131;90;48;2;205;131;90m▀[38;2;230;189;98;48;2;230;189;98m▀[38;2;230;189;98;48;2;230;189;98m▀[38;2;230;189;98;48;2;230;189;98m▀[38;2;230;189;98;48;2;230;189;98m▀[38;2;230;189;98;48;2;230;189;98m▀[38;2;230;189;98;48;2;230;189;98m▀[38;2;255;238;156;48;2;255;238;156m▀[38;2;255;238;156;48;2;255;238;156m▀[38;2;0;0;0;48;2;0;0;0m▀[38;2;0;0;0;48;2;0;0;0m▀[38;2;255;238;156;48;2;255;238;156m▀[38;2;255;238;156;48;2;255;238;156m▀[38;2;0;0;0;48;2;0;0;0m▀[0m [0m [0m [0m [0m [0m [0m [0m [0m [0m [0m
[0m [0m [0m [0m [0m [38;2;0;0;0m▄[0m [38;2;0;0;0m▄[38;2;0;0;0;48;2;255;238;156m▀[38;2;0;0;0m▄[38;2;0;0;0m▄[38;2;0;0;0;48;2;255;238;156m▀[38;2;0;0;0;48;2;255;238;156m▀[38;2;255;238;156;48;2;255;238;156m▀[38;2;255;238;156;48;2;255;238;156m▀[38;2;230;189;98;48;2;230;189;98m▀[38;2;230;189;98;48;2;230;189;98m▀[38;2;230;189;98;48;2;65;41;24m▀[38;2;205;131;90;48;2;65;41;24m▀[38;2;65;41;24;48;2;205;131;90m▀[38;2;65;41;24;48;2;205;131;90m▀[38;2;65;41;24;48;2;205;131;90m▀[38;2;65;41;24;48;2;205;131;90m▀[38;2;65;41;24;48;2;205;131;90m▀[38;2;65;41;24;48;2;205;131;90m▀[38;2;65;41;24;48;2;205;131;90m▀[38;2;65;41;24;48;2;205;131;90m▀[38;2;65;41;24;48;2;205;131;90m▀[38;2;65;41;24;48;2;115;74;49m▀[38;2;65;41;24;48;2;115;74;49m▀[38;2;65;41;24;48;2;115;74;49m▀[38;2;205;131;90;48;2;65;41;24m▀[38;2;205;131;90;48;2;65;41;24m▀[38;2;205;131;90;48;2;205;131;90m▀[38;2;205;131;90;48;2;205;131;90m▀[38;2;205;131;90;48;2;205;131;90m▀[38;2;205;131;90;48;2;205;131;90m▀[38;2;205;131;90;48;2;230;189;98m▀[38;2;230;189;98;48;2;205;131;90m▀[38;2;230;189;98;48;2;230;189;98m▀[38;2;230;189;98;48;2;205;131;90m▀[38;2;230;189;98;48;2;205;131;90m▀[38;2;0;0;0;48;2;230;189;98m▀[38;2;0;0;0;48;2;255;238;156m▀[38;2;0;0;0;48;2;0;0;0m▀[38;2;0;0;0;48;2;0;0;0m▀[38;2;0;0;0m▄[0m [0m [0m [0m [0m [0m [0m [0m [0m [0m [0m
[0m [0m [0m [0m [38;2;0;0;0m▀[38;2;255;238;156;48;2;0;0;0m▀[38;2;0;0;0;48;2;255;238;156m▀[38;2;255;238;156;48;2;0;0;0m▀[38;2;0;0;0;48;2;255;238;156m▀[38;2;255;238;156;48;2;230;189;98m▀[38;2;255;238;156;48;2;230;189;98m▀[38;2;230;189;98;48;2;255;238;156m▀[38;2;255;238;156;48;2;115;74;49m▀[38;2;230;189;98;48;2;65;41;24m▀[38;2;65;41;24;48;2;205;131;90m▀[38;2;65;41;24;48;2;205;131;90m▀[38;2;65;41;24;48;2;205;131;90m▀[38;2;205;131;90;48;2;205;131;90m▀[38;2;205;131;90;48;2;115;74;49m▀[38;2;205;131;90;48;2;115;74;49m▀[38;2;65;41;24;48;2;115;74;49m▀[38;2;115;74;49;48;2;255;238;156m▀[38;2;115;74;49;48;2;255;238;156m▀[38;2;115;74;49;48;2;255;238;156m▀[38;2;115;74;49;48;2;255;238;156m▀[38;2;205;131;90;48;2;115;74;49m▀[38;2;164;98;90;48;2;164;98;90m▀[38;2;164;98;90;48;2;164;98;90m▀[38;2;164;98;90;48;2;164;98;90m▀[38;2;164;98;90;48;2;164;98;90m▀[38;2;115;74;49;48;2;115;74;49m▀[38;2;115;74;49;48;2;115;74;49m▀[38;2;115;74;49;48;2;115;74;49m▀[38;2;65;41;24;48;2;115;74;49m▀[38;2;65;41;24;48;2;115;74;49m▀[38;2;65;41;24;48;2;115;74;49m▀[38;2;205;131;90;48;2;65;41;24m▀[38;2;205;131;90;48;2;205;131;90m▀[38;2;230;189;98;48;2;205;131;90m▀[38;2;205;131;90;48;2;205;131;90m▀[38;2;230;189;98;48;2;205;131;90m▀[38;2;230;189;98;48;2;205;131;90m▀[38;2;205;131;90;48;2;205;131;90m▀[38;2;230;189;98;48;2;205;131;90m▀[38;2;230;189;98;48;2;230;189;98m▀[38;2;255;238;156;48;2;255;238;156m▀[38;2;255;238;156;48;2;255;238;156m▀[38;2;0;0;0;48;2;255;238;156m▀[38;2;0;0;0;48;2;255;238;156m▀[38;2;0;0;0m▄[0m [0m [0m [0m [0m [0m [0m [0m
[0m [0m [0m [0m [38;2;0;0;0;48;2;0;0;0m▀[38;2;255;238;156;48;2;255;238;156m▀[38;2;255;238;156;48;2;255;238;156m▀[38;2;255;238;156;48;2;255;238;156m▀[38;2;230;189;98;48;2;230;189;98m▀[38;2;255;238;156;48;2;255;238;156m▀[38;2;255;238;156;48;2;255;238;156m▀[38;2;115;74;49;48;2;115;74;49m▀[38;2;65;41;24;48;2;65;41;24m▀[38;2;230;189;98;48;2;230;189;98m▀[38;2;205;131;90;48;2;205;131;90m▀[38;2;205;131;90;48;2;205;131;90m▀[38;2;205;131;90;48;2;205;131;90m▀[38;2;115;74;49;48;2;115;74;49m▀[38;2;255;238;156;48;2;255;238;156m▀[38;2;255;238;156;48;2;255;238;156m▀[38;2;255;238;156;48;2;255;238;156m▀[38;2;255;238;156;48;2;255;238;156m▀[38;2;255;238;156;48;2;255;238;156m▀[38;2;230;189;98;48;2;230;189;98m▀[38;2;205;131;90;48;2;205;131;90m▀[38;2;115;74;49;48;2;115;74;49m▀[38;2;164;98;90;48;2;164;98;90m▀[38;2;164;98;90;48;2;164;98;90m▀[38;2;164;98;90;48;2;164;98;90m▀[38;2;164;98;90;48;2;164;98;90m▀[38;2;164;98;90;48;2;164;98;90m▀[38;2;115;74;49;48;2;115;74;49m▀[38;2;115;74;49;48;2;115;74;49m▀[38;2;115;74;49;48;2;115;74;49m▀[38;2;115;74;49;48;2;115;74;49m▀[38;2;115;74;49;48;2;115;74;49m▀[38;2;115;74;49;48;2;115;74;49m▀[38;2;65;41;24;48;2;65;41;24m▀[38;2;205;131;90;48;2;205;131;90m▀[38;2;205;131;90;48;2;205;131;90m▀[38;2;205;131;90;48;2;205;131;90m▀[38;2;205;131;90;48;2;205;131;90m▀[38;2;205;131;90;48;2;205;131;90m▀[38;2;230;189;98;48;2;230;189;98m▀[38;2;230;189;98;48;2;230;189;98m▀[38;2;230;189;98;48;2;230;189;98m▀[38;2;255;238;156;48;2;255;238;156m▀[38;2;255;238;156;48;2;255;238;156m▀[38;2;255;238;156;48;2;255;238;156m▀[38;2;255;238;156;48;2;255;238;156m▀[38;2;0;0;0;48;2;0;0;0m▀[0m [0m [0m [0m [0m [0m [0m
[0m [0m [0m [38;2;0;0;0;48;2;0;0;0m▀[38;2;255;238;156;48;2;255;238;156m▀[38;2;255;238;156;48;2;255;238;156m▀[38;2;230;189;98;48;2;255;238;156m▀[38;2;255;238;156;48;2;230;189;98m▀[38;2;230;189;98;48;2;255;238;156m▀[38;2;255;238;156;48;2;65;41;24m▀[38;2;255;238;156;48;2;65;41;24m▀[38;2;65;41;24;48;2;230;189;98m▀[38;2;230;189;98;48;2;65;41;24m▀[38;2;230;189;98;48;2;164;98;90m▀[38;2;230;189;98;48;2;115;74;49m▀[38;2;115;74;49;48;2;255;238;156m▀[38;2;115;74;49;48;2;255;238;156m▀[38;2;255;238;156;48;2;230;189;98m▀[38;2;230;189;98;48;2;16;16;16m▀[38;2;230;189;98;48;2;16;16;16m▀[38;2;255;238;156;48;2;16;16;16m▀[38;2;255;238;156;48;2;16;16;16m▀[38;2;255;238;156;48;2;16;16;16m▀[38;2;255;238;156;48;2;16;16;16m▀[38;2;230;189;98;48;2;65;41;24m▀[38;2;65;41;24;48;2;164;98;90m▀[38;2;164;98;90;48;2;164;98;90m▀[38;2;164;98;90;48;2;164;98;90m▀[38;2;164;98;90;48;2;164;98;90m▀[38;2;164;98;90;48;2;164;98;90m▀[38;2;164;98;90;48;2;164;98;90m▀[38;2;115;74;49;48;2;115;74;49m▀[38;2;115;74;49;48;2;115;74;49m▀[38;2;115;74;49;48;2;115;74;49m▀[38;2;115;74;49;48;2;115;74;49m▀[38;2;115;74;49;48;2;115;74;49m▀[38;2;115;74;49;48;2;115;74;49m▀[38;2;115;74;49;48;2;115;74;49m▀[38;2;16;16;16;48;2;16;16;16m▀[38;2;205;131;90;48;2;205;131;90m▀[38;2;205;131;90;48;2;205;131;90m▀[38;2;205;131;90;48;2;205;131;90m▀[38;2;205;131;90;48;2;205;131;90m▀[38;2;205;131;90;48;2;230;189;98m▀[38;2;230;189;98;48;2;205;131;90m▀[38;2;230;189;98;48;2;230;189;98m▀[38;2;255;238;156;48;2;230;189;98m▀[38;2;255;238;156;48;2;255;238;156m▀[38;2;255;238;156;48;2;255;238;156m▀[38;2;255;238;156;48;2;255;238;156m▀[38;2;255;238;156;48;2;255;238;156m▀[38;2;0;0;0;48;2;0;0;0m▀[0m [0m [0m [0m [0m [0m
[0m [0m [0m [38;2;0;0;0m▀[38;2;255;238;156;48;2;0;0;0m▀[38;2;255;238;156;48;2;255;238;156m▀[38;2;230;189;98;48;2;230;189;98m▀[38;2;255;238;156;48;2;230;189;98m▀[38;2;230;189;98;48;2;230;189;98m▀[38;2;65;41;24;48;2;189;41;32m▀[38;2;65;41;24;48;2;189;41;32m▀[38;2;189;41;32;48;2;255;172;115m▀[38;2;189;41;32;48;2;255;172;115m▀[38;2;189;41;32;48;2;238;98;65m▀[38;2;189;41;32;48;2;238;98;65m▀[38;2;205;131;90;48;2;65;41;24m▀[38;2;205;131;90;48;2;65;41;24m▀[38;2;16;16;16;48;2;16;16;16m▀[38;2;255;255;255;48;2;65;41;24m▀[38;2;16;16;16;48;2;65;41;24m▀[38;2;189;189;189;48;2;255;255;255m▀[38;2;65;41;24;48;2;65;41;24m▀[38;2;65;41;24;48;2;65;41;24m▀[38;2;65;41;24;48;2;65;41;24m▀[38;2;16;16;16;48;2;65;41;24m▀[38;2;164;98;90;48;2;164;98;90m▀[38;2;164;98;90;48;2;164;98;90m▀[38;2;164;98;90;48;2;164;98;90m▀[38;2;164;98;90;48;2;164;98;90m▀[38;2;164;98;90;48;2;164;98;90m▀[38;2;164;98;90;48;2;164;98;90m▀[38;2;115;74;49;48;2;164;98;90m▀[38;2;115;74;49;48;2;115;74;49m▀[38;2;115;74;49;48;2;115;74;49m▀[38;2;115;74;49;48;2;115;74;49m▀[38;2;115;74;49;48;2;115;74;49m▀[38;2;115;74;49;48;2;115;74;49m▀[38;2;115;74;49;48;2;115;74;49m▀[38;2;115;74;49;48;2;115;74;49m▀[38;2;16;16;16;48;2;16;16;16m▀[38;2;205;131;90;48;2;205;131;90m▀[38;2;205;131;90;48;2;205;131;90m▀[38;2;205;131;90;48;2;205;131;90m▀[38;2;205;131;90;48;2;205;131;90m▀[38;2;230;189;98;48;2;205;131;90m▀[38;2;230;189;98;48;2;230;189;98m▀[38;2;255;238;156;48;2;230;189;98m▀[38;2;255;238;156;48;2;255;238;156m▀[38;2;255;238;156;48;2;255;238;156m▀[38;2;255;238;156;48;2;255;238;156m▀[38;2;255;238;156;48;2;255;238;156m▀[38;2;0;0;0;48;2;0;0;0m▀[0m [0m [0m [0m [0m [0m
[0m [38;2;0;0;0m▄[38;2;0;0;0m▄[38;2;0;0;0m▄[38;2;0;0;0;48;2;0;0;0m▀[38;2;255;238;156;48;2;255;238;156m▀[38;2;230;189;98;48;2;230;189;98m▀[38;2;230;189;98;48;2;230;189;98m▀[38;2;230;189;98;48;2;230;189;98m▀[38;2;16;16;16;48;2;16;16;16m▀[38;2;16;16;16;48;2;16;16;16m▀[38;2;238;98;65;48;2;238;98;65m▀[38;2;238;98;65;48;2;238;98;65m▀[38;2;238;98;65;48;2;238;98;65m▀[38;2;238;98;65;48;2;238;98;65m▀[38;2;238;98;65;48;2;238;98;65m▀[38;2;238;98;65;48;2;238;98;65m▀[38;2;230;189;98;48;2;230;189;98m▀[38;2;255;238;156;48;2;255;238;156m▀[38;2;255;238;156;48;2;255;238;156m▀[38;2;230;189;98;48;2;230;189;98m▀[38;2;65;41;24;48;2;65;41;24m▀[38;2;65;41;24;48;2;65;41;24m▀[38;2;65;41;24;48;2;65;41;24m▀[38;2;65;41;24;48;2;65;41;24m▀[38;2;164;98;90;48;2;164;98;90m▀[38;2;164;98;90;48;2;164;98;90m▀[38;2;164;98;90;48;2;164;98;90m▀[38;2;164;98;90;48;2;164;98;90m▀[38;2;164;98;90;48;2;164;98;90m▀[38;2;164;98;90;48;2;164;98;90m▀[38;2;164;98;90;48;2;164;98;90m▀[38;2;115;74;49;48;2;115;74;49m▀[38;2;115;74;49;48;2;115;74;49m▀[38;2;115;74;49;48;2;115;74;49m▀[38;2;115;74;49;48;2;115;74;49m▀[38;2;115;74;49;48;2;115;74;49m▀[38;2;115;74;49;48;2;115;74;49m▀[38;2;115;74;49;48;2;115;74;49m▀[38;2;16;16;16;48;2;16;16;16m▀[38;2;205;131;90;48;2;205;131;90m▀[38;2;205;131;90;48;2;205;131;90m▀[38;2;205;131;90;48;2;205;131;90m▀[38;2;205;131;90;48;2;205;131;90m▀[38;2;205;131;90;48;2;205;131;90m▀[38;2;230;189;98;48;2;230;189;98m▀[38;2;255;238;156;48;2;255;238;156m▀[38;2;230;189;98;48;2;230;189;98m▀[38;2;230;189;98;48;2;230;189;98m▀[38;2;255;238;156;48;2;255;238;156m▀[38;2;255;238;156;48;2;255;238;156m▀[38;2;255;238;156;48;2;255;238;156m▀[38;2;0;0;0;48;2;0;0;0m▀[38;2;0;0;0m▄[38;2;0;0;0m▄[38;2;0;0;0m▄[0m [0m
[38;2;0;0;0;48;2;255;238;156m▀[38;2;255;238;156;48;2;230;189;98m▀[38;2;255;238;156;48;2;230;189;98m▀[38;2;255;238;156;48;2;230;189;98m▀[38;2;0;0;0;48;2;0;0;0m▀[38;2;255;238;156;48;2;255;238;156m▀[38;2;255;238;156;48;2;255;238;156m▀[38;2;230;189;98;48;2;230;189;98m▀[38;2;115;74;49;48;2;115;74;49m▀[38;2;16;16;16;48;2;16;16;16m▀[38;2;16;16;16;48;2;16;16;16m▀[38;2;238;98;65;48;2;65;41;24m▀[38;2;189;41;32;48;2;16;16;16m▀[38;2;16;16;16;48;2;189;41;32m▀[38;2;16;16;16;48;2;189;41;32m▀[38;2;16;16;16;48;2;65;41;24m▀[38;2;16;16;16;48;2;65;41;24m▀[38;2;255;238;156;48;2;16;16;16m▀[38;2;255;238;156;48;2;255;238;156m▀[38;2;255;238;156;48;2;255;238;156m▀[38;2;255;238;156;48;2;255;238;156m▀[38;2;230;189;98;48;2;255;238;156m▀[38;2;230;189;98;48;2;255;238;156m▀[38;2;65;41;24;48;2;65;41;24m▀[38;2;65;41;24;48;2;65;41;24m▀[38;2;164;98;90;48;2;164;98;90m▀[38;2;164;98;90;48;2;164;98;90m▀[38;2;164;98;90;48;2;164;98;90m▀[38;2;164;98;90;48;2;164;98;90m▀[38;2;164;98;90;48;2;164;98;90m▀[38;2;164;98;90;48;2;164;98;90m▀[38;2;164;98;90;48;2;164;98;90m▀[38;2;115;74;49;48;2;115;74;49m▀[38;2;115;74;49;48;2;115;74;49m▀[38;2;115;74;49;48;2;115;74;49m▀[38;2;115;74;49;48;2;115;74;49m▀[38;2;115;74;49;48;2;115;74;49m▀[38;2;115;74;49;48;2;115;74;49m▀[38;2;115;74;49;48;2;115;74;49m▀[38;2;115;74;49;48;2;115;74;49m▀[38;2;16;16;16;48;2;16;16;16m▀[38;2;16;16;16;48;2;16;16;16m▀[38;2;205;131;90;48;2;205;131;90m▀[38;2;205;131;90;48;2;205;131;90m▀[38;2;205;131;90;48;2;205;131;90m▀[38;2;230;189;98;48;2;230;189;98m▀[38;2;230;189;98;48;2;255;238;156m▀[38;2;255;238;156;48;2;255;238;156m▀[38;2;255;238;156;48;2;255;238;156m▀[38;2;255;238;156;48;2;0;0;0m▀[38;2;0;0;0;48;2;255;238;156m▀[38;2;255;238;156;48;2;0;0;0m▀[38;2;0;0;0;48;2;255;238;156m▀[38;2;255;238;156;48;2;205;131;90m▀[38;2;255;238;156;48;2;205;131;90m▀[38;2;255;238;156;48;2;255;238;156m▀[38;2;0;0;0;48;2;255;238;156m▀[0m
[38;2;255;238;156;48;2;0;0;0m▀[38;2;230;189;98;48;2;255;238;156m▀[38;2;255;238;156;48;2;0;0;0m▀[38;2;255;238;156;48;2;0;0;0m▀[38;2;255;238;156;48;2;255;238;156m▀[38;2;255;238;156;48;2;230;189;98m▀[38;2;255;238;156;48;2;230;189;98m▀[38;2;230;189;98;48;2;230;189;98m▀[38;2;115;74;49;48;2;230;189;98m▀[38;2;65;41;24;48;2;65;41;24m▀[38;2;65;41;24;48;2;65;41;24m▀[38;2;255;238;156;48;2;255;238;156m▀[38;2;16;16;16;48;2;189;41;32m▀[38;2;189;41;32;48;2;16;16;16m▀[38;2;16;16;16;48;2;238;98;65m▀[38;2;238;98;65;48;2;238;98;65m▀[38;2;238;98;65;48;2;238;98;65m▀[38;2;65;41;24;48;2;65;41;24m▀[38;2;255;238;156;48;2;255;238;156m▀[38;2;255;238;156;48;2;255;238;156m▀[38;2;255;238;156;48;2;255;238;156m▀[38;2;230;189;98;48;2;65;41;24m▀[38;2;230;189;98;48;2;65;41;24m▀[38;2;65;41;24;48;2;65;41;24m▀[38;2;65;41;24;48;2;115;74;49m▀[38;2;164;98;90;48;2;164;98;90m▀[38;2;164;98;90;48;2;164;98;90m▀[38;2;164;98;90;48;2;164;98;90m▀[38;2;164;98;90;48;2;164;98;90m▀[38;2;164;98;90;48;2;164;98;90m▀[38;2;164;98;90;48;2;164;98;90m▀[38;2;164;98;90;48;2;164;98;90m▀[38;2;115;74;49;48;2;115;74;49m▀[38;2;115;74;49;48;2;115;74;49m▀[38;2;115;74;49;48;2;115;74;49m▀[38;2;115;74;49;48;2;115;74;49m▀[38;2;115;74;49;48;2;115;74;49m▀[38;2;115;74;49;48;2;115;74;49m▀[38;2;115;74;49;48;2;115;74;49m▀[38;2;115;74;49;48;2;115;74;49m▀[38;2;16;16;16;48;2;16;16;16m▀[38;2;16;16;16;48;2;16;16;16m▀[38;2;205;131;90;48;2;205;131;90m▀[38;2;205;131;90;48;2;205;131;90m▀[38;2;230;189;98;48;2;230;189;98m▀[38;2;230;189;98;48;2;230;189;98m▀[38;2;255;238;156;48;2;230;189;98m▀[38;2;255;238;156;48;2;255;238;156m▀[38;2;255;238;156;48;2;255;238;156m▀[38;2;0;0;0;48;2;255;238;156m▀[38;2;0;0;0;48;2;0;0;0m▀[38;2;0;0;0m▀[38;2;255;238;156;48;2;0;0;0m▀[38;2;255;238;156;48;2;255;238;156m▀[38;2;255;238;156;48;2;255;238;156m▀[38;2;205;131;90;48;2;255;238;156m▀[38;2;255;238;156;48;2;255;238;156m▀[0m
[38;2;0;0;0;48;2;0;0;0m▀[38;2;255;238;156;48;2;255;238;156m▀[38;2;0;0;0;48;2;0;0;0m▀[38;2;0;0;0;48;2;0;0;0m▀[38;2;255;238;156;48;2;255;238;156m▀[38;2;255;238;156;48;2;255;238;156m▀[38;2;230;189;98;48;2;230;189;98m▀[38;2;230;189;98;48;2;230;189;98m▀[38;2;230;189;98;48;2;230;189;98m▀[38;2;65;41;24;48;2;65;41;24m▀[38;2;65;41;24;48;2;65;41;24m▀[38;2;255;238;156;48;2;255;238;156m▀[38;2;189;41;32;48;2;189;41;32m▀[38;2;238;98;65;48;2;238;98;65m▀[38;2;189;41;32;48;2;189;41;32m▀[38;2;65;41;24;48;2;65;41;24m▀[38;2;65;41;24;48;2;65;41;24m▀[38;2;230;189;98;48;2;230;189;98m▀[38;2;255;238;156;48;2;255;238;156m▀[38;2;255;238;156;48;2;255;238;156m▀[38;2;255;238;156;48;2;255;238;156m▀[38;2;65;41;24;48;2;65;41;24m▀[38;2;65;41;24;48;2;65;41;24m▀[38;2;115;74;49;48;2;115;74;49m▀[38;2;164;98;90;48;2;164;98;90m▀[38;2;164;98;90;48;2;164;98;90m▀[38;2;164;98;90;48;2;164;98;90m▀[38;2;164;98;90;48;2;164;98;90m▀[38;2;164;98;90;48;2;164;98;90m▀[38;2;164;98;90;48;2;164;98;90m▀[38;2;164;98;90;48;2;164;98;90m▀[38;2;115;74;49;48;2;115;74;49m▀[38;2;115;74;49;48;2;115;74;49m▀[38;2;115;74;49;48;2;115;74;49m▀[38;2;115;74;49;48;2;115;74;49m▀[38;2;115;74;49;48;2;115;74;49m▀[38;2;115;74;49;48;2;115;74;49m▀[38;2;115;74;49;48;2;115;74;49m▀[38;2;115;74;49;48;2;115;74;49m▀[38;2;115;74;49;48;2;115;74;49m▀[38;2;16;16;16;48;2;16;16;16m▀[38;2;16;16;16;48;2;16;16;16m▀[38;2;205;131;90;48;2;205;131;90m▀[38;2;205;131;90;48;2;205;131;90m▀[38;2;230;189;98;48;2;230;189;98m▀[38;2;230;189;98;48;2;230;189;98m▀[38;2;230;189;98;48;2;230;189;98m▀[38;2;255;238;156;48;2;255;238;156m▀[38;2;255;238;156;48;2;255;238;156m▀[38;2;255;238;156;48;2;255;238;156m▀[38;2;255;238;156;48;2;255;238;156m▀[38;2;0;0;0;48;2;0;0;0m▀[0m [38;2;0;0;0m▀[38;2;0;0;0;48;2;0;0;0m▀[38;2;255;238;156;48;2;255;238;156m▀[38;2;0;0;0;48;2;0;0;0m▀[0m
[0m [38;2;0;0;0m▀[38;2;0;0;0m▄[38;2;0;0;0m▄[38;2;0;0;0;48;2;255;238;156m▀[38;2;255;238;156;48;2;0;0;0m▀[38;2;255;238;156;48;2;230;189;98m▀[38;2;230;189;98;48;2;230;189;98m▀[38;2;230;189;98;48;2;230;189;98m▀[38;2;65;41;24;48;2;65;41;24m▀[38;2;65;41;24;48;2;65;41;24m▀[38;2;255;238;156;48;2;255;238;156m▀[38;2;255;238;156;48;2;255;238;156m▀[38;2;65;41;24;48;2;255;238;156m▀[38;2;65;41;24;48;2;255;238;156m▀[38;2;230;189;98;48;2;255;238;156m▀[38;2;230;189;98;48;2;255;238;156m▀[38;2;255;238;156;48;2;255;238;156m▀[38;2;255;238;156;48;2;220;184;130m▀[38;2;255;238;156;48;2;164;98;90m▀[38;2;220;184;130;48;2;164;98;90m▀[38;2;164;98;90;48;2;164;98;90m▀[38;2;164;98;90;48;2;164;98;90m▀[38;2;164;98;90;48;2;164;98;90m▀[38;2;164;98;90;48;2;164;98;90m▀[38;2;164;98;90;48;2;164;98;90m▀[38;2;164;98;90;48;2;164;98;90m▀[38;2;164;98;90;48;2;164;98;90m▀[38;2;164;98;90;48;2;164;98;90m▀[38;2;164;98;90;48;2;164;98;90m▀[38;2;164;98;90;48;2;115;74;49m▀[38;2;115;74;49;48;2;115;74;49m▀[38;2;115;74;49;48;2;115;74;49m▀[38;2;115;74;49;48;2;115;74;49m▀[38;2;115;74;49;48;2;115;74;49m▀[38;2;115;74;49;48;2;115;74;49m▀[38;2;115;74;49;48;2;115;74;49m▀[38;2;115;74;49;48;2;115;74;49m▀[38;2;115;74;49;48;2;115;74;49m▀[38;2;115;74;49;48;2;115;74;49m▀[38;2;16;16;16;48;2;16;16;16m▀[38;2;16;16;16;48;2;16;16;16m▀[38;2;205;131;90;48;2;205;131;90m▀[38;2;205;131;90;48;2;205;131;90m▀[38;2;230;189;98;48;2;230;189;98m▀[38;2;230;189;98;48;2;230;189;98m▀[38;2;230;189;98;48;2;230;189;98m▀[38;2;230;189;98;48;2;230;189;98m▀[38;2;230;189;98;48;2;230;189;98m▀[38;2;255;238;156;48;2;255;238;156m▀[38;2;255;238;156;48;2;255;238;156m▀[38;2;0;0;0;48;2;255;238;156m▀[38;2;0;0;0m▄[0m [0m [38;2;0;0;0m▀[0m [0m
[0m [38;2;0;0;0;48;2;0;0;0m▀[38;2;255;238;156;48;2;255;238;156m▀[38;2;255;238;156;48;2;255;238;156m▀[38;2;0;0;0;48;2;255;238;156m▀[38;2;255;238;156;48;2;0;0;0m▀[38;2;255;238;156;48;2;255;238;156m▀[38;2;230;189;98;48;2;230;189;98m▀[38;2;230;189;98;48;2;230;189;98m▀[38;2;65;41;24;48;2;205;131;90m▀[38;2;65;41;24;48;2;205;131;90m▀[38;2;255;238;156;48;2;65;41;24m▀[38;2;255;238;156;48;2;220;184;130m▀[38;2;255;238;156;48;2;164;98;90m▀[38;2;255;238;156;48;2;164;98;90m▀[38;2;220;184;130;48;2;164;98;90m▀[38;2;220;184;130;48;2;164;98;90m▀[38;2;164;98;90;48;2;164;98;90m▀[38;2;164;98;90;48;2;164;98;90m▀[38;2;164;98;90;48;2;164;98;90m▀[38;2;164;98;90;48;2;164;98;90m▀[38;2;164;98;90;48;2;164;98;90m▀[38;2;164;98;90;48;2;164;98;90m▀[38;2;164;98;90;48;2;164;98;90m▀[38;2;164;98;90;48;2;164;98;90m▀[38;2;164;98;90;48;2;164;98;90m▀[38;2;164;98;90;48;2;164;98;90m▀[38;2;164;98;90;48;2;115;74;49m▀[38;2;115;74;49;48;2;115;74;49m▀[38;2;115;74;49;48;2;115;74;49m▀[38;2;115;74;49;48;2;115;74;49m▀[38;2;115;74;49;48;2;115;74;49m▀[38;2;115;74;49;48;2;115;74;49m▀[38;2;115;74;49;48;2;115;74;49m▀[38;2;115;74;49;48;2;115;74;49m▀[38;2;115;74;49;48;2;115;74;49m▀[38;2;115;74;49;48;2;115;74;49m▀[38;2;115;74;49;48;2;115;74;49m▀[38;2;115;74;49;48;2;115;74;49m▀[38;2;16;16;16;48;2;16;16;16m▀[38;2;205;131;90;48;2;205;131;90m▀[38;2;205;131;90;48;2;205;131;90m▀[38;2;205;131;90;48;2;205;131;90m▀[38;2;230;189;98;48;2;205;131;90m▀[38;2;205;131;90;48;2;230;189;98m▀[38;2;230;189;98;48;2;230;189;98m▀[38;2;230;189;98;48;2;255;238;156m▀[38;2;255;238;156;48;2;255;238;156m▀[38;2;255;238;156;48;2;255;238;156m▀[38;2;255;238;156;48;2;255;238;156m▀[38;2;255;238;156;48;2;255;238;156m▀[38;2;255;238;156;48;2;255;238;156m▀[38;2;0;0;0;48;2;0;0;0m▀[0m [0m [0m [0m [0m
[0m [0m [38;2;0;0;0m▀[38;2;0;0;0;48;2;0;0;0m▀[38;2;255;238;156;48;2;255;238;156m▀[38;2;255;238;156;48;2;255;238;156m▀[38;2;230;189;98;48;2;230;189;98m▀[38;2;255;238;156;48;2;255;238;156m▀[38;2;205;131;90;48;2;205;131;90m▀[38;2;205;131;90;48;2;205;131;90m▀[38;2;205;131;90;48;2;205;131;90m▀[38;2;65;41;24;48;2;65;41;24m▀[38;2;164;98;90;48;2;164;98;90m▀[38;2;164;98;90;48;2;164;98;90m▀[38;2;164;98;90;48;2;164;98;90m▀[38;2;164;98;90;48;2;164;98;90m▀[38;2;164;98;90;48;2;164;98;90m▀[38;2;164;98;90;48;2;164;98;90m▀[38;2;164;98;90;48;2;164;98;90m▀[38;2;164;98;90;48;2;164;98;90m▀[38;2;164;98;90;48;2;164;98;90m▀[38;2;164;98;90;48;2;164;98;90m▀[38;2;164;98;90;48;2;164;98;90m▀[38;2;164;98;90;48;2;164;98;90m▀[38;2;164;98;90;48;2;164;98;90m▀[38;2;115;74;49;48;2;115;74;49m▀[38;2;115;74;49;48;2;115;74;49m▀[38;2;115;74;49;48;2;115;74;49m▀[38;2;115;74;49;48;2;115;74;49m▀[38;2;115;74;49;48;2;115;74;49m▀[38;2;115;74;49;48;2;115;74;49m▀[38;2;115;74;49;48;2;115;74;49m▀[38;2;115;74;49;48;2;115;74;49m▀[38;2;115;74;49;48;2;115;74;49m▀[38;2;115;74;49;48;2;115;74;49m▀[38;2;115;74;49;48;2;115;74;49m▀[38;2;115;74;49;48;2;115;74;49m▀[38;2;115;74;49;48;2;115;74;49m▀[38;2;16;16;16;48;2;16;16;16m▀[38;2;205;131;90;48;2;205;131;90m▀[38;2;205;131;90;48;2;205;131;90m▀[38;2;205;131;90;48;2;205;131;90m▀[38;2;205;131;90;48;2;205;131;90m▀[38;2;205;131;90;48;2;205;131;90m▀[38;2;205;131;90;48;2;205;131;90m▀[38;2;230;189;98;48;2;230;189;98m▀[38;2;230;189;98;48;2;230;189;98m▀[38;2;255;238;156;48;2;255;238;156m▀[38;2;255;238;156;48;2;255;238;156m▀[38;2;255;238;156;48;2;255;238;156m▀[38;2;255;238;156;48;2;255;238;156m▀[38;2;0;0;0;48;2;0;0;0m▀[0m [0m [0m [0m [0m [0m
[0m [0m [0m [38;2;0;0;0;48;2;0;0;0m▀[38;2;255;238;156;48;2;255;238;156m▀[38;2;255;238;156;48;2;255;238;156m▀[38;2;230;189;98;48;2;255;238;156m▀[38;2;230;189;98;48;2;230;189;98m▀[38;2;205;131;90;48;2;230;189;98m▀[38;2;205;131;90;48;2;205;131;90m▀[38;2;205;131;90;48;2;205;131;90m▀[38;2;205;131;90;48;2;205;131;90m▀[38;2;65;41;24;48;2;205;131;90m▀[38;2;164;98;90;48;2;65;41;24m▀[38;2;164;98;90;48;2;164;98;90m▀[38;2;164;98;90;48;2;164;98;90m▀[38;2;164;98;90;48;2;164;98;90m▀[38;2;164;98;90;48;2;164;98;90m▀[38;2;164;98;90;48;2;164;98;90m▀[38;2;164;98;90;48;2;164;98;90m▀[38;2;164;98;90;48;2;115;74;49m▀[38;2;164;98;90;48;2;115;74;49m▀[38;2;164;98;90;48;2;115;74;49m▀[38;2;115;74;49;48;2;115;74;49m▀[38;2;115;74;49;48;2;115;74;49m▀[38;2;115;74;49;48;2;115;74;49m▀[38;2;115;74;49;48;2;115;74;49m▀[38;2;115;74;49;48;2;115;74;49m▀[38;2;115;74;49;48;2;115;74;49m▀[38;2;115;74;49;48;2;115;74;49m▀[38;2;115;74;49;48;2;115;74;49m▀[38;2;115;74;49;48;2;115;74;49m▀[38;2;115;74;49;48;2;115;74;49m▀[38;2;115;74;49;48;2;115;74;49m▀[38;2;115;74;49;48;2;115;74;49m▀[38;2;115;74;49;48;2;115;74;49m▀[38;2;115;74;49;48;2;115;74;49m▀[38;2;115;74;49;48;2;16;16;16m▀[38;2;16;16;16;48;2;205;131;90m▀[38;2;205;131;90;48;2;205;131;90m▀[38;2;205;131;90;48;2;205;131;90m▀[38;2;205;131;90;48;2;205;131;90m▀[38;2;205;131;90;48;2;205;131;90m▀[38;2;205;131;90;48;2;205;131;90m▀[38;2;205;131;90;48;2;205;131;90m▀[38;2;230;189;98;48;2;230;189;98m▀[38;2;230;189;98;48;2;230;189;98m▀[38;2;230;189;98;48;2;255;238;156m▀[38;2;230;189;98;48;2;255;238;156m▀[38;2;255;238;156;48;2;255;238;156m▀[38;2;255;238;156;48;2;255;238;156m▀[38;2;0;0;0;48;2;255;238;156m▀[38;2;0;0;0m▄[0m [0m [0m [0m [0m
[0m [0m [0m [0m [38;2;0;0;0m▀[38;2;255;238;156;48;2;0;0;0m▀[38;2;255;238;156;48;2;255;238;156m▀[38;2;255;238;156;48;2;255;238;156m▀[38;2;230;189;98;48;2;255;238;156m▀[38;2;230;189;98;48;2;255;238;156m▀[38;2;230;189;98;48;2;255;238;156m▀[38;2;230;189;98;48;2;230;189;98m▀[38;2;230;189;98;48;2;230;189;98m▀[38;2;205;131;90;48;2;205;131;90m▀[38;2;65;41;24;48;2;205;131;90m▀[38;2;164;98;90;48;2;65;41;24m▀[38;2;164;98;90;48;2;65;41;24m▀[38;2;164;98;90;48;2;65;41;24m▀[38;2;115;74;49;48;2;115;74;49m▀[38;2;115;74;49;48;2;115;74;49m▀[38;2;115;74;49;48;2;115;74;49m▀[38;2;115;74;49;48;2;115;74;49m▀[38;2;115;74;49;48;2;115;74;49m▀[38;2;115;74;49;48;2;115;74;49m▀[38;2;115;74;49;48;2;115;74;49m▀[38;2;115;74;49;48;2;115;74;49m▀[38;2;115;74;49;48;2;115;74;49m▀[38;2;115;74;49;48;2;115;74;49m▀[38;2;115;74;49;48;2;115;74;49m▀[38;2;115;74;49;48;2;115;74;49m▀[38;2;115;74;49;48;2;115;74;49m▀[38;2;115;74;49;48;2;115;74;49m▀[38;2;115;74;49;48;2;115;74;49m▀[38;2;115;74;49;48;2;16;16;16m▀[38;2;115;74;49;48;2;16;16;16m▀[38;2;115;74;49;48;2;16;16;16m▀[38;2;16;16;16;48;2;205;131;90m▀[38;2;205;131;90;48;2;205;131;90m▀[38;2;205;131;90;48;2;205;131;90m▀[38;2;205;131;90;48;2;205;131;90m▀[38;2;205;131;90;48;2;205;131;90m▀[38;2;205;131;90;48;2;205;131;90m▀[38;2;205;131;90;48;2;230;189;98m▀[38;2;205;131;90;48;2;230;189;98m▀[38;2;230;189;98;48;2;230;189;98m▀[38;2;230;189;98;48;2;230;189;98m▀[38;2;255;238;156;48;2;230;189;98m▀[38;2;230;189;98;48;2;255;238;156m▀[38;2;230;189;98;48;2;255;238;156m▀[38;2;255;238;156;48;2;255;238;156m▀[38;2;255;238;156;48;2;255;238;156m▀[38;2;255;238;156;48;2;255;238;156m▀[38;2;0;0;0;48;2;255;238;156m▀[38;2;0;0;0m▄[0m [0m [0m [0m
[0m [0m [0m [38;2;0;0;0m▄[38;2;0;0;0;48;2;255;238;156m▀[38;2;0;0;0;48;2;255;238;156m▀[38;2;0;0;0;48;2;255;238;156m▀[38;2;0;0;0;48;2;0;0;0m▀[38;2;0;0;0;48;2;0;0;0m▀[38;2;255;238;156;48;2;255;238;156m▀[38;2;255;238;156;48;2;255;238;156m▀[38;2;255;238;156;48;2;255;238;156m▀[38;2;230;189;98;48;2;230;189;98m▀[38;2;230;189;98;48;2;205;131;90m▀[38;2;205;131;90;48;2;230;189;98m▀[38;2;205;131;90;48;2;205;131;90m▀[38;2;205;131;90;48;2;205;131;90m▀[38;2;205;131;90;48;2;205;131;90m▀[38;2;16;16;16;48;2;205;131;90m▀[38;2;16;16;16;48;2;205;131;90m▀[38;2;115;74;49;48;2;16;16;16m▀[38;2;115;74;49;48;2;16;16;16m▀[38;2;115;74;49;48;2;16;16;16m▀[38;2;115;74;49;48;2;16;16;16m▀[38;2;115;74;49;48;2;16;16;16m▀[38;2;115;74;49;48;2;16;16;16m▀[38;2;115;74;49;48;2;16;16;16m▀[38;2;115;74;49;48;2;16;16;16m▀[38;2;115;74;49;48;2;16;16;16m▀[38;2;115;74;49;48;2;16;16;16m▀[38;2;16;16;16;48;2;205;131;90m▀[38;2;16;16;16;48;2;205;131;90m▀[38;2;16;16;16;48;2;205;131;90m▀[38;2;205;131;90;48;2;205;131;90m▀[38;2;205;131;90;48;2;205;131;90m▀[38;2;205;131;90;48;2;205;131;90m▀[38;2;205;131;90;48;2;205;131;90m▀[38;2;205;131;90;48;2;205;131;90m▀[38;2;205;131;90;48;2;205;131;90m▀[38;2;205;131;90;48;2;205;131;90m▀[38;2;230;189;98;48;2;230;189;98m▀[38;2;230;189;98;48;2;230;189;98m▀[38;2;230;189;98;48;2;255;238;156m▀[38;2;255;238;156;48;2;255;238;156m▀[38;2;230;189;98;48;2;255;238;156m▀[38;2;255;238;156;48;2;255;238;156m▀[38;2;255;238;156;48;2;255;238;156m▀[38;2;255;238;156;48;2;255;238;156m▀[38;2;255;238;156;48;2;255;238;156m▀[38;2;255;238;156;48;2;255;238;156m▀[38;2;255;238;156;48;2;255;238;156m▀[38;2;0;0;0;48;2;255;238;156m▀[38;2;255;238;156;48;2;0;0;0m▀[38;2;0;0;0m▀[0m [0m [0m [0m
[0m [38;2;0;0;0m▄[38;2;0;0;0;48;2;255;238;156m▀[38;2;0;0;0;48;2;255;238;156m▀[38;2;255;238;156;48;2;230;189;98m▀[38;2;255;238;156;48;2;230;189;98m▀[38;2;255;238;156;48;2;255;238;156m▀[38;2;0;0;0;48;2;0;0;0m▀[38;2;0;0;0m▀[38;2;255;238;156;48;2;0;0;0m▀[38;2;255;238;156;48;2;0;0;0m▀[38;2;255;238;156;48;2;255;238;156m▀[38;2;230;189;98;48;2;255;238;156m▀[38;2;205;131;90;48;2;230;189;98m▀[38;2;230;189;98;48;2;205;131;90m▀[38;2;205;131;90;48;2;205;131;90m▀[38;2;205;131;90;48;2;205;131;90m▀[38;2;205;131;90;48;2;205;131;90m▀[38;2;205;131;90;48;2;205;131;90m▀[38;2;205;131;90;48;2;205;131;90m▀[38;2;16;16;16;48;2;205;131;90m▀[38;2;16;16;16;48;2;205;131;90m▀[38;2;16;16;16;48;2;205;131;90m▀[38;2;16;16;16;48;2;205;131;90m▀[38;2;16;16;16;48;2;205;131;90m▀[38;2;16;16;16;48;2;205;131;90m▀[38;2;16;16;16;48;2;205;131;90m▀[38;2;16;16;16;48;2;205;131;90m▀[38;2;16;16;16;48;2;205;131;90m▀[38;2;16;16;16;48;2;205;131;90m▀[38;2;205;131;90;48;2;205;131;90m▀[38;2;205;131;90;48;2;205;131;90m▀[38;2;205;131;90;48;2;205;131;90m▀[38;2;205;131;90;48;2;205;131;90m▀[38;2;205;131;90;48;2;205;131;90m▀[38;2;205;131;90;48;2;205;131;90m▀[38;2;205;131;90;48;2;205;131;90m▀[38;2;205;131;90;48;2;205;131;90m▀[38;2;205;131;90;48;2;205;131;90m▀[38;2;205;131;90;48;2;230;189;98m▀[38;2;230;189;98;48;2;230;189;98m▀[38;2;230;189;98;48;2;230;189;98m▀[38;2;255;238;156;48;2;255;238;156m▀[38;2;255;238;156;48;2;255;238;156m▀[38;2;255;238;156;48;2;0;0;0m▀[38;2;255;238;156;48;2;0;0;0m▀[38;2;255;238;156;48;2;255;238;156m▀[38;2;255;238;156;48;2;255;238;156m▀[38;2;255;238;156;48;2;255;238;156m▀[38;2;255;238;156;48;2;255;238;156m▀[38;2;255;238;156;48;2;255;238;156m▀[38;2;255;238;156;48;2;0;0;0m▀[38;2;0;0;0m▀[0m [0m [0m [0m [0m
[0m [38;2;0;0;0m▀[38;2;255;238;156;48;2;0;0;0m▀[38;2;255;238;156;48;2;0;0;0m▀[38;2;230;189;98;48;2;255;238;156m▀[38;2;255;238;156;48;2;255;238;156m▀[38;2;255;238;156;48;2;0;0;0m▀[38;2;0;0;0m▀[0m [38;2;0;0;0m▄[38;2;0;0;0;48;2;0;0;0m▀[38;2;255;238;156;48;2;255;238;156m▀[38;2;255;238;156;48;2;255;238;156m▀[38;2;230;189;98;48;2;230;189;98m▀[38;2;205;131;90;48;2;205;131;90m▀[38;2;205;131;90;48;2;205;131;90m▀[38;2;205;131;90;48;2;205;131;90m▀[38;2;205;131;90;48;2;205;131;90m▀[38;2;205;131;90;48;2;205;131;90m▀[38;2;205;131;90;48;2;230;189;98m▀[38;2;205;131;90;48;2;205;131;90m▀[38;2;205;131;90;48;2;205;131;90m▀[38;2;205;131;90;48;2;205;131;90m▀[38;2;205;131;90;48;2;205;131;90m▀[38;2;205;131;90;48;2;205;131;90m▀[38;2;205;131;90;48;2;205;131;90m▀[38;2;205;131;90;48;2;205;131;90m▀[38;2;205;131;90;48;2;205;131;90m▀[38;2;205;131;90;48;2;205;131;90m▀[38;2;205;131;90;48;2;205;131;90m▀[38;2;205;131;90;48;2;205;131;90m▀[38;2;205;131;90;48;2;205;131;90m▀[38;2;205;131;90;48;2;205;131;90m▀[38;2;205;131;90;48;2;205;131;90m▀[38;2;205;131;90;48;2;230;189;98m▀[38;2;205;131;90;48;2;230;189;98m▀[38;2;230;189;98;48;2;205;131;90m▀[38;2;205;131;90;48;2;230;189;98m▀[38;2;230;189;98;48;2;230;189;98m▀[38;2;230;189;98;48;2;230;189;98m▀[38;2;230;189;98;48;2;255;238;156m▀[38;2;230;189;98;48;2;255;238;156m▀[38;2;255;238;156;48;2;255;238;156m▀[38;2;0;0;0;48;2;0;0;0m▀[0m [0m [38;2;0;0;0m▀[38;2;255;238;156;48;2;0;0;0m▀[38;2;255;238;156;48;2;0;0;0m▀[38;2;0;0;0;48;2;255;238;156m▀[38;2;255;238;156;48;2;0;0;0m▀[38;2;0;0;0m▀[0m [0m [0m [0m [0m [0m
[0m [0m [0m [0m [38;2;0;0;0m▀[38;2;0;0;0m▀[0m [38;2;0;0;0m▄[38;2;0;0;0;48;2;255;238;156m▀[38;2;255;238;156;48;2;255;238;156m▀[38;2;255;238;156;48;2;255;238;156m▀[38;2;255;238;156;48;2;255;238;156m▀[38;2;230;189;98;48;2;255;238;156m▀[38;2;230;189;98;48;2;230;189;98m▀[38;2;230;189;98;48;2;230;189;98m▀[38;2;205;131;90;48;2;230;189;98m▀[38;2;205;131;90;48;2;230;189;98m▀[38;2;205;131;90;48;2;255;238;156m▀[38;2;230;189;98;48;2;255;238;156m▀[38;2;205;131;90;48;2;255;238;156m▀[38;2;230;189;98;48;2;255;238;156m▀[38;2;230;189;98;48;2;230;189;98m▀[38;2;230;189;98;48;2;230;189;98m▀[38;2;230;189;98;48;2;230;189;98m▀[38;2;205;131;90;48;2;230;189;98m▀[38;2;205;131;90;48;2;205;131;90m▀[38;2;205;131;90;48;2;205;131;90m▀[38;2;205;131;90;48;2;205;131;90m▀[38;2;205;131;90;48;2;205;131;90m▀[38;2;205;131;90;48;2;205;131;90m▀[38;2;205;131;90;48;2;205;131;90m▀[38;2;205;131;90;48;2;205;131;90m▀[38;2;205;131;90;48;2;205;131;90m▀[38;2;205;131;90;48;2;205;131;90m▀[38;2;230;189;98;48;2;230;189;98m▀[38;2;230;189;98;48;2;230;189;98m▀[38;2;230;189;98;48;2;230;189;98m▀[38;2;230;189;98;48;2;255;238;156m▀[38;2;230;189;98;48;2;255;238;156m▀[38;2;255;238;156;48;2;230;189;98m▀[38;2;230;189;98;48;2;255;238;156m▀[38;2;230;189;98;48;2;255;238;156m▀[38;2;255;238;156;48;2;255;238;156m▀[38;2;0;0;0;48;2;255;238;156m▀[38;2;0;0;0m▄[0m [38;2;0;0;0m▀[38;2;255;238;156;48;2;0;0;0m▀[38;2;255;238;156;48;2;0;0;0m▀[38;2;0;0;0m▀[0m [0m [0m [0m [0m [0m [0m [0m
[0m [0m [0m [0m [0m [0m [0m [38;2;0;0;0;48;2;0;0;0m▀[38;2;255;238;156;48;2;255;238;156m▀[38;2;255;238;156;48;2;255;238;156m▀[38;2;255;238;156;48;2;255;238;156m▀[38;2;255;238;156;48;2;255;238;156m▀[38;2;255;238;156;48;2;230;189;98m▀[38;2;230;189;98;48;2;255;238;156m▀[38;2;230;189;98;48;2;230;189;98m▀[38;2;230;189;98;48;2;255;238;156m▀[38;2;230;189;98;48;2;255;238;156m▀[38;2;255;238;156;48;2;255;238;156m▀[38;2;255;238;156;48;2;0;0;0m▀[38;2;255;238;156;48;2;0;0;0m▀[38;2;255;238;156;48;2;0;0;0m▀[38;2;230;189;98;48;2;0;0;0m▀[38;2;230;189;98;48;2;0;0;0m▀[38;2;230;189;98;48;2;205;131;90m▀[38;2;230;189;98;48;2;230;189;98m▀[38;2;205;131;90;48;2;230;189;98m▀[38;2;205;131;90;48;2;230;189;98m▀[38;2;205;131;90;48;2;205;131;90m▀[38;2;205;131;90;48;2;205;131;90m▀[38;2;205;131;90;48;2;205;131;90m▀[38;2;205;131;90;48;2;205;131;90m▀[38;2;205;131;90;48;2;205;131;90m▀[38;2;205;131;90;48;2;205;131;90m▀[38;2;205;131;90;48;2;230;189;98m▀[38;2;230;189;98;48;2;230;189;98m▀[38;2;230;189;98;48;2;230;189;98m▀[38;2;230;189;98;48;2;255;238;156m▀[38;2;255;238;156;48;2;255;238;156m▀[38;2;255;238;156;48;2;255;238;156m▀[38;2;230;189;98;48;2;255;238;156m▀[38;2;255;238;156;48;2;255;238;156m▀[38;2;255;238;156;48;2;255;238;156m▀[38;2;255;238;156;48;2;255;238;156m▀[38;2;255;238;156;48;2;255;238;156m▀[38;2;0;0;0;48;2;0;0;0m▀[38;2;0;0;0m▄[38;2;0;0;0;48;2;255;238;156m▀[38;2;0;0;0;48;2;255;238;156m▀[38;2;0;0;0;48;2;255;238;156m▀[38;2;0;0;0m▄[0m [0m [0m [0m [0m [0m [0m [0m
[0m [0m [0m [0m [0m [0m [0m [38;2;0;0;0;48;2;0;0;0m▀[38;2;255;238;156;48;2;255;238;156m▀[38;2;255;238;156;48;2;255;238;156m▀[38;2;255;238;156;48;2;255;238;156m▀[38;2;255;238;156;48;2;255;238;156m▀[38;2;255;238;156;48;2;255;238;156m▀[38;2;230;189;98;48;2;255;238;156m▀[38;2;255;238;156;48;2;255;238;156m▀[38;2;255;238;156;48;2;255;238;156m▀[38;2;255;238;156;48;2;255;238;156m▀[38;2;0;0;0;48;2;0;0;0m▀[0m [0m [0m [0m [0m [38;2;0;0;0;48;2;0;0;0m▀[38;2;230;189;98;48;2;255;238;156m▀[38;2;230;189;98;48;2;230;189;98m▀[38;2;230;189;98;48;2;230;189;98m▀[38;2;230;189;98;48;2;230;189;98m▀[38;2;205;131;90;48;2;230;189;98m▀[38;2;205;131;90;48;2;230;189;98m▀[38;2;205;131;90;48;2;205;131;90m▀[38;2;205;131;90;48;2;205;131;90m▀[38;2;230;189;98;48;2;230;189;98m▀[38;2;230;189;98;48;2;255;238;156m▀[38;2;255;238;156;48;2;255;238;156m▀[38;2;255;238;156;48;2;255;238;156m▀[38;2;255;238;156;48;2;255;238;156m▀[38;2;255;238;156;48;2;0;0;0m▀[38;2;0;0;0;48;2;255;238;156m▀[38;2;255;238;156;48;2;0;0;0m▀[38;2;255;238;156;48;2;0;0;0m▀[38;2;255;238;156;48;2;0;0;0m▀[38;2;255;238;156;48;2;0;0;0m▀[38;2;0;0;0m▀[38;2;0;0;0;48;2;0;0;0m▀[38;2;255;238;156;48;2;255;238;156m▀[38;2;255;238;156;48;2;230;189;98m▀[38;2;255;238;156;48;2;230;189;98m▀[38;2;255;238;156;48;2;230;189;98m▀[38;2;255;238;156;48;2;255;238;156m▀[38;2;0;0;0;48;2;255;238;156m▀[38;2;0;0;0m▄[0m [0m [0m [0m [0m [0m
[0m [0m [0m [0m [0m [0m [0m [0m [38;2;0;0;0m▀[38;2;255;238;156;48;2;0;0;0m▀[38;2;255;238;156;48;2;0;0;0m▀[38;2;255;238;156;48;2;255;238;156m▀[38;2;255;238;156;48;2;255;238;156m▀[38;2;255;238;156;48;2;0;0;0m▀[38;2;255;238;156;48;2;255;238;156m▀[38;2;255;238;156;48;2;0;0;0m▀[38;2;255;238;156;48;2;0;0;0m▀[38;2;0;0;0m▀[0m [0m [0m [0m [38;2;0;0;0m▄[38;2;0;0;0;48;2;255;238;156m▀[38;2;255;238;156;48;2;255;238;156m▀[38;2;230;189;98;48;2;230;189;98m▀[38;2;230;189;98;48;2;230;189;98m▀[38;2;230;189;98;48;2;230;189;98m▀[38;2;230;189;98;48;2;230;189;98m▀[38;2;230;189;98;48;2;230;189;98m▀[38;2;205;131;90;48;2;230;189;98m▀[38;2;230;189;98;48;2;205;131;90m▀[38;2;205;131;90;48;2;230;189;98m▀[38;2;255;238;156;48;2;255;238;156m▀[38;2;255;238;156;48;2;255;238;156m▀[38;2;255;238;156;48;2;255;238;156m▀[38;2;255;238;156;48;2;255;238;156m▀[38;2;255;238;156;48;2;0;0;0m▀[38;2;0;0;0;48;2;255;238;156m▀[38;2;0;0;0m▄[0m [0m [0m [0m [38;2;0;0;0;48;2;0;0;0m▀[38;2;255;238;156;48;2;255;238;156m▀[38;2;230;189;98;48;2;255;238;156m▀[38;2;230;189;98;48;2;230;189;98m▀[38;2;230;189;98;48;2;230;189;98m▀[38;2;230;189;98;48;2;255;238;156m▀[38;2;255;238;156;48;2;255;238;156m▀[38;2;0;0;0;48;2;0;0;0m▀[0m [0m [0m [0m [0m [0m
[0m [0m [0m [0m [0m [0m [0m [0m [0m [0m [38;2;0;0;0;48;2;0;0;0m▀[38;2;255;238;156;48;2;255;238;156m▀[38;2;255;238;156;48;2;255;238;156m▀[38;2;0;0;0;48;2;255;238;156m▀[38;2;255;238;156;48;2;0;0;0m▀[38;2;0;0;0m▀[0m [0m [0m [0m [0m [0m [38;2;0;0;0;48;2;0;0;0m▀[38;2;255;238;156;48;2;255;238;156m▀[38;2;255;238;156;48;2;255;238;156m▀[38;2;230;189;98;48;2;255;238;156m▀[38;2;230;189;98;48;2;230;189;98m▀[38;2;230;189;98;48;2;255;238;156m▀[38;2;230;189;98;48;2;230;189;98m▀[38;2;230;189;98;48;2;230;189;98m▀[38;2;230;189;98;48;2;205;131;90m▀[38;2;205;131;90;48;2;230;189;98m▀[38;2;230;189;98;48;2;230;189;98m▀[38;2;255;238;156;48;2;230;189;98m▀[38;2;255;238;156;48;2;255;238;156m▀[38;2;255;238;156;48;2;255;238;156m▀[38;2;255;238;156;48;2;255;238;156m▀[38;2;0;0;0;48;2;255;238;156m▀[38;2;255;238;156;48;2;0;0;0m▀[38;2;0;0;0;48;2;255;238;156m▀[38;2;0;0;0m▄[38;2;0;0;0m▄[0m [0m [38;2;0;0;0m▀[38;2;255;238;156;48;2;0;0;0m▀[38;2;255;238;156;48;2;255;238;156m▀[38;2;230;189;98;48;2;255;238;156m▀[38;2;230;189;98;48;2;255;238;156m▀[38;2;255;238;156;48;2;255;238;156m▀[38;2;255;238;156;48;2;0;0;0m▀[38;2;0;0;0m▀[0m [0m [0m [0m [0m [0m
[0m [0m [0m [0m [0m [0m [0m [0m [0m [38;2;0;0;0m▄[38;2;0;0;0m▄[38;2;0;0;0;48;2;0;0;0m▀[38;2;255;238;156;48;2;0;0;0m▀[38;2;255;238;156;48;2;0;0;0m▀[38;2;255;238;156;48;2;0;0;0m▀[38;2;0;0;0m▀[0m [0m [0m [0m [0m [0m [38;2;0;0;0m▀[38;2;255;238;156;48;2;0;0;0m▀[38;2;255;238;156;48;2;255;238;156m▀[38;2;255;238;156;48;2;255;238;156m▀[38;2;255;238;156;48;2;255;238;156m▀[38;2;230;189;98;48;2;255;238;156m▀[38;2;255;238;156;48;2;230;189;98m▀[38;2;255;238;156;48;2;230;189;98m▀[38;2;230;189;98;48;2;230;189;98m▀[38;2;230;189;98;48;2;230;189;98m▀[38;2;230;189;98;48;2;230;189;98m▀[38;2;230;189;98;48;2;230;189;98m▀[38;2;255;238;156;48;2;230;189;98m▀[38;2;255;238;156;48;2;230;189;98m▀[38;2;255;238;156;48;2;255;238;156m▀[38;2;255;238;156;48;2;255;238;156m▀[38;2;255;238;156;48;2;255;238;156m▀[38;2;255;238;156;48;2;255;238;156m▀[38;2;255;238;156;48;2;255;238;156m▀[38;2;255;238;156;48;2;255;238;156m▀[38;2;0;0;0;48;2;0;0;0m▀[0m [0m [0m [38;2;0;0;0m▀[38;2;0;0;0m▀[38;2;0;0;0m▀[38;2;0;0;0m▀[0m [0m [0m [0m [0m [0m [0m [0m
[0m [0m [0m [0m [0m [0m [0m [0m [38;2;0;0;0;48;2;0;0;0m▀[38;2;255;238;156;48;2;255;238;156m▀[38;2;255;238;156;48;2;255;238;156m▀[38;2;255;238;156;48;2;230;189;98m▀[38;2;255;238;156;48;2;255;238;156m▀[38;2;255;238;156;48;2;255;238;156m▀[38;2;0;0;0;48;2;0;0;0m▀[0m [0m [0m [0m [0m [38;2;0;0;0m▄[38;2;0;0;0;48;2;255;238;156m▀[38;2;0;0;0;48;2;255;238;156m▀[38;2;0;0;0;48;2;255;238;156m▀[38;2;0;0;0;48;2;0;0;0m▀[38;2;0;0;0m▀[38;2;255;238;156;48;2;0;0;0m▀[38;2;255;238;156;48;2;255;238;156m▀[38;2;255;238;156;48;2;255;238;156m▀[38;2;255;238;156;48;2;255;238;156m▀[38;2;230;189;98;48;2;230;189;98m▀[38;2;230;189;98;48;2;230;189;98m▀[38;2;230;189;98;48;2;230;189;98m▀[38;2;230;189;98;48;2;230;189;98m▀[38;2;255;238;156;48;2;230;189;98m▀[38;2;255;238;156;48;2;230;189;98m▀[38;2;230;189;98;48;2;255;238;156m▀[38;2;255;238;156;48;2;255;238;156m▀[38;2;255;238;156;48;2;255;238;156m▀[38;2;255;238;156;48;2;255;238;156m▀[38;2;255;238;156;48;2;0;0;0m▀[38;2;255;238;156;48;2;0;0;0m▀[38;2;255;238;156;48;2;255;238;156m▀[38;2;0;0;0;48;2;0;0;0m▀[0m [0m [0m [0m [0m [0m [0m [0m [0m [0m [0m [0m [0m [0m
[0m [0m [0m [0m [0m [0m [0m [38;2;0;0;0m▄[38;2;0;0;0;48;2;255;238;156m▀[38;2;255;238;156;48;2;230;189;98m▀[38;2;255;238;156;48;2;230;189;98m▀[38;2;230;189;98;48;2;230;189;98m▀[38;2;255;238;156;48;2;230;189;98m▀[38;2;255;238;156;48;2;255;238;156m▀[38;2;0;0;0;48;2;0;0;0m▀[0m [0m [0m [0m [38;2;0;0;0m▄[38;2;0;0;0;48;2;255;238;156m▀[38;2;255;238;156;48;2;255;238;156m▀[38;2;255;238;156;48;2;255;238;156m▀[38;2;255;238;156;48;2;255;238;156m▀[38;2;0;0;0;48;2;255;238;156m▀[38;2;0;0;0m▄[38;2;0;0;0;48;2;0;0;0m▀[38;2;255;238;156;48;2;255;238;156m▀[38;2;255;238;156;48;2;255;238;156m▀[38;2;255;238;156;48;2;255;238;156m▀[38;2;230;189;98;48;2;230;189;98m▀[38;2;230;189;98;48;2;230;189;98m▀[38;2;230;189;98;48;2;230;189;98m▀[38;2;230;189;98;48;2;230;189;98m▀[38;2;230;189;98;48;2;255;238;156m▀[38;2;230;189;98;48;2;255;238;156m▀[38;2;255;238;156;48;2;255;238;156m▀[38;2;255;238;156;48;2;255;238;156m▀[38;2;255;238;156;48;2;255;238;156m▀[38;2;255;238;156;48;2;255;238;156m▀[38;2;0;0;0;48;2;255;238;156m▀[38;2;0;0;0;48;2;255;238;156m▀[38;2;255;238;156;48;2;0;0;0m▀[38;2;0;0;0m▀[0m [0m [0m [0m [0m [0m [0m [0m [0m [0m [0m [0m [0m [0m
[0m [0m [0m [0m [0m [0m [0m [38;2;0;0;0m▀[38;2;255;238;156;48;2;0;0;0m▀[38;2;255;238;156;48;2;255;238;156m▀[38;2;255;238;156;48;2;255;238;156m▀[38;2;230;189;98;48;2;255;238;156m▀[38;2;230;189;98;48;2;255;238;156m▀[38;2;255;238;156;48;2;255;238;156m▀[38;2;0;0;0;48;2;0;0;0m▀[0m [0m [0m [0m [38;2;0;0;0;48;2;0;0;0m▀[38;2;255;238;156;48;2;255;238;156m▀[38;2;230;189;98;48;2;230;189;98m▀[38;2;230;189;98;48;2;230;189;98m▀[38;2;230;189;98;48;2;230;189;98m▀[38;2;255;238;156;48;2;255;238;156m▀[38;2;255;238;156;48;2;255;238;156m▀[38;2;0;0;0;48;2;0;0;0m▀[38;2;0;0;0;48;2;0;0;0m▀[38;2;255;238;156;48;2;255;238;156m▀[38;2;255;238;156;48;2;255;238;156m▀[38;2;255;238;156;48;2;255;238;156m▀[38;2;230;189;98;48;2;230;189;98m▀[38;2;230;189;98;48;2;230;189;98m▀[38;2;255;238;156;48;2;255;238;156m▀[38;2;255;238;156;48;2;255;238;156m▀[38;2;255;238;156;48;2;255;238;156m▀[38;2;255;238;156;48;2;255;238;156m▀[38;2;255;238;156;48;2;255;238;156m▀[38;2;255;238;156;48;2;0;0;0m▀[38;2;0;0;0m▀[38;2;0;0;0m▀[38;2;0;0;0m▀[0m [0m [0m [0m [0m [0m [0m [0m [0m [0m [0m [0m [0m [0m [0m [0m
[0m [0m [0m [0m [0m [0m [0m [0m [0m [38;2;0;0;0m▀[38;2;0;0;0m▀[38;2;0;0;0m▀[38;2;0;0;0m▀[38;2;0;0;0m▀[0m [0m [0m [0m [0m [38;2;0;0;0;48;2;0;0;0m▀[38;2;255;238;156;48;2;255;238;156m▀[38;2;230;189;98;48;2;255;238;156m▀[38;2;230;189;98;48;2;255;238;156m▀[38;2;255;238;156;48;2;255;238;156m▀[38;2;255;238;156;48;2;0;0;0m▀[38;2;0;0;0m▀[0m [38;2;0;0;0;48;2;0;0;0m▀[38;2;255;238;156;48;2;255;238;156m▀[38;2;255;238;156;48;2;255;238;156m▀[38;2;230;189;98;48;2;230;189;98m▀[38;2;230;189;98;48;2;255;238;156m▀[38;2;230;189;98;48;2;230;189;98m▀[38;2;255;238;156;48;2;255;238;156m▀[38;2;255;238;156;48;2;255;238;156m▀[38;2;255;238;156;48;2;255;238;156m▀[38;2;0;0;0;48;2;255;238;156m▀[38;2;255;238;156;48;2;0;0;0m▀[38;2;0;0;0m▀[0m [0m [0m [0m [0m [0m [0m [0m [0m [0m [0m [0m [0m [0m [0m [0m [0m [0m [0m
[0m [0m [0m [0m [0m [0m [0m [0m [0m [0m [0m [0m [0m [0m [0m [0m [0m [0m [0m [38;2;0;0;0m▀[38;2;255;238;156;48;2;0;0;0m▀[38;2;255;238;156;48;2;255;238;156m▀[38;2;255;238;156;48;2;255;238;156m▀[38;2;255;238;156;48;2;255;238;156m▀[38;2;0;0;0;48;2;0;0;0m▀[0m [38;2;0;0;0m▄[38;2;0;0;0;48;2;255;238;156m▀[38;2;255;238;156;48;2;255;238;156m▀[38;2;255;238;156;48;2;255;238;156m▀[38;2;230;189;98;48;2;255;238;156m▀[38;2;255;238;156;48;2;230;189;98m▀[38;2;230;189;98;48;2;255;238;156m▀[38;2;255;238;156;48;2;255;238;156m▀[38;2;255;238;156;48;2;255;238;156m▀[38;2;255;238;156;48;2;255;238;156m▀[38;2;255;238;156;48;2;0;0;0m▀[38;2;0;0;0;48;2;255;238;156m▀[38;2;0;0;0m▄[0m [0m [0m [0m [0m [0m [0m [0m [0m [0m [0m [0m [0m [0m [0m [0m [0m [0m [0m
[0m [0m [0m [0m [0m [0m [0m [0m [0m [0m [0m [0m [0m [0m [0m [0m [0m [0m [0m [0m [38;2;0;0;0m▀[38;2;255;238;156;48;2;0;0;0m▀[38;2;255;238;156;48;2;0;0;0m▀[38;2;0;0;0m▀[0m [38;2;0;0;0;48;2;0;0;0m▀[38;2;255;238;156;48;2;255;238;156m▀[38;2;255;238;156;48;2;255;238;156m▀[38;2;255;238;156;48;2;255;238;156m▀[38;2;255;238;156;48;2;255;238;156m▀[38;2;230;189;98;48;2;255;238;156m▀[38;2;255;238;156;48;2;255;238;156m▀[38;2;255;238;156;48;2;255;238;156m▀[38;2;255;238;156;48;2;255;238;156m▀[38;2;255;238;156;48;2;255;238;156m▀[38;2;255;238;156;48;2;255;238;156m▀[38;2;255;238;156;48;2;0;0;0m▀[38;2;0;0;0m▀[0m [0m [0m [0m [0m [0m [0m [0m [0m [0m [0m [0m [0m [0m [0m [0m [0m [0m [0m [0m
[0m [0m [0m [0m [0m [0m [0m [0m [0m [0m [0m [0m [0m [0m [0m [0m [0m [0m [0m [0m [0m [0m [0m [38;2;0;0;0m▄[38;2;0;0;0;48;2;255;238;156m▀[38;2;0;0;0;48;2;255;238;156m▀[38;2;255;238;156;48;2;255;238;156m▀[38;2;255;238;156;48;2;230;189;98m▀[38;2;255;238;156;48;2;255;238;156m▀[38;2;255;238;156;48;2;255;238;156m▀[38;2;255;238;156;48;2;255;238;156m▀[38;2;255;238;156;48;2;255;238;156m▀[38;2;255;238;156;48;2;0;0;0m▀[38;2;0;0;0m▀[38;2;0;0;0m▀[38;2;0;0;0m▀[0m [0m [0m [0m [0m [0m [0m [0m [0m [0m [0m [0m [0m [0m [0m [0m [0m [0m [0m [0m [0m [0m
[0m [0m [0m [0m [0m [0m [0m [0m [0m [0m [0m [0m [0m [0m [0m [0m [0m [0m [0m [0m [0m [0m [0m [38;2;0;0;0;48;2;0;0;0m▀[38;2;255;238;156;48;2;255;238;156m▀[38;2;255;238;156;48;2;255;238;156m▀[38;2;255;238;156;48;2;230;189;98m▀[38;2;230;189;98;48;2;230;189;98m▀[38;2;255;238;156;48;2;255;238;156m▀[38;2;255;238;156;48;2;255;238;156m▀[38;2;255;238;156;48;2;0;0;0m▀[38;2;255;238;156;48;2;0;0;0m▀[38;2;0;0;0m▀[0m [0m [0m [0m [0m [0m [0m [0m [0m [0m [0m [0m [0m [0m [0m [0m [0m [0m [0m [0m [0m [0m [0m [0m [0m
[0m [0m [0m [0m [0m [0m [0m [0m [0m [0m [0m [0m [0m [0m [0m [0m [0m [0m [0m [0m [0m [0m [0m [38;2;0;0;0;48;2;0;0;0m▀[38;2;255;238;156;48;2;255;238;156m▀[38;2;255;238;156;48;2;0;0;0m▀[38;2;230;189;98;48;2;255;238;156m▀[38;2;230;189;98;48;2;0;0;0m▀[38;2;255;238;156;48;2;255;238;156m▀[38;2;255;238;156;48;2;255;238;156m▀[38;2;0;0;0;48;2;0;0;0m▀[0m [0m [0m [0m [0m [0m [0m [0m [0m [0m [0m [0m [0m [0m [0m [0m [0m [0m [0m [0m [0m [0m [0m [0m [0m [0m [0m
[0m [0m [0m [0m [0m [0m [0m [0m [0m [0m [0m [0m [0m [0m [0m [0m [0m [0m [0m [0m [0m [0m [0m [0m [38;2;0;0;0m▀[38;2;255;238;156;48;2;0;0;0m▀[38;2;0;0;0;48;2;255;238;156m▀[38;2;255;238;156;48;2;0;0;0m▀[38;2;0;0;0m▀[38;2;0;0;0m▀[0m [0m [0m [0m [0m [0m [0m [0m [0m [0m [0m [0m [0m [0m [0m [0m [0m [0m [0m [0m [0m [0m [0m [0m [0m [0m [0m [0m
[0m [0m [0m [0m [0m [0m [0m [0m [0m [0m [0m [0m [0m [0m [0m [0m [0m [0m [0m [0m [0m [0m [0m [0m [0m [38;2;0;0;0m▀[38;2;255;238;156;48;2;0;0;0m▀[38;2;0;0;0;48;2;255;238;156m▀[38;2;0;0;0m▄[0m [0m [0m [0m [0m [0m [0m [0m [0m [0m [0m [0m [0m [0m [0m [0m [0m [0m [0m [0m [0m [0m [0m [0m [0m [0m [0m [0m [0m
