[0m [0m [0m [0m [0m [0m [38;2;0;0;0m▄[38;2;0;0;0;48;2;131;90;16m▀[38;2;131;90;16;48;2;255;230;41m▀[38;2;131;90;16;48;2;255;230;41m▀[38;2;131;90;16;48;2;255;230;41m▀[38;2;0;0;0;48;2;131;90;16m▀[38;2;0;0;0;48;2;16;16;16m▀[38;2;0;0;0m▄[0m [0m [0m [0m [0m [0m [0m [0m [0m [0m [0m [0m [0m [0m [0m [0m [0m [0m [0m [0m [0m [0m [0m [0m [0m [0m [0m [0m [0m [0m
[0m [0m [0m [0m [0m [0m [38;2;0;0;0;48;2;0;0;0m▀[38;2;131;90;16;48;2;131;90;16m▀[38;2;205;189;32;48;2;205;189;32m▀[38;2;205;189;32;48;2;205;189;32m▀[38;2;255;230;41;48;2;255;230;41m▀[38;2;255;230;41;48;2;255;230;41m▀[38;2;255;230;41;48;2;255;230;41m▀[38;2;131;90;16;48;2;131;90;16m▀[38;2;0;0;0;48;2;0;0;0m▀[38;2;0;0;0m▄[0m [0m [0m [0m [0m [0m [0m [0m [0m [0m [0m [0m [0m [0m [0m [0m [0m [0m [0m [0m [0m [0m [0m [0m [0m [0m [0m [0m
[0m [0m [0m [0m [0m [0m [38;2;0;0;0m▀[38;2;131;90;16;48;2;0;0;0m▀[38;2;246;246;164;48;2;131;90;16m▀[38;2;246;246;164;48;2;131;90;16m▀[38;2;205;189;32;48;2;205;189;32m▀[38;2;255;230;41;48;2;172;139;24m▀[38;2;255;230;41;48;2;255;230;41m▀[38;2;255;230;41;48;2;255;230;41m▀[38;2;131;90;16;48;2;255;230;41m▀[38;2;131;90;16;48;2;255;230;41m▀[38;2;0;0;0;48;2;131;90;16m▀[38;2;0;0;0;48;2;131;90;16m▀[38;2;0;0;0;48;2;131;90;16m▀[38;2;0;0;0m▄[38;2;0;0;0m▄[38;2;0;0;0m▄[38;2;0;0;0m▄[0m [0m [38;2;0;0;0m▄[38;2;0;0;0m▄[38;2;0;0;0m▄[38;2;0;0;0m▄[38;2;0;0;0;48;2;131;90;16m▀[38;2;0;0;0;48;2;131;90;16m▀[38;2;0;0;0;48;2;131;90;16m▀[38;2;0;0;0m▄[0m [0m [0m [0m [0m [0m [0m [0m [0m [0m [0m
[0m [0m [0m [0m [0m [0m [0m [38;2;0;0;0;48;2;0;0;0m▀[38;2;16;16;16;48;2;16;16;16m▀[38;2;16;16;16;48;2;16;16;16m▀[38;2;246;246;164;48;2;172;139;24m▀[38;2;172;139;24;48;2;255;230;41m▀[38;2;255;230;41;48;2;246;246;164m▀[38;2;255;230;41;48;2;246;246;164m▀[38;2;255;230;41;48;2;246;246;164m▀[38;2;255;230;41;48;2;246;246;164m▀[38;2;255;230;41;48;2;255;230;41m▀[38;2;255;230;41;48;2;255;230;41m▀[38;2;255;230;41;48;2;255;230;41m▀[38;2;131;90;16;48;2;255;230;41m▀[38;2;16;16;16;48;2;255;230;41m▀[38;2;16;16;16;48;2;255;230;41m▀[38;2;16;16;16;48;2;255;230;41m▀[38;2;0;0;0;48;2;16;16;16m▀[38;2;0;0;0;48;2;131;90;16m▀[38;2;131;90;16;48;2;255;230;41m▀[38;2;131;90;16;48;2;255;230;41m▀[38;2;131;90;16;48;2;255;230;41m▀[38;2;131;90;16;48;2;255;230;41m▀[38;2;255;230;41;48;2;205;189;32m▀[38;2;255;230;41;48;2;172;131;41m▀[38;2;172;131;41;48;2;246;246;164m▀[38;2;16;16;16;48;2;16;16;16m▀[38;2;0;0;0;48;2;0;0;0m▀[0m [0m [0m [0m [0m [0m [0m [0m [0m [0m
[0m [0m [0m [0m [0m [0m [38;2;0;0;0;48;2;0;0;0m▀[38;2;172;139;24;48;2;172;139;24m▀[38;2;255;230;41;48;2;255;230;41m▀[38;2;255;230;41;48;2;255;230;41m▀[38;2;255;230;41;48;2;255;230;41m▀[38;2;246;246;164;48;2;246;246;164m▀[38;2;246;246;164;48;2;246;246;164m▀[38;2;246;246;164;48;2;246;246;164m▀[38;2;246;246;164;48;2;246;246;164m▀[38;2;246;246;164;48;2;246;246;164m▀[38;2;246;246;164;48;2;246;246;164m▀[38;2;255;230;41;48;2;255;230;41m▀[38;2;255;230;41;48;2;255;230;41m▀[38;2;255;230;41;48;2;255;230;41m▀[38;2;255;230;41;48;2;255;230;41m▀[38;2;255;230;41;48;2;255;230;41m▀[38;2;255;230;41;48;2;255;230;41m▀[38;2;255;230;41;48;2;255;230;41m▀[38;2;255;230;41;48;2;255;230;41m▀[38;2;255;230;41;48;2;255;230;41m▀[38;2;255;230;41;48;2;255;230;41m▀[38;2;205;189;32;48;2;205;189;32m▀[38;2;205;189;32;48;2;205;189;32m▀[38;2;246;246;164;48;2;246;246;164m▀[38;2;246;246;164;48;2;246;246;164m▀[38;2;90;57;8;48;2;90;57;8m▀[38;2;0;0;0;48;2;0;0;0m▀[0m [0m [0m [0m [0m [0m [0m [0m [0m [0m [0m
[0m [0m [0m [0m [0m [38;2;0;0;0;48;2;0;0;0m▀[38;2;172;139;24;48;2;172;139;24m▀[38;2;255;230;41;48;2;255;230;41m▀[38;2;255;230;41;48;2;255;230;41m▀[38;2;255;230;41;48;2;255;230;41m▀[38;2;255;230;41;48;2;255;230;41m▀[38;2;246;246;164;48;2;255;230;41m▀[38;2;246;246;164;48;2;246;246;164m▀[38;2;246;246;164;48;2;246;246;164m▀[38;2;246;246;164;48;2;255;230;41m▀[38;2;246;246;164;48;2;255;230;41m▀[38;2;255;230;41;48;2;255;230;41m▀[38;2;255;230;41;48;2;255;230;41m▀[38;2;255;230;41;48;2;255;230;41m▀[38;2;255;230;41;48;2;255;230;41m▀[38;2;255;230;41;48;2;255;230;41m▀[38;2;255;230;41;48;2;255;230;41m▀[38;2;255;230;41;48;2;255;230;41m▀[38;2;255;230;41;48;2;255;230;41m▀[38;2;255;230;41;48;2;255;230;41m▀[38;2;255;230;41;48;2;255;230;41m▀[38;2;172;131;41;48;2;205;189;32m▀[38;2;246;246;164;48;2;246;246;164m▀[38;2;246;246;164;48;2;246;246;164m▀[38;2;246;246;164;48;2;246;246;164m▀[38;2;246;246;164;48;2;90;57;8m▀[38;2;90;57;8;48;2;0;0;0m▀[38;2;0;0;0m▀[0m [0m [0m [0m [0m [0m [0m [0m [0m [0m [0m
[0m [0m [0m [0m [38;2;0;0;0;48;2;0;0;0m▀[38;2;131;90;16;48;2;90;57;8m▀[38;2;255;230;41;48;2;255;230;41m▀[38;2;255;230;41;48;2;255;230;41m▀[38;2;255;230;41;48;2;172;131;41m▀[38;2;255;230;41;48;2;172;131;41m▀[38;2;255;230;41;48;2;255;230;41m▀[38;2;255;230;41;48;2;255;230;41m▀[38;2;255;230;41;48;2;255;230;41m▀[38;2;255;230;41;48;2;255;230;41m▀[38;2;255;230;41;48;2;255;230;41m▀[38;2;255;230;41;48;2;255;230;41m▀[38;2;255;230;41;48;2;255;230;41m▀[38;2;255;230;41;48;2;255;230;41m▀[38;2;255;230;41;48;2;255;230;41m▀[38;2;255;230;41;48;2;255;230;41m▀[38;2;255;230;41;48;2;255;230;41m▀[38;2;255;230;41;48;2;255;230;41m▀[38;2;255;230;41;48;2;255;230;41m▀[38;2;255;230;41;48;2;255;230;41m▀[38;2;255;230;41;48;2;255;230;41m▀[38;2;172;131;41;48;2;205;189;32m▀[38;2;205;189;32;48;2;205;189;32m▀[38;2;246;246;164;48;2;205;189;32m▀[38;2;246;246;164;48;2;205;189;32m▀[38;2;246;246;164;48;2;16;16;16m▀[38;2;90;57;8;48;2;0;0;0m▀[38;2;0;0;0m▀[0m [0m [0m [0m [0m [0m [0m [0m [0m [0m [0m [0m
[0m [0m [0m [0m [38;2;0;0;0m▀[38;2;16;16;16;48;2;0;0;0m▀[38;2;255;230;41;48;2;16;16;16m▀[38;2;255;230;41;48;2;255;230;41m▀[38;2;255;230;41;48;2;255;230;41m▀[38;2;255;230;41;48;2;255;230;41m▀[38;2;16;16;16;48;2;16;16;16m▀[38;2;255;230;41;48;2;255;230;41m▀[38;2;255;230;41;48;2;255;230;41m▀[38;2;255;230;41;48;2;255;230;41m▀[38;2;255;230;41;48;2;255;230;41m▀[38;2;255;230;41;48;2;255;230;41m▀[38;2;255;230;41;48;2;255;230;41m▀[38;2;255;230;41;48;2;255;230;41m▀[38;2;255;230;41;48;2;255;230;41m▀[38;2;255;230;41;48;2;255;230;41m▀[38;2;255;230;41;48;2;255;230;41m▀[38;2;255;230;41;48;2;255;230;41m▀[38;2;255;230;41;48;2;255;230;41m▀[38;2;255;230;41;48;2;255;230;41m▀[38;2;255;230;41;48;2;205;189;32m▀[38;2;205;189;32;48;2;205;189;32m▀[38;2;205;189;32;48;2;205;189;32m▀[38;2;205;189;32;48;2;205;189;32m▀[38;2;205;189;32;48;2;205;189;32m▀[38;2;16;16;16;48;2;16;16;16m▀[38;2;0;0;0;48;2;0;0;0m▀[0m [0m [0m [0m [0m [0m [0m [38;2;0;0;0m▄[38;2;0;0;0;48;2;172;139;24m▀[38;2;0;0;0;48;2;172;139;24m▀[38;2;0;0;0;48;2;172;139;24m▀[38;2;0;0;0;48;2;172;139;24m▀[0m
[0m [0m [0m [0m [0m [38;2;0;0;0;48;2;0;0;0m▀[38;2;16;16;16;48;2;16;16;16m▀[38;2;255;230;41;48;2;172;131;41m▀[38;2;255;230;41;48;2;255;230;41m▀[38;2;255;230;41;48;2;255;230;41m▀[38;2;16;16;16;48;2;255;230;41m▀[38;2;255;230;41;48;2;16;16;16m▀[38;2;255;230;41;48;2;255;230;41m▀[38;2;255;230;41;48;2;255;230;41m▀[38;2;255;230;41;48;2;255;230;41m▀[38;2;255;230;41;48;2;255;230;41m▀[38;2;255;230;41;48;2;255;230;41m▀[38;2;255;230;41;48;2;255;230;41m▀[38;2;255;230;41;48;2;255;230;41m▀[38;2;255;230;41;48;2;255;230;41m▀[38;2;255;230;41;48;2;16;16;16m▀[38;2;255;230;41;48;2;16;16;16m▀[38;2;255;230;41;48;2;16;16;16m▀[38;2;255;230;41;48;2;131;90;16m▀[38;2;205;189;32;48;2;205;189;32m▀[38;2;205;189;32;48;2;205;189;32m▀[38;2;205;189;32;48;2;205;189;32m▀[38;2;205;189;32;48;2;205;189;32m▀[38;2;205;189;32;48;2;205;189;32m▀[38;2;16;16;16;48;2;205;189;32m▀[38;2;0;0;0;48;2;16;16;16m▀[38;2;0;0;0m▄[0m [0m [0m [0m [0m [38;2;0;0;0m▄[38;2;0;0;0;48;2;172;139;24m▀[38;2;172;139;24;48;2;205;189;32m▀[38;2;172;139;24;48;2;205;189;32m▀[38;2;172;139;24;48;2;255;230;41m▀[38;2;172;139;24;48;2;172;139;24m▀[0m
[0m [38;2;0;0;0m▄[0m [0m [38;2;0;0;0m▄[0m [38;2;0;0;0m▀[38;2;16;16;16;48;2;0;0;0m▀[38;2;255;230;41;48;2;0;0;0m▀[38;2;255;230;41;48;2;0;0;0m▀[38;2;255;230;41;48;2;255;230;41m▀[38;2;172;131;41;48;2;205;189;32m▀[38;2;255;230;41;48;2;255;230;41m▀[38;2;255;230;41;48;2;255;230;41m▀[38;2;255;230;41;48;2;255;230;41m▀[38;2;255;230;41;48;2;255;230;41m▀[38;2;255;230;41;48;2;255;230;41m▀[38;2;255;230;41;48;2;131;90;16m▀[38;2;16;16;16;48;2;205;189;32m▀[38;2;16;16;16;48;2;255;230;41m▀[38;2;205;189;32;48;2;255;230;41m▀[38;2;205;189;32;48;2;255;230;41m▀[38;2;205;189;32;48;2;255;230;41m▀[38;2;205;189;32;48;2;205;189;32m▀[38;2;205;189;32;48;2;205;189;32m▀[38;2;205;189;32;48;2;205;189;32m▀[38;2;205;189;32;48;2;205;189;32m▀[38;2;205;189;32;48;2;205;189;32m▀[38;2;205;189;32;48;2;205;189;32m▀[38;2;205;189;32;48;2;172;131;41m▀[38;2;16;16;16;48;2;90;57;8m▀[38;2;0;0;0;48;2;90;57;8m▀[38;2;0;0;0;48;2;90;57;8m▀[38;2;0;0;0m▄[38;2;0;0;0m▄[0m [38;2;0;0;0;48;2;0;0;0m▀[38;2;172;139;24;48;2;90;57;8m▀[38;2;255;230;41;48;2;255;230;41m▀[38;2;255;230;41;48;2;255;230;41m▀[38;2;255;230;41;48;2;255;230;41m▀[38;2;172;139;24;48;2;131;90;16m▀[38;2;0;0;0;48;2;0;0;0m▀[0m
[38;2;0;0;0;48;2;0;0;0m▀[38;2;90;57;8;48;2;90;57;8m▀[38;2;0;0;0;48;2;255;230;41m▀[38;2;0;0;0;48;2;255;230;41m▀[38;2;172;131;41;48;2;172;131;41m▀[38;2;0;0;0;48;2;90;57;8m▀[38;2;0;0;0m▄[0m [0m [38;2;0;0;0;48;2;0;0;0m▀[38;2;255;230;41;48;2;16;16;16m▀[38;2;255;230;41;48;2;255;230;41m▀[38;2;255;230;41;48;2;246;246;164m▀[38;2;255;230;41;48;2;246;246;164m▀[38;2;255;230;41;48;2;246;246;164m▀[38;2;255;230;41;48;2;246;246;164m▀[38;2;205;189;32;48;2;205;189;32m▀[38;2;205;189;32;48;2;205;189;32m▀[38;2;255;230;41;48;2;205;189;32m▀[38;2;255;230;41;48;2;205;189;32m▀[38;2;255;230;41;48;2;205;189;32m▀[38;2;255;230;41;48;2;205;189;32m▀[38;2;205;189;32;48;2;205;189;32m▀[38;2;205;189;32;48;2;205;189;32m▀[38;2;205;189;32;48;2;205;189;32m▀[38;2;205;189;32;48;2;90;57;8m▀[38;2;16;16;16;48;2;255;230;41m▀[38;2;90;57;8;48;2;255;230;41m▀[38;2;90;57;8;48;2;255;230;41m▀[38;2;255;230;41;48;2;255;230;41m▀[38;2;255;230;41;48;2;90;57;8m▀[38;2;205;189;32;48;2;205;189;32m▀[38;2;205;189;32;48;2;16;16;16m▀[38;2;16;16;16;48;2;0;0;0m▀[38;2;16;16;16;48;2;0;0;0m▀[38;2;0;0;0;48;2;0;0;0m▀[38;2;90;57;8;48;2;90;57;8m▀[38;2;255;230;41;48;2;172;139;24m▀[38;2;255;230;41;48;2;255;230;41m▀[38;2;205;189;32;48;2;131;90;16m▀[38;2;205;189;32;48;2;131;90;16m▀[38;2;131;90;16;48;2;0;0;0m▀[38;2;0;0;0m▀[0m
[38;2;0;0;0;48;2;172;131;41m▀[38;2;90;57;8;48;2;255;230;41m▀[38;2;255;230;41;48;2;255;230;41m▀[38;2;255;230;41;48;2;255;230;41m▀[38;2;172;131;41;48;2;255;230;41m▀[38;2;90;57;8;48;2;255;230;41m▀[38;2;0;0;0;48;2;172;131;41m▀[38;2;0;0;0;48;2;90;57;8m▀[38;2;0;0;0;48;2;16;16;16m▀[38;2;0;0;0;48;2;16;16;16m▀[38;2;16;16;16;48;2;16;16;16m▀[38;2;255;230;41;48;2;246;246;164m▀[38;2;246;246;164;48;2;246;246;164m▀[38;2;246;246;164;48;2;246;246;164m▀[38;2;246;246;164;48;2;172;131;41m▀[38;2;246;246;164;48;2;172;131;41m▀[38;2;205;189;32;48;2;246;246;164m▀[38;2;205;189;32;48;2;205;189;32m▀[38;2;205;189;32;48;2;205;189;32m▀[38;2;205;189;32;48;2;90;57;8m▀[38;2;205;189;32;48;2;16;16;16m▀[38;2;205;189;32;48;2;16;16;16m▀[38;2;205;189;32;48;2;16;16;16m▀[38;2;205;189;32;48;2;90;57;8m▀[38;2;205;189;32;48;2;90;57;8m▀[38;2;90;57;8;48;2;255;230;41m▀[38;2;255;230;41;48;2;255;230;41m▀[38;2;255;230;41;48;2;255;230;41m▀[38;2;255;230;41;48;2;255;230;41m▀[38;2;255;230;41;48;2;90;57;8m▀[38;2;90;57;8;48;2;90;57;8m▀[38;2;205;189;32;48;2;205;189;32m▀[38;2;16;16;16;48;2;16;16;16m▀[38;2;0;0;0;48;2;0;0;0m▀[38;2;0;0;0m▄[38;2;0;0;0;48;2;90;57;8m▀[38;2;90;57;8;48;2;172;131;41m▀[38;2;172;139;24;48;2;172;131;41m▀[38;2;255;230;41;48;2;172;131;41m▀[38;2;131;90;16;48;2;90;57;8m▀[38;2;131;90;16;48;2;90;57;8m▀[38;2;0;0;0;48;2;0;0;0m▀[0m [0m
[38;2;90;57;8;48;2;0;0;0m▀[38;2;255;230;41;48;2;90;57;8m▀[38;2;255;230;41;48;2;172;131;41m▀[38;2;255;230;41;48;2;172;131;41m▀[38;2;255;230;41;48;2;255;230;41m▀[38;2;255;230;41;48;2;255;230;41m▀[38;2;255;230;41;48;2;255;230;41m▀[38;2;255;230;41;48;2;255;230;41m▀[38;2;255;230;41;48;2;255;230;41m▀[38;2;255;230;41;48;2;255;230;41m▀[38;2;16;16;16;48;2;205;189;32m▀[38;2;90;57;8;48;2;16;16;16m▀[38;2;205;189;32;48;2;90;57;8m▀[38;2;246;246;164;48;2;90;57;8m▀[38;2;246;246;164;48;2;90;57;8m▀[38;2;246;246;164;48;2;90;57;8m▀[38;2;16;16;16;48;2;16;16;16m▀[38;2;16;16;16;48;2;230;172;90m▀[38;2;16;16;16;48;2;230;172;90m▀[38;2;16;16;16;48;2;230;172;90m▀[38;2;230;172;90;48;2;230;172;90m▀[38;2;230;172;90;48;2;230;172;90m▀[38;2;205;123;41;48;2;230;172;90m▀[38;2;172;131;41;48;2;90;57;8m▀[38;2;172;131;41;48;2;255;230;41m▀[38;2;255;230;41;48;2;255;230;41m▀[38;2;255;230;41;48;2;255;230;41m▀[38;2;255;230;41;48;2;205;189;32m▀[38;2;255;230;41;48;2;205;189;32m▀[38;2;205;189;32;48;2;205;189;32m▀[38;2;205;189;32;48;2;205;189;32m▀[38;2;16;16;16;48;2;16;16;16m▀[38;2;0;0;0;48;2;0;0;0m▀[38;2;0;0;0m▄[38;2;0;0;0;48;2;0;0;0m▀[38;2;90;57;8;48;2;90;57;8m▀[38;2;172;131;41;48;2;255;230;41m▀[38;2;172;131;41;48;2;255;230;41m▀[38;2;172;131;41;48;2;131;98;8m▀[38;2;90;57;8;48;2;90;57;8m▀[38;2;90;57;8;48;2;90;57;8m▀[38;2;0;0;0;48;2;0;0;0m▀[0m [0m
[0m [38;2;0;0;0m▀[38;2;90;57;8;48;2;0;0;0m▀[38;2;90;57;8;48;2;0;0;0m▀[38;2;205;189;32;48;2;90;57;8m▀[38;2;205;189;32;48;2;90;57;8m▀[38;2;205;189;32;48;2;205;189;32m▀[38;2;205;189;32;48;2;205;189;32m▀[38;2;205;189;32;48;2;205;189;32m▀[38;2;205;189;32;48;2;205;189;32m▀[38;2;205;189;32;48;2;205;123;41m▀[38;2;205;123;41;48;2;205;123;41m▀[38;2;230;172;90;48;2;255;213;106m▀[38;2;230;172;90;48;2;255;213;106m▀[38;2;230;172;90;48;2;255;213;106m▀[38;2;230;172;90;48;2;255;213;106m▀[38;2;255;213;106;48;2;255;213;106m▀[38;2;255;213;106;48;2;205;123;41m▀[38;2;230;172;90;48;2;205;123;41m▀[38;2;230;172;90;48;2;205;123;41m▀[38;2;230;172;90;48;2;205;123;41m▀[38;2;230;172;90;48;2;205;123;41m▀[38;2;90;57;8;48;2;90;57;8m▀[38;2;205;189;32;48;2;205;189;32m▀[38;2;255;230;41;48;2;205;189;32m▀[38;2;255;230;41;48;2;205;189;32m▀[38;2;205;189;32;48;2;205;189;32m▀[38;2;205;189;32;48;2;205;189;32m▀[38;2;205;189;32;48;2;205;189;32m▀[38;2;205;189;32;48;2;16;16;16m▀[38;2;16;16;16;48;2;98;41;0m▀[38;2;0;0;0;48;2;0;0;0m▀[38;2;0;0;0;48;2;0;0;0m▀[38;2;90;57;8;48;2;90;57;8m▀[38;2;90;57;8;48;2;90;57;8m▀[38;2;255;230;41;48;2;255;230;41m▀[38;2;255;230;41;48;2;255;230;41m▀[38;2;255;230;41;48;2;255;230;41m▀[38;2;255;230;41;48;2;255;230;41m▀[38;2;90;57;8;48;2;90;57;8m▀[38;2;90;57;8;48;2;90;57;8m▀[38;2;0;0;0;48;2;0;0;0m▀[0m [0m
[0m [0m [0m [38;2;0;0;0m▀[38;2;90;57;8;48;2;0;0;0m▀[38;2;90;57;8;48;2;0;0;0m▀[38;2;205;189;32;48;2;16;16;16m▀[38;2;205;189;32;48;2;16;16;16m▀[38;2;205;189;32;48;2;205;189;32m▀[38;2;205;189;32;48;2;205;189;32m▀[38;2;205;123;41;48;2;205;123;41m▀[38;2;205;123;41;48;2;255;230;156m▀[38;2;255;213;106;48;2;205;123;41m▀[38;2;255;213;106;48;2;205;123;41m▀[38;2;255;213;106;48;2;205;123;41m▀[38;2;255;213;106;48;2;205;123;41m▀[38;2;255;213;106;48;2;205;123;41m▀[38;2;205;123;41;48;2;230;172;90m▀[38;2;205;123;41;48;2;255;213;106m▀[38;2;205;123;41;48;2;255;213;106m▀[38;2;205;123;41;48;2;255;213;106m▀[38;2;205;123;41;48;2;255;213;106m▀[38;2;90;57;8;48;2;205;123;41m▀[38;2;205;189;32;48;2;90;57;8m▀[38;2;205;189;32;48;2;205;189;32m▀[38;2;205;189;32;48;2;205;189;32m▀[38;2;205;189;32;48;2;205;189;32m▀[38;2;205;189;32;48;2;16;16;16m▀[38;2;205;189;32;48;2;16;16;16m▀[38;2;16;16;16;48;2;189;106;0m▀[38;2;98;41;0;48;2;189;106;0m▀[38;2;0;0;0;48;2;98;41;0m▀[38;2;0;0;0;48;2;0;0;0m▀[38;2;90;57;8;48;2;90;57;8m▀[38;2;90;57;8;48;2;90;57;8m▀[38;2;255;230;41;48;2;255;230;41m▀[38;2;255;230;41;48;2;255;230;41m▀[38;2;255;230;41;48;2;255;230;41m▀[38;2;255;230;41;48;2;255;230;41m▀[38;2;90;57;8;48;2;16;16;16m▀[38;2;90;57;8;48;2;16;16;16m▀[38;2;0;0;0;48;2;0;0;0m▀[0m [0m
[0m [0m [0m [0m [0m [0m [38;2;0;0;0m▀[38;2;0;0;0;48;2;0;0;0m▀[38;2;205;123;41;48;2;205;123;41m▀[38;2;205;123;41;48;2;205;123;41m▀[38;2;255;230;156;48;2;255;230;156m▀[38;2;255;230;156;48;2;255;230;156m▀[38;2;255;213;106;48;2;255;230;156m▀[38;2;230;172;90;48;2;230;172;90m▀[38;2;255;230;156;48;2;255;230;156m▀[38;2;255;230;156;48;2;255;230;156m▀[38;2;255;230;156;48;2;255;230;156m▀[38;2;255;230;156;48;2;255;230;156m▀[38;2;255;230;156;48;2;255;230;156m▀[38;2;255;213;106;48;2;255;213;106m▀[38;2;255;213;106;48;2;230;172;90m▀[38;2;255;213;106;48;2;230;172;90m▀[38;2;205;123;41;48;2;230;172;90m▀[38;2;230;172;90;48;2;230;172;90m▀[38;2;16;16;16;48;2;230;172;90m▀[38;2;16;16;16;48;2;98;41;0m▀[38;2;16;16;16;48;2;213;205;205m▀[38;2;213;205;205;48;2;213;205;205m▀[38;2;213;205;205;48;2;213;205;205m▀[38;2;189;106;0;48;2;189;106;0m▀[38;2;189;106;0;48;2;189;106;0m▀[38;2;98;41;0;48;2;98;41;0m▀[38;2;0;0;0;48;2;16;16;16m▀[38;2;90;57;8;48;2;255;230;41m▀[38;2;90;57;8;48;2;255;230;41m▀[38;2;255;230;41;48;2;255;230;41m▀[38;2;255;230;41;48;2;255;230;41m▀[38;2;255;230;41;48;2;255;230;41m▀[38;2;205;189;32;48;2;205;189;32m▀[38;2;16;16;16;48;2;16;16;16m▀[38;2;16;16;16;48;2;16;16;16m▀[38;2;0;0;0;48;2;0;0;0m▀[0m [0m
[0m [0m [0m [0m [0m [0m [0m [38;2;0;0;0;48;2;0;0;0m▀[38;2;205;123;41;48;2;205;123;41m▀[38;2;205;123;41;48;2;205;123;41m▀[38;2;255;230;156;48;2;205;123;41m▀[38;2;255;230;156;48;2;255;213;106m▀[38;2;255;230;156;48;2;255;230;156m▀[38;2;230;172;90;48;2;205;123;41m▀[38;2;255;230;156;48;2;255;230;156m▀[38;2;255;230;156;48;2;255;230;156m▀[38;2;255;230;156;48;2;255;230;156m▀[38;2;255;230;156;48;2;255;230;156m▀[38;2;255;230;156;48;2;255;213;106m▀[38;2;255;213;106;48;2;205;123;41m▀[38;2;205;123;41;48;2;255;213;106m▀[38;2;205;123;41;48;2;255;213;106m▀[38;2;255;213;106;48;2;255;213;106m▀[38;2;230;172;90;48;2;230;172;90m▀[38;2;230;172;90;48;2;230;172;90m▀[38;2;98;41;0;48;2;189;106;0m▀[38;2;213;205;205;48;2;213;205;205m▀[38;2;213;205;205;48;2;213;205;205m▀[38;2;213;205;205;48;2;213;205;205m▀[38;2;189;106;0;48;2;189;106;0m▀[38;2;189;106;0;48;2;16;16;16m▀[38;2;16;16;16;48;2;98;41;0m▀[38;2;90;57;8;48;2;205;189;32m▀[38;2;205;189;32;48;2;205;189;32m▀[38;2;205;189;32;48;2;205;189;32m▀[38;2;255;230;41;48;2;205;189;32m▀[38;2;255;230;41;48;2;205;189;32m▀[38;2;205;189;32;48;2;205;189;32m▀[38;2;205;189;32;48;2;205;189;32m▀[38;2;16;16;16;48;2;90;57;8m▀[38;2;16;16;16;48;2;90;57;8m▀[38;2;0;0;0;48;2;0;0;0m▀[0m [0m
[0m [0m [0m [0m [0m [0m [0m [38;2;0;0;0;48;2;0;0;0m▀[38;2;205;123;41;48;2;205;123;41m▀[38;2;205;123;41;48;2;205;123;41m▀[38;2;205;123;41;48;2;255;230;156m▀[38;2;255;213;106;48;2;230;172;90m▀[38;2;255;230;156;48;2;205;123;41m▀[38;2;205;123;41;48;2;205;123;41m▀[38;2;255;230;156;48;2;205;123;41m▀[38;2;255;230;156;48;2;205;123;41m▀[38;2;255;230;156;48;2;230;172;90m▀[38;2;255;230;156;48;2;230;172;90m▀[38;2;255;213;106;48;2;205;123;41m▀[38;2;205;123;41;48;2;205;123;41m▀[38;2;255;213;106;48;2;255;213;106m▀[38;2;255;213;106;48;2;255;213;106m▀[38;2;255;213;106;48;2;255;213;106m▀[38;2;230;172;90;48;2;255;213;106m▀[38;2;230;172;90;48;2;230;172;90m▀[38;2;189;106;0;48;2;205;123;41m▀[38;2;213;205;205;48;2;189;106;0m▀[38;2;213;205;205;48;2;213;205;205m▀[38;2;213;205;205;48;2;213;205;205m▀[38;2;189;106;0;48;2;213;148;82m▀[38;2;16;16;16;48;2;189;106;0m▀[38;2;98;41;0;48;2;98;41;0m▀[38;2;205;189;32;48;2;205;189;32m▀[38;2;205;189;32;48;2;205;189;32m▀[38;2;205;189;32;48;2;205;189;32m▀[38;2;205;189;32;48;2;205;189;32m▀[38;2;205;189;32;48;2;205;189;32m▀[38;2;205;189;32;48;2;205;189;32m▀[38;2;205;189;32;48;2;90;57;8m▀[38;2;90;57;8;48;2;0;0;0m▀[38;2;90;57;8;48;2;0;0;0m▀[38;2;0;0;0m▀[0m [0m
[0m [0m [0m [0m [0m [0m [38;2;0;0;0m▄[38;2;0;0;0;48;2;172;131;41m▀[38;2;205;123;41;48;2;205;123;41m▀[38;2;205;123;41;48;2;205;123;41m▀[38;2;255;230;156;48;2;255;213;106m▀[38;2;255;230;156;48;2;255;230;156m▀[38;2;255;230;156;48;2;255;230;156m▀[38;2;205;123;41;48;2;230;172;90m▀[38;2;255;230;156;48;2;255;230;156m▀[38;2;255;230;156;48;2;255;230;156m▀[38;2;255;230;156;48;2;255;230;156m▀[38;2;255;230;156;48;2;255;230;156m▀[38;2;255;213;106;48;2;255;230;156m▀[38;2;230;172;90;48;2;255;213;106m▀[38;2;205;123;41;48;2;230;172;90m▀[38;2;205;123;41;48;2;230;172;90m▀[38;2;255;213;106;48;2;205;123;41m▀[38;2;255;213;106;48;2;230;172;90m▀[38;2;230;172;90;48;2;90;57;8m▀[38;2;205;123;41;48;2;90;57;8m▀[38;2;98;41;0;48;2;90;57;8m▀[38;2;213;205;205;48;2;90;57;8m▀[38;2;213;205;205;48;2;90;57;8m▀[38;2;213;205;205;48;2;213;205;205m▀[38;2;189;106;0;48;2;189;106;0m▀[38;2;16;16;16;48;2;16;16;16m▀[38;2;205;189;32;48;2;205;189;32m▀[38;2;205;189;32;48;2;205;189;32m▀[38;2;205;189;32;48;2;205;189;32m▀[38;2;205;189;32;48;2;205;189;32m▀[38;2;205;189;32;48;2;205;189;32m▀[38;2;205;189;32;48;2;205;189;32m▀[38;2;16;16;16;48;2;90;57;8m▀[38;2;0;0;0;48;2;0;0;0m▀[0m [0m [0m [0m
[0m [0m [0m [0m [38;2;0;0;0m▄[38;2;0;0;0;48;2;172;131;41m▀[38;2;172;131;41;48;2;255;230;41m▀[38;2;255;230;41;48;2;255;230;41m▀[38;2;255;230;41;48;2;255;230;41m▀[38;2;255;230;41;48;2;255;230;41m▀[38;2;205;123;41;48;2;205;123;41m▀[38;2;255;213;106;48;2;230;172;90m▀[38;2;255;213;106;48;2;230;172;90m▀[38;2;230;172;90;48;2;205;123;41m▀[38;2;255;213;106;48;2;205;123;41m▀[38;2;255;213;106;48;2;205;123;41m▀[38;2;255;230;156;48;2;230;172;90m▀[38;2;255;230;156;48;2;230;172;90m▀[38;2;255;230;156;48;2;230;172;90m▀[38;2;255;213;106;48;2;230;172;90m▀[38;2;230;172;90;48;2;230;172;90m▀[38;2;230;172;90;48;2;230;172;90m▀[38;2;230;172;90;48;2;172;131;41m▀[38;2;90;57;8;48;2;255;230;41m▀[38;2;255;230;41;48;2;255;230;41m▀[38;2;255;230;41;48;2;255;230;41m▀[38;2;255;230;41;48;2;255;230;41m▀[38;2;90;57;8;48;2;255;230;41m▀[38;2;90;57;8;48;2;255;230;41m▀[38;2;90;57;8;48;2;205;189;32m▀[38;2;213;205;205;48;2;90;57;8m▀[38;2;16;16;16;48;2;172;131;41m▀[38;2;172;131;41;48;2;172;131;41m▀[38;2;205;189;32;48;2;205;189;32m▀[38;2;205;189;32;48;2;205;189;32m▀[38;2;205;189;32;48;2;205;189;32m▀[38;2;205;189;32;48;2;205;189;32m▀[38;2;16;16;16;48;2;90;57;8m▀[38;2;0;0;0;48;2;0;0;0m▀[0m [0m [0m [0m [0m
[0m [0m [0m [0m [38;2;0;0;0;48;2;0;0;0m▀[38;2;172;131;41;48;2;172;131;41m▀[38;2;255;230;41;48;2;255;230;41m▀[38;2;255;230;41;48;2;255;230;41m▀[38;2;255;230;41;48;2;255;230;41m▀[38;2;255;230;41;48;2;255;230;41m▀[38;2;255;230;41;48;2;255;230;41m▀[38;2;205;123;41;48;2;205;123;41m▀[38;2;205;123;41;48;2;205;123;41m▀[38;2;230;172;90;48;2;230;172;90m▀[38;2;230;172;90;48;2;230;172;90m▀[38;2;230;172;90;48;2;230;172;90m▀[38;2;205;123;41;48;2;205;123;41m▀[38;2;205;123;41;48;2;205;123;41m▀[38;2;230;172;90;48;2;230;172;90m▀[38;2;230;172;90;48;2;230;172;90m▀[38;2;230;172;90;48;2;230;172;90m▀[38;2;230;172;90;48;2;230;172;90m▀[38;2;90;57;8;48;2;90;57;8m▀[38;2;255;230;41;48;2;255;230;41m▀[38;2;255;230;41;48;2;255;230;41m▀[38;2;255;230;41;48;2;255;230;41m▀[38;2;255;230;41;48;2;255;230;41m▀[38;2;255;230;41;48;2;255;230;41m▀[38;2;255;230;41;48;2;255;230;41m▀[38;2;205;189;32;48;2;205;189;32m▀[38;2;90;57;8;48;2;90;57;8m▀[38;2;172;131;41;48;2;172;131;41m▀[38;2;172;131;41;48;2;172;131;41m▀[38;2;172;131;41;48;2;172;131;41m▀[38;2;172;131;41;48;2;172;131;41m▀[38;2;172;131;41;48;2;172;131;41m▀[38;2;16;16;16;48;2;16;16;16m▀[38;2;0;0;0;48;2;0;0;0m▀[0m [0m [0m [0m [0m [0m
[0m [0m [0m [0m [38;2;0;0;0;48;2;0;0;0m▀[38;2;90;57;8;48;2;16;16;16m▀[38;2;255;230;41;48;2;172;131;41m▀[38;2;255;230;41;48;2;255;230;41m▀[38;2;255;230;41;48;2;255;230;41m▀[38;2;255;230;41;48;2;255;230;41m▀[38;2;255;230;41;48;2;205;189;32m▀[38;2;205;189;32;48;2;205;189;32m▀[38;2;131;41;0;48;2;205;189;32m▀[38;2;230;172;90;48;2;131;41;0m▀[38;2;230;172;90;48;2;131;41;0m▀[38;2;230;172;90;48;2;131;41;0m▀[38;2;230;172;90;48;2;230;172;90m▀[38;2;230;172;90;48;2;230;172;90m▀[38;2;205;123;41;48;2;230;172;90m▀[38;2;205;123;41;48;2;230;172;90m▀[38;2;205;123;41;48;2;205;123;41m▀[38;2;205;123;41;48;2;205;123;41m▀[38;2;90;57;8;48;2;16;16;16m▀[38;2;255;230;41;48;2;90;57;8m▀[38;2;255;230;41;48;2;255;230;41m▀[38;2;255;230;41;48;2;255;230;41m▀[38;2;255;230;41;48;2;255;230;41m▀[38;2;255;230;41;48;2;205;189;32m▀[38;2;255;230;41;48;2;205;189;32m▀[38;2;205;189;32;48;2;205;189;32m▀[38;2;90;57;8;48;2;205;189;32m▀[38;2;16;16;16;48;2;16;16;16m▀[38;2;16;16;16;48;2;0;0;0m▀[38;2;16;16;16;48;2;0;0;0m▀[38;2;16;16;16;48;2;0;0;0m▀[38;2;16;16;16;48;2;0;0;0m▀[38;2;0;0;0m▀[0m [0m [0m [0m [0m [0m [0m
[0m [0m [0m [0m [0m [38;2;0;0;0;48;2;0;0;0m▀[38;2;16;16;16;48;2;90;57;8m▀[38;2;205;189;32;48;2;205;189;32m▀[38;2;205;189;32;48;2;205;189;32m▀[38;2;205;189;32;48;2;205;189;32m▀[38;2;205;189;32;48;2;205;189;32m▀[38;2;205;189;32;48;2;205;189;32m▀[38;2;205;189;32;48;2;205;189;32m▀[38;2;205;189;32;48;2;16;16;16m▀[38;2;16;16;16;48;2;16;16;16m▀[38;2;16;16;16;48;2;16;16;16m▀[38;2;131;41;0;48;2;0;0;0m▀[38;2;131;41;0;48;2;0;0;0m▀[38;2;16;16;16;48;2;0;0;0m▀[38;2;16;16;16;48;2;0;0;0m▀[38;2;16;16;16;48;2;0;0;0m▀[38;2;16;16;16;48;2;0;0;0m▀[38;2;16;16;16;48;2;0;0;0m▀[38;2;90;57;8;48;2;16;16;16m▀[38;2;205;189;32;48;2;205;189;32m▀[38;2;205;189;32;48;2;205;189;32m▀[38;2;205;189;32;48;2;205;189;32m▀[38;2;205;189;32;48;2;205;189;32m▀[38;2;205;189;32;48;2;205;189;32m▀[38;2;205;189;32;48;2;205;189;32m▀[38;2;205;189;32;48;2;205;189;32m▀[38;2;16;16;16;48;2;16;16;16m▀[38;2;0;0;0;48;2;0;0;0m▀[0m [0m [0m [0m [0m [0m [0m [0m [0m [0m [0m
[0m [0m [0m [0m [38;2;0;0;0;48;2;0;0;0m▀[38;2;90;57;8;48;2;90;57;8m▀[38;2;255;230;41;48;2;255;230;41m▀[38;2;205;189;32;48;2;205;189;32m▀[38;2;90;57;8;48;2;90;57;8m▀[38;2;90;57;8;48;2;90;57;8m▀[38;2;255;230;41;48;2;255;230;41m▀[38;2;205;189;32;48;2;205;189;32m▀[38;2;16;16;16;48;2;16;16;16m▀[38;2;16;16;16;48;2;16;16;16m▀[38;2;0;0;0;48;2;0;0;0m▀[38;2;0;0;0m▀[0m [0m [0m [0m [0m [0m [0m [38;2;0;0;0;48;2;0;0;0m▀[38;2;16;16;16;48;2;16;16;16m▀[38;2;205;189;32;48;2;205;189;32m▀[38;2;205;189;32;48;2;205;189;32m▀[38;2;205;189;32;48;2;205;189;32m▀[38;2;205;189;32;48;2;205;189;32m▀[38;2;205;189;32;48;2;205;189;32m▀[38;2;205;189;32;48;2;205;189;32m▀[38;2;205;189;32;48;2;205;189;32m▀[38;2;16;16;16;48;2;16;16;16m▀[38;2;0;0;0;48;2;0;0;0m▀[0m [0m [0m [0m [0m [0m [0m [0m [0m [0m
[0m [0m [0m [0m [0m [38;2;0;0;0m▀[38;2;16;16;16;48;2;0;0;0m▀[38;2;16;16;16;48;2;0;0;0m▀[38;2;0;0;0m▀[38;2;0;0;0m▀[38;2;16;16;16;48;2;0;0;0m▀[38;2;16;16;16;48;2;0;0;0m▀[38;2;0;0;0m▀[38;2;0;0;0m▀[0m [0m [0m [0m [0m [0m [0m [0m [0m [38;2;0;0;0m▀[38;2;16;16;16;48;2;0;0;0m▀[38;2;255;230;41;48;2;16;16;16m▀[38;2;205;189;32;48;2;16;16;16m▀[38;2;16;16;16;48;2;0;0;0m▀[38;2;16;16;16;48;2;0;0;0m▀[38;2;255;230;41;48;2;16;16;16m▀[38;2;90;57;8;48;2;16;16;16m▀[38;2;16;16;16;48;2;0;0;0m▀[38;2;16;16;16;48;2;0;0;0m▀[38;2;0;0;0m▀[0m [0m [0m [0m [0m [0m [0m [0m [0m [0m
