[0m [0m [0m [0m [0m [0m [0m [0m [0m [0m [0m [0m [0m [0m [0m [0m [0m [0m [0m [38;2;0;0;0m▄[38;2;0;0;0m▄[0m [0m [0m [0m [0m [0m [0m [0m [0m [0m [0m [38;2;0;0;0m▄[38;2;0;0;0;48;2;213;172;205m▀[38;2;0;0;0m▄[38;2;0;0;0m▄[0m [38;2;0;0;0m▀[38;2;213;172;205;48;2;0;0;0m▀[38;2;0;0;0m▀[0m [0m [0m [38;2;0;0;0m▄[38;2;0;0;0m▄[0m [0m [0m [0m [0m [0m [0m [0m [0m [0m [0m [38;2;0;0;0m▄[0m [0m [0m [0m [0m [0m [0m [0m
[0m [0m [0m [0m [0m [0m [0m [0m [0m [0m [0m [0m [0m [0m [0m [0m [0m [0m [38;2;0;0;0;48;2;0;0;0m▀[38;2;213;172;205;48;2;213;172;205m▀[38;2;213;172;205;48;2;213;172;205m▀[38;2;0;0;0;48;2;0;0;0m▀[38;2;0;0;0m▄[0m [0m [0m [0m [0m [0m [0m [0m [38;2;0;0;0;48;2;0;0;0m▀[38;2;213;172;205;48;2;213;172;205m▀[38;2;189;148;180;48;2;189;148;180m▀[38;2;213;172;205;48;2;213;172;205m▀[38;2;213;172;205;48;2;213;172;205m▀[38;2;0;0;0;48;2;0;0;0m▀[0m [0m [38;2;0;0;0m▄[0m [0m [38;2;0;0;0;48;2;0;0;0m▀[38;2;213;172;205;48;2;213;172;205m▀[38;2;213;172;205;48;2;213;172;205m▀[38;2;0;0;0;48;2;0;0;0m▀[0m [0m [0m [0m [0m [0m [0m [0m [0m [38;2;0;0;0;48;2;0;0;0m▀[38;2;213;172;205;48;2;213;172;205m▀[38;2;0;0;0;48;2;0;0;0m▀[0m [0m [0m [0m [0m [0m [0m
[0m [0m [0m [0m [0m [0m [0m [0m [0m [0m [0m [38;2;0;0;0m▄[0m [0m [0m [0m [0m [38;2;0;0;0;48;2;0;0;0m▀[38;2;213;172;205;48;2;213;172;205m▀[38;2;189;148;180;48;2;189;148;180m▀[38;2;213;172;205;48;2;189;148;180m▀[38;2;213;172;205;48;2;213;172;205m▀[38;2;213;172;205;48;2;213;172;205m▀[38;2;0;0;0;48;2;0;0;0m▀[0m [0m [0m [0m [0m [0m [0m [38;2;0;0;0m▀[38;2;213;172;205;48;2;0;0;0m▀[38;2;189;148;180;48;2;213;172;205m▀[38;2;213;172;205;48;2;0;0;0m▀[38;2;213;172;205;48;2;0;0;0m▀[38;2;0;0;0;48;2;0;0;0m▀[38;2;0;0;0;48;2;213;172;205m▀[38;2;0;0;0;48;2;213;172;205m▀[38;2;213;172;205;48;2;0;0;0m▀[38;2;0;0;0;48;2;0;0;0m▀[38;2;0;0;0;48;2;0;0;0m▀[38;2;0;0;0;48;2;0;0;0m▀[38;2;213;172;205;48;2;0;0;0m▀[38;2;213;172;205;48;2;0;0;0m▀[38;2;0;0;0m▀[0m [0m [0m [0m [0m [0m [0m [38;2;0;0;0m▄[38;2;0;0;0m▄[38;2;0;0;0m▄[38;2;0;0;0m▀[0m [0m [0m [0m [0m [0m [0m [0m
[0m [0m [0m [0m [0m [0m [0m [0m [0m [0m [38;2;0;0;0m▀[38;2;213;172;205;48;2;0;0;0m▀[38;2;0;0;0m▀[0m [0m [38;2;0;0;0m▄[38;2;0;0;0m▄[38;2;0;0;0;48;2;213;172;205m▀[38;2;0;0;0;48;2;0;0;0m▀[38;2;213;172;205;48;2;0;0;0m▀[38;2;213;172;205;48;2;0;0;0m▀[38;2;0;0;0m▀[38;2;0;0;0m▀[0m [0m [0m [0m [0m [0m [0m [0m [0m [0m [38;2;0;0;0m▀[38;2;0;0;0m▄[38;2;0;0;0;48;2;0;0;0m▀[38;2;213;172;205;48;2;213;172;205m▀[38;2;213;172;205;48;2;213;172;205m▀[38;2;213;172;205;48;2;119;72;108m▀[38;2;119;72;108;48;2;188;132;178m▀[38;2;139;98;131;48;2;188;132;178m▀[38;2;0;0;0;48;2;0;0;0m▀[38;2;0;0;0;48;2;0;0;0m▀[38;2;0;0;0;48;2;0;0;0m▀[38;2;0;0;0m▄[0m [0m [0m [0m [0m [0m [0m [38;2;0;0;0;48;2;0;0;0m▀[38;2;213;172;205;48;2;213;172;205m▀[38;2;213;172;205;48;2;213;172;205m▀[38;2;213;172;205;48;2;213;172;205m▀[38;2;0;0;0;48;2;0;0;0m▀[0m [38;2;0;0;0m▄[0m [0m [0m [0m [0m [0m
[0m [0m [0m [0m [0m [0m [0m [0m [0m [38;2;0;0;0m▄[38;2;0;0;0m▄[38;2;0;0;0m▄[38;2;0;0;0m▄[0m [38;2;0;0;0;48;2;0;0;0m▀[38;2;213;172;205;48;2;213;172;205m▀[38;2;213;172;205;48;2;213;172;205m▀[38;2;0;0;0;48;2;0;0;0m▀[38;2;213;172;205;48;2;213;172;205m▀[38;2;213;172;205;48;2;213;172;205m▀[38;2;0;0;0;48;2;0;0;0m▀[0m [0m [0m [0m [0m [0m [0m [0m [0m [0m [0m [0m [38;2;0;0;0;48;2;0;0;0m▀[38;2;213;172;205;48;2;213;172;205m▀[38;2;213;172;205;48;2;213;172;205m▀[38;2;213;172;205;48;2;213;172;205m▀[38;2;119;72;108;48;2;119;72;108m▀[38;2;188;132;178;48;2;188;132;178m▀[38;2;188;132;178;48;2;188;132;178m▀[38;2;188;132;178;48;2;188;132;178m▀[38;2;0;0;0;48;2;0;0;0m▀[38;2;0;0;0;48;2;0;0;0m▀[38;2;0;0;0;48;2;0;0;0m▀[38;2;213;172;205;48;2;213;172;205m▀[38;2;0;0;0;48;2;0;0;0m▀[0m [0m [0m [0m [0m [0m [38;2;0;0;0m▄[38;2;0;0;0m▀[38;2;0;0;0m▀[38;2;0;0;0;48;2;0;0;0m▀[38;2;0;0;0m▄[38;2;0;0;0;48;2;0;0;0m▀[38;2;213;172;205;48;2;213;172;205m▀[38;2;0;0;0;48;2;0;0;0m▀[0m [0m [0m [0m [0m
[0m [0m [0m [0m [0m [38;2;0;0;0m▄[38;2;0;0;0;48;2;213;172;205m▀[38;2;0;0;0;48;2;213;172;205m▀[38;2;0;0;0;48;2;0;0;0m▀[38;2;57;41;57;48;2;57;41;57m▀[38;2;57;41;57;48;2;57;41;57m▀[38;2;0;0;0;48;2;115;74;106m▀[38;2;0;0;0;48;2;57;41;57m▀[38;2;0;0;0;48;2;0;0;0m▀[38;2;0;0;0m▄[38;2;0;0;0;48;2;213;172;205m▀[38;2;0;0;0;48;2;213;172;205m▀[38;2;213;172;205;48;2;213;172;205m▀[38;2;213;172;205;48;2;213;172;205m▀[38;2;213;172;205;48;2;213;172;205m▀[38;2;213;172;205;48;2;213;172;205m▀[38;2;0;0;0;48;2;0;0;0m▀[0m [0m [0m [0m [0m [0m [0m [0m [0m [38;2;0;0;0m▄[38;2;0;0;0m▀[38;2;213;172;205;48;2;0;0;0m▀[38;2;0;0;0;48;2;213;172;205m▀[38;2;0;0;0;48;2;213;172;205m▀[38;2;119;72;108;48;2;119;72;108m▀[38;2;188;132;178;48;2;180;120;168m▀[38;2;180;120;168;48;2;188;132;178m▀[38;2;188;132;178;48;2;180;120;168m▀[38;2;57;41;57;48;2;188;132;178m▀[38;2;0;0;0;48;2;119;72;108m▀[38;2;0;0;0;48;2;119;72;108m▀[38;2;213;172;205;48;2;0;0;0m▀[38;2;0;0;0;48;2;213;172;205m▀[38;2;0;0;0m▄[0m [0m [0m [0m [0m [38;2;0;0;0m▀[38;2;213;172;205;48;2;0;0;0m▀[38;2;0;0;0;48;2;213;172;205m▀[38;2;0;0;0;48;2;213;172;205m▀[38;2;213;172;205;48;2;213;172;205m▀[38;2;213;172;205;48;2;213;172;205m▀[38;2;0;0;0;48;2;0;0;0m▀[38;2;213;172;205;48;2;213;172;205m▀[38;2;213;172;205;48;2;213;172;205m▀[38;2;0;0;0;48;2;0;0;0m▀[0m [0m [0m [0m
[0m [0m [0m [0m [0m [38;2;0;0;0m▀[38;2;213;172;205;48;2;0;0;0m▀[38;2;213;172;205;48;2;0;0;0m▀[38;2;0;0;0;48;2;0;0;0m▀[38;2;57;41;57;48;2;57;41;57m▀[38;2;57;41;57;48;2;57;41;57m▀[38;2;115;74;106;48;2;115;74;106m▀[38;2;115;74;106;48;2;115;74;106m▀[38;2;57;41;57;48;2;57;41;57m▀[38;2;0;0;0;48;2;57;41;57m▀[38;2;0;0;0;48;2;0;0;0m▀[38;2;0;0;0;48;2;0;0;0m▀[38;2;213;172;205;48;2;213;172;205m▀[38;2;213;172;205;48;2;189;148;180m▀[38;2;213;172;205;48;2;213;172;205m▀[38;2;213;172;205;48;2;213;172;205m▀[38;2;0;0;0;48;2;0;0;0m▀[0m [0m [0m [0m [38;2;0;0;0m▄[38;2;0;0;0;48;2;213;172;205m▀[38;2;0;0;0;48;2;213;172;205m▀[38;2;0;0;0;48;2;213;172;205m▀[38;2;0;0;0;48;2;0;0;0m▀[38;2;213;172;205;48;2;0;0;0m▀[38;2;0;0;0;48;2;0;0;0m▀[38;2;0;0;0;48;2;213;172;205m▀[38;2;213;172;205;48;2;119;72;108m▀[38;2;213;172;205;48;2;119;72;108m▀[38;2;119;72;108;48;2;180;120;168m▀[38;2;163;101;150;48;2;188;132;178m▀[38;2;180;120;168;48;2;188;132;178m▀[38;2;180;120;168;48;2;188;132;178m▀[38;2;163;101;150;48;2;180;120;168m▀[38;2;119;72;108;48;2;119;72;108m▀[38;2;119;72;108;48;2;119;72;108m▀[38;2;213;172;205;48;2;213;172;205m▀[38;2;0;0;0;48;2;0;0;0m▀[0m [0m [0m [38;2;0;0;0m▄[38;2;0;0;0;48;2;213;172;205m▀[38;2;0;0;0;48;2;213;172;205m▀[38;2;0;0;0;48;2;0;0;0m▀[38;2;213;172;205;48;2;0;0;0m▀[38;2;213;172;205;48;2;213;172;205m▀[38;2;213;172;205;48;2;213;172;205m▀[38;2;213;172;205;48;2;213;172;205m▀[38;2;213;172;205;48;2;213;172;205m▀[38;2;0;0;0;48;2;213;172;205m▀[38;2;0;0;0;48;2;0;0;0m▀[38;2;0;0;0m▀[0m [0m [0m [0m [0m
[0m [0m [0m [0m [0m [0m [38;2;0;0;0;48;2;0;0;0m▀[38;2;213;172;205;48;2;213;172;205m▀[38;2;0;0;0;48;2;0;0;0m▀[38;2;57;41;57;48;2;57;41;57m▀[38;2;57;41;57;48;2;57;41;57m▀[38;2;115;74;106;48;2;115;74;106m▀[38;2;115;74;106;48;2;115;74;106m▀[38;2;115;74;106;48;2;115;74;106m▀[38;2;57;41;57;48;2;57;41;57m▀[38;2;119;72;108;48;2;119;72;108m▀[38;2;119;72;108;48;2;119;72;108m▀[38;2;213;172;205;48;2;213;172;205m▀[38;2;213;172;205;48;2;213;172;205m▀[38;2;213;172;205;48;2;213;172;205m▀[38;2;0;0;0;48;2;0;0;0m▀[38;2;0;0;0m▄[38;2;0;0;0m▄[38;2;0;0;0m▄[0m [0m [38;2;0;0;0;48;2;0;0;0m▀[38;2;213;172;205;48;2;213;172;205m▀[38;2;213;172;205;48;2;213;172;205m▀[38;2;213;172;205;48;2;213;172;205m▀[38;2;0;0;0;48;2;0;0;0m▀[38;2;0;0;0m▄[38;2;0;0;0;48;2;0;0;0m▀[38;2;213;172;205;48;2;213;172;205m▀[38;2;119;72;108;48;2;119;72;108m▀[38;2;119;72;108;48;2;119;72;108m▀[38;2;188;132;178;48;2;188;132;178m▀[38;2;115;74;106;48;2;115;74;106m▀[38;2;115;74;106;48;2;115;74;106m▀[38;2;57;41;57;48;2;57;41;57m▀[38;2;188;132;178;48;2;188;132;178m▀[38;2;119;72;108;48;2;119;72;108m▀[38;2;119;72;108;48;2;119;72;108m▀[38;2;0;0;0;48;2;0;0;0m▀[0m [0m [0m [0m [38;2;0;0;0;48;2;0;0;0m▀[38;2;213;172;205;48;2;213;172;205m▀[38;2;213;172;205;48;2;213;172;205m▀[38;2;0;0;0;48;2;0;0;0m▀[38;2;213;172;205;48;2;213;172;205m▀[38;2;213;172;205;48;2;213;172;205m▀[38;2;213;172;205;48;2;213;172;205m▀[38;2;213;172;205;48;2;213;172;205m▀[38;2;213;172;205;48;2;213;172;205m▀[38;2;0;0;0;48;2;0;0;0m▀[38;2;213;172;205;48;2;213;172;205m▀[38;2;0;0;0;48;2;0;0;0m▀[0m [0m [0m [0m [0m
[0m [0m [0m [0m [0m [38;2;0;0;0m▀[38;2;213;172;205;48;2;0;0;0m▀[38;2;0;0;0;48;2;213;172;205m▀[38;2;213;172;205;48;2;213;172;205m▀[38;2;119;72;108;48;2;119;72;108m▀[38;2;119;72;108;48;2;119;72;108m▀[38;2;115;74;106;48;2;115;74;106m▀[38;2;115;74;106;48;2;115;74;106m▀[38;2;115;74;106;48;2;115;74;106m▀[38;2;57;41;57;48;2;188;132;178m▀[38;2;188;132;178;48;2;188;132;178m▀[38;2;188;132;178;48;2;188;132;178m▀[38;2;119;72;108;48;2;119;72;108m▀[38;2;189;148;180;48;2;213;172;205m▀[38;2;213;172;205;48;2;213;172;205m▀[38;2;0;0;0;48;2;0;0;0m▀[38;2;213;172;205;48;2;213;172;205m▀[38;2;213;172;205;48;2;213;172;205m▀[38;2;213;172;205;48;2;213;172;205m▀[38;2;0;0;0;48;2;0;0;0m▀[0m [0m [38;2;0;0;0;48;2;0;0;0m▀[38;2;0;0;0;48;2;213;172;205m▀[38;2;0;0;0;48;2;213;172;205m▀[38;2;213;172;205;48;2;213;172;205m▀[38;2;213;172;205;48;2;213;172;205m▀[38;2;0;0;0;48;2;0;0;0m▀[38;2;213;172;205;48;2;0;0;0m▀[38;2;119;72;108;48;2;0;0;0m▀[38;2;119;72;108;48;2;0;0;0m▀[38;2;115;74;106;48;2;57;41;57m▀[38;2;115;74;106;48;2;57;41;57m▀[38;2;57;41;57;48;2;57;41;57m▀[38;2;57;41;57;48;2;57;41;57m▀[38;2;0;0;0;48;2;0;0;0m▀[38;2;0;0;0;48;2;0;0;0m▀[38;2;0;0;0;48;2;0;0;0m▀[38;2;0;0;0;48;2;213;172;205m▀[38;2;0;0;0m▄[0m [0m [0m [0m [38;2;0;0;0m▀[38;2;0;0;0;48;2;0;0;0m▀[38;2;0;0;0;48;2;0;0;0m▀[38;2;213;172;205;48;2;213;172;205m▀[38;2;213;172;205;48;2;213;172;205m▀[38;2;213;172;205;48;2;213;172;205m▀[38;2;213;172;205;48;2;189;148;180m▀[38;2;213;172;205;48;2;213;172;205m▀[38;2;213;172;205;48;2;213;172;205m▀[38;2;0;0;0;48;2;213;172;205m▀[38;2;0;0;0m▄[0m [0m [0m [0m [0m
[0m [0m [0m [0m [0m [38;2;0;0;0m▀[38;2;213;172;205;48;2;0;0;0m▀[38;2;213;172;205;48;2;213;172;205m▀[38;2;189;148;180;48;2;213;172;205m▀[38;2;119;72;108;48;2;119;72;108m▀[38;2;119;72;108;48;2;119;72;108m▀[38;2;188;132;178;48;2;180;120;168m▀[38;2;139;98;131;48;2;188;132;178m▀[38;2;188;132;178;48;2;188;132;178m▀[38;2;188;132;178;48;2;180;120;168m▀[38;2;180;120;168;48;2;163;101;150m▀[38;2;180;120;168;48;2;163;101;150m▀[38;2;188;132;178;48;2;163;101;150m▀[38;2;119;72;108;48;2;119;72;108m▀[38;2;213;172;205;48;2;189;148;180m▀[38;2;213;172;205;48;2;213;172;205m▀[38;2;0;0;0;48;2;0;0;0m▀[38;2;0;0;0;48;2;0;0;0m▀[38;2;0;0;0m▀[0m [0m [38;2;0;0;0m▄[38;2;0;0;0;48;2;213;172;205m▀[38;2;213;172;205;48;2;0;0;0m▀[38;2;213;172;205;48;2;0;0;0m▀[38;2;213;172;205;48;2;213;172;205m▀[38;2;189;148;180;48;2;213;172;205m▀[38;2;213;172;205;48;2;213;172;205m▀[38;2;0;0;0;48;2;0;0;0m▀[38;2;0;0;0;48;2;119;72;108m▀[38;2;0;0;0;48;2;119;72;108m▀[38;2;57;41;57;48;2;180;120;168m▀[38;2;57;41;57;48;2;57;41;57m▀[38;2;57;41;57;48;2;57;41;57m▀[38;2;0;0;0;48;2;0;0;0m▀[38;2;0;0;0;48;2;0;0;0m▀[0m [0m [38;2;0;0;0m▀[0m [0m [0m [0m [0m [38;2;0;0;0m▀[38;2;213;172;205;48;2;0;0;0m▀[38;2;0;0;0;48;2;0;0;0m▀[38;2;213;172;205;48;2;213;172;205m▀[38;2;213;172;205;48;2;213;172;205m▀[38;2;213;172;205;48;2;213;172;205m▀[38;2;213;172;205;48;2;189;148;180m▀[38;2;189;148;180;48;2;213;172;205m▀[38;2;213;172;205;48;2;189;148;180m▀[38;2;213;172;205;48;2;213;172;205m▀[38;2;0;0;0;48;2;0;0;0m▀[38;2;0;0;0;48;2;213;172;205m▀[38;2;0;0;0;48;2;213;172;205m▀[38;2;0;0;0m▄[0m [0m
[0m [0m [0m [0m [38;2;0;0;0m▄[38;2;0;0;0;48;2;213;172;205m▀[38;2;0;0;0m▄[38;2;0;0;0m▀[38;2;213;172;205;48;2;0;0;0m▀[38;2;119;72;108;48;2;213;172;205m▀[38;2;119;72;108;48;2;213;172;205m▀[38;2;188;132;178;48;2;119;72;108m▀[38;2;180;120;168;48;2;180;120;168m▀[38;2;163;101;150;48;2;180;120;168m▀[38;2;180;120;168;48;2;188;132;178m▀[38;2;180;120;168;48;2;188;132;178m▀[38;2;180;120;168;48;2;188;132;178m▀[38;2;180;120;168;48;2;188;132;178m▀[38;2;163;101;150;48;2;180;120;168m▀[38;2;119;72;108;48;2;119;72;108m▀[38;2;213;172;205;48;2;213;172;205m▀[38;2;213;172;205;48;2;0;0;0m▀[38;2;213;172;205;48;2;0;0;0m▀[38;2;0;0;0m▀[0m [38;2;0;0;0m▄[38;2;0;0;0;48;2;213;172;205m▀[38;2;0;0;0;48;2;0;0;0m▀[38;2;213;172;205;48;2;0;0;0m▀[38;2;213;172;205;48;2;0;0;0m▀[38;2;213;172;205;48;2;213;172;205m▀[38;2;189;148;180;48;2;139;98;131m▀[38;2;213;172;205;48;2;119;72;108m▀[38;2;0;0;0;48;2;119;72;108m▀[38;2;119;72;108;48;2;188;132;178m▀[38;2;119;72;108;48;2;188;132;178m▀[38;2;119;72;108;48;2;180;120;168m▀[38;2;119;72;108;48;2;188;132;178m▀[38;2;0;0;0;48;2;139;98;131m▀[38;2;0;0;0;48;2;139;98;131m▀[38;2;0;0;0;48;2;115;74;106m▀[38;2;0;0;0;48;2;0;0;0m▀[38;2;0;0;0;48;2;0;0;0m▀[38;2;0;0;0;48;2;0;0;0m▀[38;2;0;0;0m▄[0m [0m [0m [38;2;0;0;0m▄[38;2;0;0;0;48;2;0;0;0m▀[38;2;0;0;0;48;2;0;0;0m▀[38;2;0;0;0;48;2;0;0;0m▀[38;2;57;41;57;48;2;115;74;106m▀[38;2;119;72;108;48;2;188;132;178m▀[38;2;119;72;108;48;2;188;132;178m▀[38;2;119;72;108;48;2;163;101;150m▀[38;2;119;72;108;48;2;180;120;168m▀[38;2;213;172;205;48;2;119;72;108m▀[38;2;213;172;205;48;2;119;72;108m▀[38;2;0;0;0;48;2;57;41;57m▀[38;2;0;0;0;48;2;0;0;0m▀[38;2;0;0;0m▀[0m [0m [0m
[0m [0m [0m [0m [38;2;0;0;0m▀[38;2;213;172;205;48;2;0;0;0m▀[38;2;0;0;0m▀[38;2;0;0;0m▄[38;2;0;0;0;48;2;213;172;205m▀[38;2;213;172;205;48;2;189;148;180m▀[38;2;213;172;205;48;2;189;148;180m▀[38;2;119;72;108;48;2;119;72;108m▀[38;2;180;120;168;48;2;188;132;178m▀[38;2;180;120;168;48;2;188;132;178m▀[38;2;188;132;178;48;2;188;132;178m▀[38;2;188;132;178;48;2;115;74;106m▀[38;2;188;132;178;48;2;115;74;106m▀[38;2;188;132;178;48;2;188;132;178m▀[38;2;180;120;168;48;2;188;132;178m▀[38;2;119;72;108;48;2;119;72;108m▀[38;2;213;172;205;48;2;0;0;0m▀[38;2;0;0;0;48;2;213;172;205m▀[38;2;0;0;0;48;2;213;172;205m▀[38;2;0;0;0m▄[0m [38;2;0;0;0m▀[38;2;213;172;205;48;2;0;0;0m▀[38;2;0;0;0;48;2;0;0;0m▀[38;2;0;0;0;48;2;213;172;205m▀[38;2;0;0;0;48;2;213;172;205m▀[38;2;213;172;205;48;2;213;172;205m▀[38;2;139;98;131;48;2;119;72;108m▀[38;2;119;72;108;48;2;188;132;178m▀[38;2;119;72;108;48;2;188;132;178m▀[38;2;188;132;178;48;2;180;120;168m▀[38;2;188;132;178;48;2;180;120;168m▀[38;2;180;120;168;48;2;163;101;150m▀[38;2;188;132;178;48;2;188;132;178m▀[38;2;139;98;131;48;2;139;98;131m▀[38;2;139;98;131;48;2;139;98;131m▀[38;2;115;74;106;48;2;115;74;106m▀[38;2;0;0;0;48;2;115;74;106m▀[38;2;0;0;0;48;2;115;74;106m▀[38;2;0;0;0;48;2;115;74;106m▀[38;2;0;0;0;48;2;0;0;0m▀[38;2;0;0;0m▄[38;2;0;0;0;48;2;0;0;0m▀[38;2;0;0;0;48;2;0;0;0m▀[38;2;0;0;0;48;2;0;0;0m▀[38;2;0;0;0;48;2;57;41;57m▀[38;2;0;0;0;48;2;57;41;57m▀[38;2;0;0;0;48;2;115;74;106m▀[38;2;115;74;106;48;2;188;132;178m▀[38;2;188;132;178;48;2;180;120;168m▀[38;2;188;132;178;48;2;180;120;168m▀[38;2;163;101;150;48;2;180;120;168m▀[38;2;180;120;168;48;2;188;132;178m▀[38;2;119;72;108;48;2;139;98;131m▀[38;2;119;72;108;48;2;139;98;131m▀[38;2;57;41;57;48;2;139;98;131m▀[38;2;0;0;0;48;2;57;41;57m▀[38;2;0;0;0;48;2;57;41;57m▀[38;2;0;0;0;48;2;57;41;57m▀[38;2;0;0;0m▄[0m
[0m [0m [0m [0m [0m [0m [0m [38;2;0;0;0m▀[38;2;213;172;205;48;2;0;0;0m▀[38;2;189;148;180;48;2;213;172;205m▀[38;2;189;148;180;48;2;213;172;205m▀[38;2;119;72;108;48;2;213;172;205m▀[38;2;188;132;178;48;2;0;0;0m▀[38;2;115;74;106;48;2;115;74;106m▀[38;2;115;74;106;48;2;115;74;106m▀[38;2;115;74;106;48;2;115;74;106m▀[38;2;115;74;106;48;2;115;74;106m▀[38;2;57;41;57;48;2;57;41;57m▀[38;2;57;41;57;48;2;57;41;57m▀[38;2;0;0;0;48;2;57;41;57m▀[38;2;213;172;205;48;2;0;0;0m▀[38;2;0;0;0;48;2;0;0;0m▀[38;2;0;0;0m▀[38;2;0;0;0m▄[0m [0m [0m [38;2;0;0;0;48;2;0;0;0m▀[38;2;213;172;205;48;2;213;172;205m▀[38;2;213;172;205;48;2;213;172;205m▀[38;2;119;72;108;48;2;119;72;108m▀[38;2;188;132;178;48;2;188;132;178m▀[38;2;139;98;131;48;2;139;98;131m▀[38;2;139;98;131;48;2;188;132;178m▀[38;2;188;132;178;48;2;188;132;178m▀[38;2;188;132;178;48;2;188;132;178m▀[38;2;188;132;178;48;2;139;98;131m▀[38;2;139;98;131;48;2;139;98;131m▀[38;2;139;98;131;48;2;139;98;131m▀[38;2;139;98;131;48;2;115;74;106m▀[38;2;115;74;106;48;2;115;74;106m▀[38;2;115;74;106;48;2;115;74;106m▀[38;2;115;74;106;48;2;115;74;106m▀[38;2;115;74;106;48;2;115;74;106m▀[38;2;115;74;106;48;2;115;74;106m▀[38;2;0;0;0;48;2;115;74;106m▀[38;2;57;41;57;48;2;57;41;57m▀[38;2;57;41;57;48;2;57;41;57m▀[38;2;57;41;57;48;2;57;41;57m▀[38;2;57;41;57;48;2;57;41;57m▀[38;2;57;41;57;48;2;57;41;57m▀[38;2;57;41;57;48;2;57;41;57m▀[38;2;188;132;178;48;2;188;132;178m▀[38;2;180;120;168;48;2;188;132;178m▀[38;2;180;120;168;48;2;188;132;178m▀[38;2;188;132;178;48;2;180;120;168m▀[38;2;188;132;178;48;2;180;120;168m▀[38;2;115;74;106;48;2;188;132;178m▀[38;2;115;74;106;48;2;115;74;106m▀[38;2;115;74;106;48;2;115;74;106m▀[38;2;139;98;131;48;2;0;0;0m▀[38;2;139;98;131;48;2;0;0;0m▀[38;2;139;98;131;48;2;0;0;0m▀[38;2;57;41;57;48;2;0;0;0m▀[0m
[0m [0m [0m [0m [0m [38;2;0;0;0m▄[38;2;0;0;0;48;2;213;172;205m▀[38;2;0;0;0;48;2;213;172;205m▀[38;2;0;0;0m▄[38;2;0;0;0m▀[38;2;0;0;0m▀[38;2;0;0;0m▀[38;2;0;0;0;48;2;0;0;0m▀[38;2;115;74;106;48;2;0;0;0m▀[38;2;115;74;106;48;2;115;74;106m▀[38;2;57;41;57;48;2;57;41;57m▀[38;2;57;41;57;48;2;57;41;57m▀[38;2;57;41;57;48;2;57;41;57m▀[38;2;57;41;57;48;2;57;41;57m▀[38;2;57;41;57;48;2;57;41;57m▀[38;2;0;0;0;48;2;0;0;0m▀[38;2;0;0;0;48;2;0;0;0m▀[38;2;0;0;0m▀[38;2;213;172;205;48;2;0;0;0m▀[38;2;0;0;0m▀[0m [0m [38;2;0;0;0;48;2;0;0;0m▀[38;2;213;172;205;48;2;57;41;57m▀[38;2;213;172;205;48;2;57;41;57m▀[38;2;119;72;108;48;2;188;132;178m▀[38;2;139;98;131;48;2;188;132;178m▀[38;2;188;132;178;48;2;188;132;178m▀[38;2;188;132;178;48;2;139;98;131m▀[38;2;139;98;131;48;2;139;98;131m▀[38;2;139;98;131;48;2;139;98;131m▀[38;2;139;98;131;48;2;115;74;106m▀[38;2;139;98;131;48;2;115;74;106m▀[38;2;115;74;106;48;2;115;74;106m▀[38;2;115;74;106;48;2;115;74;106m▀[38;2;115;74;106;48;2;115;74;106m▀[38;2;115;74;106;48;2;115;74;106m▀[38;2;115;74;106;48;2;115;74;106m▀[38;2;115;74;106;48;2;115;74;106m▀[38;2;115;74;106;48;2;115;74;106m▀[38;2;115;74;106;48;2;115;74;106m▀[38;2;0;0;0;48;2;0;0;0m▀[38;2;57;41;57;48;2;0;0;0m▀[38;2;57;41;57;48;2;0;0;0m▀[38;2;57;41;57;48;2;0;0;0m▀[38;2;57;41;57;48;2;0;0;0m▀[38;2;57;41;57;48;2;0;0;0m▀[38;2;57;41;57;48;2;0;0;0m▀[38;2;188;132;178;48;2;0;0;0m▀[38;2;188;132;178;48;2;0;0;0m▀[38;2;180;120;168;48;2;119;72;108m▀[38;2;119;72;108;48;2;189;148;180m▀[38;2;119;72;108;48;2;189;148;180m▀[38;2;119;72;108;48;2;213;172;205m▀[38;2;0;0;0;48;2;0;0;0m▀[38;2;0;0;0m▀[38;2;0;0;0m▀[38;2;0;0;0m▀[0m [0m
[0m [0m [0m [0m [38;2;0;0;0m▄[38;2;0;0;0;48;2;213;172;205m▀[38;2;213;172;205;48;2;189;148;180m▀[38;2;213;172;205;48;2;189;148;180m▀[38;2;0;0;0;48;2;213;172;205m▀[38;2;0;0;0m▄[0m [0m [38;2;0;0;0m▀[38;2;0;0;0;48;2;0;0;0m▀[38;2;115;74;106;48;2;0;0;0m▀[38;2;57;41;57;48;2;57;41;57m▀[38;2;57;41;57;48;2;57;41;57m▀[38;2;57;41;57;48;2;57;41;57m▀[38;2;57;41;57;48;2;57;41;57m▀[38;2;57;41;57;48;2;57;41;57m▀[38;2;0;0;0;48;2;0;0;0m▀[38;2;0;0;0;48;2;0;0;0m▀[38;2;0;0;0m▄[38;2;0;0;0m▄[0m [0m [38;2;0;0;0m▄[38;2;0;0;0;48;2;57;41;57m▀[38;2;57;41;57;48;2;139;98;131m▀[38;2;57;41;57;48;2;139;98;131m▀[38;2;188;132;178;48;2;139;98;131m▀[38;2;188;132;178;48;2;139;98;131m▀[38;2;188;132;178;48;2;115;74;106m▀[38;2;139;98;131;48;2;180;41;16m▀[38;2;139;98;131;48;2;115;74;106m▀[38;2;139;98;131;48;2;115;74;106m▀[38;2;115;74;106;48;2;115;74;106m▀[38;2;115;74;106;48;2;16;16;16m▀[38;2;115;74;106;48;2;16;16;16m▀[38;2;115;74;106;48;2;16;16;16m▀[38;2;115;74;106;48;2;16;16;16m▀[38;2;115;74;106;48;2;115;74;106m▀[38;2;115;74;106;48;2;115;74;106m▀[38;2;115;74;106;48;2;115;74;106m▀[38;2;115;74;106;48;2;115;74;106m▀[38;2;115;74;106;48;2;115;74;106m▀[38;2;0;0;0;48;2;0;0;0m▀[38;2;0;0;0;48;2;0;0;0m▀[38;2;0;0;0;48;2;0;0;0m▀[38;2;0;0;0;48;2;0;0;0m▀[38;2;0;0;0;48;2;0;0;0m▀[38;2;0;0;0;48;2;0;0;0m▀[38;2;0;0;0;48;2;213;172;205m▀[38;2;0;0;0;48;2;0;0;0m▀[38;2;0;0;0;48;2;0;0;0m▀[38;2;119;72;108;48;2;213;172;205m▀[38;2;189;148;180;48;2;189;148;180m▀[38;2;189;148;180;48;2;213;172;205m▀[38;2;213;172;205;48;2;0;0;0m▀[38;2;0;0;0m▀[0m [0m [0m [0m [0m
[0m [0m [0m [0m [38;2;0;0;0m▀[38;2;213;172;205;48;2;0;0;0m▀[38;2;189;148;180;48;2;213;172;205m▀[38;2;189;148;180;48;2;213;172;205m▀[38;2;213;172;205;48;2;0;0;0m▀[38;2;0;0;0;48;2;0;0;0m▀[38;2;0;0;0m▄[38;2;0;0;0m▄[38;2;0;0;0;48;2;213;172;205m▀[38;2;0;0;0m▄[38;2;0;0;0;48;2;57;41;57m▀[38;2;0;0;0;48;2;0;0;0m▀[38;2;0;0;0;48;2;0;0;0m▀[38;2;0;0;0;48;2;115;74;106m▀[38;2;0;0;0;48;2;115;74;106m▀[38;2;0;0;0;48;2;139;98;131m▀[38;2;139;98;131;48;2;139;98;131m▀[38;2;0;0;0;48;2;139;98;131m▀[38;2;0;0;0;48;2;139;98;131m▀[38;2;0;0;0;48;2;139;98;131m▀[38;2;0;0;0;48;2;0;0;0m▀[38;2;0;0;0;48;2;0;0;0m▀[38;2;57;41;57;48;2;57;41;57m▀[38;2;115;74;106;48;2;115;74;106m▀[38;2;115;74;106;48;2;57;41;57m▀[38;2;115;74;106;48;2;57;41;57m▀[38;2;115;74;106;48;2;115;74;106m▀[38;2;115;74;106;48;2;115;74;106m▀[38;2;180;41;16;48;2;180;41;16m▀[38;2;115;74;106;48;2;222;222;222m▀[38;2;16;16;16;48;2;16;16;16m▀[38;2;16;16;16;48;2;16;16;16m▀[38;2;16;16;16;48;2;255;255;255m▀[38;2;222;222;222;48;2;255;255;255m▀[38;2;222;222;222;48;2;255;255;255m▀[38;2;222;222;222;48;2;255;255;255m▀[38;2;139;98;131;48;2;139;98;131m▀[38;2;115;74;106;48;2;115;74;106m▀[38;2;115;74;106;48;2;115;74;106m▀[38;2;115;74;106;48;2;115;74;106m▀[38;2;115;74;106;48;2;115;74;106m▀[38;2;115;74;106;48;2;0;0;0m▀[38;2;0;0;0;48;2;0;0;0m▀[38;2;0;0;0m▀[0m [0m [0m [0m [38;2;0;0;0m▀[38;2;213;172;205;48;2;0;0;0m▀[38;2;213;172;205;48;2;0;0;0m▀[38;2;0;0;0m▀[38;2;213;172;205;48;2;0;0;0m▀[38;2;0;0;0;48;2;0;0;0m▀[0m [0m [0m [0m [0m [0m [0m
[0m [0m [0m [0m [0m [0m [38;2;0;0;0m▀[38;2;0;0;0;48;2;0;0;0m▀[38;2;0;0;0;48;2;213;172;205m▀[38;2;213;172;205;48;2;213;172;205m▀[38;2;213;172;205;48;2;213;172;205m▀[38;2;213;172;205;48;2;189;148;180m▀[38;2;0;0;0;48;2;119;72;108m▀[38;2;213;172;205;48;2;115;74;106m▀[38;2;115;74;106;48;2;115;74;106m▀[38;2;115;74;106;48;2;115;74;106m▀[38;2;115;74;106;48;2;115;74;106m▀[38;2;115;74;106;48;2;115;74;106m▀[38;2;115;74;106;48;2;115;74;106m▀[38;2;115;74;106;48;2;115;74;106m▀[38;2;139;98;131;48;2;115;74;106m▀[38;2;139;98;131;48;2;139;98;131m▀[38;2;139;98;131;48;2;139;98;131m▀[38;2;139;98;131;48;2;139;98;131m▀[38;2;139;98;131;48;2;188;132;178m▀[38;2;188;132;178;48;2;139;98;131m▀[38;2;57;41;57;48;2;188;132;178m▀[38;2;115;74;106;48;2;0;0;0m▀[38;2;115;74;106;48;2;57;41;57m▀[38;2;115;74;106;48;2;57;41;57m▀[38;2;115;74;106;48;2;115;74;106m▀[38;2;115;74;106;48;2;115;74;106m▀[38;2;115;74;106;48;2;115;74;106m▀[38;2;222;222;222;48;2;115;74;106m▀[38;2;255;255;255;48;2;222;222;222m▀[38;2;255;255;255;48;2;222;222;222m▀[38;2;255;255;255;48;2;255;255;255m▀[38;2;255;255;255;48;2;139;98;131m▀[38;2;222;222;222;48;2;139;98;131m▀[38;2;139;98;131;48;2;115;74;106m▀[38;2;115;74;106;48;2;115;74;106m▀[38;2;115;74;106;48;2;115;74;106m▀[38;2;115;74;106;48;2;115;74;106m▀[38;2;115;74;106;48;2;57;41;57m▀[38;2;57;41;57;48;2;0;0;0m▀[38;2;0;0;0;48;2;0;0;0m▀[38;2;0;0;0m▀[0m [0m [0m [0m [0m [0m [0m [0m [0m [38;2;0;0;0m▀[38;2;213;172;205;48;2;0;0;0m▀[38;2;0;0;0m▀[0m [0m [0m [0m [0m [0m
[0m [38;2;0;0;0m▄[38;2;0;0;0m▄[38;2;0;0;0m▄[0m [0m [38;2;0;0;0m▄[38;2;0;0;0;48;2;0;0;0m▀[38;2;213;172;205;48;2;213;172;205m▀[38;2;213;172;205;48;2;189;148;180m▀[38;2;213;172;205;48;2;189;148;180m▀[38;2;189;148;180;48;2;119;72;108m▀[38;2;119;72;108;48;2;188;132;178m▀[38;2;115;74;106;48;2;188;132;178m▀[38;2;115;74;106;48;2;115;74;106m▀[38;2;115;74;106;48;2;115;74;106m▀[38;2;115;74;106;48;2;115;74;106m▀[38;2;115;74;106;48;2;115;74;106m▀[38;2;115;74;106;48;2;115;74;106m▀[38;2;115;74;106;48;2;115;74;106m▀[38;2;115;74;106;48;2;115;74;106m▀[38;2;139;98;131;48;2;115;74;106m▀[38;2;139;98;131;48;2;115;74;106m▀[38;2;139;98;131;48;2;115;74;106m▀[38;2;188;132;178;48;2;115;74;106m▀[38;2;139;98;131;48;2;188;132;178m▀[38;2;188;132;178;48;2;188;132;178m▀[38;2;0;0;0;48;2;188;132;178m▀[38;2;57;41;57;48;2;0;0;0m▀[38;2;57;41;57;48;2;0;0;0m▀[38;2;115;74;106;48;2;0;0;0m▀[38;2;115;74;106;48;2;57;41;57m▀[38;2;115;74;106;48;2;115;74;106m▀[38;2;115;74;106;48;2;115;74;106m▀[38;2;222;222;222;48;2;115;74;106m▀[38;2;222;222;222;48;2;115;74;106m▀[38;2;255;255;255;48;2;115;74;106m▀[38;2;139;98;131;48;2;115;74;106m▀[38;2;139;98;131;48;2;115;74;106m▀[38;2;115;74;106;48;2;115;74;106m▀[38;2;115;74;106;48;2;115;74;106m▀[38;2;115;74;106;48;2;57;41;57m▀[38;2;115;74;106;48;2;57;41;57m▀[38;2;57;41;57;48;2;57;41;57m▀[38;2;0;0;0;48;2;0;0;0m▀[38;2;0;0;0;48;2;0;0;0m▀[38;2;0;0;0m▄[38;2;0;0;0m▄[38;2;0;0;0m▄[0m [0m [0m [0m [0m [0m [0m [0m [0m [0m [0m [0m [0m [0m [0m [0m
[38;2;0;0;0;48;2;0;0;0m▀[38;2;213;172;205;48;2;213;172;205m▀[38;2;213;172;205;48;2;213;172;205m▀[38;2;213;172;205;48;2;213;172;205m▀[38;2;0;0;0;48;2;0;0;0m▀[38;2;0;0;0;48;2;0;0;0m▀[38;2;213;172;205;48;2;213;172;205m▀[38;2;213;172;205;48;2;189;148;180m▀[38;2;213;172;205;48;2;57;41;57m▀[38;2;119;72;108;48;2;188;132;178m▀[38;2;119;72;108;48;2;188;132;178m▀[38;2;139;98;131;48;2;188;132;178m▀[38;2;188;132;178;48;2;180;120;168m▀[38;2;115;74;106;48;2;188;132;178m▀[38;2;115;74;106;48;2;115;74;106m▀[38;2;115;74;106;48;2;115;74;106m▀[38;2;115;74;106;48;2;115;74;106m▀[38;2;115;74;106;48;2;57;41;57m▀[38;2;115;74;106;48;2;115;74;106m▀[38;2;115;74;106;48;2;115;74;106m▀[38;2;115;74;106;48;2;115;74;106m▀[38;2;115;74;106;48;2;115;74;106m▀[38;2;115;74;106;48;2;115;74;106m▀[38;2;115;74;106;48;2;115;74;106m▀[38;2;188;132;178;48;2;188;132;178m▀[38;2;188;132;178;48;2;180;120;168m▀[38;2;180;120;168;48;2;188;132;178m▀[38;2;188;132;178;48;2;180;120;168m▀[38;2;188;132;178;48;2;188;132;178m▀[38;2;188;132;178;48;2;188;132;178m▀[38;2;115;74;106;48;2;115;74;106m▀[38;2;0;0;0;48;2;115;74;106m▀[38;2;0;0;0;48;2;57;41;57m▀[38;2;0;0;0;48;2;57;41;57m▀[38;2;115;74;106;48;2;57;41;57m▀[38;2;115;74;106;48;2;57;41;57m▀[38;2;115;74;106;48;2;57;41;57m▀[38;2;115;74;106;48;2;57;41;57m▀[38;2;115;74;106;48;2;57;41;57m▀[38;2;57;41;57;48;2;57;41;57m▀[38;2;57;41;57;48;2;57;41;57m▀[38;2;57;41;57;48;2;57;41;57m▀[38;2;57;41;57;48;2;57;41;57m▀[38;2;0;0;0;48;2;0;0;0m▀[38;2;0;0;0;48;2;0;0;0m▀[38;2;0;0;0;48;2;0;0;0m▀[38;2;213;172;205;48;2;213;172;205m▀[38;2;213;172;205;48;2;213;172;205m▀[38;2;213;172;205;48;2;213;172;205m▀[38;2;0;0;0;48;2;0;0;0m▀[0m [0m [0m [0m [0m [0m [0m [0m [0m [0m [0m [0m [0m [0m [0m
[0m [38;2;0;0;0m▀[38;2;0;0;0m▀[38;2;0;0;0;48;2;0;0;0m▀[38;2;0;0;0;48;2;213;172;205m▀[38;2;0;0;0;48;2;213;172;205m▀[38;2;213;172;205;48;2;0;0;0m▀[38;2;213;172;205;48;2;57;41;57m▀[38;2;57;41;57;48;2;115;74;106m▀[38;2;115;74;106;48;2;139;98;131m▀[38;2;115;74;106;48;2;139;98;131m▀[38;2;188;132;178;48;2;188;132;178m▀[38;2;188;132;178;48;2;188;132;178m▀[38;2;139;98;131;48;2;139;98;131m▀[38;2;115;74;106;48;2;115;74;106m▀[38;2;115;74;106;48;2;115;74;106m▀[38;2;115;74;106;48;2;115;74;106m▀[38;2;57;41;57;48;2;57;41;57m▀[38;2;57;41;57;48;2;57;41;57m▀[38;2;115;74;106;48;2;115;74;106m▀[38;2;115;74;106;48;2;115;74;106m▀[38;2;115;74;106;48;2;115;74;106m▀[38;2;115;74;106;48;2;115;74;106m▀[38;2;115;74;106;48;2;115;74;106m▀[38;2;115;74;106;48;2;115;74;106m▀[38;2;188;132;178;48;2;57;41;57m▀[38;2;180;120;168;48;2;188;132;178m▀[38;2;180;120;168;48;2;180;120;168m▀[38;2;188;132;178;48;2;188;132;178m▀[38;2;188;132;178;48;2;188;132;178m▀[38;2;115;74;106;48;2;188;132;178m▀[38;2;188;132;178;48;2;180;120;168m▀[38;2;188;132;178;48;2;180;120;168m▀[38;2;57;41;57;48;2;188;132;178m▀[38;2;57;41;57;48;2;115;74;106m▀[38;2;57;41;57;48;2;115;74;106m▀[38;2;57;41;57;48;2;115;74;106m▀[38;2;57;41;57;48;2;57;41;57m▀[38;2;57;41;57;48;2;57;41;57m▀[38;2;57;41;57;48;2;57;41;57m▀[38;2;57;41;57;48;2;57;41;57m▀[38;2;0;0;0;48;2;57;41;57m▀[38;2;0;0;0;48;2;57;41;57m▀[38;2;0;0;0;48;2;0;0;0m▀[38;2;213;172;205;48;2;0;0;0m▀[38;2;0;0;0;48;2;213;172;205m▀[38;2;0;0;0;48;2;0;0;0m▀[38;2;0;0;0m▀[38;2;0;0;0m▀[0m [0m [0m [0m [0m [0m [0m [0m [0m [0m [0m [0m [0m [0m [0m [0m
[0m [38;2;0;0;0m▄[38;2;0;0;0;48;2;213;172;205m▀[38;2;0;0;0;48;2;213;172;205m▀[38;2;213;172;205;48;2;213;172;205m▀[38;2;213;172;205;48;2;213;172;205m▀[38;2;0;0;0;48;2;213;172;205m▀[38;2;57;41;57;48;2;57;41;57m▀[38;2;115;74;106;48;2;115;74;106m▀[38;2;139;98;131;48;2;139;98;131m▀[38;2;139;98;131;48;2;139;98;131m▀[38;2;188;132;178;48;2;188;132;178m▀[38;2;188;132;178;48;2;139;98;131m▀[38;2;139;98;131;48;2;115;74;106m▀[38;2;115;74;106;48;2;115;74;106m▀[38;2;115;74;106;48;2;57;41;57m▀[38;2;115;74;106;48;2;57;41;57m▀[38;2;57;41;57;48;2;57;41;57m▀[38;2;57;41;57;48;2;0;0;0m▀[38;2;115;74;106;48;2;57;41;57m▀[38;2;115;74;106;48;2;115;74;106m▀[38;2;115;74;106;48;2;115;74;106m▀[38;2;115;74;106;48;2;115;74;106m▀[38;2;115;74;106;48;2;115;74;106m▀[38;2;115;74;106;48;2;115;74;106m▀[38;2;57;41;57;48;2;57;41;57m▀[38;2;188;132;178;48;2;188;132;178m▀[38;2;180;120;168;48;2;180;120;168m▀[38;2;188;132;178;48;2;180;120;168m▀[38;2;188;132;178;48;2;180;120;168m▀[38;2;188;132;178;48;2;180;120;168m▀[38;2;180;120;168;48;2;163;101;150m▀[38;2;180;120;168;48;2;180;120;168m▀[38;2;188;132;178;48;2;188;132;178m▀[38;2;115;74;106;48;2;115;74;106m▀[38;2;115;74;106;48;2;115;74;106m▀[38;2;115;74;106;48;2;115;74;106m▀[38;2;57;41;57;48;2;115;74;106m▀[38;2;57;41;57;48;2;115;74;106m▀[38;2;57;41;57;48;2;115;74;106m▀[38;2;57;41;57;48;2;57;41;57m▀[38;2;57;41;57;48;2;57;41;57m▀[38;2;57;41;57;48;2;57;41;57m▀[38;2;0;0;0;48;2;0;0;0m▀[38;2;0;0;0;48;2;213;172;205m▀[38;2;213;172;205;48;2;213;172;205m▀[38;2;0;0;0;48;2;213;172;205m▀[38;2;0;0;0m▄[0m [0m [38;2;0;0;0m▄[0m [0m [0m [0m [0m [0m [0m [0m [0m [0m [0m [0m [0m [0m
[38;2;0;0;0m▀[38;2;213;172;205;48;2;0;0;0m▀[38;2;213;172;205;48;2;213;172;205m▀[38;2;213;172;205;48;2;213;172;205m▀[38;2;189;148;180;48;2;189;148;180m▀[38;2;189;148;180;48;2;213;172;205m▀[38;2;213;172;205;48;2;57;41;57m▀[38;2;115;74;106;48;2;115;74;106m▀[38;2;115;74;106;48;2;115;74;106m▀[38;2;188;132;178;48;2;188;132;178m▀[38;2;188;132;178;48;2;188;132;178m▀[38;2;188;132;178;48;2;188;132;178m▀[38;2;115;74;106;48;2;115;74;106m▀[38;2;115;74;106;48;2;115;74;106m▀[38;2;115;74;106;48;2;57;41;57m▀[38;2;57;41;57;48;2;57;41;57m▀[38;2;57;41;57;48;2;57;41;57m▀[38;2;57;41;57;48;2;0;0;0m▀[38;2;0;0;0;48;2;0;0;0m▀[38;2;57;41;57;48;2;57;41;57m▀[38;2;57;41;57;48;2;57;41;57m▀[38;2;115;74;106;48;2;57;41;57m▀[38;2;115;74;106;48;2;57;41;57m▀[38;2;115;74;106;48;2;57;41;57m▀[38;2;0;0;0;48;2;119;72;108m▀[38;2;188;132;178;48;2;180;120;168m▀[38;2;180;120;168;48;2;180;120;168m▀[38;2;180;120;168;48;2;188;132;178m▀[38;2;188;132;178;48;2;115;74;106m▀[38;2;188;132;178;48;2;115;74;106m▀[38;2;188;132;178;48;2;115;74;106m▀[38;2;180;120;168;48;2;188;132;178m▀[38;2;180;120;168;48;2;180;120;168m▀[38;2;57;41;57;48;2;188;132;178m▀[38;2;57;41;57;48;2;0;0;0m▀[38;2;57;41;57;48;2;0;0;0m▀[38;2;115;74;106;48;2;115;74;106m▀[38;2;115;74;106;48;2;115;74;106m▀[38;2;115;74;106;48;2;115;74;106m▀[38;2;115;74;106;48;2;115;74;106m▀[38;2;115;74;106;48;2;115;74;106m▀[38;2;57;41;57;48;2;115;74;106m▀[38;2;57;41;57;48;2;115;74;106m▀[38;2;0;0;0;48;2;0;0;0m▀[38;2;213;172;205;48;2;213;172;205m▀[38;2;189;148;180;48;2;189;148;180m▀[38;2;213;172;205;48;2;213;172;205m▀[38;2;0;0;0;48;2;0;0;0m▀[38;2;0;0;0m▄[38;2;0;0;0;48;2;213;172;205m▀[38;2;213;172;205;48;2;189;148;180m▀[38;2;0;0;0;48;2;213;172;205m▀[38;2;0;0;0m▄[0m [0m [0m [0m [0m [0m [0m [0m [0m [0m [0m [0m
[38;2;0;0;0m▀[38;2;213;172;205;48;2;0;0;0m▀[38;2;0;0;0;48;2;213;172;205m▀[38;2;0;0;0;48;2;213;172;205m▀[38;2;213;172;205;48;2;213;172;205m▀[38;2;119;72;108;48;2;119;72;108m▀[38;2;188;132;178;48;2;180;120;168m▀[38;2;115;74;106;48;2;188;132;178m▀[38;2;188;132;178;48;2;180;120;168m▀[38;2;188;132;178;48;2;188;132;178m▀[38;2;188;132;178;48;2;188;132;178m▀[38;2;115;74;106;48;2;115;74;106m▀[38;2;115;74;106;48;2;115;74;106m▀[38;2;115;74;106;48;2;57;41;57m▀[38;2;57;41;57;48;2;57;41;57m▀[38;2;57;41;57;48;2;0;0;0m▀[38;2;57;41;57;48;2;0;0;0m▀[38;2;0;0;0;48;2;57;41;57m▀[38;2;57;41;57;48;2;57;41;57m▀[38;2;0;0;0;48;2;57;41;57m▀[38;2;57;41;57;48;2;0;0;0m▀[38;2;57;41;57;48;2;0;0;0m▀[38;2;57;41;57;48;2;0;0;0m▀[38;2;57;41;57;48;2;0;0;0m▀[38;2;119;72;108;48;2;115;74;106m▀[38;2;180;120;168;48;2;180;120;168m▀[38;2;188;132;178;48;2;188;132;178m▀[38;2;139;98;131;48;2;115;74;106m▀[38;2;115;74;106;48;2;115;74;106m▀[38;2;115;74;106;48;2;115;74;106m▀[38;2;115;74;106;48;2;115;74;106m▀[38;2;188;132;178;48;2;188;132;178m▀[38;2;188;132;178;48;2;188;132;178m▀[38;2;57;41;57;48;2;57;41;57m▀[38;2;0;0;0;48;2;0;0;0m▀[38;2;0;0;0;48;2;0;0;0m▀[38;2;115;74;106;48;2;115;74;106m▀[38;2;115;74;106;48;2;115;74;106m▀[38;2;115;74;106;48;2;115;74;106m▀[38;2;115;74;106;48;2;57;41;57m▀[38;2;115;74;106;48;2;57;41;57m▀[38;2;57;41;57;48;2;57;41;57m▀[38;2;57;41;57;48;2;57;41;57m▀[38;2;0;0;0;48;2;0;0;0m▀[38;2;213;172;205;48;2;213;172;205m▀[38;2;213;172;205;48;2;0;0;0m▀[38;2;0;0;0m▀[0m [38;2;0;0;0m▀[38;2;213;172;205;48;2;0;0;0m▀[38;2;189;148;180;48;2;213;172;205m▀[38;2;213;172;205;48;2;0;0;0m▀[38;2;0;0;0m▀[0m [0m [0m [0m [0m [0m [0m [0m [0m [0m [0m [0m
[0m [38;2;0;0;0;48;2;0;0;0m▀[38;2;213;172;205;48;2;0;0;0m▀[38;2;213;172;205;48;2;0;0;0m▀[38;2;213;172;205;48;2;0;0;0m▀[38;2;119;72;108;48;2;119;72;108m▀[38;2;180;120;168;48;2;188;132;178m▀[38;2;188;132;178;48;2;188;132;178m▀[38;2;180;120;168;48;2;188;132;178m▀[38;2;188;132;178;48;2;115;74;106m▀[38;2;188;132;178;48;2;115;74;106m▀[38;2;115;74;106;48;2;115;74;106m▀[38;2;115;74;106;48;2;57;41;57m▀[38;2;57;41;57;48;2;57;41;57m▀[38;2;57;41;57;48;2;0;0;0m▀[38;2;0;0;0;48;2;57;41;57m▀[38;2;0;0;0;48;2;57;41;57m▀[38;2;57;41;57;48;2;57;41;57m▀[38;2;57;41;57;48;2;57;41;57m▀[38;2;57;41;57;48;2;57;41;57m▀[38;2;0;0;0;48;2;0;0;0m▀[38;2;0;0;0;48;2;0;0;0m▀[38;2;0;0;0;48;2;0;0;0m▀[38;2;0;0;0;48;2;0;0;0m▀[38;2;115;74;106;48;2;188;132;178m▀[38;2;180;120;168;48;2;180;120;168m▀[38;2;188;132;178;48;2;188;132;178m▀[38;2;115;74;106;48;2;115;74;106m▀[38;2;115;74;106;48;2;115;74;106m▀[38;2;115;74;106;48;2;115;74;106m▀[38;2;115;74;106;48;2;188;132;178m▀[38;2;188;132;178;48;2;188;132;178m▀[38;2;188;132;178;48;2;57;41;57m▀[38;2;57;41;57;48;2;0;0;0m▀[38;2;0;0;0;48;2;57;41;57m▀[38;2;0;0;0;48;2;57;41;57m▀[38;2;115;74;106;48;2;57;41;57m▀[38;2;115;74;106;48;2;57;41;57m▀[38;2;115;74;106;48;2;57;41;57m▀[38;2;57;41;57;48;2;57;41;57m▀[38;2;57;41;57;48;2;57;41;57m▀[38;2;57;41;57;48;2;57;41;57m▀[38;2;57;41;57;48;2;57;41;57m▀[38;2;0;0;0;48;2;57;41;57m▀[38;2;213;172;205;48;2;0;0;0m▀[38;2;0;0;0;48;2;0;0;0m▀[38;2;0;0;0m▄[0m [0m [38;2;0;0;0m▀[38;2;213;172;205;48;2;0;0;0m▀[38;2;0;0;0m▀[0m [0m [0m [0m [0m [0m [0m [0m [0m [0m [0m [0m [0m
[38;2;0;0;0m▀[38;2;213;172;205;48;2;0;0;0m▀[38;2;0;0;0m▀[38;2;0;0;0;48;2;0;0;0m▀[38;2;57;41;57;48;2;57;41;57m▀[38;2;115;74;106;48;2;115;74;106m▀[38;2;115;74;106;48;2;115;74;106m▀[38;2;115;74;106;48;2;115;74;106m▀[38;2;115;74;106;48;2;57;41;57m▀[38;2;115;74;106;48;2;57;41;57m▀[38;2;115;74;106;48;2;57;41;57m▀[38;2;57;41;57;48;2;57;41;57m▀[38;2;57;41;57;48;2;0;0;0m▀[38;2;0;0;0;48;2;0;0;0m▀[38;2;57;41;57;48;2;57;41;57m▀[38;2;57;41;57;48;2;57;41;57m▀[38;2;57;41;57;48;2;57;41;57m▀[38;2;57;41;57;48;2;57;41;57m▀[38;2;57;41;57;48;2;57;41;57m▀[38;2;57;41;57;48;2;57;41;57m▀[38;2;0;0;0;48;2;0;0;0m▀[38;2;0;0;0;48;2;0;0;0m▀[38;2;0;0;0;48;2;0;0;0m▀[38;2;0;0;0;48;2;57;41;57m▀[38;2;188;132;178;48;2;188;132;178m▀[38;2;180;120;168;48;2;180;120;168m▀[38;2;180;120;168;48;2;163;101;150m▀[38;2;188;132;178;48;2;188;132;178m▀[38;2;188;132;178;48;2;188;132;178m▀[38;2;188;132;178;48;2;188;132;178m▀[38;2;188;132;178;48;2;57;41;57m▀[38;2;57;41;57;48;2;57;41;57m▀[38;2;57;41;57;48;2;0;0;0m▀[38;2;0;0;0;48;2;57;41;57m▀[38;2;57;41;57;48;2;0;0;0m▀[38;2;57;41;57;48;2;0;0;0m▀[38;2;57;41;57;48;2;0;0;0m▀[38;2;57;41;57;48;2;0;0;0m▀[38;2;0;0;0;48;2;57;41;57m▀[38;2;57;41;57;48;2;57;41;57m▀[38;2;57;41;57;48;2;57;41;57m▀[38;2;57;41;57;48;2;57;41;57m▀[38;2;57;41;57;48;2;57;41;57m▀[38;2;57;41;57;48;2;57;41;57m▀[38;2;0;0;0;48;2;0;0;0m▀[38;2;0;0;0;48;2;0;0;0m▀[38;2;213;172;205;48;2;0;0;0m▀[38;2;0;0;0m▀[0m [0m [0m [0m [0m [0m [0m [0m [0m [0m [0m [0m [0m [0m [0m [0m [0m
[0m [38;2;0;0;0m▄[38;2;0;0;0;48;2;0;0;0m▀[38;2;0;0;0;48;2;0;0;0m▀[38;2;57;41;57;48;2;115;74;106m▀[38;2;115;74;106;48;2;57;41;57m▀[38;2;57;41;57;48;2;57;41;57m▀[38;2;57;41;57;48;2;57;41;57m▀[38;2;57;41;57;48;2;0;0;0m▀[38;2;0;0;0;48;2;0;0;0m▀[38;2;0;0;0;48;2;0;0;0m▀[38;2;0;0;0;48;2;0;0;0m▀[38;2;0;0;0m▀[38;2;0;0;0;48;2;0;0;0m▀[38;2;57;41;57;48;2;0;0;0m▀[38;2;57;41;57;48;2;115;74;106m▀[38;2;57;41;57;48;2;115;74;106m▀[38;2;57;41;57;48;2;57;41;57m▀[38;2;57;41;57;48;2;57;41;57m▀[38;2;0;0;0;48;2;0;0;0m▀[38;2;0;0;0;48;2;0;0;0m▀[38;2;0;0;0;48;2;57;41;57m▀[38;2;0;0;0;48;2;57;41;57m▀[38;2;57;41;57;48;2;115;74;106m▀[38;2;115;74;106;48;2;115;74;106m▀[38;2;188;132;178;48;2;115;74;106m▀[38;2;188;132;178;48;2;115;74;106m▀[38;2;115;74;106;48;2;57;41;57m▀[38;2;57;41;57;48;2;57;41;57m▀[38;2;57;41;57;48;2;57;41;57m▀[38;2;57;41;57;48;2;0;0;0m▀[38;2;0;0;0;48;2;0;0;0m▀[38;2;0;0;0m▀[38;2;0;0;0m▀[38;2;0;0;0m▀[38;2;0;0;0m▀[38;2;0;0;0m▀[38;2;0;0;0m▀[38;2;0;0;0;48;2;0;0;0m▀[38;2;57;41;57;48;2;0;0;0m▀[38;2;57;41;57;48;2;57;41;57m▀[38;2;57;41;57;48;2;57;41;57m▀[38;2;57;41;57;48;2;57;41;57m▀[38;2;57;41;57;48;2;57;41;57m▀[38;2;0;0;0;48;2;57;41;57m▀[38;2;0;0;0;48;2;0;0;0m▀[38;2;0;0;0m▄[0m [0m [0m [0m [0m [0m [0m [0m [0m [0m [0m [0m [0m [0m [0m [0m [0m [0m
[0m [38;2;0;0;0;48;2;0;0;0m▀[38;2;0;0;0;48;2;0;0;0m▀[38;2;0;0;0;48;2;0;0;0m▀[38;2;115;74;106;48;2;115;74;106m▀[38;2;57;41;57;48;2;57;41;57m▀[38;2;57;41;57;48;2;57;41;57m▀[38;2;0;0;0;48;2;0;0;0m▀[38;2;0;0;0;48;2;0;0;0m▀[0m [0m [0m [0m [38;2;0;0;0;48;2;0;0;0m▀[38;2;0;0;0;48;2;0;0;0m▀[38;2;115;74;106;48;2;115;74;106m▀[38;2;115;74;106;48;2;115;74;106m▀[38;2;115;74;106;48;2;115;74;106m▀[38;2;115;74;106;48;2;115;74;106m▀[38;2;0;0;0;48;2;0;0;0m▀[38;2;0;0;0;48;2;0;0;0m▀[38;2;57;41;57;48;2;57;41;57m▀[38;2;57;41;57;48;2;57;41;57m▀[38;2;115;74;106;48;2;115;74;106m▀[38;2;115;74;106;48;2;115;74;106m▀[38;2;115;74;106;48;2;115;74;106m▀[38;2;57;41;57;48;2;57;41;57m▀[38;2;57;41;57;48;2;57;41;57m▀[38;2;0;0;0;48;2;0;0;0m▀[38;2;0;0;0;48;2;0;0;0m▀[38;2;0;0;0;48;2;0;0;0m▀[0m [0m [0m [0m [0m [0m [0m [0m [38;2;0;0;0;48;2;0;0;0m▀[38;2;0;0;0;48;2;0;0;0m▀[38;2;57;41;57;48;2;57;41;57m▀[38;2;57;41;57;48;2;57;41;57m▀[38;2;115;74;106;48;2;115;74;106m▀[38;2;115;74;106;48;2;115;74;106m▀[38;2;0;0;0;48;2;0;0;0m▀[38;2;0;0;0;48;2;0;0;0m▀[0m [0m [0m [0m [0m [0m [0m [0m [0m [0m [0m [0m [0m [0m [0m [0m [0m [0m
[38;2;0;0;0m▄[38;2;0;0;0;48;2;0;0;0m▀[38;2;0;0;0;48;2;115;74;106m▀[38;2;0;0;0;48;2;115;74;106m▀[38;2;57;41;57;48;2;57;41;57m▀[38;2;57;41;57;48;2;57;41;57m▀[38;2;57;41;57;48;2;0;0;0m▀[38;2;0;0;0;48;2;0;0;0m▀[38;2;0;0;0m▀[0m [0m [0m [0m [38;2;0;0;0;48;2;0;0;0m▀[38;2;0;0;0;48;2;0;0;0m▀[38;2;115;74;106;48;2;115;74;106m▀[38;2;115;74;106;48;2;115;74;106m▀[38;2;115;74;106;48;2;115;74;106m▀[38;2;0;0;0;48;2;0;0;0m▀[38;2;0;0;0;48;2;0;0;0m▀[38;2;0;0;0;48;2;57;41;57m▀[38;2;0;0;0;48;2;115;74;106m▀[38;2;0;0;0;48;2;115;74;106m▀[38;2;115;74;106;48;2;115;74;106m▀[38;2;115;74;106;48;2;115;74;106m▀[38;2;57;41;57;48;2;57;41;57m▀[38;2;57;41;57;48;2;57;41;57m▀[38;2;0;0;0;48;2;0;0;0m▀[38;2;0;0;0;48;2;0;0;0m▀[38;2;0;0;0m▀[0m [0m [0m [0m [0m [0m [0m [0m [0m [38;2;0;0;0m▀[38;2;0;0;0;48;2;0;0;0m▀[38;2;115;74;106;48;2;0;0;0m▀[38;2;115;74;106;48;2;0;0;0m▀[38;2;115;74;106;48;2;115;74;106m▀[38;2;115;74;106;48;2;115;74;106m▀[38;2;0;0;0;48;2;115;74;106m▀[38;2;0;0;0;48;2;0;0;0m▀[38;2;0;0;0m▄[0m [0m [0m [0m [0m [0m [0m [0m [0m [0m [0m [0m [0m [0m [0m [0m [0m
[38;2;0;0;0;48;2;0;0;0m▀[38;2;0;0;0;48;2;0;0;0m▀[38;2;115;74;106;48;2;57;41;57m▀[38;2;115;74;106;48;2;57;41;57m▀[38;2;57;41;57;48;2;57;41;57m▀[38;2;57;41;57;48;2;0;0;0m▀[38;2;0;0;0;48;2;0;0;0m▀[38;2;0;0;0m▀[0m [0m [0m [0m [0m [38;2;0;0;0m▀[38;2;0;0;0;48;2;0;0;0m▀[38;2;57;41;57;48;2;0;0;0m▀[38;2;57;41;57;48;2;0;0;0m▀[38;2;115;74;106;48;2;57;41;57m▀[38;2;115;74;106;48;2;115;74;106m▀[38;2;0;0;0;48;2;115;74;106m▀[38;2;57;41;57;48;2;0;0;0m▀[38;2;115;74;106;48;2;115;74;106m▀[38;2;115;74;106;48;2;115;74;106m▀[38;2;115;74;106;48;2;115;74;106m▀[38;2;57;41;57;48;2;57;41;57m▀[38;2;57;41;57;48;2;57;41;57m▀[38;2;0;0;0;48;2;0;0;0m▀[38;2;0;0;0;48;2;0;0;0m▀[0m [0m [0m [0m [0m [0m [0m [0m [0m [0m [0m [0m [38;2;0;0;0m▀[38;2;0;0;0;48;2;0;0;0m▀[38;2;0;0;0;48;2;0;0;0m▀[38;2;115;74;106;48;2;57;41;57m▀[38;2;115;74;106;48;2;115;74;106m▀[38;2;115;74;106;48;2;115;74;106m▀[38;2;0;0;0;48;2;0;0;0m▀[38;2;0;0;0;48;2;0;0;0m▀[38;2;0;0;0m▄[0m [0m [0m [0m [0m [0m [0m [0m [0m [0m [0m [0m [0m [0m [0m [0m
[38;2;0;0;0;48;2;0;0;0m▀[38;2;115;74;106;48;2;115;74;106m▀[38;2;57;41;57;48;2;57;41;57m▀[38;2;57;41;57;48;2;57;41;57m▀[38;2;57;41;57;48;2;57;41;57m▀[38;2;0;0;0;48;2;0;0;0m▀[38;2;0;0;0;48;2;0;0;0m▀[0m [0m [0m [0m [0m [0m [0m [38;2;0;0;0;48;2;0;0;0m▀[38;2;0;0;0;48;2;0;0;0m▀[38;2;0;0;0;48;2;0;0;0m▀[38;2;57;41;57;48;2;57;41;57m▀[38;2;57;41;57;48;2;57;41;57m▀[38;2;0;0;0;48;2;0;0;0m▀[38;2;0;0;0;48;2;0;0;0m▀[38;2;115;74;106;48;2;115;74;106m▀[38;2;115;74;106;48;2;115;74;106m▀[38;2;57;41;57;48;2;57;41;57m▀[38;2;57;41;57;48;2;57;41;57m▀[38;2;57;41;57;48;2;57;41;57m▀[38;2;0;0;0;48;2;0;0;0m▀[38;2;0;0;0;48;2;0;0;0m▀[0m [0m [0m [0m [0m [0m [0m [0m [0m [0m [0m [0m [0m [0m [38;2;0;0;0;48;2;0;0;0m▀[38;2;57;41;57;48;2;57;41;57m▀[38;2;115;74;106;48;2;115;74;106m▀[38;2;115;74;106;48;2;115;74;106m▀[38;2;115;74;106;48;2;115;74;106m▀[38;2;0;0;0;48;2;0;0;0m▀[38;2;0;0;0;48;2;0;0;0m▀[38;2;0;0;0;48;2;0;0;0m▀[0m [0m [0m [0m [0m [0m [0m [0m [0m [0m [0m [0m [0m [0m [0m
[38;2;0;0;0;48;2;0;0;0m▀[38;2;115;74;106;48;2;115;74;106m▀[38;2;57;41;57;48;2;57;41;57m▀[38;2;57;41;57;48;2;57;41;57m▀[38;2;0;0;0;48;2;0;0;0m▀[38;2;0;0;0;48;2;0;0;0m▀[0m [0m [0m [0m [0m [0m [0m [0m [0m [38;2;0;0;0m▀[38;2;0;0;0m▀[38;2;0;0;0;48;2;0;0;0m▀[38;2;0;0;0;48;2;0;0;0m▀[38;2;0;0;0;48;2;0;0;0m▀[38;2;0;0;0;48;2;0;0;0m▀[38;2;115;74;106;48;2;115;74;106m▀[38;2;115;74;106;48;2;115;74;106m▀[38;2;57;41;57;48;2;57;41;57m▀[38;2;57;41;57;48;2;57;41;57m▀[38;2;0;0;0;48;2;0;0;0m▀[38;2;0;0;0;48;2;0;0;0m▀[0m [0m [0m [0m [0m [0m [0m [0m [0m [0m [0m [0m [0m [0m [0m [38;2;0;0;0m▀[38;2;57;41;57;48;2;0;0;0m▀[38;2;115;74;106;48;2;57;41;57m▀[38;2;115;74;106;48;2;115;74;106m▀[38;2;115;74;106;48;2;115;74;106m▀[38;2;0;0;0;48;2;115;74;106m▀[38;2;0;0;0;48;2;115;74;106m▀[38;2;0;0;0;48;2;0;0;0m▀[38;2;0;0;0m▄[0m [0m [0m [0m [0m [0m [0m [0m [0m [0m [0m [0m [0m [0m
[38;2;0;0;0;48;2;0;0;0m▀[38;2;139;98;131;48;2;139;98;131m▀[38;2;115;74;106;48;2;57;41;57m▀[38;2;115;74;106;48;2;57;41;57m▀[38;2;115;74;106;48;2;115;74;106m▀[38;2;0;0;0;48;2;57;41;57m▀[38;2;0;0;0;48;2;0;0;0m▀[38;2;0;0;0m▄[0m [0m [0m [0m [0m [0m [0m [0m [0m [0m [0m [38;2;0;0;0;48;2;0;0;0m▀[38;2;0;0;0;48;2;0;0;0m▀[38;2;115;74;106;48;2;115;74;106m▀[38;2;115;74;106;48;2;115;74;106m▀[38;2;57;41;57;48;2;57;41;57m▀[38;2;57;41;57;48;2;57;41;57m▀[38;2;0;0;0;48;2;57;41;57m▀[38;2;0;0;0;48;2;0;0;0m▀[38;2;0;0;0m▄[0m [0m [0m [0m [0m [0m [0m [0m [0m [0m [0m [0m [0m [0m [0m [38;2;0;0;0;48;2;0;0;0m▀[38;2;57;41;57;48;2;57;41;57m▀[38;2;115;74;106;48;2;139;98;131m▀[38;2;115;74;106;48;2;139;98;131m▀[38;2;115;74;106;48;2;115;74;106m▀[38;2;115;74;106;48;2;115;74;106m▀[38;2;0;0;0;48;2;115;74;106m▀[38;2;0;0;0;48;2;0;0;0m▀[38;2;0;0;0m▄[0m [0m [0m [0m [0m [0m [0m [0m [0m [0m [0m [0m [0m
[38;2;0;0;0;48;2;0;0;0m▀[38;2;0;0;0;48;2;0;0;0m▀[38;2;0;0;0;48;2;0;0;0m▀[38;2;0;0;0;48;2;0;0;0m▀[38;2;0;0;0;48;2;0;0;0m▀[38;2;0;0;0;48;2;0;0;0m▀[38;2;0;0;0;48;2;0;0;0m▀[38;2;0;0;0;48;2;0;0;0m▀[0m [0m [0m [0m [0m [0m [0m [0m [0m [0m [0m [38;2;0;0;0;48;2;0;0;0m▀[38;2;0;0;0;48;2;0;0;0m▀[38;2;115;74;106;48;2;115;74;106m▀[38;2;115;74;106;48;2;115;74;106m▀[38;2;57;41;57;48;2;57;41;57m▀[38;2;57;41;57;48;2;57;41;57m▀[38;2;57;41;57;48;2;57;41;57m▀[38;2;57;41;57;48;2;57;41;57m▀[38;2;0;0;0;48;2;0;0;0m▀[38;2;0;0;0;48;2;0;0;0m▀[0m [0m [0m [0m [0m [0m [0m [0m [0m [0m [0m [0m [0m [0m [0m [38;2;0;0;0;48;2;0;0;0m▀[38;2;57;41;57;48;2;57;41;57m▀[38;2;139;98;131;48;2;139;98;131m▀[38;2;57;41;57;48;2;57;41;57m▀[38;2;57;41;57;48;2;57;41;57m▀[38;2;115;74;106;48;2;115;74;106m▀[38;2;57;41;57;48;2;57;41;57m▀[38;2;0;0;0;48;2;0;0;0m▀[38;2;0;0;0;48;2;0;0;0m▀[0m [0m [0m [0m [0m [0m [0m [0m [0m [0m [0m [0m
[0m [38;2;0;0;0m▀[38;2;0;0;0m▀[38;2;0;0;0m▀[38;2;0;0;0m▀[38;2;0;0;0m▀[38;2;0;0;0m▀[0m [0m [0m [0m [0m [0m [0m [0m [0m [0m [0m [0m [38;2;0;0;0m▀[38;2;0;0;0;48;2;0;0;0m▀[38;2;115;74;106;48;2;0;0;0m▀[38;2;115;74;106;48;2;0;0;0m▀[38;2;57;41;57;48;2;0;0;0m▀[38;2;0;0;0;48;2;0;0;0m▀[38;2;57;41;57;48;2;0;0;0m▀[38;2;57;41;57;48;2;0;0;0m▀[38;2;0;0;0;48;2;0;0;0m▀[38;2;0;0;0;48;2;0;0;0m▀[0m [0m [0m [0m [0m [0m [0m [0m [0m [0m [0m [0m [0m [0m [0m [0m [38;2;0;0;0m▀[38;2;0;0;0;48;2;0;0;0m▀[38;2;0;0;0;48;2;0;0;0m▀[38;2;0;0;0;48;2;0;0;0m▀[38;2;0;0;0;48;2;0;0;0m▀[38;2;0;0;0;48;2;0;0;0m▀[38;2;0;0;0;48;2;0;0;0m▀[38;2;0;0;0m▀[0m [0m [0m [0m [0m [0m [0m [0m [0m [0m [0m [0m
