[0m [0m [38;2;0;0;0m▄[38;2;0;0;0m▄[38;2;0;0;0;48;2;224;112;128m▀[38;2;0;0;0;48;2;224;112;128m▀[38;2;224;112;128;48;2;248;200;192m▀[38;2;224;112;128;48;2;248;200;192m▀[38;2;224;112;128;48;2;248;200;192m▀[38;2;224;112;128;48;2;248;200;192m▀[38;2;224;112;128;48;2;248;168;160m▀[38;2;224;112;128;48;2;248;168;160m▀[38;2;0;0;0;48;2;224;112;128m▀[38;2;0;0;0m▄[0m [0m [0m [0m [0m [38;2;0;0;0m▄[38;2;0;0;0m▄[38;2;0;0;0m▄[38;2;0;0;0m▄[38;2;0;0;0m▄[0m [0m [0m [0m [0m [0m [0m [0m [0m [0m [0m [0m [0m [0m [0m [0m [0m [0m [0m [0m [0m [0m [0m [0m [0m [0m [0m [0m [0m [0m [0m
[0m [38;2;0;0;0;48;2;0;0;0m▀[38;2;224;112;128;48;2;224;112;128m▀[38;2;224;112;128;48;2;224;112;128m▀[38;2;248;200;192;48;2;248;200;192m▀[38;2;248;200;192;48;2;248;200;192m▀[38;2;248;200;192;48;2;248;200;192m▀[38;2;248;200;192;48;2;248;200;192m▀[38;2;248;200;192;48;2;248;200;192m▀[38;2;248;200;192;48;2;248;200;192m▀[38;2;248;168;160;48;2;248;168;160m▀[38;2;248;168;160;48;2;248;168;160m▀[38;2;248;168;160;48;2;248;168;160m▀[38;2;224;112;128;48;2;224;112;128m▀[38;2;0;0;0;48;2;0;0;0m▀[38;2;0;0;0m▄[38;2;0;0;0m▄[38;2;0;0;0m▄[38;2;0;0;0;48;2;0;0;0m▀[38;2;160;16;32;48;2;160;16;32m▀[38;2;160;16;32;48;2;160;16;32m▀[38;2;160;16;32;48;2;160;16;32m▀[38;2;160;16;32;48;2;160;16;32m▀[38;2;160;16;32;48;2;160;16;32m▀[38;2;0;0;0;48;2;0;0;0m▀[0m [0m [0m [0m [0m [0m [0m [0m [0m [0m [0m [0m [0m [0m [0m [0m [0m [0m [0m [0m [0m [0m [0m [0m [0m [0m [0m [0m [0m [0m
[38;2;0;0;0;48;2;0;0;0m▀[38;2;224;112;128;48;2;224;112;128m▀[38;2;248;200;192;48;2;248;200;192m▀[38;2;248;200;192;48;2;248;200;192m▀[38;2;248;200;192;48;2;248;200;192m▀[38;2;248;200;192;48;2;248;200;192m▀[38;2;248;200;192;48;2;248;200;192m▀[38;2;248;200;192;48;2;248;200;192m▀[38;2;248;200;192;48;2;248;168;160m▀[38;2;248;200;192;48;2;248;168;160m▀[38;2;248;168;160;48;2;248;168;160m▀[38;2;248;168;160;48;2;248;168;160m▀[38;2;248;168;160;48;2;224;112;128m▀[38;2;248;168;160;48;2;230;115;131m▀[38;2;224;112;128;48;2;172;65;74m▀[38;2;224;112;128;48;2;172;65;74m▀[38;2;172;65;74;48;2;248;200;192m▀[38;2;160;16;32;48;2;248;200;192m▀[38;2;160;16;32;48;2;248;200;192m▀[38;2;248;200;192;48;2;248;200;192m▀[38;2;248;200;192;48;2;104;80;96m▀[38;2;248;200;192;48;2;104;80;96m▀[38;2;248;200;192;48;2;104;80;96m▀[38;2;248;200;192;48;2;248;168;160m▀[38;2;160;16;32;48;2;16;16;16m▀[38;2;0;0;0;48;2;0;0;0m▀[0m [0m [0m [0m [0m [0m [0m [0m [0m [0m [0m [0m [0m [0m [0m [0m [0m [0m [0m [0m [0m [0m [0m [0m [0m [0m [0m [0m [0m
[38;2;160;16;32;48;2;160;16;32m▀[38;2;248;168;160;48;2;248;168;160m▀[38;2;248;200;192;48;2;248;168;160m▀[38;2;248;200;192;48;2;248;168;160m▀[38;2;248;200;192;48;2;248;168;160m▀[38;2;248;200;192;48;2;248;168;160m▀[38;2;248;200;192;48;2;248;168;160m▀[38;2;248;200;192;48;2;248;168;160m▀[38;2;248;168;160;48;2;160;16;32m▀[38;2;248;168;160;48;2;160;16;32m▀[38;2;248;168;160;48;2;16;16;16m▀[38;2;230;115;131;48;2;172;65;74m▀[38;2;230;115;131;48;2;230;115;131m▀[38;2;248;168;160;48;2;230;115;131m▀[38;2;248;168;160;48;2;248;168;160m▀[38;2;248;168;160;48;2;248;168;160m▀[38;2;248;200;192;48;2;248;200;192m▀[38;2;248;200;192;48;2;248;200;192m▀[38;2;248;200;192;48;2;104;80;96m▀[38;2;104;80;96;48;2;16;16;16m▀[38;2;16;16;16;48;2;16;16;16m▀[38;2;16;16;16;48;2;16;16;16m▀[38;2;16;16;16;48;2;16;16;16m▀[38;2;248;168;160;48;2;248;168;160m▀[38;2;16;16;16;48;2;16;16;16m▀[38;2;0;0;0;48;2;0;0;0m▀[0m [0m [0m [0m [0m [0m [0m [0m [0m [0m [0m [0m [0m [0m [0m [0m [0m [0m [0m [0m [0m [0m [0m [0m [0m [0m [0m [0m [0m
[38;2;160;16;32;48;2;160;16;32m▀[38;2;248;168;160;48;2;248;168;160m▀[38;2;248;168;160;48;2;248;168;160m▀[38;2;248;168;160;48;2;248;168;160m▀[38;2;248;168;160;48;2;248;168;160m▀[38;2;248;168;160;48;2;248;168;160m▀[38;2;248;168;160;48;2;248;168;160m▀[38;2;224;112;128;48;2;224;112;128m▀[38;2;160;16;32;48;2;160;16;32m▀[38;2;160;16;32;48;2;160;16;32m▀[38;2;172;65;74;48;2;172;65;74m▀[38;2;16;16;16;48;2;16;16;16m▀[38;2;230;115;131;48;2;230;115;131m▀[38;2;230;115;131;48;2;230;115;131m▀[38;2;248;168;160;48;2;248;168;160m▀[38;2;248;168;160;48;2;248;168;160m▀[38;2;248;168;160;48;2;248;168;160m▀[38;2;104;80;96;48;2;104;80;96m▀[38;2;16;16;16;48;2;16;16;16m▀[38;2;16;16;16;48;2;16;16;16m▀[38;2;16;16;16;48;2;16;16;16m▀[38;2;16;16;16;48;2;16;16;16m▀[38;2;16;16;16;48;2;16;16;16m▀[38;2;248;168;160;48;2;248;168;160m▀[38;2;16;16;16;48;2;16;16;16m▀[38;2;0;0;0;48;2;0;0;0m▀[0m [0m [0m [0m [0m [0m [0m [0m [0m [0m [0m [0m [0m [0m [0m [0m [0m [0m [0m [0m [0m [0m [0m [0m [0m [0m [0m [0m [0m
[38;2;0;0;0;48;2;0;0;0m▀[38;2;160;16;32;48;2;16;16;16m▀[38;2;248;168;160;48;2;248;168;160m▀[38;2;248;168;160;48;2;248;168;160m▀[38;2;248;168;160;48;2;248;168;160m▀[38;2;248;168;160;48;2;248;168;160m▀[38;2;248;168;160;48;2;248;168;160m▀[38;2;248;168;160;48;2;248;168;160m▀[38;2;248;168;160;48;2;248;168;160m▀[38;2;248;168;160;48;2;248;168;160m▀[38;2;224;112;128;48;2;224;112;128m▀[38;2;16;16;16;48;2;16;16;16m▀[38;2;230;115;131;48;2;230;115;131m▀[38;2;230;115;131;48;2;230;115;131m▀[38;2;230;115;131;48;2;230;115;131m▀[38;2;230;115;131;48;2;230;115;131m▀[38;2;248;168;160;48;2;248;168;160m▀[38;2;248;168;160;48;2;248;168;160m▀[38;2;104;80;96;48;2;248;168;160m▀[38;2;16;16;16;48;2;104;80;96m▀[38;2;16;16;16;48;2;16;16;16m▀[38;2;16;16;16;48;2;16;16;16m▀[38;2;16;16;16;48;2;248;168;160m▀[38;2;248;168;160;48;2;248;168;160m▀[38;2;16;16;16;48;2;16;16;16m▀[38;2;0;0;0;48;2;0;0;0m▀[0m [0m [0m [0m [0m [0m [0m [0m [0m [0m [0m [0m [0m [0m [0m [0m [0m [0m [0m [0m [0m [38;2;0;0;0m▄[38;2;0;0;0m▄[38;2;0;0;0m▄[38;2;0;0;0m▄[38;2;0;0;0m▄[38;2;0;0;0m▄[38;2;0;0;0m▄[0m
[0m [38;2;0;0;0;48;2;0;0;0m▀[38;2;16;16;16;48;2;255;238;222m▀[38;2;16;16;16;48;2;255;238;222m▀[38;2;16;16;16;48;2;16;72;136m▀[38;2;248;168;160;48;2;16;16;16m▀[38;2;248;168;160;48;2;16;16;16m▀[38;2;248;168;160;48;2;16;16;16m▀[38;2;16;16;16;48;2;172;65;74m▀[38;2;16;16;16;48;2;172;65;74m▀[38;2;16;16;16;48;2;224;112;128m▀[38;2;224;112;128;48;2;16;72;136m▀[38;2;160;16;32;48;2;16;72;136m▀[38;2;160;16;32;48;2;16;72;136m▀[38;2;160;16;32;48;2;24;112;192m▀[38;2;160;16;32;48;2;24;112;192m▀[38;2;224;112;128;48;2;248;248;248m▀[38;2;248;168;160;48;2;224;112;128m▀[38;2;248;168;160;48;2;255;172;164m▀[38;2;248;168;160;48;2;248;168;160m▀[38;2;104;80;96;48;2;248;168;160m▀[38;2;104;80;96;48;2;248;168;160m▀[38;2;248;168;160;48;2;248;168;160m▀[38;2;160;16;32;48;2;16;16;16m▀[38;2;0;0;0;48;2;0;0;0m▀[0m [0m [0m [0m [0m [0m [0m [0m [0m [0m [0m [0m [0m [0m [0m [0m [0m [38;2;0;0;0m▄[38;2;0;0;0m▄[38;2;0;0;0;48;2;230;115;131m▀[38;2;0;0;0;48;2;230;115;131m▀[38;2;0;0;0;48;2;230;115;131m▀[38;2;230;115;131;48;2;255;172;164m▀[38;2;230;115;131;48;2;255;172;164m▀[38;2;230;115;131;48;2;255;172;164m▀[38;2;230;115;131;48;2;255;172;164m▀[38;2;230;115;131;48;2;255;172;164m▀[38;2;230;115;131;48;2;255;172;164m▀[38;2;16;16;16;48;2;16;16;16m▀[0m
[0m [38;2;0;0;0;48;2;0;0;0m▀[38;2;255;238;222;48;2;255;238;222m▀[38;2;255;238;222;48;2;255;238;222m▀[38;2;16;72;136;48;2;16;72;136m▀[38;2;172;65;74;48;2;172;65;74m▀[38;2;172;65;74;48;2;172;65;74m▀[38;2;172;65;74;48;2;172;65;74m▀[38;2;224;112;128;48;2;224;112;128m▀[38;2;224;112;128;48;2;224;112;128m▀[38;2;160;16;32;48;2;160;16;32m▀[38;2;248;248;248;48;2;248;248;248m▀[38;2;200;232;248;48;2;200;232;248m▀[38;2;16;72;136;48;2;16;72;136m▀[38;2;16;72;136;48;2;16;72;136m▀[38;2;16;72;136;48;2;16;72;136m▀[38;2;24;112;192;48;2;24;112;192m▀[38;2;160;16;32;48;2;160;16;32m▀[38;2;255;172;164;48;2;255;172;164m▀[38;2;255;172;164;48;2;255;172;164m▀[38;2;255;172;164;48;2;255;172;164m▀[38;2;255;172;164;48;2;255;172;164m▀[38;2;255;172;164;48;2;255;172;164m▀[38;2;16;16;16;48;2;16;16;16m▀[38;2;0;0;0;48;2;0;0;0m▀[0m [0m [0m [0m [0m [0m [0m [0m [0m [0m [0m [0m [0m [0m [0m [0m [38;2;0;0;0;48;2;0;0;0m▀[38;2;16;72;136;48;2;16;72;136m▀[38;2;24;112;192;48;2;24;112;192m▀[38;2;24;112;192;48;2;24;112;192m▀[38;2;24;112;192;48;2;24;112;192m▀[38;2;24;112;192;48;2;24;112;192m▀[38;2;255;172;164;48;2;255;172;164m▀[38;2;255;172;164;48;2;255;172;164m▀[38;2;255;172;164;48;2;255;172;164m▀[38;2;255;172;164;48;2;255;172;164m▀[38;2;255;172;164;48;2;255;172;164m▀[38;2;230;115;131;48;2;230;115;131m▀[38;2;0;0;0;48;2;0;0;0m▀[0m
[38;2;0;0;0m▄[38;2;0;0;0;48;2;160;16;32m▀[38;2;172;65;74;48;2;230;115;131m▀[38;2;172;65;74;48;2;230;115;131m▀[38;2;230;115;131;48;2;230;115;131m▀[38;2;230;115;131;48;2;230;115;131m▀[38;2;230;115;131;48;2;230;115;131m▀[38;2;230;115;131;48;2;230;115;131m▀[38;2;230;115;131;48;2;230;115;131m▀[38;2;230;115;131;48;2;230;115;131m▀[38;2;160;16;32;48;2;160;16;32m▀[38;2;200;232;248;48;2;24;112;192m▀[38;2;200;232;248;48;2;16;72;136m▀[38;2;16;72;136;48;2;16;72;136m▀[38;2;16;72;136;48;2;24;112;192m▀[38;2;16;72;136;48;2;24;112;192m▀[38;2;16;72;136;48;2;16;72;136m▀[38;2;160;16;32;48;2;160;16;32m▀[38;2;255;172;164;48;2;255;172;164m▀[38;2;255;172;164;48;2;255;172;164m▀[38;2;255;172;164;48;2;255;172;164m▀[38;2;255;172;164;48;2;255;172;164m▀[38;2;255;172;164;48;2;255;172;164m▀[38;2;16;16;16;48;2;16;16;16m▀[38;2;0;0;0;48;2;0;0;0m▀[0m [0m [0m [0m [0m [0m [0m [0m [0m [0m [0m [0m [0m [38;2;0;0;0m▄[38;2;0;0;0m▄[38;2;0;0;0;48;2;16;16;16m▀[38;2;16;16;16;48;2;255;172;164m▀[38;2;24;112;192;48;2;255;172;164m▀[38;2;16;180;238;48;2;255;172;164m▀[38;2;16;180;238;48;2;16;180;238m▀[38;2;16;180;238;48;2;16;180;238m▀[38;2;16;180;238;48;2;16;180;238m▀[38;2;24;112;192;48;2;16;180;238m▀[38;2;255;172;164;48;2;24;112;192m▀[38;2;255;172;164;48;2;230;115;131m▀[38;2;230;115;131;48;2;16;16;16m▀[38;2;230;115;131;48;2;16;16;16m▀[38;2;16;16;16;48;2;0;0;0m▀[38;2;0;0;0m▀[0m
[38;2;0;0;0;48;2;0;0;0m▀[38;2;65;65;82;48;2;160;16;32m▀[38;2;16;16;16;48;2;255;172;164m▀[38;2;16;16;16;48;2;255;172;164m▀[38;2;230;115;131;48;2;255;172;164m▀[38;2;230;115;131;48;2;255;172;164m▀[38;2;255;172;164;48;2;255;172;164m▀[38;2;255;172;164;48;2;255;172;164m▀[38;2;255;172;164;48;2;255;172;164m▀[38;2;255;172;164;48;2;255;172;164m▀[38;2;224;112;128;48;2;255;172;164m▀[38;2;24;112;192;48;2;224;112;128m▀[38;2;24;112;192;48;2;160;16;32m▀[38;2;24;112;192;48;2;160;16;32m▀[38;2;24;112;192;48;2;160;16;32m▀[38;2;24;112;192;48;2;160;16;32m▀[38;2;16;72;136;48;2;224;112;128m▀[38;2;224;112;128;48;2;255;172;164m▀[38;2;255;172;164;48;2;255;172;164m▀[38;2;255;172;164;48;2;255;172;164m▀[38;2;255;172;164;48;2;255;172;164m▀[38;2;255;172;164;48;2;255;172;164m▀[38;2;255;172;164;48;2;255;172;164m▀[38;2;16;16;16;48;2;0;0;0m▀[38;2;0;0;0m▀[0m [0m [0m [0m [0m [0m [0m [0m [0m [0m [0m [38;2;0;0;0m▄[38;2;0;0;0;48;2;16;16;16m▀[38;2;16;16;16;48;2;230;115;131m▀[38;2;16;16;16;48;2;230;115;131m▀[38;2;255;172;164;48;2;255;172;164m▀[38;2;255;172;164;48;2;255;172;164m▀[38;2;255;172;164;48;2;255;172;164m▀[38;2;255;172;164;48;2;255;172;164m▀[38;2;255;172;164;48;2;255;172;164m▀[38;2;255;172;164;48;2;255;172;164m▀[38;2;24;112;192;48;2;24;112;192m▀[38;2;16;180;238;48;2;24;112;192m▀[38;2;24;112;192;48;2;24;112;192m▀[38;2;230;115;131;48;2;16;16;16m▀[38;2;16;16;16;48;2;0;0;0m▀[38;2;16;16;16;48;2;0;0;0m▀[38;2;0;0;0m▀[0m [0m
[38;2;0;0;0;48;2;0;0;0m▀[38;2;160;16;32;48;2;160;16;32m▀[38;2;255;172;164;48;2;255;172;164m▀[38;2;255;172;164;48;2;255;172;164m▀[38;2;255;172;164;48;2;255;172;164m▀[38;2;255;172;164;48;2;255;172;164m▀[38;2;255;172;164;48;2;255;172;164m▀[38;2;255;172;164;48;2;255;172;164m▀[38;2;255;172;164;48;2;255;172;164m▀[38;2;255;172;164;48;2;255;172;164m▀[38;2;255;172;164;48;2;255;172;164m▀[38;2;255;172;164;48;2;255;172;164m▀[38;2;255;172;164;48;2;255;172;164m▀[38;2;255;172;164;48;2;255;172;164m▀[38;2;255;172;164;48;2;255;172;164m▀[38;2;255;172;164;48;2;255;172;164m▀[38;2;255;172;164;48;2;255;172;164m▀[38;2;255;172;164;48;2;255;172;164m▀[38;2;255;172;164;48;2;255;172;164m▀[38;2;255;172;164;48;2;255;172;164m▀[38;2;255;172;164;48;2;255;172;164m▀[38;2;255;172;164;48;2;255;172;164m▀[38;2;230;115;131;48;2;230;115;131m▀[38;2;0;0;0;48;2;0;0;0m▀[0m [0m [0m [0m [0m [0m [0m [0m [0m [0m [0m [0m [38;2;0;0;0;48;2;0;0;0m▀[38;2;16;16;16;48;2;16;16;16m▀[38;2;230;115;131;48;2;230;115;131m▀[38;2;230;115;131;48;2;230;115;131m▀[38;2;230;115;131;48;2;230;115;131m▀[38;2;255;172;164;48;2;255;172;164m▀[38;2;255;172;164;48;2;255;172;164m▀[38;2;255;172;164;48;2;255;172;164m▀[38;2;255;172;164;48;2;255;172;164m▀[38;2;255;172;164;48;2;255;172;164m▀[38;2;255;172;164;48;2;255;172;164m▀[38;2;24;112;192;48;2;24;112;192m▀[38;2;24;112;192;48;2;24;112;192m▀[38;2;16;16;16;48;2;16;16;16m▀[38;2;0;0;0;48;2;0;0;0m▀[0m [0m [0m [0m
[0m [38;2;0;0;0m▀[38;2;16;16;16;48;2;0;0;0m▀[38;2;16;16;16;48;2;0;0;0m▀[38;2;255;172;164;48;2;16;16;16m▀[38;2;255;172;164;48;2;16;16;16m▀[38;2;255;172;164;48;2;255;172;164m▀[38;2;255;172;164;48;2;255;172;164m▀[38;2;255;172;164;48;2;255;172;164m▀[38;2;255;172;164;48;2;255;172;164m▀[38;2;255;172;164;48;2;255;172;164m▀[38;2;255;172;164;48;2;255;172;164m▀[38;2;255;172;164;48;2;255;172;164m▀[38;2;255;172;164;48;2;255;172;164m▀[38;2;255;172;164;48;2;255;172;164m▀[38;2;255;172;164;48;2;255;172;164m▀[38;2;255;172;164;48;2;255;172;164m▀[38;2;255;172;164;48;2;255;172;164m▀[38;2;255;172;164;48;2;230;115;131m▀[38;2;255;172;164;48;2;230;115;131m▀[38;2;230;115;131;48;2;230;115;131m▀[38;2;230;115;131;48;2;230;115;131m▀[38;2;230;115;131;48;2;172;65;74m▀[38;2;0;0;0;48;2;0;0;0m▀[0m [0m [0m [0m [0m [0m [0m [38;2;0;0;0m▄[38;2;0;0;0m▄[38;2;0;0;0m▄[38;2;0;0;0m▄[38;2;0;0;0;48;2;0;0;0m▀[38;2;16;16;16;48;2;16;16;16m▀[38;2;230;115;131;48;2;230;115;131m▀[38;2;230;115;131;48;2;230;115;131m▀[38;2;230;115;131;48;2;230;115;131m▀[38;2;230;115;131;48;2;230;115;131m▀[38;2;230;115;131;48;2;230;115;131m▀[38;2;230;115;131;48;2;230;115;131m▀[38;2;230;115;131;48;2;230;115;131m▀[38;2;230;115;131;48;2;230;115;131m▀[38;2;230;115;131;48;2;230;115;131m▀[38;2;230;115;131;48;2;16;16;16m▀[38;2;24;112;192;48;2;16;16;16m▀[38;2;16;16;16;48;2;0;0;0m▀[38;2;0;0;0m▀[0m [0m [0m [0m [0m
[0m [0m [0m [0m [38;2;0;0;0m▀[38;2;0;0;0m▀[38;2;16;16;16;48;2;0;0;0m▀[38;2;16;16;16;48;2;0;0;0m▀[38;2;16;16;16;48;2;0;0;0m▀[38;2;16;16;16;48;2;0;0;0m▀[38;2;16;16;16;48;2;0;0;0m▀[38;2;255;172;164;48;2;0;0;0m▀[38;2;255;172;164;48;2;16;16;16m▀[38;2;255;172;164;48;2;16;16;16m▀[38;2;255;172;164;48;2;16;16;16m▀[38;2;255;172;164;48;2;16;16;16m▀[38;2;16;16;16;48;2;230;115;131m▀[38;2;230;115;131;48;2;230;115;131m▀[38;2;230;115;131;48;2;230;115;131m▀[38;2;230;115;131;48;2;230;115;131m▀[38;2;230;115;131;48;2;230;115;131m▀[38;2;230;115;131;48;2;230;115;131m▀[38;2;172;65;74;48;2;230;115;131m▀[38;2;0;0;0;48;2;0;0;0m▀[38;2;0;0;0m▄[38;2;0;0;0m▄[38;2;0;0;0m▄[38;2;0;0;0m▄[38;2;0;0;0;48;2;16;16;16m▀[38;2;0;0;0;48;2;16;16;16m▀[38;2;0;0;0;48;2;255;172;164m▀[38;2;16;16;16;48;2;255;205;197m▀[38;2;16;16;16;48;2;255;172;164m▀[38;2;16;16;16;48;2;255;172;164m▀[38;2;16;16;16;48;2;255;172;164m▀[38;2;230;115;131;48;2;255;172;164m▀[38;2;230;115;131;48;2;230;115;131m▀[38;2;230;115;131;48;2;16;16;16m▀[38;2;230;115;131;48;2;16;16;16m▀[38;2;230;115;131;48;2;16;16;16m▀[38;2;230;115;131;48;2;16;16;16m▀[38;2;16;16;16;48;2;0;0;0m▀[38;2;16;16;16;48;2;0;0;0m▀[38;2;16;16;16;48;2;0;0;0m▀[38;2;16;16;16;48;2;0;0;0m▀[38;2;16;16;16;48;2;0;0;0m▀[38;2;0;0;0m▀[38;2;0;0;0m▀[0m [0m [0m [0m [0m [0m [0m
[0m [0m [0m [0m [0m [0m [0m [0m [0m [0m [0m [38;2;0;0;0;48;2;0;0;0m▀[38;2;16;16;16;48;2;16;16;16m▀[38;2;230;115;131;48;2;230;115;131m▀[38;2;230;115;131;48;2;230;115;131m▀[38;2;230;115;131;48;2;230;115;131m▀[38;2;230;115;131;48;2;230;115;131m▀[38;2;230;115;131;48;2;230;115;131m▀[38;2;230;115;131;48;2;230;115;131m▀[38;2;230;115;131;48;2;230;115;131m▀[38;2;255;172;164;48;2;255;172;164m▀[38;2;255;172;164;48;2;255;172;164m▀[38;2;255;172;164;48;2;255;172;164m▀[38;2;172;65;74;48;2;172;65;74m▀[38;2;16;16;16;48;2;16;16;16m▀[38;2;16;16;16;48;2;16;16;16m▀[38;2;16;16;16;48;2;16;16;16m▀[38;2;16;16;16;48;2;16;16;16m▀[38;2;255;205;197;48;2;255;205;197m▀[38;2;255;205;197;48;2;255;205;197m▀[38;2;255;205;197;48;2;255;205;197m▀[38;2;255;205;197;48;2;255;205;197m▀[38;2;255;205;197;48;2;255;205;197m▀[38;2;255;205;197;48;2;255;205;197m▀[38;2;255;172;164;48;2;255;172;164m▀[38;2;255;172;164;48;2;255;172;164m▀[38;2;255;172;164;48;2;255;172;164m▀[38;2;16;16;16;48;2;16;16;16m▀[38;2;0;0;0;48;2;0;0;0m▀[38;2;0;0;0;48;2;0;0;0m▀[38;2;0;0;0m▀[0m [0m [0m [0m [0m [0m [0m [0m [0m [0m [0m [0m [0m [0m
[0m [0m [0m [0m [0m [0m [0m [0m [0m [0m [38;2;0;0;0;48;2;0;0;0m▀[38;2;16;16;16;48;2;16;16;16m▀[38;2;230;115;131;48;2;230;115;131m▀[38;2;230;115;131;48;2;230;115;131m▀[38;2;230;115;131;48;2;230;115;131m▀[38;2;230;115;131;48;2;230;115;131m▀[38;2;230;115;131;48;2;230;115;131m▀[38;2;230;115;131;48;2;255;172;164m▀[38;2;255;172;164;48;2;255;172;164m▀[38;2;255;172;164;48;2;255;172;164m▀[38;2;255;172;164;48;2;255;172;164m▀[38;2;255;172;164;48;2;255;172;164m▀[38;2;255;172;164;48;2;255;172;164m▀[38;2;255;172;164;48;2;255;172;164m▀[38;2;255;205;197;48;2;255;172;164m▀[38;2;255;205;197;48;2;255;205;197m▀[38;2;255;205;197;48;2;255;205;197m▀[38;2;255;205;197;48;2;255;205;197m▀[38;2;255;205;197;48;2;255;205;197m▀[38;2;255;205;197;48;2;255;205;197m▀[38;2;255;205;197;48;2;255;205;197m▀[38;2;255;205;197;48;2;255;205;197m▀[38;2;255;205;197;48;2;255;205;197m▀[38;2;255;205;197;48;2;255;205;197m▀[38;2;255;205;197;48;2;255;172;164m▀[38;2;255;172;164;48;2;255;172;164m▀[38;2;255;172;164;48;2;255;172;164m▀[38;2;255;172;164;48;2;255;172;164m▀[38;2;16;16;16;48;2;16;16;16m▀[38;2;16;16;16;48;2;16;16;16m▀[38;2;0;0;0;48;2;0;0;0m▀[0m [0m [0m [0m [0m [0m [0m [0m [0m [0m [0m [0m [0m [0m
[0m [0m [0m [0m [0m [0m [0m [0m [0m [0m [38;2;0;0;0;48;2;0;0;0m▀[38;2;16;16;16;48;2;16;16;16m▀[38;2;230;115;131;48;2;230;115;131m▀[38;2;230;115;131;48;2;230;115;131m▀[38;2;230;115;131;48;2;255;172;164m▀[38;2;230;115;131;48;2;255;172;164m▀[38;2;255;172;164;48;2;255;172;164m▀[38;2;255;172;164;48;2;255;172;164m▀[38;2;255;172;164;48;2;255;172;164m▀[38;2;255;172;164;48;2;255;172;164m▀[38;2;255;172;164;48;2;255;172;164m▀[38;2;255;172;164;48;2;255;172;164m▀[38;2;255;172;164;48;2;255;172;164m▀[38;2;255;172;164;48;2;255;172;164m▀[38;2;255;172;164;48;2;255;172;164m▀[38;2;255;172;164;48;2;255;172;164m▀[38;2;255;172;164;48;2;255;172;164m▀[38;2;255;172;164;48;2;255;172;164m▀[38;2;255;205;197;48;2;255;172;164m▀[38;2;255;205;197;48;2;255;172;164m▀[38;2;255;205;197;48;2;255;172;164m▀[38;2;255;205;197;48;2;255;172;164m▀[38;2;255;172;164;48;2;255;172;164m▀[38;2;255;172;164;48;2;255;172;164m▀[38;2;255;172;164;48;2;255;172;164m▀[38;2;255;172;164;48;2;255;172;164m▀[38;2;255;172;164;48;2;255;172;164m▀[38;2;255;172;164;48;2;255;172;164m▀[38;2;255;172;164;48;2;255;172;164m▀[38;2;255;172;164;48;2;255;172;164m▀[38;2;16;16;16;48;2;16;16;16m▀[38;2;0;0;0;48;2;0;0;0m▀[0m [0m [0m [0m [0m [0m [0m [0m [0m [0m [0m [0m [0m
[0m [0m [0m [0m [0m [0m [0m [0m [0m [0m [0m [38;2;0;0;0;48;2;0;0;0m▀[38;2;16;16;16;48;2;16;16;16m▀[38;2;255;172;164;48;2;255;172;164m▀[38;2;255;172;164;48;2;255;172;164m▀[38;2;255;172;164;48;2;255;172;164m▀[38;2;255;172;164;48;2;255;172;164m▀[38;2;255;172;164;48;2;255;172;164m▀[38;2;255;172;164;48;2;255;172;164m▀[38;2;255;172;164;48;2;255;172;164m▀[38;2;255;172;164;48;2;255;172;164m▀[38;2;255;172;164;48;2;255;172;164m▀[38;2;255;172;164;48;2;255;172;164m▀[38;2;255;172;164;48;2;255;172;164m▀[38;2;255;172;164;48;2;255;172;164m▀[38;2;255;172;164;48;2;255;172;164m▀[38;2;255;172;164;48;2;255;172;164m▀[38;2;255;172;164;48;2;255;172;164m▀[38;2;255;172;164;48;2;255;172;164m▀[38;2;255;172;164;48;2;255;172;164m▀[38;2;255;172;164;48;2;255;172;164m▀[38;2;255;172;164;48;2;255;172;164m▀[38;2;255;172;164;48;2;255;172;164m▀[38;2;255;172;164;48;2;255;172;164m▀[38;2;230;115;131;48;2;230;115;131m▀[38;2;255;172;164;48;2;255;172;164m▀[38;2;230;115;131;48;2;230;115;131m▀[38;2;255;172;164;48;2;255;172;164m▀[38;2;255;172;164;48;2;255;172;164m▀[38;2;255;172;164;48;2;255;172;164m▀[38;2;255;172;164;48;2;255;172;164m▀[38;2;16;16;16;48;2;16;16;16m▀[38;2;0;0;0;48;2;0;0;0m▀[0m [0m [0m [0m [0m [0m [0m [0m [0m [0m [0m [0m
[0m [0m [0m [0m [0m [0m [0m [0m [0m [0m [0m [38;2;0;0;0;48;2;0;0;0m▀[38;2;16;16;16;48;2;16;16;16m▀[38;2;255;172;164;48;2;16;16;16m▀[38;2;255;172;164;48;2;255;172;164m▀[38;2;255;172;164;48;2;255;172;164m▀[38;2;255;172;164;48;2;255;172;164m▀[38;2;255;172;164;48;2;255;172;164m▀[38;2;255;172;164;48;2;255;172;164m▀[38;2;255;172;164;48;2;255;172;164m▀[38;2;255;172;164;48;2;255;172;164m▀[38;2;255;172;164;48;2;255;172;164m▀[38;2;255;172;164;48;2;255;172;164m▀[38;2;255;172;164;48;2;255;172;164m▀[38;2;255;172;164;48;2;255;172;164m▀[38;2;255;172;164;48;2;255;172;164m▀[38;2;255;172;164;48;2;230;115;131m▀[38;2;255;172;164;48;2;230;115;131m▀[38;2;255;172;164;48;2;230;115;131m▀[38;2;255;172;164;48;2;16;16;16m▀[38;2;255;172;164;48;2;16;16;16m▀[38;2;255;172;164;48;2;255;172;164m▀[38;2;255;172;164;48;2;255;172;164m▀[38;2;255;172;164;48;2;255;172;164m▀[38;2;255;172;164;48;2;230;115;131m▀[38;2;230;115;131;48;2;255;172;164m▀[38;2;255;172;164;48;2;230;115;131m▀[38;2;230;115;131;48;2;16;180;238m▀[38;2;24;112;192;48;2;16;72;136m▀[38;2;24;112;192;48;2;16;72;136m▀[38;2;24;112;192;48;2;16;72;136m▀[38;2;16;16;16;48;2;24;112;192m▀[38;2;0;0;0;48;2;16;16;16m▀[38;2;0;0;0m▄[0m [0m [0m [0m [0m [0m [0m [0m [0m [0m [0m
[0m [0m [0m [0m [0m [0m [0m [0m [0m [0m [0m [38;2;0;0;0;48;2;0;0;0m▀[38;2;16;16;16;48;2;16;16;16m▀[38;2;230;115;131;48;2;230;115;131m▀[38;2;16;16;16;48;2;230;115;131m▀[38;2;16;16;16;48;2;230;115;131m▀[38;2;255;172;164;48;2;16;16;16m▀[38;2;255;172;164;48;2;255;172;164m▀[38;2;255;172;164;48;2;255;172;164m▀[38;2;255;172;164;48;2;255;172;164m▀[38;2;255;172;164;48;2;16;180;238m▀[38;2;255;172;164;48;2;16;180;238m▀[38;2;16;180;238;48;2;255;172;164m▀[38;2;16;180;238;48;2;255;172;164m▀[38;2;255;172;164;48;2;24;112;192m▀[38;2;230;115;131;48;2;16;16;16m▀[38;2;16;16;16;48;2;0;0;0m▀[38;2;16;16;16;48;2;0;0;0m▀[38;2;16;16;16;48;2;230;115;131m▀[38;2;230;115;131;48;2;230;115;131m▀[38;2;230;115;131;48;2;230;115;131m▀[38;2;16;16;16;48;2;230;115;131m▀[38;2;230;115;131;48;2;16;16;16m▀[38;2;230;115;131;48;2;16;16;16m▀[38;2;230;115;131;48;2;16;16;16m▀[38;2;230;115;131;48;2;230;115;131m▀[38;2;230;115;131;48;2;230;115;131m▀[38;2;16;180;238;48;2;230;115;131m▀[38;2;24;112;192;48;2;16;180;238m▀[38;2;24;112;192;48;2;16;180;238m▀[38;2;230;115;131;48;2;230;115;131m▀[38;2;16;72;136;48;2;16;72;136m▀[38;2;24;112;192;48;2;24;112;192m▀[38;2;16;16;16;48;2;16;16;16m▀[38;2;0;0;0;48;2;0;0;0m▀[38;2;0;0;0m▄[0m [0m [0m [0m [0m [0m [0m [0m [0m
[0m [0m [0m [0m [0m [0m [0m [0m [0m [0m [38;2;0;0;0;48;2;0;0;0m▀[38;2;16;16;16;48;2;16;16;16m▀[38;2;230;115;131;48;2;230;115;131m▀[38;2;230;115;131;48;2;230;115;131m▀[38;2;230;115;131;48;2;230;115;131m▀[38;2;230;115;131;48;2;230;115;131m▀[38;2;230;115;131;48;2;230;115;131m▀[38;2;230;115;131;48;2;230;115;131m▀[38;2;16;16;16;48;2;16;16;16m▀[38;2;255;172;164;48;2;255;172;164m▀[38;2;24;112;192;48;2;24;112;192m▀[38;2;24;112;192;48;2;24;112;192m▀[38;2;255;172;164;48;2;255;172;164m▀[38;2;255;172;164;48;2;255;172;164m▀[38;2;24;112;192;48;2;24;112;192m▀[38;2;16;16;16;48;2;16;16;16m▀[38;2;0;0;0;48;2;0;0;0m▀[0m [38;2;0;0;0;48;2;0;0;0m▀[38;2;16;16;16;48;2;16;16;16m▀[38;2;230;115;131;48;2;230;115;131m▀[38;2;230;115;131;48;2;230;115;131m▀[38;2;230;115;131;48;2;230;115;131m▀[38;2;230;115;131;48;2;230;115;131m▀[38;2;230;115;131;48;2;230;115;131m▀[38;2;16;16;16;48;2;16;16;16m▀[38;2;16;16;16;48;2;16;16;16m▀[38;2;230;115;131;48;2;230;115;131m▀[38;2;230;115;131;48;2;230;115;131m▀[38;2;230;115;131;48;2;230;115;131m▀[38;2;24;112;192;48;2;24;112;192m▀[38;2;24;112;192;48;2;24;112;192m▀[38;2;230;115;131;48;2;230;115;131m▀[38;2;230;115;131;48;2;230;115;131m▀[38;2;16;16;16;48;2;16;16;16m▀[38;2;16;16;16;48;2;16;16;16m▀[38;2;0;0;0;48;2;0;0;0m▀[0m [0m [0m [0m [0m [0m [0m [0m
[0m [0m [0m [0m [0m [0m [0m [0m [0m [0m [38;2;0;0;0;48;2;0;0;0m▀[38;2;16;16;16;48;2;16;16;16m▀[38;2;230;115;131;48;2;230;115;131m▀[38;2;230;115;131;48;2;230;115;131m▀[38;2;230;115;131;48;2;230;115;131m▀[38;2;230;115;131;48;2;230;115;131m▀[38;2;230;115;131;48;2;16;16;16m▀[38;2;16;16;16;48;2;0;0;0m▀[38;2;16;16;16;48;2;16;16;16m▀[38;2;255;172;164;48;2;255;172;164m▀[38;2;24;112;192;48;2;255;172;164m▀[38;2;24;112;192;48;2;255;172;164m▀[38;2;255;172;164;48;2;24;112;192m▀[38;2;255;172;164;48;2;24;112;192m▀[38;2;24;112;192;48;2;255;172;164m▀[38;2;16;16;16;48;2;16;16;16m▀[38;2;0;0;0;48;2;0;0;0m▀[0m [0m [38;2;0;0;0m▀[38;2;16;16;16;48;2;0;0;0m▀[38;2;230;115;131;48;2;16;16;16m▀[38;2;230;115;131;48;2;230;115;131m▀[38;2;230;115;131;48;2;230;115;131m▀[38;2;230;115;131;48;2;230;115;131m▀[38;2;16;16;16;48;2;16;16;16m▀[38;2;0;0;0;48;2;0;0;0m▀[38;2;0;0;0m▀[38;2;16;16;16;48;2;0;0;0m▀[38;2;16;16;16;48;2;0;0;0m▀[38;2;230;115;131;48;2;16;16;16m▀[38;2;230;115;131;48;2;230;115;131m▀[38;2;230;115;131;48;2;230;115;131m▀[38;2;230;115;131;48;2;230;115;131m▀[38;2;16;16;16;48;2;16;16;16m▀[38;2;16;16;16;48;2;16;16;16m▀[38;2;0;0;0;48;2;0;0;0m▀[0m [0m [0m [0m [0m [0m [0m [0m
[0m [0m [0m [0m [0m [0m [0m [0m [0m [0m [38;2;0;0;0;48;2;0;0;0m▀[38;2;16;16;16;48;2;16;16;16m▀[38;2;230;115;131;48;2;230;115;131m▀[38;2;230;115;131;48;2;230;115;131m▀[38;2;230;115;131;48;2;230;115;131m▀[38;2;230;115;131;48;2;230;115;131m▀[38;2;16;16;16;48;2;16;16;16m▀[38;2;0;0;0;48;2;0;0;0m▀[38;2;16;16;16;48;2;16;16;16m▀[38;2;255;172;164;48;2;255;172;164m▀[38;2;255;172;164;48;2;255;172;164m▀[38;2;255;172;164;48;2;255;172;164m▀[38;2;255;172;164;48;2;255;172;164m▀[38;2;255;172;164;48;2;255;172;164m▀[38;2;16;16;16;48;2;16;16;16m▀[38;2;0;0;0;48;2;0;0;0m▀[0m [0m [0m [0m [38;2;0;0;0;48;2;0;0;0m▀[38;2;16;16;16;48;2;16;16;16m▀[38;2;230;115;131;48;2;230;115;131m▀[38;2;230;115;131;48;2;230;115;131m▀[38;2;230;115;131;48;2;230;115;131m▀[38;2;16;16;16;48;2;16;16;16m▀[38;2;0;0;0;48;2;0;0;0m▀[0m [0m [38;2;0;0;0m▀[38;2;16;16;16;48;2;0;0;0m▀[38;2;230;115;131;48;2;16;16;16m▀[38;2;230;115;131;48;2;230;115;131m▀[38;2;230;115;131;48;2;230;115;131m▀[38;2;16;16;16;48;2;230;115;131m▀[38;2;16;16;16;48;2;230;115;131m▀[38;2;0;0;0;48;2;16;16;16m▀[38;2;0;0;0m▄[0m [0m [0m [0m [0m [0m [0m
[0m [0m [0m [0m [0m [0m [0m [0m [0m [38;2;0;0;0;48;2;0;0;0m▀[38;2;16;16;16;48;2;16;16;16m▀[38;2;255;172;164;48;2;255;172;164m▀[38;2;230;115;131;48;2;230;115;131m▀[38;2;230;115;131;48;2;230;115;131m▀[38;2;16;16;16;48;2;16;16;16m▀[38;2;16;16;16;48;2;16;16;16m▀[38;2;0;0;0;48;2;0;0;0m▀[38;2;0;0;0;48;2;0;0;0m▀[38;2;16;16;16;48;2;16;16;16m▀[38;2;255;172;164;48;2;255;172;164m▀[38;2;255;172;164;48;2;255;172;164m▀[38;2;255;172;164;48;2;255;172;164m▀[38;2;255;172;164;48;2;255;172;164m▀[38;2;255;172;164;48;2;255;172;164m▀[38;2;16;16;16;48;2;16;16;16m▀[38;2;0;0;0;48;2;0;0;0m▀[0m [0m [0m [38;2;0;0;0;48;2;0;0;0m▀[38;2;16;16;16;48;2;16;16;16m▀[38;2;16;16;16;48;2;16;16;16m▀[38;2;230;115;131;48;2;230;115;131m▀[38;2;230;115;131;48;2;230;115;131m▀[38;2;230;115;131;48;2;230;115;131m▀[38;2;16;16;16;48;2;16;16;16m▀[38;2;0;0;0;48;2;0;0;0m▀[0m [0m [0m [38;2;0;0;0;48;2;0;0;0m▀[38;2;16;16;16;48;2;16;16;16m▀[38;2;230;115;131;48;2;230;115;131m▀[38;2;230;115;131;48;2;230;115;131m▀[38;2;230;115;131;48;2;230;115;131m▀[38;2;230;115;131;48;2;230;115;131m▀[38;2;16;16;16;48;2;16;16;16m▀[38;2;0;0;0;48;2;0;0;0m▀[0m [0m [0m [0m [0m [0m [0m
[0m [0m [0m [0m [0m [0m [0m [0m [38;2;0;0;0m▄[38;2;0;0;0;48;2;0;0;0m▀[38;2;16;16;16;48;2;16;16;16m▀[38;2;255;172;164;48;2;255;172;164m▀[38;2;255;172;164;48;2;255;172;164m▀[38;2;255;172;164;48;2;16;16;16m▀[38;2;16;16;16;48;2;0;0;0m▀[38;2;16;16;16;48;2;0;0;0m▀[38;2;0;0;0m▀[38;2;0;0;0;48;2;0;0;0m▀[38;2;16;16;16;48;2;16;16;16m▀[38;2;255;172;164;48;2;255;172;164m▀[38;2;255;172;164;48;2;255;172;164m▀[38;2;255;172;164;48;2;255;172;164m▀[38;2;255;172;164;48;2;255;172;164m▀[38;2;16;16;16;48;2;16;16;16m▀[38;2;0;0;0;48;2;0;0;0m▀[0m [0m [0m [38;2;0;0;0;48;2;0;0;0m▀[38;2;16;16;16;48;2;230;115;131m▀[38;2;255;172;164;48;2;255;172;164m▀[38;2;255;172;164;48;2;230;115;131m▀[38;2;230;115;131;48;2;230;115;131m▀[38;2;230;115;131;48;2;230;115;131m▀[38;2;230;115;131;48;2;16;16;16m▀[38;2;0;0;0;48;2;0;0;0m▀[0m [0m [0m [0m [38;2;0;0;0;48;2;0;0;0m▀[38;2;16;16;16;48;2;16;16;16m▀[38;2;230;115;131;48;2;255;172;164m▀[38;2;230;115;131;48;2;255;172;164m▀[38;2;230;115;131;48;2;230;115;131m▀[38;2;230;115;131;48;2;230;115;131m▀[38;2;16;16;16;48;2;16;16;16m▀[38;2;0;0;0;48;2;0;0;0m▀[0m [0m [0m [0m [0m [0m [0m
[0m [0m [0m [0m [0m [0m [0m [38;2;0;0;0;48;2;0;0;0m▀[38;2;16;16;16;48;2;16;16;16m▀[38;2;16;16;16;48;2;16;16;16m▀[38;2;255;205;197;48;2;230;115;131m▀[38;2;255;205;197;48;2;255;205;197m▀[38;2;255;205;197;48;2;230;115;131m▀[38;2;16;16;16;48;2;16;16;16m▀[38;2;0;0;0;48;2;0;0;0m▀[0m [38;2;0;0;0;48;2;0;0;0m▀[38;2;16;16;16;48;2;16;16;16m▀[38;2;255;172;164;48;2;255;172;164m▀[38;2;255;172;164;48;2;255;172;164m▀[38;2;255;172;164;48;2;255;172;164m▀[38;2;255;172;164;48;2;255;172;164m▀[38;2;16;16;16;48;2;16;16;16m▀[38;2;0;0;0;48;2;0;0;0m▀[0m [0m [0m [0m [0m [38;2;0;0;0m▀[38;2;16;16;16;48;2;0;0;0m▀[38;2;16;16;16;48;2;0;0;0m▀[38;2;16;16;16;48;2;0;0;0m▀[38;2;16;16;16;48;2;0;0;0m▀[38;2;0;0;0m▀[0m [0m [0m [0m [38;2;0;0;0;48;2;0;0;0m▀[38;2;16;16;16;48;2;16;16;16m▀[38;2;255;205;197;48;2;255;205;197m▀[38;2;255;205;197;48;2;230;115;131m▀[38;2;255;205;197;48;2;255;172;164m▀[38;2;16;16;16;48;2;16;16;16m▀[38;2;16;16;16;48;2;16;16;16m▀[38;2;0;0;0;48;2;0;0;0m▀[0m [0m [0m [0m [0m [0m [0m [0m
[0m [0m [0m [0m [0m [0m [0m [0m [38;2;0;0;0m▀[38;2;0;0;0;48;2;0;0;0m▀[38;2;16;16;16;48;2;16;16;16m▀[38;2;16;16;16;48;2;16;16;16m▀[38;2;16;16;16;48;2;16;16;16m▀[38;2;0;0;0;48;2;0;0;0m▀[0m [38;2;0;0;0;48;2;0;0;0m▀[38;2;16;16;16;48;2;16;16;16m▀[38;2;255;205;197;48;2;255;205;197m▀[38;2;255;205;197;48;2;255;205;197m▀[38;2;255;205;197;48;2;255;205;197m▀[38;2;16;16;16;48;2;16;16;16m▀[38;2;16;16;16;48;2;16;16;16m▀[38;2;0;0;0;48;2;0;0;0m▀[0m [0m [0m [0m [0m [0m [0m [0m [0m [0m [0m [0m [0m [0m [0m [0m [0m [38;2;0;0;0;48;2;0;0;0m▀[38;2;16;16;16;48;2;16;16;16m▀[38;2;16;16;16;48;2;16;16;16m▀[38;2;16;16;16;48;2;16;16;16m▀[38;2;0;0;0;48;2;0;0;0m▀[38;2;0;0;0m▀[0m [0m [0m [0m [0m [0m [0m [0m [0m
[0m [0m [0m [0m [0m [0m [0m [0m [0m [0m [38;2;0;0;0m▀[38;2;0;0;0m▀[38;2;0;0;0m▀[0m [0m [38;2;0;0;0m▀[38;2;16;16;16;48;2;0;0;0m▀[38;2;255;205;197;48;2;16;16;16m▀[38;2;230;115;131;48;2;16;16;16m▀[38;2;255;205;197;48;2;16;16;16m▀[38;2;16;16;16;48;2;0;0;0m▀[38;2;16;16;16;48;2;0;0;0m▀[38;2;0;0;0m▀[0m [0m [0m [0m [0m [0m [0m [0m [0m [0m [0m [0m [0m [0m [0m [0m [0m [0m [38;2;0;0;0m▀[38;2;0;0;0m▀[38;2;0;0;0m▀[0m [0m [0m [0m [0m [0m [0m [0m [0m [0m [0m
