[0m [0m [0m [0m [0m [38;2;0;0;0m▄[38;2;0;0;0m▄[38;2;0;0;0;48;2;98;156;189m▀[38;2;0;0;0;48;2;98;156;189m▀[38;2;0;0;0;48;2;98;156;189m▀[38;2;0;0;0;48;2;98;156;189m▀[38;2;0;0;0;48;2;65;82;131m▀[38;2;0;0;0;48;2;65;82;131m▀[38;2;0;0;0;48;2;65;82;131m▀[38;2;0;0;0;48;2;65;82;131m▀[38;2;0;0;0;48;2;65;82;131m▀[38;2;0;0;0;48;2;65;82;131m▀[38;2;0;0;0;48;2;24;65;57m▀[38;2;0;0;0;48;2;24;65;57m▀[38;2;0;0;0m▄[0m [0m [0m [0m [0m [0m [0m [0m [0m [0m [0m [0m [0m [0m [0m [0m [0m [0m [0m [0m [38;2;0;0;0m▄[38;2;0;0;0;48;2;24;65;57m▀[38;2;0;0;0;48;2;24;65;57m▀[38;2;24;65;57;48;2;49;148;164m▀[38;2;107;82;41;48;2;49;148;164m▀[38;2;24;65;57;48;2;107;82;41m▀[38;2;24;65;57;48;2;49;148;164m▀[38;2;24;65;57;48;2;49;148;164m▀[38;2;0;0;0;48;2;24;65;57m▀[38;2;0;0;0;48;2;24;65;57m▀[38;2;0;0;0m▄[0m [0m
[0m [0m [0m [0m [38;2;0;0;0;48;2;0;0;0m▀[38;2;107;82;41;48;2;107;82;41m▀[38;2;98;156;189;48;2;98;156;189m▀[38;2;172;230;255;48;2;172;230;255m▀[38;2;107;82;41;48;2;107;82;41m▀[38;2;90;65;26;48;2;90;65;26m▀[38;2;90;65;26;48;2;90;65;26m▀[38;2;90;65;26;48;2;90;65;26m▀[38;2;131;213;246;48;2;131;213;246m▀[38;2;131;213;246;48;2;131;213;246m▀[38;2;131;213;246;48;2;131;213;246m▀[38;2;131;213;246;48;2;131;213;246m▀[38;2;131;213;246;48;2;131;213;246m▀[38;2;65;82;131;48;2;65;82;131m▀[38;2;49;148;164;48;2;49;148;164m▀[38;2;24;65;57;48;2;24;65;57m▀[38;2;0;0;0;48;2;0;0;0m▀[0m [0m [0m [0m [0m [0m [0m [0m [0m [0m [0m [0m [0m [0m [0m [0m [0m [0m [38;2;0;0;0;48;2;0;0;0m▀[38;2;65;82;131;48;2;65;82;131m▀[38;2;24;65;57;48;2;24;65;57m▀[38;2;24;65;57;48;2;24;65;57m▀[38;2;49;148;164;48;2;49;148;164m▀[38;2;49;148;164;48;2;49;148;164m▀[38;2;49;148;164;48;2;49;148;164m▀[38;2;49;148;164;48;2;49;148;164m▀[38;2;24;90;106;48;2;24;90;106m▀[38;2;24;90;106;48;2;24;90;106m▀[38;2;24;90;106;48;2;24;90;106m▀[38;2;24;65;57;48;2;24;65;57m▀[38;2;0;0;0;48;2;0;0;0m▀[0m
[0m [38;2;0;0;0m▄[38;2;0;0;0;48;2;98;156;189m▀[38;2;0;0;0;48;2;98;156;189m▀[38;2;107;82;41;48;2;172;230;255m▀[38;2;246;246;246;48;2;172;230;255m▀[38;2;172;230;255;48;2;107;82;41m▀[38;2;107;82;41;48;2;172;230;255m▀[38;2;172;230;255;48;2;172;230;255m▀[38;2;172;230;255;48;2;107;82;41m▀[38;2;172;230;255;48;2;107;82;41m▀[38;2;90;65;26;48;2;90;65;26m▀[38;2;131;213;246;48;2;131;213;246m▀[38;2;131;213;246;48;2;131;213;246m▀[38;2;131;213;246;48;2;131;213;246m▀[38;2;131;213;246;48;2;131;213;246m▀[38;2;131;213;246;48;2;131;213;246m▀[38;2;131;213;246;48;2;131;213;246m▀[38;2;16;16;16;48;2;131;213;246m▀[38;2;49;148;164;48;2;16;16;16m▀[38;2;24;65;57;48;2;49;148;164m▀[38;2;0;0;0;48;2;24;65;57m▀[38;2;0;0;0m▄[38;2;0;0;0m▄[0m [0m [0m [0m [0m [0m [0m [0m [0m [0m [0m [0m [0m [0m [38;2;0;0;0;48;2;0;0;0m▀[38;2;65;82;131;48;2;90;65;26m▀[38;2;24;65;57;48;2;24;65;57m▀[38;2;49;148;164;48;2;49;148;164m▀[38;2;49;148;164;48;2;49;148;164m▀[38;2;49;148;164;48;2;49;148;164m▀[38;2;49;148;164;48;2;24;90;106m▀[38;2;24;90;106;48;2;24;90;106m▀[38;2;24;90;106;48;2;24;90;106m▀[38;2;24;90;106;48;2;24;65;57m▀[38;2;24;90;106;48;2;24;65;57m▀[38;2;24;90;106;48;2;24;65;57m▀[38;2;16;16;16;48;2;24;90;106m▀[38;2;0;0;0;48;2;24;65;57m▀[0m
[38;2;0;0;0;48;2;0;0;0m▀[38;2;98;156;189;48;2;98;156;189m▀[38;2;131;213;246;48;2;131;213;246m▀[38;2;131;213;246;48;2;131;213;246m▀[38;2;131;213;246;48;2;16;16;16m▀[38;2;172;230;255;48;2;131;213;246m▀[38;2;107;82;41;48;2;90;65;26m▀[38;2;172;230;255;48;2;90;65;26m▀[38;2;107;82;41;48;2;90;65;26m▀[38;2;90;65;26;48;2;131;213;246m▀[38;2;90;65;26;48;2;131;213;246m▀[38;2;131;213;246;48;2;131;213;246m▀[38;2;131;213;246;48;2;131;213;246m▀[38;2;131;213;246;48;2;131;213;246m▀[38;2;131;213;246;48;2;131;213;246m▀[38;2;131;213;246;48;2;131;213;246m▀[38;2;131;213;246;48;2;131;213;246m▀[38;2;131;213;246;48;2;131;213;246m▀[38;2;131;213;246;48;2;131;213;246m▀[38;2;65;82;131;48;2;131;213;246m▀[38;2;24;90;106;48;2;16;16;16m▀[38;2;49;148;164;48;2;49;148;164m▀[38;2;24;65;57;48;2;24;65;57m▀[38;2;24;65;57;48;2;24;65;57m▀[38;2;0;0;0;48;2;0;0;0m▀[0m [0m [0m [0m [0m [0m [0m [0m [0m [0m [0m [38;2;0;0;0m▄[38;2;0;0;0;48;2;90;65;26m▀[38;2;90;65;26;48;2;107;82;41m▀[38;2;107;82;41;48;2;90;65;26m▀[38;2;90;65;26;48;2;107;82;41m▀[38;2;49;148;164;48;2;107;82;41m▀[38;2;49;148;164;48;2;107;82;41m▀[38;2;24;90;106;48;2;24;90;106m▀[38;2;24;90;106;48;2;24;65;57m▀[38;2;24;65;57;48;2;131;213;246m▀[38;2;131;213;246;48;2;131;213;246m▀[38;2;131;213;246;48;2;131;213;246m▀[38;2;24;65;57;48;2;98;156;189m▀[38;2;24;65;57;48;2;98;156;189m▀[38;2;24;65;57;48;2;24;65;57m▀[38;2;24;65;57;48;2;16;16;16m▀[0m
[38;2;65;82;131;48;2;65;82;131m▀[38;2;131;213;246;48;2;131;213;246m▀[38;2;131;213;246;48;2;131;213;246m▀[38;2;131;213;246;48;2;131;213;246m▀[38;2;131;213;246;48;2;131;213;246m▀[38;2;131;213;246;48;2;131;213;246m▀[38;2;131;213;246;48;2;131;213;246m▀[38;2;131;213;246;48;2;131;213;246m▀[38;2;131;213;246;48;2;131;213;246m▀[38;2;107;82;41;48;2;107;82;41m▀[38;2;107;82;41;48;2;107;82;41m▀[38;2;131;213;246;48;2;131;213;246m▀[38;2;131;213;246;48;2;131;213;246m▀[38;2;16;16;16;48;2;16;16;16m▀[38;2;131;213;246;48;2;131;213;246m▀[38;2;131;213;246;48;2;131;213;246m▀[38;2;131;213;246;48;2;131;213;246m▀[38;2;131;213;246;48;2;131;213;246m▀[38;2;131;213;246;48;2;131;213;246m▀[38;2;131;213;246;48;2;131;213;246m▀[38;2;16;16;16;48;2;16;16;16m▀[38;2;49;148;164;48;2;49;148;164m▀[38;2;24;65;57;48;2;24;65;57m▀[38;2;24;65;57;48;2;24;65;57m▀[38;2;0;0;0;48;2;0;0;0m▀[0m [0m [0m [0m [0m [0m [0m [0m [0m [0m [38;2;0;0;0m▄[38;2;0;0;0;48;2;0;0;0m▀[38;2;65;82;131;48;2;65;82;131m▀[38;2;90;65;26;48;2;90;65;26m▀[38;2;107;82;41;48;2;107;82;41m▀[38;2;107;82;41;48;2;107;82;41m▀[38;2;90;65;26;48;2;90;65;26m▀[38;2;90;65;26;48;2;90;65;26m▀[38;2;90;65;26;48;2;90;65;26m▀[38;2;90;65;26;48;2;90;65;26m▀[38;2;131;213;246;48;2;131;213;246m▀[38;2;131;213;246;48;2;131;213;246m▀[38;2;98;156;189;48;2;98;156;189m▀[38;2;98;156;189;48;2;98;156;189m▀[38;2;98;156;189;48;2;98;156;189m▀[38;2;98;156;189;48;2;98;156;189m▀[38;2;16;16;16;48;2;16;16;16m▀[0m
[38;2;65;82;131;48;2;65;82;131m▀[38;2;131;213;246;48;2;98;156;189m▀[38;2;131;213;246;48;2;131;213;246m▀[38;2;131;213;246;48;2;131;213;246m▀[38;2;131;213;246;48;2;131;213;246m▀[38;2;131;213;246;48;2;131;213;246m▀[38;2;131;213;246;48;2;98;156;189m▀[38;2;131;213;246;48;2;131;213;246m▀[38;2;131;213;246;48;2;131;213;246m▀[38;2;131;213;246;48;2;65;82;131m▀[38;2;131;213;246;48;2;65;82;131m▀[38;2;131;213;246;48;2;131;213;246m▀[38;2;131;213;246;48;2;131;213;246m▀[38;2;131;213;246;48;2;131;213;246m▀[38;2;131;213;246;48;2;131;213;246m▀[38;2;131;213;246;48;2;131;213;246m▀[38;2;131;213;246;48;2;131;213;246m▀[38;2;131;213;246;48;2;131;213;246m▀[38;2;131;213;246;48;2;131;213;246m▀[38;2;131;213;246;48;2;98;156;189m▀[38;2;65;82;131;48;2;65;82;131m▀[38;2;24;90;106;48;2;24;65;57m▀[38;2;24;65;57;48;2;49;148;164m▀[38;2;24;65;57;48;2;49;148;164m▀[38;2;0;0;0;48;2;24;65;57m▀[38;2;0;0;0m▄[0m [0m [0m [0m [0m [0m [0m [0m [38;2;0;0;0;48;2;0;0;0m▀[38;2;65;82;131;48;2;65;82;131m▀[38;2;65;82;131;48;2;65;82;131m▀[38;2;131;213;246;48;2;131;213;246m▀[38;2;131;213;246;48;2;24;65;57m▀[38;2;107;82;41;48;2;49;148;164m▀[38;2;90;65;26;48;2;24;90;106m▀[38;2;90;65;26;48;2;90;65;26m▀[38;2;90;65;26;48;2;90;65;26m▀[38;2;90;65;26;48;2;107;82;41m▀[38;2;107;82;41;48;2;107;82;41m▀[38;2;107;82;41;48;2;107;82;41m▀[38;2;131;213;246;48;2;90;65;26m▀[38;2;98;156;189;48;2;98;156;189m▀[38;2;98;156;189;48;2;98;156;189m▀[38;2;98;156;189;48;2;98;156;189m▀[38;2;98;156;189;48;2;98;156;189m▀[38;2;16;16;16;48;2;16;16;16m▀[0m
[38;2;65;82;131;48;2;65;82;131m▀[38;2;65;82;131;48;2;98;156;189m▀[38;2;98;156;189;48;2;65;82;131m▀[38;2;98;156;189;48;2;65;82;131m▀[38;2;131;213;246;48;2;65;82;131m▀[38;2;131;213;246;48;2;65;82;131m▀[38;2;131;213;246;48;2;98;156;189m▀[38;2;131;213;246;48;2;131;213;246m▀[38;2;131;213;246;48;2;131;213;246m▀[38;2;131;213;246;48;2;131;213;246m▀[38;2;131;213;246;48;2;131;213;246m▀[38;2;131;213;246;48;2;131;213;246m▀[38;2;131;213;246;48;2;131;213;246m▀[38;2;131;213;246;48;2;98;156;189m▀[38;2;131;213;246;48;2;65;82;131m▀[38;2;131;213;246;48;2;65;82;131m▀[38;2;131;213;246;48;2;65;82;131m▀[38;2;65;82;131;48;2;98;156;189m▀[38;2;98;156;189;48;2;98;156;189m▀[38;2;98;156;189;48;2;24;65;57m▀[38;2;65;82;131;48;2;24;90;106m▀[38;2;24;90;106;48;2;49;148;164m▀[38;2;49;148;164;48;2;49;148;164m▀[38;2;49;148;164;48;2;49;148;164m▀[38;2;24;65;57;48;2;24;65;57m▀[38;2;0;0;0;48;2;0;0;0m▀[38;2;0;0;0m▄[38;2;0;0;0m▄[0m [0m [0m [0m [0m [38;2;0;0;0m▄[38;2;0;0;0;48;2;65;82;131m▀[38;2;65;82;131;48;2;131;213;246m▀[38;2;65;82;131;48;2;131;213;246m▀[38;2;131;213;246;48;2;131;213;246m▀[38;2;24;65;57;48;2;24;65;57m▀[38;2;24;90;106;48;2;49;148;164m▀[38;2;24;65;57;48;2;24;65;57m▀[38;2;131;213;246;48;2;131;213;246m▀[38;2;131;213;246;48;2;131;213;246m▀[38;2;131;213;246;48;2;131;213;246m▀[38;2;90;65;26;48;2;131;213;246m▀[38;2;107;82;41;48;2;90;65;26m▀[38;2;107;82;41;48;2;107;82;41m▀[38;2;107;82;41;48;2;107;82;41m▀[38;2;98;156;189;48;2;90;65;26m▀[38;2;98;156;189;48;2;90;65;26m▀[38;2;65;82;131;48;2;16;16;16m▀[38;2;0;0;0;48;2;0;0;0m▀[0m
[38;2;65;82;131;48;2;0;0;0m▀[38;2;98;156;189;48;2;65;82;131m▀[38;2;98;156;189;48;2;98;156;189m▀[38;2;98;156;189;48;2;98;156;189m▀[38;2;98;156;189;48;2;98;156;189m▀[38;2;98;156;189;48;2;98;156;189m▀[38;2;16;16;16;48;2;98;156;189m▀[38;2;16;16;16;48;2;98;156;189m▀[38;2;16;16;16;48;2;98;156;189m▀[38;2;16;16;16;48;2;98;156;189m▀[38;2;16;16;16;48;2;98;156;189m▀[38;2;16;16;16;48;2;98;156;189m▀[38;2;16;16;16;48;2;98;156;189m▀[38;2;65;82;131;48;2;98;156;189m▀[38;2;98;156;189;48;2;98;156;189m▀[38;2;98;156;189;48;2;98;156;189m▀[38;2;98;156;189;48;2;98;156;189m▀[38;2;98;156;189;48;2;98;156;189m▀[38;2;98;123;164;48;2;65;82;131m▀[38;2;16;16;16;48;2;16;16;16m▀[38;2;24;90;106;48;2;24;90;106m▀[38;2;49;148;164;48;2;24;90;106m▀[38;2;49;148;164;48;2;24;65;57m▀[38;2;49;148;164;48;2;24;65;57m▀[38;2;24;65;57;48;2;49;148;164m▀[38;2;24;65;57;48;2;49;148;164m▀[38;2;24;65;57;48;2;49;148;164m▀[38;2;24;65;57;48;2;49;148;164m▀[38;2;0;0;0;48;2;24;65;57m▀[38;2;0;0;0;48;2;24;65;57m▀[38;2;0;0;0m▄[38;2;0;0;0;48;2;24;65;57m▀[38;2;0;0;0;48;2;24;65;57m▀[38;2;0;0;0;48;2;24;65;57m▀[38;2;65;82;131;48;2;65;82;131m▀[38;2;131;213;246;48;2;98;156;189m▀[38;2;131;213;246;48;2;98;156;189m▀[38;2;24;65;57;48;2;24;65;57m▀[38;2;49;148;164;48;2;49;148;164m▀[38;2;24;90;106;48;2;24;90;106m▀[38;2;131;213;246;48;2;131;213;246m▀[38;2;131;213;246;48;2;131;213;246m▀[38;2;131;213;246;48;2;131;213;246m▀[38;2;131;213;246;48;2;131;213;246m▀[38;2;98;156;189;48;2;98;156;189m▀[38;2;98;156;189;48;2;90;65;26m▀[38;2;90;65;26;48;2;98;156;189m▀[38;2;90;65;26;48;2;90;65;26m▀[38;2;90;65;26;48;2;90;65;26m▀[38;2;90;65;26;48;2;90;65;26m▀[38;2;90;65;26;48;2;0;0;0m▀[38;2;0;0;0m▀[0m
[38;2;0;0;0m▀[38;2;65;82;131;48;2;0;0;0m▀[38;2;98;156;189;48;2;65;82;131m▀[38;2;98;156;189;48;2;65;82;131m▀[38;2;98;156;189;48;2;98;156;189m▀[38;2;98;156;189;48;2;98;156;189m▀[38;2;98;156;189;48;2;98;156;189m▀[38;2;98;156;189;48;2;98;156;189m▀[38;2;98;156;189;48;2;98;156;189m▀[38;2;98;156;189;48;2;98;156;189m▀[38;2;98;156;189;48;2;98;156;189m▀[38;2;98;156;189;48;2;98;156;189m▀[38;2;98;156;189;48;2;98;156;189m▀[38;2;98;156;189;48;2;98;156;189m▀[38;2;98;156;189;48;2;98;156;189m▀[38;2;98;156;189;48;2;98;156;189m▀[38;2;98;156;189;48;2;98;156;189m▀[38;2;98;156;189;48;2;98;123;164m▀[38;2;65;82;131;48;2;106;90;139m▀[38;2;16;16;16;48;2;16;16;16m▀[38;2;24;90;106;48;2;24;90;106m▀[38;2;24;90;106;48;2;24;65;57m▀[38;2;24;65;57;48;2;24;90;106m▀[38;2;24;65;57;48;2;24;90;106m▀[38;2;49;148;164;48;2;49;148;164m▀[38;2;49;148;164;48;2;49;148;164m▀[38;2;49;148;164;48;2;49;148;164m▀[38;2;49;148;164;48;2;49;148;164m▀[38;2;24;65;57;48;2;24;65;57m▀[38;2;24;65;57;48;2;24;65;57m▀[38;2;0;0;0;48;2;24;65;57m▀[38;2;24;65;57;48;2;49;148;164m▀[38;2;24;65;57;48;2;49;148;164m▀[38;2;24;65;57;48;2;49;148;164m▀[38;2;65;82;131;48;2;24;65;57m▀[38;2;98;156;189;48;2;98;156;189m▀[38;2;98;156;189;48;2;98;156;189m▀[38;2;24;65;57;48;2;24;65;57m▀[38;2;49;148;164;48;2;24;90;106m▀[38;2;24;90;106;48;2;24;65;57m▀[38;2;131;213;246;48;2;131;213;246m▀[38;2;131;213;246;48;2;131;213;246m▀[38;2;131;213;246;48;2;131;213;246m▀[38;2;131;213;246;48;2;98;156;189m▀[38;2;98;156;189;48;2;98;156;189m▀[38;2;90;65;26;48;2;98;156;189m▀[38;2;98;156;189;48;2;98;156;189m▀[38;2;90;65;26;48;2;16;16;16m▀[38;2;90;65;26;48;2;0;0;0m▀[38;2;90;65;26;48;2;0;0;0m▀[38;2;0;0;0m▀[0m [0m
[0m [0m [38;2;0;0;0m▀[38;2;0;0;0m▀[38;2;16;16;16;48;2;0;0;0m▀[38;2;16;16;16;48;2;0;0;0m▀[38;2;98;156;189;48;2;16;16;16m▀[38;2;98;156;189;48;2;16;16;16m▀[38;2;98;156;189;48;2;16;16;16m▀[38;2;98;156;189;48;2;16;16;16m▀[38;2;98;156;189;48;2;16;16;16m▀[38;2;98;156;189;48;2;98;156;189m▀[38;2;98;156;189;48;2;98;156;189m▀[38;2;98;156;189;48;2;98;156;189m▀[38;2;98;156;189;48;2;98;156;189m▀[38;2;98;156;189;48;2;98;156;189m▀[38;2;98;156;189;48;2;98;156;189m▀[38;2;106;90;139;48;2;98;123;164m▀[38;2;106;90;139;48;2;106;90;139m▀[38;2;106;90;139;48;2;106;90;139m▀[38;2;24;65;57;48;2;106;90;139m▀[38;2;16;16;16;48;2;106;90;139m▀[38;2;24;90;106;48;2;16;16;16m▀[38;2;24;90;106;48;2;16;16;16m▀[38;2;24;90;106;48;2;24;90;106m▀[38;2;49;148;164;48;2;24;90;106m▀[38;2;49;148;164;48;2;24;90;106m▀[38;2;24;65;57;48;2;24;65;57m▀[38;2;49;148;164;48;2;24;90;106m▀[38;2;49;148;164;48;2;24;90;106m▀[38;2;24;90;106;48;2;24;65;57m▀[38;2;24;90;106;48;2;16;16;16m▀[38;2;24;90;106;48;2;16;16;16m▀[38;2;49;148;164;48;2;24;90;106m▀[38;2;49;148;164;48;2;24;90;106m▀[38;2;24;65;57;48;2;24;65;57m▀[38;2;24;65;57;48;2;24;65;57m▀[38;2;24;90;106;48;2;24;65;57m▀[38;2;24;65;57;48;2;98;156;189m▀[38;2;131;213;246;48;2;98;156;189m▀[38;2;131;213;246;48;2;98;156;189m▀[38;2;98;156;189;48;2;98;156;189m▀[38;2;98;156;189;48;2;98;156;189m▀[38;2;98;156;189;48;2;98;156;189m▀[38;2;98;156;189;48;2;65;82;131m▀[38;2;65;82;131;48;2;16;16;16m▀[38;2;16;16;16;48;2;0;0;0m▀[38;2;0;0;0m▀[0m [0m [0m [0m [0m
[0m [0m [0m [0m [0m [0m [38;2;0;0;0m▀[38;2;0;0;0m▀[38;2;0;0;0m▀[38;2;0;0;0m▀[38;2;0;0;0;48;2;0;0;0m▀[38;2;16;16;16;48;2;65;82;131m▀[38;2;98;156;189;48;2;98;156;189m▀[38;2;98;156;189;48;2;98;156;189m▀[38;2;98;156;189;48;2;98;156;189m▀[38;2;98;156;189;48;2;98;156;189m▀[38;2;98;156;189;48;2;98;156;189m▀[38;2;98;156;189;48;2;98;156;189m▀[38;2;106;90;139;48;2;98;123;164m▀[38;2;106;90;139;48;2;106;90;139m▀[38;2;106;90;139;48;2;106;90;139m▀[38;2;106;90;139;48;2;106;90;139m▀[38;2;106;90;139;48;2;106;90;139m▀[38;2;106;90;139;48;2;106;90;139m▀[38;2;24;65;57;48;2;106;90;139m▀[38;2;16;16;16;48;2;106;90;139m▀[38;2;16;16;16;48;2;106;90;139m▀[38;2;16;16;16;48;2;106;90;139m▀[38;2;16;16;16;48;2;106;90;139m▀[38;2;16;16;16;48;2;106;90;139m▀[38;2;106;90;139;48;2;106;90;139m▀[38;2;106;90;139;48;2;106;90;139m▀[38;2;106;90;139;48;2;106;90;139m▀[38;2;16;16;16;48;2;106;90;139m▀[38;2;16;16;16;48;2;106;90;139m▀[38;2;24;65;57;48;2;16;16;16m▀[38;2;24;65;57;48;2;16;16;16m▀[38;2;98;156;189;48;2;98;156;189m▀[38;2;98;156;189;48;2;98;156;189m▀[38;2;98;156;189;48;2;98;156;189m▀[38;2;98;156;189;48;2;16;16;16m▀[38;2;98;156;189;48;2;16;16;16m▀[38;2;98;156;189;48;2;16;16;16m▀[38;2;65;82;131;48;2;0;0;0m▀[38;2;16;16;16;48;2;0;0;0m▀[38;2;0;0;0m▀[0m [0m [0m [0m [0m [0m [0m
[0m [0m [0m [0m [0m [0m [0m [0m [38;2;0;0;0m▄[38;2;0;0;0;48;2;65;82;131m▀[38;2;0;0;0;48;2;65;82;131m▀[38;2;65;82;131;48;2;131;213;246m▀[38;2;98;156;189;48;2;131;213;246m▀[38;2;98;156;189;48;2;98;156;189m▀[38;2;98;156;189;48;2;98;156;189m▀[38;2;98;156;189;48;2;98;156;189m▀[38;2;98;156;189;48;2;98;156;189m▀[38;2;98;156;189;48;2;131;213;246m▀[38;2;98;123;164;48;2;131;213;246m▀[38;2;106;90;139;48;2;106;90;139m▀[38;2;106;90;139;48;2;106;90;139m▀[38;2;106;90;139;48;2;106;90;139m▀[38;2;106;90;139;48;2;106;90;139m▀[38;2;106;90;139;48;2;106;90;139m▀[38;2;106;90;139;48;2;106;90;139m▀[38;2;106;90;139;48;2;106;90;139m▀[38;2;106;90;139;48;2;106;90;139m▀[38;2;106;90;139;48;2;106;90;139m▀[38;2;106;90;139;48;2;98;123;164m▀[38;2;106;90;139;48;2;98;123;164m▀[38;2;106;90;139;48;2;106;90;139m▀[38;2;106;90;139;48;2;106;90;139m▀[38;2;106;90;139;48;2;106;90;139m▀[38;2;106;90;139;48;2;106;90;139m▀[38;2;106;90;139;48;2;106;90;139m▀[38;2;16;16;16;48;2;106;90;139m▀[38;2;16;16;16;48;2;106;90;139m▀[38;2;98;156;189;48;2;16;16;16m▀[38;2;98;156;189;48;2;16;16;16m▀[38;2;98;156;189;48;2;65;82;131m▀[38;2;16;16;16;48;2;0;0;0m▀[38;2;16;16;16;48;2;0;0;0m▀[38;2;16;16;16;48;2;0;0;0m▀[38;2;0;0;0m▀[0m [0m [0m [0m [0m [0m [0m [0m [0m
[0m [0m [0m [0m [0m [0m [0m [0m [38;2;0;0;0;48;2;0;0;0m▀[38;2;65;82;131;48;2;65;82;131m▀[38;2;65;82;131;48;2;65;82;131m▀[38;2;131;213;246;48;2;131;213;246m▀[38;2;131;213;246;48;2;131;213;246m▀[38;2;131;213;246;48;2;131;213;246m▀[38;2;131;213;246;48;2;131;213;246m▀[38;2;131;213;246;48;2;131;213;246m▀[38;2;131;213;246;48;2;131;213;246m▀[38;2;131;213;246;48;2;131;213;246m▀[38;2;131;213;246;48;2;131;213;246m▀[38;2;131;213;246;48;2;131;213;246m▀[38;2;106;90;139;48;2;131;213;246m▀[38;2;106;90;139;48;2;131;213;246m▀[38;2;106;90;139;48;2;98;123;164m▀[38;2;106;90;139;48;2;98;123;164m▀[38;2;106;90;139;48;2;98;123;164m▀[38;2;106;90;139;48;2;131;213;246m▀[38;2;98;123;164;48;2;131;213;246m▀[38;2;131;213;246;48;2;131;213;246m▀[38;2;131;213;246;48;2;131;213;246m▀[38;2;131;213;246;48;2;131;213;246m▀[38;2;131;213;246;48;2;131;213;246m▀[38;2;98;123;164;48;2;131;213;246m▀[38;2;106;90;139;48;2;131;213;246m▀[38;2;106;90;139;48;2;131;213;246m▀[38;2;98;123;164;48;2;98;156;189m▀[38;2;98;156;189;48;2;98;156;189m▀[38;2;98;156;189;48;2;98;156;189m▀[38;2;98;156;189;48;2;98;156;189m▀[38;2;16;16;16;48;2;16;16;16m▀[38;2;0;0;0;48;2;0;0;0m▀[0m [0m [0m [0m [0m [0m [0m [0m [0m [0m [0m [0m [0m
[0m [0m [0m [0m [0m [0m [0m [0m [38;2;0;0;0;48;2;0;0;0m▀[38;2;16;16;16;48;2;16;16;16m▀[38;2;16;16;16;48;2;16;16;16m▀[38;2;131;213;246;48;2;131;213;246m▀[38;2;131;213;246;48;2;131;213;246m▀[38;2;131;213;246;48;2;131;213;246m▀[38;2;131;213;246;48;2;131;213;246m▀[38;2;131;213;246;48;2;131;213;246m▀[38;2;131;213;246;48;2;131;213;246m▀[38;2;131;213;246;48;2;131;213;246m▀[38;2;131;213;246;48;2;131;213;246m▀[38;2;131;213;246;48;2;131;213;246m▀[38;2;131;213;246;48;2;131;213;246m▀[38;2;131;213;246;48;2;131;213;246m▀[38;2;131;213;246;48;2;131;213;246m▀[38;2;131;213;246;48;2;131;213;246m▀[38;2;131;213;246;48;2;131;213;246m▀[38;2;131;213;246;48;2;131;213;246m▀[38;2;131;213;246;48;2;131;213;246m▀[38;2;131;213;246;48;2;131;213;246m▀[38;2;131;213;246;48;2;131;213;246m▀[38;2;131;213;246;48;2;131;213;246m▀[38;2;131;213;246;48;2;131;213;246m▀[38;2;131;213;246;48;2;131;213;246m▀[38;2;131;213;246;48;2;131;213;246m▀[38;2;131;213;246;48;2;131;213;246m▀[38;2;131;213;246;48;2;131;213;246m▀[38;2;131;213;246;48;2;131;213;246m▀[38;2;131;213;246;48;2;131;213;246m▀[38;2;98;156;189;48;2;131;213;246m▀[38;2;16;16;16;48;2;98;156;189m▀[38;2;0;0;0;48;2;16;16;16m▀[38;2;0;0;0m▄[0m [0m [0m [0m [0m [0m [0m [0m [0m [0m [0m [0m
[0m [0m [0m [0m [0m [0m [0m [0m [38;2;0;0;0m▀[38;2;16;16;16;48;2;0;0;0m▀[38;2;16;16;16;48;2;0;0;0m▀[38;2;131;213;246;48;2;16;16;16m▀[38;2;131;213;246;48;2;131;213;246m▀[38;2;131;213;246;48;2;131;213;246m▀[38;2;131;213;246;48;2;131;213;246m▀[38;2;131;213;246;48;2;131;213;246m▀[38;2;131;213;246;48;2;131;213;246m▀[38;2;131;213;246;48;2;131;213;246m▀[38;2;131;213;246;48;2;90;65;26m▀[38;2;131;213;246;48;2;90;65;26m▀[38;2;131;213;246;48;2;131;213;246m▀[38;2;131;213;246;48;2;131;213;246m▀[38;2;131;213;246;48;2;131;213;246m▀[38;2;131;213;246;48;2;131;213;246m▀[38;2;131;213;246;48;2;131;213;246m▀[38;2;131;213;246;48;2;131;213;246m▀[38;2;131;213;246;48;2;131;213;246m▀[38;2;131;213;246;48;2;131;213;246m▀[38;2;131;213;246;48;2;98;156;189m▀[38;2;131;213;246;48;2;98;156;189m▀[38;2;131;213;246;48;2;98;156;189m▀[38;2;131;213;246;48;2;16;16;16m▀[38;2;131;213;246;48;2;131;213;246m▀[38;2;131;213;246;48;2;131;213;246m▀[38;2;131;213;246;48;2;131;213;246m▀[38;2;131;213;246;48;2;131;213;246m▀[38;2;131;213;246;48;2;131;213;246m▀[38;2;131;213;246;48;2;131;213;246m▀[38;2;98;156;189;48;2;98;156;189m▀[38;2;16;16;16;48;2;16;16;16m▀[38;2;0;0;0;48;2;0;0;0m▀[0m [0m [0m [0m [0m [0m [0m [0m [0m [0m [0m [0m
[0m [0m [0m [0m [0m [0m [0m [0m [0m [0m [38;2;0;0;0;48;2;0;0;0m▀[38;2;16;16;16;48;2;65;82;131m▀[38;2;98;156;189;48;2;98;156;189m▀[38;2;98;156;189;48;2;98;156;189m▀[38;2;131;213;246;48;2;98;156;189m▀[38;2;131;213;246;48;2;98;156;189m▀[38;2;131;213;246;48;2;98;156;189m▀[38;2;107;82;41;48;2;90;65;26m▀[38;2;90;65;26;48;2;131;213;246m▀[38;2;131;213;246;48;2;131;213;246m▀[38;2;90;65;26;48;2;90;65;26m▀[38;2;131;213;246;48;2;16;16;16m▀[38;2;16;16;16;48;2;98;156;189m▀[38;2;16;16;16;48;2;98;156;189m▀[38;2;98;156;189;48;2;98;156;189m▀[38;2;98;156;189;48;2;98;156;189m▀[38;2;98;156;189;48;2;98;156;189m▀[38;2;98;156;189;48;2;98;156;189m▀[38;2;98;156;189;48;2;98;156;189m▀[38;2;98;156;189;48;2;98;156;189m▀[38;2;98;156;189;48;2;16;16;16m▀[38;2;65;82;131;48;2;65;82;131m▀[38;2;131;213;246;48;2;98;156;189m▀[38;2;131;213;246;48;2;131;213;246m▀[38;2;131;213;246;48;2;107;82;41m▀[38;2;90;65;26;48;2;107;82;41m▀[38;2;90;65;26;48;2;107;82;41m▀[38;2;90;65;26;48;2;90;65;26m▀[38;2;98;156;189;48;2;90;65;26m▀[38;2;98;156;189;48;2;98;156;189m▀[38;2;16;16;16;48;2;98;156;189m▀[38;2;0;0;0;48;2;16;16;16m▀[38;2;0;0;0;48;2;16;16;16m▀[38;2;0;0;0m▄[0m [0m [0m [0m [0m [0m [0m [0m [0m
[0m [0m [0m [0m [0m [0m [0m [0m [38;2;0;0;0m▄[38;2;0;0;0;48;2;16;16;16m▀[38;2;0;0;0;48;2;16;16;16m▀[38;2;65;82;131;48;2;98;156;189m▀[38;2;98;156;189;48;2;98;156;189m▀[38;2;98;156;189;48;2;98;156;189m▀[38;2;16;16;16;48;2;98;156;189m▀[38;2;98;156;189;48;2;16;16;16m▀[38;2;98;156;189;48;2;16;16;16m▀[38;2;90;65;26;48;2;98;156;189m▀[38;2;131;213;246;48;2;107;82;41m▀[38;2;90;65;26;48;2;90;65;26m▀[38;2;107;82;41;48;2;131;213;246m▀[38;2;16;16;16;48;2;131;213;246m▀[38;2;16;16;16;48;2;16;16;16m▀[38;2;16;16;16;48;2;16;16;16m▀[38;2;16;16;16;48;2;0;0;0m▀[38;2;16;16;16;48;2;0;0;0m▀[38;2;16;16;16;48;2;0;0;0m▀[38;2;16;16;16;48;2;65;82;131m▀[38;2;16;16;16;48;2;98;156;189m▀[38;2;16;16;16;48;2;98;156;189m▀[38;2;98;156;189;48;2;98;156;189m▀[38;2;98;156;189;48;2;98;156;189m▀[38;2;65;82;131;48;2;65;82;131m▀[38;2;131;213;246;48;2;98;156;189m▀[38;2;107;82;41;48;2;131;213;246m▀[38;2;90;65;26;48;2;107;82;41m▀[38;2;90;65;26;48;2;107;82;41m▀[38;2;131;213;246;48;2;131;213;246m▀[38;2;90;65;26;48;2;90;65;26m▀[38;2;90;65;26;48;2;107;82;41m▀[38;2;98;156;189;48;2;98;156;189m▀[38;2;16;16;16;48;2;98;156;189m▀[38;2;16;16;16;48;2;98;156;189m▀[38;2;0;0;0;48;2;16;16;16m▀[38;2;0;0;0m▄[0m [0m [0m [0m [0m [0m [0m [0m
[0m [0m [0m [0m [0m [0m [0m [0m [38;2;0;0;0;48;2;0;0;0m▀[38;2;16;16;16;48;2;16;16;16m▀[38;2;16;16;16;48;2;16;16;16m▀[38;2;98;156;189;48;2;98;156;189m▀[38;2;98;156;189;48;2;98;156;189m▀[38;2;98;156;189;48;2;98;156;189m▀[38;2;98;156;189;48;2;98;156;189m▀[38;2;16;16;16;48;2;16;16;16m▀[38;2;16;16;16;48;2;16;16;16m▀[38;2;98;156;189;48;2;98;156;189m▀[38;2;107;82;41;48;2;131;213;246m▀[38;2;90;65;26;48;2;131;213;246m▀[38;2;131;213;246;48;2;90;65;26m▀[38;2;131;213;246;48;2;131;213;246m▀[38;2;16;16;16;48;2;16;16;16m▀[38;2;16;16;16;48;2;16;16;16m▀[38;2;0;0;0;48;2;0;0;0m▀[0m [38;2;0;0;0m▀[38;2;65;82;131;48;2;0;0;0m▀[38;2;98;156;189;48;2;65;82;131m▀[38;2;98;156;189;48;2;65;82;131m▀[38;2;98;156;189;48;2;98;156;189m▀[38;2;98;156;189;48;2;98;156;189m▀[38;2;65;82;131;48;2;98;156;189m▀[38;2;98;156;189;48;2;65;82;131m▀[38;2;131;213;246;48;2;98;156;189m▀[38;2;107;82;41;48;2;98;156;189m▀[38;2;107;82;41;48;2;98;156;189m▀[38;2;131;213;246;48;2;90;65;26m▀[38;2;90;65;26;48;2;90;65;26m▀[38;2;107;82;41;48;2;131;213;246m▀[38;2;98;156;189;48;2;131;213;246m▀[38;2;98;156;189;48;2;98;156;189m▀[38;2;98;156;189;48;2;98;156;189m▀[38;2;16;16;16;48;2;16;16;16m▀[38;2;0;0;0;48;2;0;0;0m▀[0m [0m [0m [0m [0m [0m [0m [0m
[0m [0m [0m [0m [0m [0m [0m [0m [38;2;0;0;0;48;2;0;0;0m▀[38;2;16;16;16;48;2;16;16;16m▀[38;2;16;16;16;48;2;16;16;16m▀[38;2;98;156;189;48;2;98;156;189m▀[38;2;98;156;189;48;2;98;156;189m▀[38;2;98;156;189;48;2;98;156;189m▀[38;2;65;82;131;48;2;16;16;16m▀[38;2;0;0;0;48;2;0;0;0m▀[38;2;0;0;0;48;2;0;0;0m▀[38;2;65;82;131;48;2;65;82;131m▀[38;2;131;213;246;48;2;131;213;246m▀[38;2;131;213;246;48;2;131;213;246m▀[38;2;131;213;246;48;2;131;213;246m▀[38;2;131;213;246;48;2;98;156;189m▀[38;2;16;16;16;48;2;16;16;16m▀[38;2;16;16;16;48;2;16;16;16m▀[38;2;0;0;0;48;2;0;0;0m▀[0m [0m [38;2;0;0;0;48;2;0;0;0m▀[38;2;65;82;131;48;2;65;82;131m▀[38;2;65;82;131;48;2;65;82;131m▀[38;2;98;156;189;48;2;98;156;189m▀[38;2;98;156;189;48;2;98;156;189m▀[38;2;98;156;189;48;2;98;156;189m▀[38;2;16;16;16;48;2;16;16;16m▀[38;2;65;82;131;48;2;0;0;0m▀[38;2;65;82;131;48;2;0;0;0m▀[38;2;65;82;131;48;2;0;0;0m▀[38;2;131;213;246;48;2;16;16;16m▀[38;2;131;213;246;48;2;131;213;246m▀[38;2;90;65;26;48;2;131;213;246m▀[38;2;131;213;246;48;2;131;213;246m▀[38;2;98;156;189;48;2;98;156;189m▀[38;2;98;156;189;48;2;98;156;189m▀[38;2;16;16;16;48;2;16;16;16m▀[38;2;0;0;0;48;2;0;0;0m▀[0m [0m [0m [0m [0m [0m [0m [0m
[0m [0m [0m [0m [0m [0m [0m [38;2;0;0;0m▄[38;2;0;0;0;48;2;16;16;16m▀[38;2;65;82;131;48;2;98;156;189m▀[38;2;65;82;131;48;2;98;156;189m▀[38;2;98;156;189;48;2;98;156;189m▀[38;2;98;156;189;48;2;98;156;189m▀[38;2;98;156;189;48;2;98;156;189m▀[38;2;16;16;16;48;2;16;16;16m▀[38;2;0;0;0;48;2;0;0;0m▀[38;2;0;0;0;48;2;0;0;0m▀[38;2;65;82;131;48;2;65;82;131m▀[38;2;131;213;246;48;2;131;213;246m▀[38;2;131;213;246;48;2;131;213;246m▀[38;2;131;213;246;48;2;131;213;246m▀[38;2;98;156;189;48;2;16;16;16m▀[38;2;16;16;16;48;2;0;0;0m▀[38;2;16;16;16;48;2;0;0;0m▀[38;2;0;0;0m▀[0m [0m [38;2;0;0;0;48;2;0;0;0m▀[38;2;16;16;16;48;2;16;16;16m▀[38;2;16;16;16;48;2;16;16;16m▀[38;2;98;156;189;48;2;98;156;189m▀[38;2;98;156;189;48;2;98;156;189m▀[38;2;98;156;189;48;2;98;156;189m▀[38;2;16;16;16;48;2;16;16;16m▀[38;2;0;0;0;48;2;0;0;0m▀[0m [0m [38;2;0;0;0;48;2;0;0;0m▀[38;2;16;16;16;48;2;16;16;16m▀[38;2;131;213;246;48;2;131;213;246m▀[38;2;131;213;246;48;2;131;213;246m▀[38;2;131;213;246;48;2;131;213;246m▀[38;2;131;213;246;48;2;131;213;246m▀[38;2;16;16;16;48;2;16;16;16m▀[38;2;0;0;0;48;2;0;0;0m▀[0m [0m [0m [0m [0m [0m [0m [0m
[0m [0m [0m [0m [0m [0m [0m [38;2;0;0;0;48;2;0;0;0m▀[38;2;16;16;16;48;2;16;16;16m▀[38;2;98;156;189;48;2;98;156;189m▀[38;2;98;156;189;48;2;98;156;189m▀[38;2;98;156;189;48;2;98;156;189m▀[38;2;98;156;189;48;2;98;156;189m▀[38;2;16;16;16;48;2;16;16;16m▀[38;2;0;0;0;48;2;0;0;0m▀[38;2;65;82;131;48;2;65;82;131m▀[38;2;65;82;131;48;2;65;82;131m▀[38;2;131;213;246;48;2;131;213;246m▀[38;2;131;213;246;48;2;131;213;246m▀[38;2;131;213;246;48;2;131;213;246m▀[38;2;98;156;189;48;2;98;156;189m▀[38;2;16;16;16;48;2;16;16;16m▀[38;2;0;0;0;48;2;0;0;0m▀[0m [0m [0m [38;2;0;0;0;48;2;0;0;0m▀[38;2;16;16;16;48;2;16;16;16m▀[38;2;98;156;189;48;2;98;156;189m▀[38;2;98;156;189;48;2;98;156;189m▀[38;2;98;156;189;48;2;98;156;189m▀[38;2;98;156;189;48;2;98;156;189m▀[38;2;98;156;189;48;2;98;156;189m▀[38;2;16;16;16;48;2;16;16;16m▀[38;2;0;0;0;48;2;0;0;0m▀[0m [0m [38;2;0;0;0;48;2;0;0;0m▀[38;2;65;82;131;48;2;65;82;131m▀[38;2;131;213;246;48;2;131;213;246m▀[38;2;131;213;246;48;2;131;213;246m▀[38;2;98;156;189;48;2;98;156;189m▀[38;2;98;156;189;48;2;98;156;189m▀[38;2;16;16;16;48;2;16;16;16m▀[38;2;0;0;0;48;2;0;0;0m▀[0m [0m [0m [0m [0m [0m [0m [0m
[0m [0m [0m [0m [0m [38;2;0;0;0m▄[38;2;0;0;0;48;2;65;82;131m▀[38;2;65;82;131;48;2;131;213;246m▀[38;2;131;213;246;48;2;98;156;189m▀[38;2;98;156;189;48;2;98;156;189m▀[38;2;98;156;189;48;2;98;156;189m▀[38;2;98;156;189;48;2;98;156;189m▀[38;2;98;156;189;48;2;16;16;16m▀[38;2;16;16;16;48;2;0;0;0m▀[38;2;0;0;0;48;2;0;0;0m▀[38;2;65;82;131;48;2;98;156;189m▀[38;2;65;82;131;48;2;98;156;189m▀[38;2;131;213;246;48;2;131;213;246m▀[38;2;131;213;246;48;2;131;213;246m▀[38;2;131;213;246;48;2;131;213;246m▀[38;2;98;156;189;48;2;16;16;16m▀[38;2;16;16;16;48;2;0;0;0m▀[38;2;0;0;0m▀[0m [0m [38;2;0;0;0m▄[38;2;0;0;0;48;2;65;82;131m▀[38;2;65;82;131;48;2;98;156;189m▀[38;2;98;156;189;48;2;98;156;189m▀[38;2;98;156;189;48;2;98;156;189m▀[38;2;98;156;189;48;2;65;82;131m▀[38;2;98;156;189;48;2;98;156;189m▀[38;2;16;16;16;48;2;16;16;16m▀[38;2;0;0;0;48;2;0;0;0m▀[0m [0m [38;2;0;0;0m▄[38;2;0;0;0;48;2;65;82;131m▀[38;2;65;82;131;48;2;131;213;246m▀[38;2;131;213;246;48;2;131;213;246m▀[38;2;131;213;246;48;2;98;156;189m▀[38;2;98;156;189;48;2;98;156;189m▀[38;2;98;156;189;48;2;98;156;189m▀[38;2;16;16;16;48;2;16;16;16m▀[38;2;0;0;0;48;2;0;0;0m▀[0m [0m [0m [0m [0m [0m [0m [0m
[0m [0m [0m [0m [0m [38;2;0;0;0;48;2;0;0;0m▀[38;2;16;16;16;48;2;90;65;26m▀[38;2;98;156;189;48;2;90;65;26m▀[38;2;98;156;189;48;2;65;82;131m▀[38;2;65;82;131;48;2;98;156;189m▀[38;2;65;82;131;48;2;98;156;189m▀[38;2;98;156;189;48;2;16;16;16m▀[38;2;16;16;16;48;2;0;0;0m▀[38;2;0;0;0;48;2;0;0;0m▀[38;2;98;156;189;48;2;98;156;189m▀[38;2;172;230;255;48;2;172;230;255m▀[38;2;172;230;255;48;2;172;230;255m▀[38;2;131;213;246;48;2;131;213;246m▀[38;2;131;213;246;48;2;131;213;246m▀[38;2;98;156;189;48;2;0;0;0m▀[38;2;16;16;16;48;2;16;16;16m▀[38;2;0;0;0;48;2;0;0;0m▀[0m [0m [0m [38;2;0;0;0m▀[38;2;90;65;26;48;2;0;0;0m▀[38;2;90;65;26;48;2;90;65;26m▀[38;2;65;82;131;48;2;90;65;26m▀[38;2;65;82;131;48;2;90;65;26m▀[38;2;98;156;189;48;2;90;65;26m▀[38;2;16;16;16;48;2;0;0;0m▀[38;2;0;0;0m▀[0m [38;2;0;0;0m▄[38;2;0;0;0;48;2;98;156;189m▀[38;2;0;0;0;48;2;98;156;189m▀[38;2;98;156;189;48;2;172;230;255m▀[38;2;172;230;255;48;2;131;213;246m▀[38;2;98;156;189;48;2;65;82;131m▀[38;2;98;156;189;48;2;98;156;189m▀[38;2;16;16;16;48;2;16;16;16m▀[38;2;16;16;16;48;2;16;16;16m▀[38;2;0;0;0;48;2;0;0;0m▀[0m [0m [0m [0m [0m [0m [0m [0m [0m
[0m [0m [0m [0m [0m [0m [38;2;0;0;0;48;2;0;0;0m▀[38;2;90;65;26;48;2;90;65;26m▀[38;2;90;65;26;48;2;90;65;26m▀[38;2;90;65;26;48;2;90;65;26m▀[38;2;90;65;26;48;2;90;65;26m▀[38;2;0;0;0;48;2;0;0;0m▀[38;2;0;0;0;48;2;0;0;0m▀[38;2;65;82;131;48;2;65;82;131m▀[38;2;172;230;255;48;2;172;230;255m▀[38;2;131;213;246;48;2;131;213;246m▀[38;2;131;213;246;48;2;131;213;246m▀[38;2;65;82;131;48;2;65;82;131m▀[38;2;98;156;189;48;2;98;156;189m▀[38;2;16;16;16;48;2;16;16;16m▀[38;2;0;0;0;48;2;0;0;0m▀[0m [0m [0m [0m [0m [0m [38;2;0;0;0m▀[38;2;0;0;0m▀[38;2;0;0;0m▀[38;2;0;0;0m▀[0m [0m [0m [38;2;0;0;0;48;2;0;0;0m▀[38;2;90;65;26;48;2;90;65;26m▀[38;2;90;65;26;48;2;90;65;26m▀[38;2;90;65;26;48;2;90;65;26m▀[38;2;65;82;131;48;2;65;82;131m▀[38;2;98;156;189;48;2;98;156;189m▀[38;2;16;16;16;48;2;16;16;16m▀[38;2;0;0;0;48;2;0;0;0m▀[38;2;0;0;0m▀[0m [0m [0m [0m [0m [0m [0m [0m [0m [0m
[0m [0m [0m [0m [0m [0m [0m [38;2;0;0;0m▀[38;2;0;0;0m▀[38;2;0;0;0m▀[38;2;0;0;0m▀[0m [38;2;0;0;0m▀[38;2;90;65;26;48;2;0;0;0m▀[38;2;90;65;26;48;2;90;65;26m▀[38;2;65;82;131;48;2;90;65;26m▀[38;2;65;82;131;48;2;90;65;26m▀[38;2;98;156;189;48;2;90;65;26m▀[38;2;16;16;16;48;2;0;0;0m▀[38;2;0;0;0m▀[0m [0m [0m [0m [0m [0m [0m [0m [0m [0m [0m [0m [0m [0m [0m [38;2;0;0;0m▀[38;2;0;0;0m▀[38;2;90;65;26;48;2;0;0;0m▀[38;2;90;65;26;48;2;0;0;0m▀[38;2;90;65;26;48;2;0;0;0m▀[38;2;0;0;0m▀[0m [0m [0m [0m [0m [0m [0m [0m [0m [0m [0m [0m
