             [38;2;0;0;0m▄[38;2;0;0;0m[48;2;139;121;189m▀[0m[38;2;0;0;0m▄              
     [38;2;0;0;0m▄[38;2;0;0;0m▄     [38;2;8;4;0m[48;2;63;56;74m▀[0m[38;2;172;161;222m[48;2;172;161;222m▀[0m[38;2;104;105;139m[48;2;104;105;139m▀[0m[38;2;134;121;189m[48;2;134;121;189m▀[0m[38;2;0;0;0m[48;2;0;0;0m▀[0m             
    [38;2;0;4;0m[48;2;0;4;0m▀[0m[38;2;93;90;131m[48;2;139;133;197m▀[0m[38;2;139;125;189m[48;2;93;86;126m▀[0m[38;2;0;8;0m[48;2;139;125;189m▀[0m[38;2;0;0;0m[48;2;139;121;189m▀[0m[38;2;0;0;0m▄ [38;2;0;0;0m[48;2;0;0;0m▀[0m[38;2;172;161;222m[48;2;172;161;222m▀[0m[38;2;106;105;139m[48;2;106;105;139m▀[0m[38;2;137;121;189m[48;2;137;121;189m▀[0m[38;2;137;121;189m[48;2;137;121;189m▀[0m[38;2;139;121;189m[48;2;139;121;189m▀[0m[38;2;0;0;0m[48;2;0;0;0m▀[0m  [38;2;0;0;0m▄[38;2;0;0;0m▄[38;2;0;0;0m▄[38;2;0;0;0m[48;2;139;121;189m▀[0m[38;2;0;4;0m[48;2;139;133;197m▀[0m[38;2;0;4;0m[48;2;93;90;131m▀[0m[38;2;0;0;0m▄   
    [38;2;0;0;0m▀[38;2;139;121;189m[48;2;0;0;0m▀[0m[38;2;134;121;189m[48;2;134;121;189m▀[0m[38;2;104;105;139m[48;2;104;105;139m▀[0m[38;2;137;121;189m[48;2;137;121;189m▀[0m[38;2;137;121;189m[48;2;137;121;189m▀[0m[38;2;8;4;0m[48;2;63;56;74m▀[0m[38;2;172;161;222m[48;2;172;161;222m▀[0m[38;2;172;157;222m[48;2;106;103;139m▀[0m[38;2;106;103;139m[48;2;139;130;180m▀[0m[38;2;137;121;189m[48;2;137;121;189m▀[0m[38;2;137;121;189m[48;2;137;121;189m▀[0m[38;2;137;121;189m[48;2;137;121;189m▀[0m[38;2;137;121;189m[48;2;137;121;189m▀[0m[38;2;0;0;0m[48;2;65;60;90m▀[0m[38;2;0;0;0m[48;2;131;121;180m▀[0m[38;2;137;121;189m[48;2;137;121;189m▀[0m[38;2;137;121;189m[48;2;137;121;189m▀[0m[38;2;135;121;189m[48;2;135;121;189m▀[0m[38;2;135;121;189m[48;2;106;105;139m▀[0m[38;2;104;105;139m[48;2;134;121;189m▀[0m[38;2;134;121;189m[48;2;104;105;139m▀[0m[38;2;0;0;0m[48;2;0;0;0m▀[0m   
     [38;2;0;0;0m[48;2;0;0;0m▀[0m[38;2;137;121;186m[48;2;65;64;65m▀[0m[38;2;137;121;186m[48;2;65;64;65m▀[0m[38;2;104;105;142m[48;2;65;64;65m▀[0m[38;2;65;64;65m[48;2;65;64;65m▀[0m[38;2;172;161;222m[48;2;172;161;222m▀[0m[38;2;172;161;222m[48;2;65;64;65m▀[0m[38;2;109;102;148m[48;2;65;64;65m▀[0m[38;2;131;121;189m[48;2;65;64;65m▀[0m[38;2;137;121;189m[48;2;137;121;189m▀[0m[38;2;137;121;189m[48;2;137;121;189m▀[0m[38;2;137;121;189m[48;2;137;121;189m▀[0m[38;2;137;121;189m[48;2;137;121;189m▀[0m[38;2;65;64;65m[48;2;137;121;186m▀[0m[38;2;137;121;186m[48;2;65;64;65m▀[0m[38;2;134;121;189m[48;2;104;105;139m▀[0m[38;2;104;105;139m[48;2;134;121;189m▀[0m[38;2;106;105;139m[48;2;135;121;189m▀[0m[38;2;135;121;189m[48;2;135;121;189m▀[0m[38;2;139;133;197m[48;2;93;90;131m▀[0m[38;2;0;4;0m[48;2;0;4;0m▀[0m    
[38;2;0;0;0m▄[38;2;0;0;0m[48;2;106;105;139m▀[0m[38;2;0;0;0m[48;2;172;161;222m▀[0m[38;2;0;0;0m[48;2;172;161;222m▀[0m[38;2;0;0;0m[48;2;172;161;222m▀[0m[38;2;172;161;222m[48;2;172;161;222m▀[0m[38;2;172;161;222m[48;2;65;64;65m▀[0m[38;2;172;161;222m[48;2;65;64;65m▀[0m[38;2;164;161;222m[48;2;164;161;222m▀[0m[38;2;111;111;143m[48;2;57;60;65m▀[0m[38;2;65;64;65m[48;2;255;238;65m▀[0m[38;2;255;238;65m[48;2;255;238;65m▀[0m[38;2;255;238;65m[48;2;255;238;65m▀[0m[38;2;123;109;54m[48;2;123;109;54m▀[0m[38;2;65;64;65m[48;2;65;64;65m▀[0m[38;2;137;121;186m[48;2;137;121;186m▀[0m[38;2;137;121;189m[48;2;137;121;189m▀[0m[38;2;137;121;189m[48;2;137;121;189m▀[0m[38;2;139;130;180m[48;2;106;103;139m▀[0m[38;2;106;103;139m[48;2;172;157;222m▀[0m[38;2;65;64;65m[48;2;172;161;222m▀[0m[38;2;65;64;65m[48;2;172;161;222m▀[0m[38;2;137;121;186m[48;2;65;64;65m▀[0m[38;2;137;121;186m[48;2;65;64;65m▀[0m[38;2;0;0;0m[48;2;0;0;0m▀[0m     
[38;2;0;0;0m▀[38;2;139;121;189m[48;2;0;0;0m▀[0m[38;2;104;105;139m[48;2;134;121;189m▀[0m[38;2;104;105;139m[48;2;134;121;189m▀[0m[38;2;186;175;115m[48;2;65;64;82m▀[0m[38;2;65;64;82m[48;2;246;230;131m▀[0m[38;2;255;238;65m[48;2;255;238;65m▀[0m[38;2;65;60;57m[48;2;128;120;60m▀[0m[38;2;65;64;65m[48;2;191;161;76m▀[0m[38;2;65;64;65m[48;2;191;161;76m▀[0m[38;2;254;238;63m[48;2;254;238;63m▀[0m[38;2;254;238;63m[48;2;254;238;63m▀[0m[38;2;123;109;57m[48;2;189;160;79m▀[0m[38;2;189;160;79m[48;2;189;160;79m▀[0m[38;2;74;80;90m[48;2;255;238;65m▀[0m[38;2;74;80;90m[48;2;74;80;90m▀[0m[38;2;131;121;189m[48;2;65;64;65m▀[0m[38;2;109;102;148m[48;2;65;64;65m▀[0m[38;2;65;64;65m[48;2;255;238;65m▀[0m[38;2;65;64;65m[48;2;65;64;65m▀[0m[38;2;172;161;222m[48;2;65;64;65m▀[0m[38;2;172;161;222m[48;2;172;161;222m▀[0m[38;2;169;161;224m[48;2;169;161;224m▀[0m[38;2;169;161;224m[48;2;169;161;224m▀[0m[38;2;172;161;222m[48;2;172;161;222m▀[0m[38;2;0;0;0m[48;2;172;161;222m▀[0m[38;2;0;0;0m[48;2;172;161;222m▀[0m[38;2;0;0;0m▄[38;2;0;0;0m▄ 
  [38;2;0;0;0m▀[38;2;139;121;189m[48;2;0;0;0m▀[0m[38;2;65;64;98m[48;2;128;122;98m▀[0m[38;2;255;238;98m[48;2;65;64;98m▀[0m[38;2;254;238;63m[48;2;254;238;63m▀[0m[38;2;254;238;63m[48;2;254;238;63m▀[0m[38;2;128;105;95m[48;2;65;68;49m▀[0m[38;2;65;68;49m[48;2;255;178;189m▀[0m[38;2;65;64;65m[48;2;255;222;222m▀[0m[38;2;65;64;65m[48;2;255;222;222m▀[0m[38;2;65;64;65m[48;2;255;230;139m▀[0m[38;2;255;230;139m[48;2;65;64;65m▀[0m[38;2;255;238;65m[48;2;255;238;65m▀[0m[38;2;255;238;65m[48;2;123;109;54m▀[0m[38;2;123;109;54m[48;2;255;238;65m▀[0m[38;2;255;238;65m[48;2;255;238;65m▀[0m[38;2;255;238;65m[48;2;255;238;65m▀[0m[38;2;255;238;65m[48;2;65;64;65m▀[0m[38;2;65;64;65m[48;2;172;161;222m▀[0m[38;2;172;161;222m[48;2;172;161;222m▀[0m[38;2;169;161;224m[48;2;169;161;224m▀[0m[38;2;169;161;224m[48;2;169;161;224m▀[0m[38;2;172;161;222m[48;2;106;105;139m▀[0m[38;2;172;161;222m[48;2;106;105;139m▀[0m[38;2;172;161;222m[48;2;106;105;139m▀[0m[38;2;172;161;222m[48;2;106;105;139m▀[0m[38;2;172;161;222m[48;2;0;0;0m▀[0m[38;2;0;0;0m▀
   [38;2;0;0;0m▄[38;2;16;12;16m[48;2;255;242;82m▀[0m[38;2;175;165;60m[48;2;95;89;38m▀[0m[38;2;126;75;71m[48;2;63;74;60m▀[0m[38;2;63;74;60m[48;2;189;76;82m▀[0m[38;2;233;84;74m[48;2;233;84;74m▀[0m[38;2;255;222;222m[48;2;233;84;74m▀[0m[38;2;255;222;222m[48;2;189;60;90m▀[0m[38;2;255;222;222m[48;2;189;60;90m▀[0m[38;2;255;97;57m[48;2;255;97;57m▀[0m[38;2;255;97;57m[48;2;160;64;74m▀[0m[38;2;74;56;65m[48;2;194;153;65m▀[0m[38;2;255;202;65m[48;2;74;56;65m▀[0m[38;2;255;238;65m[48;2;255;238;65m▀[0m[38;2;255;238;65m[48;2;123;109;54m▀[0m[38;2;57;60;82m[48;2;246;234;82m▀[0m[38;2;120;118;82m[48;2;57;60;82m▀[0m[38;2;104;105;139m[48;2;134;121;189m▀[0m[38;2;104;105;139m[48;2;134;121;189m▀[0m[38;2;104;105;139m[48;2;134;121;189m▀[0m[38;2;104;105;139m[48;2;134;121;189m▀[0m[38;2;137;121;186m[48;2;137;121;186m▀[0m[38;2;137;121;186m[48;2;65;64;65m▀[0m[38;2;139;121;189m[48;2;0;0;0m▀[0m[38;2;0;0;0m▀  
 [38;2;0;0;0m▄[38;2;8;4;0m[48;2;106;109;139m▀[0m[38;2;57;56;69m[48;2;106;109;139m▀[0m[38;2;255;238;65m[48;2;65;64;65m▀[0m[38;2;255;238;65m[48;2;255;238;65m▀[0m[38;2;65;64;65m[48;2;65;64;65m▀[0m[38;2;191;62;87m[48;2;191;62;87m▀[0m[38;2;160;64;74m[48;2;160;64;74m▀[0m[38;2;255;97;57m[48;2;255;97;57m▀[0m[38;2;255;97;57m[48;2;255;178;197m▀[0m[38;2;255;178;197m[48;2;255;178;197m▀[0m[38;2;194;62;90m[48;2;194;62;90m▀[0m[38;2;255;97;57m[48;2;255;97;57m▀[0m[38;2;255;97;57m[48;2;255;97;57m▀[0m[38;2;65;64;65m[48;2;65;64;65m▀[0m[38;2;255;238;65m[48;2;255;238;65m▀[0m[38;2;255;238;65m[48;2;123;109;54m▀[0m[38;2;255;238;65m[48;2;123;109;54m▀[0m[38;2;255;238;65m[48;2;123;109;54m▀[0m[38;2;74;72;49m[48;2;98;91;90m▀[0m[38;2;148;129;172m[48;2;74;72;49m▀[0m[38;2;65;64;65m[48;2;109;102;148m▀[0m[38;2;65;64;65m[48;2;131;121;189m▀[0m[38;2;65;64;65m[48;2;137;121;186m▀[0m[38;2;137;121;186m[48;2;137;121;186m▀[0m[38;2;0;0;0m[48;2;139;121;189m▀[0m[38;2;0;0;0m▄  
 [38;2;0;0;0m▀[38;2;104;105;142m[48;2;0;0;0m▀[0m[38;2;104;105;142m[48;2;0;0;0m▀[0m[38;2;120;109;84m[48;2;0;4;24m▀[0m[38;2;60;56;54m[48;2;180;161;115m▀[0m[38;2;63;74;60m[48;2;126;75;71m▀[0m[38;2;189;76;82m[48;2;63;74;60m▀[0m[38;2;172;62;76m[48;2;172;62;76m▀[0m[38;2;255;178;197m[48;2;172;62;76m▀[0m[38;2;255;178;197m[48;2;156;64;74m▀[0m[38;2;255;178;197m[48;2;156;64;74m▀[0m[38;2;194;62;90m[48;2;194;62;90m▀[0m[38;2;255;97;57m[48;2;194;62;90m▀[0m[38;2;255;105;57m[48;2;65;72;65m▀[0m[38;2;65;72;65m[48;2;128;83;63m▀[0m[38;2;255;238;65m[48;2;123;109;54m▀[0m[38;2;255;238;65m[48;2;123;109;54m▀[0m[38;2;254;238;63m[48;2;254;238;63m▀[0m[38;2;254;238;63m[48;2;254;238;63m▀[0m[38;2;255;238;65m[48;2;255;238;65m▀[0m[38;2;65;64;65m[48;2;65;64;65m▀[0m[38;2;131;121;189m[48;2;65;64;65m▀[0m[38;2;109;102;148m[48;2;131;121;189m▀[0m[38;2;104;105;139m[48;2;134;121;189m▀[0m[38;2;134;121;189m[48;2;104;105;139m▀[0m[38;2;135;121;189m[48;2;106;105;139m▀[0m[38;2;135;121;189m[48;2;135;121;189m▀[0m[38;2;0;0;0m[48;2;139;121;189m▀[0m[38;2;0;0;0m▄
    [38;2;0;0;0m▄[38;2;0;0;0m[48;2;255;238;65m▀[0m[38;2;254;238;63m[48;2;254;238;63m▀[0m[38;2;254;238;63m[48;2;254;238;63m▀[0m[38;2;63;74;60m[48;2;126;75;71m▀[0m[38;2;189;76;82m[48;2;63;74;60m▀[0m[38;2;191;62;87m[48;2;65;64;65m▀[0m[38;2;191;62;87m[48;2;65;64;65m▀[0m[38;2;139;106;74m[48;2;82;48;74m▀[0m[38;2;82;48;74m[48;2;255;222;74m▀[0m[38;2;255;238;65m[48;2;255;238;65m▀[0m[38;2;123;109;54m[48;2;255;238;65m▀[0m[38;2;189;161;82m[48;2;123;110;54m▀[0m[38;2;189;161;82m[48;2;123;110;54m▀[0m[38;2;123;109;53m[48;2;123;109;53m▀[0m[38;2;65;64;65m[48;2;65;64;65m▀[0m[38;2;65;64;65m[48;2;137;121;186m▀[0m[38;2;137;121;186m[48;2;137;121;186m▀[0m[38;2;65;64;65m[48;2;0;0;0m▀[0m[38;2;0;0;0m▀[38;2;0;0;0m▀[38;2;139;121;189m[48;2;0;0;0m▀[0m[38;2;139;133;197m[48;2;0;4;0m▀[0m[38;2;93;90;131m[48;2;0;4;0m▀[0m[38;2;106;105;139m[48;2;0;0;0m▀[0m[38;2;0;0;0m▀
    [38;2;0;0;0m▄[38;2;0;0;0m[48;2;139;121;189m▀[0m[38;2;255;234;57m[48;2;65;60;65m▀[0m[38;2;128;118;63m[48;2;65;60;65m▀[0m[38;2;65;64;65m[48;2;137;121;186m▀[0m[38;2;65;64;65m[48;2;65;64;65m▀[0m[38;2;254;238;63m[48;2;254;238;63m▀[0m[38;2;254;238;63m[48;2;254;238;63m▀[0m[38;2;123;110;54m[48;2;123;110;54m▀[0m[38;2;123;110;54m[48;2;189;161;82m▀[0m[38;2;255;238;65m[48;2;65;64;65m▀[0m[38;2;255;238;65m[48;2;65;64;65m▀[0m[38;2;255;238;65m[48;2;255;238;65m▀[0m[38;2;255;238;65m[48;2;65;64;65m▀[0m[38;2;65;64;65m[48;2;131;121;189m▀[0m[38;2;131;121;189m[48;2;109;102;148m▀[0m[38;2;137;121;186m[48;2;172;161;222m▀[0m[38;2;172;161;222m[48;2;172;161;222m▀[0m[38;2;172;161;222m[48;2;172;161;222m▀[0m[38;2;0;0;0m[48;2;0;0;0m▀[0m      
   [38;2;0;0;0m▄[38;2;0;8;0m[48;2;139;125;189m▀[0m[38;2;139;125;189m[48;2;93;86;126m▀[0m[38;2;106;105;139m[48;2;135;121;189m▀[0m[38;2;135;121;189m[48;2;135;121;189m▀[0m[38;2;139;121;189m[48;2;0;0;0m▀[0m[38;2;0;0;0m▀[38;2;0;0;0m▀[38;2;255;238;65m[48;2;0;0;0m▀[0m[38;2;255;238;65m[48;2;65;64;65m▀[0m[38;2;65;64;65m[48;2;65;64;65m▀[0m[38;2;65;64;65m[48;2;104;105;142m▀[0m[38;2;104;105;142m[48;2;104;105;142m▀[0m[38;2;106;105;139m[48;2;0;0;0m▀[0m[38;2;0;0;0m▀[38;2;139;121;189m[48;2;0;0;0m▀[0m[38;2;139;121;189m[48;2;139;121;189m▀[0m[38;2;106;103;139m[48;2;139;130;180m▀[0m[38;2;172;157;222m[48;2;106;103;139m▀[0m[38;2;172;161;222m[48;2;172;161;222m▀[0m[38;2;0;0;0m[48;2;172;161;222m▀[0m[38;2;0;0;0m▄     
   [38;2;0;0;0m▀[38;2;93;90;131m[48;2;0;4;0m▀[0m[38;2;139;133;197m[48;2;0;4;0m▀[0m[38;2;0;0;0m▀[38;2;0;0;0m▀    [38;2;0;0;0m▀[38;2;65;64;65m[48;2;0;0;0m▀[0m[38;2;106;105;139m[48;2;0;0;0m▀[0m[38;2;0;0;0m▀   [38;2;0;0;0m▀[38;2;139;133;197m[48;2;0;4;0m▀[0m[38;2;93;90;131m[48;2;0;4;0m▀[0m[38;2;172;161;222m[48;2;106;105;139m▀[0m[38;2;172;161;222m[48;2;172;161;222m▀[0m[38;2;0;0;0m[48;2;0;0;0m▀[0m     
                      [38;2;0;0;0m▀[38;2;0;0;0m▀      
[0m
