     [38;2;0;0;0m▄[38;2;0;0;0m▄[38;2;0;0;0m▀[38;2;0;0;0m▀[38;2;0;0;0m▀[38;2;0;0;0m▀[38;2;0;0;0m▀[38;2;0;0;0m▀[38;2;0;0;0m▀[38;2;0;0;0m▄[38;2;0;0;0m▄      
  [38;2;0;0;0m▄[38;2;0;0;0m[48;2;239;197;0m▀[0m[38;2;0;0;0m[48;2;0;0;0m▀[0m           [38;2;0;0;0m▀[38;2;0;0;0m▄    
[38;2;0;0;0m▄[38;2;0;0;0m[48;2;239;197;0m▀[0m[38;2;239;197;0m[48;2;247;247;41m▀[0m[38;2;239;197;0m[48;2;247;247;41m▀[0m[38;2;0;0;0m[48;2;239;197;0m▀[0m[38;2;0;0;0m▄    [38;2;0;0;0m▄[38;2;0;0;0m▄[38;2;0;0;0m▄[38;2;0;0;0m▄[38;2;0;0;0m▄ [38;2;0;0;0m▄[38;2;0;0;0m▀[38;2;0;0;0m▄   
[38;2;0;0;0m[48;2;0;0;0m▀[0m[38;2;247;247;41m[48;2;247;247;41m▀[0m[38;2;255;255;255m[48;2;255;255;255m▀[0m[38;2;255;255;255m[48;2;255;255;255m▀[0m[38;2;247;247;41m[48;2;247;247;41m▀[0m[38;2;0;0;0m[48;2;0;0;0m▀[0m [38;2;0;0;0m▄[38;2;0;0;0m[48;2;247;247;41m▀[0m[38;2;0;0;0m[48;2;140;173;247m▀[0m[38;2;140;173;247m[48;2;140;173;247m▀[0m[38;2;140;173;247m[48;2;140;173;247m▀[0m[38;2;140;173;247m[48;2;140;173;247m▀[0m[38;2;140;173;247m[48;2;140;173;247m▀[0m[38;2;140;173;247m[48;2;140;173;247m▀[0m[38;2;0;0;0m[48;2;140;173;247m▀[0m[38;2;0;0;0m[48;2;65;65;65m▀[0m[38;2;0;0;0m▄[38;2;0;0;0m[48;2;0;0;0m▀[0m   
 [38;2;0;0;0m▀[38;2;255;255;255m[48;2;0;0;0m▀[0m[38;2;255;255;255m[48;2;0;0;0m▀[0m[38;2;0;0;0m[48;2;0;0;0m▀[0m[38;2;189;189;214m[48;2;189;189;214m▀[0m[38;2;0;0;0m[48;2;65;65;65m▀[0m[38;2;247;247;41m[48;2;0;0;0m▀[0m[38;2;247;247;41m[48;2;247;247;41m▀[0m[38;2;140;173;247m[48;2;140;173;247m▀[0m[38;2;140;173;247m[48;2;140;173;247m▀[0m[38;2;140;173;247m[48;2;247;247;41m▀[0m[38;2;247;247;41m[48;2;247;247;41m▀[0m[38;2;247;247;41m[48;2;0;0;0m▀[0m[38;2;247;247;41m[48;2;247;247;41m▀[0m[38;2;99;132;222m[48;2;239;197;0m▀[0m[38;2;65;65;65m[48;2;65;65;65m▀[0m[38;2;99;132;222m[48;2;99;132;222m▀[0m[38;2;0;0;0m[48;2;99;132;222m▀[0m[38;2;0;0;0m▄  
     [38;2;0;0;0m▀[38;2;0;0;0m[48;2;0;0;0m▀[0m[38;2;247;247;41m[48;2;99;132;222m▀[0m[38;2;140;173;247m[48;2;140;173;247m▀[0m[38;2;99;132;222m[48;2;247;99;82m▀[0m[38;2;140;173;247m[48;2;140;173;247m▀[0m[38;2;247;247;41m[48;2;247;247;41m▀[0m[38;2;0;0;0m[48;2;247;247;41m▀[0m[38;2;65;65;65m[48;2;65;65;65m▀[0m[38;2;65;65;65m[48;2;247;247;41m▀[0m[38;2;247;247;41m[48;2;65;65;65m▀[0m[38;2;65;65;65m[48;2;65;65;65m▀[0m[38;2;99;132;222m[48;2;99;132;222m▀[0m[38;2;99;132;222m[48;2;65;65;65m▀[0m[38;2;0;0;0m[48;2;0;0;0m▀[0m[38;2;0;0;0m▄ 
       [38;2;0;0;0m▀[38;2;99;132;222m[48;2;0;0;0m▀[0m[38;2;140;173;247m[48;2;0;0;0m▀[0m[38;2;140;173;247m[48;2;99;132;222m▀[0m[38;2;140;173;247m[48;2;99;132;222m▀[0m[38;2;239;197;0m[48;2;99;132;222m▀[0m[38;2;247;247;41m[48;2;99;132;222m▀[0m[38;2;247;247;41m[48;2;65;65;65m▀[0m[38;2;65;65;65m[48;2;239;197;0m▀[0m[38;2;239;197;0m[48;2;239;197;0m▀[0m[38;2;65;65;65m[48;2;65;65;65m▀[0m[38;2;65;65;65m[48;2;189;189;214m▀[0m[38;2;214;214;255m[48;2;189;189;214m▀[0m[38;2;214;214;255m[48;2;214;214;255m▀[0m[38;2;0;0;0m[48;2;0;0;0m▀[0m
          [38;2;0;0;0m▀[38;2;0;0;0m▀[38;2;0;0;0m▀[38;2;65;65;65m[48;2;0;0;0m▀[0m[38;2;239;197;0m[48;2;247;247;41m▀[0m[38;2;247;247;41m[48;2;255;255;255m▀[0m[38;2;247;247;41m[48;2;255;255;255m▀[0m[38;2;239;197;0m[48;2;247;247;41m▀[0m[38;2;65;65;65m[48;2;0;0;0m▀[0m[38;2;0;0;0m▀[38;2;0;0;0m▀ 
             [38;2;0;0;0m▀[38;2;247;247;41m[48;2;0;0;0m▀[0m[38;2;255;255;255m[48;2;255;255;255m▀[0m[38;2;255;255;255m[48;2;255;255;255m▀[0m[38;2;247;247;41m[48;2;0;0;0m▀[0m[38;2;0;0;0m▀   
               [38;2;0;0;0m▀[38;2;0;0;0m▀     
[0m
