   [38;2;0;0;0m▄[38;2;0;0;0m▄[38;2;0;0;0m[48;2;255;255;255m▀[0m[38;2;0;0;0m[48;2;255;255;255m▀[0m[38;2;0;0;0m[48;2;255;255;255m▀[0m[38;2;0;0;0m[48;2;181;214;214m▀[0m[38;2;0;0;0m▄[38;2;0;0;0m▄[38;2;0;0;0m▄         
 [38;2;0;0;0m▄[38;2;0;0;0m[48;2;255;255;255m▀[0m[38;2;255;255;255m[48;2;181;214;214m▀[0m[38;2;255;255;255m[48;2;255;255;255m▀[0m[38;2;65;65;65m[48;2;148;165;165m▀[0m[38;2;255;255;255m[48;2;255;255;255m▀[0m[38;2;255;255;255m[48;2;148;165;165m▀[0m[38;2;255;255;255m[48;2;148;165;165m▀[0m[38;2;255;255;255m[48;2;255;255;255m▀[0m[38;2;255;255;255m[48;2;255;255;255m▀[0m[38;2;148;165;165m[48;2;255;255;255m▀[0m[38;2;0;0;0m[48;2;0;0;0m▀[0m        
[38;2;0;0;0m[48;2;0;0;0m▀[0m[38;2;65;65;65m[48;2;65;65;65m▀[0m[38;2;255;255;255m[48;2;65;65;65m▀[0m[38;2;181;214;214m[48;2;255;255;255m▀[0m[38;2;148;165;165m[48;2;255;255;255m▀[0m[38;2;255;255;255m[48;2;255;255;255m▀[0m[38;2;148;165;165m[48;2;148;165;165m▀[0m[38;2;255;255;255m[48;2;255;255;255m▀[0m[38;2;255;255;255m[48;2;181;214;214m▀[0m[38;2;148;165;165m[48;2;255;255;255m▀[0m[38;2;255;255;255m[48;2;255;255;255m▀[0m[38;2;255;255;255m[48;2;148;165;165m▀[0m[38;2;181;214;214m[48;2;181;214;214m▀[0m[38;2;0;0;0m[48;2;0;0;0m▀[0m       
 [38;2;0;0;0m[48;2;0;0;0m▀[0m[38;2;165;74;107m[48;2;65;65;65m▀[0m[38;2;148;165;165m[48;2;255;255;255m▀[0m[38;2;255;255;255m[48;2;148;165;165m▀[0m[38;2;255;255;255m[48;2;148;165;165m▀[0m[38;2;255;255;255m[48;2;181;214;214m▀[0m[38;2;148;165;165m[48;2;181;214;214m▀[0m[38;2;181;214;214m[48;2;65;65;65m▀[0m[38;2;255;255;255m[48;2;65;65;65m▀[0m[38;2;65;65;65m[48;2;65;65;65m▀[0m[38;2;65;65;65m[48;2;222;115;148m▀[0m[38;2;181;214;214m[48;2;0;0;0m▀[0m[38;2;0;0;0m▀       
  [38;2;0;0;0m[48;2;0;0;0m▀[0m[38;2;0;0;0m[48;2;247;156;165m▀[0m[38;2;247;156;165m[48;2;255;181;165m▀[0m[38;2;255;181;165m[48;2;255;181;165m▀[0m[38;2;255;181;165m[48;2;255;255;255m▀[0m[38;2;247;156;165m[48;2;0;0;0m▀[0m[38;2;222;115;148m[48;2;247;156;165m▀[0m[38;2;65;65;65m[48;2;0;0;0m▀[0m[38;2;222;115;148m[48;2;222;115;148m▀[0m[38;2;65;65;65m[48;2;65;65;65m▀[0m[38;2;65;65;65m[48;2;65;65;65m▀[0m[38;2;0;0;0m[48;2;0;0;0m▀[0m       
[38;2;0;0;0m▄[38;2;0;0;0m[48;2;247;156;165m▀[0m[38;2;0;0;0m[48;2;165;74;107m▀[0m[38;2;222;115;148m[48;2;65;65;65m▀[0m[38;2;255;181;165m[48;2;222;115;148m▀[0m[38;2;255;181;165m[48;2;222;115;148m▀[0m[38;2;65;65;65m[48;2;222;115;148m▀[0m[38;2;0;0;0m[48;2;165;74;107m▀[0m[38;2;222;115;148m[48;2;165;74;107m▀[0m[38;2;65;65;65m[48;2;148;165;165m▀[0m[38;2;0;0;0m[48;2;255;255;255m▀[0m[38;2;0;0;0m[48;2;148;165;165m▀[0m[38;2;0;0;0m[48;2;255;255;255m▀[0m[38;2;181;214;214m[48;2;181;214;214m▀[0m[38;2;0;0;0m[48;2;0;0;0m▀[0m   [38;2;0;0;0m▄[38;2;0;0;0m▄ 
 [38;2;0;0;0m▀[38;2;148;165;165m[48;2;0;0;0m▀[0m[38;2;255;255;255m[48;2;255;255;255m▀[0m[38;2;65;65;65m[48;2;255;255;255m▀[0m[38;2;65;65;65m[48;2;181;214;214m▀[0m[38;2;65;65;65m[48;2;255;255;255m▀[0m[38;2;148;165;165m[48;2;181;214;214m▀[0m[38;2;181;214;214m[48;2;255;255;255m▀[0m[38;2;255;255;255m[48;2;255;255;255m▀[0m[38;2;255;255;255m[48;2;255;255;255m▀[0m[38;2;255;255;255m[48;2;181;214;214m▀[0m[38;2;255;255;255m[48;2;148;165;165m▀[0m[38;2;181;214;214m[48;2;0;0;0m▀[0m[38;2;0;0;0m▀  [38;2;0;0;0m[48;2;0;0;0m▀[0m[38;2;255;255;255m[48;2;140;123;255m▀[0m[38;2;140;123;255m[48;2;165;197;255m▀[0m[38;2;0;0;0m[48;2;0;0;0m▀[0m
  [38;2;0;0;0m▄[38;2;65;65;65m[48;2;247;156;165m▀[0m[38;2;65;65;65m[48;2;222;115;148m▀[0m[38;2;255;255;255m[48;2;65;65;65m▀[0m[38;2;255;255;255m[48;2;65;65;65m▀[0m[38;2;255;255;255m[48;2;65;65;65m▀[0m[38;2;148;165;165m[48;2;247;156;165m▀[0m[38;2;181;214;214m[48;2;65;65;65m▀[0m[38;2;181;214;214m[48;2;65;65;65m▀[0m[38;2;65;65;65m[48;2;247;156;165m▀[0m[38;2;247;156;165m[48;2;65;65;65m▀[0m[38;2;255;181;165m[48;2;0;0;0m▀[0m[38;2;0;0;0m▀[38;2;0;0;0m▄[38;2;0;0;0m▄[38;2;0;0;0m[48;2;222;115;148m▀[0m[38;2;0;0;0m[48;2;0;0;0m▀[0m[38;2;0;0;0m▀ 
  [38;2;0;0;0m▀[38;2;247;156;165m[48;2;0;0;0m▀[0m[38;2;165;74;107m[48;2;165;74;107m▀[0m[38;2;247;156;165m[48;2;222;115;148m▀[0m[38;2;247;156;165m[48;2;247;156;165m▀[0m[38;2;247;156;165m[48;2;247;156;165m▀[0m[38;2;165;74;107m[48;2;165;74;107m▀[0m[38;2;247;156;165m[48;2;247;156;165m▀[0m[38;2;255;181;165m[48;2;255;181;165m▀[0m[38;2;255;181;165m[48;2;255;181;165m▀[0m[38;2;247;156;165m[48;2;247;156;165m▀[0m[38;2;222;115;148m[48;2;222;115;148m▀[0m[38;2;0;0;0m[48;2;65;65;65m▀[0m[38;2;222;115;148m[48;2;165;74;107m▀[0m[38;2;65;65;65m[48;2;65;65;65m▀[0m[38;2;165;74;107m[48;2;0;0;0m▀[0m[38;2;0;0;0m▀  
  [38;2;0;0;0m▀[38;2;181;214;214m[48;2;0;0;0m▀[0m[38;2;222;115;148m[48;2;0;0;0m▀[0m[38;2;0;0;0m▀[38;2;0;0;0m▀[38;2;247;156;165m[48;2;0;0;0m▀[0m[38;2;247;156;165m[48;2;0;0;0m▀[0m[38;2;165;74;107m[48;2;0;0;0m▀[0m[38;2;247;156;165m[48;2;65;65;65m▀[0m[38;2;247;156;165m[48;2;165;74;107m▀[0m[38;2;222;115;148m[48;2;165;74;107m▀[0m[38;2;65;65;65m[48;2;0;0;0m▀[0m[38;2;165;74;107m[48;2;0;0;0m▀[0m[38;2;0;0;0m▀[38;2;0;0;0m▀    
         [38;2;0;0;0m▀[38;2;181;214;214m[48;2;0;0;0m▀[0m[38;2;222;115;148m[48;2;0;0;0m▀[0m[38;2;0;0;0m▀        
[0m
