      [38;2;0;0;0m▄[38;2;0;0;0m[48;2;181;123;66m▀[0m[38;2;0;0;0m▄ [38;2;0;0;0m▄ [38;2;0;0;0m▄      [38;2;0;0;0m▄[38;2;0;0;0m▄    
 [38;2;0;0;0m[48;2;0;0;0m▀[0m[38;2;0;0;0m[48;2;214;197;107m▀[0m[38;2;0;0;0m▄ [38;2;0;0;0m[48;2;0;0;0m▀[0m[38;2;181;123;66m[48;2;65;65;65m▀[0m[38;2;181;123;66m[48;2;181;123;66m▀[0m[38;2;0;0;0m[48;2;214;165;66m▀[0m[38;2;0;0;0m[48;2;214;165;66m▀[0m[38;2;214;165;66m[48;2;214;165;66m▀[0m[38;2;0;0;0m[48;2;214;165;66m▀[0m[38;2;214;165;66m[48;2;214;165;66m▀[0m[38;2;0;0;0m[48;2;0;0;0m▀[0m[38;2;0;0;0m▄    [38;2;0;0;0m▀[38;2;230;214;123m[48;2;0;0;0m▀[0m[38;2;0;0;0m[48;2;230;214;123m▀[0m[38;2;0;0;0m▄  
  [38;2;0;0;0m▀[38;2;214;197;107m[48;2;0;0;0m▀[0m[38;2;0;0;0m[48;2;214;165;66m▀[0m[38;2;0;0;0m[48;2;214;165;66m▀[0m[38;2;214;165;66m[48;2;214;165;66m▀[0m[38;2;214;165;66m[48;2;214;165;66m▀[0m[38;2;214;165;66m[48;2;214;165;66m▀[0m[38;2;214;165;66m[48;2;0;0;0m▀[0m[38;2;214;165;66m[48;2;65;65;65m▀[0m[38;2;181;123;66m[48;2;255;255;255m▀[0m[38;2;214;165;66m[48;2;214;165;66m▀[0m[38;2;214;165;66m[48;2;65;65;65m▀[0m[38;2;65;65;65m[48;2;214;165;66m▀[0m[38;2;0;0;0m[48;2;214;165;66m▀[0m[38;2;0;0;0m[48;2;214;165;66m▀[0m[38;2;0;0;0m[48;2;214;165;66m▀[0m[38;2;0;0;0m▄ [38;2;0;0;0m▀[38;2;197;173;107m[48;2;0;0;0m▀[0m[38;2;230;214;123m[48;2;197;173;107m▀[0m[38;2;0;0;0m[48;2;0;0;0m▀[0m 
  [38;2;0;0;0m[48;2;0;0;0m▀[0m[38;2;247;230;148m[48;2;65;65;65m▀[0m[38;2;181;123;66m[48;2;65;65;65m▀[0m[38;2;247;230;148m[48;2;197;173;107m▀[0m[38;2;214;165;66m[48;2;247;230;148m▀[0m[38;2;214;165;66m[48;2;247;230;148m▀[0m[38;2;0;0;0m[48;2;247;230;148m▀[0m[38;2;255;255;255m[48;2;181;123;66m▀[0m[38;2;0;0;0m[48;2;181;123;66m▀[0m[38;2;255;255;255m[48;2;214;165;66m▀[0m[38;2;214;165;66m[48;2;214;165;66m▀[0m[38;2;214;165;66m[48;2;181;123;66m▀[0m[38;2;181;123;66m[48;2;247;230;148m▀[0m[38;2;247;230;148m[48;2;247;230;148m▀[0m[38;2;247;230;148m[48;2;247;230;148m▀[0m[38;2;0;0;0m[48;2;0;0;0m▀[0m   [38;2;0;0;0m▀[38;2;230;214;123m[48;2;0;0;0m▀[0m[38;2;230;214;123m[48;2;230;214;123m▀[0m[38;2;0;0;0m[48;2;0;0;0m▀[0m
  [38;2;0;0;0m▀[38;2;65;65;65m[48;2;0;0;0m▀[0m[38;2;255;255;255m[48;2;255;255;255m▀[0m[38;2;65;65;65m[48;2;255;255;255m▀[0m[38;2;65;65;65m[48;2;65;65;65m▀[0m[38;2;247;230;148m[48;2;197;173;107m▀[0m[38;2;247;230;148m[48;2;247;230;148m▀[0m[38;2;247;230;148m[48;2;65;65;65m▀[0m[38;2;65;65;65m[48;2;247;230;148m▀[0m[38;2;65;65;65m[48;2;247;230;148m▀[0m[38;2;65;65;65m[48;2;247;230;148m▀[0m[38;2;214;165;66m[48;2;65;65;65m▀[0m[38;2;247;230;148m[48;2;65;65;65m▀[0m[38;2;247;230;148m[48;2;181;123;66m▀[0m[38;2;0;0;0m[48;2;181;123;66m▀[0m[38;2;0;0;0m▄    [38;2;0;0;0m[48;2;0;0;0m▀[0m[38;2;230;214;123m[48;2;230;214;123m▀[0m[38;2;0;0;0m[48;2;0;0;0m▀[0m
[38;2;0;0;0m▄[38;2;0;0;0m[48;2;65;65;65m▀[0m[38;2;0;0;0m[48;2;197;173;107m▀[0m[38;2;0;0;0m[48;2;65;65;65m▀[0m[38;2;115;115;115m[48;2;189;189;189m▀[0m[38;2;255;255;255m[48;2;115;115;115m▀[0m[38;2;189;115;132m[48;2;189;115;132m▀[0m[38;2;65;65;65m[48;2;65;65;65m▀[0m[38;2;247;230;148m[48;2;247;230;148m▀[0m[38;2;247;230;148m[48;2;247;230;148m▀[0m[38;2;65;65;65m[48;2;65;65;65m▀[0m[38;2;65;65;65m[48;2;247;230;148m▀[0m[38;2;65;65;65m[48;2;247;230;148m▀[0m[38;2;247;230;148m[48;2;65;65;65m▀[0m[38;2;247;230;148m[48;2;65;65;65m▀[0m[38;2;65;65;65m[48;2;181;123;66m▀[0m[38;2;181;123;66m[48;2;181;123;66m▀[0m[38;2;181;123;66m[48;2;181;123;66m▀[0m[38;2;0;0;0m[48;2;0;0;0m▀[0m  [38;2;0;0;0m[48;2;0;0;0m▀[0m[38;2;230;214;123m[48;2;156;132;90m▀[0m[38;2;230;214;123m[48;2;156;132;90m▀[0m[38;2;0;0;0m[48;2;0;0;0m▀[0m
[38;2;0;0;0m▀[38;2;197;173;107m[48;2;0;0;0m▀[0m[38;2;156;132;90m[48;2;0;0;0m▀[0m[38;2;197;173;107m[48;2;197;173;107m▀[0m[38;2;65;65;65m[48;2;0;0;0m▀[0m[38;2;189;189;189m[48;2;0;0;0m▀[0m[38;2;189;115;132m[48;2;189;115;132m▀[0m[38;2;65;65;65m[48;2;65;65;65m▀[0m[38;2;247;230;148m[48;2;247;230;148m▀[0m[38;2;247;230;148m[48;2;247;230;148m▀[0m[38;2;247;230;148m[48;2;247;230;148m▀[0m[38;2;65;65;65m[48;2;65;65;65m▀[0m[38;2;65;65;65m[48;2;197;173;107m▀[0m[38;2;247;230;148m[48;2;65;65;65m▀[0m[38;2;247;230;148m[48;2;65;65;65m▀[0m[38;2;65;65;65m[48;2;181;123;66m▀[0m[38;2;181;123;66m[48;2;181;123;66m▀[0m[38;2;181;123;66m[48;2;181;123;66m▀[0m[38;2;181;123;66m[48;2;181;123;66m▀[0m[38;2;0;0;0m[48;2;65;65;65m▀[0m[38;2;0;0;0m[48;2;156;132;90m▀[0m[38;2;197;173;107m[48;2;156;132;90m▀[0m[38;2;197;173;107m[48;2;156;132;90m▀[0m[38;2;0;0;0m[48;2;0;0;0m▀[0m 
   [38;2;0;0;0m▀[38;2;0;0;0m▀ [38;2;0;0;0m▀[38;2;247;230;148m[48;2;0;0;0m▀[0m[38;2;247;230;148m[48;2;214;197;107m▀[0m[38;2;247;230;148m[48;2;214;197;107m▀[0m[38;2;65;65;65m[48;2;65;65;65m▀[0m[38;2;197;173;107m[48;2;65;65;65m▀[0m[38;2;156;132;90m[48;2;65;65;65m▀[0m[38;2;65;65;65m[48;2;197;173;107m▀[0m[38;2;181;123;66m[48;2;65;65;65m▀[0m[38;2;181;123;66m[48;2;181;123;66m▀[0m[38;2;181;123;66m[48;2;181;123;66m▀[0m[38;2;181;123;66m[48;2;181;123;66m▀[0m[38;2;181;123;66m[48;2;0;0;0m▀[0m[38;2;65;65;65m[48;2;156;132;90m▀[0m[38;2;197;173;107m[48;2;0;0;0m▀[0m[38;2;197;173;107m[48;2;0;0;0m▀[0m[38;2;0;0;0m▀  
      [38;2;0;0;0m▀[38;2;156;132;90m[48;2;0;0;0m▀[0m[38;2;65;65;65m[48;2;0;0;0m▀[0m[38;2;214;197;107m[48;2;0;0;0m▀[0m[38;2;214;197;107m[48;2;0;0;0m▀[0m[38;2;214;197;107m[48;2;214;197;107m▀[0m[38;2;214;197;107m[48;2;214;197;107m▀[0m[38;2;65;65;65m[48;2;181;123;66m▀[0m[38;2;65;65;65m[48;2;181;123;66m▀[0m[38;2;181;123;66m[48;2;181;123;66m▀[0m[38;2;181;123;66m[48;2;65;65;65m▀[0m[38;2;181;123;66m[48;2;0;0;0m▀[0m[38;2;0;0;0m▀[38;2;0;0;0m▀     
           [38;2;0;0;0m▀[38;2;0;0;0m[48;2;0;0;0m▀[0m[38;2;65;65;65m[48;2;197;173;107m▀[0m[38;2;65;65;65m[48;2;65;65;65m▀[0m[38;2;65;65;65m[48;2;197;173;107m▀[0m[38;2;156;132;90m[48;2;0;0;0m▀[0m[38;2;0;0;0m▀       
             [38;2;0;0;0m▀[38;2;0;0;0m▀[38;2;0;0;0m▀         
[0m
