   [38;2;0;0;0m▄[38;2;0;0;0m[48;2;65;65;65m▀[0m[38;2;0;0;0m[48;2;65;65;65m▀[0m[38;2;0;0;0m[48;2;230;132;156m▀[0m[38;2;0;0;0m▄             
 [38;2;0;0;0m▄[38;2;0;0;0m[48;2;65;65;65m▀[0m[38;2;0;0;0m[48;2;230;132;156m▀[0m[38;2;0;0;0m[48;2;65;65;65m▀[0m[38;2;230;132;156m[48;2;65;65;65m▀[0m[38;2;230;132;156m[48;2;230;132;156m▀[0m[38;2;173;90;115m[48;2;65;65;65m▀[0m[38;2;0;0;0m[48;2;65;65;65m▀[0m[38;2;0;0;0m[48;2;230;132;156m▀[0m[38;2;0;0;0m[48;2;230;132;156m▀[0m[38;2;0;0;0m[48;2;230;132;156m▀[0m[38;2;0;0;0m▄[38;2;0;0;0m▄ [38;2;0;0;0m▄[38;2;0;0;0m▄[38;2;0;0;0m▄[38;2;0;0;0m▄  
[38;2;0;0;0m[48;2;0;0;0m▀[0m[38;2;65;65;65m[48;2;65;65;65m▀[0m[38;2;255;173;197m[48;2;255;173;197m▀[0m[38;2;255;173;197m[48;2;230;132;156m▀[0m[38;2;255;173;197m[48;2;65;65;65m▀[0m[38;2;65;65;65m[48;2;255;173;197m▀[0m[38;2;65;65;65m[48;2;230;132;156m▀[0m[38;2;230;132;156m[48;2;255;173;197m▀[0m[38;2;255;173;197m[48;2;255;173;197m▀[0m[38;2;255;173;197m[48;2;255;173;197m▀[0m[38;2;255;173;197m[48;2;230;132;156m▀[0m[38;2;230;132;156m[48;2;230;132;156m▀[0m[38;2;230;132;156m[48;2;230;132;156m▀[0m[38;2;230;132;156m[48;2;230;132;156m▀[0m[38;2;0;0;0m[48;2;230;132;156m▀[0m[38;2;230;132;156m[48;2;65;65;65m▀[0m[38;2;255;173;197m[48;2;230;132;156m▀[0m[38;2;255;173;197m[48;2;230;132;156m▀[0m[38;2;65;65;65m[48;2;255;173;197m▀[0m[38;2;0;0;0m[48;2;65;65;65m▀[0m[38;2;0;0;0m▄
[38;2;0;0;0m▀[38;2;65;65;65m[48;2;0;0;0m▀[0m[38;2;230;132;156m[48;2;0;0;0m▀[0m[38;2;65;65;65m[48;2;230;132;156m▀[0m[38;2;255;255;255m[48;2;255;255;255m▀[0m[38;2;0;0;0m[48;2;197;197;206m▀[0m[38;2;230;132;156m[48;2;65;65;65m▀[0m[38;2;230;132;156m[48;2;132;132;115m▀[0m[38;2;230;132;156m[48;2;230;132;156m▀[0m[38;2;230;132;156m[48;2;173;90;115m▀[0m[38;2;173;90;115m[48;2;255;173;197m▀[0m[38;2;255;173;197m[48;2;255;173;197m▀[0m[38;2;230;132;156m[48;2;255;173;197m▀[0m[38;2;230;132;156m[48;2;230;132;156m▀[0m[38;2;173;90;115m[48;2;230;132;156m▀[0m[38;2;173;90;115m[48;2;255;173;197m▀[0m[38;2;65;65;65m[48;2;255;173;197m▀[0m[38;2;65;65;65m[48;2;230;132;156m▀[0m[38;2;173;90;115m[48;2;65;65;65m▀[0m[38;2;65;65;65m[48;2;0;0;0m▀[0m[38;2;0;0;0m▀
  [38;2;0;0;0m[48;2;0;0;0m▀[0m[38;2;230;132;156m[48;2;230;132;156m▀[0m[38;2;230;132;156m[48;2;230;132;156m▀[0m[38;2;230;132;156m[48;2;255;255;255m▀[0m[38;2;65;65;65m[48;2;230;132;156m▀[0m[38;2;65;65;65m[48;2;173;90;115m▀[0m[38;2;230;132;156m[48;2;65;65;65m▀[0m[38;2;173;90;115m[48;2;230;132;156m▀[0m[38;2;255;255;255m[48;2;197;197;206m▀[0m[38;2;0;0;0m[48;2;255;255;255m▀[0m[38;2;255;255;255m[48;2;255;255;255m▀[0m[38;2;230;132;156m[48;2;230;132;156m▀[0m[38;2;173;90;115m[48;2;65;65;65m▀[0m[38;2;255;173;197m[48;2;230;132;156m▀[0m[38;2;255;173;197m[48;2;255;173;197m▀[0m[38;2;255;173;197m[48;2;230;132;156m▀[0m[38;2;65;65;65m[48;2;65;65;65m▀[0m[38;2;65;65;65m[48;2;65;65;65m▀[0m[38;2;0;0;0m[48;2;0;0;0m▀[0m
  [38;2;0;0;0m▄[38;2;0;0;0m[48;2;230;132;156m▀[0m[38;2;173;90;115m[48;2;65;65;65m▀[0m[38;2;65;65;65m[48;2;65;65;65m▀[0m[38;2;230;132;156m[48;2;230;132;156m▀[0m[38;2;230;132;156m[48;2;230;132;156m▀[0m[38;2;255;255;255m[48;2;65;65;65m▀[0m[38;2;230;132;156m[48;2;230;132;156m▀[0m[38;2;230;132;156m[48;2;230;132;156m▀[0m[38;2;230;132;156m[48;2;230;132;156m▀[0m[38;2;230;132;156m[48;2;230;132;156m▀[0m[38;2;230;132;156m[48;2;230;132;156m▀[0m[38;2;173;90;115m[48;2;230;132;156m▀[0m[38;2;65;65;65m[48;2;0;0;0m▀[0m[38;2;230;132;156m[48;2;65;65;65m▀[0m[38;2;65;65;65m[48;2;65;65;65m▀[0m[38;2;65;65;65m[48;2;65;65;65m▀[0m[38;2;65;65;65m[48;2;0;0;0m▀[0m[38;2;0;0;0m▀
   [38;2;0;0;0m[48;2;0;0;0m▀[0m[38;2;65;65;65m[48;2;173;90;115m▀[0m[38;2;90;148;255m[48;2;173;90;115m▀[0m[38;2;65;65;65m[48;2;173;90;115m▀[0m[38;2;65;65;65m[48;2;156;189;239m▀[0m[38;2;90;148;255m[48;2;156;189;239m▀[0m[38;2;65;65;65m[48;2;90;148;255m▀[0m[38;2;230;132;156m[48;2;65;65;65m▀[0m[38;2;230;132;156m[48;2;65;65;65m▀[0m[38;2;230;132;156m[48;2;65;65;65m▀[0m[38;2;65;65;65m[48;2;90;148;255m▀[0m[38;2;0;0;0m[48;2;0;0;0m▀[0m [38;2;0;0;0m▀[38;2;0;0;0m▀[38;2;0;0;0m▀  
   [38;2;0;0;0m▄[38;2;0;0;0m[48;2;230;181;49m▀[0m[38;2;90;148;255m[48;2;173;90;115m▀[0m[38;2;230;132;156m[48;2;156;189;239m▀[0m[38;2;173;90;115m[48;2;90;148;255m▀[0m[38;2;173;90;115m[48;2;230;132;156m▀[0m[38;2;90;148;255m[48;2;230;132;156m▀[0m[38;2;156;189;239m[48;2;173;90;115m▀[0m[38;2;156;189;239m[48;2;173;90;115m▀[0m[38;2;173;90;115m[48;2;230;132;156m▀[0m[38;2;230;132;156m[48;2;65;65;65m▀[0m[38;2;230;132;156m[48;2;0;0;0m▀[0m[38;2;0;0;0m[48;2;230;132;156m▀[0m[38;2;0;0;0m▄    
    [38;2;0;0;0m▀[38;2;0;0;0m▀[38;2;230;132;156m[48;2;0;0;0m▀[0m[38;2;230;132;156m[48;2;0;0;0m▀[0m[38;2;230;132;156m[48;2;230;132;156m▀[0m[38;2;156;189;239m[48;2;230;132;156m▀[0m[38;2;90;148;255m[48;2;65;65;65m▀[0m[38;2;230;132;156m[48;2;65;65;65m▀[0m[38;2;90;148;255m[48;2;230;132;156m▀[0m[38;2;90;148;255m[48;2;230;132;156m▀[0m[38;2;230;132;156m[48;2;0;0;0m▀[0m[38;2;173;90;115m[48;2;0;0;0m▀[0m[38;2;0;0;0m▀    
        [38;2;0;0;0m▀[38;2;0;0;0m▀[38;2;230;181;49m[48;2;0;0;0m▀[0m[38;2;230;181;49m[48;2;0;0;0m▀[0m[38;2;140;107;49m[48;2;0;0;0m▀[0m[38;2;0;0;0m▀       
[0m
