             [38;2;0;0;0m▄[38;2;0;0;0m▄[38;2;0;0;0m[48;2;247;247;189m▀[0m[38;2;0;0;0m▄       
         [38;2;0;0;0m▄[38;2;0;0;0m▄[38;2;0;0;0m[48;2;247;247;189m▀[0m[38;2;0;0;0m[48;2;247;247;189m▀[0m[38;2;206;189;148m[48;2;165;140;115m▀[0m[38;2;65;65;65m[48;2;247;247;189m▀[0m[38;2;247;247;189m[48;2;247;247;189m▀[0m[38;2;0;0;0m[48;2;247;247;189m▀[0m[38;2;0;0;0m[48;2;206;189;148m▀[0m[38;2;0;0;0m▄     
[38;2;0;0;0m▄[38;2;0;0;0m[48;2;140;189;66m▀[0m[38;2;0;0;0m[48;2;90;156;49m▀[0m[38;2;0;0;0m[48;2;140;189;66m▀[0m[38;2;0;0;0m▄   [38;2;0;0;0m[48;2;0;0;0m▀[0m[38;2;65;65;65m[48;2;247;247;189m▀[0m[38;2;247;247;189m[48;2;247;247;189m▀[0m[38;2;247;247;189m[48;2;247;247;189m▀[0m[38;2;247;247;189m[48;2;247;247;189m▀[0m[38;2;247;247;189m[48;2;247;247;189m▀[0m[38;2;247;247;189m[48;2;247;247;189m▀[0m[38;2;247;247;189m[48;2;247;247;189m▀[0m[38;2;247;247;189m[48;2;247;247;189m▀[0m[38;2;247;247;189m[48;2;247;247;189m▀[0m[38;2;206;189;148m[48;2;247;247;189m▀[0m[38;2;0;0;0m[48;2;0;0;0m▀[0m    
 [38;2;0;0;0m[48;2;0;0;0m▀[0m[38;2;140;189;66m[48;2;140;189;66m▀[0m[38;2;90;156;49m[48;2;90;156;49m▀[0m[38;2;140;189;66m[48;2;206;189;148m▀[0m[38;2;0;0;0m[48;2;0;0;0m▀[0m [38;2;0;0;0m[48;2;0;0;0m▀[0m[38;2;206;132;82m[48;2;206;132;82m▀[0m[38;2;247;247;189m[48;2;65;65;65m▀[0m[38;2;247;247;189m[48;2;247;247;189m▀[0m[38;2;247;247;189m[48;2;247;247;189m▀[0m[38;2;247;247;189m[48;2;247;247;189m▀[0m[38;2;247;247;189m[48;2;65;65;65m▀[0m[38;2;247;247;189m[48;2;65;65;65m▀[0m[38;2;247;247;189m[48;2;65;65;65m▀[0m[38;2;247;247;189m[48;2;206;189;148m▀[0m[38;2;247;247;189m[48;2;206;189;148m▀[0m[38;2;206;189;148m[48;2;65;65;65m▀[0m[38;2;156;82;58m[48;2;206;132;82m▀[0m[38;2;0;0;0m[48;2;0;0;0m▀[0m   
  [38;2;0;0;0m▀[38;2;206;189;148m[48;2;0;0;0m▀[0m[38;2;206;189;148m[48;2;206;189;148m▀[0m[38;2;206;189;148m[48;2;206;189;148m▀[0m[38;2;0;0;0m[48;2;0;0;0m▀[0m[38;2;0;0;0m▀[38;2;0;0;0m[48;2;0;0;0m▀[0m[38;2;156;82;58m[48;2;156;82;58m▀[0m[38;2;65;65;65m[48;2;247;247;189m▀[0m[38;2;65;65;65m[48;2;247;247;189m▀[0m[38;2;65;65;65m[48;2;156;82;58m▀[0m[38;2;173;173;173m[48;2;255;255;255m▀[0m[38;2;255;255;255m[48;2;0;0;0m▀[0m[38;2;173;173;173m[48;2;255;255;255m▀[0m[38;2;65;65;65m[48;2;156;82;58m▀[0m[38;2;65;65;65m[48;2;65;65;65m▀[0m[38;2;206;132;82m[48;2;206;132;82m▀[0m[38;2;206;132;82m[48;2;206;132;82m▀[0m[38;2;206;132;82m[48;2;206;132;82m▀[0m[38;2;0;0;0m[48;2;0;0;0m▀[0m  
   [38;2;0;0;0m[48;2;0;0;0m▀[0m[38;2;65;65;65m[48;2;247;247;189m▀[0m[38;2;65;65;65m[48;2;165;140;115m▀[0m[38;2;0;0;0m[48;2;165;140;115m▀[0m[38;2;0;0;0m▄[38;2;65;65;65m[48;2;0;0;0m▀[0m[38;2;247;247;189m[48;2;247;247;189m▀[0m[38;2;247;247;189m[48;2;247;247;189m▀[0m[38;2;247;247;189m[48;2;247;247;189m▀[0m[38;2;206;132;82m[48;2;247;247;189m▀[0m[38;2;255;255;255m[48;2;206;132;82m▀[0m[38;2;255;255;255m[48;2;255;255;255m▀[0m[38;2;255;255;255m[48;2;206;132;82m▀[0m[38;2;206;132;82m[48;2;0;0;0m▀[0m[38;2;0;0;0m▀[38;2;156;82;58m[48;2;0;0;0m▀[0m[38;2;206;132;82m[48;2;0;0;0m▀[0m[38;2;206;132;82m[48;2;0;0;0m▀[0m[38;2;0;0;0m▀  
    [38;2;0;0;0m[48;2;0;0;0m▀[0m[38;2;206;189;148m[48;2;247;247;189m▀[0m[38;2;247;247;189m[48;2;65;65;65m▀[0m[38;2;206;132;82m[48;2;0;0;0m▀[0m[38;2;206;132;82m[48;2;206;132;82m▀[0m[38;2;65;65;65m[48;2;247;247;189m▀[0m[38;2;247;247;189m[48;2;65;65;65m▀[0m[38;2;206;189;148m[48;2;214;99;123m▀[0m[38;2;247;247;189m[48;2;214;99;123m▀[0m[38;2;247;247;189m[48;2;65;65;65m▀[0m[38;2;65;65;65m[48;2;206;132;82m▀[0m[38;2;65;65;65m[48;2;206;132;82m▀[0m[38;2;206;132;82m[48;2;156;82;58m▀[0m[38;2;0;0;0m[48;2;247;247;189m▀[0m[38;2;0;0;0m▄[38;2;0;0;0m▄ [38;2;0;0;0m▄[38;2;0;0;0m▄ 
   [38;2;0;0;0m[48;2;0;0;0m▀[0m[38;2;206;189;148m[48;2;165;140;115m▀[0m[38;2;65;65;65m[48;2;206;189;148m▀[0m[38;2;0;0;0m[48;2;65;65;65m▀[0m[38;2;0;0;0m▄[38;2;0;0;0m[48;2;0;0;0m▀[0m[38;2;0;0;0m[48;2;165;140;115m▀[0m[38;2;65;65;65m[48;2;165;140;115m▀[0m[38;2;165;140;115m[48;2;0;0;0m▀[0m[38;2;0;0;0m▀[38;2;0;0;0m[48;2;0;0;0m▀[0m[38;2;156;82;58m[48;2;247;247;189m▀[0m[38;2;156;82;58m[48;2;247;247;189m▀[0m[38;2;247;247;189m[48;2;247;247;189m▀[0m[38;2;247;247;189m[48;2;65;65;65m▀[0m[38;2;247;247;189m[48;2;65;65;65m▀[0m[38;2;206;132;82m[48;2;206;132;82m▀[0m[38;2;0;0;0m[48;2;206;132;82m▀[0m[38;2;206;189;148m[48;2;247;247;189m▀[0m[38;2;247;247;189m[48;2;65;65;65m▀[0m[38;2;0;0;0m[48;2;0;0;0m▀[0m
    [38;2;0;0;0m▀[38;2;165;140;115m[48;2;0;0;0m▀[0m[38;2;206;189;148m[48;2;0;0;0m▀[0m[38;2;206;189;148m[48;2;0;0;0m▀[0m[38;2;206;189;148m[48;2;0;0;0m▀[0m[38;2;0;0;0m▀[38;2;0;0;0m▀[38;2;0;0;0m▄[38;2;0;0;0m[48;2;165;140;115m▀[0m[38;2;0;0;0m[48;2;165;140;115m▀[0m[38;2;65;65;65m[48;2;156;82;58m▀[0m[38;2;247;247;189m[48;2;0;0;0m▀[0m[38;2;247;247;189m[48;2;0;0;0m▀[0m[38;2;247;247;189m[48;2;206;189;148m▀[0m[38;2;65;65;65m[48;2;206;189;148m▀[0m[38;2;65;65;65m[48;2;0;0;0m▀[0m[38;2;0;0;0m▀[38;2;0;0;0m▀[38;2;0;0;0m▀ 
            [38;2;0;0;0m▀[38;2;0;0;0m▀[38;2;0;0;0m▀ [38;2;0;0;0m▄[38;2;0;0;0m[48;2;247;247;189m▀[0m[38;2;156;82;58m[48;2;165;140;115m▀[0m[38;2;156;82;58m[48;2;247;247;189m▀[0m[38;2;0;0;0m[48;2;0;0;0m▀[0m   
                 [38;2;0;0;0m▀[38;2;0;0;0m▀[38;2;0;0;0m▀    
[0m
