         [38;2;0;0;0m▄[38;2;0;0;0m[48;2;197;194;205m▀[0m[38;2;0;0;0m▄    [38;2;0;0;0m▄                  
     [38;2;0;0;0m▄[38;2;0;0;0m▄[38;2;0;0;0m▄ [38;2;0;0;0m[48;2;0;0;0m▀[0m[38;2;197;194;205m[48;2;65;64;65m▀[0m[38;2;197;194;205m[48;2;65;64;65m▀[0m[38;2;0;0;0m[48;2;98;99;98m▀[0m[38;2;0;0;0m[48;2;98;99;98m▀[0m[38;2;0;0;0m[48;2;65;64;65m▀[0m[38;2;0;0;0m[48;2;255;255;255m▀[0m[38;2;255;255;255m[48;2;255;255;255m▀[0m[38;2;0;0;0m[48;2;0;0;0m▀[0m                 
  [38;2;0;0;0m▄[38;2;0;0;0m[48;2;65;64;65m▀[0m[38;2;0;0;0m[48;2;65;64;65m▀[0m[38;2;65;64;65m[48;2;65;64;65m▀[0m[38;2;65;64;65m[48;2;0;0;0m▀[0m[38;2;65;64;65m[48;2;65;64;65m▀[0m[38;2;0;0;0m[48;2;98;97;98m▀[0m[38;2;98;97;98m[48;2;98;97;98m▀[0m[38;2;98;97;98m[48;2;255;174;197m▀[0m[38;2;98;99;98m[48;2;255;174;197m▀[0m[38;2;98;99;98m[48;2;255;174;197m▀[0m[38;2;98;99;98m[48;2;98;99;98m▀[0m[38;2;98;99;98m[48;2;98;99;98m▀[0m[38;2;65;64;65m[48;2;98;99;98m▀[0m[38;2;65;64;65m[48;2;98;99;98m▀[0m[38;2;98;99;98m[48;2;65;64;65m▀[0m[38;2;0;0;0m[48;2;98;99;98m▀[0m[38;2;0;0;0m[48;2;98;99;98m▀[0m[38;2;0;0;0m[48;2;98;99;98m▀[0m[38;2;0;0;0m▄[38;2;0;0;0m▄            
   [38;2;0;0;0m▀[38;2;0;0;0m▀[38;2;0;0;0m▀ [38;2;0;0;0m[48;2;0;4;0m▀[0m[38;2;98;97;98m[48;2;82;62;65m▀[0m[38;2;255;174;197m[48;2;255;174;197m▀[0m[38;2;255;174;197m[48;2;98;97;98m▀[0m[38;2;255;174;197m[48;2;120;101;109m▀[0m[38;2;98;97;98m[48;2;57;64;65m▀[0m[38;2;65;64;65m[48;2;255;174;197m▀[0m[38;2;65;64;65m[48;2;255;174;197m▀[0m[38;2;65;64;65m[48;2;255;174;197m▀[0m[38;2;98;99;98m[48;2;65;64;65m▀[0m[38;2;98;99;98m[48;2;98;99;98m▀[0m[38;2;65;64;65m[48;2;98;99;98m▀[0m[38;2;65;64;65m[48;2;65;64;65m▀[0m[38;2;98;99;98m[48;2;0;0;0m▀[0m[38;2;98;99;98m[48;2;98;99;98m▀[0m[38;2;98;99;98m[48;2;98;99;98m▀[0m[38;2;0;0;0m[48;2;98;99;98m▀[0m[38;2;0;0;0m▄          
      [38;2;0;0;0m[48;2;0;0;0m▀[0m[38;2;246;178;197m[48;2;255;174;197m▀[0m[38;2;82;62;65m[48;2;255;174;197m▀[0m[38;2;98;97;98m[48;2;65;64;65m▀[0m[38;2;98;97;98m[48;2;65;64;65m▀[0m[38;2;57;64;65m[48;2;254;175;194m▀[0m[38;2;246;174;197m[48;2;254;175;194m▀[0m[38;2;255;174;197m[48;2;127;127;127m▀[0m[38;2;65;64;65m[48;2;255;255;255m▀[0m[38;2;65;64;65m[48;2;255;255;255m▀[0m[38;2;255;174;197m[48;2;65;64;65m▀[0m[38;2;65;64;65m[48;2;57;68;65m▀[0m[38;2;98;99;98m[48;2;109;89;95m▀[0m[38;2;0;0;0m[48;2;0;0;0m▀[0m [38;2;0;0;0m▀[38;2;0;0;0m▀[38;2;98;99;98m[48;2;0;0;0m▀[0m[38;2;98;99;98m[48;2;0;0;0m▀[0m[38;2;0;0;0m▀         
     [38;2;0;4;0m▄[38;2;0;0;0m[48;2;84;60;65m▀[0m[38;2;65;64;65m[48;2;148;145;139m▀[0m[38;2;65;64;65m[48;2;106;105;102m▀[0m[38;2;255;174;197m[48;2;65;64;65m▀[0m[38;2;255;174;197m[48;2;255;174;197m▀[0m[38;2;254;175;194m[48;2;254;175;194m▀[0m[38;2;254;175;194m[48;2;254;175;194m▀[0m[38;2;255;255;255m[48;2;52;60;84m▀[0m[38;2;0;0;0m[48;2;16;4;0m▀[0m[38;2;255;255;255m[48;2;255;255;255m▀[0m[38;2;255;255;255m[48;2;255;255;255m▀[0m[38;2;213;129;156m[48;2;222;129;156m▀[0m[38;2;57;68;65m[48;2;65;64;65m▀[0m[38;2;98;99;98m[48;2;98;99;98m▀[0m[38;2;0;0;0m[48;2;0;0;0m▀[0m              
    [38;2;0;0;0m[48;2;0;0;0m▀[0m[38;2;255;174;197m[48;2;255;174;197m▀[0m[38;2;255;174;197m[48;2;255;174;197m▀[0m[38;2;65;64;65m[48;2;255;174;197m▀[0m[38;2;65;64;65m[48;2;255;174;197m▀[0m[38;2;255;174;197m[48;2;255;174;197m▀[0m[38;2;255;174;197m[48;2;255;174;197m▀[0m[38;2;254;175;194m[48;2;254;175;194m▀[0m[38;2;254;175;194m[48;2;254;175;194m▀[0m[38;2;52;60;84m[48;2;255;174;197m▀[0m[38;2;87;117;169m[48;2;255;174;197m▀[0m[38;2;254;175;194m[48;2;219;128;159m▀[0m[38;2;255;255;255m[48;2;219;128;159m▀[0m[38;2;222;129;156m[48;2;213;133;156m▀[0m[38;2;65;64;65m[48;2;109;93;95m▀[0m[38;2;98;99;98m[48;2;98;99;98m▀[0m[38;2;0;0;0m[48;2;0;0;0m▀[0m              
 [38;2;0;12;8m▄[38;2;0;0;0m[48;2;197;137;156m▀[0m[38;2;0;0;0m[48;2;219;128;159m▀[0m[38;2;222;129;156m[48;2;219;128;159m▀[0m[38;2;65;64;65m[48;2;222;129;156m▀[0m[38;2;255;174;197m[48;2;65;64;65m▀[0m[38;2;65;64;65m[48;2;222;117;148m▀[0m[38;2;65;64;65m[48;2;117;74;87m▀[0m[38;2;65;64;65m[48;2;120;53;68m▀[0m[38;2;255;174;197m[48;2;82;48;41m▀[0m[38;2;254;175;194m[48;2;74;56;57m▀[0m[38;2;254;175;194m[48;2;74;56;57m▀[0m[38;2;74;60;65m[48;2;98;52;57m▀[0m[38;2;194;136;153m[48;2;222;129;156m▀[0m[38;2;219;128;159m[48;2;213;129;156m▀[0m[38;2;219;128;159m[48;2;57;68;65m▀[0m[38;2;57;72;65m[48;2;98;99;98m▀[0m[38;2;109;93;95m[48;2;98;99;98m▀[0m[38;2;98;99;98m[48;2;65;64;65m▀[0m[38;2;98;99;98m[48;2;65;64;65m▀[0m[38;2;0;0;0m[48;2;255;174;197m▀[0m[38;2;0;0;0m▄[38;2;0;0;0m▄      [38;2;0;0;0m▄[38;2;0;0;0m▄[38;2;0;0;0m▄[38;2;0;0;0m▄ 
[38;2;0;0;0m[48;2;0;0;0m▀[0m[38;2;131;95;106m[48;2;98;97;98m▀[0m[38;2;65;53;57m[48;2;65;64;65m▀[0m[38;2;219;128;159m[48;2;222;129;156m▀[0m[38;2;219;128;159m[48;2;222;129;156m▀[0m[38;2;222;129;156m[48;2;216;128;159m▀[0m[38;2;222;129;156m[48;2;156;109;65m▀[0m[38;2;65;52;57m[48;2;57;64;65m▀[0m[38;2;65;52;57m[48;2;120;101;109m▀[0m[38;2;120;53;68m[48;2;65;64;65m▀[0m[38;2;197;64;123m[48;2;65;64;65m▀[0m[38;2;197;64;123m[48;2;65;64;65m▀[0m[38;2;115;59;79m[48;2;65;64;65m▀[0m[38;2;222;129;156m[48;2;65;64;65m▀[0m[38;2;98;52;57m[48;2;98;99;98m▀[0m[38;2;57;68;65m[48;2;120;101;109m▀[0m[38;2;109;89;95m[48;2;57;64;65m▀[0m[38;2;98;99;98m[48;2;65;64;65m▀[0m[38;2;65;64;65m[48;2;255;174;197m▀[0m[38;2;255;174;197m[48;2;254;175;194m▀[0m[38;2;255;174;197m[48;2;254;175;194m▀[0m[38;2;255;174;197m[48;2;254;175;194m▀[0m[38;2;255;174;197m[48;2;254;175;194m▀[0m[38;2;255;174;197m[48;2;246;174;197m▀[0m[38;2;0;0;0m[48;2;57;64;65m▀[0m[38;2;0;0;0m▄   [38;2;0;0;0m[48;2;0;0;0m▀[0m[38;2;65;64;65m[48;2;98;99;98m▀[0m[38;2;98;99;98m[48;2;148;149;139m▀[0m[38;2;98;99;98m[48;2;98;99;98m▀[0m[38;2;65;64;65m[48;2;98;99;98m▀[0m[38;2;0;0;0m[48;2;0;0;0m▀[0m
 [38;2;0;0;0m▀[38;2;0;0;0m▀[38;2;0;0;0m▀[38;2;0;0;0m▀[38;2;216;128;159m[48;2;0;0;0m▀[0m[38;2;156;109;65m[48;2;255;174;197m▀[0m[38;2;246;174;197m[48;2;255;174;197m▀[0m[38;2;57;64;65m[48;2;255;174;197m▀[0m[38;2;98;99;98m[48;2;65;64;65m▀[0m[38;2;98;99;98m[48;2;65;64;65m▀[0m[38;2;98;99;98m[48;2;74;72;57m▀[0m[38;2;98;99;98m[48;2;74;72;57m▀[0m[38;2;98;99;98m[48;2;65;64;65m▀[0m[38;2;65;64;65m[48;2;255;174;197m▀[0m[38;2;57;64;65m[48;2;254;175;194m▀[0m[38;2;246;174;197m[48;2;254;175;194m▀[0m[38;2;255;174;197m[48;2;255;174;197m▀[0m[38;2;255;174;197m[48;2;255;174;197m▀[0m[38;2;254;175;194m[48;2;65;64;65m▀[0m[38;2;254;175;194m[48;2;65;64;65m▀[0m[38;2;254;175;194m[48;2;255;174;197m▀[0m[38;2;254;175;194m[48;2;255;174;197m▀[0m[38;2;57;64;65m[48;2;65;64;65m▀[0m[38;2;120;101;109m[48;2;98;97;98m▀[0m[38;2;98;99;98m[48;2;65;64;65m▀[0m[38;2;0;0;0m[48;2;0;0;0m▀[0m  [38;2;0;0;0m[48;2;0;0;0m▀[0m[38;2;98;99;98m[48;2;65;64;65m▀[0m[38;2;98;99;98m[48;2;98;99;98m▀[0m[38;2;98;99;98m[48;2;98;99;98m▀[0m[38;2;98;99;98m[48;2;65;64;65m▀[0m[38;2;0;0;0m[48;2;0;0;0m▀[0m
    [38;2;0;0;0m▄[38;2;0;0;0m[48;2;255;182;189m▀[0m[38;2;255;174;197m[48;2;189;138;95m▀[0m[38;2;255;174;197m[48;2;191;156;63m▀[0m[38;2;194;157;65m[48;2;230;242;172m▀[0m[38;2;191;156;65m[48;2;233;242;175m▀[0m[38;2;191;156;65m[48;2;233;242;175m▀[0m[38;2;164;131;115m[48;2;230;242;172m▀[0m[38;2;255;190;172m[48;2;191;156;63m▀[0m[38;2;255;174;197m[48;2;191;156;63m▀[0m[38;2;255;174;197m[48;2;246;210;189m▀[0m[38;2;254;175;194m[48;2;254;175;194m▀[0m[38;2;254;175;194m[48;2;254;175;194m▀[0m[38;2;255;174;197m[48;2;255;174;197m▀[0m[38;2;216;128;159m[48;2;216;128;159m▀[0m[38;2;222;129;156m[48;2;219;128;159m▀[0m[38;2;222;129;156m[48;2;219;128;159m▀[0m[38;2;84;60;65m[48;2;0;0;0m▀[0m[38;2;0;4;0m▀[38;2;0;0;0m▀[38;2;0;0;0m▀[38;2;0;0;0m▀    [38;2;0;0;0m[48;2;0;0;0m▀[0m[38;2;65;64;65m[48;2;230;242;172m▀[0m[38;2;65;64;65m[48;2;0;0;0m▀[0m[38;2;0;0;0m▀ 
  [38;2;0;0;0m▄[38;2;0;0;0m[48;2;222;129;156m▀[0m[38;2;222;129;156m[48;2;65;64;65m▀[0m[38;2;156;117;49m[48;2;255;174;197m▀[0m[38;2;156;117;49m[48;2;255;174;197m▀[0m[38;2;230;242;172m[48;2;159;110;63m▀[0m[38;2;230;242;172m[48;2;230;242;172m▀[0m[38;2;233;242;175m[48;2;233;242;175m▀[0m[38;2;233;242;175m[48;2;233;242;175m▀[0m[38;2;230;242;172m[48;2;246;210;180m▀[0m[38;2;230;242;172m[48;2;137;113;93m▀[0m[38;2;246;210;189m[48;2;205;182;106m▀[0m[38;2;191;156;63m[48;2;238;246;164m▀[0m[38;2;254;175;194m[48;2;191;156;63m▀[0m[38;2;254;175;194m[48;2;246;210;189m▀[0m[38;2;255;174;197m[48;2;254;175;194m▀[0m[38;2;255;174;197m[48;2;254;175;194m▀[0m[38;2;219;128;159m[48;2;254;175;194m▀[0m[38;2;219;128;159m[48;2;254;175;194m▀[0m[38;2;0;0;0m[48;2;238;149;180m▀[0m[38;2;0;0;0m▄      [38;2;0;0;0m▄[38;2;0;0;0m[48;2;238;242;172m▀[0m[38;2;230;242;172m[48;2;123;109;53m▀[0m[38;2;0;0;0m[48;2;0;0;0m▀[0m  
  [38;2;0;0;0m[48;2;0;0;0m▀[0m[38;2;222;129;156m[48;2;216;128;159m▀[0m[38;2;222;129;156m[48;2;189;157;65m▀[0m[38;2;65;64;65m[48;2;230;242;172m▀[0m[38;2;65;64;65m[48;2;230;242;172m▀[0m[38;2;230;242;172m[48;2;230;242;172m▀[0m[38;2;230;242;172m[48;2;230;242;172m▀[0m[38;2;233;242;175m[48;2;233;242;175m▀[0m[38;2;233;242;175m[48;2;233;242;175m▀[0m[38;2;82;64;49m[48;2;65;64;65m▀[0m[38;2;246;210;180m[48;2;65;64;65m▀[0m[38;2;172;117;49m[48;2;233;242;175m▀[0m[38;2;238;246;164m[48;2;233;242;175m▀[0m[38;2;246;210;189m[48;2;255;255;164m▀[0m[38;2;191;156;63m[48;2;150;138;87m▀[0m[38;2;254;175;194m[48;2;254;175;194m▀[0m[38;2;254;175;194m[48;2;254;175;194m▀[0m[38;2;254;175;194m[48;2;254;175;194m▀[0m[38;2;254;175;194m[48;2;254;175;194m▀[0m[38;2;238;149;180m[48;2;255;174;197m▀[0m[38;2;0;0;0m[48;2;255;174;197m▀[0m[38;2;0;0;0m▄   [38;2;8;4;0m▄[38;2;0;0;0m[48;2;111;103;61m▀[0m[38;2;119;121;86m[48;2;230;242;172m▀[0m[38;2;238;242;172m[48;2;0;0;0m▀[0m[38;2;0;0;0m▀   
  [38;2;0;0;0m▀[38;2;216;128;159m[48;2;0;0;0m▀[0m[38;2;189;157;65m[48;2;222;129;156m▀[0m[38;2;230;242;172m[48;2;65;64;65m▀[0m[38;2;159;110;63m[48;2;255;170;197m▀[0m[38;2;159;110;63m[48;2;255;202;180m▀[0m[38;2;230;242;172m[48;2;139;118;87m▀[0m[38;2;233;242;175m[48;2;230;242;172m▀[0m[38;2;233;242;175m[48;2;230;242;172m▀[0m[38;2;230;242;172m[48;2;246;210;180m▀[0m[38;2;230;242;172m[48;2;137;113;93m▀[0m[38;2;233;242;175m[48;2;202;176;95m▀[0m[38;2;233;242;175m[48;2;222;206;115m▀[0m[38;2;202;196;126m[48;2;65;64;65m▀[0m[38;2;98;80;49m[48;2;222;129;156m▀[0m[38;2;254;175;194m[48;2;216;128;159m▀[0m[38;2;254;175;194m[48;2;255;174;197m▀[0m[38;2;254;175;194m[48;2;255;174;197m▀[0m[38;2;254;175;194m[48;2;255;174;197m▀[0m[38;2;255;174;197m[48;2;219;128;159m▀[0m[38;2;216;128;159m[48;2;219;128;159m▀[0m[38;2;65;64;65m[48;2;71;67;49m▀[0m[38;2;0;0;0m[48;2;213;202;131m▀[0m[38;2;0;0;0m[48;2;213;202;123m▀[0m[38;2;0;0;0m[48;2;213;202;123m▀[0m[38;2;213;202;123m[48;2;0;0;0m▀[0m[38;2;213;202;123m[48;2;0;0;0m▀[0m[38;2;0;0;0m▀     
   [38;2;0;0;0m▄[38;2;0;0;0m[48;2;65;64;65m▀[0m[38;2;191;134;153m[48;2;65;64;65m▀[0m[38;2;65;64;65m[48;2;65;64;65m▀[0m[38;2;82;76;41m[48;2;65;64;65m▀[0m[38;2;197;160;134m[48;2;0;0;0m▀[0m[38;2;213;201;123m[48;2;0;0;0m▀[0m[38;2;213;201;123m[48;2;213;202;123m▀[0m[38;2;82;64;49m[48;2;65;64;65m▀[0m[38;2;246;210;180m[48;2;65;64;65m▀[0m[38;2;164;117;57m[48;2;213;202;123m▀[0m[38;2;222;206;115m[48;2;213;202;123m▀[0m[38;2;65;64;65m[48;2;0;0;0m▀[0m[38;2;222;129;156m[48;2;222;129;156m▀[0m[38;2;216;128;159m[48;2;222;129;156m▀[0m[38;2;216;128;159m[48;2;222;129;156m▀[0m[38;2;216;128;159m[48;2;222;129;156m▀[0m[38;2;216;128;159m[48;2;222;129;156m▀[0m[38;2;219;128;159m[48;2;222;129;156m▀[0m[38;2;219;128;159m[48;2;0;0;0m▀[0m[38;2;0;0;8m▀[38;2;0;0;8m▀[38;2;0;0;0m▀[38;2;0;0;0m▀        
    [38;2;0;0;0m▀[38;2;0;0;0m▀[38;2;0;0;0m▀[38;2;0;0;0m▀  [38;2;0;0;0m▀[38;2;0;0;0m▀[38;2;0;0;0m▀[38;2;0;0;0m▀[38;2;0;0;0m▀ [38;2;0;0;0m▀[38;2;222;129;156m[48;2;0;0;0m▀[0m[38;2;65;64;65m[48;2;98;99;98m▀[0m[38;2;65;64;65m[48;2;0;0;0m▀[0m[38;2;65;64;65m[48;2;98;99;98m▀[0m[38;2;222;129;156m[48;2;0;0;0m▀[0m[38;2;0;0;0m▀            
                  [38;2;0;0;0m▀ [38;2;0;0;0m▀              
[0m
