 [38;2;0;0;0m▄[38;2;0;0;0m[48;2;90;181;247m▀[0m[38;2;0;0;0m[48;2;0;0;0m▀[0m  [38;2;0;0;0m▄[38;2;0;0;0m▄[38;2;0;0;0m[48;2;148;247;74m▀[0m[38;2;0;0;0m▄    
[38;2;0;0;0m[48;2;0;0;0m▀[0m[38;2;90;181;247m[48;2;189;214;115m▀[0m[38;2;0;0;0m[48;2;65;65;65m▀[0m[38;2;0;0;0m▄[38;2;0;0;0m▄[38;2;0;0;0m[48;2;90;181;247m▀[0m[38;2;90;181;247m[48;2;65;65;65m▀[0m[38;2;65;65;65m[48;2;148;247;74m▀[0m[38;2;148;247;74m[48;2;148;247;74m▀[0m[38;2;123;181;58m[48;2;123;181;58m▀[0m[38;2;0;0;0m[48;2;0;0;0m▀[0m   
 [38;2;0;0;0m[48;2;0;0;0m▀[0m[38;2;65;65;65m[48;2;230;247;189m▀[0m[38;2;230;247;189m[48;2;230;247;189m▀[0m[38;2;65;65;65m[48;2;230;247;189m▀[0m[38;2;230;247;189m[48;2;65;65;65m▀[0m[38;2;65;65;65m[48;2;230;247;189m▀[0m[38;2;230;247;189m[48;2;230;247;189m▀[0m[38;2;123;181;58m[48;2;230;247;189m▀[0m[38;2;148;247;74m[48;2;230;247;189m▀[0m[38;2;123;181;58m[48;2;189;214;115m▀[0m[38;2;0;0;0m[48;2;0;0;0m▀[0m  
[38;2;0;0;0m[48;2;0;0;0m▀[0m[38;2;230;247;189m[48;2;230;247;189m▀[0m[38;2;230;247;189m[48;2;230;247;189m▀[0m[38;2;230;247;189m[48;2;230;247;189m▀[0m[38;2;230;247;189m[48;2;230;247;189m▀[0m[38;2;230;247;189m[48;2;230;247;189m▀[0m[38;2;230;247;189m[48;2;65;65;65m▀[0m[38;2;230;247;189m[48;2;65;65;65m▀[0m[38;2;230;247;189m[48;2;230;247;189m▀[0m[38;2;189;214;115m[48;2;230;247;189m▀[0m[38;2;230;247;189m[48;2;189;214;115m▀[0m[38;2;0;0;0m[48;2;0;0;0m▀[0m  
[38;2;0;0;0m[48;2;0;0;0m▀[0m[38;2;90;107;90m[48;2;90;107;90m▀[0m[38;2;230;247;189m[48;2;230;247;189m▀[0m[38;2;230;247;189m[48;2;230;247;189m▀[0m[38;2;230;247;189m[48;2;65;65;65m▀[0m[38;2;65;65;65m[48;2;255;255;255m▀[0m[38;2;255;255;255m[48;2;90;181;247m▀[0m[38;2;255;255;255m[48;2;255;255;255m▀[0m[38;2;65;65;65m[48;2;90;107;90m▀[0m[38;2;230;247;189m[48;2;189;214;115m▀[0m[38;2;0;0;0m[48;2;0;0;0m▀[0m[38;2;0;0;0m▄[38;2;0;0;0m▄ 
 [38;2;0;0;0m▀[38;2;189;214;115m[48;2;0;0;0m▀[0m[38;2;230;247;189m[48;2;189;214;115m▀[0m[38;2;90;107;90m[48;2;189;214;115m▀[0m[38;2;41;99;173m[48;2;90;107;90m▀[0m[38;2;90;181;247m[48;2;90;107;90m▀[0m[38;2;90;107;90m[48;2;189;214;115m▀[0m[38;2;189;214;115m[48;2;65;65;65m▀[0m[38;2;65;65;65m[48;2;173;222;230m▀[0m[38;2;173;222;230m[48;2;173;222;230m▀[0m[38;2;173;222;230m[48;2;0;0;0m▀[0m[38;2;0;0;0m▀ 
  [38;2;0;0;0m▄[38;2;0;0;0m[48;2;230;247;189m▀[0m[38;2;65;65;65m[48;2;189;214;115m▀[0m[38;2;189;214;115m[48;2;65;65;65m▀[0m[38;2;189;214;115m[48;2;123;181;58m▀[0m[38;2;90;132;58m[48;2;123;181;58m▀[0m[38;2;90;132;58m[48;2;90;132;58m▀[0m[38;2;65;65;65m[48;2;230;247;189m▀[0m[38;2;65;65;65m[48;2;230;247;189m▀[0m[38;2;0;0;0m▄[38;2;0;0;0m▄ 
   [38;2;0;0;0m▀[38;2;0;0;0m▀[38;2;65;65;65m[48;2;0;0;0m▀[0m[38;2;90;132;58m[48;2;148;247;74m▀[0m[38;2;123;181;58m[48;2;65;65;65m▀[0m[38;2;123;181;58m[48;2;90;132;58m▀[0m[38;2;65;65;65m[48;2;123;181;58m▀[0m[38;2;189;214;115m[48;2;0;0;0m▀[0m[38;2;230;247;189m[48;2;0;0;0m▀[0m[38;2;230;247;189m[48;2;0;0;0m▀[0m[38;2;0;0;0m▀
      [38;2;0;0;0m▀[38;2;0;0;0m▀[38;2;123;181;58m[48;2;0;0;0m▀[0m[38;2;148;247;74m[48;2;0;0;0m▀[0m[38;2;0;0;0m▀   
[0m
