          [38;2;0;0;0m▄[38;2;0;0;0m▄[38;2;0;0;0m[48;2;107;174;206m▀[0m[38;2;0;0;0m[48;2;107;174;206m▀[0m[38;2;0;0;0m[48;2;107;174;206m▀[0m[38;2;0;0;0m[48;2;107;174;206m▀[0m[38;2;0;0;0m[48;2;107;174;206m▀[0m[38;2;0;0;0m▄[38;2;0;0;0m▄               
        [38;2;0;0;0m▄[38;2;0;0;0m[48;2;66;142;173m▀[0m[38;2;107;173;206m[48;2;107;173;206m▀[0m[38;2;107;173;206m[48;2;107;173;206m▀[0m[38;2;107;173;206m[48;2;107;173;206m▀[0m[38;2;107;173;206m[48;2;107;173;206m▀[0m[38;2;107;173;206m[48;2;107;173;206m▀[0m[38;2;107;173;206m[48;2;107;173;206m▀[0m[38;2;106;173;206m[48;2;106;173;206m▀[0m[38;2;106;173;206m[48;2;65;139;173m▀[0m[38;2;107;190;231m[48;2;71;129;156m▀[0m[38;2;0;8;8m[48;2;71;129;156m▀[0m[38;2;0;0;0m[48;2;66;142;173m▀[0m[38;2;0;0;0m▄            
        [38;2;0;0;0m▀[38;2;181;182;181m[48;2;0;0;0m▀[0m[38;2;65;139;173m[48;2;65;139;173m▀[0m[38;2;106;173;206m[48;2;106;173;206m▀[0m[38;2;107;173;206m[48;2;107;173;206m▀[0m[38;2;107;173;206m[48;2;107;173;206m▀[0m[38;2;120;177;200m[48;2;57;138;173m▀[0m[38;2;57;138;173m[48;2;247;255;255m▀[0m[38;2;66;142;173m[48;2;255;255;255m▀[0m[38;2;255;255;255m[48;2;255;255;255m▀[0m[38;2;255;255;255m[48;2;255;255;255m▀[0m[38;2;255;255;255m[48;2;255;255;255m▀[0m[38;2;255;255;255m[48;2;255;255;255m▀[0m[38;2;66;142;173m[48;2;255;255;255m▀[0m[38;2;0;0;0m[48;2;0;0;0m▀[0m           
          [38;2;8;0;0m[48;2;8;0;0m▀[0m[38;2;115;174;206m[48;2;43;58;68m▀[0m[38;2;120;177;200m[48;2;57;138;173m▀[0m[38;2;57;138;173m[48;2;247;255;255m▀[0m[38;2;255;255;255m[48;2;170;170;170m▀[0m[38;2;170;170;170m[48;2;0;0;0m▀[0m[38;2;170;170;170m[48;2;0;0;0m▀[0m[38;2;170;170;170m[48;2;255;255;255m▀[0m[38;2;255;255;255m[48;2;168;170;168m▀[0m[38;2;255;255;255m[48;2;255;255;255m▀[0m[38;2;255;255;255m[48;2;0;0;0m▀[0m[38;2;0;0;0m▀            
      [38;2;0;0;0m▄[38;2;0;0;0m▄[38;2;0;0;0m[48;2;255;231;66m▀[0m[38;2;0;0;0m[48;2;255;231;66m▀[0m[38;2;66;65;66m[48;2;255;231;66m▀[0m[38;2;255;231;66m[48;2;255;231;66m▀[0m[38;2;74;69;49m[48;2;194;193;148m▀[0m[38;2;255;255;198m[48;2;74;69;49m▀[0m[38;2;154;160;159m[48;2;231;239;239m▀[0m[38;2;231;239;239m[48;2;0;4;0m▀[0m[38;2;239;243;239m[48;2;0;0;0m▀[0m[38;2;239;243;239m[48;2;239;243;239m▀[0m[38;2;170;170;170m[48;2;255;255;255m▀[0m[38;2;255;255;255m[48;2;0;0;0m▀[0m[38;2;0;0;0m▀             
  [38;2;0;0;0m▄[38;2;0;0;0m[48;2;255;231;66m▀[0m[38;2;0;0;0m[48;2;255;231;66m▀[0m[38;2;0;0;0m[48;2;255;231;66m▀[0m[38;2;255;231;66m[48;2;255;244;148m▀[0m[38;2;255;244;148m[48;2;255;244;148m▀[0m[38;2;255;243;144m[48;2;255;243;144m▀[0m[38;2;255;243;144m[48;2;255;231;66m▀[0m[38;2;255;231;66m[48;2;255;231;66m▀[0m[38;2;255;231;66m[48;2;255;231;66m▀[0m[38;2;205;156;99m[48;2;255;231;66m▀[0m[38;2;255;231;66m[48;2;255;231;66m▀[0m[38;2;66;65;66m[48;2;255;231;66m▀[0m[38;2;66;65;66m[48;2;255;231;66m▀[0m[38;2;192;193;192m[48;2;66;69;66m▀[0m[38;2;255;255;255m[48;2;66;69;66m▀[0m[38;2;206;215;214m[48;2;206;215;214m▀[0m[38;2;0;0;0m[48;2;206;215;214m▀[0m[38;2;0;0;0m▄             
 [38;2;0;0;0m▀[38;2;255;231;74m[48;2;0;0;16m▀[0m[38;2;255;231;74m[48;2;85;77;35m▀[0m[38;2;255;231;66m[48;2;66;65;66m▀[0m[38;2;255;231;66m[48;2;66;65;66m▀[0m[38;2;255;231;66m[48;2;255;231;66m▀[0m[38;2;255;231;66m[48;2;255;231;66m▀[0m[38;2;255;231;66m[48;2;255;231;66m▀[0m[38;2;255;231;66m[48;2;255;231;66m▀[0m[38;2;255;231;66m[48;2;255;231;66m▀[0m[38;2;255;231;66m[48;2;255;231;66m▀[0m[38;2;255;231;66m[48;2;255;231;66m▀[0m[38;2;255;231;66m[48;2;255;231;66m▀[0m[38;2;255;231;66m[48;2;255;231;66m▀[0m[38;2;255;231;66m[48;2;255;231;66m▀[0m[38;2;255;231;66m[48;2;66;65;66m▀[0m[38;2;255;231;66m[48;2;66;65;66m▀[0m[38;2;66;65;66m[48;2;255;231;66m▀[0m[38;2;66;65;66m[48;2;255;231;66m▀[0m[38;2;206;215;214m[48;2;68;71;71m▀[0m[38;2;0;0;0m[48;2;206;215;214m▀[0m[38;2;0;0;0m[48;2;206;215;214m▀[0m[38;2;0;0;0m▄[38;2;0;0;0m▄[38;2;0;0;0m[48;2;255;255;255m▀[0m[38;2;0;0;0m[48;2;255;255;255m▀[0m[38;2;0;0;0m▄      
 [38;2;0;0;0m[48;2;0;0;0m▀[0m[38;2;255;231;66m[48;2;255;231;66m▀[0m[38;2;255;231;66m[48;2;255;231;66m▀[0m[38;2;255;231;66m[48;2;255;231;66m▀[0m[38;2;255;231;66m[48;2;255;231;66m▀[0m[38;2;66;65;66m[48;2;255;231;66m▀[0m[38;2;66;65;66m[48;2;255;231;66m▀[0m[38;2;66;65;66m[48;2;255;231;66m▀[0m[38;2;66;65;66m[48;2;255;231;66m▀[0m[38;2;66;65;66m[48;2;255;231;66m▀[0m[38;2;66;65;66m[48;2;255;231;66m▀[0m[38;2;66;65;66m[48;2;255;231;66m▀[0m[38;2;66;65;66m[48;2;255;231;66m▀[0m[38;2;66;65;66m[48;2;255;231;66m▀[0m[38;2;66;65;66m[48;2;255;231;66m▀[0m[38;2;255;231;66m[48;2;255;231;66m▀[0m[38;2;255;231;66m[48;2;255;231;66m▀[0m[38;2;255;231;66m[48;2;255;231;66m▀[0m[38;2;255;231;66m[48;2;255;231;66m▀[0m[38;2;66;65;66m[48;2;66;65;66m▀[0m[38;2;206;215;214m[48;2;206;215;214m▀[0m[38;2;206;215;214m[48;2;206;215;214m▀[0m[38;2;206;215;214m[48;2;66;65;66m▀[0m[38;2;206;214;214m[48;2;206;214;214m▀[0m[38;2;206;214;214m[48;2;206;214;214m▀[0m[38;2;231;235;239m[48;2;231;235;239m▀[0m[38;2;0;0;0m[48;2;0;0;0m▀[0m      
 [38;2;0;0;0m▀[38;2;255;231;66m[48;2;0;0;0m▀[0m[38;2;255;231;66m[48;2;255;231;66m▀[0m[38;2;255;231;66m[48;2;255;231;66m▀[0m[38;2;255;231;66m[48;2;255;231;66m▀[0m[38;2;255;231;66m[48;2;255;231;66m▀[0m[38;2;255;231;66m[48;2;255;231;66m▀[0m[38;2;255;231;66m[48;2;255;231;66m▀[0m[38;2;255;231;66m[48;2;255;231;66m▀[0m[38;2;255;231;66m[48;2;255;231;66m▀[0m[38;2;255;231;66m[48;2;255;231;66m▀[0m[38;2;255;231;66m[48;2;255;231;66m▀[0m[38;2;255;231;66m[48;2;255;231;66m▀[0m[38;2;255;231;66m[48;2;255;231;66m▀[0m[38;2;255;231;66m[48;2;255;231;66m▀[0m[38;2;255;231;66m[48;2;255;231;66m▀[0m[38;2;255;231;66m[48;2;255;231;66m▀[0m[38;2;255;231;66m[48;2;255;231;66m▀[0m[38;2;255;231;66m[48;2;66;65;66m▀[0m[38;2;66;65;66m[48;2;255;255;255m▀[0m[38;2;255;255;255m[48;2;255;255;255m▀[0m[38;2;206;215;214m[48;2;206;215;214m▀[0m[38;2;66;65;66m[48;2;206;215;214m▀[0m[38;2;206;215;214m[48;2;66;65;66m▀[0m[38;2;206;215;214m[48;2;206;215;214m▀[0m[38;2;0;0;0m[48;2;0;0;0m▀[0m       
  [38;2;0;0;0m▀[38;2;255;231;66m[48;2;0;0;0m▀[0m[38;2;255;231;66m[48;2;255;231;66m▀[0m[38;2;255;231;66m[48;2;255;231;66m▀[0m[38;2;255;231;66m[48;2;255;231;66m▀[0m[38;2;255;231;66m[48;2;255;231;66m▀[0m[38;2;255;231;66m[48;2;255;231;66m▀[0m[38;2;255;231;66m[48;2;255;231;66m▀[0m[38;2;255;231;66m[48;2;255;231;66m▀[0m[38;2;255;231;66m[48;2;255;231;66m▀[0m[38;2;255;231;66m[48;2;255;231;66m▀[0m[38;2;255;231;66m[48;2;255;231;66m▀[0m[38;2;255;231;66m[48;2;255;231;66m▀[0m[38;2;255;231;66m[48;2;255;231;66m▀[0m[38;2;255;231;66m[48;2;255;231;66m▀[0m[38;2;255;231;66m[48;2;255;231;66m▀[0m[38;2;255;223;82m[48;2;66;65;66m▀[0m[38;2;66;65;66m[48;2;192;170;76m▀[0m[38;2;255;255;255m[48;2;66;65;66m▀[0m[38;2;255;255;255m[48;2;255;255;255m▀[0m[38;2;255;255;255m[48;2;255;255;255m▀[0m[38;2;205;214;214m[48;2;205;214;214m▀[0m[38;2;206;215;214m[48;2;206;215;214m▀[0m[38;2;0;0;0m[48;2;206;215;214m▀[0m[38;2;0;0;0m▄[38;2;0;0;0m▄      
   [38;2;0;0;0m▄[38;2;8;0;0m[48;2;68;140;170m▀[0m[38;2;38;70;85m[48;2;68;140;170m▀[0m[38;2;255;227;74m[48;2;66;60;74m▀[0m[38;2;255;227;74m[48;2;192;171;74m▀[0m[38;2;255;231;66m[48;2;255;231;66m▀[0m[38;2;255;231;66m[48;2;255;231;66m▀[0m[38;2;255;231;66m[48;2;255;231;66m▀[0m[38;2;255;231;66m[48;2;255;231;66m▀[0m[38;2;255;231;66m[48;2;255;231;66m▀[0m[38;2;255;231;66m[48;2;255;231;66m▀[0m[38;2;255;231;66m[48;2;205;156;99m▀[0m[38;2;255;231;66m[48;2;255;231;66m▀[0m[38;2;255;231;66m[48;2;205;156;99m▀[0m[38;2;205;156;99m[48;2;205;156;99m▀[0m[38;2;206;156;99m[48;2;206;156;99m▀[0m[38;2;206;156;99m[48;2;206;156;99m▀[0m[38;2;74;65;57m[48;2;164;160;144m▀[0m[38;2;255;255;231m[48;2;74;65;57m▀[0m[38;2;255;255;255m[48;2;255;255;255m▀[0m[38;2;255;255;255m[48;2;255;255;255m▀[0m[38;2;206;215;214m[48;2;255;255;255m▀[0m[38;2;206;215;214m[48;2;206;215;214m▀[0m[38;2;206;215;214m[48;2;206;215;214m▀[0m[38;2;206;215;214m[48;2;66;65;66m▀[0m[38;2;0;0;0m[48;2;66;142;173m▀[0m[38;2;0;0;0m[48;2;66;142;173m▀[0m[38;2;0;0;0m[48;2;66;142;173m▀[0m[38;2;0;0;0m▄[38;2;0;0;0m▄ 
[38;2;0;0;0m▄[38;2;0;0;0m[48;2;66;142;173m▀[0m[38;2;0;0;0m[48;2;66;142;173m▀[0m[38;2;66;142;173m[48;2;66;142;173m▀[0m[38;2;66;140;173m[48;2;66;140;173m▀[0m[38;2;66;140;173m[48;2;66;140;173m▀[0m[38;2;68;140;170m[48;2;68;140;170m▀[0m[38;2;38;70;85m[48;2;8;0;0m▀[0m[38;2;0;0;0m▀[38;2;206;158;99m[48;2;0;0;0m▀[0m[38;2;255;231;82m[48;2;8;0;16m▀[0m[38;2;172;154;60m[48;2;255;231;82m▀[0m[38;2;255;231;66m[48;2;205;156;99m▀[0m[38;2;205;156;99m[48;2;255;231;66m▀[0m[38;2;255;231;66m[48;2;205;156;99m▀[0m[38;2;205;156;99m[48;2;205;156;99m▀[0m[38;2;206;158;99m[48;2;206;158;99m▀[0m[38;2;206;158;99m[48;2;0;0;0m▀[0m[38;2;206;158;99m[48;2;0;0;0m▀[0m[38;2;206;158;99m[48;2;0;0;0m▀[0m[38;2;0;0;0m▀[38;2;0;0;0m▀[38;2;255;255;255m[48;2;0;0;0m▀[0m[38;2;255;255;255m[48;2;255;255;255m▀[0m[38;2;255;255;255m[48;2;41;105;132m▀[0m[38;2;41;105;132m[48;2;41;105;132m▀[0m[38;2;107;174;206m[48;2;41;106;134m▀[0m[38;2;107;174;206m[48;2;107;174;206m▀[0m[38;2;66;65;66m[48;2;107;174;206m▀[0m[38;2;66;65;66m[48;2;107;174;206m▀[0m[38;2;66;65;66m[48;2;99;174;214m▀[0m[38;2;88;137;164m[48;2;66;65;66m▀[0m[38;2;66;142;173m[48;2;66;142;173m▀[0m[38;2;0;0;0m[48;2;0;0;0m▀[0m
[38;2;0;0;0m▀[38;2;66;142;173m[48;2;0;0;0m▀[0m[38;2;66;142;173m[48;2;0;0;0m▀[0m[38;2;66;142;173m[48;2;0;0;0m▀[0m[38;2;66;142;173m[48;2;0;0;0m▀[0m[38;2;0;0;0m▀[38;2;0;0;0m▀    [38;2;0;0;0m▀[38;2;0;0;0m▀[38;2;0;0;0m▀[38;2;0;0;0m▀[38;2;0;0;0m▀[38;2;0;0;0m▀     [38;2;0;0;0m▀[38;2;66;65;66m[48;2;0;0;0m▀[0m[38;2;107;173;206m[48;2;107;173;206m▀[0m[38;2;107;173;206m[48;2;107;173;206m▀[0m[38;2;107;174;206m[48;2;107;174;206m▀[0m[38;2;41;106;134m[48;2;107;174;206m▀[0m[38;2;41;106;134m[48;2;107;174;206m▀[0m[38;2;41;106;134m[48;2;107;174;206m▀[0m[38;2;107;174;206m[48;2;41;106;134m▀[0m[38;2;107;174;206m[48;2;107;174;206m▀[0m[38;2;66;65;66m[48;2;0;0;0m▀[0m[38;2;0;0;0m▀
                        [38;2;0;0;0m▀[38;2;0;0;0m▀[38;2;107;174;206m[48;2;0;0;0m▀[0m[38;2;107;174;206m[48;2;0;0;0m▀[0m[38;2;107;174;206m[48;2;0;0;0m▀[0m[38;2;107;174;206m[48;2;0;0;0m▀[0m[38;2;0;0;0m▀[38;2;0;0;0m▀  
[0m
