      [38;2;0;0;0m▄[38;2;0;0;0m▄[38;2;0;0;0m▄[38;2;0;0;0m[48;2;65;65;65m▀[0m[38;2;0;0;0m[48;2;140;74;49m▀[0m[38;2;0;0;0m[48;2;140;74;49m▀[0m[38;2;0;0;0m[48;2;197;181;148m▀[0m[38;2;0;0;0m[48;2;140;74;49m▀[0m[38;2;0;0;0m▄       
    [38;2;0;0;0m▄[38;2;0;0;0m[48;2;65;65;65m▀[0m[38;2;65;65;65m[48;2;173;107;49m▀[0m[38;2;239;214;189m[48;2;65;65;65m▀[0m[38;2;173;107;49m[48;2;65;65;65m▀[0m[38;2;65;65;65m[48;2;65;65;65m▀[0m[38;2;247;123;49m[48;2;65;65;65m▀[0m[38;2;247;123;49m[48;2;65;65;65m▀[0m[38;2;65;65;65m[48;2;65;65;65m▀[0m[38;2;65;65;65m[48;2;173;107;49m▀[0m[38;2;0;0;0m[48;2;173;107;49m▀[0m[38;2;0;0;0m[48;2;140;74;49m▀[0m[38;2;0;0;0m▄     
 [38;2;0;0;0m▄[38;2;0;0;0m▄[38;2;0;0;0m[48;2;189;99;66m▀[0m[38;2;0;0;0m[48;2;65;65;65m▀[0m[38;2;140;74;49m[48;2;65;65;65m▀[0m[38;2;65;65;65m[48;2;140;74;49m▀[0m[38;2;140;74;49m[48;2;173;107;49m▀[0m[38;2;173;107;49m[48;2;173;107;49m▀[0m[38;2;173;107;49m[48;2;239;214;189m▀[0m[38;2;140;74;49m[48;2;173;107;49m▀[0m[38;2;65;65;65m[48;2;140;74;49m▀[0m[38;2;173;107;49m[48;2;65;65;65m▀[0m[38;2;239;214;189m[48;2;173;107;49m▀[0m[38;2;173;107;49m[48;2;173;107;49m▀[0m[38;2;173;107;49m[48;2;140;74;49m▀[0m[38;2;140;74;49m[48;2;140;74;49m▀[0m[38;2;0;0;0m[48;2;0;0;0m▀[0m    
[38;2;0;0;0m▀[38;2;189;99;66m[48;2;0;0;0m▀[0m[38;2;189;99;66m[48;2;0;0;0m▀[0m[38;2;189;99;66m[48;2;140;74;49m▀[0m[38;2;140;74;49m[48;2;247;123;49m▀[0m[38;2;65;65;65m[48;2;65;65;65m▀[0m[38;2;140;74;49m[48;2;140;74;49m▀[0m[38;2;140;74;49m[48;2;197;181;148m▀[0m[38;2;173;107;49m[48;2;140;74;49m▀[0m[38;2;173;107;49m[48;2;140;74;49m▀[0m[38;2;140;74;49m[48;2;140;74;49m▀[0m[38;2;140;74;49m[48;2;140;74;49m▀[0m[38;2;65;65;65m[48;2;65;65;65m▀[0m[38;2;140;74;49m[48;2;140;74;49m▀[0m[38;2;197;181;148m[48;2;140;74;49m▀[0m[38;2;140;74;49m[48;2;140;74;49m▀[0m[38;2;140;74;49m[48;2;0;0;0m▀[0m[38;2;0;0;0m▀    
 [38;2;0;0;0m▄[38;2;0;0;0m[48;2;189;99;66m▀[0m[38;2;247;123;49m[48;2;247;123;49m▀[0m[38;2;247;123;49m[48;2;140;74;49m▀[0m[38;2;247;123;49m[48;2;140;74;49m▀[0m[38;2;65;65;65m[48;2;74;132;148m▀[0m[38;2;140;74;49m[48;2;65;65;65m▀[0m[38;2;140;74;49m[48;2;65;65;65m▀[0m[38;2;197;181;148m[48;2;65;65;65m▀[0m[38;2;140;74;49m[48;2;65;65;65m▀[0m[38;2;65;65;65m[48;2;189;99;66m▀[0m[38;2;189;99;66m[48;2;189;99;66m▀[0m[38;2;65;65;65m[48;2;189;99;66m▀[0m[38;2;65;65;65m[48;2;189;99;66m▀[0m[38;2;65;65;65m[48;2;140;74;49m▀[0m[38;2;189;99;66m[48;2;189;99;66m▀[0m[38;2;0;0;0m[48;2;189;99;66m▀[0m[38;2;0;0;0m▄[38;2;0;0;0m▄[38;2;0;0;0m[48;2;247;123;49m▀[0m[38;2;0;0;0m[48;2;0;0;0m▀[0m
 [38;2;0;0;0m[48;2;0;0;0m▀[0m[38;2;189;99;66m[48;2;0;0;0m▀[0m[38;2;0;0;0m▀[38;2;74;132;148m[48;2;0;0;0m▀[0m[38;2;0;0;0m[48;2;107;173;197m▀[0m[38;2;0;0;0m[48;2;107;173;197m▀[0m[38;2;74;132;148m[48;2;107;173;197m▀[0m[38;2;74;132;148m[48;2;74;132;148m▀[0m[38;2;74;132;148m[48;2;0;0;0m▀[0m[38;2;74;132;148m[48;2;107;173;197m▀[0m[38;2;140;74;49m[48;2;107;173;197m▀[0m[38;2;189;99;66m[48;2;140;74;49m▀[0m[38;2;189;99;66m[48;2;247;123;49m▀[0m[38;2;247;123;49m[48;2;247;123;49m▀[0m[38;2;189;99;66m[48;2;247;123;49m▀[0m[38;2;140;74;49m[48;2;140;74;49m▀[0m[38;2;189;99;66m[48;2;0;0;0m▀[0m[38;2;247;123;49m[48;2;0;0;0m▀[0m[38;2;247;123;49m[48;2;0;0;0m▀[0m[38;2;0;0;0m▀ 
    [38;2;0;0;0m[48;2;0;0;0m▀[0m[38;2;148;115;148m[48;2;74;132;148m▀[0m[38;2;148;115;148m[48;2;107;173;197m▀[0m[38;2;107;173;197m[48;2;148;115;148m▀[0m[38;2;107;173;197m[48;2;148;115;148m▀[0m[38;2;107;173;197m[48;2;107;173;197m▀[0m[38;2;0;0;0m[48;2;107;173;197m▀[0m[38;2;0;0;0m[48;2;107;173;197m▀[0m[38;2;107;173;197m[48;2;107;173;197m▀[0m[38;2;140;74;49m[48;2;140;74;49m▀[0m[38;2;247;123;49m[48;2;247;123;49m▀[0m[38;2;247;123;49m[48;2;189;99;66m▀[0m[38;2;0;0;0m[48;2;140;74;49m▀[0m[38;2;0;0;0m▄    
    [38;2;0;0;0m▄[38;2;0;0;0m[48;2;0;0;0m▀[0m[38;2;74;132;148m[48;2;65;65;65m▀[0m[38;2;107;173;197m[48;2;74;132;148m▀[0m[38;2;255;255;255m[48;2;255;255;255m▀[0m[38;2;148;115;148m[48;2;74;132;148m▀[0m[38;2;107;173;197m[48;2;74;132;148m▀[0m[38;2;107;173;197m[48;2;74;132;148m▀[0m[38;2;107;173;197m[48;2;140;74;49m▀[0m[38;2;140;74;49m[48;2;189;99;66m▀[0m[38;2;189;99;66m[48;2;140;74;49m▀[0m[38;2;140;74;49m[48;2;0;0;0m▀[0m[38;2;74;132;148m[48;2;0;0;0m▀[0m[38;2;0;0;0m▀    
   [38;2;0;0;0m▀[38;2;74;132;148m[48;2;0;0;0m▀[0m[38;2;74;132;148m[48;2;0;0;0m▀[0m[38;2;74;132;148m[48;2;0;0;0m▀[0m[38;2;65;65;65m[48;2;0;0;0m▀[0m[38;2;0;0;0m▀[38;2;74;132;148m[48;2;0;0;0m▀[0m[38;2;74;132;148m[48;2;0;0;0m▀[0m[38;2;74;132;148m[48;2;65;65;65m▀[0m[38;2;140;74;49m[48;2;65;65;65m▀[0m[38;2;140;74;49m[48;2;0;0;0m▀[0m[38;2;0;0;0m▀       
          [38;2;0;0;0m[48;2;0;0;0m▀[0m[38;2;74;132;148m[48;2;74;132;148m▀[0m[38;2;74;132;148m[48;2;66;107;115m▀[0m[38;2;0;0;0m[48;2;0;0;0m▀[0m        
           [38;2;0;0;0m▀[38;2;0;0;0m▀         
[0m
