        [38;2;0;4;0m▄[38;2;0;4;0m▄[38;2;0;4;0m[48;2;255;85;99m▀[0m[38;2;0;4;0m[48;2;255;85;99m▀[0m[38;2;0;4;0m[48;2;255;85;99m▀[0m[38;2;0;4;0m[48;2;255;85;99m▀[0m[38;2;0;4;0m[48;2;255;85;99m▀[0m[38;2;0;4;0m[48;2;255;85;99m▀[0m[38;2;0;4;0m▄[38;2;0;4;0m▄[38;2;0;4;0m▄        
     [38;2;0;4;0m▄[38;2;0;4;0m[48;2;255;85;99m▀[0m[38;2;0;4;0m[48;2;127;44;49m▀[0m[38;2;255;85;96m[48;2;255;85;96m▀[0m[38;2;255;85;96m[48;2;255;85;96m▀[0m[38;2;255;85;96m[48;2;255;85;96m▀[0m[38;2;255;85;96m[48;2;255;85;96m▀[0m[38;2;255;85;96m[48;2;255;85;96m▀[0m[38;2;255;85;96m[48;2;255;85;96m▀[0m[38;2;255;85;96m[48;2;255;85;96m▀[0m[38;2;255;85;96m[48;2;255;85;96m▀[0m[38;2;131;42;53m[48;2;131;42;53m▀[0m[38;2;255;85;99m[48;2;255;85;99m▀[0m[38;2;255;85;99m[48;2;255;85;99m▀[0m[38;2;0;4;0m[48;2;255;85;99m▀[0m[38;2;0;4;0m[48;2;255;85;99m▀[0m[38;2;0;4;0m▄     
   [38;2;0;4;0m▄[38;2;0;4;0m[48;2;255;85;99m▀[0m[38;2;255;85;99m[48;2;255;85;99m▀[0m[38;2;255;85;99m[48;2;255;85;99m▀[0m[38;2;131;42;53m[48;2;131;42;53m▀[0m[38;2;255;85;96m[48;2;255;85;96m▀[0m[38;2;255;85;96m[48;2;255;85;96m▀[0m[38;2;255;85;96m[48;2;255;85;96m▀[0m[38;2;255;85;96m[48;2;255;85;96m▀[0m[38;2;255;85;96m[48;2;255;85;96m▀[0m[38;2;255;85;96m[48;2;255;85;96m▀[0m[38;2;255;85;99m[48;2;255;85;99m▀[0m[38;2;131;42;53m[48;2;131;42;53m▀[0m[38;2;255;85;96m[48;2;255;85;96m▀[0m[38;2;255;85;96m[48;2;255;85;96m▀[0m[38;2;255;85;96m[48;2;255;85;96m▀[0m[38;2;255;85;96m[48;2;255;85;96m▀[0m[38;2;255;85;96m[48;2;255;85;96m▀[0m[38;2;255;85;96m[48;2;255;85;96m▀[0m[38;2;0;4;0m[48;2;255;85;99m▀[0m[38;2;0;4;0m▄   
  [38;2;0;4;0m▄[38;2;0;4;0m[48;2;189;60;90m▀[0m[38;2;131;42;53m[48;2;131;42;53m▀[0m[38;2;255;85;99m[48;2;255;85;99m▀[0m[38;2;255;85;96m[48;2;255;85;96m▀[0m[38;2;255;85;96m[48;2;255;85;96m▀[0m[38;2;131;42;53m[48;2;131;42;53m▀[0m[38;2;255;85;99m[48;2;255;85;99m▀[0m[38;2;231;113;140m[48;2;57;73;74m▀[0m[38;2;57;73;74m[48;2;173;99;118m▀[0m[38;2;255;85;99m[48;2;66;65;66m▀[0m[38;2;255;85;99m[48;2;255;85;99m▀[0m[38;2;255;85;99m[48;2;131;42;53m▀[0m[38;2;131;42;53m[48;2;255;85;99m▀[0m[38;2;255;85;99m[48;2;193;60;90m▀[0m[38;2;255;85;99m[48;2;255;85;99m▀[0m[38;2;255;85;99m[48;2;193;60;90m▀[0m[38;2;255;85;99m[48;2;255;85;99m▀[0m[38;2;255;85;99m[48;2;193;60;90m▀[0m[38;2;255;85;99m[48;2;255;85;99m▀[0m[38;2;255;85;107m[48;2;101;33;41m▀[0m[38;2;24;8;8m[48;2;178;59;74m▀[0m[38;2;0;4;0m▄  
  [38;2;0;4;0m▀[38;2;189;60;90m[48;2;0;4;0m▀[0m[38;2;193;60;90m[48;2;193;60;90m▀[0m[38;2;132;40;57m[48;2;132;40;57m▀[0m[38;2;57;73;74m[48;2;173;99;118m▀[0m[38;2;231;113;140m[48;2;57;73;74m▀[0m[38;2;132;56;71m[48;2;198;52;82m▀[0m[38;2;66;60;60m[48;2;66;60;60m▀[0m[38;2;104;105;142m[48;2;140;142;181m▀[0m[38;2;140;142;181m[48;2;140;142;181m▀[0m[38;2;74;60;57m[48;2;173;117;156m▀[0m[38;2;140;98;123m[48;2;74;60;57m▀[0m[38;2;132;40;57m[48;2;193;60;90m▀[0m[38;2;193;60;90m[48;2;193;60;90m▀[0m[38;2;255;77;99m[48;2;66;65;66m▀[0m[38;2;192;73;88m[48;2;66;65;66m▀[0m[38;2;255;85;99m[48;2;193;60;90m▀[0m[38;2;193;60;90m[48;2;193;60;90m▀[0m[38;2;255;85;99m[48;2;132;40;57m▀[0m[38;2;132;40;57m[48;2;193;62;78m▀[0m[38;2;192;61;90m[48;2;192;61;90m▀[0m[38;2;192;61;90m[48;2;192;61;90m▀[0m[38;2;0;4;0m[48;2;189;60;90m▀[0m[38;2;0;4;0m▄ 
    [38;2;0;4;0m▀[38;2;66;64;66m[48;2;0;4;0m▀[0m[38;2;140;141;181m[48;2;140;141;181m▀[0m[38;2;140;141;181m[48;2;140;141;181m▀[0m[38;2;66;60;66m[48;2;140;138;181m▀[0m[38;2;140;138;181m[48;2;115;112;142m▀[0m[38;2;140;141;181m[48;2;140;141;181m▀[0m[38;2;140;141;181m[48;2;140;141;181m▀[0m[38;2;140;138;181m[48;2;140;138;181m▀[0m[38;2;66;60;66m[48;2;115;112;142m▀[0m[38;2;66;65;66m[48;2;140;142;181m▀[0m[38;2;66;65;66m[48;2;140;142;181m▀[0m[38;2;140;142;181m[48;2;140;142;181m▀[0m[38;2;66;65;66m[48;2;66;65;66m▀[0m[38;2;193;60;90m[48;2;132;40;57m▀[0m[38;2;132;40;57m[48;2;193;60;90m▀[0m[38;2;192;61;90m[48;2;192;61;90m▀[0m[38;2;192;61;90m[48;2;192;61;90m▀[0m[38;2;189;60;90m[48;2;189;60;90m▀[0m[38;2;189;60;90m[48;2;0;4;0m▀[0m[38;2;189;60;90m[48;2;0;4;0m▀[0m[38;2;0;4;0m▀ 
   [38;2;0;4;0m▄[38;2;8;12;8m[48;2;148;146;189m▀[0m[38;2;54;56;68m[48;2;101;101;128m▀[0m[38;2;140;142;181m[48;2;140;142;181m▀[0m[38;2;104;105;142m[48;2;140;142;181m▀[0m[38;2;142;140;178m[48;2;66;73;123m▀[0m[38;2;104;106;150m[48;2;66;73;123m▀[0m[38;2;142;141;181m[48;2;104;105;140m▀[0m[38;2;104;105;140m[48;2;142;141;181m▀[0m[38;2;140;141;181m[48;2;140;141;181m▀[0m[38;2;140;141;181m[48;2;140;141;181m▀[0m[38;2;140;141;181m[48;2;140;141;181m▀[0m[38;2;140;141;181m[48;2;140;141;181m▀[0m[38;2;104;106;150m[48;2;142;140;178m▀[0m[38;2;66;73;123m[48;2;142;140;178m▀[0m[38;2;66;65;66m[48;2;140;142;181m▀[0m[38;2;66;65;66m[48;2;140;142;181m▀[0m[38;2;189;60;90m[48;2;0;4;0m▀[0m[38;2;0;4;0m▀[38;2;0;4;0m▀    
 [38;2;0;4;0m▄[38;2;0;4;0m▄[38;2;0;4;0m[48;2;189;60;90m▀[0m[38;2;66;65;66m[48;2;66;65;66m▀[0m[38;2;140;142;181m[48;2;66;65;66m▀[0m[38;2;140;142;181m[48;2;140;142;181m▀[0m[38;2;66;73;123m[48;2;66;73;123m▀[0m[38;2;231;190;66m[48;2;231;190;66m▀[0m[38;2;255;255;255m[48;2;231;190;66m▀[0m[38;2;66;73;123m[48;2;66;73;123m▀[0m[38;2;140;142;181m[48;2;140;142;181m▀[0m[38;2;140;141;181m[48;2;140;141;181m▀[0m[38;2;140;141;181m[48;2;140;141;181m▀[0m[38;2;140;142;181m[48;2;140;142;181m▀[0m[38;2;140;142;181m[48;2;66;65;66m▀[0m[38;2;140;142;181m[48;2;66;65;66m▀[0m[38;2;140;142;181m[48;2;66;65;66m▀[0m[38;2;104;104;142m[48;2;104;104;142m▀[0m[38;2;0;4;0m[48;2;104;104;142m▀[0m[38;2;0;4;0m▄[38;2;0;4;0m▄[38;2;0;4;0m▄    
[38;2;0;4;0m▀[38;2;189;60;90m[48;2;0;4;0m▀[0m[38;2;132;40;57m[48;2;193;60;90m▀[0m[38;2;132;40;57m[48;2;193;60;90m▀[0m[38;2;66;65;66m[48;2;66;65;66m▀[0m[38;2;231;235;239m[48;2;231;235;239m▀[0m[38;2;49;50;60m[48;2;8;8;0m▀[0m[38;2;90;92;120m[48;2;132;134;181m▀[0m[38;2;255;203;49m[48;2;66;73;123m▀[0m[38;2;192;159;73m[48;2;66;73;123m▀[0m[38;2;66;73;123m[48;2;140;142;181m▀[0m[38;2;140;142;181m[48;2;140;142;181m▀[0m[38;2;148;146;181m[48;2;54;59;60m▀[0m[38;2;54;59;60m[48;2;8;16;0m▀[0m[38;2;107;44;49m[48;2;156;113;115m▀[0m[38;2;255;251;247m[48;2;255;251;247m▀[0m[38;2;60;63;71m[48;2;60;63;71m▀[0m[38;2;99;101;148m[48;2;79;82;109m▀[0m[38;2;120;74;95m[48;2;60;71;76m▀[0m[38;2;60;71;76m[48;2;181;77;115m▀[0m[38;2;66;44;49m[48;2;129;55;62m▀[0m[38;2;255;77;90m[48;2;129;55;62m▀[0m[38;2;255;85;99m[48;2;127;44;49m▀[0m[38;2;0;4;0m[48;2;255;85;99m▀[0m[38;2;0;4;0m[48;2;255;85;99m▀[0m[38;2;0;4;0m[48;2;255;85;99m▀[0m[38;2;0;4;0m▄
  [38;2;0;4;0m▀[38;2;0;4;0m▀[38;2;0;4;0m▀[38;2;66;64;66m[48;2;0;4;0m▀[0m[38;2;222;85;82m[48;2;118;117;153m▀[0m[38;2;118;117;153m[48;2;118;117;153m▀[0m[38;2;140;142;181m[48;2;66;65;66m▀[0m[38;2;140;142;181m[48;2;140;142;181m▀[0m[38;2;140;142;181m[48;2;140;142;181m▀[0m[38;2;66;65;66m[48;2;140;142;181m▀[0m[38;2;247;247;247m[48;2;82;82;82m▀[0m[38;2;0;0;0m[48;2;82;82;82m▀[0m[38;2;214;93;99m[48;2;66;73;82m▀[0m[38;2;66;73;82m[48;2;115;79;87m▀[0m[38;2;104;104;142m[48;2;104;104;142m▀[0m[38;2;104;104;142m[48;2;0;4;0m▀[0m[38;2;0;4;0m▀[38;2;0;4;0m▀[38;2;189;60;90m[48;2;0;4;0m▀[0m[38;2;189;60;90m[48;2;0;4;0m▀[0m[38;2;189;60;90m[48;2;0;4;0m▀[0m[38;2;189;60;90m[48;2;0;4;0m▀[0m[38;2;0;4;0m▀[38;2;0;4;0m▀ 
      [38;2;0;4;0m▀[38;2;107;105;140m[48;2;0;4;0m▀[0m[38;2;104;105;142m[48;2;66;65;66m▀[0m[38;2;104;105;142m[48;2;104;105;142m▀[0m[38;2;104;105;139m[48;2;66;73;123m▀[0m[38;2;104;105;139m[48;2;66;73;123m▀[0m[38;2;90;95;134m[48;2;255;255;255m▀[0m[38;2;90;95;134m[48;2;90;95;134m▀[0m[38;2;104;105;142m[48;2;66;65;66m▀[0m[38;2;104;105;142m[48;2;66;65;66m▀[0m[38;2;66;65;66m[48;2;192;61;88m▀[0m[38;2;192;61;88m[48;2;192;61;88m▀[0m[38;2;0;4;0m[48;2;0;4;0m▀[0m        
      [38;2;0;4;0m▄[38;2;0;4;0m[48;2;107;105;140m▀[0m[38;2;192;73;88m[48;2;66;65;66m▀[0m[38;2;66;65;66m[48;2;255;77;99m▀[0m[38;2;74;60;57m[48;2;134;67;68m▀[0m[38;2;74;60;57m[48;2;255;81;90m▀[0m[38;2;74;60;57m[48;2;255;81;90m▀[0m[38;2;74;60;57m[48;2;134;67;68m▀[0m[38;2;255;85;96m[48;2;255;85;96m▀[0m[38;2;255;85;96m[48;2;255;85;96m▀[0m[38;2;172;59;79m[48;2;255;89;115m▀[0m[38;2;172;59;79m[48;2;8;0;8m▀[0m[38;2;52;55;60m[48;2;140;142;181m▀[0m[38;2;8;12;0m[48;2;140;142;181m▀[0m[38;2;0;4;0m▄      
    [38;2;0;4;0m▄[38;2;0;4;0m[48;2;189;190;189m▀[0m[38;2;104;105;142m[48;2;104;105;142m▀[0m[38;2;104;105;142m[48;2;0;0;0m▀[0m[38;2;0;0;0m▀[38;2;0;0;0m▀[38;2;255;89;99m[48;2;0;16;16m▀[0m[38;2;255;89;99m[48;2;85;40;43m▀[0m[38;2;255;85;99m[48;2;66;65;66m▀[0m[38;2;255;85;99m[48;2;66;65;66m▀[0m[38;2;90;60;60m[48;2;90;60;60m▀[0m[38;2;90;60;60m[48;2;140;142;181m▀[0m[38;2;0;0;0m[48;2;0;0;0m▀[0m [38;2;0;0;0m[48;2;0;0;0m▀[0m[38;2;140;142;181m[48;2;140;142;181m▀[0m[38;2;159;162;175m[48;2;79;81;95m▀[0m[38;2;0;0;16m[48;2;239;243;255m▀[0m[38;2;0;4;0m▄[38;2;0;4;0m▄   
  [38;2;0;4;0m▄[38;2;0;4;0m[48;2;189;190;189m▀[0m[38;2;189;190;189m[48;2;66;65;66m▀[0m[38;2;189;190;189m[48;2;189;190;189m▀[0m[38;2;0;0;0m[48;2;0;0;0m▀[0m  [38;2;0;0;0m▄[38;2;0;0;0m[48;2;140;142;181m▀[0m[38;2;140;142;181m[48;2;140;142;181m▀[0m[38;2;140;141;181m[48;2;140;141;181m▀[0m[38;2;140;141;181m[48;2;140;141;181m▀[0m[38;2;140;141;181m[48;2;140;141;181m▀[0m[38;2;140;141;181m[48;2;140;141;181m▀[0m[38;2;0;0;0m[48;2;140;142;181m▀[0m[38;2;0;0;0m▄ [38;2;0;4;0m[48;2;0;4;0m▀[0m[38;2;66;73;123m[48;2;255;255;255m▀[0m[38;2;255;255;255m[48;2;255;255;255m▀[0m[38;2;255;255;255m[48;2;129;139;161m▀[0m[38;2;66;81;115m[48;2;255;255;255m▀[0m[38;2;0;4;0m[48;2;0;4;0m▀[0m  
  [38;2;0;0;0m▀[38;2;189;190;189m[48;2;0;0;0m▀[0m[38;2;63;63;63m[48;2;189;190;189m▀[0m[38;2;0;0;0m[48;2;0;0;0m▀[0m  [38;2;0;0;0m[48;2;0;0;0m▀[0m[38;2;140;142;181m[48;2;140;142;181m▀[0m[38;2;148;146;189m[48;2;54;54;68m▀[0m[38;2;101;100;128m[48;2;8;8;8m▀[0m[38;2;0;0;0m▀[38;2;0;0;0m▀[38;2;140;142;181m[48;2;0;0;0m▀[0m[38;2;140;142;181m[48;2;140;142;181m▀[0m[38;2;140;142;181m[48;2;140;142;181m▀[0m[38;2;0;0;0m[48;2;0;0;0m▀[0m [38;2;0;4;0m▀[38;2;255;255;255m[48;2;0;12;8m▀[0m[38;2;127;133;131m[48;2;255;255;255m▀[0m[38;2;255;255;255m[48;2;135;145;148m▀[0m[38;2;135;145;148m[48;2;135;145;148m▀[0m[38;2;255;255;255m[48;2;255;255;255m▀[0m[38;2;0;4;0m[48;2;0;4;0m▀[0m 
    [38;2;0;0;0m▀[38;2;0;0;0m▀ [38;2;0;0;0m▄[38;2;0;0;0m[48;2;104;105;142m▀[0m[38;2;104;105;142m[48;2;104;105;142m▀[0m[38;2;104;105;142m[48;2;104;105;142m▀[0m[38;2;0;0;0m[48;2;104;105;142m▀[0m[38;2;0;0;0m▄  [38;2;0;0;0m[48;2;0;0;0m▀[0m[38;2;104;105;142m[48;2;104;105;142m▀[0m[38;2;66;65;66m[48;2;104;105;142m▀[0m[38;2;0;0;0m[48;2;0;0;0m▀[0m [38;2;0;4;0m▀[38;2;255;255;255m[48;2;0;4;0m▀[0m[38;2;127;133;131m[48;2;0;12;8m▀[0m[38;2;255;255;255m[48;2;255;255;255m▀[0m[38;2;140;146;148m[48;2;0;4;0m▀[0m[38;2;0;4;0m▀ 
      [38;2;0;0;0m▀[38;2;189;190;189m[48;2;0;0;0m▀[0m[38;2;63;63;63m[48;2;0;0;0m▀[0m[38;2;189;190;189m[48;2;0;0;0m▀[0m[38;2;0;0;0m▀[38;2;0;0;0m▀ [38;2;0;0;0m▄[38;2;0;0;0m[48;2;239;243;255m▀[0m[38;2;159;162;170m[48;2;79;81;85m▀[0m[38;2;140;138;181m[48;2;140;138;181m▀[0m[38;2;115;112;142m[48;2;66;60;66m▀[0m[38;2;123;123;127m[48;2;247;247;255m▀[0m[38;2;0;0;0m[48;2;0;0;0m▀[0m   [38;2;0;4;0m▀   
              [38;2;0;0;0m▀[38;2;0;0;0m▀[38;2;255;255;255m[48;2;0;0;0m▀[0m[38;2;0;0;0m▀[38;2;0;0;0m▀        
[0m
