[38;2;0;0;0m[48;2;0;0;0m▀[0m[38;2;0;0;0m[48;2;103;103;90m▀[0m[38;2;0;0;0m[48;2;103;103;90m▀[0m[38;2;0;0;0m▄[38;2;0;0;0m▄                               
 [38;2;0;0;0m▀[38;2;103;103;90m[48;2;0;0;0m▀[0m[38;2;107;101;90m[48;2;82;78;69m▀[0m[38;2;82;78;69m[48;2;82;78;69m▀[0m[38;2;0;0;0m[48;2;82;79;70m▀[0m[38;2;0;0;0m▄  [38;2;0;0;0m▄[38;2;0;0;0m▄                [38;2;0;0;0m▄[38;2;0;0;0m▄[38;2;0;0;0m▄[38;2;0;0;0m▄     
 [38;2;0;0;0m▄[38;2;0;0;0m[48;2;82;79;70m▀[0m[38;2;82;79;68m[48;2;82;79;68m▀[0m[38;2;82;79;68m[48;2;82;79;68m▀[0m[38;2;82;79;68m[48;2;82;79;68m▀[0m[38;2;0;0;0m[48;2;82;79;68m▀[0m[38;2;0;0;0m▄[38;2;0;0;0m[48;2;74;121;165m▀[0m[38;2;82;154;206m[48;2;73;122;164m▀[0m[38;2;82;154;206m[48;2;73;122;164m▀[0m[38;2;0;0;0m[48;2;82;154;206m▀[0m[38;2;0;0;0m[48;2;82;154;206m▀[0m[38;2;0;0;0m▄        [38;2;0;0;0m▄[38;2;0;0;0m▄[38;2;0;0;0m▄[38;2;0;0;0m[48;2;103;103;90m▀[0m[38;2;0;0;0m[48;2;103;103;90m▀[0m[38;2;104;103;93m[48;2;104;103;93m▀[0m[38;2;104;103;93m[48;2;104;103;93m▀[0m[38;2;104;103;93m[48;2;104;103;93m▀[0m[38;2;104;103;93m[48;2;104;103;93m▀[0m[38;2;0;0;0m[48;2;103;103;90m▀[0m[38;2;0;0;0m[48;2;103;103;90m▀[0m[38;2;0;0;0m[48;2;103;103;90m▀[0m[38;2;0;0;0m[48;2;103;103;90m▀[0m[38;2;0;0;0m▄
 [38;2;0;0;0m▀[38;2;82;79;70m[48;2;0;0;0m▀[0m[38;2;82;79;68m[48;2;82;79;68m▀[0m[38;2;82;79;68m[48;2;82;79;68m▀[0m[38;2;82;79;68m[48;2;82;79;68m▀[0m[38;2;82;79;68m[48;2;82;79;68m▀[0m[38;2;66;65;66m[48;2;66;65;66m▀[0m[38;2;137;181;192m[48;2;173;239;255m▀[0m[38;2;74;121;165m[48;2;181;243;255m▀[0m[38;2;181;243;255m[48;2;74;121;165m▀[0m[38;2;73;122;170m[48;2;107;182;231m▀[0m[38;2;90;152;200m[48;2;73;122;170m▀[0m[38;2;82;154;206m[48;2;82;154;206m▀[0m[38;2;0;0;0m[48;2;82;154;206m▀[0m[38;2;0;0;0m▄     [38;2;0;0;0m▀[38;2;103;103;90m[48;2;0;0;0m▀[0m[38;2;104;103;93m[48;2;104;103;93m▀[0m[38;2;104;103;93m[48;2;104;103;93m▀[0m[38;2;101;102;93m[48;2;79;79;71m▀[0m[38;2;101;102;93m[48;2;79;79;71m▀[0m[38;2;104;103;93m[48;2;104;103;93m▀[0m[38;2;104;103;93m[48;2;104;103;93m▀[0m[38;2;104;103;93m[48;2;104;103;93m▀[0m[38;2;104;103;93m[48;2;104;103;93m▀[0m[38;2;103;103;90m[48;2;103;103;90m▀[0m[38;2;103;103;90m[48;2;0;0;0m▀[0m[38;2;0;0;0m▀[38;2;0;0;0m▀ 
   [38;2;0;0;0m▀[38;2;82;79;70m[48;2;0;0;0m▀[0m[38;2;82;78;68m[48;2;82;78;68m▀[0m[38;2;66;65;66m[48;2;66;65;66m▀[0m[38;2;109;181;227m[48;2;181;243;255m▀[0m[38;2;109;181;227m[48;2;181;243;255m▀[0m[38;2;126;183;211m[48;2;181;243;255m▀[0m[38;2;71;124;167m[48;2;71;124;167m▀[0m[38;2;173;239;255m[48;2;119;180;214m▀[0m[38;2;66;121;173m[48;2;119;180;214m▀[0m[38;2;82;154;206m[48;2;73;122;164m▀[0m[38;2;82;154;206m[48;2;82;154;206m▀[0m[38;2;0;0;0m[48;2;82;154;206m▀[0m[38;2;0;0;0m▄      [38;2;0;0;0m[48;2;0;0;0m▀[0m[38;2;107;109;99m[48;2;71;72;66m▀[0m[38;2;104;103;93m[48;2;104;103;93m▀[0m[38;2;104;103;93m[48;2;104;103;93m▀[0m[38;2;79;79;71m[48;2;101;102;93m▀[0m[38;2;101;102;93m[48;2;79;79;71m▀[0m[38;2;104;103;93m[48;2;104;103;93m▀[0m[38;2;104;103;93m[48;2;104;103;93m▀[0m[38;2;0;0;0m[48;2;0;0;0m▀[0m    
     [38;2;0;0;0m[48;2;0;0;0m▀[0m[38;2;82;154;206m[48;2;82;154;206m▀[0m[38;2;73;122;164m[48;2;82;154;206m▀[0m[38;2;73;122;164m[48;2;82;154;206m▀[0m[38;2;73;122;164m[48;2;82;154;206m▀[0m[38;2;73;122;164m[48;2;73;122;164m▀[0m[38;2;181;243;255m[48;2;65;121;173m▀[0m[38;2;181;243;255m[48;2;123;182;214m▀[0m[38;2;73;122;164m[48;2;73;122;164m▀[0m[38;2;82;154;206m[48;2;82;154;206m▀[0m[38;2;82;154;206m[48;2;82;154;206m▀[0m[38;2;0;0;0m[48;2;0;0;0m▀[0m  [38;2;0;0;0m▄  [38;2;0;0;0m▄[38;2;0;4;0m[48;2;107;105;90m▀[0m[38;2;71;71;60m[48;2;107;105;90m▀[0m[38;2;102;103;90m[48;2;82;81;66m▀[0m[38;2;102;103;90m[48;2;102;103;90m▀[0m[38;2;104;103;93m[48;2;104;103;93m▀[0m[38;2;104;103;93m[48;2;104;103;93m▀[0m[38;2;104;103;93m[48;2;104;103;93m▀[0m[38;2;104;103;93m[48;2;104;103;93m▀[0m[38;2;0;0;0m[48;2;0;0;0m▀[0m    
    [38;2;0;0;0m[48;2;0;0;0m▀[0m[38;2;255;227;231m[48;2;189;173;181m▀[0m[38;2;123;119;131m[48;2;57;65;82m▀[0m[38;2;82;154;206m[48;2;66;65;66m▀[0m[38;2;82;154;206m[48;2;82;154;206m▀[0m[38;2;82;154;208m[48;2;82;154;208m▀[0m[38;2;82;154;208m[48;2;82;154;208m▀[0m[38;2;82;142;198m[48;2;82;142;198m▀[0m[38;2;82;142;198m[48;2;255;255;255m▀[0m[38;2;82;154;206m[48;2;73;122;164m▀[0m[38;2;82;154;206m[48;2;82;154;206m▀[0m[38;2;82;154;208m[48;2;82;154;208m▀[0m[38;2;82;154;208m[48;2;82;154;208m▀[0m[38;2;0;0;0m[48;2;63;79;82m▀[0m[38;2;0;0;0m[48;2;189;239;247m▀[0m[38;2;181;243;255m[48;2;181;243;255m▀[0m[38;2;0;0;0m[48;2;181;243;255m▀[0m[38;2;0;0;0m▄[38;2;0;0;0m[48;2;103;103;90m▀[0m[38;2;104;103;93m[48;2;104;103;93m▀[0m[38;2;104;103;93m[48;2;104;103;93m▀[0m[38;2;79;79;71m[48;2;79;79;71m▀[0m[38;2;101;102;93m[48;2;101;102;93m▀[0m[38;2;103;103;90m[48;2;0;0;0m▀[0m[38;2;0;0;0m▀[38;2;0;0;0m▀[38;2;0;0;0m▀[38;2;0;0;0m▀    
  [38;2;0;0;0m▄[38;2;8;24;16m[48;2;90;64;65m▀[0m[38;2;255;146;165m[48;2;172;105;115m▀[0m[38;2;255;134;156m[48;2;112;93;84m▀[0m[38;2;255;134;156m[48;2;183;113;120m▀[0m[38;2;247;138;165m[48;2;247;138;165m▀[0m[38;2;66;65;66m[48;2;247;138;165m▀[0m[38;2;49;73;82m[48;2;231;146;181m▀[0m[38;2;109;97;115m[48;2;49;73;82m▀[0m[38;2;0;0;0m[48;2;99;101;90m▀[0m[38;2;66;67;60m[48;2;0;0;0m▀[0m[38;2;255;255;255m[48;2;255;255;255m▀[0m[38;2;74;121;165m[48;2;74;121;165m▀[0m[38;2;82;154;208m[48;2;82;154;208m▀[0m[38;2;82;154;208m[48;2;82;154;208m▀[0m[38;2;66;65;66m[48;2;66;65;66m▀[0m[38;2;181;243;255m[48;2;181;243;255m▀[0m[38;2;181;235;247m[48;2;66;60;57m▀[0m[38;2;66;60;57m[48;2;104;118;120m▀[0m[38;2;104;103;93m[48;2;104;103;93m▀[0m[38;2;104;103;93m[48;2;104;103;93m▀[0m[38;2;104;103;93m[48;2;104;103;93m▀[0m[38;2;104;103;93m[48;2;104;103;93m▀[0m[38;2;103;103;90m[48;2;103;103;90m▀[0m[38;2;0;0;0m[48;2;0;0;0m▀[0m         
  [38;2;0;0;0m▀[38;2;231;231;231m[48;2;0;0;0m▀[0m[38;2;77;77;77m[48;2;77;77;77m▀[0m[38;2;104;103;93m[48;2;104;103;93m▀[0m[38;2;104;103;93m[48;2;104;103;93m▀[0m[38;2;192;103;117m[48;2;192;103;117m▀[0m[38;2;255;125;148m[48;2;66;60;57m▀[0m[38;2;66;65;66m[48;2;255;255;255m▀[0m[38;2;66;65;66m[48;2;66;65;66m▀[0m[38;2;0;0;0m[48;2;142;164;170m▀[0m[38;2;71;82;85m[48;2;214;247;255m▀[0m[38;2;255;255;255m[48;2;74;134;181m▀[0m[38;2;74;134;181m[48;2;74;134;181m▀[0m[38;2;115;154;164m[48;2;57;65;74m▀[0m[38;2;57;65;74m[48;2;173;243;255m▀[0m[38;2;181;235;247m[48;2;66;60;57m▀[0m[38;2;66;60;57m[48;2;104;118;120m▀[0m[38;2;103;103;90m[48;2;103;103;90m▀[0m[38;2;103;103;90m[48;2;66;65;66m▀[0m[38;2;99;101;90m[48;2;66;67;60m▀[0m[38;2;99;101;90m[48;2;0;0;0m▀[0m[38;2;0;0;0m▀[38;2;0;0;0m▀[38;2;0;0;0m▀[38;2;0;0;0m▀         
    [38;2;0;0;0m▀[38;2;0;0;0m▀[38;2;198;93;107m[48;2;0;0;0m▀[0m[38;2;189;105;123m[48;2;57;77;90m▀[0m[38;2;57;77;90m[48;2;101;86;101m▀[0m[38;2;255;255;255m[48;2;74;121;165m▀[0m[38;2;255;255;255m[48;2;74;121;165m▀[0m[38;2;71;70;68m[48;2;71;70;68m▀[0m[38;2;82;154;206m[48;2;71;70;68m▀[0m[38;2;66;65;66m[48;2;165;190;189m▀[0m[38;2;66;65;66m[48;2;165;190;189m▀[0m[38;2;181;243;255m[48;2;165;190;189m▀[0m[38;2;181;243;255m[48;2;181;243;255m▀[0m[38;2;189;243;255m[48;2;189;243;255m▀[0m[38;2;74;65;66m[48;2;150;183;192m▀[0m[38;2;66;65;66m[48;2;165;190;189m▀[0m[38;2;165;190;189m[48;2;165;190;189m▀[0m[38;2;0;0;0m[48;2;165;190;189m▀[0m[38;2;0;0;0m▄             
       [38;2;0;0;0m▀[38;2;0;0;0m▀[38;2;60;63;63m[48;2;8;0;0m▀[0m[38;2;60;63;63m[48;2;165;190;189m▀[0m[38;2;164;190;189m[48;2;164;190;189m▀[0m[38;2;164;190;189m[48;2;164;190;189m▀[0m[38;2;164;190;189m[48;2;164;190;189m▀[0m[38;2;164;190;189m[48;2;164;190;189m▀[0m[38;2;164;190;189m[48;2;164;190;189m▀[0m[38;2;164;190;189m[48;2;164;190;189m▀[0m[38;2;165;190;189m[48;2;90;133;144m▀[0m[38;2;165;190;189m[48;2;165;190;189m▀[0m[38;2;165;190;189m[48;2;99;106;101m▀[0m[38;2;165;190;189m[48;2;66;65;57m▀[0m[38;2;0;0;0m[48;2;66;65;66m▀[0m[38;2;0;0;0m▄   [38;2;0;0;0m▄[38;2;0;0;0m▄        
          [38;2;0;0;0m▀[38;2;156;195;198m[48;2;0;0;0m▀[0m[38;2;104;130;132m[48;2;0;0;0m▀[0m[38;2;165;190;189m[48;2;90;133;144m▀[0m[38;2;165;190;189m[48;2;165;190;189m▀[0m[38;2;148;190;206m[48;2;0;0;8m▀[0m[38;2;98;126;140m[48;2;0;0;8m▀[0m[38;2;66;67;60m[48;2;0;0;0m▀[0m[38;2;99;101;90m[48;2;99;101;90m▀[0m[38;2;66;65;66m[48;2;103;103;90m▀[0m[38;2;103;103;90m[48;2;66;65;66m▀[0m[38;2;148;100;104m[48;2;0;8;0m▀[0m[38;2;74;54;52m[48;2;222;146;156m▀[0m[38;2;0;0;0m[48;2;198;93;107m▀[0m[38;2;0;0;0m▄[38;2;0;8;8m[48;2;189;97;107m▀[0m[38;2;189;97;107m[48;2;94;52;57m▀[0m[38;2;198;93;107m[48;2;0;0;0m▀[0m[38;2;0;0;0m▀       
             [38;2;0;0;0m▀[38;2;0;0;0m▀   [38;2;0;0;0m▀[38;2;0;0;0m▀[38;2;0;0;0m▀ [38;2;0;0;0m▀[38;2;0;0;0m▀[38;2;247;138;165m[48;2;0;0;0m▀[0m[38;2;66;65;66m[48;2;247;138;165m▀[0m[38;2;66;65;66m[48;2;247;138;165m▀[0m[38;2;247;142;165m[48;2;82;50;55m▀[0m[38;2;0;4;0m[48;2;0;4;0m▀[0m       
                         [38;2;0;0;0m▀[38;2;0;0;0m▀[38;2;0;0;0m▀        
[0m
