 [38;2;0;0;0m▄[38;2;0;0;0m[48;2;247;107;99m▀[0m[38;2;0;0;0m[48;2;247;107;99m▀[0m[38;2;0;0;0m▄[38;2;0;0;0m▄[38;2;0;0;0m▄                    
[38;2;0;0;0m▀[38;2;247;107;99m[48;2;0;0;0m▀[0m[38;2;247;107;99m[48;2;140;58;58m▀[0m[38;2;247;107;99m[48;2;197;82;74m▀[0m[38;2;247;107;99m[48;2;247;107;99m▀[0m[38;2;247;107;99m[48;2;247;107;99m▀[0m[38;2;247;107;99m[48;2;247;107;99m▀[0m[38;2;0;0;0m[48;2;247;107;99m▀[0m[38;2;0;0;0m[48;2;247;107;99m▀[0m[38;2;0;0;0m[48;2;247;107;99m▀[0m[38;2;0;0;0m▄[38;2;0;0;0m▄[38;2;0;0;0m▄              
[38;2;0;0;0m▀[38;2;140;58;58m[48;2;0;0;0m▀[0m[38;2;140;58;58m[48;2;0;0;0m▀[0m[38;2;140;58;58m[48;2;0;0;0m▀[0m[38;2;140;58;58m[48;2;140;58;58m▀[0m[38;2;140;58;58m[48;2;140;58;58m▀[0m[38;2;197;82;74m[48;2;140;58;58m▀[0m[38;2;247;107;99m[48;2;140;58;58m▀[0m[38;2;247;107;99m[48;2;140;58;58m▀[0m[38;2;247;107;99m[48;2;197;82;74m▀[0m[38;2;247;107;99m[48;2;247;107;99m▀[0m[38;2;247;107;99m[48;2;247;107;99m▀[0m[38;2;247;107;99m[48;2;247;107;99m▀[0m[38;2;0;0;0m[48;2;247;107;99m▀[0m[38;2;0;0;0m[48;2;247;107;99m▀[0m[38;2;0;0;0m[48;2;247;107;99m▀[0m[38;2;0;0;0m▄[38;2;0;0;0m▄[38;2;0;0;0m▄        
   [38;2;0;0;0m[48;2;0;0;0m▀[0m[38;2;65;65;65m[48;2;189;165;132m▀[0m[38;2;65;65;65m[48;2;65;65;65m▀[0m[38;2;65;65;65m[48;2;222;206;181m▀[0m[38;2;140;58;58m[48;2;65;65;65m▀[0m[38;2;140;58;58m[48;2;65;65;65m▀[0m[38;2;140;58;58m[48;2;65;65;65m▀[0m[38;2;140;58;58m[48;2;140;58;58m▀[0m[38;2;140;58;58m[48;2;140;58;58m▀[0m[38;2;197;82;74m[48;2;140;58;58m▀[0m[38;2;247;107;99m[48;2;140;58;58m▀[0m[38;2;247;107;99m[48;2;140;58;58m▀[0m[38;2;247;107;99m[48;2;197;82;74m▀[0m[38;2;247;107;99m[48;2;247;107;99m▀[0m[38;2;247;107;99m[48;2;247;107;99m▀[0m[38;2;247;107;99m[48;2;247;107;99m▀[0m[38;2;0;0;0m[48;2;247;107;99m▀[0m[38;2;0;0;0m[48;2;247;107;99m▀[0m[38;2;0;0;0m[48;2;247;107;99m▀[0m[38;2;0;0;0m▄[38;2;0;0;0m▄[38;2;0;0;0m▄  
  [38;2;0;0;0m[48;2;0;0;0m▀[0m[38;2;189;82;148m[48;2;189;165;132m▀[0m[38;2;189;165;132m[48;2;189;165;132m▀[0m[38;2;65;65;65m[48;2;189;165;132m▀[0m[38;2;189;165;132m[48;2;65;65;65m▀[0m[38;2;222;206;181m[48;2;222;206;181m▀[0m[38;2;222;206;181m[48;2;222;206;181m▀[0m[38;2;222;206;181m[48;2;222;206;181m▀[0m[38;2;65;65;65m[48;2;222;206;181m▀[0m[38;2;65;65;65m[48;2;222;206;181m▀[0m[38;2;65;65;65m[48;2;222;206;181m▀[0m[38;2;140;58;58m[48;2;65;65;65m▀[0m[38;2;140;58;58m[48;2;65;65;65m▀[0m[38;2;140;58;58m[48;2;65;65;65m▀[0m[38;2;140;58;58m[48;2;140;58;58m▀[0m[38;2;140;58;58m[48;2;140;58;58m▀[0m[38;2;197;82;74m[48;2;140;58;58m▀[0m[38;2;247;107;99m[48;2;140;58;58m▀[0m[38;2;247;107;99m[48;2;140;58;58m▀[0m[38;2;247;107;99m[48;2;197;82;74m▀[0m[38;2;247;107;99m[48;2;247;107;99m▀[0m[38;2;247;107;99m[48;2;247;107;99m▀[0m[38;2;247;107;99m[48;2;140;58;58m▀[0m[38;2;0;0;0m[48;2;140;58;58m▀[0m[38;2;0;0;0m▄
  [38;2;0;0;0m▀[38;2;189;165;132m[48;2;0;0;0m▀[0m[38;2;189;165;132m[48;2;189;165;132m▀[0m[38;2;65;65;65m[48;2;65;65;65m▀[0m[38;2;189;165;132m[48;2;189;165;132m▀[0m[38;2;222;206;181m[48;2;140;123;115m▀[0m[38;2;222;206;181m[48;2;222;206;181m▀[0m[38;2;222;206;181m[48;2;222;206;181m▀[0m[38;2;222;206;181m[48;2;140;123;115m▀[0m[38;2;222;206;181m[48;2;222;206;181m▀[0m[38;2;222;206;181m[48;2;140;123;115m▀[0m[38;2;222;206;181m[48;2;140;123;115m▀[0m[38;2;222;206;181m[48;2;222;206;181m▀[0m[38;2;222;206;181m[48;2;222;206;181m▀[0m[38;2;65;65;65m[48;2;222;206;181m▀[0m[38;2;65;65;65m[48;2;65;65;65m▀[0m[38;2;65;65;65m[48;2;222;206;181m▀[0m[38;2;140;58;58m[48;2;65;65;65m▀[0m[38;2;140;58;58m[48;2;65;65;65m▀[0m[38;2;140;58;58m[48;2;0;0;0m▀[0m[38;2;140;58;58m[48;2;65;65;65m▀[0m[38;2;140;58;58m[48;2;65;65;65m▀[0m[38;2;65;65;65m[48;2;140;58;58m▀[0m[38;2;65;65;65m[48;2;0;0;0m▀[0m[38;2;0;0;0m▀
   [38;2;0;0;0m[48;2;0;0;0m▀[0m[38;2;165;66;107m[48;2;189;82;148m▀[0m[38;2;189;82;148m[48;2;189;82;148m▀[0m[38;2;65;65;65m[48;2;65;65;65m▀[0m[38;2;189;165;132m[48;2;140;58;58m▀[0m[38;2;140;58;58m[48;2;247;107;99m▀[0m[38;2;140;58;58m[48;2;197;82;74m▀[0m[38;2;189;165;132m[48;2;140;58;58m▀[0m[38;2;140;123;115m[48;2;255;255;255m▀[0m[38;2;0;0;0m[48;2;255;255;255m▀[0m[38;2;255;255;255m[48;2;255;255;255m▀[0m[38;2;222;206;181m[48;2;65;65;65m▀[0m[38;2;222;206;181m[48;2;65;65;65m▀[0m[38;2;65;65;65m[48;2;222;206;181m▀[0m[38;2;222;206;181m[48;2;222;206;181m▀[0m[38;2;222;206;181m[48;2;222;206;181m▀[0m[38;2;222;206;181m[48;2;222;115;197m▀[0m[38;2;0;0;0m[48;2;0;0;0m▀[0m [38;2;0;0;0m▀[38;2;0;0;0m▀[38;2;0;0;0m▀  
    [38;2;0;0;0m▀[38;2;189;82;148m[48;2;0;0;0m▀[0m[38;2;189;82;148m[48;2;0;0;0m▀[0m[38;2;65;65;65m[48;2;222;115;197m▀[0m[38;2;197;82;74m[48;2;65;65;65m▀[0m[38;2;197;82;74m[48;2;65;65;65m▀[0m[38;2;65;65;65m[48;2;140;123;115m▀[0m[38;2;189;165;132m[48;2;140;123;115m▀[0m[38;2;189;165;132m[48;2;140;123;115m▀[0m[38;2;65;65;65m[48;2;65;65;65m▀[0m[38;2;65;65;65m[48;2;222;115;197m▀[0m[38;2;222;115;197m[48;2;222;115;197m▀[0m[38;2;222;206;181m[48;2;189;82;148m▀[0m[38;2;222;206;181m[48;2;222;206;181m▀[0m[38;2;222;115;197m[48;2;222;206;181m▀[0m[38;2;222;115;197m[48;2;0;0;0m▀[0m[38;2;0;0;0m▀      
      [38;2;0;0;0m▄[38;2;0;0;0m[48;2;189;82;148m▀[0m[38;2;222;115;197m[48;2;140;123;115m▀[0m[38;2;222;206;181m[48;2;222;206;181m▀[0m[38;2;222;206;181m[48;2;222;115;197m▀[0m[38;2;222;115;197m[48;2;222;115;197m▀[0m[38;2;222;115;197m[48;2;222;206;181m▀[0m[38;2;65;65;65m[48;2;222;206;181m▀[0m[38;2;222;115;197m[48;2;65;65;65m▀[0m[38;2;222;115;197m[48;2;222;115;197m▀[0m[38;2;222;115;197m[48;2;222;115;197m▀[0m[38;2;189;82;148m[48;2;222;115;197m▀[0m[38;2;189;82;148m[48;2;0;0;0m▀[0m[38;2;0;0;0m▀       
     [38;2;0;0;0m[48;2;0;0;0m▀[0m[38;2;189;165;132m[48;2;189;165;132m▀[0m[38;2;189;82;148m[48;2;189;165;132m▀[0m[38;2;189;165;132m[48;2;189;165;132m▀[0m[38;2;140;123;115m[48;2;140;123;115m▀[0m[38;2;222;206;181m[48;2;189;165;132m▀[0m[38;2;222;206;181m[48;2;189;165;132m▀[0m[38;2;222;206;181m[48;2;140;123;115m▀[0m[38;2;140;123;115m[48;2;222;115;197m▀[0m[38;2;140;123;115m[48;2;189;82;148m▀[0m[38;2;65;65;65m[48;2;0;0;0m▀[0m[38;2;0;0;0m▀[38;2;0;0;0m▀         
      [38;2;0;0;0m▀[38;2;189;165;132m[48;2;0;0;0m▀[0m[38;2;189;165;132m[48;2;0;0;0m▀[0m[38;2;189;165;132m[48;2;0;0;0m▀[0m[38;2;189;165;132m[48;2;0;0;0m▀[0m[38;2;189;165;132m[48;2;222;206;181m▀[0m[38;2;189;82;148m[48;2;222;206;181m▀[0m[38;2;189;82;148m[48;2;189;165;132m▀[0m[38;2;189;165;132m[48;2;140;123;115m▀[0m[38;2;189;165;132m[48;2;140;123;115m▀[0m[38;2;0;0;0m[48;2;0;0;0m▀[0m          
           [38;2;0;0;0m▀[38;2;0;0;0m▀[38;2;140;123;115m[48;2;0;0;0m▀[0m[38;2;189;165;132m[48;2;0;0;0m▀[0m[38;2;65;65;65m[48;2;0;0;0m▀[0m[38;2;0;0;0m▀          
[0m
