          [38;2;0;0;0m▄ [38;2;0;0;0m▄[38;2;0;0;0m[48;2;255;255;255m▀[0m[38;2;0;0;0m▄             
         [38;2;0;0;0m[48;2;0;0;0m▀[0m[38;2;255;255;255m[48;2;255;255;255m▀[0m[38;2;16;12;16m[48;2;95;93;95m▀[0m[38;2;95;93;95m[48;2;255;255;255m▀[0m[38;2;255;255;255m[48;2;255;255;255m▀[0m[38;2;8;4;8m[48;2;172;171;172m▀[0m[38;2;0;0;0m▄[38;2;0;0;0m[48;2;189;190;189m▀[0m[38;2;0;0;0m[48;2;0;0;0m▀[0m          
       [38;2;0;0;0m[48;2;0;0;0m▀[0m[38;2;0;0;0m[48;2;255;255;255m▀[0m[38;2;107;106;107m[48;2;107;106;107m▀[0m[38;2;255;255;255m[48;2;255;255;255m▀[0m[38;2;255;255;255m[48;2;255;255;255m▀[0m[38;2;255;255;255m[48;2;255;255;255m▀[0m[38;2;255;255;255m[48;2;189;188;189m▀[0m[38;2;189;188;189m[48;2;189;188;189m▀[0m[38;2;189;190;189m[48;2;189;190;189m▀[0m[38;2;189;190;189m[48;2;0;0;0m▀[0m[38;2;0;0;0m▀[38;2;0;0;0m▄[38;2;0;0;0m[48;2;189;190;189m▀[0m[38;2;0;0;0m[48;2;63;63;63m▀[0m[38;2;0;0;0m▄[38;2;0;0;0m▄     
       [38;2;0;0;0m▀[38;2;255;255;255m[48;2;0;0;0m▀[0m[38;2;255;255;255m[48;2;255;255;255m▀[0m[38;2;255;255;255m[48;2;255;255;255m▀[0m[38;2;255;255;255m[48;2;66;65;66m▀[0m[38;2;192;191;192m[48;2;66;65;66m▀[0m[38;2;66;65;66m[48;2;107;107;107m▀[0m[38;2;66;65;66m[48;2;107;107;107m▀[0m[38;2;66;65;66m[48;2;107;107;107m▀[0m[38;2;66;65;66m[48;2;107;107;107m▀[0m[38;2;0;0;0m[48;2;120;121;120m▀[0m[38;2;181;182;181m[48;2;60;60;60m▀[0m[38;2;189;190;189m[48;2;66;65;66m▀[0m[38;2;189;190;189m[48;2;189;190;189m▀[0m[38;2;189;190;189m[48;2;0;0;0m▀[0m[38;2;0;0;0m▀ [38;2;0;0;0m▄[38;2;0;0;0m[48;2;107;107;107m▀[0m[38;2;0;0;0m▄ 
      [38;2;0;0;0m▄[38;2;0;0;0m[48;2;107;107;107m▀[0m[38;2;107;107;107m[48;2;107;107;107m▀[0m[38;2;247;251;247m[48;2;57;60;57m▀[0m[38;2;57;60;57m[48;2;120;123;120m▀[0m[38;2;107;107;107m[48;2;107;107;107m▀[0m[38;2;107;107;107m[48;2;107;107;107m▀[0m[38;2;107;105;107m[48;2;107;105;107m▀[0m[38;2;107;105;107m[48;2;222;89;33m▀[0m[38;2;107;105;107m[48;2;222;89;33m▀[0m[38;2;107;105;107m[48;2;222;89;33m▀[0m[38;2;107;105;107m[48;2;222;89;33m▀[0m[38;2;107;105;107m[48;2;107;105;107m▀[0m[38;2;107;107;107m[48;2;107;107;107m▀[0m[38;2;66;65;66m[48;2;107;107;107m▀[0m[38;2;189;190;189m[48;2;63;63;63m▀[0m[38;2;0;0;0m[48;2;63;63;63m▀[0m[38;2;0;0;0m▄[38;2;0;0;0m[48;2;107;107;107m▀[0m[38;2;107;107;107m[48;2;107;107;107m▀[0m[38;2;0;0;0m[48;2;107;107;107m▀[0m[38;2;0;0;0m▄
 [38;2;0;0;0m▄[38;2;0;0;0m▄  [38;2;0;0;0m[48;2;0;0;0m▀[0m[38;2;115;117;115m[48;2;115;117;115m▀[0m[38;2;127;125;127m[48;2;107;105;107m▀[0m[38;2;107;105;107m[48;2;107;105;107m▀[0m[38;2;107;107;107m[48;2;107;107;107m▀[0m[38;2;107;107;107m[48;2;107;107;107m▀[0m[38;2;107;107;107m[48;2;214;85;33m▀[0m[38;2;214;85;33m[48;2;214;85;33m▀[0m[38;2;222;89;33m[48;2;96;165;87m▀[0m[38;2;96;165;87m[48;2;96;165;87m▀[0m[38;2;107;189;99m[48;2;107;189;99m▀[0m[38;2;107;189;99m[48;2;107;189;99m▀[0m[38;2;106;189;99m[48;2;106;189;99m▀[0m[38;2;222;89;33m[48;2;106;189;99m▀[0m[38;2;206;81;33m[48;2;90;170;115m▀[0m[38;2;128;140;87m[48;2;206;81;33m▀[0m[38;2;110;78;68m[48;2;198;89;41m▀[0m[38;2;66;73;82m[48;2;66;73;82m▀[0m[38;2;107;107;107m[48;2;198;81;33m▀[0m[38;2;107;107;107m[48;2;198;81;33m▀[0m[38;2;197;79;27m[48;2;82;158;66m▀[0m[38;2;197;79;27m[48;2;82;158;66m▀[0m[38;2;0;0;0m[48;2;0;0;0m▀[0m
 [38;2;0;4;0m[48;2;0;4;0m▀[0m[38;2;198;195;198m[48;2;99;99;99m▀[0m[38;2;0;0;0m[48;2;189;190;189m▀[0m[38;2;0;0;0m[48;2;63;63;63m▀[0m[38;2;107;105;107m[48;2;107;105;107m▀[0m[38;2;127;125;127m[48;2;127;125;127m▀[0m[38;2;107;107;107m[48;2;107;107;107m▀[0m[38;2;107;107;107m[48;2;107;107;107m▀[0m[38;2;107;107;107m[48;2;107;107;107m▀[0m[38;2;206;85;33m[48;2;206;85;33m▀[0m[38;2;214;85;33m[48;2;214;85;33m▀[0m[38;2;255;255;255m[48;2;214;85;33m▀[0m[38;2;120;174;115m[48;2;247;255;247m▀[0m[38;2;57;134;49m[48;2;120;174;115m▀[0m[38;2;106;189;98m[48;2;74;113;66m▀[0m[38;2;106;189;98m[48;2;106;189;98m▀[0m[38;2;107;190;99m[48;2;107;107;107m▀[0m[38;2;107;190;99m[48;2;107;190;99m▀[0m[38;2;99;195;82m[48;2;88;153;73m▀[0m[38;2;88;153;73m[48;2;66;69;57m▀[0m[38;2;90;154;74m[48;2;79;62;79m▀[0m[38;2;84;108;76m[48;2;90;154;74m▀[0m[38;2;82;156;66m[48;2;0;0;0m▀[0m[38;2;82;156;66m[48;2;82;156;66m▀[0m[38;2;82;156;66m[48;2;82;156;66m▀[0m[38;2;0;0;0m[48;2;0;0;0m▀[0m 
[38;2;0;0;0m▀[38;2;189;190;189m[48;2;8;4;8m▀[0m[38;2;189;190;189m[48;2;98;97;98m▀[0m[38;2;189;190;189m[48;2;189;190;189m▀[0m[38;2;66;65;66m[48;2;66;65;66m▀[0m[38;2;107;107;107m[48;2;107;107;107m▀[0m[38;2;107;107;107m[48;2;107;107;107m▀[0m[38;2;107;107;107m[48;2;107;107;107m▀[0m[38;2;107;107;107m[48;2;107;107;107m▀[0m[38;2;222;89;33m[48;2;222;89;33m▀[0m[38;2;255;255;255m[48;2;255;255;255m▀[0m[38;2;0;0;0m[48;2;0;0;0m▀[0m[38;2;222;89;33m[48;2;222;89;33m▀[0m[38;2;255;255;255m[48;2;255;255;255m▀[0m[38;2;107;190;99m[48;2;107;190;99m▀[0m[38;2;79;109;71m[48;2;79;109;71m▀[0m[38;2;107;190;99m[48;2;66;69;57m▀[0m[38;2;120;123;120m[48;2;57;60;57m▀[0m[38;2;57;60;57m[48;2;247;251;247m▀[0m[38;2;66;65;66m[48;2;255;255;255m▀[0m[38;2;255;255;255m[48;2;255;255;255m▀[0m[38;2;255;255;255m[48;2;95;93;95m▀[0m[38;2;16;12;16m[48;2;95;93;95m▀[0m[38;2;0;0;0m▄[38;2;0;0;0m▀[38;2;82;158;66m[48;2;0;0;0m▀[0m[38;2;0;0;0m▀ 
 [38;2;0;0;0m▀[38;2;189;190;189m[48;2;0;0;0m▀[0m[38;2;189;190;189m[48;2;68;82;68m▀[0m[38;2;68;82;68m[48;2;68;82;68m▀[0m[38;2;71;60;68m[48;2;115;182;107m▀[0m[38;2;93;121;87m[48;2;71;60;68m▀[0m[38;2;118;81;71m[48;2;66;73;82m▀[0m[38;2;222;97;49m[48;2;66;73;82m▀[0m[38;2;106;189;98m[48;2;106;189;98m▀[0m[38;2;74;113;66m[48;2;106;189;98m▀[0m[38;2;255;255;255m[48;2;74;89;66m▀[0m[38;2;255;255;255m[48;2;74;89;66m▀[0m[38;2;77;111;68m[48;2;66;69;57m▀[0m[38;2;99;195;90m[48;2;88;153;79m▀[0m[38;2;66;81;66m[48;2;66;81;66m▀[0m[38;2;255;255;255m[48;2;66;81;66m▀[0m[38;2;255;255;255m[48;2;66;65;66m▀[0m[38;2;255;255;255m[48;2;255;255;255m▀[0m[38;2;255;255;255m[48;2;255;255;255m▀[0m[38;2;255;255;255m[48;2;255;255;255m▀[0m[38;2;255;255;255m[48;2;107;106;107m▀[0m[38;2;255;255;255m[48;2;107;106;107m▀[0m[38;2;255;255;255m[48;2;0;0;0m▀[0m[38;2;0;0;0m▀   
   [38;2;0;0;0m[48;2;0;0;0m▀[0m[38;2;107;190;99m[48;2;107;190;99m▀[0m[38;2;107;189;99m[48;2;107;189;99m▀[0m[38;2;107;189;99m[48;2;107;189;99m▀[0m[38;2;107;189;99m[48;2;107;189;99m▀[0m[38;2;107;189;99m[48;2;107;189;99m▀[0m[38;2;66;65;66m[48;2;107;190;99m▀[0m[38;2;66;65;66m[48;2;107;190;99m▀[0m[38;2;82;156;66m[48;2;66;65;66m▀[0m[38;2;66;65;66m[48;2;82;156;66m▀[0m[38;2;82;156;66m[48;2;82;156;66m▀[0m[38;2;66;65;66m[48;2;82;156;66m▀[0m[38;2;74;115;66m[48;2;74;115;66m▀[0m[38;2;82;157;66m[48;2;82;157;66m▀[0m[38;2;66;65;66m[48;2;0;0;0m▀[0m[38;2;0;0;0m▀[38;2;0;0;0m▀[38;2;255;255;255m[48;2;0;0;0m▀[0m[38;2;255;255;255m[48;2;0;0;0m▀[0m[38;2;0;0;0m▀     
   [38;2;0;0;0m▀[38;2;107;190;99m[48;2;0;0;0m▀[0m[38;2;107;190;99m[48;2;0;0;0m▀[0m[38;2;107;190;99m[48;2;107;190;99m▀[0m[38;2;107;189;99m[48;2;107;189;99m▀[0m[38;2;107;189;99m[48;2;107;189;99m▀[0m[38;2;107;190;99m[48;2;82;155;66m▀[0m[38;2;82;155;66m[48;2;82;155;66m▀[0m[38;2;82;156;66m[48;2;82;156;66m▀[0m[38;2;82;156;66m[48;2;0;0;0m▀[0m[38;2;82;156;66m[48;2;0;0;0m▀[0m[38;2;82;156;66m[48;2;0;0;0m▀[0m[38;2;0;0;0m▀[38;2;0;0;0m▀           
      [38;2;0;0;0m▀[38;2;0;0;0m▀[38;2;0;0;0m▀[38;2;0;0;0m▀[38;2;0;0;0m▀[38;2;0;0;0m▀                
[0m
