            [38;2;0;0;0m▄[38;2;0;0;0m[48;2;119;117;119m▀[0m[38;2;0;0;0m▄                       
          [38;2;0;0;0m▄[38;2;0;0;0m▄[38;2;0;0;0m[48;2;119;117;119m▀[0m[38;2;119;117;119m[48;2;119;117;119m▀[0m[38;2;0;0;0m[48;2;0;0;0m▀[0m [38;2;0;0;0m▄[38;2;0;0;0m▄[38;2;0;0;0m▄[38;2;0;0;0m▄   [38;2;0;0;0m▄[38;2;0;0;0m▄             
     [38;2;0;0;0m▄[38;2;0;0;0m[48;2;119;117;119m▀[0m[38;2;0;0;0m▄[38;2;0;0;0m▄[38;2;0;0;0m[48;2;213;89;98m▀[0m[38;2;213;90;98m[48;2;213;90;98m▀[0m[38;2;213;90;98m[48;2;213;90;98m▀[0m[38;2;135;89;94m[48;2;65;72;74m▀[0m[38;2;65;72;74m[48;2;205;105;115m▀[0m[38;2;213;89;98m[48;2;213;89;98m▀[0m[38;2;0;0;0m[48;2;213;89;98m▀[0m[38;2;213;90;98m[48;2;213;90;98m▀[0m[38;2;213;90;98m[48;2;213;90;98m▀[0m[38;2;213;90;98m[48;2;213;90;98m▀[0m[38;2;213;90;98m[48;2;213;90;98m▀[0m[38;2;0;8;8m[48;2;205;117;123m▀[0m[38;2;0;8;8m[48;2;137;80;84m▀[0m[38;2;0;0;0m[48;2;119;117;119m▀[0m[38;2;119;117;119m[48;2;0;0;0m▀[0m[38;2;0;0;0m▀             
     [38;2;0;0;0m[48;2;0;0;0m▀[0m[38;2;131;97;98m[48;2;205;109;115m▀[0m[38;2;57;85;82m[48;2;131;97;98m▀[0m[38;2;213;89;98m[48;2;65;64;65m▀[0m[38;2;213;89;98m[48;2;213;89;98m▀[0m[38;2;213;90;98m[48;2;213;90;98m▀[0m[38;2;213;90;98m[48;2;213;90;98m▀[0m[38;2;213;90;98m[48;2;213;90;98m▀[0m[38;2;213;90;98m[48;2;213;90;98m▀[0m[38;2;213;90;98m[48;2;213;90;98m▀[0m[38;2;213;90;98m[48;2;213;90;98m▀[0m[38;2;213;89;98m[48;2;213;89;98m▀[0m[38;2;213;89;98m[48;2;159;63;74m▀[0m[38;2;213;89;98m[48;2;159;63;74m▀[0m[38;2;159;63;74m[48;2;213;89;98m▀[0m[38;2;65;64;65m[48;2;213;89;98m▀[0m[38;2;65;64;65m[48;2;213;89;98m▀[0m[38;2;0;0;0m[48;2;213;89;98m▀[0m[38;2;0;0;0m▄              
    [38;2;0;0;0m▄[38;2;0;0;0m[48;2;213;89;98m▀[0m[38;2;213;90;98m[48;2;213;90;98m▀[0m[38;2;213;90;98m[48;2;213;90;98m▀[0m[38;2;65;60;65m[48;2;164;76;87m▀[0m[38;2;213;85;98m[48;2;213;85;98m▀[0m[38;2;213;90;98m[48;2;213;90;98m▀[0m[38;2;213;90;98m[48;2;213;90;98m▀[0m[38;2;213;90;98m[48;2;213;90;98m▀[0m[38;2;213;90;98m[48;2;213;90;98m▀[0m[38;2;213;90;98m[48;2;213;90;98m▀[0m[38;2;213;90;98m[48;2;213;90;98m▀[0m[38;2;213;90;98m[48;2;213;90;98m▀[0m[38;2;213;90;98m[48;2;213;90;98m▀[0m[38;2;213;90;98m[48;2;213;90;98m▀[0m[38;2;213;90;98m[48;2;213;90;98m▀[0m[38;2;213;89;98m[48;2;159;63;74m▀[0m[38;2;213;89;98m[48;2;159;63;74m▀[0m[38;2;213;90;98m[48;2;213;90;98m▀[0m[38;2;213;90;98m[48;2;213;90;98m▀[0m[38;2;0;0;0m[48;2;213;89;98m▀[0m[38;2;0;0;0m[48;2;213;89;98m▀[0m[38;2;0;0;0m▄[38;2;0;0;0m▄[38;2;0;0;0m▄         
 [38;2;0;0;0m▄[38;2;0;0;0m[48;2;106;105;139m▀[0m[38;2;0;0;0m▄[38;2;0;0;0m[48;2;213;89;98m▀[0m[38;2;213;89;98m[48;2;213;89;98m▀[0m[38;2;213;90;98m[48;2;213;90;98m▀[0m[38;2;213;90;98m[48;2;213;90;98m▀[0m[38;2;213;90;98m[48;2;213;90;98m▀[0m[38;2;213;90;98m[48;2;213;90;98m▀[0m[38;2;213;90;98m[48;2;213;90;98m▀[0m[38;2;213;90;98m[48;2;213;90;98m▀[0m[38;2;213;89;98m[48;2;65;64;65m▀[0m[38;2;213;89;98m[48;2;65;64;65m▀[0m[38;2;65;64;65m[48;2;139;141;180m▀[0m[38;2;65;64;65m[48;2;139;141;180m▀[0m[38;2;65;64;65m[48;2;65;64;65m▀[0m[38;2;213;89;98m[48;2;213;89;98m▀[0m[38;2;213;90;98m[48;2;213;90;98m▀[0m[38;2;213;90;98m[48;2;213;90;98m▀[0m[38;2;213;90;98m[48;2;213;90;98m▀[0m[38;2;213;90;98m[48;2;213;90;98m▀[0m[38;2;164;76;87m[48;2;213;85;98m▀[0m[38;2;65;60;65m[48;2;213;85;98m▀[0m[38;2;205;105;115m[48;2;65;72;74m▀[0m[38;2;135;89;94m[48;2;65;72;74m▀[0m[38;2;119;117;119m[48;2;0;0;0m▀[0m[38;2;119;117;119m[48;2;0;0;0m▀[0m[38;2;119;117;119m[48;2;0;0;0m▀[0m[38;2;0;0;0m▀        
 [38;2;0;0;0m[48;2;0;0;0m▀[0m[38;2;104;105;142m[48;2;104;105;142m▀[0m[38;2;65;64;65m[48;2;65;64;65m▀[0m[38;2;213;90;98m[48;2;213;90;98m▀[0m[38;2;213;90;98m[48;2;213;90;98m▀[0m[38;2;213;90;98m[48;2;213;90;98m▀[0m[38;2;213;90;98m[48;2;213;90;98m▀[0m[38;2;213;90;98m[48;2;213;90;98m▀[0m[38;2;213;90;98m[48;2;213;90;98m▀[0m[38;2;175;116;137m[48;2;65;64;65m▀[0m[38;2;65;64;65m[48;2;175;116;137m▀[0m[38;2;139;141;180m[48;2;183;76;87m▀[0m[38;2;139;141;180m[48;2;183;76;87m▀[0m[38;2;128;63;71m[48;2;128;63;71m▀[0m[38;2;139;141;180m[48;2;128;63;71m▀[0m[38;2;65;64;65m[48;2;213;89;98m▀[0m[38;2;213;89;98m[48;2;213;89;98m▀[0m[38;2;213;90;98m[48;2;213;90;98m▀[0m[38;2;213;90;98m[48;2;213;90;98m▀[0m[38;2;213;90;98m[48;2;213;90;98m▀[0m[38;2;213;90;98m[48;2;213;90;98m▀[0m[38;2;213;89;98m[48;2;213;89;98m▀[0m[38;2;213;89;98m[48;2;159;63;74m▀[0m[38;2;213;89;98m[48;2;213;89;98m▀[0m[38;2;0;0;0m[48;2;213;89;98m▀[0m[38;2;0;0;0m▄           
  [38;2;0;4;0m[48;2;0;4;0m▀[0m[38;2;54;56;68m[48;2;109;109;137m▀[0m[38;2;164;71;79m[48;2;65;60;57m▀[0m[38;2;213;76;90m[48;2;164;71;79m▀[0m[38;2;213;85;98m[48;2;164;76;87m▀[0m[38;2;213;85;98m[48;2;65;60;65m▀[0m[38;2;106;82;95m[48;2;82;56;57m▀[0m[38;2;82;56;57m[48;2;156;133;172m▀[0m[38;2;137;111;145m[48;2;131;137;180m▀[0m[38;2;131;137;180m[48;2;148;60;74m▀[0m[38;2;139;141;180m[48;2;139;141;180m▀[0m[38;2;156;64;74m[48;2;139;141;180m▀[0m[38;2;156;133;172m[48;2;82;56;57m▀[0m[38;2;82;56;57m[48;2;106;82;95m▀[0m[38;2;213;85;98m[48;2;164;76;87m▀[0m[38;2;213;85;98m[48;2;65;60;65m▀[0m[38;2;65;64;65m[48;2;117;117;117m▀[0m[38;2;65;64;65m[48;2;117;117;117m▀[0m[38;2;65;64;65m[48;2;65;64;65m▀[0m[38;2;213;89;98m[48;2;213;89;98m▀[0m[38;2;213;90;98m[48;2;213;90;98m▀[0m[38;2;213;90;98m[48;2;213;90;98m▀[0m[38;2;159;63;74m[48;2;159;63;74m▀[0m[38;2;213;89;98m[48;2;159;63;74m▀[0m[38;2;0;0;0m[48;2;0;0;0m▀[0m           
   [38;2;0;0;0m[48;2;0;0;0m▀[0m[38;2;82;56;57m[48;2;156;133;172m▀[0m[38;2;106;82;95m[48;2;82;56;57m▀[0m[38;2;65;64;65m[48;2;139;141;180m▀[0m[38;2;139;141;180m[48;2;139;141;180m▀[0m[38;2;134;169;159m[48;2;41;0;0m▀[0m[38;2;87;84;79m[48;2;134;169;159m▀[0m[38;2;197;80;90m[48;2;255;255;255m▀[0m[38;2;197;80;90m[48;2;197;80;90m▀[0m[38;2;139;141;180m[48;2;139;141;180m▀[0m[38;2;139;141;180m[48;2;139;141;180m▀[0m[38;2;65;64;65m[48;2;65;64;65m▀[0m[38;2;160;64;74m[48;2;65;64;65m▀[0m[38;2;65;64;65m[48;2;117;117;117m▀[0m[38;2;117;117;117m[48;2;117;117;117m▀[0m[38;2;117;117;117m[48;2;117;117;117m▀[0m[38;2;65;64;65m[48;2;65;64;65m▀[0m[38;2;160;64;74m[48;2;65;64;65m▀[0m[38;2;160;64;74m[48;2;65;64;65m▀[0m[38;2;65;64;65m[48;2;139;141;180m▀[0m[38;2;65;64;65m[48;2;65;64;65m▀[0m[38;2;160;62;74m[48;2;160;62;74m▀[0m[38;2;160;62;74m[48;2;90;89;90m▀[0m[38;2;159;64;71m[48;2;159;64;71m▀[0m[38;2;0;0;0m[48;2;0;0;0m▀[0m          
  [38;2;0;0;0m▄[38;2;0;0;0m[48;2;139;141;180m▀[0m[38;2;139;141;180m[48;2;139;141;180m▀[0m[38;2;139;141;180m[48;2;139;141;180m▀[0m[38;2;139;141;180m[48;2;139;141;180m▀[0m[38;2;156;64;74m[48;2;139;141;180m▀[0m[38;2;84;206;142m[48;2;139;141;180m▀[0m[38;2;84;206;142m[48;2;139;141;180m▀[0m[38;2;213;89;98m[48;2;115;116;153m▀[0m[38;2;115;116;153m[48;2;115;116;153m▀[0m[38;2;106;105;139m[48;2;68;64;63m▀[0m[38;2;68;64;63m[48;2;87;84;101m▀[0m[38;2;90;91;90m[48;2;65;64;65m▀[0m[38;2;90;91;90m[48;2;65;64;65m▀[0m[38;2;106;107;123m[48;2;65;68;65m▀[0m[38;2;65;68;65m[48;2;148;145;180m▀[0m[38;2;65;64;65m[48;2;139;141;180m▀[0m[38;2;139;141;180m[48;2;139;141;180m▀[0m[38;2;139;141;180m[48;2;139;141;180m▀[0m[38;2;139;141;180m[48;2;104;105;142m▀[0m[38;2;82;56;57m[48;2;156;133;172m▀[0m[38;2;106;82;95m[48;2;82;56;57m▀[0m[38;2;160;62;74m[48;2;90;89;90m▀[0m[38;2;90;89;90m[48;2;160;62;74m▀[0m[38;2;90;91;90m[48;2;90;91;90m▀[0m[38;2;0;0;0m[48;2;0;0;0m▀[0m          
  [38;2;0;0;0m▀[38;2;0;0;0m▀[38;2;117;86;104m[48;2;8;0;0m▀[0m[38;2;172;129;156m[48;2;8;0;0m▀[0m[38;2;139;141;180m[48;2;65;64;65m▀[0m[38;2;139;141;180m[48;2;65;64;65m▀[0m[38;2;65;64;65m[48;2;104;105;142m▀[0m[38;2;65;64;65m[48;2;104;105;142m▀[0m[38;2;60;62;60m[48;2;0;0;0m▀[0m[38;2;60;62;60m[48;2;90;93;90m▀[0m[38;2;90;91;90m[48;2;65;64;65m▀[0m[38;2;65;64;65m[48;2;90;91;90m▀[0m[38;2;213;89;98m[48;2;65;64;65m▀[0m[38;2;65;64;65m[48;2;65;64;65m▀[0m[38;2;131;137;180m[48;2;137;111;145m▀[0m[38;2;131;137;180m[48;2;148;60;74m▀[0m[38;2;139;141;180m[48;2;65;64;65m▀[0m[38;2;139;141;180m[48;2;139;141;180m▀[0m[38;2;139;141;180m[48;2;0;0;0m▀[0m[38;2;0;0;0m▀[38;2;0;0;0m▀[38;2;90;91;90m[48;2;0;0;0m▀[0m[38;2;90;91;90m[48;2;0;0;0m▀[0m[38;2;90;91;90m[48;2;0;0;0m▀[0m[38;2;90;91;90m[48;2;90;91;90m▀[0m[38;2;65;64;65m[48;2;65;64;65m▀[0m[38;2;0;0;0m[48;2;90;174;123m▀[0m[38;2;0;0;0m▄[38;2;0;0;0m[48;2;119;117;119m▀[0m[38;2;0;0;0m[48;2;119;117;119m▀[0m[38;2;0;0;0m[48;2;119;117;119m▀[0m[38;2;0;0;0m▄    
[38;2;0;0;0m▄[38;2;0;0;0m[48;2;213;89;98m▀[0m[38;2;8;0;0m[48;2;117;86;104m▀[0m[38;2;8;0;0m[48;2;172;129;156m▀[0m[38;2;104;105;139m[48;2;142;141;180m▀[0m[38;2;104;105;139m[48;2;104;105;139m▀[0m[38;2;104;105;142m[48;2;104;105;142m▀[0m[38;2;104;105;142m[48;2;0;0;0m▀[0m[38;2;106;105;139m[48;2;0;0;0m▀[0m[38;2;0;0;0m▀ [38;2;0;0;0m▀[38;2;0;0;0m▀[38;2;0;0;0m▀[38;2;76;48;52m[48;2;0;16;16m▀[0m[38;2;153;80;87m[48;2;76;48;52m▀[0m[38;2;57;85;106m[48;2;109;90;109m▀[0m[38;2;213;101;115m[48;2;109;90;109m▀[0m[38;2;65;64;65m[48;2;0;0;0m▀[0m[38;2;0;0;0m▀      [38;2;0;0;0m[48;2;0;0;0m▀[0m[38;2;98;165;123m[48;2;49;82;61m▀[0m[38;2;90;174;123m[48;2;74;60;65m▀[0m[38;2;74;60;65m[48;2;79;98;84m▀[0m[38;2;119;117;119m[48;2;90;89;90m▀[0m[38;2;119;117;119m[48;2;119;117;119m▀[0m[38;2;119;117;119m[48;2;119;117;119m▀[0m[38;2;119;117;119m[48;2;213;89;98m▀[0m[38;2;0;0;0m[48;2;0;0;0m▀[0m   
 [38;2;0;0;0m▀[38;2;0;0;0m▀[38;2;213;89;98m[48;2;0;0;0m▀[0m[38;2;106;105;139m[48;2;0;0;0m▀[0m[38;2;0;0;0m▀[38;2;0;0;0m▀    [38;2;0;0;0m▄[38;2;0;0;0m[48;2;104;105;142m▀[0m[38;2;0;0;0m[48;2;104;105;142m▀[0m[38;2;104;105;142m[48;2;104;105;142m▀[0m[38;2;65;64;65m[48;2;104;105;142m▀[0m[38;2;115;113;142m[48;2;65;64;65m▀[0m[38;2;65;64;65m[48;2;139;137;180m▀[0m[38;2;139;145;189m[48;2;93;98;128m▀[0m[38;2;0;4;8m[48;2;139;145;189m▀[0m[38;2;0;0;0m[48;2;139;141;180m▀[0m[38;2;0;0;0m▄[38;2;0;0;0m▄   [38;2;0;0;0m[48;2;0;0;0m▀[0m[38;2;90;91;90m[48;2;90;91;90m▀[0m[38;2;90;91;90m[48;2;90;91;90m▀[0m[38;2;90;91;90m[48;2;90;91;90m▀[0m[38;2;90;91;90m[48;2;90;91;90m▀[0m[38;2;90;91;90m[48;2;156;64;74m▀[0m[38;2;106;105;106m[48;2;167;80;90m▀[0m[38;2;197;68;82m[48;2;167;80;90m▀[0m[38;2;213;89;98m[48;2;213;89;98m▀[0m[38;2;0;0;0m[48;2;213;89;98m▀[0m[38;2;0;0;0m[48;2;213;89;98m▀[0m[38;2;0;0;0m▄
          [38;2;0;0;0m[48;2;0;0;0m▀[0m[38;2;104;105;142m[48;2;104;105;142m▀[0m[38;2;104;105;142m[48;2;104;105;142m▀[0m[38;2;104;105;142m[48;2;65;64;65m▀[0m[38;2;112;110;137m[48;2;60;59;68m▀[0m[38;2;60;59;68m[48;2;8;8;0m▀[0m[38;2;0;0;0m▀[38;2;0;0;0m▀[38;2;139;141;180m[48;2;0;0;0m▀[0m[38;2;139;141;180m[48;2;139;141;180m▀[0m[38;2;139;141;180m[48;2;139;141;180m▀[0m[38;2;139;141;180m[48;2;139;141;180m▀[0m[38;2;109;109;137m[48;2;54;56;68m▀[0m[38;2;0;4;0m[48;2;0;4;0m▀[0m   [38;2;0;0;0m▀[38;2;90;91;90m[48;2;0;0;0m▀[0m[38;2;90;91;90m[48;2;0;0;0m▀[0m[38;2;90;89;90m[48;2;160;62;74m▀[0m[38;2;90;89;90m[48;2;160;62;74m▀[0m[38;2;159;64;74m[48;2;159;64;74m▀[0m[38;2;159;64;74m[48;2;159;64;74m▀[0m[38;2;159;64;71m[48;2;0;0;0m▀[0m[38;2;159;64;71m[48;2;0;0;0m▀[0m[38;2;0;0;0m▀ 
          [38;2;0;0;0m▄[38;2;0;0;0m[48;2;106;105;139m▀[0m[38;2;65;64;65m[48;2;104;105;142m▀[0m[38;2;104;105;142m[48;2;104;105;142m▀[0m[38;2;0;0;0m[48;2;106;105;139m▀[0m[38;2;0;0;0m▄   [38;2;0;0;0m▀[38;2;0;0;0m▀[38;2;65;64;65m[48;2;0;0;0m▀[0m[38;2;65;64;65m[48;2;104;105;142m▀[0m[38;2;104;105;142m[48;2;104;105;142m▀[0m[38;2;0;0;0m[48;2;0;0;0m▀[0m     [38;2;0;0;0m▀[38;2;0;0;0m▀[38;2;0;0;0m▀[38;2;0;0;0m▀    
         [38;2;0;0;0m▀[38;2;222;93;98m[48;2;0;0;0m▀[0m[38;2;148;62;65m[48;2;0;0;0m▀[0m[38;2;213;89;98m[48;2;0;0;0m▀[0m[38;2;0;0;0m▀[38;2;0;0;0m▀    [38;2;0;0;0m▄[38;2;0;4;8m[48;2;197;109;131m▀[0m[38;2;131;74;90m[48;2;0;4;8m▀[0m[38;2;137;72;87m[48;2;205;105;123m▀[0m[38;2;137;72;87m[48;2;0;8;16m▀[0m[38;2;0;0;0m▀             
                   [38;2;0;0;0m▀[38;2;0;0;0m▀ [38;2;0;0;0m▀               
[0m
