  [38;2;0;0;0m▄[38;2;0;0;0m[48;2;148;164;82m▀[0m[38;2;0;0;0m[48;2;148;164;82m▀[0m[38;2;0;0;0m▄                     
  [38;2;0;0;0m[48;2;0;0;0m▀[0m[38;2;98;110;62m[48;2;148;166;90m▀[0m[38;2;148;166;90m[48;2;0;0;8m▀[0m[38;2;0;0;0m▀                     
  [38;2;0;0;0m[48;2;0;0;0m▀[0m[38;2;148;165;82m[48;2;148;165;82m▀[0m[38;2;148;165;82m[48;2;148;165;82m▀[0m[38;2;0;0;0m[48;2;148;166;82m▀[0m[38;2;0;0;0m▄[38;2;0;0;0m▄[38;2;0;0;0m▄[38;2;0;0;0m▄          [38;2;0;0;0m▄[38;2;0;0;0m▄[38;2;0;0;0m▄    
 [38;2;0;0;0m[48;2;0;0;0m▀[0m[38;2;148;164;82m[48;2;148;164;82m▀[0m[38;2;148;162;90m[48;2;66;65;74m▀[0m[38;2;66;65;74m[48;2;93;97;79m▀[0m[38;2;66;65;66m[48;2;90;89;90m▀[0m[38;2;66;65;66m[48;2;90;89;90m▀[0m[38;2;90;88;90m[48;2;90;88;90m▀[0m[38;2;90;88;90m[48;2;65;64;65m▀[0m[38;2;71;77;57m[48;2;71;77;57m▀[0m[38;2;8;4;24m[48;2;198;223;123m▀[0m[38;2;0;0;0m[48;2;189;223;107m▀[0m[38;2;0;0;0m[48;2;189;223;107m▀[0m[38;2;0;0;0m[48;2;189;223;107m▀[0m[38;2;0;0;0m▄[38;2;0;0;0m▄[38;2;0;0;0m▄[38;2;0;0;0m▄[38;2;0;0;0m▄[38;2;0;0;0m[48;2;189;223;107m▀[0m[38;2;189;223;107m[48;2;189;223;107m▀[0m[38;2;189;219;99m[48;2;101;113;65m▀[0m[38;2;145;166;82m[48;2;145;166;82m▀[0m[38;2;0;0;0m[48;2;148;166;82m▀[0m[38;2;0;0;0m▄  
 [38;2;0;0;8m[48;2;0;0;8m▀[0m[38;2;148;158;90m[48;2;74;79;49m▀[0m[38;2;65;64;65m[48;2;90;88;90m▀[0m[38;2;90;88;90m[48;2;90;88;90m▀[0m[38;2;90;88;90m[48;2;90;88;90m▀[0m[38;2;90;88;90m[48;2;65;64;65m▀[0m[38;2;66;65;66m[48;2;189;223;107m▀[0m[38;2;189;223;107m[48;2;189;223;107m▀[0m[38;2;189;222;107m[48;2;189;222;107m▀[0m[38;2;189;222;107m[48;2;189;222;107m▀[0m[38;2;189;222;107m[48;2;189;222;107m▀[0m[38;2;189;222;107m[48;2;189;222;107m▀[0m[38;2;189;222;107m[48;2;189;222;107m▀[0m[38;2;189;222;107m[48;2;189;222;107m▀[0m[38;2;189;222;107m[48;2;189;222;107m▀[0m[38;2;189;222;107m[48;2;189;222;107m▀[0m[38;2;189;223;107m[48;2;148;166;82m▀[0m[38;2;189;223;107m[48;2;148;166;82m▀[0m[38;2;98;113;62m[48;2;148;170;90m▀[0m[38;2;98;113;62m[48;2;0;0;8m▀[0m[38;2;148;164;82m[48;2;0;0;0m▀[0m[38;2;148;164;82m[48;2;0;0;0m▀[0m[38;2;0;0;0m▀   
 [38;2;0;0;0m[48;2;0;0;0m▀[0m[38;2;90;89;90m[48;2;90;89;90m▀[0m[38;2;90;88;90m[48;2;90;88;90m▀[0m[38;2;90;88;90m[48;2;65;64;65m▀[0m[38;2;66;65;66m[48;2;189;223;107m▀[0m[38;2;189;223;107m[48;2;189;223;107m▀[0m[38;2;189;223;107m[48;2;148;170;93m▀[0m[38;2;189;223;107m[48;2;66;65;66m▀[0m[38;2;189;223;107m[48;2;66;65;66m▀[0m[38;2;189;223;107m[48;2;107;117;79m▀[0m[38;2;98;115;74m[48;2;148;165;82m▀[0m[38;2;98;115;74m[48;2;148;165;82m▀[0m[38;2;98;115;74m[48;2;148;165;82m▀[0m[38;2;148;165;82m[48;2;148;165;82m▀[0m[38;2;148;164;82m[48;2;148;164;82m▀[0m[38;2;148;164;82m[48;2;0;0;0m▀[0m[38;2;148;166;82m[48;2;0;0;0m▀[0m[38;2;0;0;0m▀[38;2;0;0;0m▀       
[38;2;0;0;0m[48;2;0;0;0m▀[0m[38;2;90;88;90m[48;2;90;88;90m▀[0m[38;2;90;88;90m[48;2;65;64;65m▀[0m[38;2;66;65;66m[48;2;148;167;88m▀[0m[38;2;189;219;99m[48;2;148;167;88m▀[0m[38;2;172;159;132m[48;2;255;239;198m▀[0m[38;2;8;0;0m[48;2;172;159;132m▀[0m[38;2;222;109;90m[48;2;233;157;145m▀[0m[38;2;255;255;255m[48;2;255;255;255m▀[0m[38;2;66;69;66m[48;2;181;185;170m▀[0m[38;2;239;243;222m[48;2;239;243;222m▀[0m[38;2;98;115;74m[48;2;98;115;74m▀[0m[38;2;148;165;82m[48;2;148;165;82m▀[0m[38;2;148;166;82m[48;2;0;0;0m▀[0m[38;2;0;0;0m▀[38;2;0;0;0m▀           
 [38;2;0;0;0m▀[38;2;239;239;222m[48;2;0;0;0m▀[0m[38;2;189;189;172m[48;2;239;239;222m▀[0m[38;2;239;239;222m[48;2;239;239;222m▀[0m[38;2;239;239;222m[48;2;239;239;222m▀[0m[38;2;239;239;222m[48;2;99;113;74m▀[0m[38;2;239;239;222m[48;2;239;239;222m▀[0m[38;2;239;239;222m[48;2;239;239;222m▀[0m[38;2;239;243;214m[48;2;99;117;66m▀[0m[38;2;99;117;66m[48;2;145;159;115m▀[0m[38;2;148;164;84m[48;2;148;164;84m▀[0m[38;2;0;0;8m[48;2;74;82;46m▀[0m[38;2;0;0;0m▄[38;2;0;0;0m[48;2;239;150;132m▀[0m[38;2;0;0;0m[48;2;0;0;0m▀[0m           
   [38;2;0;0;0m▀[38;2;0;0;0m▀[38;2;0;0;0m▀[38;2;189;190;173m[48;2;0;0;0m▀[0m[38;2;189;199;148m[48;2;0;4;0m▀[0m[38;2;126;134;98m[48;2;126;134;98m▀[0m[38;2;148;166;82m[48;2;148;166;82m▀[0m[38;2;148;166;82m[48;2;189;223;107m▀[0m[38;2;57;69;57m[48;2;109;108;76m▀[0m[38;2;214;186;115m[48;2;214;186;115m▀[0m[38;2;239;150;132m[48;2;239;150;132m▀[0m[38;2;0;0;0m[48;2;0;0;0m▀[0m   [38;2;0;0;0m▄[38;2;0;0;0m[48;2;148;166;82m▀[0m[38;2;0;0;0m▄ [38;2;0;0;0m▄    
        [38;2;0;0;0m[48;2;0;0;0m▀[0m[38;2;189;222;107m[48;2;189;222;107m▀[0m[38;2;189;222;107m[48;2;189;222;107m▀[0m[38;2;148;166;82m[48;2;189;223;107m▀[0m[38;2;189;223;107m[48;2;148;166;82m▀[0m[38;2;0;0;0m[48;2;189;223;107m▀[0m[38;2;0;0;0m▄[38;2;0;0;0m▄[38;2;0;0;0m▄[38;2;0;0;0m[48;2;148;164;82m▀[0m[38;2;148;164;82m[48;2;148;164;82m▀[0m[38;2;144;168;90m[48;2;99;113;74m▀[0m[38;2;99;113;74m[48;2;189;223;107m▀[0m[38;2;0;0;0m[48;2;189;223;107m▀[0m[38;2;189;223;107m[48;2;0;0;0m▀[0m[38;2;0;0;0m▀   
       [38;2;0;0;0m[48;2;0;0;0m▀[0m[38;2;189;223;107m[48;2;189;223;107m▀[0m[38;2;189;222;107m[48;2;189;222;107m▀[0m[38;2;189;222;107m[48;2;189;222;107m▀[0m[38;2;189;222;107m[48;2;189;222;107m▀[0m[38;2;189;222;107m[48;2;189;222;107m▀[0m[38;2;189;223;107m[48;2;189;223;107m▀[0m[38;2;189;223;107m[48;2;98;115;74m▀[0m[38;2;189;223;107m[48;2;66;65;66m▀[0m[38;2;189;223;107m[48;2;66;65;66m▀[0m[38;2;189;222;107m[48;2;189;222;107m▀[0m[38;2;189;222;107m[48;2;189;222;107m▀[0m[38;2;189;222;107m[48;2;189;222;107m▀[0m[38;2;189;222;107m[48;2;189;222;107m▀[0m[38;2;98;115;74m[48;2;189;223;107m▀[0m[38;2;98;115;74m[48;2;189;223;107m▀[0m[38;2;0;0;0m[48;2;189;223;107m▀[0m[38;2;0;0;0m▄  
      [38;2;0;0;0m[48;2;0;0;0m▀[0m[38;2;189;223;107m[48;2;98;115;74m▀[0m[38;2;189;223;107m[48;2;189;223;107m▀[0m[38;2;189;223;107m[48;2;98;115;74m▀[0m[38;2;189;223;107m[48;2;189;223;107m▀[0m[38;2;189;223;107m[48;2;189;223;107m▀[0m[38;2;189;223;107m[48;2;98;115;74m▀[0m[38;2;98;115;74m[48;2;189;223;107m▀[0m[38;2;189;223;107m[48;2;189;223;107m▀[0m[38;2;231;255;165m[48;2;176;194;129m▀[0m[38;2;231;255;165m[48;2;66;73;57m▀[0m[38;2;66;65;66m[48;2;66;65;66m▀[0m[38;2;189;223;107m[48;2;189;223;107m▀[0m[38;2;181;193;151m[48;2;66;69;57m▀[0m[38;2;66;69;57m[48;2;239;255;198m▀[0m[38;2;66;65;66m[48;2;239;239;222m▀[0m[38;2;66;65;66m[48;2;239;239;222m▀[0m[38;2;148;164;84m[48;2;74;82;46m▀[0m[38;2;148;164;84m[48;2;0;0;8m▀[0m[38;2;0;0;0m[48;2;148;166;82m▀[0m[38;2;0;0;0m▄
      [38;2;0;0;0m[48;2;0;0;0m▀[0m[38;2;239;239;222m[48;2;192;197;172m▀[0m[38;2;99;113;74m[48;2;239;239;222m▀[0m[38;2;239;239;222m[48;2;239;239;222m▀[0m[38;2;99;113;74m[48;2;99;113;74m▀[0m[38;2;189;222;107m[48;2;189;222;107m▀[0m[38;2;189;222;107m[48;2;189;222;107m▀[0m[38;2;189;223;107m[48;2;189;223;107m▀[0m[38;2;98;115;74m[48;2;189;223;107m▀[0m[38;2;98;115;74m[48;2;189;223;107m▀[0m[38;2;189;223;107m[48;2;189;223;107m▀[0m[38;2;239;255;189m[48;2;66;65;74m▀[0m[38;2;66;65;74m[48;2;181;191;150m▀[0m[38;2;239;239;222m[48;2;239;239;222m▀[0m[38;2;239;239;222m[48;2;239;239;222m▀[0m[38;2;239;239;222m[48;2;239;239;222m▀[0m[38;2;239;239;222m[48;2;0;0;0m▀[0m[38;2;0;0;0m▀ [38;2;0;0;0m▀[38;2;0;0;0m▀
       [38;2;0;0;0m▀[38;2;189;190;173m[48;2;0;0;0m▀[0m[38;2;189;190;173m[48;2;66;65;66m▀[0m[38;2;189;190;173m[48;2;66;65;66m▀[0m[38;2;98;115;74m[48;2;98;115;74m▀[0m[38;2;189;223;107m[48;2;189;223;107m▀[0m[38;2;189;222;107m[48;2;189;222;107m▀[0m[38;2;189;222;107m[48;2;189;222;107m▀[0m[38;2;115;128;84m[48;2;173;191;120m▀[0m[38;2;57;65;49m[48;2;231;255;156m▀[0m[38;2;148;148;140m[48;2;66;65;66m▀[0m[38;2;66;65;66m[48;2;148;148;140m▀[0m[38;2;186;185;170m[48;2;66;69;66m▀[0m[38;2;247;243;222m[48;2;186;185;170m▀[0m[38;2;189;190;173m[48;2;189;190;173m▀[0m[38;2;66;65;66m[48;2;66;65;66m▀[0m[38;2;0;0;0m[48;2;239;150;132m▀[0m[38;2;0;0;0m▄  
        [38;2;0;0;0m▀[38;2;154;133;88m[48;2;0;20;0m▀[0m[38;2;231;190;132m[48;2;154;133;88m▀[0m[38;2;66;65;66m[48;2;66;65;66m▀[0m[38;2;189;219;99m[48;2;148;167;88m▀[0m[38;2;192;159;112m[48;2;239;170;132m▀[0m[38;2;99;138;74m[48;2;239;170;132m▀[0m[38;2;66;67;66m[48;2;0;0;0m▀[0m[38;2;0;0;0m▀[38;2;0;0;0m▀[38;2;239;150;132m[48;2;0;0;0m▀[0m[38;2;66;69;57m[48;2;148;155;117m▀[0m[38;2;189;199;148m[48;2;66;69;57m▀[0m[38;2;66;89;57m[48;2;239;158;132m▀[0m[38;2;239;158;132m[48;2;152;123;94m▀[0m[38;2;148;166;82m[48;2;0;0;0m▀[0m[38;2;0;0;0m▀  
         [38;2;0;0;0m▀[38;2;148;166;82m[48;2;0;0;0m▀[0m[38;2;66;65;66m[48;2;206;199;115m▀[0m[38;2;206;199;115m[48;2;206;199;115m▀[0m[38;2;189;223;107m[48;2;189;223;107m▀[0m[38;2;0;0;0m[48;2;0;0;0m▀[0m   [38;2;0;0;0m▀[38;2;90;89;90m[48;2;0;0;0m▀[0m[38;2;0;0;0m▀[38;2;148;162;90m[48;2;0;0;8m▀[0m[38;2;148;162;90m[48;2;98;108;62m▀[0m[38;2;0;0;0m[48;2;0;0;0m▀[0m   
         [38;2;0;0;0m▄[38;2;0;0;0m[48;2;90;89;90m▀[0m[38;2;90;91;87m[48;2;90;91;87m▀[0m[38;2;189;227;99m[48;2;139;159;93m▀[0m[38;2;0;0;0m[48;2;0;0;0m▀[0m       [38;2;0;0;0m[48;2;0;0;0m▀[0m[38;2;90;89;90m[48;2;0;0;0m▀[0m[38;2;0;0;0m▀   
          [38;2;0;0;0m▀[38;2;0;0;0m▀[38;2;0;0;0m▀              
[0m
