    [38;2;0;0;0m▄[38;2;0;0;0m[48;2;247;230;148m▀[0m[38;2;0;0;0m[48;2;65;65;65m▀[0m[38;2;0;0;0m[48;2;247;230;148m▀[0m[38;2;0;0;0m[48;2;65;65;65m▀[0m[38;2;0;0;0m[48;2;247;230;148m▀[0m[38;2;0;0;0m▄     
  [38;2;0;0;0m▄[38;2;0;0;0m[48;2;247;230;148m▀[0m[38;2;247;230;148m[48;2;65;65;65m▀[0m[38;2;65;65;65m[48;2;247;230;148m▀[0m[38;2;247;230;148m[48;2;65;65;65m▀[0m[38;2;65;65;65m[48;2;247;230;148m▀[0m[38;2;247;230;148m[48;2;189;165;82m▀[0m[38;2;189;165;82m[48;2;65;65;65m▀[0m[38;2;189;165;82m[48;2;65;65;65m▀[0m[38;2;0;0;0m[48;2;0;0;0m▀[0m    
  [38;2;0;0;0m▀[38;2;189;165;82m[48;2;0;0;0m▀[0m[38;2;65;65;65m[48;2;65;65;65m▀[0m[38;2;247;230;148m[48;2;189;165;82m▀[0m[38;2;65;65;65m[48;2;65;65;65m▀[0m[38;2;189;165;82m[48;2;65;65;65m▀[0m[38;2;65;65;65m[48;2;173;206;197m▀[0m[38;2;173;206;197m[48;2;173;206;197m▀[0m[38;2;173;206;197m[48;2;173;206;197m▀[0m[38;2;65;65;65m[48;2;173;206;197m▀[0m[38;2;0;0;0m[48;2;0;0;0m▀[0m   
[38;2;0;0;0m▄[38;2;0;0;0m[48;2;65;65;65m▀[0m[38;2;0;0;0m[48;2;140;165;165m▀[0m[38;2;65;65;65m[48;2;65;65;65m▀[0m[38;2;173;206;197m[48;2;173;206;197m▀[0m[38;2;65;65;65m[48;2;173;206;197m▀[0m[38;2;173;206;197m[48;2;173;206;197m▀[0m[38;2;173;206;197m[48;2;173;58;58m▀[0m[38;2;255;255;255m[48;2;214;99;66m▀[0m[38;2;140;165;165m[48;2;255;255;255m▀[0m[38;2;173;206;197m[48;2;140;165;165m▀[0m[38;2;173;206;197m[48;2;173;206;197m▀[0m[38;2;0;0;0m[48;2;65;65;65m▀[0m[38;2;0;0;0m▄  
[38;2;0;0;0m[48;2;0;0;0m▀[0m[38;2;140;165;165m[48;2;140;165;165m▀[0m[38;2;65;65;65m[48;2;65;65;65m▀[0m[38;2;173;206;197m[48;2;173;206;197m▀[0m[38;2;173;206;197m[48;2;115;123;123m▀[0m[38;2;173;206;197m[48;2;173;206;197m▀[0m[38;2;173;206;197m[48;2;173;206;197m▀[0m[38;2;0;0;0m[48;2;140;165;165m▀[0m[38;2;173;58;58m[48;2;140;165;165m▀[0m[38;2;255;255;255m[48;2;140;165;165m▀[0m[38;2;140;165;165m[48;2;140;165;165m▀[0m[38;2;65;65;65m[48;2;65;65;65m▀[0m[38;2;140;165;165m[48;2;173;206;197m▀[0m[38;2;173;206;197m[48;2;173;206;197m▀[0m[38;2;0;0;0m[48;2;173;206;197m▀[0m[38;2;0;0;0m▄
[38;2;0;0;0m▀[38;2;65;65;65m[48;2;0;0;0m▀[0m[38;2;140;165;165m[48;2;0;0;0m▀[0m[38;2;65;65;65m[48;2;140;165;165m▀[0m[38;2;140;165;165m[48;2;65;65;65m▀[0m[38;2;140;165;165m[48;2;65;65;65m▀[0m[38;2;140;165;165m[48;2;140;165;165m▀[0m[38;2;140;165;165m[48;2;140;165;165m▀[0m[38;2;140;165;165m[48;2;115;123;123m▀[0m[38;2;140;165;165m[48;2;115;123;123m▀[0m[38;2;65;65;65m[48;2;140;165;165m▀[0m[38;2;140;165;165m[48;2;140;165;165m▀[0m[38;2;173;206;197m[48;2;115;123;123m▀[0m[38;2;173;206;197m[48;2;173;206;197m▀[0m[38;2;173;206;197m[48;2;140;165;165m▀[0m[38;2;0;0;0m[48;2;0;0;0m▀[0m
   [38;2;0;0;0m▀[38;2;0;0;0m▀[38;2;173;206;197m[48;2;0;0;0m▀[0m[38;2;173;206;197m[48;2;173;206;197m▀[0m[38;2;173;206;197m[48;2;173;206;197m▀[0m[38;2;173;206;197m[48;2;115;123;123m▀[0m[38;2;140;165;165m[48;2;65;65;65m▀[0m[38;2;140;165;165m[48;2;140;165;165m▀[0m[38;2;140;165;165m[48;2;0;0;0m▀[0m[38;2;140;165;165m[48;2;0;0;0m▀[0m[38;2;140;165;165m[48;2;0;0;0m▀[0m[38;2;0;0;0m▀ 
   [38;2;0;0;0m▄[38;2;0;0;0m[48;2;65;65;65m▀[0m[38;2;173;206;197m[48;2;140;165;165m▀[0m[38;2;173;206;197m[48;2;173;206;197m▀[0m[38;2;173;206;197m[48;2;173;206;197m▀[0m[38;2;173;206;197m[48;2;115;123;123m▀[0m[38;2;140;165;165m[48;2;65;65;65m▀[0m[38;2;0;0;0m[48;2;0;0;0m▀[0m     
  [38;2;0;0;0m▀[38;2;140;165;165m[48;2;0;0;0m▀[0m[38;2;140;165;165m[48;2;0;0;0m▀[0m[38;2;0;0;0m▀[38;2;140;165;165m[48;2;0;0;0m▀[0m[38;2;140;165;165m[48;2;0;0;0m▀[0m[38;2;140;165;165m[48;2;140;165;165m▀[0m[38;2;140;165;165m[48;2;140;165;165m▀[0m[38;2;140;165;165m[48;2;140;165;165m▀[0m[38;2;0;0;0m[48;2;0;0;0m▀[0m    
        [38;2;0;0;0m▀[38;2;173;206;197m[48;2;0;0;0m▀[0m[38;2;173;206;197m[48;2;0;0;0m▀[0m[38;2;173;206;197m[48;2;0;0;0m▀[0m[38;2;0;0;0m▀   
[0m
