        [38;2;0;0;0m▄[38;2;0;0;0m▄[38;2;0;0;0m[48;2;82;82;90m▀[0m[38;2;0;0;0m[48;2;206;181;107m▀[0m[38;2;0;0;0m[48;2;206;181;107m▀[0m[38;2;0;0;0m[48;2;82;82;90m▀[0m[38;2;0;0;0m▄           
      [38;2;0;0;0m▄[38;2;0;0;0m[48;2;247;230;148m▀[0m[38;2;247;230;148m[48;2;82;82;90m▀[0m[38;2;82;82;90m[48;2;247;230;148m▀[0m[38;2;247;230;148m[48;2;82;82;90m▀[0m[38;2;82;82;90m[48;2;247;230;148m▀[0m[38;2;247;230;148m[48;2;206;181;107m▀[0m[38;2;247;230;148m[48;2;82;82;90m▀[0m[38;2;206;181;107m[48;2;0;0;0m▀[0m[38;2;0;0;0m[48;2;0;0;0m▀[0m          
      [38;2;0;0;0m▀[38;2;206;181;107m[48;2;0;0;0m▀[0m[38;2;82;82;90m[48;2;82;82;90m▀[0m[38;2;247;230;148m[48;2;206;181;107m▀[0m[38;2;82;82;90m[48;2;82;82;90m▀[0m[38;2;206;181;107m[48;2;82;82;90m▀[0m[38;2;82;82;90m[48;2;189;181;206m▀[0m[38;2;189;181;206m[48;2;189;181;206m▀[0m[38;2;189;181;206m[48;2;189;181;206m▀[0m[38;2;0;0;0m[48;2;140;132;156m▀[0m[38;2;0;0;0m▄[38;2;0;0;0m▄[38;2;0;0;0m▄       
     [38;2;0;0;0m▄[38;2;0;0;0m▄[38;2;0;0;0m[48;2;189;181;206m▀[0m[38;2;189;181;206m[48;2;189;181;206m▀[0m[38;2;82;82;90m[48;2;189;181;206m▀[0m[38;2;189;181;206m[48;2;189;181;206m▀[0m[38;2;189;181;206m[48;2;189;181;206m▀[0m[38;2;189;181;206m[48;2;0;0;0m▀[0m[38;2;82;82;90m[48;2;189;189;181m▀[0m[38;2;82;82;90m[48;2;140;132;156m▀[0m[38;2;140;132;156m[48;2;140;132;156m▀[0m[38;2;82;82;90m[48;2;82;82;90m▀[0m[38;2;140;132;156m[48;2;140;132;156m▀[0m[38;2;107;107;123m[48;2;107;107;123m▀[0m[38;2;0;0;0m[48;2;140;132;156m▀[0m[38;2;0;0;0m[48;2;140;132;156m▀[0m[38;2;0;0;0m▄[38;2;0;0;0m▄   
 [38;2;0;0;0m▄[38;2;0;0;0m[48;2;140;132;156m▀[0m[38;2;0;0;0m[48;2;189;181;206m▀[0m[38;2;0;0;0m[48;2;82;82;90m▀[0m[38;2;140;132;156m[48;2;82;82;90m▀[0m[38;2;82;82;90m[48;2;140;132;156m▀[0m[38;2;189;181;206m[48;2;82;82;90m▀[0m[38;2;189;181;206m[48;2;189;181;206m▀[0m[38;2;189;181;206m[48;2;82;82;90m▀[0m[38;2;189;181;206m[48;2;140;132;156m▀[0m[38;2;0;0;0m[48;2;140;132;156m▀[0m[38;2;247;99;82m[48;2;140;132;156m▀[0m[38;2;255;255;255m[48;2;140;132;156m▀[0m[38;2;140;132;156m[48;2;140;132;156m▀[0m[38;2;140;132;156m[48;2;82;82;90m▀[0m[38;2;140;132;156m[48;2;140;132;156m▀[0m[38;2;140;132;156m[48;2;140;132;156m▀[0m[38;2;140;132;156m[48;2;140;132;156m▀[0m[38;2;107;107;123m[48;2;140;132;156m▀[0m[38;2;140;132;156m[48;2;107;107;123m▀[0m[38;2;140;132;156m[48;2;82;82;90m▀[0m[38;2;107;107;123m[48;2;247;99;82m▀[0m[38;2;0;0;0m[48;2;189;181;206m▀[0m[38;2;0;0;0m▄ 
[38;2;0;0;0m[48;2;0;0;0m▀[0m[38;2;140;132;156m[48;2;189;181;206m▀[0m[38;2;189;181;206m[48;2;140;132;156m▀[0m[38;2;140;132;156m[48;2;189;181;206m▀[0m[38;2;189;181;206m[48;2;140;132;156m▀[0m[38;2;82;82;90m[48;2;82;82;90m▀[0m[38;2;107;107;123m[48;2;140;132;156m▀[0m[38;2;82;82;90m[48;2;82;82;90m▀[0m[38;2;82;82;90m[48;2;189;181;206m▀[0m[38;2;140;132;156m[48;2;82;82;90m▀[0m[38;2;140;132;156m[48;2;82;82;90m▀[0m[38;2;140;132;156m[48;2;82;82;90m▀[0m[38;2;140;132;156m[48;2;255;255;255m▀[0m[38;2;82;82;90m[48;2;82;82;90m▀[0m[38;2;82;82;90m[48;2;189;181;206m▀[0m[38;2;140;132;156m[48;2;140;132;156m▀[0m[38;2;140;132;156m[48;2;140;132;156m▀[0m[38;2;82;82;90m[48;2;140;132;156m▀[0m[38;2;140;132;156m[48;2;82;82;90m▀[0m[38;2;82;82;90m[48;2;140;132;156m▀[0m[38;2;82;82;90m[48;2;189;181;206m▀[0m[38;2;247;99;82m[48;2;189;181;206m▀[0m[38;2;189;181;206m[48;2;189;181;206m▀[0m[38;2;189;181;206m[48;2;247;99;82m▀[0m[38;2;189;181;206m[48;2;247;99;82m▀[0m[38;2;0;0;0m[48;2;0;0;0m▀[0m
[38;2;0;0;0m▀[38;2;140;132;156m[48;2;0;0;0m▀[0m[38;2;189;181;206m[48;2;140;132;156m▀[0m[38;2;140;132;156m[48;2;140;132;156m▀[0m[38;2;82;82;90m[48;2;140;132;156m▀[0m[38;2;140;132;156m[48;2;140;132;156m▀[0m[38;2;140;132;156m[48;2;140;132;156m▀[0m[38;2;82;82;90m[48;2;0;0;0m▀[0m[38;2;189;181;206m[48;2;140;132;156m▀[0m[38;2;189;181;206m[48;2;189;181;206m▀[0m[38;2;107;107;123m[48;2;107;107;123m▀[0m[38;2;189;181;206m[48;2;189;181;206m▀[0m[38;2;82;82;90m[48;2;189;181;206m▀[0m[38;2;189;181;206m[48;2;189;181;206m▀[0m[38;2;189;181;206m[48;2;140;132;156m▀[0m[38;2;140;132;156m[48;2;140;132;156m▀[0m[38;2;140;132;156m[48;2;140;132;156m▀[0m[38;2;140;132;156m[48;2;82;82;90m▀[0m[38;2;82;82;90m[48;2;0;0;0m▀[0m[38;2;189;181;206m[48;2;140;132;156m▀[0m[38;2;140;132;156m[48;2;189;181;206m▀[0m[38;2;189;181;206m[48;2;140;132;156m▀[0m[38;2;189;181;206m[48;2;189;181;206m▀[0m[38;2;189;181;206m[48;2;140;132;156m▀[0m[38;2;0;0;0m[48;2;0;0;0m▀[0m 
  [38;2;0;0;0m▀[38;2;0;0;0m▀[38;2;140;132;156m[48;2;0;0;0m▀[0m[38;2;140;132;156m[48;2;0;0;0m▀[0m[38;2;0;0;0m▀ [38;2;0;0;0m[48;2;0;0;0m▀[0m[38;2;140;132;156m[48;2;206;181;107m▀[0m[38;2;140;132;156m[48;2;82;82;90m▀[0m[38;2;107;107;123m[48;2;206;181;107m▀[0m[38;2;140;132;156m[48;2;247;230;148m▀[0m[38;2;140;132;156m[48;2;206;181;107m▀[0m[38;2;140;132;156m[48;2;82;82;90m▀[0m[38;2;82;82;90m[48;2;206;181;107m▀[0m[38;2;82;82;90m[48;2;206;181;107m▀[0m[38;2;206;181;107m[48;2;0;0;0m▀[0m[38;2;0;0;0m▀[38;2;0;0;0m▀[38;2;189;181;206m[48;2;0;0;0m▀[0m[38;2;140;132;156m[48;2;0;0;0m▀[0m[38;2;0;0;0m▀[38;2;0;0;0m▀  
       [38;2;0;0;0m[48;2;0;0;0m▀[0m[38;2;140;132;156m[48;2;140;132;156m▀[0m[38;2;82;82;90m[48;2;140;132;156m▀[0m[38;2;206;181;107m[48;2;140;132;156m▀[0m[38;2;247;230;148m[48;2;206;181;107m▀[0m[38;2;247;99;82m[48;2;247;230;148m▀[0m[38;2;247;230;148m[48;2;206;181;107m▀[0m[38;2;206;181;107m[48;2;82;82;90m▀[0m[38;2;82;82;90m[48;2;82;82;90m▀[0m[38;2;82;82;90m[48;2;82;82;90m▀[0m[38;2;0;0;0m[48;2;140;132;156m▀[0m[38;2;0;0;0m▄       
       [38;2;0;0;0m▀[38;2;82;82;90m[48;2;0;0;0m▀[0m[38;2;140;132;156m[48;2;0;0;0m▀[0m[38;2;140;132;156m[48;2;0;0;0m▀[0m[38;2;0;0;0m▀[38;2;0;0;0m▀[38;2;0;0;0m▀[38;2;82;82;90m[48;2;0;0;0m▀[0m[38;2;82;82;90m[48;2;140;132;156m▀[0m[38;2;140;132;156m[48;2;107;107;123m▀[0m[38;2;140;132;156m[48;2;107;107;123m▀[0m[38;2;140;132;156m[48;2;107;107;123m▀[0m[38;2;0;0;0m[48;2;0;0;0m▀[0m      
               [38;2;0;0;0m▀[38;2;140;132;156m[48;2;0;0;0m▀[0m[38;2;189;181;206m[48;2;0;0;0m▀[0m[38;2;107;107;123m[48;2;0;0;0m▀[0m[38;2;189;181;206m[48;2;0;0;0m▀[0m[38;2;0;0;0m[48;2;0;0;0m▀[0m     
[0m
