  [38;2;0;0;0m▄[38;2;0;0;0m[48;2;156;77;156m▀[0m[38;2;0;0;0m[48;2;156;77;156m▀[0m[38;2;0;0;0m▄           [38;2;0;0;0m▄[38;2;0;0;0m▄   
   [38;2;0;0;0m[48;2;16;0;74m▀[0m[38;2;156;77;156m[48;2;135;99;78m▀[0m[38;2;0;0;0m[48;2;154;78;154m▀[0m[38;2;0;8;0m▄[38;2;0;0;0m[48;2;156;77;156m▀[0m[38;2;0;0;0m▄  [38;2;0;0;0m▄[38;2;0;0;0m[48;2;181;105;181m▀[0m[38;2;0;0;0m▄ [38;2;0;0;57m▄[38;2;0;0;0m[48;2;170;126;95m▀[0m[38;2;181;105;181m[48;2;255;199;82m▀[0m[38;2;181;105;181m[48;2;0;0;16m▀[0m[38;2;0;0;0m▀  
  [38;2;0;0;0m[48;2;0;0;0m▀[0m[38;2;135;99;78m[48;2;164;124;63m▀[0m[38;2;255;199;82m[48;2;247;186;74m▀[0m[38;2;154;78;154m[48;2;156;75;156m▀[0m[38;2;77;43;77m[48;2;156;75;156m▀[0m[38;2;156;77;156m[48;2;150;82;153m▀[0m[38;2;0;0;0m[48;2;74;52;82m▀[0m[38;2;0;0;0m▄[38;2;0;0;0m▄[38;2;0;0;0m[48;2;74;52;82m▀[0m[38;2;181;105;181m[48;2;150;82;153m▀[0m[38;2;66;65;66m[48;2;156;75;156m▀[0m[38;2;0;0;0m[48;2;181;106;181m▀[0m[38;2;170;126;95m[48;2;181;105;181m▀[0m[38;2;255;190;115m[48;2;255;215;8m▀[0m[38;2;170;132;60m[48;2;181;105;181m▀[0m[38;2;0;0;16m[48;2;0;0;0m▀[0m   
  [38;2;0;0;0m▄[38;2;0;0;41m[48;2;154;78;154m▀[0m[38;2;82;62;52m[48;2;154;78;154m▀[0m[38;2;156;75;156m[48;2;159;72;156m▀[0m[38;2;156;75;156m[48;2;178;109;181m▀[0m[38;2;112;67;117m[48;2;192;148;206m▀[0m[38;2;189;97;189m[48;2;192;148;206m▀[0m[38;2;181;105;181m[48;2;193;147;206m▀[0m[38;2;181;105;181m[48;2;181;105;181m▀[0m[38;2;189;97;189m[48;2;181;107;181m▀[0m[38;2;112;67;117m[48;2;181;107;181m▀[0m[38;2;156;75;156m[48;2;181;107;181m▀[0m[38;2;181;106;181m[48;2;181;107;181m▀[0m[38;2;181;105;181m[48;2;255;215;8m▀[0m[38;2;255;215;8m[48;2;165;85;165m▀[0m[38;2;181;105;181m[48;2;181;106;181m▀[0m[38;2;181;105;181m[48;2;181;106;181m▀[0m[38;2;0;0;0m[48;2;0;0;0m▀[0m  
 [38;2;0;0;0m▄ [38;2;0;8;0m[48;2;0;8;0m▀[0m[38;2;77;43;77m[48;2;181;105;181m▀[0m[38;2;178;109;181m[48;2;181;106;181m▀[0m[38;2;198;146;206m[48;2;181;106;181m▀[0m[38;2;192;148;206m[48;2;181;106;181m▀[0m[38;2;192;148;206m[48;2;181;106;181m▀[0m[38;2;181;105;181m[48;2;181;106;181m▀[0m[38;2;181;105;181m[48;2;181;106;181m▀[0m[38;2;181;107;181m[48;2;181;106;181m▀[0m[38;2;181;107;181m[48;2;181;106;181m▀[0m[38;2;181;107;181m[48;2;181;108;181m▀[0m[38;2;181;107;181m[48;2;181;108;181m▀[0m[38;2;165;85;165m[48;2;181;106;181m▀[0m[38;2;165;85;165m[48;2;181;106;181m▀[0m[38;2;181;106;181m[48;2;120;67;120m▀[0m[38;2;156;75;156m[48;2;0;0;0m▀[0m[38;2;0;0;0m▀  
 [38;2;0;0;0m▀[38;2;0;0;0m[48;2;0;0;0m▀[0m[38;2;60;40;60m[48;2;126;52;60m▀[0m[38;2;120;72;120m[48;2;148;150;148m▀[0m[38;2;156;75;156m[48;2;123;48;132m▀[0m[38;2;181;106;181m[48;2;172;125;173m▀[0m[38;2;181;106;181m[48;2;123;56;132m▀[0m[38;2;123;55;131m[48;2;214;215;214m▀[0m[38;2;181;106;181m[48;2;148;52;90m▀[0m[38;2;123;55;131m[48;2;198;219;214m▀[0m[38;2;123;55;131m[48;2;214;215;214m▀[0m[38;2;181;106;181m[48;2;66;65;66m▀[0m[38;2;181;108;181m[48;2;66;65;66m▀[0m[38;2;66;65;66m[48;2;66;65;66m▀[0m[38;2;181;106;181m[48;2;181;106;181m▀[0m[38;2;156;75;156m[48;2;181;106;181m▀[0m[38;2;181;101;181m[48;2;123;56;132m▀[0m[38;2;181;101;181m[48;2;0;0;0m▀[0m[38;2;0;0;0m▀  
  [38;2;0;0;0m[48;2;0;0;0m▀[0m[38;2;126;52;60m[48;2;66;65;66m▀[0m[38;2;148;150;148m[48;2;66;65;66m▀[0m[38;2;222;203;214m[48;2;214;214;214m▀[0m[38;2;123;48;132m[48;2;214;214;214m▀[0m[38;2;214;215;214m[48;2;214;214;214m▀[0m[38;2;214;215;214m[48;2;214;214;214m▀[0m[38;2;173;135;152m[48;2;255;243;247m▀[0m[38;2;148;52;90m[48;2;24;0;0m▀[0m[38;2;66;65;66m[48;2;186;57;71m▀[0m[38;2;66;65;66m[48;2;66;60;66m▀[0m[38;2;66;65;66m[48;2;66;65;66m▀[0m[38;2;198;199;198m[48;2;66;65;66m▀[0m[38;2;123;55;131m[48;2;66;65;66m▀[0m[38;2;181;106;181m[48;2;181;108;181m▀[0m[38;2;0;0;0m[48;2;77;43;77m▀[0m[38;2;0;8;0m▄[38;2;0;0;0m[48;2;156;77;156m▀[0m[38;2;0;0;0m▄ 
 [38;2;0;0;0m▀[38;2;156;77;156m[48;2;0;0;0m▀[0m[38;2;66;65;66m[48;2;66;52;66m▀[0m[38;2;214;215;214m[48;2;222;190;222m▀[0m[38;2;214;214;214m[48;2;214;215;214m▀[0m[38;2;214;214;214m[48;2;142;143;142m▀[0m[38;2;214;214;214m[48;2;66;65;66m▀[0m[38;2;214;214;214m[48;2;214;215;214m▀[0m[38;2;101;81;82m[48;2;57;0;0m▀[0m[38;2;24;0;0m[48;2;189;121;126m▀[0m[38;2;247;56;74m[48;2;181;40;57m▀[0m[38;2;66;60;66m[48;2;66;65;66m▀[0m[38;2;66;65;66m[48;2;164;127;165m▀[0m[38;2;66;65;66m[48;2;123;56;132m▀[0m[38;2;181;108;181m[48;2;181;106;181m▀[0m[38;2;181;108;181m[48;2;156;75;156m▀[0m[38;2;154;78;154m[48;2;156;75;156m▀[0m[38;2;154;78;154m[48;2;156;75;156m▀[0m[38;2;156;77;156m[48;2;0;0;0m▀[0m[38;2;0;0;0m▀ 
[38;2;0;0;0m▄[38;2;0;0;0m[48;2;156;75;156m▀[0m[38;2;156;77;156m[48;2;181;106;181m▀[0m[38;2;144;121;144m[48;2;148;84;150m▀[0m[38;2;66;52;66m[48;2;189;97;189m▀[0m[38;2;214;215;214m[48;2;66;65;66m▀[0m[38;2;71;71;71m[48;2;181;108;181m▀[0m[38;2;214;215;214m[48;2;123;55;131m▀[0m[38;2;214;215;214m[48;2;123;55;131m▀[0m[38;2;255;182;189m[48;2;123;55;131m▀[0m[38;2;123;60;63m[48;2;123;55;131m▀[0m[38;2;66;65;66m[48;2;181;106;181m▀[0m[38;2;66;65;66m[48;2;181;106;181m▀[0m[38;2;123;56;132m[48;2;181;106;181m▀[0m[38;2;164;127;165m[48;2;156;75;156m▀[0m[38;2;181;106;181m[48;2;156;75;156m▀[0m[38;2;156;75;156m[48;2;156;75;156m▀[0m[38;2;66;65;66m[48;2;159;81;118m▀[0m[38;2;156;75;156m[48;2;66;65;74m▀[0m[38;2;123;56;132m[48;2;66;65;66m▀[0m[38;2;0;0;0m[48;2;206;89;115m▀[0m[38;2;0;0;0m▄
[38;2;0;0;0m[48;2;0;0;0m▀[0m[38;2;181;106;181m[48;2;82;70;35m▀[0m[38;2;181;106;181m[48;2;247;211;24m▀[0m[38;2;66;60;74m[48;2;66;65;74m▀[0m[38;2;148;84;150m[48;2;181;108;145m▀[0m[38;2;181;108;181m[48;2;66;65;74m▀[0m[38;2;181;108;181m[48;2;181;108;145m▀[0m[38;2;181;106;181m[48;2;66;65;74m▀[0m[38;2;181;106;181m[48;2;181;108;145m▀[0m[38;2;181;106;181m[48;2;142;87;142m▀[0m[38;2;181;106;181m[48;2;181;101;181m▀[0m[38;2;181;106;181m[48;2;66;65;66m▀[0m[38;2;156;75;156m[48;2;66;65;66m▀[0m[38;2;181;106;181m[48;2;148;84;150m▀[0m[38;2;181;106;181m[48;2;189;97;189m▀[0m[38;2;66;65;66m[48;2;181;108;181m▀[0m[38;2;156;75;156m[48;2;66;65;66m▀[0m[38;2;66;65;74m[48;2;206;90;115m▀[0m[38;2;206;89;140m[48;2;206;90;115m▀[0m[38;2;206;89;115m[48;2;206;89;115m▀[0m[38;2;206;89;115m[48;2;0;0;0m▀[0m[38;2;0;0;0m▀
 [38;2;0;0;41m[48;2;8;0;0m▀[0m[38;2;82;70;35m[48;2;255;134;165m▀[0m[38;2;239;130;181m[48;2;239;132;156m▀[0m[38;2;66;65;74m[48;2;239;132;156m▀[0m[38;2;239;130;181m[48;2;239;132;156m▀[0m[38;2;66;65;74m[48;2;239;132;156m▀[0m[38;2;239;130;181m[48;2;239;132;156m▀[0m[38;2;66;65;74m[48;2;239;132;156m▀[0m[38;2;181;101;181m[48;2;66;65;66m▀[0m[38;2;66;60;66m[48;2;239;134;156m▀[0m[38;2;239;134;156m[48;2;239;132;156m▀[0m[38;2;239;134;156m[48;2;239;132;156m▀[0m[38;2;66;60;74m[48;2;239;134;156m▀[0m[38;2;148;84;150m[48;2;66;65;66m▀[0m[38;2;181;108;181m[48;2;255;195;33m▀[0m[38;2;66;65;66m[48;2;74;56;82m▀[0m[38;2;206;90;115m[48;2;206;90;115m▀[0m[38;2;206;90;115m[48;2;206;90;115m▀[0m[38;2;206;89;115m[48;2;206;90;115m▀[0m[38;2;206;89;115m[48;2;206;90;115m▀[0m[38;2;0;0;0m[48;2;0;0;0m▀[0m
 [38;2;8;0;0m▀[38;2;172;89;110m[48;2;0;0;0m▀[0m[38;2;239;132;156m[48;2;206;90;115m▀[0m[38;2;239;132;156m[48;2;239;134;156m▀[0m[38;2;239;132;156m[48;2;239;134;156m▀[0m[38;2;239;132;156m[48;2;239;134;156m▀[0m[38;2;239;132;156m[48;2;239;132;156m▀[0m[38;2;239;132;156m[48;2;239;132;156m▀[0m[38;2;239;134;156m[48;2;239;134;156m▀[0m[38;2;239;134;156m[48;2;239;134;156m▀[0m[38;2;239;132;156m[48;2;239;130;181m▀[0m[38;2;239;132;156m[48;2;66;65;74m▀[0m[38;2;239;134;156m[48;2;239;134;156m▀[0m[38;2;239;134;156m[48;2;239;134;156m▀[0m[38;2;74;56;82m[48;2;239;134;156m▀[0m[38;2;164;125;57m[48;2;206;90;115m▀[0m[38;2;206;90;115m[48;2;206;89;115m▀[0m[38;2;206;90;115m[48;2;206;89;115m▀[0m[38;2;206;90;115m[48;2;94;50;57m▀[0m[38;2;206;90;115m[48;2;0;4;0m▀[0m[38;2;0;0;0m▀
  [38;2;0;0;0m▀[38;2;206;90;115m[48;2;0;0;0m▀[0m[38;2;206;90;115m[48;2;0;0;0m▀[0m[38;2;206;90;115m[48;2;173;85;132m▀[0m[38;2;206;90;115m[48;2;86;46;66m▀[0m[38;2;239;132;156m[48;2;206;93;115m▀[0m[38;2;239;132;156m[48;2;206;93;115m▀[0m[38;2;66;65;66m[48;2;206;89;115m▀[0m[38;2;239;134;156m[48;2;66;65;66m▀[0m[38;2;66;65;74m[48;2;181;106;181m▀[0m[38;2;181;108;145m[48;2;156;75;156m▀[0m[38;2;66;65;66m[48;2;66;65;66m▀[0m[38;2;239;134;156m[48;2;206;89;115m▀[0m[38;2;206;90;115m[48;2;206;90;115m▀[0m[38;2;206;90;115m[48;2;206;90;115m▀[0m[38;2;66;65;66m[48;2;206;89;115m▀[0m[38;2;206;89;115m[48;2;0;0;0m▀[0m[38;2;189;97;115m[48;2;0;0;0m▀[0m[38;2;0;4;0m▀ 
     [38;2;0;8;0m▀[38;2;173;85;132m[48;2;0;0;0m▀[0m[38;2;68;41;43m[48;2;0;0;0m▀[0m[38;2;0;16;8m▀[38;2;206;89;115m[48;2;0;0;0m▀[0m[38;2;66;65;66m[48;2;66;65;66m▀[0m[38;2;156;75;156m[48;2;154;78;154m▀[0m[38;2;156;75;156m[48;2;77;43;77m▀[0m[38;2;66;65;66m[48;2;0;0;0m▀[0m[38;2;66;65;66m[48;2;206;89;115m▀[0m[38;2;206;90;115m[48;2;0;0;0m▀[0m[38;2;206;90;115m[48;2;0;0;0m▀[0m[38;2;0;0;0m▀    
          [38;2;0;0;0m▀[38;2;154;78;154m[48;2;0;0;0m▀[0m[38;2;0;8;0m▀ [38;2;0;0;0m▀       
[0m
