     [38;2;0;0;0m▄[38;2;0;0;0m▄[38;2;0;0;0m[48;2;115;115;107m▀[0m[38;2;0;0;0m[48;2;115;115;107m▀[0m[38;2;0;0;0m[48;2;115;115;107m▀[0m[38;2;0;0;0m▄[38;2;0;0;0m▄      
  [38;2;0;0;0m▄[38;2;0;0;0m[48;2;74;74;74m▀[0m[38;2;0;0;0m[48;2;115;115;107m▀[0m[38;2;74;74;74m[48;2;247;222;107m▀[0m[38;2;115;115;107m[48;2;115;115;107m▀[0m[38;2;115;115;107m[48;2;255;255;255m▀[0m[38;2;115;115;107m[48;2;189;189;189m▀[0m[38;2;115;115;107m[48;2;74;74;74m▀[0m[38;2;115;115;107m[48;2;74;74;74m▀[0m[38;2;115;115;107m[48;2;74;74;74m▀[0m[38;2;0;0;0m[48;2;74;74;74m▀[0m[38;2;0;0;0m▄    
 [38;2;0;0;0m[48;2;0;0;0m▀[0m[38;2;65;65;65m[48;2;74;74;74m▀[0m[38;2;74;74;74m[48;2;247;222;107m▀[0m[38;2;156;132;41m[48;2;247;222;107m▀[0m[38;2;156;132;41m[48;2;247;222;107m▀[0m[38;2;206;181;74m[48;2;247;222;107m▀[0m[38;2;25;99;206m[48;2;25;99;206m▀[0m[38;2;255;255;255m[48;2;255;255;255m▀[0m[38;2;115;115;107m[48;2;247;222;107m▀[0m[38;2;74;74;74m[48;2;115;115;107m▀[0m[38;2;115;115;107m[48;2;74;74;74m▀[0m[38;2;115;115;107m[48;2;115;115;107m▀[0m[38;2;0;0;0m[48;2;0;0;0m▀[0m    
[38;2;0;0;0m[48;2;0;0;0m▀[0m[38;2;65;65;65m[48;2;65;65;65m▀[0m[38;2;74;74;74m[48;2;65;65;65m▀[0m[38;2;206;181;74m[48;2;74;74;74m▀[0m[38;2;247;222;107m[48;2;247;222;107m▀[0m[38;2;206;181;74m[48;2;247;222;107m▀[0m[38;2;247;222;107m[48;2;247;222;107m▀[0m[38;2;255;255;255m[48;2;115;115;107m▀[0m[38;2;247;222;107m[48;2;247;222;107m▀[0m[38;2;247;222;107m[48;2;247;222;107m▀[0m[38;2;247;222;107m[48;2;247;222;107m▀[0m[38;2;74;74;74m[48;2;74;74;74m▀[0m[38;2;115;115;107m[48;2;115;115;107m▀[0m[38;2;115;115;107m[48;2;115;115;107m▀[0m[38;2;0;0;0m[48;2;0;0;0m▀[0m   
 [38;2;0;0;0m[48;2;0;0;0m▀[0m[38;2;65;65;65m[48;2;156;132;41m▀[0m[38;2;74;74;74m[48;2;0;0;0m▀[0m[38;2;0;0;0m▀[38;2;115;115;107m[48;2;0;0;0m▀[0m[38;2;115;115;107m[48;2;0;0;0m▀[0m[38;2;247;222;107m[48;2;0;0;0m▀[0m[38;2;247;222;107m[48;2;206;181;74m▀[0m[38;2;247;222;107m[48;2;0;0;0m▀[0m[38;2;0;0;0m▀[38;2;0;0;0m[48;2;0;0;0m▀[0m[38;2;115;115;107m[48;2;115;115;107m▀[0m[38;2;115;115;107m[48;2;115;115;107m▀[0m[38;2;0;0;0m[48;2;206;181;74m▀[0m[38;2;0;0;0m▄  
  [38;2;0;0;0m▀[38;2;0;0;0m▀  [38;2;0;0;0m▄[38;2;0;0;0m[48;2;206;181;74m▀[0m[38;2;247;222;107m[48;2;156;132;41m▀[0m[38;2;247;222;107m[48;2;247;222;107m▀[0m[38;2;0;0;0m[48;2;247;222;107m▀[0m[38;2;74;74;74m[48;2;247;222;107m▀[0m[38;2;206;181;74m[48;2;74;74;74m▀[0m[38;2;247;222;107m[48;2;247;222;107m▀[0m[38;2;247;222;107m[48;2;74;74;74m▀[0m[38;2;0;0;0m[48;2;74;74;74m▀[0m[38;2;0;0;0m▄ 
      [38;2;0;0;0m[48;2;0;0;0m▀[0m[38;2;206;181;74m[48;2;74;74;74m▀[0m[38;2;156;132;41m[48;2;115;115;107m▀[0m[38;2;247;222;107m[48;2;74;74;74m▀[0m[38;2;156;132;41m[48;2;206;181;74m▀[0m[38;2;247;222;107m[48;2;247;222;107m▀[0m[38;2;247;222;107m[48;2;247;222;107m▀[0m[38;2;74;74;74m[48;2;156;132;41m▀[0m[38;2;74;74;74m[48;2;206;181;74m▀[0m[38;2;206;181;74m[48;2;156;132;41m▀[0m[38;2;115;115;107m[48;2;0;0;0m▀[0m[38;2;0;0;0m▀
       [38;2;0;0;0m▀[38;2;0;0;0m▀[38;2;0;0;0m▀[38;2;0;0;0m▀[38;2;247;222;107m[48;2;0;0;0m▀[0m[38;2;247;222;107m[48;2;115;115;107m▀[0m[38;2;74;74;74m[48;2;0;0;0m▀[0m[38;2;0;0;0m▀[38;2;0;0;0m▀  
           [38;2;0;0;0m▀[38;2;0;0;0m▀     
[0m
