[38;2;0;0;0m▄[38;2;0;0;0m[48;2;255;255;255m▀[0m[38;2;0;0;0m[48;2;65;65;65m▀[0m[38;2;0;0;0m▄             
[38;2;0;0;0m[48;2;0;0;0m▀[0m[38;2;255;255;255m[48;2;255;255;255m▀[0m[38;2;255;255;255m[48;2;238;164;180m▀[0m[38;2;0;0;0m[48;2;238;164;180m▀[0m[38;2;0;0;0m▄[38;2;0;0;0m[48;2;65;65;65m▀[0m[38;2;0;0;0m[48;2;238;164;180m▀[0m[38;2;0;0;0m[48;2;238;164;180m▀[0m[38;2;0;0;0m[48;2;238;164;180m▀[0m[38;2;0;0;0m[48;2;238;164;180m▀[0m[38;2;0;0;0m▄[38;2;0;0;0m▄  [38;2;0;0;0m▄[38;2;0;0;0m▄ 
[38;2;0;0;0m▀[38;2;197;123;139m[48;2;0;0;0m▀[0m[38;2;197;123;139m[48;2;197;123;139m▀[0m[38;2;65;65;65m[48;2;255;255;255m▀[0m[38;2;255;255;255m[48;2;238;164;180m▀[0m[38;2;255;255;255m[48;2;238;164;180m▀[0m[38;2;255;255;255m[48;2;238;164;180m▀[0m[38;2;255;255;255m[48;2;255;255;255m▀[0m[38;2;255;255;255m[48;2;255;255;255m▀[0m[38;2;238;164;180m[48;2;255;255;255m▀[0m[38;2;238;164;180m[48;2;238;164;180m▀[0m[38;2;65;65;65m[48;2;238;164;180m▀[0m[38;2;0;0;0m[48;2;65;65;65m▀[0m[38;2;0;0;0m[48;2;255;255;255m▀[0m[38;2;255;255;255m[48;2;255;255;255m▀[0m[38;2;255;255;255m[48;2;255;255;255m▀[0m[38;2;0;0;0m[48;2;0;0;0m▀[0m
[38;2;0;0;0m▄[38;2;0;0;0m[48;2;197;123;139m▀[0m[38;2;65;65;65m[48;2;65;65;65m▀[0m[38;2;238;164;180m[48;2;238;164;180m▀[0m[38;2;0;0;0m[48;2;0;0;0m▀[0m[38;2;238;164;180m[48;2;238;164;180m▀[0m[38;2;238;164;180m[48;2;238;164;180m▀[0m[38;2;238;164;180m[48;2;0;0;0m▀[0m[38;2;238;164;180m[48;2;238;164;180m▀[0m[38;2;255;255;255m[48;2;238;164;180m▀[0m[38;2;255;255;255m[48;2;255;255;255m▀[0m[38;2;65;65;65m[48;2;238;164;180m▀[0m[38;2;238;164;180m[48;2;238;164;180m▀[0m[38;2;255;255;255m[48;2;238;164;180m▀[0m[38;2;255;255;255m[48;2;255;255;255m▀[0m[38;2;0;0;0m[48;2;0;0;0m▀[0m 
[38;2;0;0;0m▀[38;2;255;255;255m[48;2;0;0;0m▀[0m[38;2;65;65;65m[48;2;0;0;0m▀[0m[38;2;238;164;180m[48;2;65;65;65m▀[0m[38;2;255;255;255m[48;2;255;255;255m▀[0m[38;2;65;65;65m[48;2;255;255;255m▀[0m[38;2;255;255;255m[48;2;255;255;255m▀[0m[38;2;0;0;0m[48;2;255;255;255m▀[0m[38;2;238;164;180m[48;2;65;65;65m▀[0m[38;2;238;164;180m[48;2;238;164;180m▀[0m[38;2;255;255;255m[48;2;197;197;197m▀[0m[38;2;238;164;180m[48;2;197;123;139m▀[0m[38;2;238;164;180m[48;2;238;164;180m▀[0m[38;2;238;164;180m[48;2;65;65;65m▀[0m[38;2;0;0;0m[48;2;197;123;139m▀[0m[38;2;0;0;0m▄ 
   [38;2;0;0;0m▀[38;2;65;65;65m[48;2;0;0;0m▀[0m[38;2;255;255;255m[48;2;0;0;0m▀[0m[38;2;65;65;65m[48;2;197;123;139m▀[0m[38;2;65;65;65m[48;2;197;123;139m▀[0m[38;2;197;123;139m[48;2;197;123;139m▀[0m[38;2;197;197;197m[48;2;197;123;139m▀[0m[38;2;197;123;139m[48;2;65;65;65m▀[0m[38;2;65;65;65m[48;2;65;65;65m▀[0m[38;2;238;164;180m[48;2;65;65;65m▀[0m[38;2;255;255;255m[48;2;255;255;255m▀[0m[38;2;65;65;65m[48;2;65;65;65m▀[0m[38;2;0;0;0m[48;2;123;82;65m▀[0m[38;2;0;0;0m▄
    [38;2;0;0;0m▄[38;2;0;0;0m[48;2;65;65;65m▀[0m[38;2;65;65;65m[48;2;148;106;74m▀[0m[38;2;65;65;65m[48;2;148;106;74m▀[0m[38;2;65;65;65m[48;2;65;65;65m▀[0m[38;2;65;65;65m[48;2;123;82;65m▀[0m[38;2;197;123;139m[48;2;65;65;65m▀[0m[38;2;123;82;65m[48;2;148;106;74m▀[0m[38;2;65;65;65m[48;2;148;106;74m▀[0m[38;2;65;65;65m[48;2;65;65;65m▀[0m[38;2;123;82;65m[48;2;123;82;65m▀[0m[38;2;123;82;65m[48;2;123;82;65m▀[0m[38;2;0;0;0m[48;2;0;0;0m▀[0m
    [38;2;0;0;0m[48;2;0;0;0m▀[0m[38;2;148;106;74m[48;2;65;65;65m▀[0m[38;2;148;106;74m[48;2;148;106;74m▀[0m[38;2;148;106;74m[48;2;148;106;74m▀[0m[38;2;65;65;65m[48;2;0;0;0m▀[0m[38;2;123;82;65m[48;2;0;0;0m▀[0m[38;2;65;65;65m[48;2;148;106;74m▀[0m[38;2;148;106;74m[48;2;148;106;74m▀[0m[38;2;148;106;74m[48;2;148;106;74m▀[0m[38;2;65;65;65m[48;2;0;0;0m▀[0m[38;2;123;82;65m[48;2;0;0;0m▀[0m[38;2;123;82;65m[48;2;0;0;0m▀[0m[38;2;0;0;0m▀
     [38;2;0;0;0m▀[38;2;0;0;0m▀[38;2;0;0;0m▀ [38;2;0;0;0m[48;2;0;0;0m▀[0m[38;2;148;106;74m[48;2;65;65;65m▀[0m[38;2;148;106;74m[48;2;148;106;74m▀[0m[38;2;148;106;74m[48;2;65;65;65m▀[0m[38;2;0;0;0m[48;2;0;0;0m▀[0m   
          [38;2;0;0;0m▀[38;2;0;0;0m▀[38;2;0;0;0m▀    
[0m
