                      [38;2;2;6;19m▄[38;2;0;4;0m[48;2;65;65;65m▀[0m[38;2;0;4;0m[48;2;255;246;197m▀[0m[38;2;0;4;0m[48;2;255;246;197m▀[0m[38;2;0;4;0m[48;2;255;246;197m▀[0m[38;2;0;4;0m[48;2;255;246;197m▀[0m[38;2;0;4;0m[48;2;255;238;65m▀[0m[38;2;5;7;8m▄                    
              [38;2;0;4;0m▄[38;2;0;4;0m▄[38;2;0;4;0m▄[38;2;0;4;0m▄   [38;2;0;4;0m[48;2;0;4;0m▀[0m[38;2;65;65;65m[48;2;255;238;65m▀[0m[38;2;255;238;65m[48;2;255;238;65m▀[0m[38;2;255;238;65m[48;2;65;65;65m▀[0m[38;2;255;238;65m[48;2;65;65;65m▀[0m[38;2;255;238;65m[48;2;65;65;65m▀[0m[38;2;255;238;65m[48;2;255;238;65m▀[0m[38;2;188;161;80m[48;2;255;238;65m▀[0m[38;2;188;161;80m[48;2;188;161;80m▀[0m[38;2;0;4;0m[48;2;188;161;80m▀[0m[38;2;0;4;0m▄                  
             [38;2;0;4;0m[48;2;0;4;0m▀[0m[38;2;65;65;65m[48;2;139;144;150m▀[0m[38;2;139;144;150m[48;2;139;144;150m▀[0m[38;2;139;144;150m[48;2;139;144;150m▀[0m[38;2;139;144;150m[48;2;90;96;103m▀[0m[38;2;0;4;0m[48;2;0;4;0m▀[0m [38;2;0;4;0m[48;2;2;6;19m▀[0m[38;2;255;238;65m[48;2;255;238;65m▀[0m[38;2;255;238;65m[48;2;98;72;74m▀[0m[38;2;98;72;74m[48;2;188;161;80m▀[0m[38;2;188;161;80m[48;2;65;65;65m▀[0m[38;2;65;65;65m[48;2;0;4;0m▀[0m[38;2;5;7;8m[48;2;253;253;253m▀[0m[38;2;5;7;8m[48;2;65;65;65m▀[0m[38;2;255;238;65m[48;2;0;4;0m▀[0m[38;2;255;238;65m[48;2;255;238;65m▀[0m[38;2;188;161;80m[48;2;188;161;80m▀[0m[38;2;0;4;0m[48;2;188;161;80m▀[0m[38;2;0;4;0m▄  [38;2;0;4;0m▄[38;2;0;4;0m[48;2;65;65;65m▀[0m[38;2;0;4;0m[48;2;139;144;150m▀[0m[38;2;0;4;0m[48;2;139;144;150m▀[0m[38;2;0;4;0m[48;2;139;144;150m▀[0m[38;2;0;4;0m▄         
           [38;2;0;4;0m▄[38;2;0;4;0m[48;2;65;65;65m▀[0m[38;2;139;144;150m[48;2;139;144;150m▀[0m[38;2;139;144;150m[48;2;139;144;150m▀[0m[38;2;139;144;150m[48;2;139;144;150m▀[0m[38;2;139;144;150m[48;2;79;90;104m▀[0m[38;2;65;65;65m[48;2;65;65;65m▀[0m[38;2;65;65;65m[48;2;98;98;98m▀[0m[38;2;0;4;0m[48;2;98;98;98m▀[0m[38;2;65;65;65m[48;2;65;65;65m▀[0m[38;2;255;238;65m[48;2;65;65;65m▀[0m[38;2;98;72;74m[48;2;255;238;65m▀[0m[38;2;188;161;80m[48;2;65;65;65m▀[0m[38;2;65;65;65m[48;2;90;97;148m▀[0m[38;2;0;4;0m[48;2;188;161;80m▀[0m[38;2;65;65;65m[48;2;0;4;0m▀[0m[38;2;65;65;65m[48;2;0;4;0m▀[0m[38;2;0;4;0m[48;2;188;161;80m▀[0m[38;2;255;238;65m[48;2;255;238;65m▀[0m[38;2;255;238;65m[48;2;188;161;80m▀[0m[38;2;188;161;80m[48;2;65;65;65m▀[0m[38;2;0;4;0m[48;2;65;65;65m▀[0m[38;2;2;6;19m▄[38;2;0;4;0m[48;2;139;144;150m▀[0m[38;2;65;65;65m[48;2;65;65;65m▀[0m[38;2;139;144;150m[48;2;139;144;150m▀[0m[38;2;139;144;150m[48;2;139;144;150m▀[0m[38;2;139;144;150m[48;2;139;144;150m▀[0m[38;2;79;90;104m[48;2;79;90;104m▀[0m[38;2;79;90;104m[48;2;79;90;104m▀[0m[38;2;0;4;0m[48;2;0;4;0m▀[0m        
          [38;2;0;4;0m▄[38;2;0;4;0m[48;2;172;174;172m▀[0m[38;2;65;65;65m[48;2;65;65;65m▀[0m[38;2;139;144;150m[48;2;79;90;104m▀[0m[38;2;139;144;150m[48;2;79;90;104m▀[0m[38;2;139;144;150m[48;2;79;90;104m▀[0m[38;2;79;90;104m[48;2;65;65;65m▀[0m[38;2;65;65;65m[48;2;65;65;65m▀[0m[38;2;98;98;98m[48;2;65;65;65m▀[0m[38;2;65;65;65m[48;2;255;246;197m▀[0m[38;2;255;246;197m[48;2;255;246;197m▀[0m[38;2;65;65;65m[48;2;98;72;74m▀[0m[38;2;65;65;65m[48;2;98;72;74m▀[0m[38;2;65;65;65m[48;2;238;238;238m▀[0m[38;2;139;144;150m[48;2;238;238;238m▀[0m[38;2;139;144;150m[48;2;238;238;238m▀[0m[38;2;139;144;150m[48;2;238;238;238m▀[0m[38;2;65;65;65m[48;2;238;238;238m▀[0m[38;2;255;238;65m[48;2;65;65;65m▀[0m[38;2;255;238;65m[48;2;65;65;65m▀[0m[38;2;65;65;65m[48;2;98;72;74m▀[0m[38;2;65;65;65m[48;2;188;161;80m▀[0m[38;2;188;161;80m[48;2;65;65;65m▀[0m[38;2;65;65;65m[48;2;98;72;74m▀[0m[38;2;65;65;65m[48;2;65;65;65m▀[0m[38;2;139;144;150m[48;2;139;144;150m▀[0m[38;2;139;144;150m[48;2;139;144;150m▀[0m[38;2;139;144;150m[48;2;139;144;150m▀[0m[38;2;79;90;104m[48;2;79;90;104m▀[0m[38;2;79;90;104m[48;2;65;65;65m▀[0m[38;2;65;65;65m[48;2;172;174;172m▀[0m[38;2;0;4;0m[48;2;0;4;0m▀[0m        
      [38;2;0;4;0m▄[38;2;0;4;0m▄[38;2;0;4;0m[48;2;65;65;65m▀[0m[38;2;0;4;0m[48;2;65;65;65m▀[0m[38;2;172;174;172m[48;2;65;65;65m▀[0m[38;2;172;174;172m[48;2;172;174;172m▀[0m[38;2;65;65;65m[48;2;172;174;172m▀[0m[38;2;79;90;104m[48;2;65;65;65m▀[0m[38;2;79;90;104m[48;2;79;90;104m▀[0m[38;2;79;90;104m[48;2;79;90;104m▀[0m[38;2;65;65;65m[48;2;79;90;104m▀[0m[38;2;65;65;65m[48;2;65;65;65m▀[0m[38;2;98;72;74m[48;2;188;161;80m▀[0m[38;2;188;161;80m[48;2;98;72;74m▀[0m[38;2;255;246;197m[48;2;98;72;74m▀[0m[38;2;255;246;197m[48;2;188;161;80m▀[0m[38;2;255;246;197m[48;2;255;246;197m▀[0m[38;2;98;72;74m[48;2;255;246;197m▀[0m[38;2;98;72;74m[48;2;255;246;197m▀[0m[38;2;98;72;74m[48;2;255;246;197m▀[0m[38;2;98;72;74m[48;2;255;246;197m▀[0m[38;2;98;72;74m[48;2;255;246;197m▀[0m[38;2;255;246;197m[48;2;98;72;74m▀[0m[38;2;255;246;197m[48;2;98;72;74m▀[0m[38;2;255;238;65m[48;2;98;72;74m▀[0m[38;2;98;72;74m[48;2;255;238;65m▀[0m[38;2;255;238;65m[48;2;188;161;80m▀[0m[38;2;65;65;65m[48;2;65;65;65m▀[0m[38;2;65;65;65m[48;2;90;96;103m▀[0m[38;2;139;144;150m[48;2;65;65;65m▀[0m[38;2;139;144;150m[48;2;79;90;104m▀[0m[38;2;139;144;150m[48;2;79;90;104m▀[0m[38;2;79;90;104m[48;2;65;65;65m▀[0m[38;2;65;65;65m[48;2;172;174;172m▀[0m[38;2;172;174;172m[48;2;172;174;172m▀[0m[38;2;172;174;172m[48;2;172;174;172m▀[0m[38;2;0;4;0m[48;2;172;174;172m▀[0m[38;2;5;7;8m▄      
    [38;2;0;4;0m▄[38;2;0;4;0m[48;2;139;144;150m▀[0m[38;2;139;144;150m[48;2;65;65;65m▀[0m[38;2;139;144;150m[48;2;65;65;65m▀[0m[38;2;139;144;150m[48;2;65;65;65m▀[0m[38;2;139;144;150m[48;2;65;65;65m▀[0m[38;2;139;144;150m[48;2;139;144;150m▀[0m[38;2;65;65;65m[48;2;90;96;103m▀[0m[38;2;172;174;172m[48;2;0;4;0m▀[0m[38;2;8;6;0m▀[38;2;79;90;104m[48;2;0;4;0m▀[0m[38;2;79;90;104m[48;2;0;4;0m▀[0m[38;2;79;90;104m[48;2;0;4;0m▀[0m[38;2;65;65;65m[48;2;0;4;0m▀[0m[38;2;188;161;80m[48;2;188;161;80m▀[0m[38;2;188;161;80m[48;2;188;161;80m▀[0m[38;2;188;161;80m[48;2;188;161;80m▀[0m[38;2;98;72;74m[48;2;188;161;80m▀[0m[38;2;98;72;74m[48;2;98;72;74m▀[0m[38;2;98;72;74m[48;2;255;238;65m▀[0m[38;2;98;72;74m[48;2;255;238;65m▀[0m[38;2;98;72;74m[48;2;255;238;65m▀[0m[38;2;98;72;74m[48;2;255;238;65m▀[0m[38;2;98;72;74m[48;2;255;238;65m▀[0m[38;2;255;238;65m[48;2;255;238;65m▀[0m[38;2;255;238;65m[48;2;255;238;65m▀[0m[38;2;255;238;65m[48;2;255;238;65m▀[0m[38;2;98;72;74m[48;2;98;72;74m▀[0m[38;2;188;161;80m[48;2;188;161;80m▀[0m[38;2;188;161;80m[48;2;5;7;8m▀[0m[38;2;8;6;0m▀[38;2;65;65;65m[48;2;0;4;0m▀[0m[38;2;79;90;104m[48;2;65;65;65m▀[0m[38;2;79;90;104m[48;2;79;90;104m▀[0m[38;2;65;65;65m[48;2;65;65;65m▀[0m[38;2;172;174;172m[48;2;172;174;172m▀[0m[38;2;172;174;172m[48;2;65;65;65m▀[0m[38;2;65;65;65m[48;2;79;90;104m▀[0m[38;2;65;65;65m[48;2;139;144;150m▀[0m[38;2;65;65;65m[48;2;139;144;150m▀[0m[38;2;0;4;0m[48;2;139;144;150m▀[0m[38;2;0;4;0m[48;2;79;90;104m▀[0m[38;2;0;4;0m▄   
   [38;2;0;4;0m▄[38;2;0;4;0m[48;2;222;222;222m▀[0m[38;2;65;65;65m[48;2;222;222;222m▀[0m[38;2;222;222;222m[48;2;222;222;222m▀[0m[38;2;222;222;222m[48;2;222;222;222m▀[0m[38;2;222;222;222m[48;2;222;222;222m▀[0m[38;2;65;65;65m[48;2;222;222;222m▀[0m[38;2;65;65;65m[48;2;65;65;65m▀[0m[38;2;90;96;103m[48;2;65;65;65m▀[0m[38;2;79;90;104m[48;2;79;90;104m▀[0m[38;2;0;4;0m[48;2;0;4;0m▀[0m    [38;2;2;6;19m▀[38;2;65;65;65m[48;2;0;4;0m▀[0m[38;2;188;161;80m[48;2;65;65;65m▀[0m[38;2;188;161;80m[48;2;65;65;65m▀[0m[38;2;98;72;74m[48;2;98;72;74m▀[0m[38;2;255;238;65m[48;2;255;238;65m▀[0m[38;2;255;238;65m[48;2;255;238;65m▀[0m[38;2;255;238;65m[48;2;255;238;65m▀[0m[38;2;255;238;65m[48;2;255;238;65m▀[0m[38;2;255;238;65m[48;2;255;238;65m▀[0m[38;2;255;238;65m[48;2;65;65;65m▀[0m[38;2;255;238;65m[48;2;65;65;65m▀[0m[38;2;255;238;65m[48;2;65;65;65m▀[0m[38;2;98;72;74m[48;2;172;174;172m▀[0m[38;2;65;65;65m[48;2;0;4;0m▀[0m[38;2;5;7;8m▀  [38;2;0;4;0m▀[38;2;0;4;0m▀[38;2;5;7;8m▀[38;2;65;65;65m[48;2;0;4;0m▀[0m[38;2;79;90;104m[48;2;139;144;150m▀[0m[38;2;139;144;150m[48;2;65;65;65m▀[0m[38;2;65;65;65m[48;2;222;222;222m▀[0m[38;2;65;65;65m[48;2;222;222;222m▀[0m[38;2;65;65;65m[48;2;172;174;172m▀[0m[38;2;139;144;150m[48;2;65;65;65m▀[0m[38;2;79;90;104m[48;2;139;144;150m▀[0m[38;2;0;4;0m[48;2;0;4;0m▀[0m  
 [38;2;0;4;0m▄[38;2;0;4;0m[48;2;222;222;222m▀[0m[38;2;222;222;222m[48;2;65;65;65m▀[0m[38;2;222;222;222m[48;2;65;65;65m▀[0m[38;2;65;65;65m[48;2;172;174;172m▀[0m[38;2;65;65;65m[48;2;172;174;172m▀[0m[38;2;65;65;65m[48;2;172;174;172m▀[0m[38;2;65;65;65m[48;2;172;174;172m▀[0m[38;2;222;222;222m[48;2;65;65;65m▀[0m[38;2;222;222;222m[48;2;222;222;222m▀[0m[38;2;65;65;65m[48;2;65;65;65m▀[0m[38;2;79;90;104m[48;2;0;4;0m▀[0m[38;2;0;4;0m▀      [38;2;5;7;8m▀[38;2;172;174;172m[48;2;0;4;0m▀[0m[38;2;65;65;65m[48;2;172;174;172m▀[0m[38;2;65;65;65m[48;2;65;65;65m▀[0m[38;2;65;65;65m[48;2;172;174;172m▀[0m[38;2;65;65;65m[48;2;172;174;172m▀[0m[38;2;65;65;65m[48;2;90;96;103m▀[0m[38;2;65;65;65m[48;2;65;65;65m▀[0m[38;2;172;174;172m[48;2;172;174;172m▀[0m[38;2;172;174;172m[48;2;172;174;172m▀[0m[38;2;172;174;172m[48;2;172;174;172m▀[0m[38;2;172;174;172m[48;2;0;4;0m▀[0m[38;2;0;4;0m▀[38;2;0;4;0m▄[38;2;0;4;0m▄    [38;2;0;4;0m[48;2;0;4;0m▀[0m[38;2;65;65;65m[48;2;222;222;222m▀[0m[38;2;222;222;222m[48;2;222;222;222m▀[0m[38;2;253;253;253m[48;2;222;222;222m▀[0m[38;2;222;222;222m[48;2;222;222;222m▀[0m[38;2;222;222;222m[48;2;172;174;172m▀[0m[38;2;172;174;172m[48;2;172;174;172m▀[0m[38;2;65;65;65m[48;2;172;174;172m▀[0m[38;2;0;4;0m[48;2;5;7;8m▀[0m  
[38;2;0;4;0m▄[38;2;0;4;0m[48;2;222;222;222m▀[0m[38;2;65;65;65m[48;2;65;65;65m▀[0m[38;2;65;65;65m[48;2;139;144;150m▀[0m[38;2;90;96;103m[48;2;139;144;150m▀[0m[38;2;90;96;103m[48;2;139;144;150m▀[0m[38;2;79;90;104m[48;2;79;90;104m▀[0m[38;2;79;90;104m[48;2;79;90;104m▀[0m[38;2;65;65;65m[48;2;65;65;65m▀[0m[38;2;65;65;65m[48;2;222;222;222m▀[0m[38;2;222;222;222m[48;2;222;222;222m▀[0m[38;2;172;174;172m[48;2;139;144;150m▀[0m[38;2;0;4;0m[48;2;0;4;0m▀[0m        [38;2;0;4;0m[48;2;0;4;0m▀[0m[38;2;65;65;65m[48;2;65;65;65m▀[0m[38;2;172;174;172m[48;2;172;174;172m▀[0m[38;2;65;65;65m[48;2;65;65;65m▀[0m[38;2;65;65;65m[48;2;65;65;65m▀[0m[38;2;172;174;172m[48;2;172;174;172m▀[0m[38;2;90;96;103m[48;2;90;96;103m▀[0m[38;2;65;65;65m[48;2;65;65;65m▀[0m[38;2;222;222;222m[48;2;222;222;222m▀[0m[38;2;222;222;222m[48;2;222;222;222m▀[0m[38;2;0;4;0m[48;2;0;4;0m▀[0m[38;2;0;4;0m[48;2;182;65;94m▀[0m[38;2;182;65;94m[48;2;84;48;54m▀[0m[38;2;182;65;94m[48;2;0;4;0m▀[0m[38;2;0;4;0m▀  [38;2;0;4;0m[48;2;5;7;8m▀[0m[38;2;222;222;222m[48;2;222;222;222m▀[0m[38;2;222;222;222m[48;2;65;65;65m▀[0m[38;2;65;65;65m[48;2;172;174;172m▀[0m[38;2;65;65;65m[48;2;172;174;172m▀[0m[38;2;65;65;65m[48;2;172;174;172m▀[0m[38;2;65;65;65m[48;2;172;174;172m▀[0m[38;2;65;65;65m[48;2;172;174;172m▀[0m[38;2;172;174;172m[48;2;65;65;65m▀[0m[38;2;253;253;253m[48;2;222;222;222m▀[0m[38;2;0;4;0m[48;2;0;4;0m▀[0m 
[38;2;0;4;0m[48;2;0;4;0m▀[0m[38;2;65;65;65m[48;2;65;65;65m▀[0m[38;2;139;144;150m[48;2;139;144;150m▀[0m[38;2;139;144;150m[48;2;139;144;150m▀[0m[38;2;139;144;150m[48;2;139;144;150m▀[0m[38;2;79;90;104m[48;2;79;90;104m▀[0m[38;2;79;90;104m[48;2;65;65;65m▀[0m[38;2;65;65;65m[48;2;172;174;172m▀[0m[38;2;222;222;222m[48;2;222;222;222m▀[0m[38;2;222;222;222m[48;2;222;222;222m▀[0m[38;2;172;174;172m[48;2;172;174;172m▀[0m[38;2;139;144;150m[48;2;0;4;0m▀[0m[38;2;0;4;0m▀      [38;2;0;4;0m▄[38;2;0;4;0m[48;2;172;174;172m▀[0m[38;2;172;174;172m[48;2;172;174;172m▀[0m[38;2;222;222;222m[48;2;222;222;222m▀[0m[38;2;65;65;65m[48;2;222;222;222m▀[0m[38;2;172;174;172m[48;2;65;65;65m▀[0m[38;2;172;174;172m[48;2;65;65;65m▀[0m[38;2;90;96;103m[48;2;65;65;65m▀[0m[38;2;65;65;65m[48;2;222;222;222m▀[0m[38;2;222;222;222m[48;2;222;222;222m▀[0m[38;2;222;222;222m[48;2;222;222;222m▀[0m[38;2;222;222;222m[48;2;222;222;222m▀[0m[38;2;222;222;222m[48;2;222;222;222m▀[0m[38;2;84;48;54m[48;2;0;4;0m▀[0m[38;2;0;20;8m▀   [38;2;0;4;0m[48;2;0;4;0m▀[0m[38;2;173;173;173m[48;2;173;173;173m▀[0m[38;2;222;222;222m[48;2;222;222;222m▀[0m[38;2;65;65;65m[48;2;65;65;65m▀[0m[38;2;90;96;103m[48;2;139;144;150m▀[0m[38;2;79;90;104m[48;2;139;144;150m▀[0m[38;2;79;90;104m[48;2;139;144;150m▀[0m[38;2;79;90;104m[48;2;139;144;150m▀[0m[38;2;79;90;104m[48;2;139;144;150m▀[0m[38;2;65;65;65m[48;2;65;65;65m▀[0m[38;2;222;222;222m[48;2;222;222;222m▀[0m[38;2;139;144;150m[48;2;139;144;150m▀[0m[38;2;0;4;0m[48;2;0;4;0m▀[0m
[38;2;0;4;0m▀[38;2;65;65;65m[48;2;0;4;0m▀[0m[38;2;139;144;150m[48;2;79;90;104m▀[0m[38;2;139;144;150m[48;2;79;90;104m▀[0m[38;2;139;144;150m[48;2;79;90;104m▀[0m[38;2;79;90;104m[48;2;79;90;104m▀[0m[38;2;65;65;65m[48;2;65;65;65m▀[0m[38;2;172;174;172m[48;2;172;174;172m▀[0m[38;2;172;174;172m[48;2;172;174;172m▀[0m[38;2;172;174;172m[48;2;172;174;172m▀[0m[38;2;172;174;172m[48;2;0;4;0m▀[0m[38;2;0;4;0m▀      [38;2;0;4;0m▄[38;2;0;4;0m[48;2;172;174;172m▀[0m[38;2;172;174;172m[48;2;172;174;172m▀[0m[38;2;172;174;172m[48;2;172;174;172m▀[0m[38;2;172;174;172m[48;2;172;174;172m▀[0m[38;2;222;222;222m[48;2;172;174;172m▀[0m[38;2;222;222;222m[48;2;222;222;222m▀[0m[38;2;222;222;222m[48;2;222;222;222m▀[0m[38;2;222;222;222m[48;2;222;222;222m▀[0m[38;2;222;222;222m[48;2;222;222;222m▀[0m[38;2;222;222;222m[48;2;222;222;222m▀[0m[38;2;222;222;222m[48;2;222;222;222m▀[0m[38;2;222;222;222m[48;2;222;222;222m▀[0m[38;2;253;253;253m[48;2;253;253;253m▀[0m[38;2;222;222;222m[48;2;253;253;253m▀[0m[38;2;0;4;0m[48;2;222;222;222m▀[0m[38;2;0;4;0m▄  [38;2;0;4;0m▀[38;2;173;173;173m[48;2;0;4;0m▀[0m[38;2;173;173;173m[48;2;173;173;173m▀[0m[38;2;65;65;65m[48;2;65;65;65m▀[0m[38;2;139;144;150m[48;2;139;144;150m▀[0m[38;2;139;144;150m[48;2;139;144;150m▀[0m[38;2;139;144;150m[48;2;139;144;150m▀[0m[38;2;139;144;150m[48;2;139;144;150m▀[0m[38;2;139;144;150m[48;2;139;144;150m▀[0m[38;2;65;65;65m[48;2;65;65;65m▀[0m[38;2;139;144;150m[48;2;139;144;150m▀[0m[38;2;139;144;150m[48;2;0;4;0m▀[0m[38;2;0;4;0m▀
 [38;2;0;4;0m▀[38;2;65;65;65m[48;2;0;4;0m▀[0m[38;2;79;90;104m[48;2;79;90;104m▀[0m[38;2;79;90;104m[48;2;79;90;104m▀[0m[38;2;79;90;104m[48;2;79;90;104m▀[0m[38;2;90;96;103m[48;2;79;90;104m▀[0m[38;2;65;65;65m[48;2;65;65;65m▀[0m[38;2;172;174;172m[48;2;172;174;172m▀[0m[38;2;0;4;0m[48;2;0;4;0m▀[0m        [38;2;0;4;0m▀[38;2;172;174;172m[48;2;0;4;0m▀[0m[38;2;172;174;172m[48;2;172;174;172m▀[0m[38;2;172;174;172m[48;2;172;174;172m▀[0m[38;2;172;174;172m[48;2;172;174;172m▀[0m[38;2;172;174;172m[48;2;172;174;172m▀[0m[38;2;172;174;172m[48;2;0;4;0m▀[0m[38;2;172;174;172m[48;2;0;4;0m▀[0m[38;2;222;222;222m[48;2;90;96;103m▀[0m[38;2;222;222;222m[48;2;222;222;222m▀[0m[38;2;222;222;222m[48;2;222;222;222m▀[0m[38;2;222;222;222m[48;2;222;222;222m▀[0m[38;2;222;222;222m[48;2;222;222;222m▀[0m[38;2;222;222;222m[48;2;222;222;222m▀[0m[38;2;253;253;253m[48;2;222;222;222m▀[0m[38;2;222;222;222m[48;2;172;174;172m▀[0m[38;2;0;4;0m[48;2;0;4;0m▀[0m   [38;2;0;4;0m▀[38;2;173;173;173m[48;2;0;4;0m▀[0m[38;2;65;65;65m[48;2;65;65;65m▀[0m[38;2;139;144;150m[48;2;79;90;104m▀[0m[38;2;139;144;150m[48;2;79;90;104m▀[0m[38;2;139;144;150m[48;2;79;90;104m▀[0m[38;2;139;144;150m[48;2;79;90;104m▀[0m[38;2;139;144;150m[48;2;79;90;104m▀[0m[38;2;65;65;65m[48;2;65;65;65m▀[0m[38;2;139;144;150m[48;2;0;4;0m▀[0m[38;2;0;4;0m▀ 
   [38;2;0;4;0m▀[38;2;0;4;0m▀[38;2;0;4;0m▀[38;2;0;4;0m▀[38;2;0;4;0m▀[38;2;0;4;0m▀           [38;2;0;4;0m▀[38;2;0;4;0m▀[38;2;0;4;0m▀[38;2;0;4;0m▀  [38;2;2;6;19m▀[38;2;155;160;158m[48;2;0;4;0m▀[0m[38;2;65;65;65m[48;2;139;144;150m▀[0m[38;2;65;65;65m[48;2;139;144;150m▀[0m[38;2;65;65;65m[48;2;79;90;104m▀[0m[38;2;65;65;65m[48;2;79;90;104m▀[0m[38;2;172;174;172m[48;2;65;65;65m▀[0m[38;2;172;174;172m[48;2;172;174;172m▀[0m[38;2;172;174;172m[48;2;172;174;172m▀[0m[38;2;0;4;0m[48;2;0;4;0m▀[0m    [38;2;0;4;0m[48;2;0;4;0m▀[0m[38;2;79;90;104m[48;2;79;90;104m▀[0m[38;2;79;90;104m[48;2;79;90;104m▀[0m[38;2;79;90;104m[48;2;79;90;104m▀[0m[38;2;79;90;104m[48;2;79;90;104m▀[0m[38;2;79;90;104m[48;2;79;90;104m▀[0m[38;2;0;4;0m[48;2;0;4;0m▀[0m   
                            [38;2;0;4;0m▀[38;2;0;4;0m▀[38;2;0;4;0m▀[38;2;0;4;0m▀[38;2;0;4;0m▀[38;2;0;4;0m▀[38;2;0;4;0m▀      [38;2;0;4;0m▀[38;2;0;4;0m▀[38;2;0;4;0m▀[38;2;0;4;0m▀[38;2;0;4;0m▀    
[0m
