      [38;2;0;0;0m▄[38;2;0;0;0m▄[38;2;0;0;0m[48;2;214;199;198m▀[0m[38;2;0;0;0m[48;2;255;255;255m▀[0m[38;2;0;0;0m[48;2;255;255;255m▀[0m[38;2;0;0;0m[48;2;255;255;255m▀[0m[38;2;0;0;0m[48;2;255;255;255m▀[0m[38;2;0;0;0m[48;2;214;199;198m▀[0m[38;2;0;0;0m▄[38;2;0;0;0m▄    
   [38;2;0;0;0m▄[38;2;0;0;0m[48;2;103;85;82m▀[0m[38;2;0;0;0m[48;2;255;255;255m▀[0m[38;2;255;255;255m[48;2;255;255;255m▀[0m[38;2;255;255;255m[48;2;255;255;255m▀[0m[38;2;255;255;255m[48;2;255;255;255m▀[0m[38;2;255;255;255m[48;2;255;255;255m▀[0m[38;2;255;255;255m[48;2;255;255;255m▀[0m[38;2;255;255;255m[48;2;255;255;255m▀[0m[38;2;255;255;255m[48;2;255;255;255m▀[0m[38;2;255;255;255m[48;2;255;255;255m▀[0m[38;2;255;255;255m[48;2;255;255;255m▀[0m[38;2;255;255;255m[48;2;255;255;255m▀[0m[38;2;8;8;8m[48;2;172;172;172m▀[0m[38;2;0;0;0m▄  
  [38;2;0;0;0m▄[38;2;0;0;0m[48;2;255;251;255m▀[0m[38;2;85;83;85m[48;2;255;251;255m▀[0m[38;2;255;255;255m[48;2;214;198;200m▀[0m[38;2;255;255;255m[48;2;255;255;255m▀[0m[38;2;255;255;255m[48;2;255;255;255m▀[0m[38;2;255;255;255m[48;2;214;198;200m▀[0m[38;2;90;69;66m[48;2;90;69;66m▀[0m[38;2;255;255;255m[48;2;200;193;192m▀[0m[38;2;255;255;255m[48;2;255;255;255m▀[0m[38;2;255;255;255m[48;2;255;255;255m▀[0m[38;2;255;255;255m[48;2;255;255;255m▀[0m[38;2;255;255;255m[48;2;255;255;255m▀[0m[38;2;214;198;200m[48;2;255;255;255m▀[0m[38;2;255;255;255m[48;2;255;255;255m▀[0m[38;2;172;171;170m[48;2;255;255;255m▀[0m[38;2;8;4;0m[48;2;8;4;0m▀[0m 
  [38;2;0;0;0m[48;2;0;0;0m▀[0m[38;2;255;255;255m[48;2;255;255;255m▀[0m[38;2;255;255;255m[48;2;214;198;200m▀[0m[38;2;255;255;255m[48;2;255;255;255m▀[0m[38;2;255;255;255m[48;2;255;255;255m▀[0m[38;2;255;255;255m[48;2;255;255;255m▀[0m[38;2;255;255;255m[48;2;214;198;200m▀[0m[38;2;255;255;255m[48;2;255;255;255m▀[0m[38;2;255;255;255m[48;2;255;255;255m▀[0m[38;2;255;255;255m[48;2;255;255;255m▀[0m[38;2;255;255;255m[48;2;255;255;255m▀[0m[38;2;255;255;255m[48;2;255;255;255m▀[0m[38;2;194;193;192m[48;2;74;69;66m▀[0m[38;2;255;255;255m[48;2;255;255;255m▀[0m[38;2;255;255;255m[48;2;214;198;200m▀[0m[38;2;214;198;200m[48;2;255;255;255m▀[0m[38;2;255;255;255m[48;2;214;198;200m▀[0m[38;2;0;0;0m[48;2;0;0;0m▀[0m
 [38;2;0;0;0m[48;2;0;0;0m▀[0m[38;2;119;115;115m[48;2;119;115;115m▀[0m[38;2;123;113;115m[48;2;68;64;65m▀[0m[38;2;68;64;65m[48;2;95;88;90m▀[0m[38;2;66;56;57m[48;2;115;102;101m▀[0m[38;2;214;195;189m[48;2;66;56;57m▀[0m[38;2;214;199;198m[48;2;71;66;66m▀[0m[38;2;71;66;66m[48;2;0;0;0m▀[0m[38;2;231;227;222m[48;2;0;0;0m▀[0m[38;2;231;227;222m[48;2;77;75;74m▀[0m[38;2;255;255;255m[48;2;156;157;156m▀[0m[38;2;255;255;255m[48;2;156;157;156m▀[0m[38;2;66;60;66m[48;2;156;154;156m▀[0m[38;2;96;91;96m[48;2;66;60;66m▀[0m[38;2;66;48;49m[48;2;115;97;98m▀[0m[38;2;214;195;198m[48;2;66;48;49m▀[0m[38;2;214;199;198m[48;2;214;199;198m▀[0m[38;2;214;199;198m[48;2;214;199;198m▀[0m[38;2;0;0;0m[48;2;0;0;0m▀[0m
 [38;2;0;0;0m▄[38;2;0;0;0m[48;2;119;115;115m▀[0m[38;2;66;48;49m[48;2;66;48;49m▀[0m[38;2;126;95;101m[48;2;247;190;206m▀[0m[38;2;101;84;84m[48;2;101;84;84m▀[0m[38;2;101;84;84m[48;2;101;84;84m▀[0m[38;2;90;85;85m[48;2;90;85;85m▀[0m[38;2;255;255;255m[48;2;8;0;0m▀[0m[38;2;255;251;255m[48;2;0;0;0m▀[0m[38;2;85;83;85m[48;2;85;83;85m▀[0m[38;2;126;127;126m[48;2;66;65;66m▀[0m[38;2;156;158;156m[48;2;156;158;156m▀[0m[38;2;181;154;159m[48;2;66;65;66m▀[0m[38;2;66;65;66m[48;2;239;199;206m▀[0m[38;2;82;73;74m[48;2;255;195;214m▀[0m[38;2;255;195;214m[48;2;82;73;74m▀[0m[38;2;71;66;66m[48;2;214;199;198m▀[0m[38;2;214;199;198m[48;2;0;0;0m▀[0m[38;2;0;0;0m▀
[38;2;0;0;0m▀[38;2;119;115;115m[48;2;0;0;0m▀[0m[38;2;119;115;115m[48;2;119;115;115m▀[0m[38;2;66;60;57m[48;2;66;60;57m▀[0m[38;2;66;60;57m[48;2;214;199;198m▀[0m[38;2;99;85;82m[48;2;70;52;53m▀[0m[38;2;99;85;82m[48;2;70;52;53m▀[0m[38;2;99;85;82m[48;2;70;52;53m▀[0m[38;2;99;85;82m[48;2;70;52;53m▀[0m[38;2;66;60;57m[48;2;255;255;255m▀[0m[38;2;66;60;57m[48;2;255;255;255m▀[0m[38;2;112;112;112m[48;2;66;65;66m▀[0m[38;2;159;159;159m[48;2;159;159;159m▀[0m[38;2;159;159;159m[48;2;159;159;159m▀[0m[38;2;66;65;66m[48;2;112;112;112m▀[0m[38;2;66;65;66m[48;2;66;65;66m▀[0m[38;2;214;199;198m[48;2;214;199;198m▀[0m[38;2;214;199;198m[48;2;0;0;0m▀[0m[38;2;0;0;0m▀ 
  [38;2;0;0;0m▀[38;2;0;0;0m▀[38;2;214;199;198m[48;2;0;0;0m▀[0m[38;2;214;199;198m[48;2;0;0;0m▀[0m[38;2;214;199;198m[48;2;214;199;198m▀[0m[38;2;255;255;255m[48;2;214;198;200m▀[0m[38;2;255;255;255m[48;2;214;198;200m▀[0m[38;2;255;255;255m[48;2;214;198;200m▀[0m[38;2;214;198;200m[48;2;214;198;200m▀[0m[38;2;214;199;198m[48;2;214;199;198m▀[0m[38;2;66;65;66m[48;2;66;65;66m▀[0m[38;2;159;159;159m[48;2;159;159;159m▀[0m[38;2;159;159;159m[48;2;66;65;66m▀[0m[38;2;159;159;159m[48;2;159;159;159m▀[0m[38;2;0;0;0m[48;2;0;0;0m▀[0m   
      [38;2;0;0;0m[48;2;0;0;0m▀[0m[38;2;70;52;53m[48;2;0;0;0m▀[0m[38;2;0;0;0m▀[38;2;214;199;198m[48;2;0;0;0m▀[0m[38;2;214;199;198m[48;2;71;66;66m▀[0m[38;2;214;199;198m[48;2;71;66;66m▀[0m[38;2;214;199;198m[48;2;0;0;0m▀[0m[38;2;0;0;0m▀[38;2;0;0;0m▀[38;2;0;0;0m▀    
          [38;2;0;0;0m▀[38;2;0;0;0m▀        
[0m
