                [38;2;0;0;0m▄[38;2;0;0;0m[48;2;189;219;239m▀[0m[38;2;0;0;0m▄        
             [38;2;0;0;0m▄[38;2;0;0;0m[48;2;189;219;239m▀[0m[38;2;0;0;0m[48;2;184;217;236m▀[0m[38;2;189;219;239m[48;2;184;217;236m▀[0m[38;2;189;219;239m[48;2;140;166;198m▀[0m[38;2;0;0;0m[48;2;0;0;0m▀[0m        
 [38;2;0;0;0m▄[38;2;0;0;0m▄[38;2;0;0;0m[48;2;186;217;236m▀[0m[38;2;0;0;0m[48;2;186;217;236m▀[0m[38;2;0;0;0m[48;2;255;255;255m▀[0m[38;2;0;0;0m[48;2;255;255;255m▀[0m[38;2;0;0;0m[48;2;186;217;236m▀[0m[38;2;0;0;0m[48;2;186;217;236m▀[0m[38;2;0;0;0m▄[38;2;0;0;0m▄[38;2;0;0;0m[48;2;140;166;198m▀[0m[38;2;0;0;0m[48;2;184;217;236m▀[0m[38;2;189;219;239m[48;2;189;219;239m▀[0m[38;2;189;219;239m[48;2;189;219;239m▀[0m[38;2;184;217;236m[48;2;139;164;195m▀[0m[38;2;140;166;198m[48;2;139;164;195m▀[0m[38;2;140;166;198m[48;2;52;58;66m▀[0m[38;2;140;166;198m[48;2;140;166;198m▀[0m[38;2;0;0;0m[48;2;0;0;0m▀[0m       
[38;2;0;0;0m[48;2;0;0;0m▀[0m[38;2;189;219;239m[48;2;140;166;198m▀[0m[38;2;189;219;239m[48;2;140;166;198m▀[0m[38;2;186;217;236m[48;2;66;65;66m▀[0m[38;2;186;217;236m[48;2;66;65;66m▀[0m[38;2;186;217;236m[48;2;66;65;66m▀[0m[38;2;186;217;236m[48;2;181;215;247m▀[0m[38;2;186;217;236m[48;2;189;219;239m▀[0m[38;2;186;217;236m[48;2;189;219;239m▀[0m[38;2;189;219;239m[48;2;186;217;236m▀[0m[38;2;189;219;239m[48;2;186;217;236m▀[0m[38;2;184;217;236m[48;2;186;217;236m▀[0m[38;2;184;217;236m[48;2;255;255;255m▀[0m[38;2;139;165;195m[48;2;255;255;255m▀[0m[38;2;139;165;195m[48;2;139;163;195m▀[0m[38;2;139;164;195m[48;2;126;148;164m▀[0m[38;2;139;164;195m[48;2;63;74;82m▀[0m[38;2;8;4;0m[48;2;0;0;0m▀[0m[38;2;140;166;198m[48;2;140;166;198m▀[0m[38;2;0;0;0m[48;2;140;166;198m▀[0m[38;2;0;0;0m▄      
 [38;2;0;0;0m▀[38;2;140;166;198m[48;2;0;0;0m▀[0m[38;2;140;166;198m[48;2;140;166;198m▀[0m[38;2;140;166;198m[48;2;52;58;66m▀[0m[38;2;142;165;186m[48;2;66;65;66m▀[0m[38;2;66;65;66m[48;2;140;166;198m▀[0m[38;2;66;65;66m[48;2;139;164;195m▀[0m[38;2;66;65;66m[48;2;139;164;195m▀[0m[38;2;186;217;236m[48;2;66;65;66m▀[0m[38;2;186;217;236m[48;2;66;65;66m▀[0m[38;2;255;255;255m[48;2;192;193;194m▀[0m[38;2;255;255;255m[48;2;255;255;255m▀[0m[38;2;255;255;255m[48;2;255;255;255m▀[0m[38;2;255;255;255m[48;2;186;217;236m▀[0m[38;2;189;223;247m[48;2;186;217;236m▀[0m[38;2;0;0;0m[48;2;186;217;236m▀[0m[38;2;0;0;0m▄[38;2;0;0;0m[48;2;63;71;77m▀[0m[38;2;140;166;198m[48;2;140;166;198m▀[0m[38;2;0;0;0m[48;2;140;166;198m▀[0m[38;2;0;0;0m▄     
  [38;2;0;0;0m▄[38;2;8;4;0m[48;2;184;217;236m▀[0m[38;2;140;166;198m[48;2;184;217;236m▀[0m[38;2;140;166;198m[48;2;206;219;239m▀[0m[38;2;140;166;198m[48;2;66;65;66m▀[0m[38;2;139;164;195m[48;2;66;65;66m▀[0m[38;2;139;164;195m[48;2;206;219;239m▀[0m[38;2;140;166;198m[48;2;184;217;236m▀[0m[38;2;140;166;198m[48;2;140;166;198m▀[0m[38;2;66;69;74m[48;2;192;195;211m▀[0m[38;2;66;69;74m[48;2;192;195;211m▀[0m[38;2;186;217;236m[48;2;66;65;66m▀[0m[38;2;186;217;236m[48;2;148;157;170m▀[0m[38;2;186;217;236m[48;2;184;217;236m▀[0m[38;2;186;217;236m[48;2;184;217;236m▀[0m[38;2;189;215;231m[48;2;189;219;239m▀[0m[38;2;63;71;77m[48;2;139;165;195m▀[0m[38;2;66;65;66m[48;2;66;65;66m▀[0m[38;2;140;166;198m[48;2;140;166;198m▀[0m[38;2;0;0;0m[48;2;140;166;198m▀[0m[38;2;0;0;0m▄    
 [38;2;0;0;0m▄[38;2;0;0;0m[48;2;189;219;239m▀[0m[38;2;184;217;236m[48;2;156;160;164m▀[0m[38;2;140;166;198m[48;2;66;65;74m▀[0m[38;2;66;65;66m[48;2;201;154;169m▀[0m[38;2;206;219;239m[48;2;222;219;231m▀[0m[38;2;206;219;239m[48;2;164;150;159m▀[0m[38;2;66;65;66m[48;2;239;223;239m▀[0m[38;2;184;217;236m[48;2;66;65;66m▀[0m[38;2;184;217;236m[48;2;189;219;239m▀[0m[38;2;255;255;255m[48;2;186;217;236m▀[0m[38;2;192;195;211m[48;2;255;255;255m▀[0m[38;2;189;203;222m[48;2;178;197;220m▀[0m[38;2;66;65;66m[48;2;140;162;198m▀[0m[38;2;140;166;198m[48;2;66;65;66m▀[0m[38;2;184;217;236m[48;2;140;166;198m▀[0m[38;2;189;219;239m[48;2;139;164;195m▀[0m[38;2;139;165;195m[48;2;139;164;195m▀[0m[38;2;140;166;198m[48;2;140;166;198m▀[0m[38;2;66;65;66m[48;2;66;65;66m▀[0m[38;2;140;166;198m[48;2;60;60;66m▀[0m[38;2;140;166;198m[48;2;148;166;198m▀[0m[38;2;0;0;0m[48;2;140;166;198m▀[0m[38;2;0;0;0m▄  
[38;2;0;0;0m▄[38;2;0;0;0m[48;2;255;255;255m▀[0m[38;2;189;219;239m[48;2;186;217;236m▀[0m[38;2;66;65;74m[48;2;74;73;77m▀[0m[38;2;247;255;255m[48;2;0;0;0m▀[0m[38;2;222;219;231m[48;2;222;220;233m▀[0m[38;2;222;219;231m[48;2;222;220;233m▀[0m[38;2;239;223;239m[48;2;0;0;0m▀[0m[38;2;16;4;0m[48;2;255;255;255m▀[0m[38;2;66;65;66m[48;2;0;0;0m▀[0m[38;2;66;65;66m[48;2;222;219;231m▀[0m[38;2;186;217;236m[48;2;66;65;66m▀[0m[38;2;186;217;236m[48;2;189;219;239m▀[0m[38;2;198;215;231m[48;2;255;255;255m▀[0m[38;2;140;162;198m[48;2;186;217;236m▀[0m[38;2;140;166;198m[48;2;142;165;186m▀[0m[38;2;66;65;66m[48;2;66;65;66m▀[0m[38;2;139;164;195m[48;2;66;65;66m▀[0m[38;2;139;164;195m[48;2;140;166;198m▀[0m[38;2;140;166;198m[48;2;139;164;195m▀[0m[38;2;140;166;198m[48;2;139;164;195m▀[0m[38;2;60;60;66m[48;2;0;0;0m▀[0m[38;2;16;8;0m▀[38;2;140;166;198m[48;2;0;0;0m▀[0m[38;2;140;166;198m[48;2;140;166;198m▀[0m[38;2;0;0;0m[48;2;0;0;0m▀[0m 
[38;2;0;0;0m[48;2;0;0;0m▀[0m[38;2;186;217;236m[48;2;186;217;238m▀[0m[38;2;186;217;236m[48;2;186;217;238m▀[0m[38;2;74;73;77m[48;2;181;215;247m▀[0m[38;2;222;219;231m[48;2;66;65;74m▀[0m[38;2;222;220;233m[48;2;214;219;239m▀[0m[38;2;222;220;233m[48;2;214;219;239m▀[0m[38;2;0;0;0m[48;2;214;219;239m▀[0m[38;2;0;0;0m[48;2;214;219;239m▀[0m[38;2;222;219;231m[48;2;206;219;239m▀[0m[38;2;222;219;231m[48;2;66;65;66m▀[0m[38;2;66;65;66m[48;2;186;217;236m▀[0m[38;2;189;219;239m[48;2;186;217;236m▀[0m[38;2;186;217;236m[48;2;186;217;236m▀[0m[38;2;186;217;236m[48;2;186;217;236m▀[0m[38;2;181;215;247m[48;2;186;217;238m▀[0m[38;2;66;65;66m[48;2;186;217;238m▀[0m[38;2;140;166;198m[48;2;66;65;66m▀[0m[38;2;140;166;198m[48;2;0;0;0m▀[0m[38;2;139;164;195m[48;2;0;0;0m▀[0m[38;2;139;164;195m[48;2;0;0;0m▀[0m[38;2;0;0;0m▀ [38;2;0;0;0m▀[38;2;140;166;198m[48;2;0;0;0m▀[0m[38;2;140;166;198m[48;2;189;219;239m▀[0m[38;2;0;0;0m[48;2;0;0;0m▀[0m
[38;2;0;0;0m▀[38;2;214;207;222m[48;2;0;0;0m▀[0m[38;2;214;207;222m[48;2;231;203;214m▀[0m[38;2;142;165;189m[48;2;198;215;231m▀[0m[38;2;142;165;189m[48;2;198;215;231m▀[0m[38;2;57;65;74m[48;2;66;65;66m▀[0m[38;2;161;167;184m[48;2;140;166;198m▀[0m[38;2;161;167;184m[48;2;66;65;66m▀[0m[38;2;57;65;74m[48;2;198;211;231m▀[0m[38;2;66;65;66m[48;2;194;214;230m▀[0m[38;2;206;219;239m[48;2;194;214;230m▀[0m[38;2;186;217;236m[48;2;186;217;238m▀[0m[38;2;186;217;236m[48;2;214;207;222m▀[0m[38;2;186;217;236m[48;2;214;205;222m▀[0m[38;2;186;217;236m[48;2;214;205;222m▀[0m[38;2;214;207;222m[48;2;214;205;222m▀[0m[38;2;214;207;222m[48;2;247;199;206m▀[0m[38;2;0;0;0m[48;2;0;0;0m▀[0m     [38;2;0;0;0m▄[38;2;0;0;0m[48;2;126;148;164m▀[0m[38;2;189;219;239m[48;2;189;219;239m▀[0m[38;2;0;0;0m[48;2;0;0;0m▀[0m
 [38;2;0;0;0m▀[38;2;231;203;214m[48;2;0;0;0m▀[0m[38;2;198;215;231m[48;2;255;207;214m▀[0m[38;2;66;65;66m[48;2;255;207;214m▀[0m[38;2;140;166;198m[48;2;247;199;206m▀[0m[38;2;66;65;66m[48;2;66;65;66m▀[0m[38;2;198;211;231m[48;2;247;199;206m▀[0m[38;2;66;65;66m[48;2;247;199;206m▀[0m[38;2;140;166;198m[48;2;247;200;205m▀[0m[38;2;194;214;230m[48;2;247;200;205m▀[0m[38;2;214;207;222m[48;2;247;200;205m▀[0m[38;2;214;207;222m[48;2;247;200;205m▀[0m[38;2;214;205;222m[48;2;247;199;206m▀[0m[38;2;247;199;206m[48;2;247;199;206m▀[0m[38;2;247;199;206m[48;2;247;199;206m▀[0m[38;2;247;199;206m[48;2;0;0;0m▀[0m[38;2;0;0;0m▀  [38;2;0;0;0m▄[38;2;0;0;0m[48;2;247;200;205m▀[0m[38;2;0;0;0m[48;2;247;200;205m▀[0m[38;2;63;74;82m[48;2;255;211;222m▀[0m[38;2;189;223;247m[48;2;8;4;0m▀[0m[38;2;0;0;0m▀ 
   [38;2;8;4;8m▀[38;2;172;139;145m[48;2;0;0;0m▀[0m[38;2;247;199;206m[48;2;206;154;173m▀[0m[38;2;247;199;206m[48;2;66;65;66m▀[0m[38;2;66;65;66m[48;2;192;154;164m▀[0m[38;2;247;199;206m[48;2;66;65;66m▀[0m[38;2;247;200;205m[48;2;247;200;205m▀[0m[38;2;247;200;205m[48;2;247;200;205m▀[0m[38;2;247;200;205m[48;2;194;154;164m▀[0m[38;2;247;200;205m[48;2;74;65;66m▀[0m[38;2;247;199;206m[48;2;0;0;0m▀[0m[38;2;0;0;0m▀[38;2;0;0;0m▀ [38;2;0;0;0m▄[38;2;0;0;0m▄[38;2;0;0;0m[48;2;186;217;236m▀[0m[38;2;66;65;66m[48;2;186;217;236m▀[0m[38;2;247;200;205m[48;2;74;65;66m▀[0m[38;2;247;200;205m[48;2;167;162;176m▀[0m[38;2;172;142;148m[48;2;189;150;165m▀[0m[38;2;8;4;0m[48;2;0;0;0m▀[0m  
    [38;2;0;0;0m▀[38;2;206;154;173m[48;2;0;0;0m▀[0m[38;2;206;154;173m[48;2;206;154;173m▀[0m[38;2;66;65;66m[48;2;247;199;206m▀[0m[38;2;255;199;214m[48;2;247;199;206m▀[0m[38;2;247;200;205m[48;2;247;200;205m▀[0m[38;2;247;200;205m[48;2;247;200;205m▀[0m[38;2;255;199;214m[48;2;189;154;159m▀[0m[38;2;194;154;164m[48;2;74;65;66m▀[0m[38;2;66;65;66m[48;2;203;155;170m▀[0m[38;2;0;0;0m[48;2;203;155;170m▀[0m[38;2;0;0;0m▄[38;2;0;0;0m▀[38;2;189;219;239m[48;2;0;0;0m▀[0m[38;2;189;219;239m[48;2;66;65;66m▀[0m[38;2;186;217;236m[48;2;66;65;66m▀[0m[38;2;186;217;236m[48;2;189;219;239m▀[0m[38;2;214;211;231m[48;2;189;219;239m▀[0m[38;2;74;65;66m[48;2;139;165;195m▀[0m[38;2;94;75;82m[48;2;0;0;0m▀[0m   
    [38;2;0;0;0m[48;2;0;0;0m▀[0m[38;2;206;154;173m[48;2;206;158;173m▀[0m[38;2;206;154;173m[48;2;68;58;63m▀[0m[38;2;74;65;66m[48;2;255;255;255m▀[0m[38;2;189;154;159m[48;2;66;65;66m▀[0m[38;2;247;200;205m[48;2;66;65;66m▀[0m[38;2;247;200;205m[48;2;247;199;206m▀[0m[38;2;247;199;206m[48;2;189;154;159m▀[0m[38;2;247;199;206m[48;2;247;199;206m▀[0m[38;2;203;155;170m[48;2;247;199;206m▀[0m[38;2;203;155;170m[48;2;203;155;172m▀[0m[38;2;206;154;173m[48;2;206;154;173m▀[0m[38;2;0;0;0m[48;2;0;0;0m▀[0m[38;2;0;0;0m▄[38;2;0;0;0m[48;2;189;219;239m▀[0m[38;2;189;219;239m[48;2;140;166;198m▀[0m[38;2;66;65;66m[48;2;8;4;0m▀[0m[38;2;139;165;195m[48;2;52;58;66m▀[0m[38;2;139;165;195m[48;2;8;4;0m▀[0m[38;2;0;0;0m▀   
     [38;2;0;8;8m▀[38;2;68;58;63m[48;2;0;0;0m▀[0m[38;2;255;255;255m[48;2;189;195;214m▀[0m[38;2;66;65;66m[48;2;189;195;214m▀[0m[38;2;247;199;206m[48;2;66;65;66m▀[0m[38;2;247;199;206m[48;2;66;65;66m▀[0m[38;2;74;65;66m[48;2;189;195;214m▀[0m[38;2;247;199;206m[48;2;66;65;66m▀[0m[38;2;203;155;172m[48;2;66;65;66m▀[0m[38;2;203;155;172m[48;2;198;174;189m▀[0m[38;2;206;154;173m[48;2;0;0;0m▀[0m[38;2;0;0;0m▀ [38;2;0;0;0m▀[38;2;8;4;0m▀[38;2;52;58;66m[48;2;0;0;0m▀[0m[38;2;140;166;198m[48;2;140;166;198m▀[0m[38;2;8;4;0m[48;2;0;0;0m▀[0m    
      [38;2;0;0;0m▄[38;2;0;0;0m[48;2;189;195;214m▀[0m[38;2;189;195;214m[48;2;189;195;214m▀[0m[38;2;189;195;214m[48;2;0;0;0m▀[0m[38;2;189;195;214m[48;2;255;255;255m▀[0m[38;2;189;195;214m[48;2;192;191;194m▀[0m[38;2;189;195;214m[48;2;66;65;74m▀[0m[38;2;198;174;189m[48;2;189;195;214m▀[0m[38;2;66;65;66m[48;2;189;195;214m▀[0m[38;2;66;65;66m[48;2;189;195;214m▀[0m[38;2;0;0;0m[48;2;189;195;214m▀[0m[38;2;0;0;0m▄   [38;2;0;0;0m▀     
       [38;2;0;0;0m▀[38;2;0;0;0m▀ [38;2;0;0;0m▀[38;2;255;255;255m[48;2;0;0;0m▀[0m[38;2;255;255;255m[48;2;0;0;0m▀[0m[38;2;63;65;71m[48;2;0;0;0m▀[0m[38;2;0;0;0m▀[38;2;0;0;0m▀[38;2;0;0;0m▀          
[0m
