     [38;2;0;0;0m▄[38;2;0;0;0m[48;2;222;36;16m▀[0m[38;2;0;0;0m▄        [38;2;0;0;0m▄  [38;2;0;0;0m▄[38;2;0;0;0m[48;2;222;36;16m▀[0m[38;2;0;0;0m▄         
    [38;2;0;0;0m▄[38;2;0;0;0m[48;2;222;36;16m▀[0m[38;2;222;36;16m[48;2;222;36;16m▀[0m[38;2;222;36;16m[48;2;222;36;16m▀[0m[38;2;0;0;0m[48;2;231;36;16m▀[0m[38;2;8;0;0m▄[38;2;0;0;0m[48;2;222;37;16m▀[0m[38;2;0;0;0m[48;2;222;37;16m▀[0m[38;2;0;0;0m[48;2;239;40;16m▀[0m[38;2;8;0;0m▄[38;2;0;24;24m▄[38;2;0;0;0m[48;2;181;32;16m▀[0m[38;2;222;36;16m[48;2;222;37;16m▀[0m[38;2;0;0;0m[48;2;222;37;16m▀[0m[38;2;0;0;0m[48;2;66;65;66m▀[0m[38;2;181;28;16m[48;2;66;65;66m▀[0m[38;2;222;36;16m[48;2;66;65;66m▀[0m[38;2;222;36;16m[48;2;181;28;16m▀[0m[38;2;0;0;0m[48;2;178;28;13m▀[0m[38;2;0;0;0m[48;2;178;28;13m▀[0m[38;2;0;0;0m[48;2;112;70;19m▀[0m[38;2;41;0;0m▄     
    [38;2;0;0;0m[48;2;0;0;0m▀[0m[38;2;222;36;16m[48;2;222;36;16m▀[0m[38;2;178;26;13m[48;2;178;28;13m▀[0m[38;2;222;36;16m[48;2;178;28;13m▀[0m[38;2;231;36;16m[48;2;222;36;16m▀[0m[38;2;156;24;10m[48;2;222;36;16m▀[0m[38;2;222;37;16m[48;2;66;65;66m▀[0m[38;2;222;37;16m[48;2;181;28;16m▀[0m[38;2;162;26;10m[48;2;123;52;33m▀[0m[38;2;162;26;10m[48;2;123;52;33m▀[0m[38;2;60;26;21m[48;2;66;65;66m▀[0m[38;2;181;32;16m[48;2;66;65;66m▀[0m[38;2;222;37;16m[48;2;231;24;8m▀[0m[38;2;222;37;16m[48;2;176;36;24m▀[0m[38;2;181;28;16m[48;2;173;28;16m▀[0m[38;2;181;28;16m[48;2;173;28;16m▀[0m[38;2;181;28;16m[48;2;255;216;60m▀[0m[38;2;66;65;66m[48;2;255;216;60m▀[0m[38;2;178;28;13m[48;2;66;65;66m▀[0m[38;2;178;28;13m[48;2;255;215;57m▀[0m[38;2;255;211;57m[48;2;255;216;60m▀[0m[38;2;255;211;57m[48;2;255;216;60m▀[0m[38;2;0;0;0m[48;2;247;207;49m▀[0m[38;2;0;0;0m▄   
   [38;2;0;0;0m▄[38;2;0;0;0m[48;2;115;65;8m▀[0m[38;2;222;36;16m[48;2;177;101;28m▀[0m[38;2;178;28;13m[48;2;132;65;8m▀[0m[38;2;178;28;13m[48;2;132;65;8m▀[0m[38;2;178;26;13m[48;2;178;28;13m▀[0m[38;2;222;36;16m[48;2;178;28;13m▀[0m[38;2;181;28;16m[48;2;152;93;45m▀[0m[38;2;66;65;66m[48;2;74;48;57m▀[0m[38;2;167;109;38m[48;2;255;216;60m▀[0m[38;2;255;223;49m[48;2;255;216;60m▀[0m[38;2;255;219;57m[48;2;255;243;165m▀[0m[38;2;192;167;60m[48;2;255;216;60m▀[0m[38;2;66;60;57m[48;2;255;215;57m▀[0m[38;2;176;36;24m[48;2;66;65;66m▀[0m[38;2;222;158;49m[48;2;255;215;57m▀[0m[38;2;247;223;66m[48;2;255;215;57m▀[0m[38;2;255;216;60m[48;2;255;215;57m▀[0m[38;2;255;216;60m[48;2;255;215;57m▀[0m[38;2;255;215;57m[48;2;160;135;49m▀[0m[38;2;66;65;66m[48;2;66;56;49m▀[0m[38;2;255;216;60m[48;2;255;215;49m▀[0m[38;2;255;216;60m[48;2;160;135;49m▀[0m[38;2;164;138;32m[48;2;255;215;57m▀[0m[38;2;0;0;0m[48;2;255;215;57m▀[0m[38;2;0;0;0m▄  
  [38;2;0;0;0m[48;2;0;0;0m▀[0m[38;2;255;215;57m[48;2;255;215;57m▀[0m[38;2;239;138;49m[48;2;247;207;49m▀[0m[38;2;115;65;8m[48;2;120;106;49m▀[0m[38;2;255;215;57m[48;2;255;215;57m▀[0m[38;2;132;65;8m[48;2;214;171;51m▀[0m[38;2;178;28;13m[48;2;66;65;66m▀[0m[38;2;178;28;13m[48;2;66;65;66m▀[0m[38;2;74;48;57m[48;2;214;171;51m▀[0m[38;2;231;138;33m[48;2;255;215;57m▀[0m[38;2;255;216;60m[48;2;255;215;57m▀[0m[38;2;255;243;165m[48;2;255;215;57m▀[0m[38;2;255;243;165m[48;2;255;243;165m▀[0m[38;2;255;243;165m[48;2;255;216;60m▀[0m[38;2;255;215;57m[48;2;255;215;57m▀[0m[38;2;255;215;57m[48;2;156;121;16m▀[0m[38;2;66;65;66m[48;2;66;65;66m▀[0m[38;2;255;215;57m[48;2;255;215;57m▀[0m[38;2;255;215;57m[48;2;161;123;22m▀[0m[38;2;156;121;16m[48;2;255;215;66m▀[0m[38;2;255;215;49m[48;2;239;160;115m▀[0m[38;2;255;215;49m[48;2;247;255;231m▀[0m[38;2;66;56;49m[48;2;74;44;57m▀[0m[38;2;255;215;49m[48;2;255;178;41m▀[0m[38;2;255;215;57m[48;2;247;243;239m▀[0m[38;2;247;243;239m[48;2;222;36;16m▀[0m[38;2;0;0;0m[48;2;239;40;16m▀[0m[38;2;8;0;0m▄ 
[38;2;0;0;0m▄[38;2;0;0;0m[48;2;181;28;16m▀[0m[38;2;255;215;57m[48;2;255;215;57m▀[0m[38;2;255;215;57m[48;2;66;65;66m▀[0m[38;2;57;56;49m[48;2;66;65;66m▀[0m[38;2;57;56;49m[48;2;66;65;66m▀[0m[38;2;214;171;51m[48;2;8;134;189m▀[0m[38;2;255;215;57m[48;2;255;231;148m▀[0m[38;2;214;170;49m[48;2;214;170;49m▀[0m[38;2;214;170;49m[48;2;214;170;49m▀[0m[38;2;214;171;51m[48;2;66;65;66m▀[0m[38;2;214;171;51m[48;2;66;65;66m▀[0m[38;2;214;171;51m[48;2;66;65;66m▀[0m[38;2;255;215;57m[48;2;156;121;16m▀[0m[38;2;255;216;60m[48;2;255;219;49m▀[0m[38;2;255;216;60m[48;2;139;119;43m▀[0m[38;2;156;121;16m[48;2;206;158;0m▀[0m[38;2;255;215;57m[48;2;222;190;77m▀[0m[38;2;255;215;57m[48;2;247;243;239m▀[0m[38;2;66;65;66m[48;2;66;65;66m▀[0m[38;2;208;169;44m[48;2;214;171;51m▀[0m[38;2;255;215;66m[48;2;255;215;57m▀[0m[38;2;247;255;231m[48;2;231;251;247m▀[0m[38;2;231;65;0m[48;2;198;32;16m▀[0m[38;2;164;111;49m[48;2;181;28;16m▀[0m[38;2;74;44;57m[48;2;181;28;16m▀[0m[38;2;247;243;239m[48;2;123;48;33m▀[0m[38;2;222;36;16m[48;2;123;48;33m▀[0m[38;2;162;26;10m[48;2;181;28;16m▀[0m[38;2;162;26;10m[48;2;0;0;0m▀[0m[38;2;0;0;0m▀
[38;2;0;0;0m▀[38;2;181;28;16m[48;2;0;0;0m▀[0m[38;2;255;215;57m[48;2;255;215;57m▀[0m[38;2;66;65;66m[48;2;66;65;66m▀[0m[38;2;66;65;66m[48;2;66;65;66m▀[0m[38;2;8;166;231m[48;2;8;166;231m▀[0m[38;2;255;231;148m[48;2;222;251;255m▀[0m[38;2;8;134;189m[48;2;8;89;123m▀[0m[38;2;214;170;49m[48;2;66;65;66m▀[0m[38;2;66;65;66m[48;2;66;65;66m▀[0m[38;2;66;65;66m[48;2;8;166;231m▀[0m[38;2;8;166;231m[48;2;247;243;239m▀[0m[38;2;66;65;66m[48;2;8;166;231m▀[0m[38;2;66;65;66m[48;2;66;65;66m▀[0m[38;2;82;69;41m[48;2;66;65;66m▀[0m[38;2;197;169;46m[48;2;214;170;49m▀[0m[38;2;222;190;77m[48;2;255;215;57m▀[0m[38;2;255;255;231m[48;2;247;243;239m▀[0m[38;2;247;243;239m[48;2;222;36;16m▀[0m[38;2;66;65;66m[48;2;222;36;16m▀[0m[38;2;214;171;51m[48;2;74;48;57m▀[0m[38;2;255;215;57m[48;2;231;138;33m▀[0m[38;2;220;178;170m[48;2;214;170;49m▀[0m[38;2;198;32;16m[48;2;186;183;181m▀[0m[38;2;181;28;16m[48;2;66;65;66m▀[0m[38;2;66;65;66m[48;2;214;170;49m▀[0m[38;2;178;148;109m[48;2;214;170;49m▀[0m[38;2;206;199;148m[48;2;214;170;49m▀[0m[38;2;0;0;0m[48;2;0;0;0m▀[0m  
 [38;2;0;0;0m▀[38;2;255;215;57m[48;2;0;0;0m▀[0m[38;2;66;65;66m[48;2;255;215;57m▀[0m[38;2;66;65;66m[48;2;66;65;66m▀[0m[38;2;66;65;66m[48;2;66;65;66m▀[0m[38;2;79;143;167m[48;2;66;65;66m▀[0m[38;2;8;89;123m[48;2;66;65;66m▀[0m[38;2;66;65;66m[48;2;66;65;66m▀[0m[38;2;66;65;66m[48;2;66;65;66m▀[0m[38;2;8;166;231m[48;2;66;65;66m▀[0m[38;2;247;243;239m[48;2;8;166;231m▀[0m[38;2;8;166;231m[48;2;66;65;66m▀[0m[38;2;66;65;66m[48;2;66;65;66m▀[0m[38;2;66;65;66m[48;2;66;60;57m▀[0m[38;2;214;170;49m[48;2;214;170;41m▀[0m[38;2;255;215;57m[48;2;231;195;57m▀[0m[38;2;247;243;239m[48;2;187;186;183m▀[0m[38;2;222;36;16m[48;2;148;24;8m▀[0m[38;2;178;26;13m[48;2;148;24;8m▀[0m[38;2;152;93;45m[48;2;66;60;49m▀[0m[38;2;74;48;57m[48;2;214;162;24m▀[0m[38;2;214;170;49m[48;2;214;174;66m▀[0m[38;2;214;170;49m[48;2;71;60;44m▀[0m[38;2;66;65;66m[48;2;66;65;66m▀[0m[38;2;214;170;49m[48;2;66;65;66m▀[0m[38;2;214;170;49m[48;2;0;0;0m▀[0m[38;2;0;0;0m▀   
  [38;2;0;0;0m▀[38;2;255;215;57m[48;2;0;0;0m▀[0m[38;2;255;215;57m[48;2;239;195;49m▀[0m[38;2;66;65;66m[48;2;239;195;49m▀[0m[38;2;66;65;66m[48;2;255;215;57m▀[0m[38;2;66;65;66m[48;2;255;215;57m▀[0m[38;2;255;215;57m[48;2;255;215;57m▀[0m[38;2;66;65;66m[48;2;255;215;57m▀[0m[38;2;66;65;66m[48;2;66;65;66m▀[0m[38;2;66;65;66m[48;2;66;65;66m▀[0m[38;2;66;65;66m[48;2;66;65;66m▀[0m[38;2;66;65;66m[48;2;214;170;49m▀[0m[38;2;214;170;41m[48;2;214;172;52m▀[0m[38;2;164;133;46m[48;2;214;172;52m▀[0m[38;2;231;195;57m[48;2;145;117;32m▀[0m[38;2;187;186;183m[48;2;214;174;49m▀[0m[38;2;156;182;181m[48;2;66;65;66m▀[0m[38;2;150;76;65m[48;2;66;65;66m▀[0m[38;2;164;128;32m[48;2;66;65;66m▀[0m[38;2;164;128;32m[48;2;0;0;0m▀[0m[38;2;0;4;33m▀[38;2;71;60;44m[48;2;0;0;0m▀[0m[38;2;66;65;66m[48;2;0;0;0m▀[0m[38;2;0;0;0m▀     
    [38;2;0;0;0m▀[38;2;159;130;32m[48;2;0;0;0m▀[0m[38;2;214;171;51m[48;2;66;65;66m▀[0m[38;2;214;171;51m[48;2;66;65;66m▀[0m[38;2;214;171;51m[48;2;214;174;57m▀[0m[38;2;214;171;51m[48;2;214;174;57m▀[0m[38;2;214;170;49m[48;2;214;174;57m▀[0m[38;2;214;170;49m[48;2;214;174;57m▀[0m[38;2;214;170;49m[48;2;214;170;49m▀[0m[38;2;214;170;49m[48;2;214;170;49m▀[0m[38;2;214;172;52m[48;2;154;124;43m▀[0m[38;2;214;172;52m[48;2;77;62;38m▀[0m[38;2;214;174;49m[48;2;0;0;0m▀[0m[38;2;8;4;0m▀[38;2;66;65;66m[48;2;0;0;0m▀[0m[38;2;66;65;66m[48;2;0;0;0m▀[0m[38;2;0;0;0m▀          
     [38;2;0;0;0m▀[38;2;66;65;66m[48;2;0;0;0m▀[0m[38;2;66;65;66m[48;2;0;0;0m▀[0m[38;2;71;60;35m[48;2;0;0;0m▀[0m[38;2;0;4;24m▀[38;2;0;4;24m[48;2;0;0;0m▀[0m[38;2;71;60;35m[48;2;66;65;66m▀[0m[38;2;66;65;66m[48;2;66;64;66m▀[0m[38;2;66;65;66m[48;2;66;64;66m▀[0m[38;2;77;62;38m[48;2;0;0;0m▀[0m[38;2;0;0;33m▀               
           [38;2;0;0;0m▀[38;2;0;0;0m▀[38;2;0;0;0m▀                 
[0m
