         [38;2;0;0;0m[48;2;0;0;0m▀[0m         
        [38;2;0;0;0m[48;2;0;0;0m▀[0m[38;2;140;121;123m[48;2;140;121;123m▀[0m[38;2;0;0;0m[48;2;0;0;0m▀[0m  [38;2;0;0;0m▄[38;2;0;0;0m▄    
   [38;2;0;0;0m[48;2;0;0;0m▀[0m[38;2;0;0;0m[48;2;140;121;123m▀[0m[38;2;0;0;0m▄ [38;2;0;0;0m[48;2;0;0;0m▀[0m[38;2;139;123;123m[48;2;82;73;99m▀[0m[38;2;139;123;123m[48;2;82;73;99m▀[0m[38;2;0;0;0m[48;2;0;0;0m▀[0m [38;2;0;0;0m[48;2;0;0;0m▀[0m[38;2;99;93;99m[48;2;66;62;66m▀[0m[38;2;0;0;0m[48;2;0;0;0m▀[0m    
[38;2;0;0;0m[48;2;0;0;0m▀[0m[38;2;0;0;0m[48;2;107;99;99m▀[0m[38;2;0;0;0m▄[38;2;0;0;0m▄[38;2;0;4;16m[48;2;46;43;54m▀[0m[38;2;140;121;132m[48;2;93;82;93m▀[0m[38;2;0;0;0m[48;2;82;73;99m▀[0m[38;2;82;73;99m[48;2;54;48;66m▀[0m[38;2;82;74;99m[48;2;82;74;99m▀[0m[38;2;82;74;99m[48;2;82;74;99m▀[0m[38;2;54;48;66m[48;2;82;73;99m▀[0m[38;2;0;0;0m[48;2;82;73;99m▀[0m[38;2;54;48;71m[48;2;82;73;107m▀[0m[38;2;0;0;0m[48;2;54;48;71m▀[0m[38;2;0;0;0m▄[38;2;0;0;0m[48;2;140;121;123m▀[0m[38;2;0;0;0m[48;2;0;0;0m▀[0m  
 [38;2;0;0;0m▀[38;2;99;89;107m[48;2;0;0;0m▀[0m[38;2;66;59;71m[48;2;66;59;71m▀[0m[38;2;57;48;74m[48;2;82;73;98m▀[0m[38;2;82;73;98m[48;2;57;48;74m▀[0m[38;2;82;74;99m[48;2;82;74;99m▀[0m[38;2;82;74;99m[48;2;82;74;99m▀[0m[38;2;82;74;99m[48;2;82;74;99m▀[0m[38;2;82;74;99m[48;2;82;74;99m▀[0m[38;2;82;74;99m[48;2;82;74;99m▀[0m[38;2;82;74;99m[48;2;82;74;99m▀[0m[38;2;57;48;74m[48;2;82;73;98m▀[0m[38;2;82;73;98m[48;2;82;73;98m▀[0m[38;2;140;121;132m[48;2;93;82;93m▀[0m[38;2;0;4;16m[48;2;46;43;54m▀[0m[38;2;0;0;0m▄[38;2;0;0;0m▄ 
 [38;2;0;0;0m▄[38;2;0;0;0m[48;2;90;83;99m▀[0m[38;2;90;83;99m[48;2;90;83;99m▀[0m[38;2;82;74;99m[48;2;82;74;99m▀[0m[38;2;82;74;99m[48;2;82;74;99m▀[0m[38;2;82;74;99m[48;2;82;74;99m▀[0m[38;2;82;74;99m[48;2;82;74;99m▀[0m[38;2;82;74;99m[48;2;82;74;99m▀[0m[38;2;82;74;99m[48;2;82;74;99m▀[0m[38;2;82;74;99m[48;2;82;74;99m▀[0m[38;2;82;74;99m[48;2;82;74;99m▀[0m[38;2;82;73;98m[48;2;82;73;98m▀[0m[38;2;82;73;98m[48;2;57;48;74m▀[0m[38;2;57;49;74m[48;2;57;49;74m▀[0m[38;2;57;49;74m[48;2;57;49;74m▀[0m[38;2;66;62;66m[48;2;0;0;0m▀[0m[38;2;99;93;99m[48;2;0;0;0m▀[0m[38;2;0;0;0m▀
  [38;2;0;0;0m[48;2;0;0;0m▀[0m[38;2;170;130;44m[48;2;255;195;66m▀[0m[38;2;255;190;66m[48;2;255;190;66m▀[0m[38;2;82;73;99m[48;2;255;190;66m▀[0m[38;2;82;73;99m[48;2;255;190;66m▀[0m[38;2;82;73;99m[48;2;82;73;99m▀[0m[38;2;85;71;62m[48;2;85;71;62m▀[0m[38;2;255;215;90m[48;2;0;0;49m▀[0m[38;2;247;211;82m[48;2;0;0;41m▀[0m[38;2;82;70;54m[48;2;82;70;54m▀[0m[38;2;82;73;98m[48;2;57;48;74m▀[0m[38;2;82;73;98m[48;2;82;73;98m▀[0m[38;2;54;48;66m[48;2;82;73;99m▀[0m[38;2;0;0;0m[48;2;0;0;0m▀[0m   
  [38;2;0;0;0m▀[38;2;255;190;66m[48;2;0;0;0m▀[0m[38;2;172;134;44m[48;2;8;4;0m▀[0m[38;2;255;199;66m[48;2;172;134;44m▀[0m[38;2;255;186;49m[48;2;189;140;54m▀[0m[38;2;189;140;54m[48;2;57;48;66m▀[0m[38;2;66;56;82m[48;2;66;56;82m▀[0m[38;2;255;215;66m[48;2;66;56;82m▀[0m[38;2;247;207;82m[48;2;82;69;49m▀[0m[38;2;82;69;49m[48;2;0;0;33m▀[0m[38;2;57;48;74m[48;2;0;0;0m▀[0m[38;2;0;0;0m▀[38;2;0;0;0m▀[38;2;140;121;123m[48;2;0;0;0m▀[0m[38;2;0;0;0m[48;2;0;0;0m▀[0m  
     [38;2;0;0;0m▀[38;2;0;0;0m▀[38;2;0;0;0m▀[38;2;0;0;0m▀[38;2;0;0;0m▀[38;2;0;0;0m▀        
[0m
