[0m [0m [0m [0m [0m [0m [0m [0m [0m [0m [0m [0m [0m [0m [0m [0m [0m [0m [0m [0m [0m [0m [0m [0m [0m [38;2;0;0;0m▄[38;2;0;0;0;48;2;82;74;74m▀[38;2;0;0;0;48;2;82;74;74m▀[38;2;82;74;74;48;2;213;213;213m▀[38;2;82;74;74;48;2;213;213;213m▀[38;2;0;0;0;48;2;82;74;74m▀[38;2;0;0;0;48;2;82;74;74m▀[38;2;0;0;0m▄[38;2;0;0;0m▄[38;2;0;0;0m▄[38;2;0;0;0m▄[0m [0m [0m [0m [0m [0m [0m [0m [0m [0m [0m [0m [0m [0m [0m [0m [0m [0m [0m [0m [0m [0m [0m [0m [0m [0m [0m [0m [0m [0m [0m
[0m [0m [0m [0m [0m [0m [0m [0m [0m [0m [0m [0m [0m [0m [0m [0m [0m [0m [0m [0m [0m [0m [0m [0m [0m [38;2;0;0;0;48;2;0;0;0m▀[38;2;82;74;74;48;2;82;74;74m▀[38;2;82;74;74;48;2;82;74;74m▀[38;2;255;255;255;48;2;255;255;255m▀[38;2;213;213;213;48;2;213;213;213m▀[38;2;139;139;139;48;2;139;139;139m▀[38;2;139;139;139;48;2;139;139;139m▀[38;2;82;74;74;48;2;82;74;74m▀[38;2;82;74;74;48;2;82;74;74m▀[38;2;82;74;74;48;2;82;74;74m▀[38;2;82;74;74;48;2;82;74;74m▀[38;2;0;0;0;48;2;0;0;0m▀[0m [0m [0m [0m [0m [0m [0m [0m [0m [0m [0m [0m [0m [0m [0m [0m [0m [0m [0m [0m [0m [0m [0m [0m [0m [0m [0m [0m [0m [0m
[0m [0m [0m [0m [0m [0m [0m [0m [0m [0m [0m [0m [0m [0m [0m [0m [0m [0m [0m [0m [0m [0m [0m [0m [0m [38;2;0;0;0m▀[38;2;82;74;74;48;2;0;0;0m▀[38;2;82;74;74;48;2;0;0;0m▀[38;2;180;180;180;48;2;82;74;74m▀[38;2;255;255;255;48;2;180;180;180m▀[38;2;180;180;180;48;2;255;255;255m▀[38;2;139;139;139;48;2;213;213;213m▀[38;2;213;213;213;48;2;82;74;74m▀[38;2;213;213;213;48;2;82;74;74m▀[38;2;213;213;213;48;2;82;74;74m▀[38;2;180;180;180;48;2;139;139;139m▀[38;2;82;74;74;48;2;82;74;74m▀[38;2;0;0;0;48;2;82;74;74m▀[38;2;0;0;0m▄[38;2;0;0;0m▄[38;2;0;0;0m▄[38;2;0;0;0m▄[0m [0m [38;2;0;0;0m▄[38;2;0;0;0m▄[38;2;0;0;0m▄[38;2;0;0;0m▄[38;2;0;0;0;48;2;82;74;74m▀[38;2;0;0;0;48;2;82;74;74m▀[38;2;0;0;0;48;2;82;74;74m▀[38;2;0;0;0;48;2;82;74;74m▀[38;2;0;0;0m▄[0m [0m [0m [0m [0m [0m [0m [0m [0m [0m [0m [0m [0m [0m
[0m [0m [0m [0m [0m [0m [0m [0m [0m [0m [0m [0m [0m [0m [0m [0m [0m [0m [0m [0m [0m [0m [0m [0m [0m [0m [38;2;0;0;0m▄[38;2;0;0;0;48;2;0;0;0m▀[38;2;16;16;16;48;2;16;16;16m▀[38;2;180;180;180;48;2;139;139;139m▀[38;2;180;180;180;48;2;139;139;139m▀[38;2;82;74;74;48;2;208;221;219m▀[38;2;82;74;74;48;2;208;221;219m▀[38;2;82;74;74;48;2;208;221;219m▀[38;2;173;206;196;48;2;208;221;219m▀[38;2;173;206;196;48;2;173;206;196m▀[38;2;173;206;196;48;2;173;206;196m▀[38;2;173;206;196;48;2;173;206;196m▀[38;2;82;74;74;48;2;173;206;196m▀[38;2;82;74;74;48;2;173;206;196m▀[38;2;82;74;74;48;2;173;206;196m▀[38;2;82;74;74;48;2;173;206;196m▀[38;2;0;0;0;48;2;139;139;139m▀[38;2;0;0;0;48;2;139;139;139m▀[38;2;82;74;74;48;2;139;139;139m▀[38;2;82;74;74;48;2;139;139;139m▀[38;2;82;74;74;48;2;213;213;213m▀[38;2;82;74;74;48;2;213;213;213m▀[38;2;213;213;213;48;2;180;180;180m▀[38;2;213;213;213;48;2;255;255;255m▀[38;2;255;255;255;48;2;180;180;180m▀[38;2;255;255;255;48;2;180;180;180m▀[38;2;15;15;15;48;2;15;15;15m▀[38;2;0;0;0;48;2;0;0;0m▀[0m [0m [38;2;0;0;0m▄[38;2;0;0;0m▄[38;2;0;0;0;48;2;16;16;16m▀[38;2;0;0;0;48;2;57;49;49m▀[38;2;0;0;0m▄[0m [0m [0m [0m [0m [0m
[0m [0m [0m [0m [0m [0m [0m [0m [0m [0m [0m [0m [0m [0m [0m [0m [0m [0m [0m [0m [0m [0m [0m [0m [38;2;0;0;0m▄[38;2;0;0;0;48;2;108;132;122m▀[38;2;108;132;122;48;2;173;206;196m▀[38;2;108;132;122;48;2;173;206;196m▀[38;2;173;206;196;48;2;173;206;196m▀[38;2;173;206;196;48;2;173;206;196m▀[38;2;208;221;219;48;2;208;221;219m▀[38;2;208;221;219;48;2;90;131;98m▀[38;2;90;131;98;48;2;139;180;164m▀[38;2;90;131;98;48;2;139;180;164m▀[38;2;90;131;98;48;2;213;213;213m▀[38;2;139;180;164;48;2;255;255;255m▀[38;2;139;180;164;48;2;255;255;255m▀[38;2;139;180;164;48;2;255;255;255m▀[38;2;139;180;164;48;2;213;213;213m▀[38;2;139;180;164;48;2;213;213;213m▀[38;2;173;206;196;48;2;90;131;98m▀[38;2;173;206;196;48;2;173;206;196m▀[38;2;180;180;180;48;2;139;139;139m▀[38;2;213;213;213;48;2;82;74;74m▀[38;2;213;213;213;48;2;82;74;74m▀[38;2;213;213;213;48;2;82;74;74m▀[38;2;139;139;139;48;2;213;213;213m▀[38;2;180;180;180;48;2;255;255;255m▀[38;2;255;255;255;48;2;180;180;180m▀[38;2;180;180;180;48;2;180;180;180m▀[38;2;82;74;74;48;2;82;74;74m▀[38;2;82;74;74;48;2;82;74;74m▀[38;2;0;0;0;48;2;0;0;0m▀[0m [38;2;0;0;0m▄[38;2;0;0;0;48;2;16;16;16m▀[38;2;16;16;16;48;2;238;24;0m▀[38;2;16;16;16;48;2;238;24;0m▀[38;2;238;24;0;48;2;238;24;0m▀[38;2;238;24;0;48;2;238;24;0m▀[38;2;57;49;49;48;2;57;49;49m▀[38;2;0;0;0;48;2;0;0;0m▀[0m [0m [0m [0m [0m
[0m [0m [0m [0m [0m [0m [0m [0m [0m [0m [0m [0m [0m [0m [0m [0m [0m [0m [0m [0m [0m [0m [0m [0m [38;2;0;0;0;48;2;0;0;0m▀[38;2;108;132;122;48;2;108;132;122m▀[38;2;173;206;196;48;2;173;206;196m▀[38;2;173;206;196;48;2;173;206;196m▀[38;2;173;206;196;48;2;173;206;196m▀[38;2;173;206;196;48;2;173;206;196m▀[38;2;208;221;219;48;2;173;206;196m▀[38;2;90;131;98;48;2;213;246;222m▀[38;2;139;180;164;48;2;213;213;213m▀[38;2;139;180;164;48;2;213;213;213m▀[38;2;213;213;213;48;2;255;255;255m▀[38;2;255;255;255;48;2;255;255;255m▀[38;2;255;255;255;48;2;255;255;255m▀[38;2;255;255;255;48;2;255;255;255m▀[38;2;213;213;213;48;2;255;255;255m▀[38;2;213;213;213;48;2;255;255;255m▀[38;2;90;131;98;48;2;213;213;213m▀[38;2;173;206;196;48;2;139;180;164m▀[38;2;139;139;139;48;2;173;206;196m▀[38;2;82;74;74;48;2;173;206;196m▀[38;2;82;74;74;48;2;82;74;74m▀[38;2;82;74;74;48;2;82;74;74m▀[38;2;213;213;213;48;2;82;74;74m▀[38;2;255;255;255;48;2;180;180;180m▀[38;2;180;180;180;48;2;180;180;180m▀[38;2;180;180;180;48;2;139;139;139m▀[38;2;82;74;74;48;2;0;0;0m▀[38;2;82;74;74;48;2;0;0;0m▀[38;2;0;0;0m▀[0m [38;2;0;0;0;48;2;0;0;0m▀[38;2;16;16;16;48;2;16;16;16m▀[38;2;238;24;0;48;2;57;49;49m▀[38;2;238;24;0;48;2;57;49;49m▀[38;2;238;24;0;48;2;238;24;0m▀[38;2;238;24;0;48;2;57;49;49m▀[38;2;57;49;49;48;2;0;0;0m▀[38;2;0;0;0;48;2;0;0;0m▀[38;2;0;0;0;48;2;16;16;16m▀[38;2;0;0;0;48;2;16;16;16m▀[38;2;0;0;0;48;2;57;49;49m▀[38;2;0;0;0m▄[0m
[0m [0m [0m [0m [0m [0m [0m [0m [0m [0m [0m [0m [0m [0m [0m [0m [0m [0m [0m [0m [0m [0m [0m [38;2;0;0;0;48;2;0;0;0m▀[38;2;74;93;83;48;2;48;61;53m▀[38;2;173;206;196;48;2;173;206;196m▀[38;2;173;206;196;48;2;173;206;196m▀[38;2;173;206;196;48;2;173;206;196m▀[38;2;173;206;196;48;2;173;206;196m▀[38;2;173;206;196;48;2;173;206;196m▀[38;2;173;206;196;48;2;173;206;196m▀[38;2;139;180;164;48;2;139;180;164m▀[38;2;255;255;255;48;2;255;255;255m▀[38;2;255;255;255;48;2;255;255;255m▀[38;2;255;255;255;48;2;255;255;255m▀[38;2;255;255;255;48;2;16;16;16m▀[38;2;255;255;255;48;2;255;255;255m▀[38;2;255;255;255;48;2;255;255;255m▀[38;2;255;255;255;48;2;255;255;255m▀[38;2;255;255;255;48;2;255;255;255m▀[38;2;255;255;255;48;2;255;255;255m▀[38;2;90;131;98;48;2;90;131;98m▀[38;2;173;206;196;48;2;173;206;196m▀[38;2;173;206;196;48;2;173;206;196m▀[38;2;109;129;119;48;2;140;167;160m▀[38;2;109;129;119;48;2;140;167;160m▀[38;2;140;167;160;48;2;140;167;160m▀[38;2;139;139;139;48;2;140;167;160m▀[38;2;139;139;139;48;2;15;15;15m▀[38;2;82;74;74;48;2;0;0;0m▀[38;2;0;0;0m▀[0m [0m [38;2;0;0;0;48;2;0;0;0m▀[38;2;16;16;16;48;2;16;16;16m▀[38;2;16;16;16;48;2;57;49;49m▀[38;2;82;74;74;48;2;82;74;74m▀[38;2;82;74;74;48;2;82;74;74m▀[38;2;82;74;74;48;2;57;49;49m▀[38;2;57;49;49;48;2;0;0;0m▀[38;2;0;0;0;48;2;16;16;16m▀[38;2;16;16;16;48;2;41;131;172m▀[38;2;41;131;172;48;2;41;131;172m▀[38;2;41;131;172;48;2;41;131;172m▀[38;2;41;131;172;48;2;41;131;172m▀[38;2;57;49;49;48;2;57;49;49m▀[0m
[0m [0m [0m [0m [0m [0m [0m [0m [0m [0m [0m [0m [0m [0m [0m [0m [0m [0m [0m [0m [0m [0m [0m [38;2;0;0;0m▀[38;2;15;15;15;48;2;0;0;0m▀[38;2;173;206;196;48;2;15;15;15m▀[38;2;173;206;196;48;2;173;206;196m▀[38;2;173;206;196;48;2;173;206;196m▀[38;2;173;206;196;48;2;173;206;196m▀[38;2;173;206;196;48;2;173;206;196m▀[38;2;173;206;196;48;2;173;206;196m▀[38;2;90;131;98;48;2;139;180;164m▀[38;2;255;255;255;48;2;213;213;213m▀[38;2;255;255;255;48;2;213;213;213m▀[38;2;255;255;255;48;2;255;255;255m▀[38;2;255;255;255;48;2;255;255;255m▀[38;2;255;255;255;48;2;255;255;255m▀[38;2;255;255;255;48;2;255;255;255m▀[38;2;255;255;255;48;2;255;255;255m▀[38;2;255;255;255;48;2;255;255;255m▀[38;2;255;255;255;48;2;213;213;213m▀[38;2;90;131;98;48;2;139;180;164m▀[38;2;173;206;196;48;2;173;206;196m▀[38;2;173;206;196;48;2;140;167;160m▀[38;2;140;167;160;48;2;140;167;160m▀[38;2;140;167;160;48;2;140;167;160m▀[38;2;140;167;160;48;2;140;167;160m▀[38;2;140;167;160;48;2;140;167;160m▀[38;2;15;15;15;48;2;15;15;15m▀[38;2;0;0;0;48;2;0;0;0m▀[0m [0m [38;2;0;0;0;48;2;0;0;0m▀[38;2;16;16;16;48;2;16;16;16m▀[38;2;16;16;16;48;2;57;49;49m▀[38;2;82;74;74;48;2;82;74;74m▀[38;2;82;74;74;48;2;57;49;49m▀[38;2;82;74;74;48;2;57;49;49m▀[38;2;57;49;49;48;2;0;0;0m▀[38;2;0;0;0;48;2;16;16;16m▀[38;2;16;16;16;48;2;57;49;49m▀[38;2;57;49;49;48;2;82;74;74m▀[38;2;41;131;172;48;2;82;74;74m▀[38;2;41;131;172;48;2;82;74;74m▀[38;2;57;49;49;48;2;57;49;49m▀[38;2;0;0;0;48;2;0;0;0m▀[0m
[0m [0m [0m [0m [0m [0m [0m [0m [0m [0m [0m [0m [0m [0m [0m [0m [0m [0m [0m [0m [0m [0m [0m [0m [38;2;0;0;0;48;2;0;0;0m▀[38;2;15;15;15;48;2;15;15;15m▀[38;2;173;206;196;48;2;109;129;119m▀[38;2;173;206;196;48;2;109;129;119m▀[38;2;173;206;196;48;2;173;206;196m▀[38;2;173;206;196;48;2;173;206;196m▀[38;2;173;206;196;48;2;173;206;196m▀[38;2;139;180;164;48;2;173;206;196m▀[38;2;213;213;213;48;2;90;131;98m▀[38;2;213;213;213;48;2;90;131;98m▀[38;2;255;255;255;48;2;213;213;213m▀[38;2;255;255;255;48;2;255;255;255m▀[38;2;255;255;255;48;2;255;255;255m▀[38;2;255;255;255;48;2;255;255;255m▀[38;2;255;255;255;48;2;213;213;213m▀[38;2;255;255;255;48;2;213;213;213m▀[38;2;213;213;213;48;2;90;131;98m▀[38;2;139;180;164;48;2;173;206;196m▀[38;2;173;206;196;48;2;173;206;196m▀[38;2;140;167;160;48;2;140;167;160m▀[38;2;140;167;160;48;2;140;167;160m▀[38;2;140;167;160;48;2;140;167;160m▀[38;2;140;167;160;48;2;140;167;160m▀[38;2;140;167;160;48;2;140;167;160m▀[38;2;15;15;15;48;2;140;167;160m▀[38;2;0;0;0;48;2;15;15;15m▀[38;2;0;0;0m▄[0m [38;2;0;0;0;48;2;0;0;0m▀[38;2;16;16;16;48;2;16;16;16m▀[38;2;57;49;49;48;2;82;74;74m▀[38;2;82;74;74;48;2;82;74;74m▀[38;2;57;49;49;48;2;57;49;49m▀[38;2;57;49;49;48;2;57;49;49m▀[38;2;0;0;0;48;2;16;16;16m▀[38;2;16;16;16;48;2;16;16;16m▀[38;2;57;49;49;48;2;57;49;49m▀[38;2;82;74;74;48;2;82;74;74m▀[38;2;82;74;74;48;2;57;49;49m▀[38;2;82;74;74;48;2;57;49;49m▀[38;2;57;49;49;48;2;0;0;0m▀[38;2;0;0;0m▀[0m
[0m [0m [0m [0m [0m [0m [0m [0m [0m [0m [0m [0m [0m [0m [0m [0m [0m [0m [0m [0m [0m [0m [0m [0m [0m [38;2;0;0;0;48;2;0;0;0m▀[38;2;15;15;15;48;2;0;0;0m▀[38;2;15;15;15;48;2;0;0;0m▀[38;2;173;206;196;48;2;16;16;16m▀[38;2;173;206;196;48;2;173;206;196m▀[38;2;173;206;196;48;2;173;206;196m▀[38;2;173;206;196;48;2;173;206;196m▀[38;2;173;206;196;48;2;173;206;196m▀[38;2;173;206;196;48;2;173;206;196m▀[38;2;139;180;164;48;2;173;206;196m▀[38;2;90;131;98;48;2;173;206;196m▀[38;2;90;131;98;48;2;173;206;196m▀[38;2;90;131;98;48;2;173;206;196m▀[38;2;139;180;164;48;2;173;206;196m▀[38;2;139;180;164;48;2;173;206;196m▀[38;2;173;206;196;48;2;173;206;196m▀[38;2;140;167;160;48;2;173;206;196m▀[38;2;140;167;160;48;2;140;167;160m▀[38;2;140;167;160;48;2;140;167;160m▀[38;2;140;167;160;48;2;140;167;160m▀[38;2;140;167;160;48;2;140;167;160m▀[38;2;140;167;160;48;2;140;167;160m▀[38;2;140;167;160;48;2;140;167;160m▀[38;2;140;167;160;48;2;140;167;160m▀[38;2;15;15;15;48;2;15;15;15m▀[38;2;0;0;0;48;2;0;0;0m▀[0m [38;2;0;0;0;48;2;0;0;0m▀[38;2;16;16;16;48;2;16;16;16m▀[38;2;57;49;49;48;2;57;49;49m▀[38;2;82;74;74;48;2;180;180;180m▀[38;2;82;74;74;48;2;180;180;180m▀[38;2;82;74;74;48;2;180;180;180m▀[38;2;57;49;49;48;2;82;74;74m▀[38;2;57;49;49;48;2;82;74;74m▀[38;2;82;74;74;48;2;82;74;74m▀[38;2;82;74;74;48;2;57;49;49m▀[38;2;57;49;49;48;2;0;0;0m▀[38;2;57;49;49;48;2;0;0;0m▀[38;2;0;0;0m▀[0m [0m
[0m [0m [0m [0m [0m [0m [0m [0m [0m [0m [0m [0m [0m [0m [0m [0m [0m [0m [0m [0m [0m [0m [0m [38;2;0;0;0m▄[38;2;0;0;0;48;2;57;49;49m▀[38;2;57;49;49;48;2;13;168;224m▀[38;2;57;49;49;48;2;13;168;224m▀[38;2;57;49;49;48;2;13;168;224m▀[38;2;16;16;16;48;2;41;131;172m▀[38;2;173;206;196;48;2;16;16;16m▀[38;2;173;206;196;48;2;173;206;196m▀[38;2;173;206;196;48;2;173;206;196m▀[38;2;173;206;196;48;2;173;206;196m▀[38;2;173;206;196;48;2;173;206;196m▀[38;2;173;206;196;48;2;173;206;196m▀[38;2;173;206;196;48;2;140;167;160m▀[38;2;173;206;196;48;2;140;167;160m▀[38;2;173;206;196;48;2;140;167;160m▀[38;2;173;206;196;48;2;140;167;160m▀[38;2;173;206;196;48;2;140;167;160m▀[38;2;173;206;196;48;2;140;167;160m▀[38;2;140;167;160;48;2;140;167;160m▀[38;2;140;167;160;48;2;140;167;160m▀[38;2;140;167;160;48;2;140;167;160m▀[38;2;140;167;160;48;2;15;15;15m▀[38;2;140;167;160;48;2;15;15;15m▀[38;2;140;167;160;48;2;57;49;49m▀[38;2;15;15;15;48;2;0;0;0m▀[38;2;48;61;53;48;2;0;0;0m▀[38;2;0;0;0m▀[0m [0m [38;2;0;0;0;48;2;0;0;0m▀[38;2;48;61;53;48;2;48;61;53m▀[38;2;139;139;139;48;2;57;49;49m▀[38;2;16;16;16;48;2;16;16;16m▀[38;2;255;255;255;48;2;180;180;180m▀[38;2;255;255;255;48;2;180;180;180m▀[38;2;82;74;74;48;2;57;49;49m▀[38;2;82;74;74;48;2;57;49;49m▀[38;2;57;49;49;48;2;0;0;0m▀[38;2;0;0;0m▀[0m [0m [0m [0m [0m
[0m [0m [0m [0m [0m [0m [0m [0m [0m [0m [0m [0m [0m [0m [0m [0m [0m [0m [0m [0m [0m [0m [38;2;0;0;0;48;2;0;0;0m▀[38;2;57;49;49;48;2;57;49;49m▀[38;2;41;131;172;48;2;41;131;172m▀[38;2;13;168;224;48;2;13;168;224m▀[38;2;13;168;224;48;2;13;168;224m▀[38;2;13;168;224;48;2;13;168;224m▀[38;2;41;131;172;48;2;41;131;172m▀[38;2;16;16;16;48;2;16;16;16m▀[38;2;140;167;160;48;2;140;167;160m▀[38;2;173;206;196;48;2;173;206;196m▀[38;2;173;206;196;48;2;173;206;196m▀[38;2;173;206;196;48;2;173;206;196m▀[38;2;140;167;160;48;2;140;167;160m▀[38;2;140;167;160;48;2;140;167;160m▀[38;2;140;167;160;48;2;140;167;160m▀[38;2;140;167;160;48;2;140;167;160m▀[38;2;16;16;16;48;2;16;16;16m▀[38;2;16;16;16;48;2;16;16;16m▀[38;2;16;16;16;48;2;16;16;16m▀[38;2;16;16;16;48;2;16;16;16m▀[38;2;57;49;49;48;2;57;49;49m▀[38;2;57;49;49;48;2;57;49;49m▀[38;2;238;24;0;48;2;238;24;0m▀[38;2;238;24;0;48;2;238;24;0m▀[38;2;238;24;0;48;2;238;24;0m▀[38;2;57;49;49;48;2;57;49;49m▀[38;2;0;0;0;48;2;0;0;0m▀[0m [0m [0m [38;2;0;0;0;48;2;0;0;0m▀[38;2;48;61;53;48;2;48;61;53m▀[38;2;173;206;196;48;2;173;206;196m▀[38;2;16;16;16;48;2;16;16;16m▀[38;2;16;16;16;48;2;16;16;16m▀[38;2;16;16;16;48;2;16;16;16m▀[38;2;48;61;53;48;2;48;61;53m▀[38;2;0;0;0;48;2;0;0;0m▀[0m [0m [0m [0m [0m [0m [0m
[0m [0m [0m [0m [0m [0m [0m [0m [0m [0m [0m [0m [0m [0m [0m [0m [0m [0m [0m [0m [0m [0m [38;2;0;0;0m▀[38;2;57;49;49;48;2;0;0;0m▀[38;2;41;131;172;48;2;16;16;16m▀[38;2;41;131;172;48;2;16;16;16m▀[38;2;41;131;172;48;2;41;131;172m▀[38;2;41;131;172;48;2;41;131;172m▀[38;2;41;131;172;48;2;41;131;172m▀[38;2;41;131;172;48;2;16;16;16m▀[38;2;57;49;49;48;2;16;16;16m▀[38;2;140;167;160;48;2;16;16;16m▀[38;2;140;167;160;48;2;57;49;49m▀[38;2;140;167;160;48;2;57;49;49m▀[38;2;140;167;160;48;2;57;49;49m▀[38;2;16;16;16;48;2;99;90;90m▀[38;2;16;16;16;48;2;57;49;49m▀[38;2;16;16;16;48;2;16;16;16m▀[38;2;16;16;16;48;2;16;16;16m▀[38;2;16;16;16;48;2;16;16;16m▀[38;2;16;16;16;48;2;16;16;16m▀[38;2;188;15;0;48;2;188;15;0m▀[38;2;188;15;0;48;2;188;15;0m▀[38;2;238;24;0;48;2;188;15;0m▀[38;2;238;24;0;48;2;238;24;0m▀[38;2;238;24;0;48;2;238;24;0m▀[38;2;238;24;0;48;2;238;24;0m▀[38;2;238;24;0;48;2;238;24;0m▀[38;2;57;49;49;48;2;16;16;16m▀[38;2;0;0;0;48;2;0;0;0m▀[0m [38;2;0;0;0;48;2;0;0;0m▀[38;2;48;61;53;48;2;48;61;53m▀[38;2;173;206;196;48;2;173;206;196m▀[38;2;173;206;196;48;2;173;206;196m▀[38;2;173;206;196;48;2;173;206;196m▀[38;2;173;206;196;48;2;173;206;196m▀[38;2;173;206;196;48;2;173;206;196m▀[38;2;48;61;53;48;2;48;61;53m▀[38;2;0;0;0;48;2;0;0;0m▀[0m [0m [0m [0m [0m [0m [0m
[0m [0m [0m [0m [0m [0m [0m [0m [0m [0m [0m [0m [0m [0m [0m [0m [0m [0m [0m [0m [0m [0m [0m [0m [38;2;0;0;0m▀[38;2;0;0;0;48;2;0;0;0m▀[38;2;16;16;16;48;2;48;61;53m▀[38;2;16;16;16;48;2;48;61;53m▀[38;2;16;16;16;48;2;140;167;160m▀[38;2;16;16;16;48;2;57;49;49m▀[38;2;16;16;16;48;2;99;90;90m▀[38;2;57;49;49;48;2;82;74;74m▀[38;2;82;74;74;48;2;82;74;74m▀[38;2;82;74;74;48;2;82;74;74m▀[38;2;82;74;74;48;2;82;74;74m▀[38;2;82;74;74;48;2;82;74;74m▀[38;2;82;74;74;48;2;82;74;74m▀[38;2;16;16;16;48;2;57;49;49m▀[38;2;16;16;16;48;2;16;16;16m▀[38;2;16;16;16;48;2;16;16;16m▀[38;2;16;16;16;48;2;16;16;16m▀[38;2;57;49;49;48;2;16;16;16m▀[38;2;188;15;0;48;2;57;49;49m▀[38;2;188;15;0;48;2;16;16;16m▀[38;2;188;15;0;48;2;16;16;16m▀[38;2;188;15;0;48;2;16;16;16m▀[38;2;16;16;16;48;2;57;49;49m▀[38;2;16;16;16;48;2;0;0;0m▀[38;2;0;0;0m▀[0m [38;2;0;0;0m▄[38;2;0;0;0;48;2;0;0;0m▀[38;2;48;61;53;48;2;48;61;53m▀[38;2;173;206;196;48;2;173;206;196m▀[38;2;173;206;196;48;2;173;206;196m▀[38;2;173;206;196;48;2;173;206;196m▀[38;2;173;206;196;48;2;140;167;160m▀[38;2;173;206;196;48;2;140;167;160m▀[38;2;15;15;15;48;2;15;15;15m▀[38;2;0;0;0;48;2;0;0;0m▀[0m [0m [0m [0m [0m [0m [0m
[0m [0m [0m [0m [0m [0m [38;2;0;0;0m▄[38;2;0;0;0m▄[38;2;0;0;0m▄[38;2;0;0;0m▄[0m [0m [0m [0m [0m [0m [0m [0m [0m [0m [0m [0m [0m [0m [38;2;0;0;0;48;2;0;0;0m▀[38;2;48;61;53;48;2;48;61;53m▀[38;2;140;167;160;48;2;140;167;160m▀[38;2;140;167;160;48;2;140;167;160m▀[38;2;57;49;49;48;2;57;49;49m▀[38;2;82;74;74;48;2;82;74;74m▀[38;2;82;74;74;48;2;82;74;74m▀[38;2;57;49;49;48;2;57;49;49m▀[38;2;57;49;49;48;2;57;49;49m▀[38;2;57;49;49;48;2;57;49;49m▀[38;2;57;49;49;48;2;57;49;49m▀[38;2;82;74;74;48;2;82;74;74m▀[38;2;82;74;74;48;2;82;74;74m▀[38;2;82;74;74;48;2;82;74;74m▀[38;2;57;49;49;48;2;57;49;49m▀[38;2;57;49;49;48;2;57;49;49m▀[38;2;16;16;16;48;2;16;16;16m▀[38;2;16;16;16;48;2;16;16;16m▀[38;2;16;16;16;48;2;16;16;16m▀[38;2;140;167;160;48;2;140;167;160m▀[38;2;48;61;53;48;2;48;61;53m▀[38;2;48;61;53;48;2;48;61;53m▀[38;2;0;0;0;48;2;0;0;0m▀[0m [0m [38;2;0;0;0;48;2;0;0;0m▀[38;2;15;15;15;48;2;15;15;15m▀[38;2;15;15;15;48;2;15;15;15m▀[38;2;173;206;196;48;2;173;206;196m▀[38;2;173;206;196;48;2;173;206;196m▀[38;2;173;206;196;48;2;173;206;196m▀[38;2;173;206;196;48;2;173;206;196m▀[38;2;140;167;160;48;2;140;167;160m▀[38;2;140;167;160;48;2;140;167;160m▀[38;2;15;15;15;48;2;15;15;15m▀[38;2;0;0;0;48;2;0;0;0m▀[0m [0m [0m [0m [0m [0m [0m
[0m [38;2;0;0;0m▄[38;2;0;0;0m▄[38;2;0;0;0m▄[38;2;0;0;0m▄[38;2;0;0;0;48;2;74;93;83m▀[38;2;108;132;122;48;2;173;206;196m▀[38;2;108;132;122;48;2;173;206;196m▀[38;2;74;93;83;48;2;173;206;196m▀[38;2;74;93;83;48;2;173;206;196m▀[38;2;0;0;0;48;2;15;15;15m▀[38;2;0;0;0m▄[0m [0m [0m [0m [0m [0m [0m [0m [38;2;0;0;0m▄[38;2;0;0;0m▄[38;2;0;0;0m▄[38;2;0;0;0;48;2;48;61;53m▀[38;2;0;0;0;48;2;15;15;15m▀[38;2;48;61;53;48;2;140;167;160m▀[38;2;140;167;160;48;2;140;167;160m▀[38;2;140;167;160;48;2;140;167;160m▀[38;2;57;49;49;48;2;15;15;15m▀[38;2;61;52;52;48;2;173;206;196m▀[38;2;57;49;49;48;2;173;206;196m▀[38;2;173;206;196;48;2;173;206;196m▀[38;2;173;206;196;48;2;173;206;196m▀[38;2;173;206;196;48;2;173;206;196m▀[38;2;140;167;160;48;2;173;206;196m▀[38;2;57;49;49;48;2;173;206;196m▀[38;2;57;49;49;48;2;140;167;160m▀[38;2;82;74;74;48;2;57;49;49m▀[38;2;82;74;74;48;2;57;49;49m▀[38;2;82;74;74;48;2;57;49;49m▀[38;2;57;49;49;48;2;15;15;15m▀[38;2;15;15;15;48;2;173;206;196m▀[38;2;15;15;15;48;2;173;206;196m▀[38;2;15;15;15;48;2;173;206;196m▀[38;2;108;132;122;48;2;15;15;15m▀[38;2;108;132;122;48;2;15;15;15m▀[38;2;48;61;53;48;2;48;61;53m▀[38;2;0;0;0;48;2;15;15;15m▀[38;2;0;0;0;48;2;48;61;53m▀[38;2;0;0;0;48;2;74;93;83m▀[38;2;48;61;53;48;2;140;167;160m▀[38;2;48;61;53;48;2;140;167;160m▀[38;2;140;167;160;48;2;140;167;160m▀[38;2;173;206;196;48;2;140;167;160m▀[38;2;173;206;196;48;2;140;167;160m▀[38;2;140;167;160;48;2;140;167;160m▀[38;2;140;167;160;48;2;140;167;160m▀[38;2;140;167;160;48;2;140;167;160m▀[38;2;15;15;15;48;2;48;61;53m▀[38;2;0;0;0;48;2;0;0;0m▀[0m [0m [0m [0m [0m [0m [0m
[38;2;0;0;0;48;2;74;93;83m▀[38;2;108;132;122;48;2;173;206;196m▀[38;2;108;132;122;48;2;173;206;196m▀[38;2;108;132;122;48;2;173;206;196m▀[38;2;74;93;83;48;2;140;167;160m▀[38;2;0;0;0;48;2;74;93;83m▀[38;2;48;61;53;48;2;0;0;0m▀[38;2;173;206;196;48;2;48;61;53m▀[38;2;173;206;196;48;2;108;132;122m▀[38;2;173;206;196;48;2;108;132;122m▀[38;2;74;93;83;48;2;140;167;160m▀[38;2;0;0;0;48;2;15;15;15m▀[38;2;0;0;0m▄[0m [0m [0m [0m [38;2;0;0;0m▄[38;2;0;0;0m▄[38;2;0;0;0;48;2;48;61;53m▀[38;2;48;61;53;48;2;140;167;160m▀[38;2;48;61;53;48;2;140;167;160m▀[38;2;48;61;53;48;2;140;167;160m▀[38;2;140;167;160;48;2;140;167;160m▀[38;2;140;167;160;48;2;140;167;160m▀[38;2;15;15;15;48;2;140;167;160m▀[38;2;15;15;15;48;2;15;15;15m▀[38;2;15;15;15;48;2;15;15;15m▀[38;2;140;167;160;48;2;173;206;196m▀[38;2;208;221;219;48;2;208;221;219m▀[38;2;208;221;219;48;2;208;221;219m▀[38;2;173;206;196;48;2;173;206;196m▀[38;2;173;206;196;48;2;173;206;196m▀[38;2;173;206;196;48;2;173;206;196m▀[38;2;173;206;196;48;2;173;206;196m▀[38;2;173;206;196;48;2;173;206;196m▀[38;2;140;167;160;48;2;140;167;160m▀[38;2;140;167;160;48;2;140;167;160m▀[38;2;15;15;15;48;2;15;15;15m▀[38;2;15;15;15;48;2;15;15;15m▀[38;2;140;167;160;48;2;140;167;160m▀[38;2;173;206;196;48;2;140;167;160m▀[38;2;140;167;160;48;2;15;15;15m▀[38;2;15;15;15;48;2;108;132;122m▀[38;2;108;132;122;48;2;15;15;15m▀[38;2;108;132;122;48;2;15;15;15m▀[38;2;108;132;122;48;2;15;15;15m▀[38;2;15;15;15;48;2;173;206;196m▀[38;2;15;15;15;48;2;173;206;196m▀[38;2;140;167;160;48;2;15;15;15m▀[38;2;140;167;160;48;2;140;167;160m▀[38;2;140;167;160;48;2;140;167;160m▀[38;2;140;167;160;48;2;140;167;160m▀[38;2;140;167;160;48;2;140;167;160m▀[38;2;140;167;160;48;2;140;167;160m▀[38;2;140;167;160;48;2;140;167;160m▀[38;2;48;61;53;48;2;15;15;15m▀[38;2;48;61;53;48;2;15;15;15m▀[38;2;0;0;0;48;2;0;0;0m▀[0m [0m [0m [0m [0m [0m [0m [0m
[38;2;0;0;0m▀[38;2;48;61;53;48;2;0;0;0m▀[38;2;74;93;83;48;2;0;0;0m▀[38;2;74;93;83;48;2;0;0;0m▀[38;2;140;167;160;48;2;74;93;83m▀[38;2;140;167;160;48;2;140;167;160m▀[38;2;48;61;53;48;2;140;167;160m▀[38;2;48;61;53;48;2;74;93;83m▀[38;2;140;167;160;48;2;173;206;196m▀[38;2;140;167;160;48;2;173;206;196m▀[38;2;140;167;160;48;2;173;206;196m▀[38;2;15;15;15;48;2;74;93;83m▀[38;2;0;0;0;48;2;0;0;0m▀[0m [0m [38;2;0;0;0m▄[38;2;0;0;0;48;2;108;132;122m▀[38;2;108;132;122;48;2;173;206;196m▀[38;2;108;132;122;48;2;173;206;196m▀[38;2;108;132;122;48;2;140;167;160m▀[38;2;140;167;160;48;2;15;15;15m▀[38;2;140;167;160;48;2;15;15;15m▀[38;2;140;167;160;48;2;47;60;52m▀[38;2;140;167;160;48;2;47;60;52m▀[38;2;15;15;15;48;2;140;167;160m▀[38;2;15;15;15;48;2;15;15;15m▀[38;2;140;167;160;48;2;74;93;83m▀[38;2;140;167;160;48;2;74;93;83m▀[38;2;173;206;196;48;2;140;167;160m▀[38;2;173;206;196;48;2;173;206;196m▀[38;2;173;206;196;48;2;173;206;196m▀[38;2;173;206;196;48;2;140;167;160m▀[38;2;173;206;196;48;2;74;93;83m▀[38;2;173;206;196;48;2;74;93;83m▀[38;2;74;93;83;48;2;15;15;15m▀[38;2;74;93;83;48;2;15;15;15m▀[38;2;74;93;83;48;2;173;206;196m▀[38;2;15;15;15;48;2;15;15;15m▀[38;2;173;206;196;48;2;173;206;196m▀[38;2;173;206;196;48;2;173;206;196m▀[38;2;140;167;160;48;2;173;206;196m▀[38;2;140;167;160;48;2;74;93;83m▀[38;2;15;15;15;48;2;74;93;83m▀[38;2;15;15;15;48;2;140;167;160m▀[38;2;140;167;160;48;2;140;167;160m▀[38;2;140;167;160;48;2;140;167;160m▀[38;2;173;206;196;48;2;140;167;160m▀[38;2;173;206;196;48;2;140;167;160m▀[38;2;173;206;196;48;2;15;15;15m▀[38;2;173;206;196;48;2;15;15;15m▀[38;2;15;15;15;48;2;15;15;15m▀[38;2;15;15;15;48;2;15;15;15m▀[38;2;140;167;160;48;2;140;167;160m▀[38;2;140;167;160;48;2;140;167;160m▀[38;2;140;167;160;48;2;140;167;160m▀[38;2;140;167;160;48;2;15;15;15m▀[38;2;48;61;53;48;2;0;0;0m▀[38;2;48;61;53;48;2;0;0;0m▀[38;2;0;0;0m▀[0m [0m [0m [0m [0m [0m [0m [0m
[0m [0m [0m [38;2;0;0;0;48;2;0;0;0m▀[38;2;74;93;83;48;2;48;61;53m▀[38;2;140;167;160;48;2;140;167;160m▀[38;2;140;167;160;48;2;108;132;122m▀[38;2;74;93;83;48;2;173;206;196m▀[38;2;173;206;196;48;2;173;206;196m▀[38;2;173;206;196;48;2;173;206;196m▀[38;2;173;206;196;48;2;173;206;196m▀[38;2;74;93;83;48;2;173;206;196m▀[38;2;0;0;0;48;2;15;15;15m▀[38;2;0;0;0;48;2;74;93;83m▀[38;2;0;0;0;48;2;74;93;83m▀[38;2;0;0;0;48;2;74;93;83m▀[38;2;108;132;122;48;2;173;206;196m▀[38;2;173;206;196;48;2;173;206;196m▀[38;2;173;206;196;48;2;173;206;196m▀[38;2;140;167;160;48;2;173;206;196m▀[38;2;15;15;15;48;2;15;15;15m▀[38;2;15;15;15;48;2;15;15;15m▀[38;2;47;60;52;48;2;140;167;160m▀[38;2;47;60;52;48;2;140;167;160m▀[38;2;140;167;160;48;2;140;167;160m▀[38;2;15;15;15;48;2;15;15;15m▀[38;2;74;93;83;48;2;15;15;15m▀[38;2;74;93;83;48;2;15;15;15m▀[38;2;140;167;160;48;2;140;167;160m▀[38;2;173;206;196;48;2;140;167;160m▀[38;2;173;206;196;48;2;140;167;160m▀[38;2;140;167;160;48;2;74;93;83m▀[38;2;74;93;83;48;2;15;15;15m▀[38;2;74;93;83;48;2;15;15;15m▀[38;2;15;15;15;48;2;74;93;83m▀[38;2;15;15;15;48;2;173;206;196m▀[38;2;173;206;196;48;2;173;206;196m▀[38;2;15;15;15;48;2;15;15;15m▀[38;2;173;206;196;48;2;173;206;196m▀[38;2;173;206;196;48;2;173;206;196m▀[38;2;173;206;196;48;2;173;206;196m▀[38;2;74;93;83;48;2;140;167;160m▀[38;2;74;93;83;48;2;140;167;160m▀[38;2;140;167;160;48;2;140;167;160m▀[38;2;140;167;160;48;2;74;93;83m▀[38;2;140;167;160;48;2;74;93;83m▀[38;2;140;167;160;48;2;140;167;160m▀[38;2;140;167;160;48;2;15;15;15m▀[38;2;15;15;15;48;2;140;167;160m▀[38;2;15;15;15;48;2;140;167;160m▀[38;2;15;15;15;48;2;48;61;53m▀[38;2;15;15;15;48;2;48;61;53m▀[38;2;140;167;160;48;2;140;167;160m▀[38;2;140;167;160;48;2;140;167;160m▀[38;2;140;167;160;48;2;140;167;160m▀[38;2;15;15;15;48;2;48;61;53m▀[38;2;0;0;0;48;2;0;0;0m▀[0m [0m [0m [0m [0m [0m [0m [0m [0m [0m
[0m [0m [0m [0m [38;2;0;0;0;48;2;0;0;0m▀[38;2;15;15;15;48;2;15;15;15m▀[38;2;173;206;196;48;2;140;167;160m▀[38;2;173;206;196;48;2;173;206;196m▀[38;2;173;206;196;48;2;173;206;196m▀[38;2;173;206;196;48;2;173;206;196m▀[38;2;173;206;196;48;2;173;206;196m▀[38;2;173;206;196;48;2;173;206;196m▀[38;2;15;15;15;48;2;74;93;83m▀[38;2;140;167;160;48;2;140;167;160m▀[38;2;173;206;196;48;2;140;167;160m▀[38;2;173;206;196;48;2;140;167;160m▀[38;2;173;206;196;48;2;140;167;160m▀[38;2;173;206;196;48;2;140;167;160m▀[38;2;140;167;160;48;2;140;167;160m▀[38;2;140;167;160;48;2;140;167;160m▀[38;2;140;167;160;48;2;140;167;160m▀[38;2;140;167;160;48;2;140;167;160m▀[38;2;74;93;83;48;2;48;61;53m▀[38;2;140;167;160;48;2;15;15;15m▀[38;2;140;167;160;48;2;140;167;160m▀[38;2;15;15;15;48;2;140;167;160m▀[38;2;15;15;15;48;2;15;15;15m▀[38;2;15;15;15;48;2;15;15;15m▀[38;2;140;167;160;48;2;140;167;160m▀[38;2;140;167;160;48;2;140;167;160m▀[38;2;140;167;160;48;2;140;167;160m▀[38;2;15;15;15;48;2;15;15;15m▀[38;2;15;15;15;48;2;15;15;15m▀[38;2;15;15;15;48;2;15;15;15m▀[38;2;173;206;196;48;2;173;206;196m▀[38;2;173;206;196;48;2;173;206;196m▀[38;2;173;206;196;48;2;173;206;196m▀[38;2;15;15;15;48;2;74;93;83m▀[38;2;173;206;196;48;2;173;206;196m▀[38;2;173;206;196;48;2;173;206;196m▀[38;2;173;206;196;48;2;173;206;196m▀[38;2;140;167;160;48;2;140;167;160m▀[38;2;140;167;160;48;2;140;167;160m▀[38;2;140;167;160;48;2;140;167;160m▀[38;2;140;167;160;48;2;140;167;160m▀[38;2;140;167;160;48;2;140;167;160m▀[38;2;15;15;15;48;2;15;15;15m▀[38;2;140;167;160;48;2;140;167;160m▀[38;2;140;167;160;48;2;140;167;160m▀[38;2;140;167;160;48;2;140;167;160m▀[38;2;140;167;160;48;2;140;167;160m▀[38;2;140;167;160;48;2;140;167;160m▀[38;2;48;61;53;48;2;48;61;53m▀[38;2;140;167;160;48;2;15;15;15m▀[38;2;15;15;15;48;2;0;0;0m▀[38;2;0;0;0m▀[0m [0m [0m [0m [0m [0m [0m [0m [0m [0m [0m
[0m [0m [0m [0m [0m [38;2;0;0;0;48;2;0;0;0m▀[38;2;74;93;83;48;2;15;15;15m▀[38;2;173;206;196;48;2;173;206;196m▀[38;2;173;206;196;48;2;173;206;196m▀[38;2;173;206;196;48;2;173;206;196m▀[38;2;173;206;196;48;2;173;206;196m▀[38;2;173;206;196;48;2;173;206;196m▀[38;2;108;132;122;48;2;140;167;160m▀[38;2;140;167;160;48;2;108;132;122m▀[38;2;140;167;160;48;2;140;167;160m▀[38;2;140;167;160;48;2;140;167;160m▀[38;2;140;167;160;48;2;140;167;160m▀[38;2;140;167;160;48;2;140;167;160m▀[38;2;140;167;160;48;2;140;167;160m▀[38;2;140;167;160;48;2;15;15;15m▀[38;2;140;167;160;48;2;15;15;15m▀[38;2;140;167;160;48;2;15;15;15m▀[38;2;15;15;15;48;2;0;0;0m▀[38;2;0;0;0m▀[38;2;15;15;15;48;2;0;0;0m▀[38;2;15;15;15;48;2;0;0;0m▀[38;2;15;15;15;48;2;0;0;0m▀[38;2;15;15;15;48;2;0;0;0m▀[38;2;15;15;15;48;2;0;0;0m▀[38;2;140;167;160;48;2;15;15;15m▀[38;2;140;167;160;48;2;15;15;15m▀[38;2;108;132;122;48;2;15;15;15m▀[38;2;15;15;15;48;2;15;15;15m▀[38;2;15;15;15;48;2;15;15;15m▀[38;2;140;167;160;48;2;74;93;83m▀[38;2;173;206;196;48;2;140;167;160m▀[38;2;15;15;15;48;2;15;15;15m▀[38;2;173;206;196;48;2;173;206;196m▀[38;2;173;206;196;48;2;173;206;196m▀[38;2;173;206;196;48;2;173;206;196m▀[38;2;173;206;196;48;2;140;167;160m▀[38;2;140;167;160;48;2;140;167;160m▀[38;2;140;167;160;48;2;140;167;160m▀[38;2;140;167;160;48;2;140;167;160m▀[38;2;15;15;15;48;2;15;15;15m▀[38;2;15;15;15;48;2;15;15;15m▀[38;2;108;132;122;48;2;108;132;122m▀[38;2;74;93;83;48;2;15;15;15m▀[38;2;74;93;83;48;2;140;167;160m▀[38;2;140;167;160;48;2;48;61;53m▀[38;2;74;93;83;48;2;140;167;160m▀[38;2;74;93;83;48;2;140;167;160m▀[38;2;74;93;83;48;2;140;167;160m▀[38;2;0;0;0;48;2;48;61;53m▀[38;2;0;0;0m▄[0m [0m [0m [0m [0m [0m [0m [0m [0m [0m [0m [0m
[0m [0m [0m [0m [0m [38;2;0;0;0m▀[38;2;15;15;15;48;2;0;0;0m▀[38;2;173;206;196;48;2;15;15;15m▀[38;2;173;206;196;48;2;108;132;122m▀[38;2;173;206;196;48;2;108;132;122m▀[38;2;173;206;196;48;2;140;167;160m▀[38;2;173;206;196;48;2;173;206;196m▀[38;2;140;167;160;48;2;140;167;160m▀[38;2;108;132;122;48;2;15;15;15m▀[38;2;140;167;160;48;2;15;15;15m▀[38;2;140;167;160;48;2;15;15;15m▀[38;2;140;167;160;48;2;15;15;15m▀[38;2;140;167;160;48;2;15;15;15m▀[38;2;140;167;160;48;2;15;15;15m▀[38;2;15;15;15;48;2;0;0;0m▀[38;2;15;15;15;48;2;0;0;0m▀[38;2;15;15;15;48;2;0;0;0m▀[38;2;0;0;0m▀[0m [0m [0m [0m [0m [38;2;0;0;0m▀[38;2;15;15;15;48;2;0;0;0m▀[38;2;15;15;15;48;2;0;0;0m▀[38;2;15;15;15;48;2;0;0;0m▀[38;2;15;15;15;48;2;0;0;0m▀[38;2;15;15;15;48;2;0;0;0m▀[38;2;74;93;83;48;2;15;15;15m▀[38;2;140;167;160;48;2;140;167;160m▀[38;2;15;15;15;48;2;15;15;15m▀[38;2;173;206;196;48;2;173;206;196m▀[38;2;173;206;196;48;2;173;206;196m▀[38;2;173;206;196;48;2;173;206;196m▀[38;2;140;167;160;48;2;140;167;160m▀[38;2;140;167;160;48;2;140;167;160m▀[38;2;140;167;160;48;2;140;167;160m▀[38;2;140;167;160;48;2;140;167;160m▀[38;2;15;15;15;48;2;15;15;15m▀[38;2;15;15;15;48;2;15;15;15m▀[38;2;108;132;122;48;2;15;15;15m▀[38;2;15;15;15;48;2;15;15;15m▀[38;2;140;167;160;48;2;140;167;160m▀[38;2;48;61;53;48;2;140;167;160m▀[38;2;140;167;160;48;2;15;15;15m▀[38;2;140;167;160;48;2;15;15;15m▀[38;2;140;167;160;48;2;15;15;15m▀[38;2;48;61;53;48;2;15;15;15m▀[38;2;0;0;0;48;2;0;0;0m▀[0m [0m [0m [0m [0m [0m [0m [0m [0m [0m [0m [0m
[0m [0m [0m [0m [0m [38;2;0;0;0m▄[38;2;0;0;0;48;2;74;93;83m▀[38;2;74;93;83;48;2;173;206;196m▀[38;2;173;206;196;48;2;173;206;196m▀[38;2;173;206;196;48;2;173;206;196m▀[38;2;173;206;196;48;2;173;206;196m▀[38;2;140;167;160;48;2;140;167;160m▀[38;2;74;93;83;48;2;15;15;15m▀[38;2;15;15;15;48;2;0;0;0m▀[38;2;0;0;0m▀[38;2;0;0;0m▀[38;2;0;0;0m▀[38;2;0;0;0m▀[38;2;0;0;0m▀[0m [0m [0m [0m [0m [0m [0m [0m [0m [0m [0m [0m [0m [0m [0m [38;2;0;0;0m▀[38;2;15;15;15;48;2;0;0;0m▀[38;2;15;15;15;48;2;48;61;53m▀[38;2;173;206;196;48;2;140;167;160m▀[38;2;140;167;160;48;2;140;167;160m▀[38;2;140;167;160;48;2;140;167;160m▀[38;2;140;167;160;48;2;140;167;160m▀[38;2;140;167;160;48;2;140;167;160m▀[38;2;140;167;160;48;2;140;167;160m▀[38;2;15;15;15;48;2;15;15;15m▀[38;2;0;0;0;48;2;0;0;0m▀[38;2;0;0;0m▀[38;2;0;0;0m▀[38;2;0;0;0m▀[38;2;15;15;15;48;2;0;0;0m▀[38;2;15;15;15;48;2;0;0;0m▀[38;2;0;0;0m▀[38;2;0;0;0m▀[38;2;0;0;0m▀[38;2;0;0;0m▀[0m [0m [0m [0m [0m [0m [0m [0m [0m [0m [0m [0m [0m
[0m [0m [0m [0m [38;2;0;0;0m▀[38;2;74;93;83;48;2;0;0;0m▀[38;2;173;206;196;48;2;15;15;15m▀[38;2;173;206;196;48;2;15;15;15m▀[38;2;173;206;196;48;2;15;15;15m▀[38;2;173;206;196;48;2;15;15;15m▀[38;2;74;93;83;48;2;0;0;0m▀[38;2;15;15;15;48;2;0;0;0m▀[38;2;0;0;0m▀[0m [0m [0m [0m [0m [0m [0m [0m [0m [0m [0m [0m [0m [0m [0m [0m [0m [0m [0m [0m [0m [0m [0m [38;2;0;0;0;48;2;0;0;0m▀[38;2;15;15;15;48;2;15;15;15m▀[38;2;140;167;160;48;2;74;93;83m▀[38;2;140;167;160;48;2;74;93;83m▀[38;2;74;93;83;48;2;173;206;196m▀[38;2;140;167;160;48;2;173;206;196m▀[38;2;74;93;83;48;2;48;61;53m▀[38;2;15;15;15;48;2;0;0;0m▀[38;2;0;0;0m▀[0m [0m [0m [0m [0m [0m [0m [0m [0m [0m [0m [0m [0m [0m [0m [0m [0m [0m [0m [0m [0m [0m
[0m [0m [0m [0m [0m [0m [38;2;0;0;0m▀[38;2;0;0;0m▀[38;2;0;0;0m▀[38;2;0;0;0m▀[0m [0m [0m [0m [0m [0m [0m [0m [0m [0m [0m [0m [0m [0m [0m [0m [0m [0m [0m [0m [0m [0m [0m [0m [0m [0m [0m [38;2;0;0;0;48;2;0;0;0m▀[38;2;15;15;15;48;2;15;15;15m▀[38;2;15;15;15;48;2;15;15;15m▀[38;2;173;206;196;48;2;173;206;196m▀[38;2;173;206;196;48;2;173;206;196m▀[38;2;173;206;196;48;2;173;206;196m▀[38;2;15;15;15;48;2;15;15;15m▀[38;2;0;0;0;48;2;0;0;0m▀[0m [0m [0m [0m [0m [0m [0m [0m [0m [0m [0m [0m [0m [0m [0m [0m [0m [0m [0m [0m [0m [0m
[0m [0m [0m [0m [0m [0m [0m [0m [0m [0m [0m [0m [0m [0m [0m [0m [0m [0m [0m [0m [0m [0m [0m [0m [0m [0m [0m [0m [0m [0m [0m [0m [0m [0m [0m [0m [0m [0m [38;2;0;0;0m▀[38;2;0;0;0m▀[38;2;15;15;15;48;2;0;0;0m▀[38;2;140;167;160;48;2;15;15;15m▀[38;2;173;206;196;48;2;15;15;15m▀[38;2;15;15;15;48;2;15;15;15m▀[38;2;0;0;0;48;2;0;0;0m▀[0m [0m [0m [0m [0m [0m [0m [0m [0m [0m [0m [0m [0m [0m [0m [0m [0m [0m [0m [0m [0m [0m
