      [38;2;0;0;0m▄[38;2;0;0;0m▄   [38;2;0;0;0m▄[38;2;0;0;0m[48;2;255;156;148m▀[0m[38;2;0;0;0m[48;2;197;115;107m▀[0m[38;2;0;0;0m[48;2;255;156;148m▀[0m[38;2;0;0;0m▄        
    [38;2;0;0;0m▄[38;2;0;0;0m[48;2;255;156;148m▀[0m[38;2;255;156;148m[48;2;247;247;41m▀[0m[38;2;197;115;107m[48;2;247;247;41m▀[0m[38;2;0;0;0m[48;2;255;206;197m▀[0m[38;2;0;0;0m▄[38;2;0;0;0m[48;2;65;65;65m▀[0m[38;2;255;156;148m[48;2;65;65;65m▀[0m[38;2;255;206;197m[48;2;255;206;197m▀[0m[38;2;197;115;107m[48;2;255;206;197m▀[0m[38;2;255;206;197m[48;2;197;115;107m▀[0m[38;2;255;156;148m[48;2;197;115;107m▀[0m[38;2;0;0;0m[48;2;0;0;0m▀[0m  [38;2;0;0;0m▄[38;2;0;0;0m▄   
   [38;2;0;0;0m▄[38;2;0;0;0m[48;2;255;156;148m▀[0m[38;2;197;115;107m[48;2;255;156;148m▀[0m[38;2;247;247;41m[48;2;197;115;107m▀[0m[38;2;247;247;41m[48;2;65;65;65m▀[0m[38;2;65;65;65m[48;2;255;206;197m▀[0m[38;2;255;206;197m[48;2;255;206;197m▀[0m[38;2;255;206;197m[48;2;255;206;197m▀[0m[38;2;255;206;197m[48;2;255;206;197m▀[0m[38;2;65;65;65m[48;2;255;206;197m▀[0m[38;2;255;206;197m[48;2;65;65;65m▀[0m[38;2;197;115;107m[48;2;255;156;148m▀[0m[38;2;255;156;148m[48;2;255;156;148m▀[0m[38;2;197;115;107m[48;2;255;156;148m▀[0m[38;2;0;0;0m[48;2;65;65;65m▀[0m[38;2;0;0;0m[48;2;255;206;197m▀[0m[38;2;255;206;197m[48;2;255;206;197m▀[0m[38;2;255;206;197m[48;2;255;206;197m▀[0m[38;2;0;0;0m[48;2;255;156;148m▀[0m[38;2;0;0;0m▄ 
  [38;2;0;0;0m▄[38;2;0;0;0m[48;2;255;206;197m▀[0m[38;2;65;65;65m[48;2;255;206;197m▀[0m[38;2;255;156;148m[48;2;65;65;65m▀[0m[38;2;65;65;65m[48;2;65;65;65m▀[0m[38;2;255;255;255m[48;2;0;0;0m▀[0m[38;2;255;206;197m[48;2;255;206;197m▀[0m[38;2;255;206;197m[48;2;197;115;107m▀[0m[38;2;197;115;107m[48;2;255;255;255m▀[0m[38;2;197;115;107m[48;2;255;255;255m▀[0m[38;2;255;206;197m[48;2;255;206;197m▀[0m[38;2;65;65;65m[48;2;255;206;197m▀[0m[38;2;255;156;148m[48;2;65;65;65m▀[0m[38;2;255;156;148m[48;2;255;156;148m▀[0m[38;2;65;65;65m[48;2;65;65;65m▀[0m[38;2;197;115;107m[48;2;255;206;197m▀[0m[38;2;255;206;197m[48;2;255;206;197m▀[0m[38;2;197;115;107m[48;2;255;255;255m▀[0m[38;2;197;115;107m[48;2;0;0;0m▀[0m[38;2;255;206;197m[48;2;255;255;255m▀[0m[38;2;0;0;0m[48;2;255;156;148m▀[0m[38;2;0;0;0m▄
 [38;2;0;0;0m[48;2;0;0;0m▀[0m[38;2;255;156;148m[48;2;255;206;197m▀[0m[38;2;255;206;197m[48;2;255;206;197m▀[0m[38;2;255;206;197m[48;2;197;115;107m▀[0m[38;2;255;206;197m[48;2;197;115;107m▀[0m[38;2;65;65;65m[48;2;65;65;65m▀[0m[38;2;255;206;197m[48;2;255;156;148m▀[0m[38;2;255;206;197m[48;2;255;206;197m▀[0m[38;2;255;156;148m[48;2;255;206;197m▀[0m[38;2;0;0;0m[48;2;255;206;197m▀[0m[38;2;255;255;255m[48;2;255;206;197m▀[0m[38;2;255;206;197m[48;2;255;156;148m▀[0m[38;2;255;156;148m[48;2;255;156;148m▀[0m[38;2;65;65;65m[48;2;65;65;65m▀[0m[38;2;197;115;107m[48;2;65;65;65m▀[0m[38;2;65;65;65m[48;2;197;115;107m▀[0m[38;2;65;65;65m[48;2;255;206;197m▀[0m[38;2;255;206;197m[48;2;65;65;65m▀[0m[38;2;255;206;197m[48;2;255;156;148m▀[0m[38;2;255;206;197m[48;2;255;156;148m▀[0m[38;2;255;156;148m[48;2;255;156;148m▀[0m[38;2;255;156;148m[48;2;0;0;0m▀[0m[38;2;0;0;0m▀
[38;2;0;0;0m[48;2;0;0;0m▀[0m[38;2;197;115;107m[48;2;255;156;148m▀[0m[38;2;255;206;197m[48;2;255;156;148m▀[0m[38;2;197;115;107m[48;2;255;156;148m▀[0m[38;2;65;65;65m[48;2;255;156;148m▀[0m[38;2;255;255;255m[48;2;255;156;148m▀[0m[38;2;255;156;148m[48;2;255;156;148m▀[0m[38;2;65;65;65m[48;2;65;65;65m▀[0m[38;2;197;115;107m[48;2;255;156;148m▀[0m[38;2;65;65;65m[48;2;255;156;148m▀[0m[38;2;65;65;65m[48;2;255;156;148m▀[0m[38;2;255;156;148m[48;2;255;156;148m▀[0m[38;2;255;156;148m[48;2;255;156;148m▀[0m[38;2;65;65;65m[48;2;65;65;65m▀[0m[38;2;255;206;197m[48;2;255;206;197m▀[0m[38;2;255;206;197m[48;2;255;206;197m▀[0m[38;2;197;115;107m[48;2;255;206;197m▀[0m[38;2;255;206;197m[48;2;197;115;107m▀[0m[38;2;197;115;107m[48;2;255;206;197m▀[0m[38;2;65;65;65m[48;2;65;65;65m▀[0m[38;2;255;156;148m[48;2;0;0;0m▀[0m[38;2;197;115;107m[48;2;0;0;0m▀[0m[38;2;0;0;0m▀ 
[38;2;0;0;0m▀[38;2;197;115;107m[48;2;0;0;0m▀[0m[38;2;255;156;148m[48;2;197;115;107m▀[0m[38;2;65;65;65m[48;2;255;156;148m▀[0m[38;2;65;65;65m[48;2;255;156;148m▀[0m[38;2;255;156;148m[48;2;197;115;107m▀[0m[38;2;197;115;107m[48;2;0;0;0m▀[0m[38;2;0;0;0m▀[38;2;0;0;0m▀[38;2;255;156;148m[48;2;0;0;0m▀[0m[38;2;255;156;148m[48;2;0;0;0m▀[0m[38;2;255;156;148m[48;2;0;0;0m▀[0m[38;2;65;65;65m[48;2;65;65;65m▀[0m[38;2;255;206;197m[48;2;255;156;148m▀[0m[38;2;255;206;197m[48;2;255;206;197m▀[0m[38;2;255;206;197m[48;2;255;156;148m▀[0m[38;2;197;115;107m[48;2;255;255;255m▀[0m[38;2;197;115;107m[48;2;0;0;0m▀[0m[38;2;197;115;107m[48;2;255;255;255m▀[0m[38;2;255;156;148m[48;2;255;156;148m▀[0m[38;2;0;0;0m[48;2;0;0;0m▀[0m   
  [38;2;0;0;0m▀[38;2;0;0;0m▀[38;2;0;0;0m▀[38;2;0;0;0m▀      [38;2;0;0;0m[48;2;0;0;0m▀[0m[38;2;255;156;148m[48;2;197;115;107m▀[0m[38;2;197;115;107m[48;2;255;156;148m▀[0m[38;2;255;156;148m[48;2;65;65;65m▀[0m[38;2;255;156;148m[48;2;65;65;65m▀[0m[38;2;255;156;148m[48;2;255;156;148m▀[0m[38;2;255;156;148m[48;2;197;115;107m▀[0m[38;2;0;0;0m[48;2;0;0;0m▀[0m    
             [38;2;0;0;0m▀[38;2;197;115;107m[48;2;0;0;0m▀[0m[38;2;255;156;148m[48;2;0;0;0m▀[0m[38;2;255;156;148m[48;2;0;0;0m▀[0m[38;2;197;115;107m[48;2;0;0;0m▀[0m[38;2;0;0;0m▀     
[0m
