               [38;2;0;0;0m▄[38;2;0;0;0m[48;2;213;180;156m▀[0m[38;2;0;0;0m[48;2;213;180;156m▀[0m[38;2;0;0;0m▄               
             [38;2;0;0;0m▄[38;2;0;0;0m[48;2;180;148;139m▀[0m[38;2;65;65;65m[48;2;139;90;90m▀[0m[38;2;213;180;156m[48;2;213;180;156m▀[0m[38;2;213;180;156m[48;2;213;180;156m▀[0m[38;2;0;0;0m[48;2;0;0;0m▀[0m [38;2;0;0;0m▄[38;2;0;0;0m[48;2;213;180;156m▀[0m[38;2;0;0;0m[48;2;213;180;156m▀[0m[38;2;0;0;0m▄          
            [38;2;0;0;0m▄[38;2;0;0;0m[48;2;180;148;139m▀[0m[38;2;180;148;139m[48;2;139;90;90m▀[0m[38;2;139;90;90m[48;2;213;180;156m▀[0m[38;2;213;180;156m[48;2;213;180;156m▀[0m[38;2;213;180;156m[48;2;213;180;156m▀[0m[38;2;0;0;0m[48;2;139;90;90m▀[0m[38;2;0;0;0m▄[38;2;0;0;0m[48;2;139;90;90m▀[0m[38;2;213;180;156m[48;2;213;180;156m▀[0m[38;2;213;180;156m[48;2;213;180;156m▀[0m[38;2;0;0;0m[48;2;0;0;0m▀[0m [38;2;0;0;0m▄[38;2;0;0;0m▄       
            [38;2;0;0;0m[48;2;0;0;0m▀[0m[38;2;180;148;139m[48;2;180;148;139m▀[0m[38;2;139;90;90m[48;2;139;90;90m▀[0m[38;2;213;180;156m[48;2;213;180;156m▀[0m[38;2;213;180;156m[48;2;213;180;156m▀[0m[38;2;213;180;156m[48;2;213;180;156m▀[0m[38;2;139;90;90m[48;2;139;90;90m▀[0m[38;2;65;65;65m[48;2;65;65;65m▀[0m[38;2;213;180;156m[48;2;213;180;156m▀[0m[38;2;213;180;156m[48;2;213;180;156m▀[0m[38;2;213;180;156m[48;2;0;0;0m▀[0m[38;2;0;0;0m▀[38;2;0;0;0m[48;2;0;0;0m▀[0m[38;2;180;148;139m[48;2;180;148;139m▀[0m[38;2;180;148;139m[48;2;180;148;139m▀[0m[38;2;0;0;0m[48;2;0;0;0m▀[0m      
           [38;2;0;0;0m▄[38;2;0;0;0m[48;2;180;148;139m▀[0m[38;2;180;148;139m[48;2;139;90;90m▀[0m[38;2;139;90;90m[48;2;213;180;156m▀[0m[38;2;213;180;156m[48;2;213;180;156m▀[0m[38;2;213;180;156m[48;2;213;180;156m▀[0m[38;2;213;180;156m[48;2;213;180;156m▀[0m[38;2;139;90;90m[48;2;180;148;139m▀[0m[38;2;213;180;156m[48;2;213;180;156m▀[0m[38;2;213;180;156m[48;2;213;180;156m▀[0m[38;2;213;180;156m[48;2;213;180;156m▀[0m[38;2;0;0;0m[48;2;65;65;65m▀[0m[38;2;0;0;0m[48;2;180;148;139m▀[0m[38;2;180;148;139m[48;2;180;148;139m▀[0m[38;2;180;148;139m[48;2;180;148;139m▀[0m[38;2;0;0;0m[48;2;0;0;0m▀[0m       
         [38;2;0;0;0m▄[38;2;0;0;0m▄[38;2;0;0;0m[48;2;65;65;65m▀[0m[38;2;180;148;139m[48;2;213;180;156m▀[0m[38;2;213;180;156m[48;2;213;180;156m▀[0m[38;2;213;180;156m[48;2;213;180;156m▀[0m[38;2;213;180;156m[48;2;213;180;156m▀[0m[38;2;213;180;156m[48;2;213;180;156m▀[0m[38;2;213;180;156m[48;2;213;180;156m▀[0m[38;2;213;180;156m[48;2;213;180;156m▀[0m[38;2;213;180;156m[48;2;213;180;156m▀[0m[38;2;213;180;156m[48;2;213;180;156m▀[0m[38;2;213;180;156m[48;2;180;148;139m▀[0m[38;2;180;148;139m[48;2;180;148;139m▀[0m[38;2;180;148;139m[48;2;180;148;139m▀[0m[38;2;180;148;139m[48;2;180;148;139m▀[0m[38;2;0;0;0m[48;2;0;0;0m▀[0m        
        [38;2;0;0;0m[48;2;0;0;0m▀[0m[38;2;180;148;139m[48;2;180;148;139m▀[0m[38;2;180;148;139m[48;2;180;148;139m▀[0m[38;2;65;65;65m[48;2;65;65;65m▀[0m[38;2;213;180;156m[48;2;213;180;156m▀[0m[38;2;213;180;156m[48;2;213;180;156m▀[0m[38;2;213;180;156m[48;2;213;180;156m▀[0m[38;2;213;180;156m[48;2;213;180;156m▀[0m[38;2;213;180;156m[48;2;213;180;156m▀[0m[38;2;213;180;156m[48;2;213;180;156m▀[0m[38;2;213;180;156m[48;2;213;180;156m▀[0m[38;2;213;180;156m[48;2;82;90;106m▀[0m[38;2;82;90;106m[48;2;139;90;90m▀[0m[38;2;180;148;139m[48;2;180;148;139m▀[0m[38;2;180;148;139m[48;2;180;148;139m▀[0m[38;2;180;148;139m[48;2;180;148;139m▀[0m[38;2;0;0;0m[48;2;65;65;65m▀[0m[38;2;0;0;0m▄        
    [38;2;0;0;0m▄[38;2;0;0;0m▄[38;2;0;0;0m▄  [38;2;0;0;0m▀[38;2;180;148;139m[48;2;0;0;0m▀[0m[38;2;65;65;65m[48;2;65;65;65m▀[0m[38;2;213;180;156m[48;2;213;180;156m▀[0m[38;2;213;180;156m[48;2;213;180;156m▀[0m[38;2;213;180;156m[48;2;213;180;156m▀[0m[38;2;213;180;156m[48;2;213;180;156m▀[0m[38;2;213;180;156m[48;2;255;255;255m▀[0m[38;2;65;65;65m[48;2;0;0;0m▀[0m[38;2;82;90;106m[48;2;255;255;255m▀[0m[38;2;255;255;255m[48;2;255;255;255m▀[0m[38;2;139;90;90m[48;2;139;90;90m▀[0m[38;2;180;148;139m[48;2;180;148;139m▀[0m[38;2;180;148;139m[48;2;180;148;139m▀[0m[38;2;65;65;65m[48;2;65;65;65m▀[0m[38;2;164;156;222m[48;2;65;65;65m▀[0m[38;2;65;65;65m[48;2;180;148;139m▀[0m[38;2;0;0;0m[48;2;180;148;139m▀[0m[38;2;0;0;0m[48;2;213;180;156m▀[0m[38;2;0;0;0m▄[38;2;0;0;0m▄[38;2;0;0;0m▄   
 [38;2;0;0;0m▄[38;2;0;0;0m[48;2;189;57;90m▀[0m[38;2;0;0;0m[48;2;255;98;65m▀[0m[38;2;255;98;65m[48;2;255;98;65m▀[0m[38;2;189;57;90m[48;2;255;98;65m▀[0m[38;2;189;57;90m[48;2;65;65;65m▀[0m[38;2;0;0;0m[48;2;189;57;90m▀[0m[38;2;0;0;0m[48;2;189;57;90m▀[0m[38;2;0;0;0m▄[38;2;0;0;0m▄[38;2;0;0;0m▀[38;2;65;65;65m[48;2;0;0;0m▀[0m[38;2;213;180;156m[48;2;180;148;139m▀[0m[38;2;213;180;156m[48;2;180;148;139m▀[0m[38;2;180;148;139m[48;2;180;148;139m▀[0m[38;2;0;0;0m[48;2;180;148;139m▀[0m[38;2;65;65;65m[48;2;180;148;139m▀[0m[38;2;255;255;255m[48;2;180;148;139m▀[0m[38;2;255;255;255m[48;2;180;148;139m▀[0m[38;2;180;148;139m[48;2;180;148;139m▀[0m[38;2;180;148;139m[48;2;65;65;65m▀[0m[38;2;65;65;65m[48;2;65;65;65m▀[0m[38;2;180;148;139m[48;2;65;65;65m▀[0m[38;2;180;148;139m[48;2;65;65;65m▀[0m[38;2;180;148;139m[48;2;213;180;156m▀[0m[38;2;213;180;156m[48;2;213;180;156m▀[0m[38;2;213;180;156m[48;2;213;180;156m▀[0m[38;2;213;180;156m[48;2;213;180;156m▀[0m[38;2;213;180;156m[48;2;213;180;156m▀[0m[38;2;213;180;156m[48;2;213;180;156m▀[0m[38;2;0;0;0m[48;2;213;180;156m▀[0m[38;2;0;0;0m[48;2;213;180;156m▀[0m[38;2;0;0;0m▄
[38;2;0;0;0m[48;2;0;0;0m▀[0m[38;2;189;57;90m[48;2;255;98;65m▀[0m[38;2;255;98;65m[48;2;255;98;65m▀[0m[38;2;255;98;65m[48;2;255;98;65m▀[0m[38;2;255;98;65m[48;2;255;98;65m▀[0m[38;2;255;98;65m[48;2;189;57;90m▀[0m[38;2;189;57;90m[48;2;189;57;90m▀[0m[38;2;65;65;65m[48;2;65;65;65m▀[0m[38;2;189;57;90m[48;2;255;98;65m▀[0m[38;2;189;57;90m[48;2;189;57;90m▀[0m[38;2;65;65;65m[48;2;65;65;65m▀[0m[38;2;0;0;0m[48;2;180;148;139m▀[0m[38;2;180;148;139m[48;2;180;148;139m▀[0m[38;2;65;65;65m[48;2;0;0;0m▀[0m[38;2;180;148;139m[48;2;0;0;0m▀[0m[38;2;139;90;90m[48;2;65;65;65m▀[0m[38;2;139;90;90m[48;2;180;148;139m▀[0m[38;2;139;90;90m[48;2;180;148;139m▀[0m[38;2;180;148;139m[48;2;139;90;90m▀[0m[38;2;180;148;139m[48;2;65;65;65m▀[0m[38;2;65;65;65m[48;2;189;57;90m▀[0m[38;2;189;57;90m[48;2;255;98;65m▀[0m[38;2;255;98;65m[48;2;255;98;65m▀[0m[38;2;255;98;65m[48;2;255;98;65m▀[0m[38;2;189;57;90m[48;2;255;98;65m▀[0m[38;2;65;65;65m[48;2;189;57;90m▀[0m[38;2;213;180;156m[48;2;65;65;65m▀[0m[38;2;213;180;156m[48;2;213;180;156m▀[0m[38;2;213;180;156m[48;2;65;65;65m▀[0m[38;2;213;180;156m[48;2;65;65;65m▀[0m[38;2;65;65;65m[48;2;139;90;90m▀[0m[38;2;65;65;65m[48;2;139;90;90m▀[0m[38;2;65;65;65m[48;2;0;0;0m▀[0m[38;2;0;0;0m▀
[38;2;0;0;0m[48;2;0;0;0m▀[0m[38;2;255;98;65m[48;2;189;57;90m▀[0m[38;2;255;98;65m[48;2;189;57;90m▀[0m[38;2;255;98;65m[48;2;189;57;90m▀[0m[38;2;189;57;90m[48;2;189;57;90m▀[0m[38;2;189;57;90m[48;2;65;65;65m▀[0m[38;2;65;65;65m[48;2;255;98;65m▀[0m[38;2;255;98;65m[48;2;255;98;65m▀[0m[38;2;255;98;65m[48;2;0;0;0m▀[0m[38;2;0;0;0m[48;2;0;0;0m▀[0m[38;2;180;148;139m[48;2;0;0;0m▀[0m[38;2;0;0;0m▀[38;2;0;0;0m▀  [38;2;0;0;0m▀[38;2;0;0;0m[48;2;0;0;0m▀[0m[38;2;65;65;65m[48;2;164;156;222m▀[0m[38;2;65;65;65m[48;2;65;65;65m▀[0m[38;2;189;57;90m[48;2;189;57;90m▀[0m[38;2;255;98;65m[48;2;255;98;65m▀[0m[38;2;255;98;65m[48;2;255;98;65m▀[0m[38;2;255;98;65m[48;2;255;98;65m▀[0m[38;2;255;98;65m[48;2;255;98;65m▀[0m[38;2;255;98;65m[48;2;189;57;90m▀[0m[38;2;189;57;90m[48;2;189;57;90m▀[0m[38;2;65;65;65m[48;2;65;65;65m▀[0m[38;2;65;65;65m[48;2;213;180;156m▀[0m[38;2;213;180;156m[48;2;213;180;156m▀[0m[38;2;0;0;0m[48;2;0;0;0m▀[0m[38;2;0;0;0m▀[38;2;0;0;0m▀  
 [38;2;0;0;0m▀[38;2;189;57;90m[48;2;0;0;0m▀[0m[38;2;189;57;90m[48;2;0;0;0m▀[0m[38;2;65;65;65m[48;2;0;0;0m▀[0m[38;2;0;0;0m▀[38;2;0;0;0m▀[38;2;0;0;0m▀       [38;2;0;0;0m▄[38;2;0;0;0m▄[38;2;0;0;0m[48;2;131;115;189m▀[0m[38;2;65;65;65m[48;2;222;213;246m▀[0m[38;2;189;57;90m[48;2;65;65;65m▀[0m[38;2;189;57;90m[48;2;189;57;90m▀[0m[38;2;255;98;65m[48;2;189;57;90m▀[0m[38;2;255;98;65m[48;2;189;57;90m▀[0m[38;2;189;57;90m[48;2;189;57;90m▀[0m[38;2;189;57;90m[48;2;189;57;90m▀[0m[38;2;189;57;90m[48;2;189;57;90m▀[0m[38;2;189;57;90m[48;2;189;57;90m▀[0m[38;2;65;65;65m[48;2;65;65;65m▀[0m[38;2;213;180;156m[48;2;139;90;90m▀[0m[38;2;0;0;0m[48;2;213;180;156m▀[0m[38;2;0;0;0m▄   
              [38;2;0;0;0m▀[38;2;131;115;189m[48;2;0;0;0m▀[0m[38;2;222;213;246m[48;2;65;65;65m▀[0m[38;2;222;213;246m[48;2;65;65;65m▀[0m[38;2;131;115;189m[48;2;222;213;246m▀[0m[38;2;222;213;246m[48;2;222;213;246m▀[0m[38;2;65;65;65m[48;2;222;213;246m▀[0m[38;2;65;65;65m[48;2;164;156;222m▀[0m[38;2;65;65;65m[48;2;131;115;189m▀[0m[38;2;189;57;90m[48;2;65;65;65m▀[0m[38;2;189;57;90m[48;2;65;65;65m▀[0m[38;2;189;57;90m[48;2;65;65;65m▀[0m[38;2;65;65;65m[48;2;180;148;139m▀[0m[38;2;180;148;139m[48;2;180;148;139m▀[0m[38;2;180;148;139m[48;2;180;148;139m▀[0m[38;2;139;90;90m[48;2;180;148;139m▀[0m[38;2;0;0;0m[48;2;0;0;0m▀[0m   
            [38;2;0;0;0m▄[38;2;0;0;0m[48;2;139;90;90m▀[0m[38;2;0;0;0m[48;2;164;131;98m▀[0m[38;2;164;131;98m[48;2;164;131;98m▀[0m[38;2;164;131;98m[48;2;164;131;98m▀[0m[38;2;164;131;98m[48;2;0;0;0m▀[0m[38;2;0;0;0m▀[38;2;0;0;0m▀[38;2;164;156;222m[48;2;0;0;0m▀[0m[38;2;164;156;222m[48;2;65;65;65m▀[0m[38;2;131;115;189m[48;2;65;65;65m▀[0m[38;2;164;156;222m[48;2;164;156;222m▀[0m[38;2;131;115;189m[48;2;131;115;189m▀[0m[38;2;164;156;222m[48;2;0;0;0m▀[0m[38;2;65;65;65m[48;2;0;0;0m▀[0m[38;2;180;148;139m[48;2;0;0;0m▀[0m[38;2;180;148;139m[48;2;0;0;0m▀[0m[38;2;0;0;0m▀    
          [38;2;0;0;0m▄[38;2;0;0;0m▄[38;2;0;0;0m[48;2;164;156;222m▀[0m[38;2;164;131;98m[48;2;139;90;90m▀[0m[38;2;164;131;98m[48;2;0;0;0m▀[0m[38;2;0;0;0m▀[38;2;0;0;0m▀    [38;2;0;0;0m[48;2;0;0;0m▀[0m[38;2;213;180;156m[48;2;139;90;90m▀[0m[38;2;65;65;65m[48;2;213;180;156m▀[0m[38;2;0;0;0m[48;2;213;180;156m▀[0m[38;2;0;0;0m▄[38;2;0;0;0m▄       
         [38;2;0;0;0m[48;2;0;0;0m▀[0m[38;2;164;156;222m[48;2;164;156;222m▀[0m[38;2;164;156;222m[48;2;164;156;222m▀[0m[38;2;164;156;222m[48;2;164;156;222m▀[0m[38;2;164;156;222m[48;2;0;0;0m▀[0m[38;2;0;0;0m▀       [38;2;0;0;0m▀[38;2;65;65;65m[48;2;0;0;0m▀[0m[38;2;139;90;90m[48;2;164;156;222m▀[0m[38;2;139;90;90m[48;2;164;156;222m▀[0m[38;2;164;156;222m[48;2;164;156;222m▀[0m[38;2;0;0;0m[48;2;0;0;0m▀[0m      
          [38;2;0;0;0m▀[38;2;0;0;0m▀[38;2;0;0;0m▀         [38;2;0;0;0m[48;2;0;0;0m▀[0m[38;2;82;90;106m[48;2;222;213;246m▀[0m[38;2;222;213;246m[48;2;222;213;246m▀[0m[38;2;222;213;246m[48;2;164;156;222m▀[0m[38;2;0;0;0m[48;2;0;0;0m▀[0m       
                       [38;2;0;0;0m▀[38;2;0;0;0m▀[38;2;0;0;0m▀        
[0m
