      [38;2;0;0;0m▄[38;2;0;0;0m▄[38;2;0;0;0m[48;2;239;181;189m▀[0m[38;2;0;0;0m[48;2;239;181;189m▀[0m[38;2;0;0;0m[48;2;239;181;189m▀[0m[38;2;0;0;0m▄[38;2;0;0;0m▄  [38;2;0;0;0m▄[38;2;0;0;0m▄[38;2;0;0;0m▄     
  [38;2;0;0;0m▄[38;2;0;0;0m▄[38;2;0;0;0m▄[38;2;0;0;0m[48;2;65;65;65m▀[0m[38;2;239;181;189m[48;2;239;148;156m▀[0m[38;2;239;181;189m[48;2;239;181;189m▀[0m[38;2;239;181;189m[48;2;239;181;189m▀[0m[38;2;239;181;189m[48;2;239;181;189m▀[0m[38;2;239;181;189m[48;2;255;255;255m▀[0m[38;2;239;181;189m[48;2;65;65;65m▀[0m[38;2;239;181;189m[48;2;239;148;156m▀[0m[38;2;0;0;0m[48;2;239;148;156m▀[0m[38;2;0;0;0m[48;2;65;65;65m▀[0m[38;2;239;148;156m[48;2;239;148;156m▀[0m[38;2;239;148;156m[48;2;239;148;156m▀[0m[38;2;189;107;115m[48;2;239;148;156m▀[0m[38;2;0;0;0m[48;2;189;107;115m▀[0m[38;2;0;0;0m[48;2;189;107;115m▀[0m[38;2;0;0;0m▄  
[38;2;0;0;0m▄[38;2;0;0;0m[48;2;189;107;115m▀[0m[38;2;189;107;115m[48;2;189;107;115m▀[0m[38;2;189;107;115m[48;2;189;107;115m▀[0m[38;2;65;65;65m[48;2;65;65;65m▀[0m[38;2;239;148;156m[48;2;189;107;115m▀[0m[38;2;239;148;156m[48;2;239;148;156m▀[0m[38;2;181;74;90m[48;2;239;148;156m▀[0m[38;2;239;148;156m[48;2;239;148;156m▀[0m[38;2;239;148;156m[48;2;239;148;156m▀[0m[38;2;0;0;0m[48;2;239;148;156m▀[0m[38;2;181;74;90m[48;2;239;148;156m▀[0m[38;2;239;148;156m[48;2;239;148;156m▀[0m[38;2;239;148;156m[48;2;239;148;156m▀[0m[38;2;65;65;65m[48;2;189;107;115m▀[0m[38;2;239;148;156m[48;2;65;65;65m▀[0m[38;2;239;148;156m[48;2;239;148;156m▀[0m[38;2;239;148;156m[48;2;189;107;115m▀[0m[38;2;65;65;65m[48;2;189;107;115m▀[0m[38;2;189;107;115m[48;2;65;65;65m▀[0m[38;2;0;0;0m[48;2;189;107;115m▀[0m[38;2;0;0;0m▄ 
[38;2;0;0;0m▀[38;2;189;107;115m[48;2;0;0;0m▀[0m[38;2;189;107;115m[48;2;206;197;197m▀[0m[38;2;189;107;115m[48;2;0;0;0m▀[0m[38;2;189;107;115m[48;2;0;0;0m▀[0m[38;2;65;65;65m[48;2;197;189;107m▀[0m[38;2;189;107;115m[48;2;65;65;65m▀[0m[38;2;239;148;156m[48;2;65;65;65m▀[0m[38;2;189;107;115m[48;2;65;65;65m▀[0m[38;2;65;65;65m[48;2;65;65;65m▀[0m[38;2;65;65;65m[48;2;65;65;65m▀[0m[38;2;189;107;115m[48;2;65;65;65m▀[0m[38;2;239;148;156m[48;2;189;107;115m▀[0m[38;2;189;107;115m[48;2;189;107;115m▀[0m[38;2;189;107;115m[48;2;189;107;115m▀[0m[38;2;65;65;65m[48;2;239;148;156m▀[0m[38;2;189;107;115m[48;2;65;65;65m▀[0m[38;2;189;107;115m[48;2;65;65;65m▀[0m[38;2;189;107;115m[48;2;189;107;115m▀[0m[38;2;65;65;65m[48;2;189;107;115m▀[0m[38;2;189;107;115m[48;2;0;0;0m▀[0m[38;2;189;107;115m[48;2;0;0;0m▀[0m[38;2;0;0;0m▀
  [38;2;0;0;0m▀ [38;2;0;0;0m▄[38;2;0;0;0m[48;2;181;74;90m▀[0m[38;2;65;65;65m[48;2;230;99;90m▀[0m[38;2;181;74;90m[48;2;181;74;90m▀[0m[38;2;65;65;65m[48;2;181;74;90m▀[0m[38;2;181;74;90m[48;2;181;74;90m▀[0m[38;2;181;74;90m[48;2;181;74;90m▀[0m[38;2;65;65;65m[48;2;197;189;107m▀[0m[38;2;197;189;107m[48;2;197;189;107m▀[0m[38;2;189;107;115m[48;2;189;107;115m▀[0m[38;2;189;107;115m[48;2;239;148;156m▀[0m[38;2;239;148;156m[48;2;239;148;156m▀[0m[38;2;239;148;156m[48;2;239;148;156m▀[0m[38;2;239;148;156m[48;2;239;148;156m▀[0m[38;2;65;65;65m[48;2;239;148;156m▀[0m[38;2;189;107;115m[48;2;0;0;0m▀[0m[38;2;0;0;0m▀  
  [38;2;0;0;0m▄[38;2;0;0;0m[48;2;230;99;90m▀[0m[38;2;230;99;90m[48;2;230;99;90m▀[0m[38;2;230;99;90m[48;2;181;74;90m▀[0m[38;2;181;74;90m[48;2;230;99;90m▀[0m[38;2;230;99;90m[48;2;230;99;90m▀[0m[38;2;230;99;90m[48;2;65;65;65m▀[0m[38;2;65;65;65m[48;2;197;189;107m▀[0m[38;2;197;189;107m[48;2;247;230;156m▀[0m[38;2;197;189;107m[48;2;247;230;156m▀[0m[38;2;247;230;156m[48;2;239;148;156m▀[0m[38;2;239;148;156m[48;2;239;148;156m▀[0m[38;2;65;65;65m[48;2;239;148;156m▀[0m[38;2;65;65;65m[48;2;189;107;115m▀[0m[38;2;239;148;156m[48;2;65;65;65m▀[0m[38;2;239;148;156m[48;2;255;255;255m▀[0m[38;2;239;148;156m[48;2;65;65;65m▀[0m[38;2;0;0;0m[48;2;0;0;0m▀[0m   
 [38;2;0;0;0m▄[38;2;0;0;0m[48;2;230;99;90m▀[0m[38;2;230;99;90m[48;2;230;99;90m▀[0m[38;2;181;74;90m[48;2;181;74;90m▀[0m[38;2;230;99;90m[48;2;230;99;90m▀[0m[38;2;230;99;90m[48;2;230;99;90m▀[0m[38;2;230;99;90m[48;2;65;65;65m▀[0m[38;2;65;65;65m[48;2;197;189;107m▀[0m[38;2;189;107;115m[48;2;197;189;107m▀[0m[38;2;189;107;115m[48;2;65;65;65m▀[0m[38;2;65;65;65m[48;2;239;148;156m▀[0m[38;2;247;230;156m[48;2;247;230;156m▀[0m[38;2;247;230;156m[48;2;247;230;156m▀[0m[38;2;239;148;156m[48;2;239;148;156m▀[0m[38;2;65;65;65m[48;2;239;148;156m▀[0m[38;2;189;107;115m[48;2;0;0;0m▀[0m[38;2;0;0;0m▀[38;2;0;0;0m▀    
 [38;2;0;0;0m[48;2;0;0;0m▀[0m[38;2;230;99;90m[48;2;230;99;90m▀[0m[38;2;230;99;90m[48;2;230;99;90m▀[0m[38;2;230;99;90m[48;2;230;99;90m▀[0m[38;2;230;99;90m[48;2;230;99;90m▀[0m[38;2;230;99;90m[48;2;181;74;90m▀[0m[38;2;65;65;65m[48;2;0;0;0m▀[0m[38;2;0;0;0m▀[38;2;189;107;115m[48;2;0;0;0m▀[0m[38;2;65;65;65m[48;2;0;0;0m▀[0m[38;2;239;148;156m[48;2;0;0;0m▀[0m[38;2;189;107;115m[48;2;255;255;255m▀[0m[38;2;189;107;115m[48;2;255;255;255m▀[0m[38;2;239;148;156m[48;2;189;107;115m▀[0m[38;2;239;148;156m[48;2;0;0;0m▀[0m[38;2;0;0;0m▀      
  [38;2;0;0;0m▀[38;2;230;99;90m[48;2;0;0;0m▀[0m[38;2;230;99;90m[48;2;0;0;0m▀[0m[38;2;230;99;90m[48;2;0;0;0m▀[0m[38;2;0;0;0m▀     [38;2;0;0;0m▀[38;2;0;0;0m▀[38;2;0;0;0m▀        
[0m
