            [38;2;0;0;0m▄[38;2;0;0;0m[48;2;173;181;189m▀[0m[38;2;0;0;0m[48;2;115;132;140m▀[0m[38;2;0;0;0m▄        
         [38;2;0;0;0m[48;2;0;0;0m▀[0m[38;2;0;0;0m[48;2;173;181;189m▀[0m[38;2;0;0;0m▄[38;2;0;0;0m[48;2;115;132;140m▀[0m[38;2;173;181;189m[48;2;173;181;189m▀[0m[38;2;115;132;140m[48;2;115;132;140m▀[0m[38;2;0;0;0m[48;2;115;132;140m▀[0m[38;2;0;0;0m▄       
         [38;2;0;0;0m[48;2;0;0;0m▀[0m[38;2;173;181;189m[48;2;173;181;189m▀[0m[38;2;115;132;140m[48;2;115;132;140m▀[0m[38;2;173;181;189m[48;2;115;132;140m▀[0m[38;2;115;132;140m[48;2;115;132;140m▀[0m[38;2;115;132;140m[48;2;65;65;65m▀[0m[38;2;115;132;140m[48;2;65;65;65m▀[0m[38;2;115;132;140m[48;2;65;65;65m▀[0m[38;2;0;0;0m[48;2;65;65;65m▀[0m[38;2;0;0;0m[48;2;115;132;140m▀[0m[38;2;0;0;0m▄[38;2;0;0;0m▄   
   [38;2;0;0;0m▄[38;2;0;0;0m[48;2;173;181;189m▀[0m[38;2;0;0;0m[48;2;173;181;189m▀[0m[38;2;0;0;0m▄[38;2;0;0;0m▄[38;2;0;0;0m[48;2;0;0;0m▀[0m[38;2;173;181;189m[48;2;173;181;189m▀[0m[38;2;173;181;189m[48;2;115;132;140m▀[0m[38;2;115;132;140m[48;2;65;65;65m▀[0m[38;2;115;132;140m[48;2;65;65;65m▀[0m[38;2;65;65;65m[48;2;65;65;65m▀[0m[38;2;65;65;65m[48;2;173;181;189m▀[0m[38;2;173;181;189m[48;2;173;181;189m▀[0m[38;2;115;132;140m[48;2;173;181;189m▀[0m[38;2;115;132;140m[48;2;65;65;65m▀[0m[38;2;65;65;65m[48;2;65;65;65m▀[0m[38;2;65;65;65m[48;2;115;132;140m▀[0m[38;2;115;132;140m[48;2;65;65;65m▀[0m[38;2;0;0;0m[48;2;115;132;140m▀[0m[38;2;0;0;0m▄ 
   [38;2;0;0;0m[48;2;0;0;0m▀[0m[38;2;173;181;189m[48;2;173;181;189m▀[0m[38;2;173;181;189m[48;2;173;181;189m▀[0m[38;2;115;132;140m[48;2;65;65;65m▀[0m[38;2;65;65;65m[48;2;115;132;140m▀[0m[38;2;173;181;189m[48;2;65;65;65m▀[0m[38;2;173;181;189m[48;2;65;65;65m▀[0m[38;2;65;65;65m[48;2;115;132;140m▀[0m[38;2;173;181;189m[48;2;173;181;189m▀[0m[38;2;173;181;189m[48;2;65;65;65m▀[0m[38;2;115;132;140m[48;2;173;181;189m▀[0m[38;2;65;65;65m[48;2;65;65;65m▀[0m[38;2;173;181;189m[48;2;65;65;65m▀[0m[38;2;65;65;65m[48;2;115;132;140m▀[0m[38;2;65;65;65m[48;2;115;132;140m▀[0m[38;2;115;132;140m[48;2;115;132;140m▀[0m[38;2;115;132;140m[48;2;115;132;140m▀[0m[38;2;115;132;140m[48;2;65;65;65m▀[0m[38;2;0;0;0m[48;2;0;0;0m▀[0m[38;2;0;0;0m▀ 
  [38;2;0;0;0m▄[38;2;0;0;0m[48;2;173;181;189m▀[0m[38;2;173;181;189m[48;2;173;181;189m▀[0m[38;2;65;65;65m[48;2;65;65;65m▀[0m[38;2;115;132;140m[48;2;115;132;140m▀[0m[38;2;115;132;140m[48;2;65;65;65m▀[0m[38;2;115;132;140m[48;2;65;65;65m▀[0m[38;2;65;65;65m[48;2;173;181;189m▀[0m[38;2;173;181;189m[48;2;173;181;189m▀[0m[38;2;173;181;189m[48;2;65;65;65m▀[0m[38;2;173;181;189m[48;2;115;132;140m▀[0m[38;2;115;132;140m[48;2;65;65;65m▀[0m[38;2;65;65;65m[48;2;65;65;65m▀[0m[38;2;115;132;140m[48;2;65;65;65m▀[0m[38;2;65;65;65m[48;2;173;181;189m▀[0m[38;2;65;65;65m[48;2;173;181;189m▀[0m[38;2;115;132;140m[48;2;65;65;65m▀[0m[38;2;65;65;65m[48;2;115;132;140m▀[0m[38;2;115;132;140m[48;2;173;181;189m▀[0m[38;2;173;181;189m[48;2;115;132;140m▀[0m[38;2;0;0;0m[48;2;0;0;0m▀[0m 
[38;2;0;0;0m[48;2;0;0;0m▀[0m[38;2;0;0;0m[48;2;173;181;189m▀[0m[38;2;0;0;0m[48;2;65;65;65m▀[0m[38;2;173;181;189m[48;2;65;65;65m▀[0m[38;2;65;65;65m[48;2;65;65;65m▀[0m[38;2;65;65;65m[48;2;173;181;189m▀[0m[38;2;65;65;65m[48;2;173;181;189m▀[0m[38;2;173;181;189m[48;2;173;181;189m▀[0m[38;2;173;181;189m[48;2;0;0;0m▀[0m[38;2;65;65;65m[48;2;255;255;255m▀[0m[38;2;65;65;65m[48;2;115;132;140m▀[0m[38;2;115;132;140m[48;2;115;132;140m▀[0m[38;2;115;132;140m[48;2;115;132;140m▀[0m[38;2;65;65;65m[48;2;115;132;140m▀[0m[38;2;65;65;65m[48;2;65;65;65m▀[0m[38;2;173;181;189m[48;2;115;132;140m▀[0m[38;2;173;181;189m[48;2;115;132;140m▀[0m[38;2;115;132;140m[48;2;115;132;140m▀[0m[38;2;65;65;65m[48;2;115;132;140m▀[0m[38;2;65;65;65m[48;2;65;65;65m▀[0m[38;2;115;132;140m[48;2;65;65;65m▀[0m[38;2;115;132;140m[48;2;65;65;65m▀[0m[38;2;115;132;140m[48;2;65;65;65m▀[0m[38;2;0;0;0m[48;2;0;0;0m▀[0m
[38;2;0;0;0m▀[38;2;115;132;140m[48;2;0;0;0m▀[0m[38;2;173;181;189m[48;2;173;181;189m▀[0m[38;2;173;181;189m[48;2;115;132;140m▀[0m[38;2;115;132;140m[48;2;115;132;140m▀[0m[38;2;173;181;189m[48;2;65;65;65m▀[0m[38;2;115;132;140m[48;2;115;132;140m▀[0m[38;2;65;65;65m[48;2;115;132;140m▀[0m[38;2;206;74;41m[48;2;115;132;140m▀[0m[38;2;115;132;140m[48;2;115;132;140m▀[0m[38;2;115;132;140m[48;2;65;65;65m▀[0m[38;2;115;132;140m[48;2;65;65;65m▀[0m[38;2;115;132;140m[48;2;115;132;140m▀[0m[38;2;115;132;140m[48;2;65;65;65m▀[0m[38;2;65;65;65m[48;2;65;65;65m▀[0m[38;2;115;132;140m[48;2;65;65;65m▀[0m[38;2;115;132;140m[48;2;115;132;140m▀[0m[38;2;115;132;140m[48;2;0;0;0m▀[0m[38;2;65;65;65m[48;2;0;0;0m▀[0m[38;2;115;132;140m[48;2;173;181;189m▀[0m[38;2;115;132;140m[48;2;65;65;65m▀[0m[38;2;115;132;140m[48;2;173;181;189m▀[0m[38;2;0;0;0m[48;2;0;0;0m▀[0m 
  [38;2;0;0;0m▀[38;2;115;132;140m[48;2;0;0;0m▀[0m[38;2;65;65;65m[48;2;0;0;0m▀[0m[38;2;115;132;140m[48;2;115;132;140m▀[0m[38;2;115;132;140m[48;2;115;132;140m▀[0m[38;2;115;132;140m[48;2;115;132;140m▀[0m[38;2;115;132;140m[48;2;0;0;0m▀[0m[38;2;65;65;65m[48;2;0;0;0m▀[0m[38;2;255;255;255m[48;2;0;0;0m▀[0m[38;2;0;0;0m▀[38;2;0;0;0m[48;2;0;0;0m▀[0m[38;2;115;132;140m[48;2;115;132;140m▀[0m[38;2;115;132;140m[48;2;173;181;189m▀[0m[38;2;115;132;140m[48;2;115;132;140m▀[0m[38;2;0;0;0m[48;2;0;0;0m▀[0m  [38;2;0;0;0m▀[38;2;0;0;0m▀[38;2;0;0;0m▀  
     [38;2;0;0;0m▀[38;2;0;0;0m▀[38;2;0;0;0m▀    [38;2;0;0;0m▀[38;2;255;255;255m[48;2;0;0;0m▀[0m[38;2;115;132;140m[48;2;0;0;0m▀[0m[38;2;255;255;255m[48;2;0;0;0m▀[0m[38;2;0;0;0m▀       
[0m
