   [38;2;0;0;0m▄[38;2;0;0;0m[48;2;65;65;65m▀[0m[38;2;0;0;0m[48;2;74;123;164m▀[0m[38;2;0;0;0m[48;2;74;123;164m▀[0m[38;2;0;0;0m▄    [38;2;0;0;0m▄[38;2;0;0;0m▄[38;2;0;0;0m[48;2;115;213;255m▀[0m[38;2;0;0;0m[48;2;115;213;255m▀[0m[38;2;0;0;0m[48;2;82;180;255m▀[0m[38;2;0;0;0m[48;2;82;180;255m▀[0m[38;2;0;0;0m▄             
 [38;2;0;0;0m▄[38;2;0;0;0m▄[38;2;0;0;0m[48;2;65;65;65m▀[0m[38;2;74;123;164m[48;2;74;123;164m▀[0m[38;2;74;123;164m[48;2;65;65;65m▀[0m[38;2;74;123;164m[48;2;74;123;164m▀[0m[38;2;74;123;164m[48;2;74;123;164m▀[0m[38;2;0;0;0m[48;2;0;0;0m▀[0m[38;2;0;0;0m▄[38;2;0;0;0m▄[38;2;0;0;0m[48;2;82;180;255m▀[0m[38;2;82;180;255m[48;2;82;180;255m▀[0m[38;2;115;213;255m[48;2;82;180;255m▀[0m[38;2;115;213;255m[48;2;115;213;255m▀[0m[38;2;115;213;255m[48;2;115;213;255m▀[0m[38;2;115;213;255m[48;2;82;180;255m▀[0m[38;2;82;180;255m[48;2;82;180;255m▀[0m[38;2;82;180;255m[48;2;82;180;255m▀[0m[38;2;0;0;0m[48;2;0;0;0m▀[0m            
[38;2;0;0;0m[48;2;0;0;0m▀[0m[38;2;82;180;255m[48;2;74;123;164m▀[0m[38;2;82;180;255m[48;2;82;180;255m▀[0m[38;2;65;65;65m[48;2;82;180;255m▀[0m[38;2;65;65;65m[48;2;74;123;164m▀[0m[38;2;74;123;164m[48;2;65;65;65m▀[0m[38;2;65;65;65m[48;2;115;213;255m▀[0m[38;2;65;65;65m[48;2;115;213;255m▀[0m[38;2;115;213;255m[48;2;115;213;255m▀[0m[38;2;115;213;255m[48;2;82;180;255m▀[0m[38;2;65;65;65m[48;2;82;180;255m▀[0m[38;2;82;180;255m[48;2;82;180;255m▀[0m[38;2;82;180;255m[48;2;82;180;255m▀[0m[38;2;82;180;255m[48;2;65;65;65m▀[0m[38;2;65;65;65m[48;2;82;180;255m▀[0m[38;2;65;65;65m[48;2;82;180;255m▀[0m[38;2;82;180;255m[48;2;74;123;164m▀[0m[38;2;82;180;255m[48;2;82;180;255m▀[0m[38;2;82;180;255m[48;2;82;180;255m▀[0m[38;2;0;0;0m[48;2;0;0;0m▀[0m            
 [38;2;0;0;0m▀[38;2;74;123;164m[48;2;0;0;0m▀[0m[38;2;82;180;255m[48;2;82;180;255m▀[0m[38;2;82;180;255m[48;2;82;180;255m▀[0m[38;2;82;180;255m[48;2;82;180;255m▀[0m[38;2;82;180;255m[48;2;82;180;255m▀[0m[38;2;82;180;255m[48;2;82;180;255m▀[0m[38;2;82;180;255m[48;2;74;123;164m▀[0m[38;2;82;180;255m[48;2;82;180;255m▀[0m[38;2;82;180;255m[48;2;82;180;255m▀[0m[38;2;82;180;255m[48;2;65;65;65m▀[0m[38;2;82;180;255m[48;2;74;123;164m▀[0m[38;2;65;65;65m[48;2;65;65;65m▀[0m[38;2;82;180;255m[48;2;74;123;164m▀[0m[38;2;82;180;255m[48;2;82;180;255m▀[0m[38;2;82;180;255m[48;2;82;180;255m▀[0m[38;2;82;180;255m[48;2;74;123;164m▀[0m[38;2;0;0;0m[48;2;0;0;0m▀[0m             
  [38;2;0;0;0m▄[38;2;0;0;0m[48;2;74;123;164m▀[0m[38;2;82;180;255m[48;2;115;213;255m▀[0m[38;2;82;180;255m[48;2;82;180;255m▀[0m[38;2;82;180;255m[48;2;82;180;255m▀[0m[38;2;74;123;164m[48;2;74;123;164m▀[0m[38;2;82;180;255m[48;2;82;180;255m▀[0m[38;2;82;180;255m[48;2;255;255;255m▀[0m[38;2;65;65;65m[48;2;0;0;0m▀[0m[38;2;255;255;255m[48;2;255;255;255m▀[0m[38;2;74;123;164m[48;2;255;255;255m▀[0m[38;2;74;123;164m[48;2;82;180;255m▀[0m[38;2;65;65;65m[48;2;74;123;164m▀[0m[38;2;0;0;0m[48;2;74;123;164m▀[0m[38;2;0;0;0m[48;2;0;0;0m▀[0m[38;2;0;0;0m▀              
 [38;2;0;0;0m▄[38;2;0;0;0m[48;2;115;213;255m▀[0m[38;2;115;213;255m[48;2;115;213;255m▀[0m[38;2;115;213;255m[48;2;115;213;255m▀[0m[38;2;82;180;255m[48;2;82;180;255m▀[0m[38;2;82;180;255m[48;2;82;180;255m▀[0m[38;2;82;180;255m[48;2;82;180;255m▀[0m[38;2;74;123;164m[48;2;65;65;65m▀[0m[38;2;0;0;0m[48;2;65;65;65m▀[0m[38;2;65;65;65m[48;2;255;255;255m▀[0m[38;2;255;255;255m[48;2;82;180;255m▀[0m[38;2;82;180;255m[48;2;82;180;255m▀[0m[38;2;82;180;255m[48;2;82;180;255m▀[0m[38;2;82;180;255m[48;2;74;123;164m▀[0m[38;2;74;123;164m[48;2;74;123;164m▀[0m[38;2;0;0;0m[48;2;0;0;0m▀[0m               
 [38;2;0;0;0m[48;2;0;0;0m▀[0m[38;2;115;213;255m[48;2;115;213;255m▀[0m[38;2;115;213;255m[48;2;82;180;255m▀[0m[38;2;82;180;255m[48;2;82;180;255m▀[0m[38;2;82;180;255m[48;2;57;82;115m▀[0m[38;2;82;180;255m[48;2;82;180;255m▀[0m[38;2;82;180;255m[48;2;82;180;255m▀[0m[38;2;82;180;255m[48;2;82;180;255m▀[0m[38;2;82;180;255m[48;2;82;180;255m▀[0m[38;2;82;180;255m[48;2;82;180;255m▀[0m[38;2;82;180;255m[48;2;65;65;65m▀[0m[38;2;82;180;255m[48;2;65;65;65m▀[0m[38;2;65;65;65m[48;2;205;180;148m▀[0m[38;2;74;123;164m[48;2;74;123;164m▀[0m[38;2;74;123;164m[48;2;0;0;0m▀[0m[38;2;0;0;0m▀               
  [38;2;0;0;0m▀[38;2;74;123;164m[48;2;0;0;0m▀[0m[38;2;82;180;255m[48;2;0;0;0m▀[0m[38;2;82;180;255m[48;2;74;123;164m▀[0m[38;2;82;180;255m[48;2;74;123;164m▀[0m[38;2;65;65;65m[48;2;205;180;148m▀[0m[38;2;65;65;65m[48;2;205;180;148m▀[0m[38;2;65;65;65m[48;2;205;180;148m▀[0m[38;2;65;65;65m[48;2;205;180;148m▀[0m[38;2;205;180;148m[48;2;205;180;148m▀[0m[38;2;205;180;148m[48;2;205;180;148m▀[0m[38;2;205;180;148m[48;2;74;123;164m▀[0m[38;2;74;123;164m[48;2;74;123;164m▀[0m[38;2;65;65;65m[48;2;65;65;65m▀[0m[38;2;0;0;0m[48;2;139;139;131m▀[0m[38;2;0;0;0m▄ [38;2;0;0;0m▄[38;2;0;0;0m[48;2;180;180;180m▀[0m[38;2;0;0;0m[48;2;98;115;131m▀[0m[38;2;0;0;0m▄         
     [38;2;0;0;0m▀[38;2;0;0;0m▀[38;2;0;0;0m▀[38;2;0;0;0m▀[38;2;205;180;148m[48;2;0;0;0m▀[0m[38;2;205;180;148m[48;2;255;230;197m▀[0m[38;2;205;180;148m[48;2;255;230;197m▀[0m[38;2;255;230;197m[48;2;255;230;197m▀[0m[38;2;82;180;255m[48;2;82;180;255m▀[0m[38;2;65;65;65m[48;2;65;65;65m▀[0m[38;2;139;139;131m[48;2;139;139;131m▀[0m[38;2;139;139;131m[48;2;180;180;180m▀[0m[38;2;65;65;65m[48;2;180;180;180m▀[0m[38;2;0;0;0m[48;2;180;180;180m▀[0m[38;2;180;180;180m[48;2;180;180;180m▀[0m[38;2;180;180;180m[48;2;180;180;180m▀[0m[38;2;180;180;180m[48;2;65;65;65m▀[0m[38;2;0;0;0m[48;2;139;139;131m▀[0m[38;2;0;0;0m▄        
       [38;2;0;0;0m▄[38;2;0;0;0m▄[38;2;0;0;0m[48;2;255;230;197m▀[0m[38;2;255;230;197m[48;2;255;230;197m▀[0m[38;2;255;230;197m[48;2;255;230;197m▀[0m[38;2;255;230;197m[48;2;82;180;255m▀[0m[38;2;82;180;255m[48;2;82;180;255m▀[0m[38;2;65;65;65m[48;2;65;65;65m▀[0m[38;2;180;180;180m[48;2;98;115;131m▀[0m[38;2;180;180;180m[48;2;180;180;180m▀[0m[38;2;180;180;180m[48;2;65;65;65m▀[0m[38;2;65;65;65m[48;2;180;180;180m▀[0m[38;2;65;65;65m[48;2;180;180;180m▀[0m[38;2;180;180;180m[48;2;65;65;65m▀[0m[38;2;180;180;180m[48;2;180;180;180m▀[0m[38;2;139;139;131m[48;2;180;180;180m▀[0m[38;2;139;139;131m[48;2;139;139;131m▀[0m[38;2;0;0;0m[48;2;65;65;65m▀[0m[38;2;0;0;0m[48;2;139;139;131m▀[0m[38;2;0;0;0m[48;2;98;115;131m▀[0m[38;2;0;0;0m▄    
      [38;2;0;0;0m[48;2;0;0;0m▀[0m[38;2;180;180;180m[48;2;65;65;65m▀[0m[38;2;65;65;65m[48;2;255;230;197m▀[0m[38;2;255;230;197m[48;2;255;230;197m▀[0m[38;2;255;230;197m[48;2;255;230;197m▀[0m[38;2;255;230;197m[48;2;255;230;197m▀[0m[38;2;82;180;255m[48;2;82;180;255m▀[0m[38;2;82;180;255m[48;2;82;180;255m▀[0m[38;2;65;65;65m[48;2;82;180;255m▀[0m[38;2;180;180;180m[48;2;65;65;65m▀[0m[38;2;98;115;131m[48;2;180;180;180m▀[0m[38;2;180;180;180m[48;2;98;115;131m▀[0m[38;2;180;180;180m[48;2;98;115;131m▀[0m[38;2;180;180;180m[48;2;180;180;180m▀[0m[38;2;65;65;65m[48;2;180;180;180m▀[0m[38;2;180;180;180m[48;2;180;180;180m▀[0m[38;2;180;180;180m[48;2;180;180;180m▀[0m[38;2;180;180;180m[48;2;139;139;131m▀[0m[38;2;139;139;131m[48;2;139;139;131m▀[0m[38;2;139;139;131m[48;2;139;139;131m▀[0m[38;2;139;139;131m[48;2;0;0;0m▀[0m[38;2;0;0;0m▀    
     [38;2;0;0;0m[48;2;0;0;0m▀[0m[38;2;139;139;131m[48;2;139;139;131m▀[0m[38;2;65;65;65m[48;2;65;65;65m▀[0m[38;2;255;230;197m[48;2;255;230;197m▀[0m[38;2;255;230;197m[48;2;255;230;197m▀[0m[38;2;255;230;197m[48;2;255;230;197m▀[0m[38;2;255;230;197m[48;2;255;230;197m▀[0m[38;2;82;180;255m[48;2;82;180;255m▀[0m[38;2;82;180;255m[48;2;82;180;255m▀[0m[38;2;82;180;255m[48;2;82;180;255m▀[0m[38;2;65;65;65m[48;2;82;180;255m▀[0m[38;2;65;65;65m[48;2;65;65;65m▀[0m[38;2;180;180;180m[48;2;65;65;65m▀[0m[38;2;180;180;180m[48;2;180;180;180m▀[0m[38;2;98;115;131m[48;2;180;180;180m▀[0m[38;2;180;180;180m[48;2;98;115;131m▀[0m[38;2;180;180;180m[48;2;180;180;180m▀[0m[38;2;180;180;180m[48;2;139;139;131m▀[0m[38;2;139;139;131m[48;2;139;139;131m▀[0m[38;2;139;139;131m[48;2;139;139;131m▀[0m[38;2;0;0;0m[48;2;65;65;65m▀[0m[38;2;0;0;0m▄     
     [38;2;0;0;0m▀[38;2;65;65;65m[48;2;0;0;0m▀[0m[38;2;255;230;197m[48;2;255;230;197m▀[0m[38;2;255;230;197m[48;2;255;230;197m▀[0m[38;2;255;230;197m[48;2;255;230;197m▀[0m[38;2;255;230;197m[48;2;255;230;197m▀[0m[38;2;255;230;197m[48;2;255;230;197m▀[0m[38;2;82;180;255m[48;2;255;230;197m▀[0m[38;2;82;180;255m[48;2;82;180;255m▀[0m[38;2;82;180;255m[48;2;82;180;255m▀[0m[38;2;57;115;189m[48;2;57;115;189m▀[0m[38;2;82;180;255m[48;2;57;115;189m▀[0m[38;2;65;65;65m[48;2;82;180;255m▀[0m[38;2;65;65;65m[48;2;65;65;65m▀[0m[38;2;180;180;180m[48;2;180;180;180m▀[0m[38;2;65;65;65m[48;2;180;180;180m▀[0m[38;2;139;139;131m[48;2;65;65;65m▀[0m[38;2;139;139;131m[48;2;65;65;65m▀[0m[38;2;139;139;131m[48;2;65;65;65m▀[0m[38;2;65;65;65m[48;2;139;139;131m▀[0m[38;2;139;139;131m[48;2;0;0;0m▀[0m[38;2;0;0;0m▀     
      [38;2;0;0;0m[48;2;0;0;0m▀[0m[38;2;255;230;197m[48;2;255;230;197m▀[0m[38;2;255;230;197m[48;2;255;230;197m▀[0m[38;2;255;230;197m[48;2;255;230;197m▀[0m[38;2;255;230;197m[48;2;255;230;197m▀[0m[38;2;255;230;197m[48;2;255;230;197m▀[0m[38;2;255;230;197m[48;2;255;230;197m▀[0m[38;2;82;180;255m[48;2;82;180;255m▀[0m[38;2;82;180;255m[48;2;82;180;255m▀[0m[38;2;57;115;189m[48;2;82;180;255m▀[0m[38;2;57;115;189m[48;2;57;115;189m▀[0m[38;2;82;180;255m[48;2;82;180;255m▀[0m[38;2;82;180;255m[48;2;82;180;255m▀[0m[38;2;65;65;65m[48;2;74;123;164m▀[0m[38;2;65;65;65m[48;2;74;123;164m▀[0m[38;2;139;139;131m[48;2;65;65;65m▀[0m[38;2;139;139;131m[48;2;65;65;65m▀[0m[38;2;139;139;131m[48;2;65;65;65m▀[0m[38;2;65;65;65m[48;2;74;123;164m▀[0m[38;2;65;65;65m[48;2;74;123;164m▀[0m[38;2;0;0;0m[48;2;74;123;164m▀[0m[38;2;0;0;0m▄[38;2;0;0;0m▄   
  [38;2;0;0;0m▄[38;2;0;0;0m▄[38;2;0;0;0m▄[38;2;0;0;0m[48;2;74;123;164m▀[0m[38;2;65;65;65m[48;2;74;123;164m▀[0m[38;2;65;65;65m[48;2;65;65;65m▀[0m[38;2;255;230;197m[48;2;255;230;197m▀[0m[38;2;255;230;197m[48;2;255;230;197m▀[0m[38;2;255;230;197m[48;2;255;230;197m▀[0m[38;2;255;230;197m[48;2;255;230;197m▀[0m[38;2;255;230;197m[48;2;255;230;197m▀[0m[38;2;255;230;197m[48;2;255;230;197m▀[0m[38;2;82;180;255m[48;2;255;230;197m▀[0m[38;2;82;180;255m[48;2;82;180;255m▀[0m[38;2;82;180;255m[48;2;82;180;255m▀[0m[38;2;82;180;255m[48;2;74;123;164m▀[0m[38;2;74;123;164m[48;2;74;123;164m▀[0m[38;2;74;123;164m[48;2;74;123;164m▀[0m[38;2;74;123;164m[48;2;74;123;164m▀[0m[38;2;74;123;164m[48;2;74;123;164m▀[0m[38;2;74;123;164m[48;2;65;65;65m▀[0m[38;2;74;123;164m[48;2;205;180;148m▀[0m[38;2;74;123;164m[48;2;205;180;148m▀[0m[38;2;74;123;164m[48;2;0;0;0m▀[0m[38;2;74;123;164m[48;2;0;0;0m▀[0m[38;2;74;123;164m[48;2;0;0;0m▀[0m[38;2;74;123;164m[48;2;0;0;0m▀[0m[38;2;0;0;0m▀  
[38;2;0;0;0m▄[38;2;0;0;0m[48;2;82;180;255m▀[0m[38;2;82;180;255m[48;2;74;123;164m▀[0m[38;2;82;180;255m[48;2;74;123;164m▀[0m[38;2;74;123;164m[48;2;74;123;164m▀[0m[38;2;74;123;164m[48;2;74;123;164m▀[0m[38;2;74;123;164m[48;2;74;123;164m▀[0m[38;2;74;123;164m[48;2;74;123;164m▀[0m[38;2;65;65;65m[48;2;205;180;148m▀[0m[38;2;255;230;197m[48;2;205;180;148m▀[0m[38;2;255;230;197m[48;2;0;0;0m▀[0m[38;2;255;230;197m[48;2;205;180;148m▀[0m[38;2;255;230;197m[48;2;205;180;148m▀[0m[38;2;255;230;197m[48;2;205;180;148m▀[0m[38;2;205;180;148m[48;2;205;180;148m▀[0m[38;2;205;180;148m[48;2;205;180;148m▀[0m[38;2;74;123;164m[48;2;205;180;148m▀[0m[38;2;74;123;164m[48;2;65;65;65m▀[0m[38;2;74;123;164m[48;2;74;123;164m▀[0m[38;2;74;123;164m[48;2;74;123;164m▀[0m[38;2;65;65;65m[48;2;74;123;164m▀[0m[38;2;65;65;65m[48;2;82;180;255m▀[0m[38;2;65;65;65m[48;2;82;180;255m▀[0m[38;2;65;65;65m[48;2;82;180;255m▀[0m[38;2;0;0;0m[48;2;82;180;255m▀[0m[38;2;0;0;0m▄[38;2;0;0;0m▄[38;2;0;0;0m▄[38;2;0;0;0m▄[38;2;0;0;0m▄[38;2;0;0;0m▄ 
 [38;2;0;0;0m▀[38;2;0;0;0m▀[38;2;205;180;148m[48;2;0;0;0m▀[0m[38;2;205;180;148m[48;2;0;0;0m▀[0m[38;2;205;180;148m[48;2;0;0;0m▀[0m[38;2;205;180;148m[48;2;0;0;0m▀[0m[38;2;205;180;148m[48;2;0;0;0m▀[0m[38;2;0;0;0m▀[38;2;0;0;0m▀ [38;2;0;0;0m▀[38;2;0;0;0m▀[38;2;0;0;0m▀[38;2;0;0;0m▀[38;2;0;0;0m▀[38;2;0;0;0m▀[38;2;255;230;197m[48;2;0;0;0m▀[0m[38;2;74;123;164m[48;2;255;230;197m▀[0m[38;2;74;123;164m[48;2;255;230;197m▀[0m[38;2;82;180;255m[48;2;74;123;164m▀[0m[38;2;82;180;255m[48;2;74;123;164m▀[0m[38;2;82;180;255m[48;2;74;123;164m▀[0m[38;2;82;180;255m[48;2;74;123;164m▀[0m[38;2;82;180;255m[48;2;74;123;164m▀[0m[38;2;82;180;255m[48;2;74;123;164m▀[0m[38;2;82;180;255m[48;2;82;180;255m▀[0m[38;2;82;180;255m[48;2;82;180;255m▀[0m[38;2;82;180;255m[48;2;82;180;255m▀[0m[38;2;82;180;255m[48;2;0;0;0m▀[0m[38;2;82;180;255m[48;2;0;0;0m▀[0m[38;2;0;0;0m▀
                  [38;2;0;0;0m▀[38;2;0;0;0m▀[38;2;255;230;197m[48;2;0;0;0m▀[0m[38;2;255;230;197m[48;2;0;0;0m▀[0m[38;2;255;230;197m[48;2;0;0;0m▀[0m[38;2;255;230;197m[48;2;0;0;0m▀[0m[38;2;255;230;197m[48;2;0;0;0m▀[0m[38;2;255;230;197m[48;2;0;0;0m▀[0m[38;2;0;0;0m▀[38;2;0;0;0m▀[38;2;0;0;0m▀   
[0m
