     [38;2;0;0;0m▄[38;2;0;0;0m▄[38;2;0;0;0m[48;2;247;222;247m▀[0m[38;2;0;0;0m[48;2;247;222;247m▀[0m[38;2;0;0;0m[48;2;255;173;197m▀[0m[38;2;0;0;0m▄    
    [38;2;0;0;0m[48;2;0;0;0m▀[0m[38;2;247;222;247m[48;2;247;222;247m▀[0m[38;2;65;65;65m[48;2;197;132;156m▀[0m[38;2;247;222;247m[48;2;255;173;197m▀[0m[38;2;247;222;247m[48;2;247;222;247m▀[0m[38;2;255;173;197m[48;2;65;65;65m▀[0m[38;2;0;0;0m[48;2;247;222;247m▀[0m[38;2;0;0;0m[48;2;247;222;247m▀[0m[38;2;0;0;0m▄  
   [38;2;0;0;0m▄[38;2;0;0;0m[48;2;247;222;247m▀[0m[38;2;65;65;65m[48;2;197;132;156m▀[0m[38;2;247;222;247m[48;2;247;222;247m▀[0m[38;2;247;222;247m[48;2;247;222;247m▀[0m[38;2;247;222;247m[48;2;247;222;247m▀[0m[38;2;247;222;247m[48;2;247;222;247m▀[0m[38;2;247;222;247m[48;2;247;222;247m▀[0m[38;2;255;173;197m[48;2;181;99;132m▀[0m[38;2;65;65;65m[48;2;0;0;0m▀[0m  
  [38;2;0;0;0m[48;2;0;0;0m▀[0m[38;2;247;222;247m[48;2;247;222;247m▀[0m[38;2;181;99;132m[48;2;181;99;132m▀[0m[38;2;247;222;247m[48;2;255;173;197m▀[0m[38;2;247;222;247m[48;2;197;132;156m▀[0m[38;2;247;222;247m[48;2;247;222;247m▀[0m[38;2;247;222;247m[48;2;247;222;247m▀[0m[38;2;247;222;247m[48;2;247;222;247m▀[0m[38;2;247;222;247m[48;2;247;222;247m▀[0m[38;2;247;222;247m[48;2;247;222;247m▀[0m[38;2;255;173;197m[48;2;247;222;247m▀[0m[38;2;0;0;0m[48;2;0;0;0m▀[0m 
 [38;2;0;0;0m[48;2;0;0;0m▀[0m[38;2;255;255;255m[48;2;0;0;0m▀[0m[38;2;181;49;82m[48;2;181;49;82m▀[0m[38;2;247;222;247m[48;2;247;222;247m▀[0m[38;2;181;99;132m[48;2;247;222;247m▀[0m[38;2;197;132;156m[48;2;247;222;247m▀[0m[38;2;247;222;247m[48;2;181;49;82m▀[0m[38;2;247;222;247m[48;2;181;49;82m▀[0m[38;2;247;222;247m[48;2;247;222;247m▀[0m[38;2;247;222;247m[48;2;247;222;247m▀[0m[38;2;247;222;247m[48;2;247;222;247m▀[0m[38;2;247;222;247m[48;2;255;173;197m▀[0m[38;2;255;173;197m[48;2;255;173;197m▀[0m[38;2;0;0;0m[48;2;0;0;0m▀[0m
[38;2;0;0;0m▄[38;2;0;0;0m[48;2;255;173;197m▀[0m[38;2;230;74;41m[48;2;181;99;132m▀[0m[38;2;247;222;247m[48;2;255;173;197m▀[0m[38;2;247;222;247m[48;2;197;132;156m▀[0m[38;2;247;222;247m[48;2;247;222;247m▀[0m[38;2;181;49;82m[48;2;230;74;41m▀[0m[38;2;255;255;255m[48;2;0;0;0m▀[0m[38;2;0;0;0m[48;2;0;0;0m▀[0m[38;2;181;49;82m[48;2;230;74;41m▀[0m[38;2;247;222;247m[48;2;255;173;197m▀[0m[38;2;255;173;197m[48;2;255;173;197m▀[0m[38;2;255;173;197m[48;2;255;173;197m▀[0m[38;2;255;173;197m[48;2;181;99;132m▀[0m[38;2;0;0;0m[48;2;0;0;0m▀[0m
 [38;2;0;0;0m▀[38;2;0;0;0m▀[38;2;255;173;197m[48;2;0;0;0m▀[0m[38;2;255;173;197m[48;2;197;132;156m▀[0m[38;2;181;49;82m[48;2;230;74;41m▀[0m[38;2;255;173;197m[48;2;255;173;197m▀[0m[38;2;230;74;41m[48;2;255;173;197m▀[0m[38;2;230;74;41m[48;2;255;173;197m▀[0m[38;2;255;173;197m[48;2;181;99;132m▀[0m[38;2;197;132;156m[48;2;255;173;197m▀[0m[38;2;255;173;197m[48;2;65;65;65m▀[0m[38;2;197;132;156m[48;2;0;0;0m▀[0m[38;2;0;0;0m▀ 
    [38;2;0;0;0m[48;2;0;0;0m▀[0m[38;2;65;65;65m[48;2;197;132;156m▀[0m[38;2;181;99;132m[48;2;0;0;0m▀[0m[38;2;197;132;156m[48;2;0;0;0m▀[0m[38;2;197;132;156m[48;2;0;0;0m▀[0m[38;2;197;132;156m[48;2;181;99;132m▀[0m[38;2;65;65;65m[48;2;0;0;0m▀[0m[38;2;0;0;0m▀   
     [38;2;0;0;0m▀  [38;2;0;0;0m▀[38;2;255;173;197m[48;2;0;0;0m▀[0m[38;2;0;0;0m▀    
[0m
