            [38;2;0;0;0m▄[38;2;0;0;0m[48;2;82;153;205m▀[0m[38;2;0;0;0m▄       [38;2;0;0;0m▄                     
            [38;2;0;0;0m[48;2;0;0;0m▀[0m[38;2;82;157;213m[48;2;54;105;142m▀[0m[38;2;0;0;0m[48;2;0;0;0m▀[0m     [38;2;0;0;0m▄[38;2;0;0;0m[48;2;82;153;205m▀[0m[38;2;82;153;205m[48;2;82;153;205m▀[0m[38;2;0;0;0m[48;2;0;0;0m▀[0m                    
            [38;2;0;0;0m[48;2;0;0;0m▀[0m[38;2;57;109;164m[48;2;57;109;164m▀[0m[38;2;82;157;213m[48;2;54;105;142m▀[0m[38;2;0;0;0m[48;2;0;0;0m▀[0m  [38;2;0;0;0m▄[38;2;0;0;0m▄[38;2;0;0;0m[48;2;82;153;205m▀[0m[38;2;82;153;205m[48;2;82;153;205m▀[0m[38;2;82;153;205m[48;2;0;0;0m▀[0m[38;2;0;0;0m▀                    
             [38;2;0;0;0m[48;2;0;0;0m▀[0m[38;2;57;109;164m[48;2;57;109;164m▀[0m[38;2;57;109;164m[48;2;57;109;164m▀[0m[38;2;0;0;0m[48;2;54;105;142m▀[0m[38;2;0;0;0m[48;2;82;157;213m▀[0m[38;2;79;153;202m[48;2;79;153;202m▀[0m[38;2;79;153;202m[48;2;79;153;202m▀[0m[38;2;79;153;202m[48;2;79;153;202m▀[0m[38;2;79;153;202m[48;2;79;153;202m▀[0m[38;2;0;0;0m[48;2;0;0;0m▀[0m                     
             [38;2;0;0;0m▀[38;2;68;113;159m[48;2;8;0;0m▀[0m[38;2;38;56;79m[48;2;8;0;0m▀[0m[38;2;79;153;202m[48;2;79;153;202m▀[0m[38;2;79;153;202m[48;2;79;153;202m▀[0m[38;2;82;153;205m[48;2;0;0;0m▀[0m[38;2;0;0;0m▀[38;2;0;0;0m▀[38;2;82;153;205m[48;2;0;0;0m▀[0m[38;2;82;153;205m[48;2;82;153;205m▀[0m[38;2;0;0;0m[48;2;0;0;0m▀[0m                    
                [38;2;0;0;0m[48;2;0;0;0m▀[0m[38;2;82;153;205m[48;2;82;153;205m▀[0m[38;2;0;0;0m[48;2;82;153;205m▀[0m[38;2;0;0;0m▄  [38;2;0;0;0m▀                     
           [38;2;0;0;0m▄[38;2;0;0;0m[48;2;54;105;142m▀[0m[38;2;0;0;0m[48;2;82;157;213m▀[0m[38;2;0;0;0m[48;2;57;109;164m▀[0m[38;2;0;0;0m▄[38;2;0;0;0m▀[38;2;82;153;205m[48;2;0;0;0m▀[0m[38;2;82;153;205m[48;2;82;153;205m▀[0m[38;2;0;0;0m[48;2;82;153;205m▀[0m[38;2;0;0;0m▄   [38;2;0;0;0m▄[38;2;0;0;0m▄[38;2;0;0;0m▄                 
           [38;2;0;0;0m[48;2;0;0;0m▀[0m[38;2;115;190;255m[48;2;49;111;161m▀[0m[38;2;82;151;208m[48;2;82;151;208m▀[0m[38;2;82;157;213m[48;2;54;105;142m▀[0m[38;2;0;0;0m[48;2;0;0;0m▀[0m [38;2;0;0;0m[48;2;0;0;0m▀[0m[38;2;79;153;202m[48;2;79;153;202m▀[0m[38;2;79;153;202m[48;2;79;153;202m▀[0m[38;2;46;58;68m[48;2;90;157;205m▀[0m[38;2;24;8;0m[48;2;46;58;68m▀[0m[38;2;8;4;0m[48;2;90;157;205m▀[0m[38;2;8;4;0m[48;2;35;55;68m▀[0m[38;2;49;111;161m[48;2;115;190;255m▀[0m[38;2;82;151;208m[48;2;82;151;208m▀[0m[38;2;54;105;142m[48;2;82;157;213m▀[0m[38;2;0;0;0m[48;2;0;0;0m▀[0m                
            [38;2;0;0;0m▀[38;2;0;0;0m▀[38;2;0;0;0m▀[38;2;57;109;164m[48;2;0;0;0m▀[0m[38;2;16;4;0m[48;2;74;113;156m▀[0m[38;2;45;58;78m[48;2;45;58;78m▀[0m[38;2;79;153;202m[48;2;79;153;202m▀[0m[38;2;79;153;202m[48;2;79;153;202m▀[0m[38;2;82;153;205m[48;2;82;153;205m▀[0m[38;2;65;64;65m[48;2;82;153;205m▀[0m[38;2;82;153;205m[48;2;65;64;65m▀[0m[38;2;65;64;65m[48;2;82;153;205m▀[0m[38;2;68;120;159m[48;2;74;149;205m▀[0m[38;2;74;149;205m[48;2;57;60;65m▀[0m[38;2;60;107;142m[48;2;38;58;71m▀[0m[38;2;16;8;0m[48;2;82;157;213m▀[0m[38;2;0;0;0m▄               
                [38;2;0;0;0m[48;2;0;0;0m▀[0m[38;2;82;153;205m[48;2;82;153;205m▀[0m[38;2;79;153;202m[48;2;79;153;202m▀[0m[38;2;79;153;202m[48;2;79;153;202m▀[0m[38;2;79;153;202m[48;2;79;153;202m▀[0m[38;2;79;153;202m[48;2;79;153;202m▀[0m[38;2;79;153;202m[48;2;79;153;202m▀[0m[38;2;79;153;202m[48;2;79;153;202m▀[0m[38;2;65;64;65m[48;2;65;64;65m▀[0m[38;2;82;153;205m[48;2;82;153;205m▀[0m[38;2;79;153;202m[48;2;79;153;202m▀[0m[38;2;79;153;202m[48;2;79;153;202m▀[0m[38;2;82;153;205m[48;2;82;153;205m▀[0m[38;2;0;0;0m[48;2;0;0;0m▀[0m              
              [38;2;0;0;0m▄[38;2;0;0;0m[48;2;65;64;65m▀[0m[38;2;246;190;74m[48;2;246;190;74m▀[0m[38;2;65;64;65m[48;2;65;64;65m▀[0m[38;2;79;153;202m[48;2;79;153;202m▀[0m[38;2;79;153;202m[48;2;79;153;202m▀[0m[38;2;79;153;202m[48;2;79;153;202m▀[0m[38;2;79;153;202m[48;2;79;153;202m▀[0m[38;2;82;153;205m[48;2;82;153;205m▀[0m[38;2;82;153;205m[48;2;246;226;65m▀[0m[38;2;246;226;65m[48;2;74;64;65m▀[0m[38;2;246;226;65m[48;2;74;64;65m▀[0m[38;2;82;153;205m[48;2;246;226;65m▀[0m[38;2;82;153;205m[48;2;82;153;205m▀[0m[38;2;79;153;202m[48;2;79;153;202m▀[0m[38;2;79;153;202m[48;2;79;153;202m▀[0m[38;2;0;0;0m[48;2;65;64;65m▀[0m[38;2;0;0;0m▄[38;2;0;0;0m▄           
            [38;2;0;0;0m▄[38;2;0;0;0m[48;2;57;109;164m▀[0m[38;2;74;145;205m[48;2;71;118;159m▀[0m[38;2;65;64;65m[48;2;65;64;65m▀[0m[38;2;74;129;172m[48;2;74;129;172m▀[0m[38;2;246;190;74m[48;2;74;129;172m▀[0m[38;2;79;153;202m[48;2;79;153;202m▀[0m[38;2;79;153;202m[48;2;79;153;202m▀[0m[38;2;79;153;202m[48;2;79;153;202m▀[0m[38;2;79;153;202m[48;2;79;153;202m▀[0m[38;2;246;190;74m[48;2;246;190;74m▀[0m[38;2;65;64;65m[48;2;65;64;65m▀[0m[38;2;255;255;205m[48;2;74;64;49m▀[0m[38;2;74;64;49m[48;2;194;191;153m▀[0m[38;2;246;190;74m[48;2;82;153;205m▀[0m[38;2;82;153;205m[48;2;82;153;205m▀[0m[38;2;82;153;205m[48;2;65;64;65m▀[0m[38;2;65;64;65m[48;2;82;153;205m▀[0m[38;2;79;155;200m[48;2;123;190;255m▀[0m[38;2;79;155;200m[48;2;79;155;200m▀[0m[38;2;35;55;68m[48;2;90;157;205m▀[0m[38;2;8;4;0m[48;2;8;4;0m▀[0m          
           [38;2;0;0;0m▄[38;2;8;4;0m[48;2;46;79;109m▀[0m[38;2;65;117;164m[48;2;46;79;109m▀[0m[38;2;57;109;164m[48;2;57;109;164m▀[0m[38;2;57;109;164m[48;2;65;64;65m▀[0m[38;2;57;60;65m[48;2;82;153;205m▀[0m[38;2;82;153;205m[48;2;65;91;112m▀[0m[38;2;57;85;115m[48;2;79;155;202m▀[0m[38;2;57;85;115m[48;2;79;155;202m▀[0m[38;2;79;155;202m[48;2;57;85;115m▀[0m[38;2;79;155;202m[48;2;57;85;115m▀[0m[38;2;74;129;172m[48;2;74;129;172m▀[0m[38;2;246;190;74m[48;2;74;129;172m▀[0m[38;2;246;190;74m[48;2;82;153;205m▀[0m[38;2;82;153;205m[48;2;82;153;205m▀[0m[38;2;79;155;202m[48;2;79;155;202m▀[0m[38;2;79;155;202m[48;2;57;85;115m▀[0m[38;2;65;64;65m[48;2;71;118;159m▀[0m[38;2;74;145;205m[48;2;65;64;65m▀[0m[38;2;79;153;202m[48;2;79;153;202m▀[0m[38;2;79;153;202m[48;2;79;153;202m▀[0m[38;2;79;155;202m[48;2;79;155;202m▀[0m[38;2;79;155;202m[48;2;57;85;115m▀[0m[38;2;0;0;0m[48;2;0;0;0m▀[0m         
      [38;2;0;0;0m▄[38;2;0;0;0m▄[38;2;0;0;0m▄[38;2;0;0;0m▄[38;2;0;0;0m[48;2;57;109;164m▀[0m[38;2;57;109;164m[48;2;0;0;0m▀[0m[38;2;57;109;164m[48;2;0;0;0m▀[0m[38;2;0;0;0m▀[38;2;0;0;0m▀[38;2;0;0;0m▀[38;2;82;153;205m[48;2;0;0;0m▀[0m[38;2;82;153;205m[48;2;82;153;205m▀[0m[38;2;57;85;115m[48;2;57;85;115m▀[0m[38;2;57;85;115m[48;2;79;155;202m▀[0m[38;2;79;155;202m[48;2;57;85;115m▀[0m[38;2;79;155;202m[48;2;57;85;115m▀[0m[38;2;79;155;202m[48;2;57;85;115m▀[0m[38;2;79;155;202m[48;2;57;85;115m▀[0m[38;2;79;155;202m[48;2;57;85;115m▀[0m[38;2;57;85;115m[48;2;79;155;202m▀[0m[38;2;57;83;112m[48;2;57;109;164m▀[0m[38;2;57;109;164m[48;2;57;109;164m▀[0m[38;2;57;109;164m[48;2;57;109;164m▀[0m[38;2;57;83;112m[48;2;57;83;112m▀[0m[38;2;65;64;65m[48;2;0;0;0m▀[0m[38;2;0;0;0m▀[38;2;0;0;0m▀[38;2;57;109;164m[48;2;0;0;0m▀[0m[38;2;57;109;164m[48;2;0;0;0m▀[0m[38;2;0;0;0m[48;2;57;109;164m▀[0m[38;2;0;0;0m▄[38;2;0;0;0m▄      
  [38;2;0;0;0m▄[38;2;0;0;0m[48;2;57;109;164m▀[0m[38;2;0;0;0m[48;2;57;109;164m▀[0m[38;2;0;0;0m[48;2;57;109;164m▀[0m[38;2;57;109;164m[48;2;57;109;164m▀[0m[38;2;57;109;164m[48;2;57;109;164m▀[0m[38;2;57;109;164m[48;2;57;109;164m▀[0m[38;2;57;109;164m[48;2;57;109;164m▀[0m[38;2;0;0;0m[48;2;0;0;0m▀[0m    [38;2;0;0;0m▄[38;2;16;8;0m[48;2;38;56;68m▀[0m[38;2;82;153;205m[48;2;82;153;205m▀[0m[38;2;57;85;115m[48;2;57;85;115m▀[0m[38;2;79;155;202m[48;2;79;155;202m▀[0m[38;2;79;153;202m[48;2;79;153;202m▀[0m[38;2;79;153;202m[48;2;79;153;202m▀[0m[38;2;79;153;202m[48;2;79;153;202m▀[0m[38;2;79;153;202m[48;2;79;153;202m▀[0m[38;2;57;80;115m[48;2;57;80;115m▀[0m[38;2;74;149;205m[48;2;65;115;160m▀[0m[38;2;57;109;164m[48;2;57;109;164m▀[0m[38;2;57;109;164m[48;2;57;109;164m▀[0m[38;2;54;107;164m[48;2;54;107;164m▀[0m[38;2;60;86;115m[48;2;65;64;65m▀[0m[38;2;0;0;0m[48;2;65;64;65m▀[0m[38;2;0;0;0m▄ [38;2;0;0;0m▄ [38;2;0;0;0m[48;2;0;0;0m▀[0m[38;2;57;85;115m[48;2;79;155;202m▀[0m[38;2;79;155;202m[48;2;79;155;202m▀[0m[38;2;0;0;0m[48;2;82;153;205m▀[0m[38;2;0;0;0m▄    
 [38;2;0;0;0m[48;2;0;0;0m▀[0m[38;2;65;64;65m[48;2;54;107;164m▀[0m[38;2;65;64;65m[48;2;60;86;115m▀[0m[38;2;65;64;65m[48;2;57;109;164m▀[0m[38;2;57;109;164m[48;2;65;64;65m▀[0m[38;2;57;109;164m[48;2;57;109;164m▀[0m[38;2;57;109;164m[48;2;57;109;164m▀[0m[38;2;57;109;164m[48;2;0;0;0m▀[0m[38;2;0;0;0m▀   [38;2;0;0;0m▄[38;2;0;0;0m[48;2;57;109;164m▀[0m[38;2;57;109;164m[48;2;57;109;164m▀[0m[38;2;57;109;164m[48;2;57;109;164m▀[0m[38;2;65;64;65m[48;2;65;64;65m▀[0m[38;2;57;80;115m[48;2;65;115;160m▀[0m[38;2;74;149;205m[48;2;57;80;115m▀[0m[38;2;79;155;202m[48;2;57;85;115m▀[0m[38;2;79;155;202m[48;2;79;155;202m▀[0m[38;2;79;155;202m[48;2;79;155;202m▀[0m[38;2;79;155;202m[48;2;57;109;164m▀[0m[38;2;57;83;112m[48;2;57;109;164m▀[0m[38;2;57;109;164m[48;2;57;83;112m▀[0m[38;2;57;109;164m[48;2;57;109;164m▀[0m[38;2;57;109;164m[48;2;65;64;65m▀[0m[38;2;65;64;65m[48;2;57;109;164m▀[0m[38;2;57;109;164m[48;2;57;109;164m▀[0m[38;2;57;109;164m[48;2;79;155;202m▀[0m[38;2;57;109;164m[48;2;79;155;202m▀[0m[38;2;0;0;0m[48;2;82;149;205m▀[0m[38;2;54;99;137m[48;2;54;99;137m▀[0m[38;2;0;0;0m[48;2;0;0;0m▀[0m[38;2;0;0;0m▀[38;2;82;153;205m[48;2;0;0;0m▀[0m[38;2;82;153;205m[48;2;82;153;205m▀[0m[38;2;79;153;202m[48;2;79;153;202m▀[0m[38;2;79;153;202m[48;2;79;153;202m▀[0m[38;2;0;0;0m[48;2;43;75;109m▀[0m[38;2;0;0;0m[48;2;65;113;164m▀[0m[38;2;0;0;0m▄ 
[38;2;0;0;0m[48;2;0;0;0m▀[0m[38;2;213;210;213m[48;2;213;210;213m▀[0m[38;2;71;70;71m[48;2;0;0;0m▀[0m[38;2;213;210;213m[48;2;213;210;213m▀[0m[38;2;38;56;79m[48;2;8;0;0m▀[0m[38;2;68;113;159m[48;2;8;0;0m▀[0m[38;2;0;0;0m▀[38;2;0;0;0m▀     [38;2;0;0;0m[48;2;0;0;0m▀[0m[38;2;57;109;164m[48;2;65;64;65m▀[0m[38;2;57;109;164m[48;2;57;109;164m▀[0m[38;2;57;109;164m[48;2;57;109;164m▀[0m[38;2;57;109;164m[48;2;65;64;65m▀[0m[38;2;65;64;65m[48;2;65;64;65m▀[0m[38;2;57;83;112m[48;2;65;64;65m▀[0m[38;2;65;113;164m[48;2;8;4;0m▀[0m[38;2;46;76;109m[48;2;65;113;164m▀[0m[38;2;57;83;112m[48;2;57;109;164m▀[0m[38;2;57;83;112m[48;2;57;109;164m▀[0m[38;2;57;83;112m[48;2;57;109;164m▀[0m[38;2;57;83;112m[48;2;57;109;164m▀[0m[38;2;68;113;159m[48;2;8;0;0m▀[0m[38;2;38;56;79m[48;2;8;0;0m▀[0m[38;2;57;109;164m[48;2;79;155;202m▀[0m[38;2;79;155;202m[48;2;79;155;202m▀[0m[38;2;79;153;202m[48;2;79;153;202m▀[0m[38;2;79;153;202m[48;2;79;153;202m▀[0m[38;2;82;153;205m[48;2;82;153;205m▀[0m[38;2;0;0;0m[48;2;82;153;205m▀[0m[38;2;0;0;0m▄ [38;2;0;0;0m▀[38;2;82;153;205m[48;2;0;0;0m▀[0m[38;2;79;155;202m[48;2;79;155;202m▀[0m[38;2;79;155;202m[48;2;57;85;115m▀[0m[38;2;74;149;205m[48;2;63;87;112m▀[0m[38;2;63;87;112m[48;2;57;56;65m▀[0m[38;2;57;109;164m[48;2;0;0;0m▀[0m[38;2;0;0;0m▀
 [38;2;0;0;0m▀ [38;2;0;0;0m▀         [38;2;0;0;0m▄[38;2;24;12;8m[48;2;52;82;112m▀[0m[38;2;38;47;60m[48;2;65;117;164m▀[0m[38;2;65;64;65m[48;2;57;109;164m▀[0m[38;2;57;109;164m[48;2;57;109;164m▀[0m[38;2;57;109;164m[48;2;0;0;0m▀[0m[38;2;0;0;0m▀ [38;2;0;0;0m▀[38;2;0;0;0m▀[38;2;0;0;0m▀[38;2;0;0;0m▀[38;2;0;0;0m▀  [38;2;0;0;0m▀[38;2;82;153;205m[48;2;0;0;0m▀[0m[38;2;79;153;202m[48;2;79;153;202m▀[0m[38;2;79;153;202m[48;2;79;153;202m▀[0m[38;2;82;153;205m[48;2;82;153;205m▀[0m[38;2;82;153;205m[48;2;0;0;0m▀[0m[38;2;0;0;0m▀  [38;2;0;0;0m[48;2;0;0;0m▀[0m[38;2;32;93;139m[48;2;101;147;178m▀[0m[38;2;101;147;178m[48;2;238;255;255m▀[0m[38;2;111;127;139m[48;2;111;127;139m▀[0m[38;2;0;0;24m[48;2;222;255;255m▀[0m[38;2;0;0;0m▄ 
            [38;2;0;0;0m▀[38;2;213;210;213m[48;2;0;0;0m▀[0m[38;2;205;214;222m[48;2;0;4;8m▀[0m[38;2;68;74;79m[48;2;0;4;8m▀[0m[38;2;0;0;0m▀[38;2;0;0;0m▀          [38;2;0;0;0m[48;2;0;0;0m▀[0m[38;2;57;109;164m[48;2;57;109;164m▀[0m[38;2;65;64;65m[48;2;57;109;164m▀[0m[38;2;65;64;65m[48;2;57;109;164m▀[0m[38;2;0;0;0m[48;2;65;64;65m▀[0m[38;2;0;0;0m▄    [38;2;0;0;0m▀[38;2;255;255;255m[48;2;0;0;0m▀[0m[38;2;0;0;0m▀[38;2;255;255;255m[48;2;0;0;0m▀[0m[38;2;0;0;0m▀ 
                             [38;2;0;0;0m▀[38;2;0;0;0m▀[38;2;57;85;111m[48;2;0;0;0m▀[0m[38;2;255;255;255m[48;2;0;0;0m▀[0m[38;2;255;255;255m[48;2;0;0;0m▀[0m[38;2;0;0;0m▀         
[0m
