                          [38;2;0;0;0m▄[38;2;0;0;0m[48;2;255;255;255m▀[0m[38;2;0;0;0m▄[38;2;0;0;0m▄       
        [38;2;0;0;0m▄[38;2;0;0;0m▄[38;2;0;0;0m[48;2;82;154;206m▀[0m[38;2;0;4;0m[48;2;123;203;255m▀[0m[38;2;0;4;0m[48;2;82;136;170m▀[0m[38;2;0;0;0m▄[38;2;0;0;0m▄[38;2;0;0;0m▄         [38;2;0;0;0m▄[38;2;0;0;0m[48;2;82;154;206m▀[0m[38;2;79;155;200m[48;2;123;190;255m▀[0m[38;2;123;190;255m[48;2;123;190;255m▀[0m[38;2;82;140;172m[48;2;123;207;255m▀[0m[38;2;0;8;8m[48;2;82;140;172m▀[0m[38;2;0;0;0m[48;2;82;154;206m▀[0m[38;2;0;0;0m▄[38;2;0;0;0m▄   
       [38;2;0;0;0m▀[38;2;255;255;255m[48;2;0;0;0m▀[0m[38;2;46;70;85m[48;2;8;4;0m▀[0m[38;2;123;203;255m[48;2;84;136;170m▀[0m[38;2;123;190;255m[48;2;123;190;255m▀[0m[38;2;123;190;255m[48;2;79;155;200m▀[0m[38;2;99;77;45m[48;2;0;4;0m▀[0m[38;2;198;150;90m[48;2;0;4;0m▀[0m[38;2;198;150;90m[48;2;99;77;45m▀[0m[38;2;0;4;0m[48;2;198;150;90m▀[0m[38;2;0;0;0m▄       [38;2;0;0;0m▀[38;2;82;154;206m[48;2;0;0;0m▀[0m[38;2;84;149;208m[48;2;54;109;161m▀[0m[38;2;115;190;255m[48;2;54;109;161m▀[0m[38;2;79;154;203m[48;2;79;154;203m▀[0m[38;2;79;154;203m[48;2;79;154;203m▀[0m[38;2;79;155;203m[48;2;79;155;203m▀[0m[38;2;57;109;165m[48;2;79;155;203m▀[0m[38;2;214;211;214m[48;2;214;211;214m▀[0m[38;2;0;0;0m[48;2;214;211;214m▀[0m[38;2;0;0;0m[48;2;214;211;214m▀[0m[38;2;0;0;0m▄
    [38;2;0;0;0m▄[38;2;0;0;0m[48;2;255;255;255m▀[0m[38;2;0;0;0m▄   [38;2;0;0;0m▀[38;2;0;0;0m▀[38;2;0;0;0m▀  [38;2;0;0;0m▀[38;2;103;85;49m[48;2;0;0;0m▀[0m[38;2;198;146;90m[48;2;198;146;90m▀[0m[38;2;0;0;0m[48;2;0;0;0m▀[0m      [38;2;0;0;0m▄[38;2;0;0;0m[48;2;173;130;107m▀[0m[38;2;131;153;160m[48;2;255;255;255m▀[0m[38;2;255;255;255m[48;2;131;153;160m▀[0m[38;2;54;105;142m[48;2;0;0;0m▀[0m[38;2;82;158;214m[48;2;0;0;0m▀[0m[38;2;57;109;165m[48;2;214;211;214m▀[0m[38;2;57;109;165m[48;2;214;211;214m▀[0m[38;2;66;65;66m[48;2;0;0;0m▀[0m[38;2;0;0;0m▀[38;2;0;0;0m▀ 
   [38;2;0;0;0m▄[38;2;0;0;0m[48;2;82;154;206m▀[0m[38;2;46;63;85m[48;2;123;190;255m▀[0m[38;2;8;0;0m[48;2;123;190;255m▀[0m[38;2;0;0;0m▄       [38;2;0;0;0m▄[38;2;0;0;0m▄[38;2;8;4;0m[48;2;84;136;170m▀[0m[38;2;46;70;85m[48;2;123;203;255m▀[0m[38;2;0;0;0m[48;2;123;190;255m▀[0m[38;2;0;0;0m▄[38;2;0;0;0m▄[38;2;0;0;0m[48;2;173;130;107m▀[0m[38;2;0;4;0m[48;2;148;117;88m▀[0m[38;2;0;4;0m[48;2;222;174;132m▀[0m[38;2;214;166;123m[48;2;214;166;123m▀[0m[38;2;214;166;123m[48;2;0;0;0m▀[0m[38;2;0;0;0m▀[38;2;0;0;0m▀  [38;2;0;0;0m▀[38;2;0;0;0m▀    
  [38;2;0;0;0m[48;2;0;0;0m▀[0m[38;2;82;155;200m[48;2;82;155;200m▀[0m[38;2;214;166;123m[48;2;214;166;123m▀[0m[38;2;79;155;200m[48;2;79;155;200m▀[0m[38;2;123;190;255m[48;2;123;190;255m▀[0m[38;2;123;190;255m[48;2;123;190;255m▀[0m[38;2;8;0;0m[48;2;46;63;85m▀[0m[38;2;0;0;0m▄[38;2;0;0;0m▄[38;2;0;0;0m▄[38;2;0;0;0m▄[38;2;0;0;0m▄[38;2;0;0;0m[48;2;214;166;123m▀[0m[38;2;66;65;66m[48;2;214;166;123m▀[0m[38;2;214;166;123m[48;2;214;166;123m▀[0m[38;2;126;155;178m[48;2;82;69;57m▀[0m[38;2;126;155;178m[48;2;148;199;239m▀[0m[38;2;123;190;255m[48;2;123;190;255m▀[0m[38;2;123;190;255m[48;2;79;155;200m▀[0m[38;2;123;190;255m[48;2;123;190;255m▀[0m[38;2;46;63;85m[48;2;8;0;0m▀[0m[38;2;0;0;0m▀[38;2;0;0;0m▀[38;2;0;0;0m▀           
 [38;2;0;0;0m[48;2;0;0;0m▀[0m[38;2;123;190;255m[48;2;123;190;255m▀[0m[38;2;79;155;200m[48;2;123;190;255m▀[0m[38;2;79;155;200m[48;2;79;155;200m▀[0m[38;2;79;155;200m[48;2;123;190;255m▀[0m[38;2;123;190;255m[48;2;123;190;255m▀[0m[38;2;123;189;255m[48;2;123;189;255m▀[0m[38;2;123;189;255m[48;2;123;189;255m▀[0m[38;2;255;255;255m[48;2;0;0;0m▀[0m[38;2;255;255;255m[48;2;0;0;0m▀[0m[38;2;164;132;104m[48;2;66;65;66m▀[0m[38;2;214;166;123m[48;2;66;65;66m▀[0m[38;2;214;166;123m[48;2;71;58;46m▀[0m[38;2;214;166;123m[48;2;0;4;8m▀[0m[38;2;66;65;66m[48;2;66;65;66m▀[0m[38;2;66;65;66m[48;2;123;190;255m▀[0m[38;2;123;189;255m[48;2;123;189;255m▀[0m[38;2;123;189;255m[48;2;123;189;255m▀[0m[38;2;82;155;200m[48;2;82;155;200m▀[0m[38;2;214;166;123m[48;2;214;166;123m▀[0m[38;2;63;124;178m[48;2;173;130;107m▀[0m[38;2;63;124;178m[48;2;63;124;178m▀[0m[38;2;0;0;0m[48;2;0;0;0m▀[0m             
[38;2;0;0;0m▄[38;2;0;12;41m[48;2;231;255;255m▀[0m[38;2;154;174;183m[48;2;77;93;112m▀[0m[38;2;123;189;255m[48;2;123;189;255m▀[0m[38;2;123;189;255m[48;2;123;189;255m▀[0m[38;2;123;189;255m[48;2;123;189;255m▀[0m[38;2;123;189;255m[48;2;123;189;255m▀[0m[38;2;123;190;255m[48;2;123;190;255m▀[0m[38;2;0;0;0m[48;2;0;0;0m▀[0m [38;2;0;0;0m▄[38;2;0;8;16m[48;2;214;170;132m▀[0m[38;2;71;62;54m[48;2;71;62;54m▀[0m[38;2;0;0;0m[48;2;214;166;123m▀[0m[38;2;0;0;0m▄[38;2;0;0;0m▀[38;2;123;190;255m[48;2;0;0;0m▀[0m[38;2;66;65;66m[48;2;214;166;123m▀[0m[38;2;66;65;66m[48;2;214;166;123m▀[0m[38;2;115;162;189m[48;2;82;70;63m▀[0m[38;2;98;116;126m[48;2;82;70;63m▀[0m[38;2;156;138;123m[48;2;57;69;90m▀[0m[38;2;90;92;101m[48;2;57;69;90m▀[0m[38;2;99;81;61m[48;2;99;81;61m▀[0m[38;2;0;0;0m[48;2;198;162;123m▀[0m[38;2;0;0;0m[48;2;206;166;123m▀[0m[38;2;0;0;0m[48;2;103;83;61m▀[0m[38;2;0;0;0m▄         
[38;2;0;0;0m[48;2;0;0;0m▀[0m[38;2;255;255;255m[48;2;255;255;255m▀[0m[38;2;255;255;255m[48;2;0;0;0m▀[0m[38;2;82;95;117m[48;2;0;16;49m▀[0m[38;2;82;95;117m[48;2;247;255;255m▀[0m[38;2;77;93;112m[48;2;231;255;255m▀[0m[38;2;154;174;183m[48;2;0;12;41m▀[0m[38;2;0;0;0m▀[38;2;0;0;0m▄[38;2;8;4;8m[48;2;214;166;123m▀[0m[38;2;214;166;123m[48;2;76;58;46m▀[0m[38;2;211;165;123m[48;2;211;165;123m▀[0m[38;2;211;165;123m[48;2;211;165;123m▀[0m[38;2;214;166;123m[48;2;74;65;66m▀[0m[38;2;74;65;66m[48;2;214;166;123m▀[0m[38;2;0;0;0m[48;2;214;166;123m▀[0m[38;2;214;166;123m[48;2;214;166;123m▀[0m[38;2;66;65;66m[48;2;214;166;123m▀[0m[38;2;66;65;66m[48;2;214;166;123m▀[0m[38;2;214;166;123m[48;2;66;65;66m▀[0m[38;2;164;132;104m[48;2;66;65;66m▀[0m[38;2;255;255;255m[48;2;66;65;66m▀[0m[38;2;255;255;255m[48;2;66;65;66m▀[0m[38;2;214;166;123m[48;2;104;84;51m▀[0m[38;2;214;166;123m[48;2;214;166;123m▀[0m[38;2;214;166;123m[48;2;214;166;123m▀[0m[38;2;214;166;123m[48;2;104;84;51m▀[0m[38;2;0;0;0m[48;2;66;65;66m▀[0m[38;2;0;0;0m▄        
[38;2;0;0;0m▀[38;2;0;0;0m▀  [38;2;0;0;0m[48;2;0;0;0m▀[0m[38;2;255;255;255m[48;2;255;255;255m▀[0m[38;2;0;0;0m[48;2;0;0;0m▀[0m [38;2;0;0;0m▀[38;2;214;166;123m[48;2;0;0;0m▀[0m[38;2;214;166;123m[48;2;214;166;123m▀[0m[38;2;214;166;123m[48;2;214;166;123m▀[0m[38;2;82;68;63m[48;2;214;166;123m▀[0m[38;2;211;165;123m[48;2;211;165;123m▀[0m[38;2;211;165;123m[48;2;211;165;123m▀[0m[38;2;214;166;123m[48;2;104;84;51m▀[0m[38;2;214;166;123m[48;2;214;166;123m▀[0m[38;2;211;165;123m[48;2;211;165;123m▀[0m[38;2;211;165;123m[48;2;211;165;123m▀[0m[38;2;211;165;123m[48;2;211;165;123m▀[0m[38;2;211;165;123m[48;2;211;165;123m▀[0m[38;2;214;166;123m[48;2;104;84;51m▀[0m[38;2;214;166;123m[48;2;214;166;123m▀[0m[38;2;66;65;66m[48;2;170;132;104m▀[0m[38;2;66;65;66m[48;2;66;65;66m▀[0m[38;2;66;65;66m[48;2;170;132;104m▀[0m[38;2;66;65;66m[48;2;170;132;104m▀[0m[38;2;170;132;104m[48;2;101;86;52m▀[0m[38;2;101;86;52m[48;2;170;132;104m▀[0m[38;2;0;0;0m[48;2;173;130;107m▀[0m[38;2;0;0;0m▄      
     [38;2;0;0;0m▀   [38;2;0;0;0m▀[38;2;214;166;123m[48;2;0;0;0m▀[0m[38;2;104;84;51m[48;2;104;84;51m▀[0m[38;2;214;166;123m[48;2;214;166;123m▀[0m[38;2;214;166;123m[48;2;66;65;66m▀[0m[38;2;214;166;123m[48;2;66;65;66m▀[0m[38;2;214;166;123m[48;2;214;166;123m▀[0m[38;2;104;84;51m[48;2;214;166;123m▀[0m[38;2;214;166;123m[48;2;104;84;51m▀[0m[38;2;214;166;123m[48;2;104;84;51m▀[0m[38;2;101;86;52m[48;2;170;132;104m▀[0m[38;2;101;86;52m[48;2;170;132;104m▀[0m[38;2;214;166;123m[48;2;170;130;101m▀[0m[38;2;170;130;101m[48;2;170;130;101m▀[0m[38;2;170;131;104m[48;2;170;131;104m▀[0m[38;2;170;131;104m[48;2;170;131;104m▀[0m[38;2;66;65;66m[48;2;66;65;66m▀[0m[38;2;170;132;104m[48;2;170;132;104m▀[0m[38;2;170;132;104m[48;2;170;132;104m▀[0m[38;2;170;132;104m[48;2;101;86;52m▀[0m[38;2;110;86;66m[48;2;165;130;99m▀[0m[38;2;0;0;0m[48;2;0;0;0m▀[0m      
          [38;2;0;0;0m▀[38;2;99;89;74m[48;2;0;4;8m▀[0m[38;2;66;60;52m[48;2;66;60;52m▀[0m[38;2;66;65;66m[48;2;214;211;214m▀[0m[38;2;66;65;66m[48;2;66;65;66m▀[0m[38;2;66;65;66m[48;2;66;65;66m▀[0m[38;2;170;132;104m[48;2;170;132;104m▀[0m[38;2;170;131;104m[48;2;170;131;104m▀[0m[38;2;170;131;104m[48;2;170;131;104m▀[0m[38;2;170;132;104m[48;2;66;65;66m▀[0m[38;2;66;65;66m[48;2;66;65;66m▀[0m[38;2;66;65;66m[48;2;66;65;66m▀[0m[38;2;170;132;104m[48;2;66;65;66m▀[0m[38;2;170;131;104m[48;2;170;131;104m▀[0m[38;2;170;131;104m[48;2;170;131;104m▀[0m[38;2;170;131;104m[48;2;170;131;104m▀[0m[38;2;170;131;104m[48;2;170;131;104m▀[0m[38;2;165;130;99m[48;2;110;86;66m▀[0m[38;2;165;130;99m[48;2;0;0;0m▀[0m[38;2;0;0;0m▀       
            [38;2;0;0;0m▀[38;2;66;65;66m[48;2;0;0;0m▀[0m[38;2;66;65;66m[48;2;66;65;66m▀[0m[38;2;170;132;104m[48;2;101;86;52m▀[0m[38;2;170;132;104m[48;2;101;86;52m▀[0m[38;2;170;132;104m[48;2;170;132;104m▀[0m[38;2;170;132;104m[48;2;101;86;52m▀[0m[38;2;74;65;57m[48;2;148;138;127m▀[0m[38;2;222;211;198m[48;2;74;65;57m▀[0m[38;2;66;65;66m[48;2;66;65;66m▀[0m[38;2;66;65;66m[48;2;101;85;49m▀[0m[38;2;170;132;104m[48;2;101;86;52m▀[0m[38;2;101;86;52m[48;2;170;132;104m▀[0m[38;2;173;130;107m[48;2;0;0;0m▀[0m[38;2;0;0;0m▀[38;2;0;0;0m▀         
              [38;2;0;0;0m▀[38;2;82;65;57m[48;2;0;0;8m▀[0m[38;2;165;130;107m[48;2;165;130;107m▀[0m[38;2;101;86;52m[48;2;170;132;104m▀[0m[38;2;101;86;52m[48;2;170;132;104m▀[0m[38;2;110;86;60m[48;2;165;130;90m▀[0m[38;2;110;86;60m[48;2;0;0;0m▀[0m[38;2;173;130;107m[48;2;0;0;0m▀[0m[38;2;0;0;0m▀[38;2;0;0;0m▀[38;2;0;0;0m▀            
                [38;2;0;0;0m▀[38;2;170;132;104m[48;2;0;0;0m▀[0m[38;2;170;132;104m[48;2;0;0;0m▀[0m[38;2;0;0;0m▀                 
[0m
