  [38;2;0;0;0m[48;2;0;0;0m▀[0m[38;2;0;0;0m[48;2;247;230;41m▀[0m[38;2;0;0;0m[48;2;206;156;90m▀[0m[38;2;0;0;0m▄       [38;2;0;0;0m▄[38;2;0;0;0m▄[38;2;0;0;0m▄          
[38;2;0;0;0m▄[38;2;0;0;0m▄[38;2;0;0;0m[48;2;65;65;65m▀[0m[38;2;247;230;41m[48;2;206;156;90m▀[0m[38;2;206;156;90m[48;2;247;230;41m▀[0m[38;2;247;230;41m[48;2;247;230;41m▀[0m[38;2;0;0;0m[48;2;0;0;0m▀[0m[38;2;0;0;0m▄[38;2;0;0;0m▄ [38;2;0;0;0m▄[38;2;0;0;0m[48;2;247;230;41m▀[0m[38;2;0;0;0m[48;2;206;156;90m▀[0m[38;2;247;230;41m[48;2;247;230;41m▀[0m[38;2;247;230;41m[48;2;247;230;41m▀[0m[38;2;0;0;0m[48;2;0;0;0m▀[0m          
[38;2;0;0;0m[48;2;0;0;0m▀[0m[38;2;115;165;90m[48;2;115;165;90m▀[0m[38;2;115;165;90m[48;2;115;165;90m▀[0m[38;2;65;65;65m[48;2;65;65;65m▀[0m[38;2;247;230;41m[48;2;156;99;165m▀[0m[38;2;156;99;165m[48;2;230;165;239m▀[0m[38;2;230;165;239m[48;2;230;165;239m▀[0m[38;2;230;165;239m[48;2;230;165;239m▀[0m[38;2;156;99;165m[48;2;189;132;181m▀[0m[38;2;0;0;0m[48;2;65;65;65m▀[0m[38;2;206;156;90m[48;2;247;230;41m▀[0m[38;2;247;230;41m[48;2;206;156;90m▀[0m[38;2;247;230;41m[48;2;247;230;41m▀[0m[38;2;206;156;90m[48;2;0;0;0m▀[0m[38;2;0;0;0m▀    [38;2;0;0;0m▄[38;2;0;0;0m▄[38;2;0;0;0m▄[38;2;0;0;0m[48;2;115;165;90m▀[0m[38;2;0;0;0m[48;2;115;165;90m▀[0m[38;2;0;0;0m[48;2;115;165;90m▀[0m[38;2;0;0;0m[48;2;0;0;0m▀[0m
[38;2;0;0;0m▀[38;2;115;165;90m[48;2;0;0;0m▀[0m[38;2;115;165;90m[48;2;65;65;65m▀[0m[38;2;115;165;90m[48;2;65;65;65m▀[0m[38;2;65;65;65m[48;2;230;165;239m▀[0m[38;2;230;165;239m[48;2;230;165;239m▀[0m[38;2;230;165;239m[48;2;230;165;239m▀[0m[38;2;189;132;181m[48;2;189;132;181m▀[0m[38;2;189;132;181m[48;2;189;132;181m▀[0m[38;2;65;65;65m[48;2;189;132;181m▀[0m[38;2;206;156;90m[48;2;65;65;65m▀[0m[38;2;206;156;90m[48;2;65;65;65m▀[0m[38;2;65;65;65m[48;2;189;132;181m▀[0m[38;2;0;0;0m[48;2;65;65;65m▀[0m[38;2;0;0;0m▄[38;2;0;0;0m▄[38;2;0;0;0m[48;2;156;206;74m▀[0m[38;2;0;0;0m[48;2;156;206;74m▀[0m[38;2;0;0;0m[48;2;156;206;74m▀[0m[38;2;156;206;74m[48;2;156;206;74m▀[0m[38;2;156;206;74m[48;2;156;206;74m▀[0m[38;2;156;206;74m[48;2;156;206;74m▀[0m[38;2;156;206;74m[48;2;156;206;74m▀[0m[38;2;115;165;90m[48;2;115;165;90m▀[0m[38;2;115;165;90m[48;2;115;165;90m▀[0m[38;2;0;0;0m[48;2;0;0;0m▀[0m
 [38;2;0;0;0m[48;2;0;0;0m▀[0m[38;2;115;165;90m[48;2;115;165;90m▀[0m[38;2;65;65;65m[48;2;65;65;65m▀[0m[38;2;230;165;239m[48;2;189;132;181m▀[0m[38;2;230;165;239m[48;2;230;165;239m▀[0m[38;2;189;132;181m[48;2;189;132;181m▀[0m[38;2;189;132;181m[48;2;156;99;165m▀[0m[38;2;189;132;181m[48;2;156;99;165m▀[0m[38;2;156;99;165m[48;2;247;230;41m▀[0m[38;2;156;99;165m[48;2;206;156;90m▀[0m[38;2;156;99;165m[48;2;65;65;65m▀[0m[38;2;189;132;181m[48;2;189;132;181m▀[0m[38;2;189;132;181m[48;2;189;132;181m▀[0m[38;2;65;65;65m[48;2;65;65;65m▀[0m[38;2;156;206;74m[48;2;156;206;74m▀[0m[38;2;156;206;74m[48;2;230;74;41m▀[0m[38;2;230;74;41m[48;2;230;74;41m▀[0m[38;2;230;74;41m[48;2;156;206;74m▀[0m[38;2;230;74;41m[48;2;156;206;74m▀[0m[38;2;230;74;41m[48;2;230;74;41m▀[0m[38;2;230;74;41m[48;2;230;74;41m▀[0m[38;2;156;206;74m[48;2;65;65;65m▀[0m[38;2;115;165;90m[48;2;65;65;65m▀[0m[38;2;115;165;90m[48;2;0;0;0m▀[0m[38;2;0;0;0m▀
  [38;2;0;0;0m[48;2;0;0;0m▀[0m[38;2;65;65;65m[48;2;115;165;90m▀[0m[38;2;189;132;181m[48;2;65;65;65m▀[0m[38;2;189;132;181m[48;2;189;132;181m▀[0m[38;2;189;132;181m[48;2;189;132;181m▀[0m[38;2;65;65;65m[48;2;65;65;65m▀[0m[38;2;247;230;41m[48;2;156;99;165m▀[0m[38;2;206;156;90m[48;2;247;230;41m▀[0m[38;2;247;230;41m[48;2;206;156;90m▀[0m[38;2;65;65;65m[48;2;65;65;65m▀[0m[38;2;189;132;181m[48;2;189;132;181m▀[0m[38;2;189;132;181m[48;2;65;65;65m▀[0m[38;2;156;99;165m[48;2;65;65;65m▀[0m[38;2;65;65;65m[48;2;65;65;65m▀[0m[38;2;156;206;74m[48;2;156;206;74m▀[0m[38;2;230;74;41m[48;2;156;206;74m▀[0m[38;2;230;74;41m[48;2;156;206;74m▀[0m[38;2;230;74;41m[48;2;156;206;74m▀[0m[38;2;230;74;41m[48;2;156;206;74m▀[0m[38;2;156;206;74m[48;2;156;206;74m▀[0m[38;2;156;206;74m[48;2;115;165;90m▀[0m[38;2;0;0;0m[48;2;115;165;90m▀[0m[38;2;0;0;0m▄ 
   [38;2;0;0;0m▀[38;2;65;65;65m[48;2;0;0;0m▀[0m[38;2;65;65;65m[48;2;65;65;65m▀[0m[38;2;65;65;65m[48;2;189;132;181m▀[0m[38;2;189;132;181m[48;2;189;132;181m▀[0m[38;2;156;99;165m[48;2;189;132;181m▀[0m[38;2;65;65;65m[48;2;189;132;181m▀[0m[38;2;65;65;65m[48;2;156;99;165m▀[0m[38;2;189;132;181m[48;2;65;65;65m▀[0m[38;2;65;65;65m[48;2;230;74;41m▀[0m[38;2;230;74;41m[48;2;230;74;41m▀[0m[38;2;230;74;41m[48;2;65;65;65m▀[0m[38;2;65;65;65m[48;2;65;65;65m▀[0m[38;2;156;206;74m[48;2;65;65;65m▀[0m[38;2;230;74;41m[48;2;156;206;74m▀[0m[38;2;230;74;41m[48;2;156;206;74m▀[0m[38;2;230;74;41m[48;2;156;206;74m▀[0m[38;2;156;206;74m[48;2;156;206;74m▀[0m[38;2;156;206;74m[48;2;115;165;90m▀[0m[38;2;115;165;90m[48;2;65;65;65m▀[0m[38;2;115;165;90m[48;2;65;65;65m▀[0m[38;2;0;0;0m[48;2;0;0;0m▀[0m 
    [38;2;0;0;0m▀[38;2;230;74;41m[48;2;0;0;0m▀[0m[38;2;65;65;65m[48;2;230;74;41m▀[0m[38;2;156;99;165m[48;2;65;65;65m▀[0m[38;2;156;99;165m[48;2;65;65;65m▀[0m[38;2;156;99;165m[48;2;189;132;181m▀[0m[38;2;189;132;181m[48;2;189;132;181m▀[0m[38;2;189;132;181m[48;2;65;65;65m▀[0m[38;2;65;65;65m[48;2;230;74;41m▀[0m[38;2;65;65;65m[48;2;230;74;41m▀[0m[38;2;230;74;41m[48;2;65;65;65m▀[0m[38;2;65;65;65m[48;2;156;99;165m▀[0m[38;2;189;132;181m[48;2;65;65;65m▀[0m[38;2;65;65;65m[48;2;65;65;65m▀[0m[38;2;156;206;74m[48;2;115;165;90m▀[0m[38;2;156;206;74m[48;2;115;165;90m▀[0m[38;2;115;165;90m[48;2;115;165;90m▀[0m[38;2;115;165;90m[48;2;115;165;90m▀[0m[38;2;115;165;90m[48;2;0;0;0m▀[0m[38;2;0;0;0m▀  
      [38;2;0;0;0m▀[38;2;0;0;0m▀[38;2;0;0;0m▀[38;2;65;65;65m[48;2;0;0;0m▀[0m[38;2;65;65;65m[48;2;0;0;0m▀[0m[38;2;65;65;65m[48;2;0;0;0m▀[0m[38;2;65;65;65m[48;2;156;99;165m▀[0m[38;2;65;65;65m[48;2;65;65;65m▀[0m[38;2;156;99;165m[48;2;0;0;0m▀[0m[38;2;189;132;181m[48;2;0;0;0m▀[0m[38;2;65;65;65m[48;2;65;65;65m▀[0m[38;2;115;165;90m[48;2;115;165;90m▀[0m[38;2;115;165;90m[48;2;0;0;0m▀[0m[38;2;115;165;90m[48;2;0;0;0m▀[0m[38;2;0;0;0m▀[38;2;0;0;0m▀    
            [38;2;0;0;0m▀[38;2;0;0;0m▀ [38;2;0;0;0m▀[38;2;0;0;0m▀[38;2;0;0;0m▀        
[0m
