         [38;2;0;0;0m▄[38;2;0;0;0m[48;2;126;72;49m▀[0m[38;2;0;0;0m▄   [38;2;0;0;0m▄  [38;2;0;0;0m▄[38;2;0;0;0m▄[38;2;0;0;0m▄[38;2;0;0;0m▄       
    [38;2;0;0;0m▄[38;2;0;0;0m[48;2;189;161;82m▀[0m[38;2;0;4;8m▄[38;2;0;4;8m▄[38;2;0;0;0m[48;2;65;64;65m▀[0m[38;2;127;72;49m[48;2;126;71;46m▀[0m[38;2;126;72;49m[48;2;65;52;57m▀[0m[38;2;0;0;0m[48;2;126;103;71m▀[0m[38;2;0;0;0m▄[38;2;0;0;0m[48;2;159;110;60m▀[0m[38;2;0;0;0m[48;2;156;111;63m▀[0m[38;2;156;109;65m[48;2;156;111;63m▀[0m[38;2;0;0;0m[48;2;65;64;65m▀[0m[38;2;0;0;0m[48;2;126;71;46m▀[0m[38;2;126;72;49m[48;2;126;71;46m▀[0m[38;2;126;72;49m[48;2;126;71;46m▀[0m[38;2;126;72;49m[48;2;0;0;0m▀[0m[38;2;0;0;0m▀       
    [38;2;0;0;0m[48;2;0;0;0m▀[0m[38;2;189;161;82m[48;2;189;161;82m▀[0m[38;2;189;165;90m[48;2;191;161;76m▀[0m[38;2;63;58;35m[48;2;65;64;65m▀[0m[38;2;126;71;46m[48;2;65;64;65m▀[0m[38;2;65;64;65m[48;2;246;218;106m▀[0m[38;2;246;206;98m[48;2;246;214;98m▀[0m[38;2;65;52;57m[48;2;65;64;65m▀[0m[38;2;159;110;60m[48;2;153;120;71m▀[0m[38;2;159;110;60m[48;2;153;120;71m▀[0m[38;2;156;111;63m[48;2;65;64;65m▀[0m[38;2;123;72;49m[48;2;65;64;65m▀[0m[38;2;65;64;65m[48;2;246;218;106m▀[0m[38;2;65;64;65m[48;2;246;218;106m▀[0m[38;2;65;64;65m[48;2;246;206;98m▀[0m[38;2;65;64;65m[48;2;65;52;57m▀[0m[38;2;127;72;49m[48;2;65;64;65m▀[0m[38;2;0;0;0m[48;2;126;71;46m▀[0m[38;2;0;0;0m[48;2;156;111;63m▀[0m[38;2;0;0;0m[48;2;156;111;63m▀[0m[38;2;0;0;0m[48;2;156;109;65m▀[0m[38;2;0;0;0m▄   
     [38;2;0;0;0m[48;2;0;0;0m▀[0m[38;2;191;161;76m[48;2;65;64;65m▀[0m[38;2;65;64;65m[48;2;246;218;106m▀[0m[38;2;246;218;106m[48;2;246;218;106m▀[0m[38;2;246;218;106m[48;2;246;218;106m▀[0m[38;2;65;64;65m[48;2;65;64;65m▀[0m[38;2;186;164;87m[48;2;246;218;106m▀[0m[38;2;197;149;74m[48;2;65;64;65m▀[0m[38;2;65;60;65m[48;2;246;218;106m▀[0m[38;2;246;218;106m[48;2;246;218;106m▀[0m[38;2;246;218;106m[48;2;246;218;106m▀[0m[38;2;246;218;106m[48;2;246;218;106m▀[0m[38;2;246;218;106m[48;2;65;64;65m▀[0m[38;2;65;52;57m[48;2;65;64;65m▀[0m[38;2;126;103;71m[48;2;65;64;65m▀[0m[38;2;126;71;46m[48;2;65;64;65m▀[0m[38;2;126;71;46m[48;2;65;64;65m▀[0m[38;2;123;72;49m[48;2;115;80;65m▀[0m[38;2;156;111;63m[48;2;0;4;8m▀[0m[38;2;0;0;0m▀    
    [38;2;0;0;0m[48;2;0;0;0m▀[0m[38;2;189;161;82m[48;2;246;218;106m▀[0m[38;2;65;64;65m[48;2;246;218;106m▀[0m[38;2;246;218;106m[48;2;189;161;79m▀[0m[38;2;186;167;93m[48;2;189;161;79m▀[0m[38;2;65;64;65m[48;2;246;218;106m▀[0m[38;2;246;218;106m[48;2;246;218;106m▀[0m[38;2;246;218;106m[48;2;246;218;106m▀[0m[38;2;246;218;106m[48;2;246;214;98m▀[0m[38;2;246;218;106m[48;2;186;164;84m▀[0m[38;2;246;218;106m[48;2;71;62;63m▀[0m[38;2;246;218;106m[48;2;71;62;63m▀[0m[38;2;65;64;65m[48;2;123;72;49m▀[0m[38;2;65;64;65m[48;2;156;111;63m▀[0m[38;2;160;111;61m[48;2;167;102;52m▀[0m[38;2;160;111;61m[48;2;120;79;54m▀[0m[38;2;160;111;61m[48;2;126;71;46m▀[0m[38;2;160;111;61m[48;2;65;64;65m▀[0m[38;2;76;55;46m[48;2;123;72;49m▀[0m[38;2;76;55;46m[48;2;156;111;63m▀[0m[38;2;0;0;0m[48;2;159;111;63m▀[0m[38;2;0;0;0m[48;2;159;111;63m▀[0m[38;2;0;0;0m[48;2;156;109;65m▀[0m[38;2;0;0;0m▄ 
   [38;2;0;0;0m[48;2;0;0;0m▀[0m[38;2;246;218;106m[48;2;246;218;106m▀[0m[38;2;246;218;106m[48;2;246;218;106m▀[0m[38;2;246;218;106m[48;2;246;218;106m▀[0m[38;2;246;218;106m[48;2;246;218;106m▀[0m[38;2;246;218;106m[48;2;82;82;82m▀[0m[38;2;189;161;79m[48;2;246;246;246m▀[0m[38;2;65;64;65m[48;2;255;255;213m▀[0m[38;2;65;64;65m[48;2;65;80;57m▀[0m[38;2;186;164;84m[48;2;222;199;120m▀[0m[38;2;65;64;57m[48;2;205;174;74m▀[0m[38;2;117;83;60m[48;2;65;64;65m▀[0m[38;2;164;105;57m[48;2;126;71;46m▀[0m[38;2;156;111;63m[48;2;126;71;46m▀[0m[38;2;123;72;49m[48;2;126;71;46m▀[0m[38;2;120;79;54m[48;2;65;64;65m▀[0m[38;2;74;56;57m[48;2;126;71;46m▀[0m[38;2;65;64;65m[48;2;65;64;65m▀[0m[38;2;126;71;46m[48;2;65;64;65m▀[0m[38;2;123;72;49m[48;2;65;64;65m▀[0m[38;2;123;72;49m[48;2;126;71;46m▀[0m[38;2;159;111;63m[48;2;65;64;65m▀[0m[38;2;159;111;63m[48;2;65;64;65m▀[0m[38;2;0;0;0m[48;2;126;72;49m▀[0m[38;2;0;0;0m▄ 
 [38;2;0;0;0m▄[38;2;0;0;0m[48;2;255;255;205m▀[0m[38;2;246;218;106m[48;2;197;194;153m▀[0m[38;2;246;218;106m[48;2;246;218;106m▀[0m[38;2;246;218;106m[48;2;246;218;106m▀[0m[38;2;246;218;106m[48;2;191;163;79m▀[0m[38;2;65;64;65m[48;2;246;246;222m▀[0m[38;2;82;82;82m[48;2;65;64;65m▀[0m[38;2;0;0;0m[48;2;65;64;65m▀[0m[38;2;65;80;57m[48;2;246;246;219m▀[0m[38;2;191;196;161m[48;2;246;246;219m▀[0m[38;2;255;250;213m[48;2;246;246;222m▀[0m[38;2;255;250;213m[48;2;65;64;65m▀[0m[38;2;65;64;65m[48;2;65;64;65m▀[0m[38;2;65;64;65m[48;2;126;71;46m▀[0m[38;2;65;64;65m[48;2;123;72;49m▀[0m[38;2;65;64;65m[48;2;156;111;63m▀[0m[38;2;126;71;46m[48;2;65;64;65m▀[0m[38;2;126;71;46m[48;2;65;64;65m▀[0m[38;2;160;111;61m[48;2;126;71;46m▀[0m[38;2;160;111;61m[48;2;126;71;46m▀[0m[38;2;126;71;46m[48;2;161;109;57m▀[0m[38;2;65;64;65m[48;2;161;109;57m▀[0m[38;2;126;71;46m[48;2;65;64;65m▀[0m[38;2;126;71;46m[48;2;126;71;46m▀[0m[38;2;126;72;49m[48;2;127;72;49m▀[0m[38;2;126;72;49m[48;2;0;0;0m▀[0m[38;2;0;0;0m▀
 [38;2;0;0;0m▀[38;2;82;72;49m[48;2;0;0;0m▀[0m[38;2;255;255;205m[48;2;65;64;65m▀[0m[38;2;246;246;222m[48;2;65;64;65m▀[0m[38;2;246;246;222m[48;2;65;64;65m▀[0m[38;2;246;246;222m[48;2;246;246;222m▀[0m[38;2;246;246;222m[48;2;246;246;222m▀[0m[38;2;246;246;222m[48;2;246;246;213m▀[0m[38;2;246;246;222m[48;2;246;246;213m▀[0m[38;2;246;246;219m[48;2;65;64;65m▀[0m[38;2;246;246;219m[48;2;65;64;65m▀[0m[38;2;65;64;65m[48;2;208;202;156m▀[0m[38;2;65;64;65m[48;2;208;202;156m▀[0m[38;2;126;71;46m[48;2;65;64;65m▀[0m[38;2;126;71;46m[48;2;65;64;65m▀[0m[38;2;156;111;63m[48;2;117;83;60m▀[0m[38;2;156;111;63m[48;2;164;105;57m▀[0m[38;2;160;111;61m[48;2;160;111;61m▀[0m[38;2;160;111;61m[48;2;160;111;61m▀[0m[38;2;65;64;65m[48;2;164;105;57m▀[0m[38;2;126;71;46m[48;2;71;62;63m▀[0m[38;2;117;84;57m[48;2;65;64;65m▀[0m[38;2;74;60;57m[48;2;126;71;46m▀[0m[38;2;65;64;65m[48;2;82;52;41m▀[0m[38;2;65;64;65m[48;2;0;4;8m▀[0m[38;2;0;0;0m▀  
  [38;2;0;0;0m▄[38;2;0;0;0m[48;2;189;161;82m▀[0m[38;2;191;161;76m[48;2;189;161;79m▀[0m[38;2;191;161;76m[48;2;189;161;79m▀[0m[38;2;65;64;65m[48;2;189;161;82m▀[0m[38;2;65;64;65m[48;2;0;0;0m▀[0m[38;2;0;0;0m▀[38;2;82;82;71m[48;2;0;0;0m▀[0m[38;2;65;64;65m[48;2;208;202;156m▀[0m[38;2;205;202;156m[48;2;208;202;156m▀[0m[38;2;208;202;156m[48;2;208;203;156m▀[0m[38;2;208;202;156m[48;2;208;203;156m▀[0m[38;2;205;202;156m[48;2;194;190;164m▀[0m[38;2;205;202;156m[48;2;255;250;213m▀[0m[38;2;71;62;63m[48;2;65;64;65m▀[0m[38;2;71;62;63m[48;2;246;218;106m▀[0m[38;2;65;64;65m[48;2;246;218;106m▀[0m[38;2;65;64;65m[48;2;65;64;65m▀[0m[38;2;71;62;63m[48;2;191;161;76m▀[0m[38;2;117;83;60m[48;2;65;64;65m▀[0m[38;2;126;71;46m[48;2;126;71;46m▀[0m[38;2;126;71;46m[48;2;126;71;46m▀[0m[38;2;123;76;57m[48;2;126;72;49m▀[0m[38;2;123;76;57m[48;2;126;72;49m▀[0m[38;2;0;0;0m[48;2;127;72;49m▀[0m[38;2;0;0;0m▄ 
 [38;2;0;0;0m▄[38;2;0;0;0m[48;2;74;64;57m▀[0m[38;2;189;161;82m[48;2;150;151;123m▀[0m[38;2;189;161;79m[48;2;191;161;76m▀[0m[38;2;189;161;79m[48;2;191;161;76m▀[0m[38;2;0;0;0m[48;2;0;0;0m▀[0m [38;2;0;0;0m▄[38;2;0;0;0m[48;2;189;161;82m▀[0m[38;2;208;202;156m[48;2;65;64;65m▀[0m[38;2;208;202;156m[48;2;246;246;222m▀[0m[38;2;208;203;156m[48;2;246;246;219m▀[0m[38;2;246;246;222m[48;2;246;246;219m▀[0m[38;2;255;250;213m[48;2;65;64;65m▀[0m[38;2;74;68;65m[48;2;246;218;106m▀[0m[38;2;246;218;106m[48;2;246;218;106m▀[0m[38;2;246;218;106m[48;2;246;218;106m▀[0m[38;2;246;218;106m[48;2;246;218;106m▀[0m[38;2;246;218;106m[48;2;246;218;106m▀[0m[38;2;65;64;65m[48;2;65;64;65m▀[0m[38;2;191;161;76m[48;2;191;161;76m▀[0m[38;2;65;64;65m[48;2;191;161;76m▀[0m[38;2;65;64;65m[48;2;65;64;65m▀[0m[38;2;126;72;49m[48;2;0;0;0m▀[0m[38;2;0;0;0m▀[38;2;0;0;0m▀  
[38;2;0;0;0m▄[38;2;0;0;0m[48;2;164;190;189m▀[0m[38;2;189;194;156m[48;2;164;190;189m▀[0m[38;2;74;64;57m[48;2;119;117;119m▀[0m[38;2;65;64;65m[48;2;164;190;189m▀[0m[38;2;191;161;76m[48;2;0;0;0m▀[0m[38;2;0;0;0m▀[38;2;0;0;0m[48;2;0;0;0m▀[0m[38;2;189;161;82m[48;2;189;161;79m▀[0m[38;2;189;161;82m[48;2;189;161;79m▀[0m[38;2;65;64;65m[48;2;191;161;76m▀[0m[38;2;246;246;222m[48;2;65;64;65m▀[0m[38;2;246;246;219m[48;2;255;250;238m▀[0m[38;2;246;246;219m[48;2;65;64;65m▀[0m[38;2;65;64;65m[48;2;246;218;106m▀[0m[38;2;246;218;106m[48;2;246;218;106m▀[0m[38;2;246;218;106m[48;2;246;218;106m▀[0m[38;2;246;218;106m[48;2;246;218;106m▀[0m[38;2;246;218;106m[48;2;191;161;76m▀[0m[38;2;189;161;79m[48;2;65;64;65m▀[0m[38;2;65;64;65m[48;2;189;161;79m▀[0m[38;2;191;161;76m[48;2;189;161;79m▀[0m[38;2;191;161;76m[48;2;246;218;106m▀[0m[38;2;65;64;65m[48;2;189;161;79m▀[0m[38;2;189;161;82m[48;2;65;64;65m▀[0m[38;2;0;0;0m[48;2;191;161;76m▀[0m[38;2;0;0;0m▄[38;2;0;0;0m▄ 
[38;2;0;0;0m[48;2;0;0;0m▀[0m[38;2;164;190;189m[48;2;164;190;189m▀[0m[38;2;164;190;189m[48;2;164;190;189m▀[0m[38;2;119;117;119m[48;2;115;126;126m▀[0m[38;2;164;190;189m[48;2;0;0;0m▀[0m[38;2;0;0;0m▀ [38;2;0;0;0m▀[38;2;189;161;79m[48;2;0;8;24m▀[0m[38;2;189;161;79m[48;2;189;165;90m▀[0m[38;2;191;161;76m[48;2;191;161;76m▀[0m[38;2;191;161;76m[48;2;191;161;76m▀[0m[38;2;65;64;65m[48;2;65;64;65m▀[0m[38;2;255;250;238m[48;2;255;255;255m▀[0m[38;2;65;64;65m[48;2;255;255;255m▀[0m[38;2;246;218;106m[48;2;65;64;65m▀[0m[38;2;246;218;106m[48;2;191;161;76m▀[0m[38;2;189;161;79m[48;2;191;161;76m▀[0m[38;2;191;161;76m[48;2;63;56;38m▀[0m[38;2;65;64;65m[48;2;189;161;82m▀[0m[38;2;189;161;79m[48;2;246;218;106m▀[0m[38;2;246;218;106m[48;2;246;218;106m▀[0m[38;2;246;218;106m[48;2;189;161;82m▀[0m[38;2;189;161;79m[48;2;189;161;82m▀[0m[38;2;65;64;65m[48;2;0;0;0m▀[0m[38;2;191;161;76m[48;2;0;0;0m▀[0m[38;2;189;161;82m[48;2;0;0;0m▀[0m[38;2;189;161;82m[48;2;0;0;0m▀[0m[38;2;0;0;0m▀
 [38;2;0;0;0m[48;2;0;0;0m▀[0m[38;2;164;190;189m[48;2;164;190;189m▀[0m[38;2;65;63;63m[48;2;0;0;0m▀[0m[38;2;0;0;0m▀ [38;2;0;0;0m▄[38;2;0;0;0m[48;2;164;190;189m▀[0m[38;2;63;60;46m[48;2;112;124;126m▀[0m[38;2;63;60;46m[48;2;164;186;189m▀[0m[38;2;191;161;76m[48;2;65;64;65m▀[0m[38;2;65;64;65m[48;2;65;64;65m▀[0m[38;2;255;255;255m[48;2;238;242;230m▀[0m[38;2;255;255;255m[48;2;238;242;230m▀[0m[38;2;255;255;255m[48;2;65;64;65m▀[0m[38;2;65;64;65m[48;2;255;255;255m▀[0m[38;2;65;64;65m[48;2;255;255;255m▀[0m[38;2;65;64;65m[48;2;0;0;0m▀[0m[38;2;0;4;16m▀[38;2;189;161;82m[48;2;0;0;0m▀[0m[38;2;189;161;79m[48;2;189;161;82m▀[0m[38;2;189;161;79m[48;2;189;161;82m▀[0m[38;2;189;161;82m[48;2;189;161;90m▀[0m[38;2;0;0;0m[48;2;0;4;24m▀[0m     
  [38;2;0;0;0m▀    [38;2;0;0;0m▀[38;2;8;0;0m▀[38;2;60;62;63m[48;2;0;0;0m▀[0m[38;2;65;64;65m[48;2;222;222;213m▀[0m[38;2;255;255;255m[48;2;222;222;213m▀[0m[38;2;238;242;230m[48;2;74;74;71m▀[0m[38;2;65;64;65m[48;2;222;222;213m▀[0m[38;2;255;255;255m[48;2;222;222;222m▀[0m[38;2;255;255;255m[48;2;0;0;0m▀[0m[38;2;0;0;0m▀ [38;2;0;0;0m▄[38;2;0;0;0m[48;2;255;255;255m▀[0m[38;2;79;89;104m[48;2;84;84;90m▀[0m[38;2;79;89;104m[48;2;255;255;255m▀[0m[38;2;94;82;57m[48;2;255;255;255m▀[0m[38;2;189;161;90m[48;2;0;0;0m▀[0m[38;2;0;0;0m▀    
         [38;2;0;0;0m▀[38;2;0;0;0m▀[38;2;74;74;71m[48;2;0;0;0m▀[0m[38;2;222;222;213m[48;2;0;0;0m▀[0m[38;2;0;0;0m▀[38;2;0;0;0m▀    [38;2;0;0;0m▀[38;2;0;0;8m▀[38;2;0;0;8m▀[38;2;0;0;0m▀      
[0m
