             [38;2;0;0;0m▄[38;2;0;0;0m▄[38;2;0;0;0m[48;2;82;150;107m▀[0m[38;2;8;0;0m[48;2;90;146;115m▀[0m[38;2;8;0;0m[48;2;49;73;57m▀[0m[38;2;0;0;0m▄[38;2;0;0;0m▄[38;2;0;0;0m▄                
          [38;2;0;0;0m▄[38;2;0;0;0m[48;2;82;150;107m▀[0m[38;2;0;0;0m[48;2;82;150;107m▀[0m[38;2;82;150;107m[48;2;82;150;107m▀[0m[38;2;94;144;94m[48;2;66;69;66m▀[0m[38;2;66;69;66m[48;2;123;219;123m▀[0m[38;2;66;65;66m[48;2;132;215;115m▀[0m[38;2;132;215;115m[48;2;132;215;115m▀[0m[38;2;132;215;115m[48;2;132;215;115m▀[0m[38;2;132;215;115m[48;2;0;0;0m▀[0m[38;2;132;215;115m[48;2;0;0;0m▀[0m[38;2;0;0;0m▀               
       [38;2;0;0;0m▄[38;2;0;0;0m▄[38;2;0;0;0m[48;2;82;150;107m▀[0m[38;2;78;150;107m[48;2;78;150;107m▀[0m[38;2;78;150;107m[48;2;66;65;66m▀[0m[38;2;66;65;66m[48;2;132;215;115m▀[0m[38;2;66;65;66m[48;2;132;215;115m▀[0m[38;2;128;215;115m[48;2;128;215;115m▀[0m[38;2;128;215;115m[48;2;128;215;115m▀[0m[38;2;132;215;115m[48;2;0;0;0m▀[0m[38;2;0;0;0m▀[38;2;0;0;0m▀                  
     [38;2;0;0;0m▄[38;2;0;0;0m[48;2;82;150;107m▀[0m[38;2;82;150;107m[48;2;82;150;107m▀[0m[38;2;78;150;107m[48;2;66;65;66m▀[0m[38;2;78;150;107m[48;2;66;65;66m▀[0m[38;2;66;65;66m[48;2;132;215;115m▀[0m[38;2;132;215;115m[48;2;132;215;115m▀[0m[38;2;128;215;115m[48;2;128;215;115m▀[0m[38;2;128;215;115m[48;2;128;215;115m▀[0m[38;2;132;215;115m[48;2;0;0;0m▀[0m[38;2;0;0;0m▀                     
  [38;2;0;0;0m▄[38;2;0;0;0m▄[38;2;0;0;8m[48;2;140;235;132m▀[0m[38;2;93;156;90m[48;2;140;235;132m▀[0m[38;2;90;136;98m[48;2;156;255;148m▀[0m[38;2;57;77;74m[48;2;123;195;123m▀[0m[38;2;132;215;115m[48;2;132;215;115m▀[0m[38;2;132;215;115m[48;2;104;93;93m▀[0m[38;2;132;215;115m[48;2;104;93;93m▀[0m[38;2;132;215;115m[48;2;104;93;93m▀[0m[38;2;132;215;115m[48;2;104;93;93m▀[0m[38;2;132;215;115m[48;2;132;215;115m▀[0m[38;2;0;0;0m[48;2;82;150;107m▀[0m[38;2;0;0;0m▄        [38;2;0;0;0m▄[38;2;0;0;0m▄[38;2;0;0;0m▄          
[38;2;0;0;0m▄[38;2;0;0;0m[48;2;255;125;140m▀[0m[38;2;247;255;239m[48;2;57;77;57m▀[0m[38;2;57;77;57m[48;2;152;166;148m▀[0m[38;2;156;255;148m[48;2;127;214;115m▀[0m[38;2;156;255;148m[48;2;156;255;148m▀[0m[38;2;156;255;148m[48;2;156;255;148m▀[0m[38;2;156;255;148m[48;2;101;93;93m▀[0m[38;2;104;94;93m[48;2;214;81;99m▀[0m[38;2;214;81;99m[48;2;214;81;99m▀[0m[38;2;214;81;99m[48;2;255;255;255m▀[0m[38;2;214;81;99m[48;2;214;81;99m▀[0m[38;2;205;94;109m[48;2;205;94;109m▀[0m[38;2;107;81;82m[48;2;255;101;123m▀[0m[38;2;93;121;98m[48;2;93;121;98m▀[0m[38;2;0;0;0m[48;2;0;0;0m▀[0m  [38;2;0;0;0m▄[38;2;0;0;0m▄[38;2;0;0;0m▄[38;2;0;0;0m[48;2;255;125;140m▀[0m[38;2;0;0;0m[48;2;255;125;140m▀[0m[38;2;0;0;0m[48;2;255;125;140m▀[0m[38;2;255;125;140m[48;2;198;235;132m▀[0m[38;2;255;125;140m[48;2;198;235;132m▀[0m[38;2;255;125;140m[48;2;255;125;140m▀[0m[38;2;0;0;0m[48;2;0;0;0m▀[0m   [38;2;0;0;0m▄     
[38;2;0;0;0m[48;2;0;0;0m▀[0m[38;2;255;125;140m[48;2;255;125;140m▀[0m[38;2;132;69;82m[48;2;132;69;82m▀[0m[38;2;107;207;115m[48;2;115;161;104m▀[0m[38;2;128;215;115m[48;2;128;215;115m▀[0m[38;2;128;215;115m[48;2;128;215;115m▀[0m[38;2;132;215;115m[48;2;132;215;115m▀[0m[38;2;104;93;93m[48;2;104;93;93m▀[0m[38;2;214;81;99m[48;2;214;81;99m▀[0m[38;2;214;81;99m[48;2;66;65;66m▀[0m[38;2;66;65;66m[48;2;255;125;140m▀[0m[38;2;66;65;66m[48;2;66;65;66m▀[0m[38;2;74;60;66m[48;2;194;98;115m▀[0m[38;2;255;117;140m[48;2;255;117;140m▀[0m[38;2;0;0;0m[48;2;0;0;0m▀[0m  [38;2;0;0;0m[48;2;0;0;0m▀[0m[38;2;239;77;123m[48;2;230;128;128m▀[0m[38;2;230;128;128m[48;2;214;231;140m▀[0m[38;2;255;125;140m[48;2;198;235;132m▀[0m[38;2;198;235;132m[48;2;198;235;132m▀[0m[38;2;195;235;129m[48;2;195;235;129m▀[0m[38;2;195;235;129m[48;2;195;235;129m▀[0m[38;2;198;235;132m[48;2;198;235;132m▀[0m[38;2;198;235;132m[48;2;255;125;140m▀[0m[38;2;255;125;140m[48;2;85;49;52m▀[0m[38;2;0;12;8m[48;2;255;125;140m▀[0m[38;2;0;0;0m▄ [38;2;0;0;0m[48;2;0;0;0m▀[0m[38;2;255;125;140m[48;2;255;125;140m▀[0m[38;2;0;0;0m[48;2;0;0;0m▀[0m [38;2;0;0;0m▄[38;2;0;0;0m▄[38;2;0;0;0m▄
 [38;2;0;0;0m▀[38;2;148;143;88m[48;2;16;0;0m▀[0m[38;2;214;215;132m[48;2;214;215;132m▀[0m[38;2;82;150;107m[48;2;198;235;132m▀[0m[38;2;82;150;107m[48;2;198;235;132m▀[0m[38;2;93;121;98m[48;2;198;235;132m▀[0m[38;2;93;121;98m[48;2;198;235;132m▀[0m[38;2;198;73;99m[48;2;110;75;82m▀[0m[38;2;66;77;74m[48;2;198;73;99m▀[0m[38;2;66;65;66m[48;2;214;81;99m▀[0m[38;2;66;65;66m[48;2;214;81;99m▀[0m[38;2;172;80;93m[48;2;255;121;140m▀[0m[38;2;255;121;140m[48;2;8;0;0m▀[0m[38;2;0;0;0m▀ [38;2;0;0;0m▄[38;2;0;0;0m[48;2;214;81;99m▀[0m[38;2;220;129;120m[48;2;231;77;115m▀[0m[38;2;198;235;132m[48;2;198;235;132m▀[0m[38;2;195;235;129m[48;2;195;235;129m▀[0m[38;2;195;235;129m[48;2;195;235;129m▀[0m[38;2;195;235;129m[48;2;195;235;129m▀[0m[38;2;195;235;129m[48;2;195;235;129m▀[0m[38;2;239;162;140m[48;2;239;162;140m▀[0m[38;2;239;162;140m[48;2;66;65;66m▀[0m[38;2;85;49;52m[48;2;0;12;8m▀[0m[38;2;255;125;140m[48;2;255;125;140m▀[0m[38;2;222;178;140m[48;2;222;178;140m▀[0m[38;2;0;4;8m[48;2;74;62;52m▀[0m[38;2;255;125;140m[48;2;255;125;140m▀[0m[38;2;198;235;132m[48;2;198;235;132m▀[0m[38;2;255;125;140m[48;2;255;125;140m▀[0m[38;2;0;12;8m[48;2;85;49;52m▀[0m[38;2;255;125;140m[48;2;198;235;132m▀[0m[38;2;255;125;140m[48;2;255;125;140m▀[0m[38;2;0;0;0m[48;2;0;0;0m▀[0m
   [38;2;0;0;0m▀[38;2;0;0;0m▀[38;2;198;235;132m[48;2;0;0;0m▀[0m[38;2;126;148;106m[48;2;0;0;8m▀[0m[38;2;189;223;156m[48;2;0;0;8m▀[0m[38;2;206;235;140m[48;2;16;0;24m▀[0m[38;2;79;78;62m[48;2;79;78;62m▀[0m[38;2;103;93;90m[48;2;140;174;66m▀[0m[38;2;103;93;90m[48;2;140;174;66m▀[0m[38;2;0;0;0m[48;2;140;174;66m▀[0m[38;2;0;0;0m▄  [38;2;0;0;0m[48;2;0;0;0m▀[0m[38;2;214;81;99m[48;2;214;81;99m▀[0m[38;2;140;174;66m[48;2;140;174;66m▀[0m[38;2;140;174;66m[48;2;211;79;98m▀[0m[38;2;198;235;132m[48;2;231;77;115m▀[0m[38;2;198;235;132m[48;2;220;129;120m▀[0m[38;2;255;125;140m[48;2;0;0;0m▀[0m[38;2;255;125;140m[48;2;0;0;0m▀[0m[38;2;214;81;99m[48;2;0;0;0m▀[0m[38;2;0;0;0m▀ [38;2;0;0;0m▀[38;2;255;125;140m[48;2;0;12;8m▀[0m[38;2;255;125;140m[48;2;85;49;52m▀[0m[38;2;66;65;66m[48;2;66;65;66m▀[0m[38;2;255;125;140m[48;2;255;125;140m▀[0m[38;2;82;46;54m[48;2;0;4;8m▀[0m[38;2;247;130;148m[48;2;0;4;8m▀[0m[38;2;255;125;140m[48;2;0;0;0m▀[0m[38;2;0;0;0m▀ 
         [38;2;0;0;0m▀[38;2;132;166;76m[48;2;0;4;0m▀[0m[38;2;132;166;76m[48;2;198;247;115m▀[0m[38;2;140;174;66m[48;2;198;235;132m▀[0m[38;2;198;235;132m[48;2;198;235;132m▀[0m[38;2;0;0;8m[48;2;198;231;132m▀[0m[38;2;0;0;8m[48;2;66;77;49m▀[0m[38;2;214;81;99m[48;2;214;81;99m▀[0m[38;2;214;81;99m[48;2;0;0;0m▀[0m[38;2;214;81;99m[48;2;0;0;0m▀[0m[38;2;0;0;0m▀[38;2;0;0;0m▀[38;2;0;0;0m▀      [38;2;0;0;0m▄[38;2;0;0;0m[48;2;132;215;115m▀[0m[38;2;132;215;115m[48;2;0;0;0m▀[0m[38;2;0;0;0m▀     
    [38;2;0;0;0m▄[38;2;0;0;0m[48;2;255;255;255m▀[0m[38;2;0;0;0m[48;2;132;162;82m▀[0m[38;2;0;0;0m[48;2;198;243;123m▀[0m[38;2;0;0;0m▄[38;2;0;0;0m▄[38;2;0;0;0m[48;2;198;235;132m▀[0m[38;2;198;235;132m[48;2;198;235;132m▀[0m[38;2;198;235;132m[48;2;66;65;66m▀[0m[38;2;198;235;132m[48;2;66;65;66m▀[0m[38;2;198;235;132m[48;2;66;65;66m▀[0m[38;2;198;235;132m[48;2;198;235;132m▀[0m[38;2;0;0;0m[48;2;198;235;132m▀[0m[38;2;0;0;0m▄      [38;2;0;0;0m▄[38;2;0;0;0m▄[38;2;0;0;0m[48;2;165;227;123m▀[0m[38;2;0;0;0m[48;2;165;227;123m▀[0m[38;2;165;227;123m[48;2;165;227;123m▀[0m[38;2;0;0;0m[48;2;0;0;0m▀[0m       
    [38;2;0;0;0m▀[38;2;66;65;66m[48;2;0;0;0m▀[0m[38;2;255;255;255m[48;2;0;0;0m▀[0m[38;2;0;0;0m[48;2;255;255;255m▀[0m[38;2;140;162;82m[48;2;0;0;16m▀[0m[38;2;70;81;49m[48;2;70;81;49m▀[0m[38;2;198;235;132m[48;2;198;235;132m▀[0m[38;2;66;65;66m[48;2;66;65;66m▀[0m[38;2;192;195;159m[48;2;255;255;214m▀[0m[38;2;192;195;159m[48;2;66;77;49m▀[0m[38;2;192;193;173m[48;2;255;255;231m▀[0m[38;2;66;69;57m[48;2;66;69;57m▀[0m[38;2;198;235;132m[48;2;198;235;132m▀[0m[38;2;198;235;132m[48;2;66;65;66m▀[0m[38;2;0;0;0m[48;2;132;215;115m▀[0m[38;2;0;0;0m[48;2;132;215;115m▀[0m[38;2;0;0;0m▄[38;2;0;0;0m[48;2;132;215;115m▀[0m[38;2;0;0;0m[48;2;198;235;132m▀[0m[38;2;0;0;0m[48;2;198;235;132m▀[0m[38;2;127;215;115m[48;2;127;215;115m▀[0m[38;2;198;235;132m[48;2;127;215;115m▀[0m[38;2;198;235;132m[48;2;198;235;132m▀[0m[38;2;198;235;132m[48;2;0;0;0m▀[0m[38;2;0;0;0m▀        
       [38;2;0;0;0m[48;2;0;0;0m▀[0m[38;2;79;150;109m[48;2;60;105;79m▀[0m[38;2;79;150;109m[48;2;79;150;109m▀[0m[38;2;66;65;66m[48;2;66;65;66m▀[0m[38;2;198;235;132m[48;2;198;235;132m▀[0m[38;2;66;65;66m[48;2;198;235;132m▀[0m[38;2;198;235;132m[48;2;198;235;132m▀[0m[38;2;66;65;66m[48;2;198;235;132m▀[0m[38;2;198;235;132m[48;2;66;65;66m▀[0m[38;2;57;69;74m[48;2;90;144;94m▀[0m[38;2;123;219;115m[48;2;123;219;115m▀[0m[38;2;126;214;112m[48;2;126;214;112m▀[0m[38;2;126;214;112m[48;2;82;150;107m▀[0m[38;2;101;129;93m[48;2;189;243;132m▀[0m[38;2;57;73;74m[48;2;57;73;74m▀[0m[38;2;127;215;115m[48;2;127;215;115m▀[0m[38;2;198;235;132m[48;2;198;235;132m▀[0m[38;2;165;227;123m[48;2;0;0;0m▀[0m[38;2;165;227;123m[48;2;0;0;0m▀[0m[38;2;0;0;0m▀          
       [38;2;0;0;0m▀[38;2;132;170;74m[48;2;0;0;8m▀[0m[38;2;88;113;52m[48;2;132;170;74m▀[0m[38;2;79;104;71m[48;2;140;174;66m▀[0m[38;2;49;69;74m[48;2;140;174;66m▀[0m[38;2;137;170;74m[48;2;68;85;41m▀[0m[38;2;137;170;74m[48;2;0;0;8m▀[0m[38;2;140;174;66m[48;2;140;174;66m▀[0m[38;2;66;65;66m[48;2;140;174;66m▀[0m[38;2;95;135;101m[48;2;49;81;82m▀[0m[38;2;95;135;101m[48;2;189;243;140m▀[0m[38;2;82;150;107m[48;2;198;235;132m▀[0m[38;2;198;235;132m[48;2;198;235;132m▀[0m[38;2;198;247;115m[48;2;132;166;76m▀[0m[38;2;132;166;76m[48;2;0;4;0m▀[0m[38;2;66;65;66m[48;2;0;0;0m▀[0m[38;2;0;0;0m▀             
         [38;2;0;0;0m[48;2;0;0;0m▀[0m[38;2;66;65;66m[48;2;140;174;66m▀[0m[38;2;66;65;66m[48;2;140;174;66m▀[0m[38;2;0;0;0m[48;2;0;0;0m▀[0m [38;2;0;0;0m▀[38;2;0;0;0m▀[38;2;0;0;0m▀[38;2;66;65;66m[48;2;0;0;0m▀[0m[38;2;140;174;66m[48;2;66;65;66m▀[0m[38;2;140;174;66m[48;2;66;65;66m▀[0m[38;2;0;0;0m[48;2;0;0;0m▀[0m                
         [38;2;0;0;0m▀[38;2;82;150;107m[48;2;0;0;0m▀[0m[38;2;82;150;107m[48;2;0;0;0m▀[0m[38;2;0;0;0m▀  [38;2;0;0;0m▄[38;2;0;16;8m[48;2;132;172;96m▀[0m[38;2;198;251;140m[48;2;198;251;140m▀[0m[38;2;132;166;76m[48;2;198;247;115m▀[0m[38;2;132;166;76m[48;2;0;4;0m▀[0m[38;2;0;0;0m▀                
               [38;2;0;0;0m▀[38;2;132;215;115m[48;2;0;0;0m▀[0m[38;2;132;215;115m[48;2;0;0;0m▀[0m[38;2;66;65;66m[48;2;0;0;0m▀[0m[38;2;0;0;0m▀                 
[0m
