                 [38;2;0;0;0m[48;2;0;0;0m▀[0m[38;2;0;0;0m[48;2;247;115;99m▀[0m[38;2;0;0;0m▄   
    [38;2;0;0;0m▄[38;2;0;0;0m▄[38;2;0;0;0m▄[38;2;0;0;0m[48;2;107;123;140m▀[0m[38;2;0;0;0m[48;2;107;123;140m▀[0m[38;2;0;0;0m[48;2;107;123;140m▀[0m[38;2;0;0;0m[48;2;107;123;140m▀[0m[38;2;0;0;0m▄     [38;2;0;0;0m[48;2;0;0;0m▀[0m[38;2;247;115;99m[48;2;107;123;140m▀[0m[38;2;247;115;99m[48;2;247;115;99m▀[0m[38;2;0;0;0m[48;2;247;115;99m▀[0m[38;2;0;0;0m▄ 
  [38;2;0;0;0m▄[38;2;0;0;0m[48;2;239;206;82m▀[0m[38;2;181;165;74m[48;2;181;165;74m▀[0m[38;2;239;206;82m[48;2;239;206;82m▀[0m[38;2;107;123;140m[48;2;181;165;74m▀[0m[38;2;107;123;140m[48;2;239;206;82m▀[0m[38;2;165;140;247m[48;2;165;140;247m▀[0m[38;2;107;123;140m[48;2;107;123;140m▀[0m[38;2;107;123;140m[48;2;90;99;115m▀[0m[38;2;0;0;0m[48;2;0;0;0m▀[0m      [38;2;0;0;0m[48;2;0;0;0m▀[0m[38;2;107;123;140m[48;2;107;123;140m▀[0m[38;2;247;115;99m[48;2;247;115;99m▀[0m[38;2;0;0;0m[48;2;247;115;99m▀[0m[38;2;0;0;0m▄
 [38;2;0;0;0m▄[38;2;0;0;0m[48;2;239;206;82m▀[0m[38;2;181;165;74m[48;2;239;206;82m▀[0m[38;2;239;206;82m[48;2;165;140;247m▀[0m[38;2;181;165;74m[48;2;255;255;255m▀[0m[38;2;239;206;82m[48;2;0;0;0m▀[0m[38;2;165;140;247m[48;2;247;115;99m▀[0m[38;2;165;140;247m[48;2;165;140;247m▀[0m[38;2;107;123;140m[48;2;239;206;82m▀[0m[38;2;0;0;0m[48;2;0;0;0m▀[0m [38;2;0;0;0m▄[38;2;0;0;0m▄[38;2;0;0;0m▄   [38;2;0;0;0m▀[38;2;107;123;140m[48;2;0;0;0m▀[0m[38;2;107;123;140m[48;2;107;123;140m▀[0m[38;2;247;115;99m[48;2;0;0;0m▀[0m[38;2;0;0;0m▀
[38;2;0;0;0m▄[38;2;0;0;0m[48;2;65;65;65m▀[0m[38;2;107;123;140m[48;2;107;123;140m▀[0m[38;2;165;140;247m[48;2;165;140;247m▀[0m[38;2;165;140;247m[48;2;165;140;247m▀[0m[38;2;247;115;99m[48;2;65;65;65m▀[0m[38;2;247;115;99m[48;2;65;65;65m▀[0m[38;2;165;140;247m[48;2;65;65;65m▀[0m[38;2;65;65;65m[48;2;239;206;82m▀[0m[38;2;239;206;82m[48;2;239;206;82m▀[0m[38;2;65;65;65m[48;2;65;65;65m▀[0m[38;2;0;0;0m[48;2;239;206;82m▀[0m[38;2;239;206;82m[48;2;181;165;74m▀[0m[38;2;239;206;82m[48;2;239;206;82m▀[0m[38;2;107;123;140m[48;2;107;123;140m▀[0m[38;2;0;0;0m[48;2;107;123;140m▀[0m[38;2;0;0;0m▄[38;2;0;0;0m[48;2;181;165;74m▀[0m[38;2;0;0;0m[48;2;239;206;82m▀[0m[38;2;0;0;0m▄[38;2;0;0;0m[48;2;65;65;65m▀[0m[38;2;107;123;140m[48;2;165;140;247m▀[0m[38;2;0;0;0m[48;2;0;0;0m▀[0m
[38;2;0;0;0m[48;2;0;0;0m▀[0m[38;2;181;90;74m[48;2;181;90;74m▀[0m[38;2;65;65;65m[48;2;0;0;0m▀[0m[38;2;65;65;65m[48;2;181;90;74m▀[0m[38;2;65;65;65m[48;2;247;115;99m▀[0m[38;2;65;65;65m[48;2;65;65;65m▀[0m[38;2;239;206;82m[48;2;239;206;82m▀[0m[38;2;239;206;82m[48;2;239;206;82m▀[0m[38;2;239;206;82m[48;2;90;99;115m▀[0m[38;2;90;99;115m[48;2;90;99;115m▀[0m[38;2;107;123;140m[48;2;107;123;140m▀[0m[38;2;65;65;65m[48;2;65;65;65m▀[0m[38;2;239;206;82m[48;2;107;123;140m▀[0m[38;2;107;123;140m[48;2;107;123;140m▀[0m[38;2;107;123;140m[48;2;107;123;140m▀[0m[38;2;107;123;140m[48;2;107;123;140m▀[0m[38;2;65;65;65m[48;2;107;123;140m▀[0m[38;2;239;206;82m[48;2;65;65;65m▀[0m[38;2;107;123;140m[48;2;107;123;140m▀[0m[38;2;65;65;65m[48;2;90;99;115m▀[0m[38;2;90;99;115m[48;2;65;65;65m▀[0m[38;2;90;99;115m[48;2;0;0;0m▀[0m[38;2;0;0;0m▀
 [38;2;0;0;0m▀ [38;2;0;0;0m[48;2;0;0;0m▀[0m[38;2;247;115;99m[48;2;247;115;99m▀[0m[38;2;0;0;0m[48;2;0;0;0m▀[0m[38;2;0;0;0m▀[38;2;90;99;115m[48;2;0;0;0m▀[0m[38;2;90;99;115m[48;2;107;123;140m▀[0m[38;2;107;123;140m[48;2;90;99;115m▀[0m[38;2;107;123;140m[48;2;90;99;115m▀[0m[38;2;107;123;140m[48;2;107;123;140m▀[0m[38;2;107;123;140m[48;2;107;123;140m▀[0m[38;2;107;123;140m[48;2;107;123;140m▀[0m[38;2;107;123;140m[48;2;65;65;65m▀[0m[38;2;107;123;140m[48;2;107;123;140m▀[0m[38;2;107;123;140m[48;2;107;123;140m▀[0m[38;2;65;65;65m[48;2;107;123;140m▀[0m[38;2;90;99;115m[48;2;90;99;115m▀[0m[38;2;90;99;115m[48;2;90;99;115m▀[0m[38;2;65;65;65m[48;2;90;99;115m▀[0m[38;2;0;0;0m[48;2;0;0;0m▀[0m 
    [38;2;0;0;0m▀ [38;2;0;0;0m▄[38;2;0;0;0m[48;2;90;99;115m▀[0m[38;2;90;99;115m[48;2;165;140;247m▀[0m[38;2;165;140;247m[48;2;90;99;115m▀[0m[38;2;90;99;115m[48;2;107;123;140m▀[0m[38;2;107;123;140m[48;2;107;123;140m▀[0m[38;2;107;123;140m[48;2;107;123;140m▀[0m[38;2;107;123;140m[48;2;90;99;115m▀[0m[38;2;65;65;65m[48;2;65;65;65m▀[0m[38;2;107;123;140m[48;2;90;99;115m▀[0m[38;2;107;123;140m[48;2;90;99;115m▀[0m[38;2;90;99;115m[48;2;90;99;115m▀[0m[38;2;65;65;65m[48;2;0;0;0m▀[0m[38;2;90;99;115m[48;2;0;0;0m▀[0m[38;2;0;0;0m▀  
      [38;2;0;0;0m[48;2;0;0;0m▀[0m[38;2;165;140;247m[48;2;165;140;247m▀[0m[38;2;165;140;247m[48;2;90;99;115m▀[0m[38;2;90;99;115m[48;2;90;99;115m▀[0m[38;2;90;99;115m[48;2;90;99;115m▀[0m[38;2;90;99;115m[48;2;239;206;82m▀[0m[38;2;90;99;115m[48;2;90;99;115m▀[0m[38;2;65;65;65m[48;2;0;0;0m▀[0m[38;2;90;99;115m[48;2;90;99;115m▀[0m[38;2;90;99;115m[48;2;181;165;74m▀[0m[38;2;239;206;82m[48;2;0;0;0m▀[0m[38;2;0;0;0m▀     
       [38;2;0;0;0m▀[38;2;90;99;115m[48;2;0;0;0m▀[0m[38;2;90;99;115m[48;2;0;0;0m▀[0m[38;2;181;165;74m[48;2;0;0;0m▀[0m[38;2;65;65;65m[48;2;0;0;0m▀[0m[38;2;0;0;0m▀ [38;2;0;0;0m▀[38;2;0;0;0m▀       
[0m
