       [38;2;0;0;0m▄[38;2;0;0;0m[48;2;214;197;123m▀[0m[38;2;0;0;0m▄      
     [38;2;0;0;0m▄[38;2;0;0;0m[48;2;0;0;0m▀[0m[38;2;132;115;74m[48;2;214;197;123m▀[0m[38;2;214;197;123m[48;2;214;197;123m▀[0m[38;2;132;115;74m[48;2;214;197;123m▀[0m[38;2;0;0;0m[48;2;0;0;0m▀[0m[38;2;0;0;0m▄    
  [38;2;0;0;0m▄[38;2;0;0;0m[48;2;189;90;74m▀[0m[38;2;0;0;0m[48;2;214;197;123m▀[0m[38;2;214;197;123m[48;2;214;197;123m▀[0m[38;2;132;115;74m[48;2;214;197;123m▀[0m[38;2;173;156;90m[48;2;132;115;74m▀[0m[38;2;214;197;123m[48;2;132;115;74m▀[0m[38;2;173;156;90m[48;2;132;115;74m▀[0m[38;2;132;115;74m[48;2;214;197;123m▀[0m[38;2;214;197;123m[48;2;214;197;123m▀[0m[38;2;0;0;0m[48;2;214;197;123m▀[0m[38;2;0;0;0m▄  
 [38;2;0;0;0m▄[38;2;0;0;0m[48;2;173;156;90m▀[0m[38;2;230;115;107m[48;2;230;115;107m▀[0m[38;2;189;90;74m[48;2;189;90;74m▀[0m[38;2;214;197;123m[48;2;214;197;123m▀[0m[38;2;214;197;123m[48;2;189;90;74m▀[0m[38;2;214;197;123m[48;2;189;90;74m▀[0m[38;2;214;197;123m[48;2;189;90;74m▀[0m[38;2;214;197;123m[48;2;189;90;74m▀[0m[38;2;214;197;123m[48;2;214;197;123m▀[0m[38;2;214;197;123m[48;2;214;197;123m▀[0m[38;2;214;197;123m[48;2;214;197;123m▀[0m[38;2;0;0;0m[48;2;214;197;123m▀[0m[38;2;0;0;0m▄ 
 [38;2;0;0;0m[48;2;0;0;0m▀[0m[38;2;65;65;65m[48;2;173;156;90m▀[0m[38;2;230;115;107m[48;2;189;90;74m▀[0m[38;2;189;90;74m[48;2;230;115;107m▀[0m[38;2;189;90;74m[48;2;230;115;107m▀[0m[38;2;230;115;107m[48;2;132;115;74m▀[0m[38;2;230;115;107m[48;2;132;115;74m▀[0m[38;2;230;115;107m[48;2;132;115;74m▀[0m[38;2;230;115;107m[48;2;189;90;74m▀[0m[38;2;189;90;74m[48;2;230;115;107m▀[0m[38;2;214;197;123m[48;2;189;90;74m▀[0m[38;2;214;197;123m[48;2;214;197;123m▀[0m[38;2;214;197;123m[48;2;173;156;90m▀[0m[38;2;0;0;0m[48;2;0;0;0m▀[0m 
[38;2;0;0;0m[48;2;0;0;0m▀[0m[38;2;132;115;74m[48;2;132;115;74m▀[0m[38;2;65;65;65m[48;2;0;0;0m▀[0m[38;2;189;90;74m[48;2;173;156;90m▀[0m[38;2;230;115;107m[48;2;65;65;65m▀[0m[38;2;65;65;65m[48;2;173;156;90m▀[0m[38;2;214;197;123m[48;2;65;65;65m▀[0m[38;2;214;197;123m[48;2;65;65;65m▀[0m[38;2;214;197;123m[48;2;65;65;65m▀[0m[38;2;214;197;123m[48;2;65;65;65m▀[0m[38;2;189;90;74m[48;2;132;115;74m▀[0m[38;2;189;90;74m[48;2;173;156;90m▀[0m[38;2;132;115;74m[48;2;173;156;90m▀[0m[38;2;0;0;0m[48;2;0;0;0m▀[0m  
[38;2;0;0;0m▀[38;2;0;0;0m▀ [38;2;0;0;0m[48;2;0;0;0m▀[0m[38;2;65;65;65m[48;2;173;156;90m▀[0m[38;2;65;65;65m[48;2;189;90;74m▀[0m[38;2;173;156;90m[48;2;65;65;65m▀[0m[38;2;173;156;90m[48;2;65;65;65m▀[0m[38;2;173;156;90m[48;2;65;65;65m▀[0m[38;2;132;115;74m[48;2;65;65;65m▀[0m[38;2;173;156;90m[48;2;65;65;65m▀[0m[38;2;65;65;65m[48;2;214;197;123m▀[0m[38;2;0;0;0m[48;2;0;0;0m▀[0m   
   [38;2;0;0;0m▀[38;2;189;90;74m[48;2;0;0;0m▀[0m[38;2;214;197;123m[48;2;173;156;90m▀[0m[38;2;230;115;107m[48;2;173;156;90m▀[0m[38;2;230;115;107m[48;2;189;90;74m▀[0m[38;2;214;197;123m[48;2;230;115;107m▀[0m[38;2;214;197;123m[48;2;230;115;107m▀[0m[38;2;214;197;123m[48;2;65;65;65m▀[0m[38;2;214;197;123m[48;2;214;197;123m▀[0m[38;2;214;197;123m[48;2;214;197;123m▀[0m[38;2;0;0;0m[48;2;214;197;123m▀[0m[38;2;0;0;0m▄ 
    [38;2;0;0;0m▀[38;2;65;65;65m[48;2;0;0;0m▀[0m[38;2;189;90;74m[48;2;65;65;65m▀[0m[38;2;173;156;90m[48;2;132;115;74m▀[0m[38;2;173;156;90m[48;2;65;65;65m▀[0m[38;2;65;65;65m[48;2;0;0;0m▀[0m[38;2;0;0;0m▀[38;2;0;0;0m▀[38;2;214;197;123m[48;2;0;0;0m▀[0m[38;2;214;197;123m[48;2;214;197;123m▀[0m[38;2;0;0;0m[48;2;214;197;123m▀[0m[38;2;0;0;0m▄
     [38;2;0;0;0m▀[38;2;173;156;90m[48;2;0;0;0m▀[0m[38;2;173;156;90m[48;2;132;115;74m▀[0m[38;2;173;156;90m[48;2;0;0;0m▀[0m[38;2;0;0;0m▀  [38;2;0;0;0m▀[38;2;214;197;123m[48;2;0;0;0m▀[0m[38;2;214;197;123m[48;2;0;0;0m▀[0m[38;2;0;0;0m▀
       [38;2;0;0;0m▀        
[0m
