    [38;2;0;0;0m▄[38;2;0;0;0m▄[38;2;0;0;0m▄[38;2;0;0;0m[48;2;173;99;99m▀[0m[38;2;0;0;0m[48;2;173;99;99m▀[0m[38;2;0;0;0m▄   [38;2;0;0;0m▄[38;2;0;0;0m[48;2;140;140;123m▀[0m[38;2;0;0;0m[48;2;0;0;0m▀[0m [38;2;0;0;0m▄[38;2;0;0;0m▄   
 [38;2;0;0;0m▄[38;2;0;0;0m▄[38;2;0;0;0m[48;2;65;65;65m▀[0m[38;2;173;99;99m[48;2;65;65;65m▀[0m[38;2;173;99;99m[48;2;189;189;189m▀[0m[38;2;189;189;189m[48;2;189;189;189m▀[0m[38;2;65;65;65m[48;2;189;189;189m▀[0m[38;2;189;189;189m[48;2;65;65;65m▀[0m[38;2;189;189;189m[48;2;189;189;189m▀[0m[38;2;0;0;0m[48;2;0;0;0m▀[0m[38;2;0;0;0m▄[38;2;0;0;0m▄[38;2;0;0;0m[48;2;65;65;65m▀[0m[38;2;140;140;123m[48;2;140;140;123m▀[0m[38;2;0;0;0m[48;2;65;65;65m▀[0m[38;2;0;0;0m[48;2;140;140;123m▀[0m[38;2;140;140;123m[48;2;140;140;123m▀[0m[38;2;0;0;0m[48;2;0;0;0m▀[0m   
[38;2;0;0;0m▀[38;2;173;99;99m[48;2;0;0;0m▀[0m[38;2;173;99;99m[48;2;173;99;99m▀[0m[38;2;173;99;99m[48;2;189;189;189m▀[0m[38;2;189;189;189m[48;2;189;189;189m▀[0m[38;2;65;65;65m[48;2;189;189;189m▀[0m[38;2;65;65;65m[48;2;189;189;189m▀[0m[38;2;189;189;189m[48;2;65;65;65m▀[0m[38;2;65;65;65m[48;2;65;65;65m▀[0m[38;2;65;65;65m[48;2;140;140;123m▀[0m[38;2;65;65;65m[48;2;140;140;123m▀[0m[38;2;65;65;65m[48;2;140;140;123m▀[0m[38;2;132;173;140m[48;2;65;65;65m▀[0m[38;2;132;173;140m[48;2;132;173;140m▀[0m[38;2;65;65;65m[48;2;132;173;140m▀[0m[38;2;140;140;123m[48;2;65;65;65m▀[0m[38;2;140;140;123m[48;2;0;0;0m▀[0m[38;2;0;0;0m[48;2;0;0;0m▀[0m    
 [38;2;0;0;0m▄[38;2;0;0;0m[48;2;65;65;65m▀[0m[38;2;65;65;65m[48;2;255;255;255m▀[0m[38;2;65;65;65m[48;2;189;189;189m▀[0m[38;2;189;189;189m[48;2;65;65;65m▀[0m[38;2;65;65;65m[48;2;65;65;65m▀[0m[38;2;140;140;123m[48;2;65;65;65m▀[0m[38;2;140;140;123m[48;2;65;65;65m▀[0m[38;2;65;65;65m[48;2;140;140;123m▀[0m[38;2;65;65;65m[48;2;140;140;123m▀[0m[38;2;140;140;123m[48;2;65;65;65m▀[0m[38;2;140;140;123m[48;2;140;140;123m▀[0m[38;2;65;65;65m[48;2;65;65;65m▀[0m[38;2;132;173;140m[48;2;132;173;140m▀[0m[38;2;0;0;0m[48;2;65;65;65m▀[0m[38;2;189;189;189m[48;2;65;65;65m▀[0m[38;2;189;189;189m[48;2;255;255;255m▀[0m[38;2;0;0;0m[48;2;173;99;99m▀[0m[38;2;0;0;0m[48;2;247;115;123m▀[0m[38;2;0;0;0m▄ 
 [38;2;0;0;0m[48;2;0;0;0m▀[0m[38;2;255;255;255m[48;2;189;189;189m▀[0m[38;2;0;0;0m[48;2;0;0;0m▀[0m[38;2;0;0;0m[48;2;132;173;140m▀[0m[38;2;65;65;65m[48;2;65;65;65m▀[0m[38;2;65;65;65m[48;2;247;115;123m▀[0m[38;2;65;65;65m[48;2;65;65;65m▀[0m[38;2;65;65;65m[48;2;65;65;65m▀[0m[38;2;65;65;65m[48;2;65;65;65m▀[0m[38;2;140;140;123m[48;2;65;65;65m▀[0m[38;2;140;140;123m[48;2;140;140;123m▀[0m[38;2;65;65;65m[48;2;65;65;65m▀[0m[38;2;132;173;140m[48;2;132;173;140m▀[0m[38;2;65;65;65m[48;2;65;65;65m▀[0m[38;2;189;189;189m[48;2;255;255;255m▀[0m[38;2;189;189;189m[48;2;255;255;255m▀[0m[38;2;65;65;65m[48;2;173;99;99m▀[0m[38;2;247;115;123m[48;2;65;65;65m▀[0m[38;2;247;115;123m[48;2;65;65;65m▀[0m[38;2;247;115;123m[48;2;0;0;0m▀[0m[38;2;0;0;0m▀
  [38;2;0;0;0m[48;2;0;0;0m▀[0m[38;2;189;189;189m[48;2;65;65;65m▀[0m[38;2;65;65;65m[48;2;65;65;65m▀[0m[38;2;132;173;140m[48;2;132;173;140m▀[0m[38;2;247;115;123m[48;2;65;65;65m▀[0m[38;2;65;65;65m[48;2;65;65;65m▀[0m[38;2;65;65;65m[48;2;247;115;123m▀[0m[38;2;247;115;123m[48;2;173;99;99m▀[0m[38;2;65;65;65m[48;2;65;65;65m▀[0m[38;2;65;65;65m[48;2;132;173;140m▀[0m[38;2;132;173;140m[48;2;65;65;65m▀[0m[38;2;65;65;65m[48;2;65;65;65m▀[0m[38;2;189;189;189m[48;2;255;255;255m▀[0m[38;2;65;65;65m[48;2;255;255;255m▀[0m[38;2;65;65;65m[48;2;255;255;255m▀[0m[38;2;247;115;123m[48;2;65;65;65m▀[0m[38;2;247;115;123m[48;2;65;65;65m▀[0m[38;2;247;115;123m[48;2;0;0;0m▀[0m[38;2;0;0;0m[48;2;0;0;0m▀[0m 
 [38;2;0;0;0m[48;2;0;0;0m▀[0m[38;2;132;173;140m[48;2;82;132;90m▀[0m[38;2;132;173;140m[48;2;132;173;140m▀[0m[38;2;82;132;90m[48;2;65;65;65m▀[0m[38;2;65;65;65m[48;2;0;0;0m▀[0m[38;2;132;173;140m[48;2;0;0;0m▀[0m[38;2;132;173;140m[48;2;65;65;65m▀[0m[38;2;132;173;140m[48;2;65;65;65m▀[0m[38;2;65;65;65m[48;2;82;132;90m▀[0m[38;2;65;65;65m[48;2;65;65;65m▀[0m[38;2;65;65;65m[48;2;255;255;255m▀[0m[38;2;255;255;255m[48;2;0;0;0m▀[0m[38;2;255;255;255m[48;2;0;0;0m▀[0m[38;2;65;65;65m[48;2;189;189;189m▀[0m[38;2;255;255;255m[48;2;65;65;65m▀[0m[38;2;173;99;99m[48;2;247;115;123m▀[0m[38;2;247;115;123m[48;2;247;115;123m▀[0m[38;2;0;0;0m[48;2;247;115;123m▀[0m[38;2;0;0;0m▄  
 [38;2;0;0;0m▀[38;2;132;173;140m[48;2;0;0;0m▀[0m[38;2;82;132;90m[48;2;132;173;140m▀[0m[38;2;0;0;0m[48;2;0;0;0m▀[0m [38;2;0;0;0m▄[38;2;0;0;0m[48;2;132;173;140m▀[0m[38;2;82;132;90m[48;2;132;173;140m▀[0m[38;2;82;132;90m[48;2;0;0;0m▀[0m[38;2;0;0;0m▀[38;2;255;255;255m[48;2;0;0;0m▀[0m[38;2;0;0;0m[48;2;189;189;189m▀[0m[38;2;0;0;0m[48;2;189;189;189m▀[0m[38;2;189;189;189m[48;2;65;65;65m▀[0m[38;2;0;0;0m[48;2;0;0;0m▀[0m[38;2;0;0;0m▀[38;2;0;0;0m▀[38;2;0;0;0m▀[38;2;0;0;0m▀  
   [38;2;0;0;0m▀  [38;2;0;0;0m[48;2;0;0;0m▀[0m[38;2;132;173;140m[48;2;82;132;90m▀[0m[38;2;132;173;140m[48;2;132;173;140m▀[0m[38;2;0;0;0m[48;2;0;0;0m▀[0m  [38;2;0;0;0m▀[38;2;0;0;0m▀[38;2;0;0;0m▀       
      [38;2;0;0;0m▀[38;2;132;173;140m[48;2;0;0;0m▀[0m[38;2;0;0;0m▀             
[0m
