   [38;2;0;0;0m[48;2;0;0;0m▀[0m[38;2;0;0;0m[48;2;197;197;197m▀[0m[38;2;0;0;0m▄     [38;2;0;0;0m▄[38;2;0;0;0m▄[38;2;0;0;0m▄       
   [38;2;0;0;0m[48;2;0;0;0m▀[0m[38;2;197;197;197m[48;2;65;65;65m▀[0m[38;2;197;197;197m[48;2;65;65;65m▀[0m[38;2;0;0;0m[48;2;65;65;65m▀[0m[38;2;0;0;0m[48;2;173;173;173m▀[0m[38;2;0;0;0m[48;2;173;173;173m▀[0m[38;2;0;0;0m[48;2;173;173;173m▀[0m[38;2;0;0;0m[48;2;65;65;65m▀[0m[38;2;255;255;255m[48;2;65;65;65m▀[0m[38;2;255;255;255m[48;2;197;197;197m▀[0m[38;2;0;0;0m[48;2;0;0;0m▀[0m       
 [38;2;0;0;0m▄[38;2;0;0;0m[48;2;107;165;255m▀[0m[38;2;65;65;65m[48;2;107;165;255m▀[0m[38;2;107;165;255m[48;2;107;165;255m▀[0m[38;2;107;165;255m[48;2;107;165;255m▀[0m[38;2;107;165;255m[48;2;107;165;255m▀[0m[38;2;65;65;65m[48;2;107;165;255m▀[0m[38;2;65;65;65m[48;2;107;165;255m▀[0m[38;2;65;65;65m[48;2;66;99;173m▀[0m[38;2;173;173;173m[48;2;65;65;65m▀[0m[38;2;173;173;173m[48;2;173;173;173m▀[0m[38;2;0;0;0m[48;2;173;173;173m▀[0m[38;2;0;0;0m▄    [38;2;0;0;0m▄  
[38;2;0;0;0m▄[38;2;0;0;0m[48;2;74;132;206m▀[0m[38;2;107;165;255m[48;2;107;165;255m▀[0m[38;2;255;255;255m[48;2;107;165;255m▀[0m[38;2;107;165;255m[48;2;107;165;255m▀[0m[38;2;107;165;255m[48;2;107;165;255m▀[0m[38;2;107;165;255m[48;2;107;165;255m▀[0m[38;2;107;165;255m[48;2;107;165;255m▀[0m[38;2;66;99;173m[48;2;107;165;255m▀[0m[38;2;173;173;173m[48;2;65;65;65m▀[0m[38;2;173;173;173m[48;2;173;173;173m▀[0m[38;2;173;173;173m[48;2;65;65;65m▀[0m[38;2;123;123;115m[48;2;255;255;255m▀[0m[38;2;65;65;65m[48;2;255;255;255m▀[0m[38;2;0;0;0m[48;2;255;255;255m▀[0m[38;2;0;0;0m[48;2;0;0;0m▀[0m [38;2;0;0;0m[48;2;0;0;0m▀[0m[38;2;107;165;255m[48;2;107;165;255m▀[0m[38;2;0;0;0m[48;2;0;0;0m▀[0m 
[38;2;0;0;0m▀[38;2;74;132;206m[48;2;0;0;0m▀[0m[38;2;74;132;206m[48;2;74;132;206m▀[0m[38;2;74;132;206m[48;2;74;132;206m▀[0m[38;2;107;165;255m[48;2;74;132;206m▀[0m[38;2;107;165;255m[48;2;74;132;206m▀[0m[38;2;107;165;255m[48;2;74;132;206m▀[0m[38;2;107;165;255m[48;2;65;65;65m▀[0m[38;2;66;99;173m[48;2;173;173;173m▀[0m[38;2;65;65;65m[48;2;173;173;173m▀[0m[38;2;173;173;173m[48;2;173;173;173m▀[0m[38;2;65;65;65m[48;2;173;173;173m▀[0m[38;2;173;173;173m[48;2;65;65;65m▀[0m[38;2;255;255;255m[48;2;65;65;65m▀[0m[38;2;0;0;0m[48;2;0;0;0m▀[0m[38;2;0;0;0m▄[38;2;0;0;0m[48;2;107;165;255m▀[0m[38;2;107;165;255m[48;2;107;165;255m▀[0m[38;2;107;165;255m[48;2;107;165;255m▀[0m[38;2;107;165;255m[48;2;107;165;255m▀[0m[38;2;0;0;0m[48;2;0;0;0m▀[0m
 [38;2;0;0;0m▀[38;2;74;132;206m[48;2;0;0;0m▀[0m[38;2;74;132;206m[48;2;74;132;206m▀[0m[38;2;74;132;206m[48;2;74;132;206m▀[0m[38;2;74;132;206m[48;2;74;132;206m▀[0m[38;2;74;132;206m[48;2;65;65;65m▀[0m[38;2;65;65;65m[48;2;123;123;115m▀[0m[38;2;173;173;173m[48;2;173;173;173m▀[0m[38;2;173;173;173m[48;2;0;0;0m▀[0m[38;2;65;65;65m[48;2;214;99;66m▀[0m[38;2;255;255;255m[48;2;255;255;255m▀[0m[38;2;123;123;115m[48;2;123;123;115m▀[0m[38;2;65;65;65m[48;2;65;65;65m▀[0m[38;2;74;132;206m[48;2;74;132;206m▀[0m[38;2;74;132;206m[48;2;66;99;173m▀[0m[38;2;74;132;206m[48;2;74;132;206m▀[0m[38;2;107;165;255m[48;2;74;132;206m▀[0m[38;2;107;165;255m[48;2;74;132;206m▀[0m[38;2;74;132;206m[48;2;74;132;206m▀[0m[38;2;0;0;0m[48;2;0;0;0m▀[0m
   [38;2;0;0;0m[48;2;0;0;0m▀[0m[38;2;65;65;65m[48;2;173;173;173m▀[0m[38;2;65;65;65m[48;2;173;173;173m▀[0m[38;2;123;123;115m[48;2;173;173;173m▀[0m[38;2;173;173;173m[48;2;123;123;115m▀[0m[38;2;123;123;115m[48;2;123;123;115m▀[0m[38;2;255;255;255m[48;2;123;123;115m▀[0m[38;2;255;255;255m[48;2;123;123;115m▀[0m[38;2;123;123;115m[48;2;123;123;115m▀[0m[38;2;123;123;115m[48;2;65;65;65m▀[0m[38;2;65;65;65m[48;2;123;123;115m▀[0m[38;2;66;99;173m[48;2;173;173;173m▀[0m[38;2;173;173;173m[48;2;173;173;173m▀[0m[38;2;66;99;173m[48;2;66;99;173m▀[0m[38;2;66;99;173m[48;2;173;173;173m▀[0m[38;2;74;132;206m[48;2;173;173;173m▀[0m[38;2;0;0;0m[48;2;0;0;0m▀[0m 
    [38;2;0;0;0m▀[38;2;173;173;173m[48;2;0;0;0m▀[0m[38;2;123;123;115m[48;2;0;0;0m▀[0m[38;2;123;123;115m[48;2;0;0;0m▀[0m[38;2;123;123;115m[48;2;0;0;0m▀[0m[38;2;65;65;65m[48;2;65;65;65m▀[0m[38;2;65;65;65m[48;2;197;197;197m▀[0m[38;2;65;65;65m[48;2;0;0;0m▀[0m[38;2;123;123;115m[48;2;65;65;65m▀[0m[38;2;65;65;65m[48;2;173;173;173m▀[0m[38;2;173;173;173m[48;2;173;173;173m▀[0m[38;2;65;65;65m[48;2;0;0;0m▀[0m[38;2;173;173;173m[48;2;65;65;65m▀[0m[38;2;173;173;173m[48;2;173;173;173m▀[0m[38;2;173;173;173m[48;2;65;65;65m▀[0m[38;2;123;123;115m[48;2;123;123;115m▀[0m[38;2;0;0;0m[48;2;0;0;0m▀[0m
         [38;2;0;0;0m▀[38;2;0;0;0m▀ [38;2;0;0;0m[48;2;0;0;0m▀[0m[38;2;255;255;255m[48;2;0;0;0m▀[0m[38;2;0;0;0m▀ [38;2;0;0;0m[48;2;0;0;0m▀[0m[38;2;65;65;65m[48;2;255;255;255m▀[0m[38;2;123;123;115m[48;2;255;255;255m▀[0m[38;2;0;0;0m[48;2;0;0;0m▀[0m 
                [38;2;0;0;0m▀[38;2;0;0;0m▀[38;2;0;0;0m▀  
[0m
