    [38;2;0;0;0m▄[38;2;0;0;0m[48;2;66;115;140m▀[0m[38;2;0;0;0m[48;2;66;115;140m▀[0m[38;2;0;0;0m▄[38;2;0;0;0m▄     
   [38;2;0;0;0m[48;2;0;0;0m▀[0m[38;2;65;65;65m[48;2;66;115;140m▀[0m[38;2;66;115;140m[48;2;90;140;165m▀[0m[38;2;65;65;65m[48;2;65;65;65m▀[0m[38;2;66;115;140m[48;2;90;140;165m▀[0m[38;2;90;140;165m[48;2;90;140;165m▀[0m[38;2;0;0;0m[48;2;66;115;140m▀[0m[38;2;0;0;0m▄   
 [38;2;0;0;0m▄[38;2;0;0;0m[48;2;173;197;214m▀[0m[38;2;90;140;165m[48;2;90;140;165m▀[0m[38;2;90;140;165m[48;2;90;140;165m▀[0m[38;2;65;65;65m[48;2;90;140;165m▀[0m[38;2;90;140;165m[48;2;90;140;165m▀[0m[38;2;90;140;165m[48;2;90;140;165m▀[0m[38;2;90;140;165m[48;2;90;140;165m▀[0m[38;2;90;140;165m[48;2;90;140;165m▀[0m[38;2;0;0;0m[48;2;90;140;165m▀[0m[38;2;0;0;0m▄  
[38;2;0;0;0m[48;2;0;0;0m▀[0m[38;2;66;115;140m[48;2;90;140;165m▀[0m[38;2;90;140;165m[48;2;90;140;165m▀[0m[38;2;90;140;165m[48;2;90;140;165m▀[0m[38;2;90;140;165m[48;2;173;197;214m▀[0m[38;2;255;255;255m[48;2;0;0;0m▀[0m[38;2;173;197;214m[48;2;255;255;255m▀[0m[38;2;90;140;165m[48;2;90;140;165m▀[0m[38;2;90;140;165m[48;2;90;140;165m▀[0m[38;2;90;140;165m[48;2;90;140;165m▀[0m[38;2;90;140;165m[48;2;90;140;165m▀[0m[38;2;66;115;140m[48;2;90;140;165m▀[0m[38;2;0;0;0m[48;2;0;0;0m▀[0m 
[38;2;0;0;0m[48;2;0;0;0m▀[0m[38;2;197;173;99m[48;2;65;65;65m▀[0m[38;2;90;140;165m[48;2;247;222;140m▀[0m[38;2;90;140;165m[48;2;197;173;99m▀[0m[38;2;90;140;165m[48;2;90;140;165m▀[0m[38;2;255;255;255m[48;2;90;140;165m▀[0m[38;2;173;197;214m[48;2;90;140;165m▀[0m[38;2;90;140;165m[48;2;90;140;165m▀[0m[38;2;90;140;165m[48;2;90;140;165m▀[0m[38;2;90;140;165m[48;2;197;173;99m▀[0m[38;2;90;140;165m[48;2;247;222;140m▀[0m[38;2;197;173;99m[48;2;65;65;65m▀[0m[38;2;0;0;0m[48;2;0;0;0m▀[0m 
 [38;2;0;0;0m▀[38;2;197;173;99m[48;2;0;0;0m▀[0m[38;2;247;222;140m[48;2;65;65;65m▀[0m[38;2;247;222;140m[48;2;197;173;99m▀[0m[38;2;247;222;140m[48;2;247;222;140m▀[0m[38;2;247;222;140m[48;2;247;222;140m▀[0m[38;2;247;222;140m[48;2;247;222;140m▀[0m[38;2;247;222;140m[48;2;197;173;99m▀[0m[38;2;247;222;140m[48;2;65;65;65m▀[0m[38;2;197;173;99m[48;2;65;65;65m▀[0m[38;2;0;0;0m[48;2;90;140;165m▀[0m[38;2;0;0;0m▄ 
 [38;2;0;0;0m▄[38;2;0;0;0m[48;2;90;140;165m▀[0m[38;2;247;222;140m[48;2;90;140;165m▀[0m[38;2;65;65;65m[48;2;247;222;140m▀[0m[38;2;65;65;65m[48;2;247;222;140m▀[0m[38;2;65;65;65m[48;2;197;173;99m▀[0m[38;2;65;65;65m[48;2;90;140;165m▀[0m[38;2;65;65;65m[48;2;90;140;165m▀[0m[38;2;90;140;165m[48;2;90;140;165m▀[0m[38;2;90;140;165m[48;2;65;65;65m▀[0m[38;2;90;140;165m[48;2;90;140;165m▀[0m[38;2;90;140;165m[48;2;90;140;165m▀[0m[38;2;0;0;0m[48;2;0;0;0m▀[0m
 [38;2;0;0;0m[48;2;0;0;0m▀[0m[38;2;65;65;65m[48;2;247;222;140m▀[0m[38;2;66;115;140m[48;2;247;222;140m▀[0m[38;2;90;140;165m[48;2;65;65;65m▀[0m[38;2;90;140;165m[48;2;90;140;165m▀[0m[38;2;90;140;165m[48;2;90;140;165m▀[0m[38;2;90;140;165m[48;2;90;140;165m▀[0m[38;2;90;140;165m[48;2;90;140;165m▀[0m[38;2;90;140;165m[48;2;90;140;165m▀[0m[38;2;90;140;165m[48;2;90;140;165m▀[0m[38;2;65;65;65m[48;2;90;140;165m▀[0m[38;2;0;0;0m[48;2;0;0;0m▀[0m 
  [38;2;0;0;0m▀[38;2;197;173;99m[48;2;0;0;0m▀[0m[38;2;247;222;140m[48;2;0;0;0m▀[0m[38;2;65;65;65m[48;2;0;0;0m▀[0m[38;2;90;140;165m[48;2;0;0;0m▀[0m[38;2;90;140;165m[48;2;90;140;165m▀[0m[38;2;90;140;165m[48;2;65;65;65m▀[0m[38;2;90;140;165m[48;2;90;140;165m▀[0m[38;2;90;140;165m[48;2;0;0;0m▀[0m[38;2;0;0;0m[48;2;0;0;0m▀[0m  
       [38;2;0;0;0m▀[38;2;0;0;0m▀[38;2;0;0;0m▀    
[0m
