   [38;2;0;0;0m[48;2;0;0;0m▀[0m[38;2;0;0;0m[48;2;255;255;255m▀[0m[38;2;0;0;0m[48;2;255;255;255m▀[0m[38;2;0;0;0m[48;2;255;255;255m▀[0m[38;2;0;0;0m▄[38;2;0;0;0m▄[38;2;0;0;0m▄                                   
    [38;2;0;0;0m[48;2;0;0;0m▀[0m[38;2;233;233;235m[48;2;230;234;238m▀[0m[38;2;233;233;235m[48;2;230;234;238m▀[0m[38;2;230;234;238m[48;2;230;234;238m▀[0m[38;2;230;234;238m[48;2;230;234;238m▀[0m[38;2;230;234;238m[48;2;230;234;238m▀[0m[38;2;0;0;0m[48;2;230;234;238m▀[0m[38;2;0;0;0m[48;2;233;234;235m▀[0m[38;2;0;0;0m[48;2;233;234;235m▀[0m[38;2;0;0;0m▄[38;2;0;0;0m▄         [38;2;0;0;0m▄[38;2;0;0;0m▄[38;2;0;0;0m▄                  
  [38;2;0;0;0m▄[38;2;0;0;0m[48;2;235;234;233m▀[0m[38;2;230;234;238m[48;2;235;234;233m▀[0m[38;2;131;132;106m[48;2;235;234;233m▀[0m[38;2;131;132;106m[48;2;235;234;233m▀[0m[38;2;131;132;106m[48;2;230;234;238m▀[0m[38;2;131;132;106m[48;2;230;234;238m▀[0m[38;2;131;132;106m[48;2;238;234;230m▀[0m[38;2;230;234;238m[48;2;128;124;115m▀[0m[38;2;233;234;235m[48;2;131;132;106m▀[0m[38;2;233;234;235m[48;2;230;234;238m▀[0m[38;2;230;234;238m[48;2;230;234;238m▀[0m[38;2;230;234;238m[48;2;230;234;238m▀[0m[38;2;0;0;0m[48;2;233;234;235m▀[0m[38;2;0;0;0m[48;2;233;234;235m▀[0m[38;2;0;0;0m▄[38;2;0;0;0m▄ [38;2;0;0;0m▄[38;2;0;0;0m▄[38;2;0;0;0m[48;2;180;161;172m▀[0m[38;2;0;0;0m[48;2;180;163;175m▀[0m[38;2;180;161;172m[48;2;180;163;175m▀[0m[38;2;180;161;172m[48;2;180;161;172m▀[0m[38;2;0;0;0m[48;2;0;0;0m▀[0m      [38;2;0;4;0m▄[38;2;0;4;0m▄[38;2;0;0;0m▄[38;2;0;0;0m▄[38;2;0;0;0m▄[38;2;0;0;0m[48;2;255;242;255m▀[0m[38;2;0;0;0m[48;2;255;242;255m▀[0m[38;2;0;0;0m[48;2;255;242;255m▀[0m[38;2;0;0;0m[48;2;255;242;255m▀[0m[38;2;0;0;0m[48;2;0;0;0m▀[0m  
  [38;2;0;0;0m▀[38;2;197;194;189m[48;2;0;0;0m▀[0m[38;2;197;194;189m[48;2;197;194;189m▀[0m[38;2;197;194;189m[48;2;131;40;53m▀[0m[38;2;197;194;189m[48;2;65;64;65m▀[0m[38;2;65;64;65m[48;2;255;101;65m▀[0m[38;2;65;64;65m[48;2;0;16;16m▀[0m[38;2;74;68;57m[48;2;168;135;127m▀[0m[38;2;238;234;230m[48;2;82;56;49m▀[0m[38;2;230;234;238m[48;2;230;234;238m▀[0m[38;2;131;132;106m[48;2;230;234;238m▀[0m[38;2;131;132;106m[48;2;82;80;65m▀[0m[38;2;131;132;106m[48;2;255;242;255m▀[0m[38;2;233;234;235m[48;2;65;64;65m▀[0m[38;2;233;234;235m[48;2;65;64;65m▀[0m[38;2;230;234;238m[48;2;230;234;238m▀[0m[38;2;230;234;238m[48;2;230;234;238m▀[0m[38;2;0;0;0m[48;2;233;234;235m▀[0m[38;2;65;64;65m[48;2;233;234;235m▀[0m[38;2;180;161;172m[48;2;65;64;65m▀[0m[38;2;180;161;172m[48;2;191;178;180m▀[0m[38;2;180;163;175m[48;2;126;118;115m▀[0m[38;2;131;132;104m[48;2;189;174;172m▀[0m[38;2;0;0;0m[48;2;0;0;0m▀[0m [38;2;0;0;0m▄[38;2;0;0;0m▄[38;2;0;0;0m[48;2;230;234;238m▀[0m[38;2;0;0;0m[48;2;230;234;238m▀[0m[38;2;0;0;0m[48;2;246;238;246m▀[0m[38;2;0;0;0m[48;2;93;98;93m▀[0m[38;2;84;84;84m[48;2;255;242;255m▀[0m[38;2;255;246;255m[48;2;255;242;255m▀[0m[38;2;255;242;255m[48;2;255;242;255m▀[0m[38;2;255;242;255m[48;2;255;242;255m▀[0m[38;2;255;242;255m[48;2;255;242;255m▀[0m[38;2;255;242;255m[48;2;255;242;255m▀[0m[38;2;255;242;255m[48;2;255;242;255m▀[0m[38;2;255;242;255m[48;2;255;242;255m▀[0m[38;2;0;0;0m[48;2;0;0;0m▀[0m   
 [38;2;0;0;0m▄[38;2;0;0;0m▄[38;2;0;0;0m▀[38;2;197;194;189m[48;2;0;0;0m▀[0m[38;2;131;40;53m[48;2;189;68;131m▀[0m[38;2;131;40;53m[48;2;189;68;131m▀[0m[38;2;84;44;32m[48;2;197;64;123m▀[0m[38;2;255;101;65m[48;2;82;48;41m▀[0m[38;2;82;56;49m[48;2;246;242;246m▀[0m[38;2;255;214;205m[48;2;65;64;65m▀[0m[38;2;230;234;238m[48;2;65;64;65m▀[0m[38;2;82;80;65m[48;2;230;234;238m▀[0m[38;2;255;242;255m[48;2;65;64;65m▀[0m[38;2;255;242;255m[48;2;255;242;255m▀[0m[38;2;255;242;255m[48;2;150;99;150m▀[0m[38;2;255;242;255m[48;2;150;99;150m▀[0m[38;2;65;64;65m[48;2;150;99;150m▀[0m[38;2;65;64;65m[48;2;255;242;255m▀[0m[38;2;233;234;235m[48;2;65;64;65m▀[0m[38;2;233;234;235m[48;2;65;64;65m▀[0m[38;2;191;178;180m[48;2;197;194;189m▀[0m[38;2;65;64;65m[48;2;197;194;189m▀[0m[38;2;63;63;57m[48;2;197;194;189m▀[0m[38;2;0;8;0m[48;2;65;64;65m▀[0m[38;2;8;0;8m▄[38;2;0;0;0m[48;2;255;230;255m▀[0m[38;2;65;64;65m[48;2;255;242;255m▀[0m[38;2;65;64;65m[48;2;150;99;150m▀[0m[38;2;82;80;82m[48;2;152;99;152m▀[0m[38;2;82;80;82m[48;2;65;64;65m▀[0m[38;2;93;98;93m[48;2;255;242;255m▀[0m[38;2;246;238;246m[48;2;82;80;82m▀[0m[38;2;255;242;255m[48;2;95;97;95m▀[0m[38;2;255;242;255m[48;2;95;97;95m▀[0m[38;2;255;242;255m[48;2;95;97;95m▀[0m[38;2;255;242;255m[48;2;95;97;95m▀[0m[38;2;95;97;95m[48;2;255;242;255m▀[0m[38;2;95;97;95m[48;2;255;242;255m▀[0m[38;2;90;86;90m[48;2;0;0;0m▀[0m[38;2;8;8;8m▀    
[38;2;0;0;0m▀[38;2;197;194;189m[48;2;0;0;0m▀[0m[38;2;197;194;189m[48;2;197;194;189m▀[0m[38;2;0;0;0m[48;2;197;194;180m▀[0m[38;2;65;64;65m[48;2;131;129;120m▀[0m[38;2;74;52;49m[48;2;197;194;180m▀[0m[38;2;112;58;76m[48;2;65;64;57m▀[0m[38;2;120;53;68m[48;2;255;250;255m▀[0m[38;2;120;53;68m[48;2;255;250;255m▀[0m[38;2;65;64;65m[48;2;233;234;235m▀[0m[38;2;246;242;246m[48;2;233;234;235m▀[0m[38;2;230;234;238m[48;2;238;226;230m▀[0m[38;2;230;234;238m[48;2;65;64;65m▀[0m[38;2;65;64;65m[48;2;255;242;255m▀[0m[38;2;255;242;255m[48;2;255;242;255m▀[0m[38;2;255;242;255m[48;2;255;242;255m▀[0m[38;2;150;99;150m[48;2;255;242;255m▀[0m[38;2;150;99;150m[48;2;150;99;150m▀[0m[38;2;150;99;150m[48;2;150;99;150m▀[0m[38;2;152;99;152m[48;2;255;242;255m▀[0m[38;2;152;99;152m[48;2;255;242;255m▀[0m[38;2;65;64;65m[48;2;150;99;150m▀[0m[38;2;65;64;65m[48;2;150;99;150m▀[0m[38;2;197;194;189m[48;2;65;64;65m▀[0m[38;2;65;64;65m[48;2;65;64;65m▀[0m[38;2;131;115;131m[48;2;150;99;150m▀[0m[38;2;131;115;131m[48;2;150;99;150m▀[0m[38;2;255;242;255m[48;2;150;121;126m▀[0m[38;2;255;242;255m[48;2;98;89;106m▀[0m[38;2;152;99;152m[48;2;90;97;98m▀[0m[38;2;152;99;152m[48;2;156;97;115m▀[0m[38;2;82;80;82m[48;2;230;222;230m▀[0m[38;2;255;242;255m[48;2;65;64;65m▀[0m[38;2;255;242;255m[48;2;95;97;95m▀[0m[38;2;255;242;255m[48;2;95;97;95m▀[0m[38;2;255;242;255m[48;2;90;90;90m▀[0m[38;2;255;242;255m[48;2;90;90;90m▀[0m[38;2;90;86;90m[48;2;255;242;255m▀[0m[38;2;8;8;8m[48;2;0;0;0m▀[0m      
  [38;2;0;0;0m▀[38;2;0;0;0m▀[38;2;0;0;0m▀[38;2;131;129;119m[48;2;0;0;0m▀[0m[38;2;197;194;180m[48;2;0;0;0m▀[0m[38;2;84;83;84m[48;2;0;0;0m▀[0m[38;2;0;0;0m▀[38;2;233;234;235m[48;2;0;0;0m▀[0m[38;2;233;234;235m[48;2;0;0;0m▀[0m[38;2;65;64;65m[48;2;180;165;180m▀[0m[38;2;180;172;175m[48;2;60;60;65m▀[0m[38;2;65;64;65m[48;2;126;118;117m▀[0m[38;2;255;242;255m[48;2;65;68;65m▀[0m[38;2;255;242;255m[48;2;65;64;57m▀[0m[38;2;255;242;255m[48;2;255;242;246m▀[0m[38;2;255;242;255m[48;2;255;242;255m▀[0m[38;2;255;242;255m[48;2;255;242;255m▀[0m[38;2;150;99;150m[48;2;255;242;255m▀[0m[38;2;150;99;150m[48;2;150;99;150m▀[0m[38;2;255;242;255m[48;2;150;99;150m▀[0m[38;2;255;242;255m[48;2;255;242;255m▀[0m[38;2;65;64;65m[48;2;65;64;65m▀[0m[38;2;255;242;255m[48;2;255;242;255m▀[0m[38;2;255;242;255m[48;2;255;242;255m▀[0m[38;2;150;99;150m[48;2;255;242;255m▀[0m[38;2;98;89;106m[48;2;90;93;98m▀[0m[38;2;255;186;164m[48;2;255;137;98m▀[0m[38;2;189;97;123m[48;2;255;250;238m▀[0m[38;2;90;97;98m[48;2;98;97;90m▀[0m[38;2;230;222;230m[48;2;150;99;150m▀[0m[38;2;65;64;65m[48;2;150;99;150m▀[0m[38;2;255;242;255m[48;2;65;64;65m▀[0m[38;2;255;242;255m[48;2;0;0;0m▀[0m[38;2;255;246;255m[48;2;0;0;0m▀[0m[38;2;8;12;8m▀[38;2;0;0;0m▀       
           [38;2;0;8;8m▀[38;2;60;60;65m[48;2;0;0;0m▀[0m[38;2;186;168;169m[48;2;127;76;106m▀[0m[38;2;65;68;65m[48;2;65;64;65m▀[0m[38;2;128;124;120m[48;2;131;132;104m▀[0m[38;2;65;64;57m[48;2;65;64;65m▀[0m[38;2;65;64;65m[48;2;238;226;230m▀[0m[38;2;255;242;255m[48;2;74;68;57m▀[0m[38;2;255;242;255m[48;2;255;234;255m▀[0m[38;2;255;242;255m[48;2;134;118;134m▀[0m[38;2;150;99;150m[48;2;65;68;65m▀[0m[38;2;150;99;150m[48;2;65;68;65m▀[0m[38;2;65;64;65m[48;2;230;222;230m▀[0m[38;2;65;64;65m[48;2;65;64;65m▀[0m[38;2;255;242;255m[48;2;152;99;152m▀[0m[38;2;150;99;150m[48;2;152;99;152m▀[0m[38;2;90;93;98m[48;2;145;118;142m▀[0m[38;2;200;122;98m[48;2;98;72;98m▀[0m[38;2;202;199;189m[48;2;95;95;95m▀[0m[38;2;98;97;90m[48;2;150;98;150m▀[0m[38;2;150;99;150m[48;2;230;222;230m▀[0m[38;2;150;99;150m[48;2;0;0;0m▀[0m[38;2;0;0;0m▀           
            [38;2;0;0;0m▀[38;2;127;76;106m[48;2;0;0;0m▀[0m[38;2;65;64;65m[48;2;180;161;172m▀[0m[38;2;131;132;104m[48;2;65;64;65m▀[0m[38;2;65;64;65m[48;2;131;132;104m▀[0m[38;2;238;226;230m[48;2;65;64;74m▀[0m[38;2;128;121;115m[48;2;131;133;115m▀[0m[38;2;74;60;74m[48;2;230;222;230m▀[0m[38;2;74;60;74m[48;2;230;222;230m▀[0m[38;2;123;121;117m[48;2;131;130;104m▀[0m[38;2;238;226;222m[48;2;131;130;104m▀[0m[38;2;230;222;230m[48;2;230;222;230m▀[0m[38;2;230;222;230m[48;2;230;222;230m▀[0m[38;2;65;64;65m[48;2;65;64;65m▀[0m[38;2;152;99;152m[48;2;65;64;65m▀[0m[38;2;145;118;142m[48;2;230;222;230m▀[0m[38;2;238;210;230m[48;2;230;222;230m▀[0m[38;2;150;98;150m[48;2;134;118;134m▀[0m[38;2;150;98;150m[48;2;74;60;74m▀[0m[38;2;230;222;230m[48;2;74;68;74m▀[0m[38;2;76;74;76m[48;2;255;242;255m▀[0m[38;2;0;0;0m[48;2;255;242;255m▀[0m[38;2;0;0;0m▄          
            [38;2;0;0;0m▄[38;2;0;0;8m▄[38;2;0;0;0m[48;2;131;133;115m▀[0m[38;2;131;132;104m[48;2;131;129;106m▀[0m[38;2;131;132;104m[48;2;78;89;106m▀[0m[38;2;87;87;87m[48;2;78;89;106m▀[0m[38;2;65;64;74m[48;2;131;129;106m▀[0m[38;2;131;130;104m[48;2;65;64;65m▀[0m[38;2;230;222;230m[48;2;65;64;65m▀[0m[38;2;230;222;230m[48;2;65;64;65m▀[0m[38;2;131;130;104m[48;2;65;64;65m▀[0m[38;2;65;64;65m[48;2;131;132;104m▀[0m[38;2;65;64;65m[48;2;131;132;104m▀[0m[38;2;131;132;104m[48;2;126;101;115m▀[0m[38;2;131;132;104m[48;2;65;68;65m▀[0m[38;2;65;64;65m[48;2;74;60;74m▀[0m[38;2;65;64;65m[48;2;255;234;255m▀[0m[38;2;74;60;74m[48;2;255;242;255m▀[0m[38;2;255;234;255m[48;2;180;161;175m▀[0m[38;2;255;242;255m[48;2;180;161;175m▀[0m[38;2;164;155;164m[48;2;255;242;255m▀[0m[38;2;169;161;169m[48;2;255;242;255m▀[0m[38;2;255;242;255m[48;2;0;0;0m▀[0m[38;2;0;0;0m▀         
         [38;2;0;0;0m▄[38;2;0;0;0m[48;2;197;194;180m▀[0m[38;2;0;0;0m[48;2;65;64;60m▀[0m[38;2;131;129;106m[48;2;131;129;120m▀[0m[38;2;131;133;115m[48;2;65;64;65m▀[0m[38;2;87;89;79m[48;2;131;132;104m▀[0m[38;2;78;89;106m[48;2;131;132;104m▀[0m[38;2;78;89;106m[48;2;131;132;104m▀[0m[38;2;131;129;106m[48;2;65;60;65m▀[0m[38;2;131;129;106m[48;2;65;60;65m▀[0m[38;2;65;64;65m[48;2;131;132;104m▀[0m[38;2;131;132;104m[48;2;65;64;65m▀[0m[38;2;131;132;104m[48;2;65;64;65m▀[0m[38;2;131;132;104m[48;2;65;64;65m▀[0m[38;2;65;64;65m[48;2;255;255;255m▀[0m[38;2;65;64;65m[48;2;191;191;191m▀[0m[38;2;65;68;65m[48;2;255;255;255m▀[0m[38;2;156;117;139m[48;2;128;103;106m▀[0m[38;2;134;118;134m[48;2;152;99;152m▀[0m[38;2;74;60;74m[48;2;152;99;152m▀[0m[38;2;180;161;175m[48;2;65;60;65m▀[0m[38;2;255;242;255m[48;2;186;174;186m▀[0m[38;2;255;242;255m[48;2;172;161;164m▀[0m[38;2;180;161;175m[48;2;255;242;255m▀[0m[38;2;169;161;169m[48;2;255;238;255m▀[0m[38;2;169;161;169m[48;2;255;238;255m▀[0m[38;2;0;0;0m[48;2;0;0;0m▀[0m      [38;2;0;0;0m▄[38;2;0;0;0m[48;2;255;226;246m▀[0m[38;2;0;0;0m▄
        [38;2;0;0;0m▀[38;2;197;194;180m[48;2;0;0;0m▀[0m[38;2;131;129;120m[48;2;0;0;0m▀[0m[38;2;197;194;180m[48;2;131;129;112m▀[0m[38;2;65;64;60m[48;2;65;64;60m▀[0m[38;2;131;132;104m[48;2;65;64;65m▀[0m[38;2;65;64;65m[48;2;65;64;65m▀[0m[38;2;65;64;65m[48;2;180;161;175m▀[0m[38;2;65;64;65m[48;2;180;161;175m▀[0m[38;2;189;149;180m[48;2;65;64;65m▀[0m[38;2;148;120;142m[48;2;152;99;152m▀[0m[38;2;65;64;65m[48;2;238;222;230m▀[0m[38;2;131;132;104m[48;2;82;56;82m▀[0m[38;2;131;132;104m[48;2;82;56;82m▀[0m[38;2;65;64;65m[48;2;238;222;230m▀[0m[38;2;65;64;65m[48;2;65;68;65m▀[0m[38;2;255;255;255m[48;2;93;80;93m▀[0m[38;2;128;103;106m[48;2;255;255;246m▀[0m[38;2;255;255;255m[48;2;128;128;120m▀[0m[38;2;131;76;106m[48;2;65;64;65m▀[0m[38;2;152;99;152m[48;2;65;64;65m▀[0m[38;2;65;60;65m[48;2;74;72;74m▀[0m[38;2;246;230;246m[48;2;74;72;74m▀[0m[38;2;255;242;255m[48;2;74;72;74m▀[0m[38;2;90;80;74m[48;2;164;157;164m▀[0m[38;2;84;79;84m[48;2;0;0;0m▀[0m[38;2;0;0;0m▀      [38;2;16;0;8m▄[38;2;0;0;0m[48;2;255;242;255m▀[0m[38;2;127;113;123m[48;2;127;76;106m▀[0m[38;2;0;0;0m[48;2;0;0;0m▀[0m
           [38;2;0;0;8m[48;2;0;0;0m▀[0m[38;2;65;64;60m[48;2;180;161;172m▀[0m[38;2;180;161;175m[48;2;180;163;175m▀[0m[38;2;180;161;175m[48;2;180;163;175m▀[0m[38;2;180;161;175m[48;2;180;161;175m▀[0m[38;2;180;161;175m[48;2;180;161;175m▀[0m[38;2;65;64;65m[48;2;65;60;65m▀[0m[38;2;152;99;152m[48;2;148;120;142m▀[0m[38;2;238;222;230m[48;2;230;222;230m▀[0m[38;2;134;111;131m[48;2;148;98;153m▀[0m[38;2;134;111;131m[48;2;148;98;153m▀[0m[38;2;238;222;230m[48;2;230;222;230m▀[0m[38;2;148;105;148m[48;2;148;98;153m▀[0m[38;2;65;68;65m[48;2;230;222;230m▀[0m[38;2;65;64;57m[48;2;65;64;65m▀[0m[38;2;65;64;57m[48;2;180;161;175m▀[0m[38;2;180;161;175m[48;2;180;161;175m▀[0m[38;2;180;161;175m[48;2;255;242;255m▀[0m[38;2;164;157;164m[48;2;255;242;255m▀[0m[38;2;255;242;255m[48;2;255;242;255m▀[0m[38;2;255;242;255m[48;2;255;242;255m▀[0m[38;2;74;72;74m[48;2;255;242;255m▀[0m[38;2;180;161;172m[48;2;180;161;175m▀[0m[38;2;0;0;0m[48;2;180;161;175m▀[0m[38;2;0;0;0m▄[38;2;0;0;0m▄[38;2;0;0;0m▄[38;2;0;0;0m▄[38;2;0;0;0m[48;2;255;242;255m▀[0m[38;2;0;0;0m[48;2;255;242;255m▀[0m[38;2;255;242;255m[48;2;95;80;90m▀[0m[38;2;95;80;90m[48;2;255;242;255m▀[0m[38;2;0;0;0m[48;2;0;0;0m▀[0m 
           [38;2;0;0;0m▀[38;2;180;161;172m[48;2;0;0;0m▀[0m[38;2;131;132;104m[48;2;189;178;164m▀[0m[38;2;180;163;175m[48;2;126;121;109m▀[0m[38;2;180;161;175m[48;2;180;161;175m▀[0m[38;2;180;161;175m[48;2;180;161;175m▀[0m[38;2;189;149;180m[48;2;180;161;175m▀[0m[38;2;65;60;65m[48;2;180;161;175m▀[0m[38;2;148;98;153m[48;2;60;58;60m▀[0m[38;2;230;222;230m[48;2;180;165;180m▀[0m[38;2;148;98;153m[48;2;126;78;106m▀[0m[38;2;148;98;153m[48;2;126;78;106m▀[0m[38;2;230;222;230m[48;2;180;161;172m▀[0m[38;2;148;98;153m[48;2;126;78;106m▀[0m[38;2;65;64;65m[48;2;65;52;57m▀[0m[38;2;180;161;175m[48;2;255;230;246m▀[0m[38;2;255;242;255m[48;2;180;161;175m▀[0m[38;2;255;242;255m[48;2;255;242;255m▀[0m[38;2;255;242;255m[48;2;255;242;255m▀[0m[38;2;255;242;255m[48;2;255;242;255m▀[0m[38;2;255;242;255m[48;2;255;242;255m▀[0m[38;2;255;242;255m[48;2;255;242;255m▀[0m[38;2;65;64;65m[48;2;65;64;65m▀[0m[38;2;180;161;175m[48;2;180;161;175m▀[0m[38;2;255;242;255m[48;2;180;161;175m▀[0m[38;2;255;242;255m[48;2;255;242;255m▀[0m[38;2;255;242;255m[48;2;246;242;255m▀[0m[38;2;255;242;255m[48;2;123;76;106m▀[0m[38;2;255;242;255m[48;2;95;80;90m▀[0m[38;2;131;76;106m[48;2;255;242;255m▀[0m[38;2;255;242;255m[48;2;0;0;0m▀[0m[38;2;16;0;8m▀  
             [38;2;0;8;0m[48;2;0;4;0m▀[0m[38;2;126;121;109m[48;2;180;165;172m▀[0m[38;2;180;161;175m[48;2;126;121;112m▀[0m[38;2;180;161;175m[48;2;65;72;57m▀[0m[38;2;180;161;175m[48;2;60;56;57m▀[0m[38;2;65;64;65m[48;2;0;4;0m▀[0m[38;2;0;4;0m▀[38;2;0;4;0m▀[38;2;180;161;172m[48;2;0;0;0m▀[0m[38;2;126;78;106m[48;2;0;0;0m▀[0m[38;2;126;78;106m[48;2;127;76;106m▀[0m[38;2;180;161;172m[48;2;127;76;106m▀[0m[38;2;128;111;120m[48;2;123;80;106m▀[0m[38;2;65;52;57m[48;2;123;80;106m▀[0m[38;2;180;161;175m[48;2;65;71;63m▀[0m[38;2;255;242;255m[48;2;180;165;172m▀[0m[38;2;255;242;255m[48;2;255;242;255m▀[0m[38;2;255;242;255m[48;2;255;242;255m▀[0m[38;2;255;242;255m[48;2;180;165;172m▀[0m[38;2;65;64;65m[48;2;65;71;63m▀[0m[38;2;180;161;175m[48;2;180;161;175m▀[0m[38;2;180;161;175m[48;2;180;161;175m▀[0m[38;2;180;161;175m[48;2;180;161;172m▀[0m[38;2;180;161;175m[48;2;180;161;172m▀[0m[38;2;185;159;180m[48;2;180;161;172m▀[0m[38;2;185;159;180m[48;2;0;0;0m▀[0m[38;2;175;161;172m[48;2;0;0;0m▀[0m[38;2;16;0;8m▀    
         [38;2;0;0;0m▄[38;2;0;0;0m▄[38;2;0;0;0m[48;2;230;234;238m▀[0m[38;2;0;0;0m[48;2;230;234;238m▀[0m[38;2;180;165;172m[48;2;65;64;65m▀[0m[38;2;120;111;115m[48;2;175;167;175m▀[0m[38;2;186;169;167m[48;2;131;132;104m▀[0m[38;2;126;121;112m[48;2;180;163;175m▀[0m[38;2;180;161;172m[48;2;180;161;172m▀[0m[38;2;180;161;172m[48;2;126;78;106m▀[0m[38;2;0;0;0m[48;2;123;85;106m▀[0m[38;2;0;0;0m▄  [38;2;0;0;0m▀[38;2;0;0;0m▀[38;2;0;4;0m▀[38;2;82;55;71m[48;2;0;0;0m▀[0m[38;2;180;165;172m[48;2;186;168;169m▀[0m[38;2;123;118;117m[48;2;126;118;117m▀[0m[38;2;180;161;175m[48;2;65;64;65m▀[0m[38;2;180;161;175m[48;2;65;64;65m▀[0m[38;2;123;118;117m[48;2;126;118;117m▀[0m[38;2;180;165;172m[48;2;186;168;169m▀[0m[38;2;65;64;65m[48;2;180;153;172m▀[0m[38;2;65;64;65m[48;2;0;0;0m▀[0m[38;2;0;0;0m▀[38;2;0;0;0m▀[38;2;0;0;0m▀       
       [38;2;0;0;0m▄[38;2;0;0;0m[48;2;230;234;238m▀[0m[38;2;230;234;238m[48;2;238;242;238m▀[0m[38;2;230;234;238m[48;2;159;163;159m▀[0m[38;2;230;234;238m[48;2;159;163;159m▀[0m[38;2;169;175;172m[48;2;238;242;238m▀[0m[38;2;175;167;175m[48;2;230;230;230m▀[0m[38;2;65;64;65m[48;2;76;76;76m▀[0m[38;2;131;132;104m[48;2;127;76;106m▀[0m[38;2;180;163;175m[48;2;127;76;106m▀[0m[38;2;126;78;106m[48;2;127;76;106m▀[0m[38;2;126;78;106m[48;2;0;0;0m▀[0m[38;2;82;56;71m[48;2;0;0;0m▀[0m[38;2;0;0;0m▀    [38;2;0;0;0m[48;2;0;0;0m▀[0m[38;2;180;161;172m[48;2;76;76;76m▀[0m[38;2;65;68;65m[48;2;235;234;233m▀[0m[38;2;65;68;65m[48;2;197;194;189m▀[0m[38;2;230;234;238m[48;2;233;234;235m▀[0m[38;2;230;234;238m[48;2;233;234;235m▀[0m[38;2;65;68;65m[48;2;197;194;189m▀[0m[38;2;65;68;65m[48;2;235;234;233m▀[0m[38;2;180;153;172m[48;2;65;52;65m▀[0m[38;2;120;102;115m[48;2;123;109;120m▀[0m[38;2;0;0;0m[48;2;0;0;0m▀[0m         
        [38;2;0;0;0m▀[38;2;0;4;0m▀[38;2;0;4;0m▀[38;2;0;4;0m▀[38;2;0;4;0m▀[38;2;0;0;0m▀[38;2;0;0;0m▀[38;2;0;0;0m▀[38;2;0;0;0m▀[38;2;0;0;0m▀       [38;2;0;0;0m▀[38;2;230;230;230m[48;2;0;0;0m▀[0m[38;2;235;234;233m[48;2;213;214;213m▀[0m[38;2;197;194;189m[48;2;213;214;213m▀[0m[38;2;233;234;235m[48;2;233;234;235m▀[0m[38;2;233;234;235m[48;2;233;234;235m▀[0m[38;2;197;194;189m[48;2;213;214;213m▀[0m[38;2;235;234;233m[48;2;213;214;213m▀[0m[38;2;238;222;230m[48;2;65;64;65m▀[0m[38;2;65;52;65m[48;2;0;0;0m▀[0m[38;2;0;0;0m▀         
                           [38;2;0;0;0m▀[38;2;0;0;0m▀[38;2;233;234;235m[48;2;0;0;0m▀[0m[38;2;233;234;235m[48;2;0;0;0m▀[0m[38;2;0;0;0m▀[38;2;0;0;0m▀[38;2;0;0;0m▀           
[0m
