               [38;2;0;0;0m▄[38;2;0;0;0m[48;2;255;162;148m▀[0m[38;2;0;0;0m▄                    
              [38;2;0;0;0m[48;2;0;0;0m▀[0m[38;2;255;162;148m[48;2;255;162;148m▀[0m[38;2;255;162;148m[48;2;181;71;40m▀[0m[38;2;0;0;0m[48;2;255;97;57m▀[0m[38;2;0;0;0m▄                   
             [38;2;0;0;0m[48;2;0;0;0m▀[0m[38;2;255;162;148m[48;2;255;162;148m▀[0m[38;2;255;162;148m[48;2;198;69;41m▀[0m[38;2;181;71;40m[48;2;255;97;60m▀[0m[38;2;255;97;57m[48;2;255;97;60m▀[0m[38;2;0;0;0m[48;2;0;0;0m▀[0m   [38;2;0;0;0m▄[38;2;0;0;0m[48;2;255;97;57m▀[0m[38;2;0;0;0m[48;2;170;67;44m▀[0m[38;2;0;0;0m▄            
            [38;2;0;0;0m▄[38;2;0;0;0m[48;2;255;97;57m▀[0m[38;2;198;69;41m[48;2;181;71;40m▀[0m[38;2;217;100;76m[48;2;255;97;57m▀[0m[38;2;255;97;60m[48;2;255;97;60m▀[0m[38;2;255;97;60m[48;2;255;97;60m▀[0m[38;2;0;0;0m[48;2;0;0;0m▀[0m   [38;2;0;0;0m[48;2;0;0;0m▀[0m[38;2;255;97;57m[48;2;255;101;66m▀[0m[38;2;255;101;66m[48;2;181;73;41m▀[0m[38;2;0;0;0m[48;2;0;0;0m▀[0m            
            [38;2;0;0;0m[48;2;0;0;0m▀[0m[38;2;255;97;57m[48;2;181;73;41m▀[0m[38;2;181;71;40m[48;2;255;97;60m▀[0m[38;2;255;97;57m[48;2;255;97;60m▀[0m[38;2;255;97;60m[48;2;255;97;60m▀[0m[38;2;255;97;60m[48;2;255;97;60m▀[0m[38;2;0;0;0m[48;2;0;0;0m▀[0m  [38;2;0;0;0m▄[38;2;0;0;0m[48;2;181;72;43m▀[0m[38;2;170;67;44m[48;2;181;72;43m▀[0m[38;2;181;73;41m[48;2;181;73;41m▀[0m[38;2;0;0;0m[48;2;0;0;0m▀[0m            
         [38;2;0;0;0m▄ [38;2;0;0;0m▄[38;2;0;0;0m[48;2;255;97;57m▀[0m[38;2;181;73;41m[48;2;181;71;40m▀[0m[38;2;255;97;60m[48;2;255;97;57m▀[0m[38;2;255;97;60m[48;2;255;97;57m▀[0m[38;2;255;97;60m[48;2;247;105;82m▀[0m[38;2;255;97;60m[48;2;57;73;82m▀[0m[38;2;66;65;66m[48;2;104;105;140m▀[0m[38;2;0;0;0m[48;2;104;105;140m▀[0m[38;2;0;8;8m▄[38;2;0;0;0m[48;2;142;92;96m▀[0m[38;2;181;72;43m[48;2;66;65;66m▀[0m[38;2;181;72;43m[48;2;186;81;54m▀[0m[38;2;181;73;41m[48;2;181;72;43m▀[0m[38;2;181;73;41m[48;2;181;72;43m▀[0m[38;2;0;0;0m[48;2;0;0;0m▀[0m           
        [38;2;0;0;0m[48;2;0;0;0m▀[0m[38;2;181;73;41m[48;2;181;73;41m▀[0m[38;2;0;0;0m[48;2;57;65;82m▀[0m[38;2;66;65;66m[48;2;120;111;82m▀[0m[38;2;255;97;57m[48;2;85;78;68m▀[0m[38;2;255;97;57m[48;2;255;97;57m▀[0m[38;2;181;71;40m[48;2;181;71;40m▀[0m[38;2;255;97;57m[48;2;255;97;57m▀[0m[38;2;57;73;82m[48;2;66;65;66m▀[0m[38;2;120;83;82m[48;2;71;78;120m▀[0m[38;2;104;105;140m[48;2;66;73;132m▀[0m[38;2;104;105;140m[48;2;107;105;148m▀[0m[38;2;142;92;96m[48;2;66;74;126m▀[0m[38;2;71;50;52m[48;2;66;65;66m▀[0m[38;2;247;89;49m[48;2;255;97;57m▀[0m[38;2;66;65;66m[48;2;66;65;66m▀[0m[38;2;181;72;43m[48;2;181;72;43m▀[0m[38;2;181;72;43m[48;2;181;72;43m▀[0m[38;2;0;0;0m[48;2;0;0;0m▀[0m           
       [38;2;0;0;0m▄[38;2;0;0;0m[48;2;181;72;43m▀[0m[38;2;181;73;41m[48;2;181;72;43m▀[0m[38;2;57;65;82m[48;2;57;65;82m▀[0m[38;2;247;203;82m[48;2;247;203;82m▀[0m[38;2;85;78;68m[48;2;82;81;66m▀[0m[38;2;255;97;57m[48;2;255;150;66m▀[0m[38;2;181;71;40m[48;2;192;86;60m▀[0m[38;2;255;97;57m[48;2;192;86;60m▀[0m[38;2;66;65;66m[48;2;43;50;71m▀[0m[38;2;74;85;148m[48;2;79;92;142m▀[0m[38;2;79;83;137m[48;2;90;69;140m▀[0m[38;2;66;73;132m[48;2;255;190;57m▀[0m[38;2;66;74;126m[48;2;66;65;66m▀[0m[38;2;66;65;66m[48;2;255;97;57m▀[0m[38;2;255;97;57m[48;2;255;97;60m▀[0m[38;2;66;65;66m[48;2;255;97;60m▀[0m[38;2;181;72;43m[48;2;66;65;66m▀[0m[38;2;181;72;43m[48;2;181;73;44m▀[0m[38;2;0;0;0m[48;2;85;51;46m▀[0m[38;2;0;16;24m▄          
       [38;2;0;0;0m▀[38;2;181;72;43m[48;2;0;0;0m▀[0m[38;2;181;72;43m[48;2;181;73;41m▀[0m[38;2;57;65;82m[48;2;181;73;44m▀[0m[38;2;120;111;82m[48;2;66;65;66m▀[0m[38;2;255;150;66m[48;2;90;89;93m▀[0m[38;2;82;81;66m[48;2;90;89;93m▀[0m[38;2;255;97;57m[48;2;206;105;66m▀[0m[38;2;66;65;66m[48;2;66;65;66m▀[0m[38;2;79;92;142m[48;2;255;207;66m▀[0m[38;2;8;8;0m[48;2;255;207;66m▀[0m[38;2;200;149;84m[48;2;255;207;66m▀[0m[38;2;255;190;57m[48;2;74;85;148m▀[0m[38;2;66;65;66m[48;2;66;65;66m▀[0m[38;2;255;97;57m[48;2;247;89;49m▀[0m[38;2;255;97;60m[48;2;247;89;49m▀[0m[38;2;255;97;60m[48;2;186;79;51m▀[0m[38;2;66;65;66m[48;2;76;78;90m▀[0m[38;2;181;73;44m[48;2;181;73;41m▀[0m[38;2;85;51;46m[48;2;66;65;66m▀[0m[38;2;170;86;68m[48;2;181;73;44m▀[0m[38;2;0;0;0m[48;2;0;0;0m▀[0m         
   [38;2;0;0;0m▄[38;2;0;0;0m[48;2;181;71;40m▀[0m[38;2;0;0;0m[48;2;255;97;57m▀[0m[38;2;0;0;0m▄ [38;2;0;0;0m▀[38;2;181;73;41m[48;2;0;0;0m▀[0m[38;2;181;73;44m[48;2;68;44;32m▀[0m[38;2;66;65;66m[48;2;206;109;66m▀[0m[38;2;206;105;66m[48;2;206;105;66m▀[0m[38;2;90;89;93m[48;2;74;73;66m▀[0m[38;2;206;105;66m[48;2;206;105;66m▀[0m[38;2;66;65;66m[48;2;206;105;66m▀[0m[38;2;74;85;148m[48;2;74;73;66m▀[0m[38;2;74;85;148m[48;2;255;97;57m▀[0m[38;2;74;85;148m[48;2;74;77;90m▀[0m[38;2;74;85;148m[48;2;74;77;90m▀[0m[38;2;66;65;66m[48;2;104;105;142m▀[0m[38;2;186;81;54m[48;2;66;65;66m▀[0m[38;2;186;79;51m[48;2;173;69;33m▀[0m[38;2;66;60;57m[48;2;95;74;93m▀[0m[38;2;76;78;90m[48;2;86;93;144m▀[0m[38;2;76;78;90m[48;2;66;65;66m▀[0m[38;2;181;73;44m[48;2;181;73;44m▀[0m[38;2;181;73;44m[48;2;181;73;44m▀[0m[38;2;0;0;0m[48;2;85;51;46m▀[0m[38;2;0;16;24m▄   [38;2;0;0;0m▄    
   [38;2;0;0;0m[48;2;0;0;0m▀[0m[38;2;255;97;57m[48;2;255;97;57m▀[0m[38;2;181;71;40m[48;2;170;64;38m▀[0m[38;2;255;97;57m[48;2;255;97;57m▀[0m[38;2;0;0;0m[48;2;255;97;57m▀[0m[38;2;0;0;0m▄ [38;2;0;12;16m▀[38;2;206;109;66m[48;2;0;0;0m▀[0m[38;2;74;73;66m[48;2;57;73;82m▀[0m[38;2;74;73;66m[48;2;120;83;82m▀[0m[38;2;66;65;66m[48;2;66;65;66m▀[0m[38;2;206;105;66m[48;2;206;105;66m▀[0m[38;2;74;73;66m[48;2;66;65;66m▀[0m[38;2;255;97;57m[48;2;66;65;66m▀[0m[38;2;255;97;57m[48;2;247;105;82m▀[0m[38;2;74;77;90m[48;2;57;73;82m▀[0m[38;2;104;105;142m[48;2;104;105;140m▀[0m[38;2;104;105;142m[48;2;104;105;140m▀[0m[38;2;57;77;123m[48;2;66;73;123m▀[0m[38;2;57;77;123m[48;2;104;105;139m▀[0m[38;2;86;93;144m[48;2;78;87;144m▀[0m[38;2;86;93;144m[48;2;107;105;140m▀[0m[38;2;66;65;66m[48;2;66;65;66m▀[0m[38;2;181;73;44m[48;2;66;65;66m▀[0m[38;2;85;51;46m[48;2;255;97;57m▀[0m[38;2;170;86;68m[48;2;181;71;40m▀[0m[38;2;0;0;0m[48;2;66;65;66m▀[0m[38;2;0;0;0m▄[38;2;0;0;0m[48;2;181;72;43m▀[0m[38;2;181;73;41m[48;2;181;72;43m▀[0m[38;2;0;0;0m[48;2;0;0;0m▀[0m   
    [38;2;0;0;0m[48;2;0;0;0m▀[0m[38;2;255;97;57m[48;2;255;97;57m▀[0m[38;2;255;97;57m[48;2;66;73;123m▀[0m[38;2;66;73;123m[48;2;104;105;139m▀[0m[38;2;107;105;140m[48;2;66;74;126m▀[0m[38;2;0;0;0m[48;2;66;74;126m▀[0m[38;2;0;0;0m[48;2;74;60;57m▀[0m[38;2;255;97;57m[48;2;189;133;117m▀[0m[38;2;247;105;82m[48;2;183;75;44m▀[0m[38;2;57;73;82m[48;2;255;105;66m▀[0m[38;2;66;65;66m[48;2;255;93;57m▀[0m[38;2;66;65;66m[48;2;66;60;57m▀[0m[38;2;104;105;142m[48;2;104;105;142m▀[0m[38;2;104;105;142m[48;2;104;105;142m▀[0m[38;2;57;73;82m[48;2;104;105;139m▀[0m[38;2;120;83;82m[48;2;104;105;139m▀[0m[38;2;104;105;140m[48;2;101;103;145m▀[0m[38;2;104;105;140m[48;2;101;103;145m▀[0m[38;2;104;105;139m[48;2;71;78;120m▀[0m[38;2;66;73;123m[48;2;71;78;120m▀[0m[38;2;107;105;140m[48;2;79;82;109m▀[0m[38;2;78;87;144m[48;2;60;63;71m▀[0m[38;2;66;65;66m[48;2;255;97;57m▀[0m[38;2;255;97;57m[48;2;255;97;57m▀[0m[38;2;181;71;40m[48;2;255;97;57m▀[0m[38;2;255;97;57m[48;2;255;97;57m▀[0m[38;2;66;65;66m[48;2;66;74;126m▀[0m[38;2;66;65;66m[48;2;66;74;126m▀[0m[38;2;181;72;43m[48;2;85;52;60m▀[0m[38;2;181;72;43m[48;2;170;88;79m▀[0m[38;2;0;0;0m[48;2;0;0;0m▀[0m   
 [38;2;0;0;0m▄[38;2;0;0;0m[48;2;255;97;57m▀[0m[38;2;0;0;0m▄ [38;2;0;0;0m[48;2;0;0;0m▀[0m[38;2;104;105;139m[48;2;104;105;139m▀[0m[38;2;104;105;139m[48;2;66;73;123m▀[0m[38;2;66;74;126m[48;2;66;65;66m▀[0m[38;2;66;65;66m[48;2;140;140;127m▀[0m[38;2;247;170;148m[48;2;142;138;128m▀[0m[38;2;74;60;57m[48;2;142;138;128m▀[0m[38;2;219;90;55m[48;2;66;65;66m▀[0m[38;2;183;75;44m[48;2;206;105;66m▀[0m[38;2;192;82;57m[48;2;208;105;63m▀[0m[38;2;255;93;57m[48;2;181;73;41m▀[0m[38;2;66;65;66m[48;2;66;65;66m▀[0m[38;2;104;105;142m[48;2;71;78;120m▀[0m[38;2;104;105;139m[48;2;66;73;123m▀[0m[38;2;66;73;123m[48;2;78;87;144m▀[0m[38;2;79;81;109m[48;2;66;65;66m▀[0m[38;2;57;60;74m[48;2;66;65;66m▀[0m[38;2;66;65;66m[48;2;198;195;189m▀[0m[38;2;74;85;148m[48;2;66;65;66m▀[0m[38;2;60;63;71m[48;2;66;65;66m▀[0m[38;2;99;101;148m[48;2;104;105;142m▀[0m[38;2;255;97;57m[48;2;66;65;66m▀[0m[38;2;181;71;40m[48;2;255;97;57m▀[0m[38;2;255;97;57m[48;2;255;97;57m▀[0m[38;2;66;65;66m[48;2;74;81;115m▀[0m[38;2;66;74;126m[48;2;66;65;66m▀[0m[38;2;66;74;126m[48;2;66;74;126m▀[0m[38;2;85;52;60m[48;2;66;74;126m▀[0m[38;2;0;16;41m[48;2;66;74;126m▀[0m[38;2;0;0;0m▄ [38;2;0;0;0m▄ 
 [38;2;0;0;0m[48;2;0;0;0m▀[0m[38;2;255;97;57m[48;2;255;97;60m▀[0m[38;2;170;64;38m[48;2;255;97;60m▀[0m[38;2;0;0;0m[48;2;76;78;90m▀[0m[38;2;107;105;140m[48;2;76;78;90m▀[0m[38;2;104;105;139m[48;2;66;69;82m▀[0m[38;2;66;73;123m[48;2;66;69;82m▀[0m[38;2;66;65;66m[48;2;66;74;126m▀[0m[38;2;66;65;66m[48;2;66;74;126m▀[0m[38;2;142;138;128m[48;2;66;65;66m▀[0m[38;2;79;87;142m[48;2;0;0;0m▀[0m[38;2;66;65;66m[48;2;82;89;132m▀[0m[38;2;206;105;66m[48;2;54;59;88m▀[0m[38;2;208;105;63m[48;2;206;105;66m▀[0m[38;2;208;105;63m[48;2;68;67;88m▀[0m[38;2;74;85;148m[48;2;66;73;123m▀[0m[38;2;74;85;148m[48;2;78;87;144m▀[0m[38;2;78;87;144m[48;2;76;86;142m▀[0m[38;2;78;87;144m[48;2;76;86;142m▀[0m[38;2;66;65;66m[48;2;74;85;148m▀[0m[38;2;198;195;189m[48;2;0;0;0m▀[0m[38;2;198;195;189m[48;2;189;186;198m▀[0m[38;2;198;195;189m[48;2;63;62;66m▀[0m[38;2;66;65;66m[48;2;104;105;140m▀[0m[38;2;104;105;142m[48;2;104;105;140m▀[0m[38;2;66;65;66m[48;2;104;105;139m▀[0m[38;2;255;97;57m[48;2;66;73;123m▀[0m[38;2;74;81;115m[48;2;78;87;144m▀[0m[38;2;74;81;115m[48;2;78;87;144m▀[0m[38;2;66;65;66m[48;2;66;73;90m▀[0m[38;2;66;74;126m[48;2;66;73;90m▀[0m[38;2;66;65;66m[48;2;255;97;57m▀[0m[38;2;66;74;126m[48;2;66;65;66m▀[0m[38;2;66;75;127m[48;2;49;69;115m▀[0m[38;2;0;0;0m[48;2;181;73;41m▀[0m[38;2;181;73;41m[48;2;181;73;41m▀[0m[38;2;0;0;0m[48;2;0;0;0m▀[0m
[38;2;0;0;0m[48;2;0;0;0m▀[0m[38;2;255;97;57m[48;2;255;97;57m▀[0m[38;2;255;97;60m[48;2;255;97;57m▀[0m[38;2;255;97;60m[48;2;255;97;57m▀[0m[38;2;181;73;41m[48;2;170;68;44m▀[0m[38;2;76;78;90m[48;2;170;68;44m▀[0m[38;2;255;97;57m[48;2;255;97;57m▀[0m[38;2;66;69;82m[48;2;66;65;66m▀[0m[38;2;66;74;126m[48;2;66;72;126m▀[0m[38;2;66;74;126m[48;2;66;72;126m▀[0m[38;2;0;0;0m[48;2;0;0;0m▀[0m [38;2;0;0;0m▀[38;2;0;0;0m▀[38;2;68;67;88m[48;2;0;0;0m▀[0m[38;2;68;67;88m[48;2;0;0;0m▀[0m[38;2;66;73;123m[48;2;0;0;0m▀[0m[38;2;66;73;123m[48;2;0;0;0m▀[0m[38;2;76;86;142m[48;2;0;0;0m▀[0m[38;2;0;0;0m▀[38;2;0;0;0m▀ [38;2;0;0;0m[48;2;0;0;0m▀[0m[38;2;126;124;132m[48;2;107;105;140m▀[0m[38;2;104;105;140m[48;2;104;105;140m▀[0m[38;2;104;105;140m[48;2;104;105;140m▀[0m[38;2;104;105;139m[48;2;66;73;123m▀[0m[38;2;66;73;123m[48;2;255;97;57m▀[0m[38;2;66;65;66m[48;2;181;73;44m▀[0m[38;2;78;87;144m[48;2;66;65;66m▀[0m[38;2;66;73;90m[48;2;181;71;40m▀[0m[38;2;255;97;57m[48;2;255;97;57m▀[0m[38;2;255;97;57m[48;2;255;97;57m▀[0m[38;2;66;65;66m[48;2;66;65;66m▀[0m[38;2;181;73;41m[48;2;181;77;49m▀[0m[38;2;93;70;90m[48;2;181;77;49m▀[0m[38;2;181;73;41m[48;2;0;0;0m▀[0m[38;2;0;0;0m[48;2;0;0;0m▀[0m
 [38;2;0;0;0m▀[38;2;0;0;0m▀[38;2;0;0;0m▀[38;2;0;4;0m▀[38;2;255;101;66m[48;2;0;0;0m▀[0m[38;2;255;97;57m[48;2;0;0;0m▀[0m[38;2;255;97;57m[48;2;0;0;0m▀[0m[38;2;0;0;0m▀[38;2;0;0;0m▀             [38;2;0;0;0m▀[38;2;104;105;140m[48;2;0;0;0m▀[0m[38;2;104;105;140m[48;2;0;0;0m▀[0m[38;2;66;73;123m[48;2;255;97;57m▀[0m[38;2;255;97;57m[48;2;255;97;57m▀[0m[38;2;181;73;44m[48;2;255;97;57m▀[0m[38;2;181;73;44m[48;2;0;0;0m▀[0m[38;2;255;97;57m[48;2;0;0;0m▀[0m[38;2;255;97;57m[48;2;255;97;57m▀[0m[38;2;255;97;57m[48;2;255;97;57m▀[0m[38;2;255;97;57m[48;2;255;97;57m▀[0m[38;2;90;44;32m[48;2;0;0;0m▀[0m[38;2;0;12;16m▀  
                          [38;2;0;0;0m▀[38;2;0;0;0m▀[38;2;0;0;0m▀  [38;2;0;0;0m▀[38;2;0;0;0m▀[38;2;0;0;0m▀    
[0m
