      [38;2;0;0;0m▄[38;2;0;0;0m▄[38;2;0;0;0m[48;2;140;123;107m▀[0m[38;2;0;0;0m[48;2;140;123;107m▀[0m[38;2;0;0;0m[48;2;140;123;107m▀[0m[38;2;0;0;0m▄[38;2;0;0;0m▄        
     [38;2;0;0;0m[48;2;0;0;0m▀[0m[38;2;107;99;82m[48;2;140;123;107m▀[0m[38;2;140;123;107m[48;2;140;123;107m▀[0m[38;2;140;123;107m[48;2;140;123;107m▀[0m[38;2;140;123;107m[48;2;140;123;107m▀[0m[38;2;140;123;107m[48;2;140;123;107m▀[0m[38;2;140;123;107m[48;2;140;123;107m▀[0m[38;2;140;123;107m[48;2;140;123;107m▀[0m[38;2;0;0;0m[48;2;107;99;82m▀[0m[38;2;0;0;0m▄      
    [38;2;0;0;0m[48;2;0;0;0m▀[0m[38;2;189;189;189m[48;2;255;255;255m▀[0m[38;2;255;255;255m[48;2;255;255;255m▀[0m[38;2;140;123;107m[48;2;255;255;255m▀[0m[38;2;140;123;107m[48;2;189;189;189m▀[0m[38;2;140;123;107m[48;2;255;255;255m▀[0m[38;2;140;123;107m[48;2;189;189;189m▀[0m[38;2;140;123;107m[48;2;140;123;107m▀[0m[38;2;140;123;107m[48;2;140;123;107m▀[0m[38;2;140;123;107m[48;2;140;123;107m▀[0m[38;2;0;0;0m[48;2;107;99;82m▀[0m[38;2;0;0;0m▄     
  [38;2;0;0;0m▄[38;2;0;0;0m[48;2;255;181;165m▀[0m[38;2;255;255;255m[48;2;239;115;156m▀[0m[38;2;255;255;255m[48;2;255;255;255m▀[0m[38;2;255;255;255m[48;2;255;255;255m▀[0m[38;2;255;255;255m[48;2;255;255;255m▀[0m[38;2;255;255;255m[48;2;189;189;189m▀[0m[38;2;0;0;0m[48;2;255;255;255m▀[0m[38;2;255;255;255m[48;2;255;255;255m▀[0m[38;2;140;123;107m[48;2;140;123;107m▀[0m[38;2;140;123;107m[48;2;140;123;107m▀[0m[38;2;140;123;107m[48;2;140;123;107m▀[0m[38;2;140;123;107m[48;2;107;99;82m▀[0m[38;2;0;0;0m[48;2;82;107;189m▀[0m[38;2;0;0;0m▄[38;2;0;0;0m▄   
 [38;2;0;0;0m[48;2;0;0;0m▀[0m[38;2;65;65;65m[48;2;255;255;255m▀[0m[38;2;181;82;107m[48;2;65;65;65m▀[0m[38;2;239;115;156m[48;2;65;65;65m▀[0m[38;2;189;189;189m[48;2;65;65;65m▀[0m[38;2;255;255;255m[48;2;0;0;0m▀[0m[38;2;255;255;255m[48;2;0;0;0m▀[0m[38;2;181;82;107m[48;2;65;65;65m▀[0m[38;2;189;189;189m[48;2;65;65;65m▀[0m[38;2;65;65;65m[48;2;115;132;222m▀[0m[38;2;107;99;82m[48;2;115;132;222m▀[0m[38;2;140;123;107m[48;2;65;65;65m▀[0m[38;2;140;123;107m[48;2;115;132;222m▀[0m[38;2;115;132;222m[48;2;115;132;222m▀[0m[38;2;115;132;222m[48;2;140;123;107m▀[0m[38;2;140;123;107m[48;2;140;123;107m▀[0m[38;2;107;99;82m[48;2;115;132;222m▀[0m[38;2;0;0;0m[48;2;82;107;189m▀[0m[38;2;0;0;0m▄ 
[38;2;0;0;0m[48;2;0;0;0m▀[0m[38;2;255;255;255m[48;2;255;255;255m▀[0m[38;2;189;189;189m[48;2;0;0;0m▀[0m[38;2;82;107;189m[48;2;0;0;0m▀[0m[38;2;0;0;0m▀[38;2;0;0;0m▀[38;2;0;0;0m▄[38;2;0;0;0m[48;2;107;99;82m▀[0m[38;2;107;99;82m[48;2;115;132;222m▀[0m[38;2;115;132;222m[48;2;115;132;222m▀[0m[38;2;115;132;222m[48;2;115;132;222m▀[0m[38;2;115;132;222m[48;2;107;99;82m▀[0m[38;2;65;65;65m[48;2;107;99;82m▀[0m[38;2;115;132;222m[48;2;65;65;65m▀[0m[38;2;140;123;107m[48;2;140;123;107m▀[0m[38;2;140;123;107m[48;2;140;123;107m▀[0m[38;2;115;132;222m[48;2;107;99;82m▀[0m[38;2;115;132;222m[48;2;107;99;82m▀[0m[38;2;107;99;82m[48;2;189;189;189m▀[0m[38;2;0;0;0m[48;2;255;255;255m▀[0m[38;2;0;0;0m▄
[38;2;0;0;0m▀[38;2;0;0;0m▀    [38;2;0;0;0m[48;2;0;0;0m▀[0m[38;2;65;65;65m[48;2;140;123;107m▀[0m[38;2;115;132;222m[48;2;107;99;82m▀[0m[38;2;115;132;222m[48;2;0;0;0m▀[0m[38;2;107;99;82m[48;2;0;0;0m▀[0m[38;2;107;99;82m[48;2;107;99;82m▀[0m[38;2;107;99;82m[48;2;115;132;222m▀[0m[38;2;65;65;65m[48;2;115;132;222m▀[0m[38;2;107;99;82m[48;2;65;65;65m▀[0m[38;2;107;99;82m[48;2;255;255;255m▀[0m[38;2;189;189;189m[48;2;189;189;189m▀[0m[38;2;255;255;255m[48;2;255;255;255m▀[0m[38;2;189;189;189m[48;2;189;189;189m▀[0m[38;2;255;255;255m[48;2;255;255;255m▀[0m[38;2;0;0;0m[48;2;0;0;0m▀[0m
       [38;2;0;0;0m▀[38;2;0;0;0m▀  [38;2;0;0;0m▀[38;2;65;65;65m[48;2;0;0;0m▀[0m[38;2;65;65;65m[48;2;107;99;82m▀[0m[38;2;65;65;65m[48;2;140;123;107m▀[0m[38;2;65;65;65m[48;2;0;0;0m▀[0m[38;2;255;255;255m[48;2;0;0;0m▀[0m[38;2;189;189;189m[48;2;140;123;107m▀[0m[38;2;255;255;255m[48;2;255;255;255m▀[0m[38;2;0;0;0m[48;2;0;0;0m▀[0m 
             [38;2;0;0;0m▀[38;2;0;0;0m▀  [38;2;0;0;0m▀[38;2;0;0;0m▀  
[0m
