   [38;2;0;0;0m▄[38;2;0;0;0m[48;2;41;149;213m▀[0m[38;2;0;0;0m▄                              
   [38;2;0;0;0m▀[38;2;41;149;213m[48;2;24;8;0m▀[0m[38;2;41;149;213m[48;2;49;153;213m▀[0m[38;2;0;0;0m[48;2;137;164;169m▀[0m[38;2;0;0;0m▄                       [38;2;0;0;0m▄[38;2;0;0;0m▄[38;2;0;0;0m[48;2;41;149;213m▀[0m[38;2;0;0;0m[48;2;41;149;213m▀[0m[38;2;0;0;0m▄
   [38;2;0;0;0m[48;2;0;0;0m▀[0m[38;2;49;153;213m[48;2;63;64;63m▀[0m[38;2;32;56;71m[48;2;189;194;189m▀[0m[38;2;68;82;84m[48;2;213;178;172m▀[0m[38;2;205;246;255m[48;2;76;59;57m▀[0m[38;2;0;0;0m[48;2;255;255;255m▀[0m[38;2;0;0;0m▄ [38;2;0;0;0m▄           [38;2;0;0;0m▄[38;2;0;0;0m[48;2;65;64;65m▀[0m[38;2;0;0;0m[48;2;255;255;255m▀[0m[38;2;65;64;65m▄[38;2;65;64;65m▄[38;2;24;8;0m▄[38;2;0;0;0m[48;2;49;153;213m▀[0m[38;2;0;0;0m[48;2;46;151;211m▀[0m[38;2;41;149;213m[48;2;46;151;211m▀[0m[38;2;41;149;213m[48;2;41;149;213m▀[0m[38;2;41;149;213m[48;2;41;149;213m▀[0m[38;2;41;149;213m[48;2;0;0;0m▀[0m[38;2;0;0;0m▀
    [38;2;0;0;0m[48;2;0;0;0m▀[0m[38;2;63;64;63m[48;2;41;149;213m▀[0m[38;2;76;59;57m[48;2;24;93;148m▀[0m[38;2;145;118;115m[48;2;84;107;115m▀[0m[38;2;84;84;84m[48;2;65;64;65m▀[0m[38;2;169;169;169m[48;2;65;64;65m▀[0m[38;2;0;0;0m[48;2;213;168;84m▀[0m[38;2;213;170;82m[48;2;213;168;84m▀[0m[38;2;0;0;0m[48;2;0;0;0m▀[0m       [38;2;8;4;0m▄[38;2;0;0;0m[48;2;255;222;131m▀[0m[38;2;0;0;0m[48;2;65;64;65m▀[0m[38;2;255;255;255m[48;2;222;113;106m▀[0m[38;2;65;64;65m[48;2;183;90;84m▀[0m[38;2;255;255;255m[48;2;74;60;57m▀[0m[38;2;65;64;65m[48;2;139;60;41m▀[0m[38;2;191;191;191m[48;2;98;86;93m▀[0m[38;2;32;56;71m[48;2;46;151;211m▀[0m[38;2;49;153;213m[48;2;46;151;211m▀[0m[38;2;46;151;211m[48;2;32;102;145m▀[0m[38;2;46;151;211m[48;2;0;0;8m▀[0m[38;2;0;0;0m▀[38;2;0;0;0m▀  
     [38;2;0;0;0m▀[38;2;84;107;115m[48;2;24;4;8m▀[0m[38;2;205;137;49m[48;2;19;58;57m▀[0m[38;2;213;170;82m[48;2;65;64;65m▀[0m[38;2;213;170;82m[48;2;65;64;65m▀[0m[38;2;213;168;84m[48;2;213;170;90m▀[0m[38;2;213;168;84m[48;2;0;4;8m▀[0m[38;2;0;0;0m▀      [38;2;0;0;0m▄[38;2;8;4;0m[48;2;255;210;139m▀[0m[38;2;172;149;87m[48;2;255;210;139m▀[0m[38;2;65;64;65m[48;2;194;165;95m▀[0m[38;2;222;113;106m[48;2;74;68;57m▀[0m[38;2;238;105;98m[48;2;65;64;65m▀[0m[38;2;183;90;84m[48;2;65;64;65m▀[0m[38;2;98;86;93m[48;2;194;161;106m▀[0m[38;2;16;137;197m[48;2;74;64;57m▀[0m[38;2;46;151;211m[48;2;41;149;213m▀[0m[38;2;41;105;156m[48;2;41;149;213m▀[0m[38;2;49;153;213m[48;2;46;151;211m▀[0m[38;2;49;153;213m[48;2;46;151;211m▀[0m[38;2;0;0;0m[48;2;41;149;213m▀[0m[38;2;0;0;0m[48;2;41;149;213m▀[0m[38;2;0;0;0m[48;2;41;149;213m▀[0m[38;2;0;0;0m▄
   [38;2;0;0;0m▄[38;2;0;0;0m[48;2;37;194;189m▀[0m[38;2;0;0;0m[48;2;37;194;189m▀[0m[38;2;13;111;106m[48;2;32;194;189m▀[0m[38;2;8;165;156m[48;2;0;117;115m▀[0m[38;2;0;157;148m[48;2;0;161;156m▀[0m[38;2;21;126;120m[48;2;0;161;156m▀[0m[38;2;71;59;35m[48;2;0;118;112m▀[0m[38;2;0;4;8m[48;2;0;161;156m▀[0m[38;2;0;0;0m▄       [38;2;0;0;0m▀[38;2;255;210;139m[48;2;0;0;0m▀[0m[38;2;255;214;115m[48;2;252;210;137m▀[0m[38;2;194;165;95m[48;2;252;210;137m▀[0m[38;2;255;214;123m[48;2;255;210;131m▀[0m[38;2;191;164;104m[48;2;255;210;131m▀[0m[38;2;255;210;131m[48;2;205;137;49m▀[0m[38;2;255;210;131m[48;2;84;107;115m▀[0m[38;2;65;64;65m[48;2;46;151;211m▀[0m[38;2;41;149;213m[48;2;41;105;156m▀[0m[38;2;46;151;211m[48;2;32;102;145m▀[0m[38;2;46;151;211m[48;2;0;0;8m▀[0m[38;2;41;149;213m[48;2;0;0;0m▀[0m[38;2;0;0;0m▀[38;2;0;0;0m▀ 
 [38;2;0;0;0m▄[38;2;0;0;0m[48;2;0;121;115m▀[0m[38;2;32;194;189m[48;2;27;196;191m▀[0m[38;2;0;161;156m[48;2;24;198;189m▀[0m[38;2;37;194;189m[48;2;12;159;152m▀[0m[38;2;32;194;189m[48;2;32;93;90m▀[0m[38;2;0;117;115m[48;2;255;255;255m▀[0m[38;2;65;64;65m[48;2;255;255;255m▀[0m[38;2;65;64;65m[48;2;255;255;255m▀[0m[38;2;0;161;156m[48;2;74;89;84m▀[0m[38;2;0;118;112m[48;2;0;85;82m▀[0m[38;2;0;161;156m[48;2;0;133;123m▀[0m[38;2;0;0;0m[48;2;0;133;123m▀[0m[38;2;0;8;24m▄[38;2;0;0;0m[48;2;156;190;123m▀[0m[38;2;16;8;0m▄[38;2;0;0;0m[48;2;175;153;87m▀[0m[38;2;0;0;0m▄ [38;2;16;8;0m▄[38;2;0;0;0m[48;2;255;226;131m▀[0m[38;2;252;210;137m[48;2;252;210;137m▀[0m[38;2;252;210;137m[48;2;252;210;137m▀[0m[38;2;194;161;106m[48;2;84;107;115m▀[0m[38;2;74;64;57m[48;2;24;93;148m▀[0m[38;2;84;107;115m[48;2;46;151;211m▀[0m[38;2;24;93;148m[48;2;46;151;211m▀[0m[38;2;46;151;211m[48;2;46;151;211m▀[0m[38;2;46;151;211m[48;2;46;151;211m▀[0m[38;2;49;153;213m[48;2;49;153;213m▀[0m[38;2;49;153;213m[48;2;49;153;213m▀[0m[38;2;41;149;213m[48;2;41;149;213m▀[0m[38;2;0;0;0m[48;2;41;149;213m▀[0m[38;2;0;0;0m▄ 
[38;2;0;0;0m▄[38;2;0;0;0m[48;2;0;165;156m▀[0m[38;2;13;159;153m[48;2;0;161;156m▀[0m[38;2;0;121;115m[48;2;0;161;156m▀[0m[38;2;12;159;152m[48;2;0;117;115m▀[0m[38;2;0;121;115m[48;2;0;117;115m▀[0m[38;2;255;255;255m[48;2;255;218;213m▀[0m[38;2;32;93;90m[48;2;16;0;0m▀[0m[38;2;255;255;255m[48;2;255;255;255m▀[0m[38;2;255;255;255m[48;2;191;191;191m▀[0m[38;2;74;89;84m[48;2;222;113;106m▀[0m[38;2;222;97;90m[48;2;65;64;65m▀[0m[38;2;222;113;106m[48;2;224;114;104m▀[0m[38;2;0;133;123m[48;2;224;114;104m▀[0m[38;2;104;129;90m[48;2;0;85;82m▀[0m[38;2;52;68;57m[48;2;74;89;84m▀[0m[38;2;175;153;87m[48;2;252;210;137m▀[0m[38;2;255;226;131m[48;2;252;210;137m▀[0m[38;2;213;170;82m[48;2;148;113;49m▀[0m[38;2;0;0;0m[48;2;201;163;90m▀[0m[38;2;175;153;87m[48;2;213;170;82m▀[0m[38;2;175;153;87m[48;2;213;170;82m▀[0m[38;2;252;210;137m[48;2;213;170;82m▀[0m[38;2;252;210;137m[48;2;65;64;65m▀[0m[38;2;205;137;49m[48;2;65;64;65m▀[0m[38;2;84;107;115m[48;2;38;105;159m▀[0m[38;2;46;151;211m[48;2;43;111;159m▀[0m[38;2;46;151;211m[48;2;32;137;205m▀[0m[38;2;41;105;156m[48;2;46;151;211m▀[0m[38;2;41;105;156m[48;2;46;151;211m▀[0m[38;2;32;102;145m[48;2;0;0;0m▀[0m[38;2;0;0;8m▀[38;2;0;0;0m▀[38;2;0;0;0m▀  
[38;2;0;0;0m[48;2;0;0;0m▀[0m[38;2;0;110;104m[48;2;0;119;111m▀[0m[38;2;0;161;156m[48;2;24;75;71m▀[0m[38;2;0;161;156m[48;2;32;113;106m▀[0m[38;2;0;117;115m[48;2;230;117;123m▀[0m[38;2;222;113;106m[48;2;65;64;74m▀[0m[38;2;175;145;142m[48;2;65;64;65m▀[0m[38;2;175;145;142m[48;2;65;64;65m▀[0m[38;2;65;64;65m[48;2;186;94;104m▀[0m[38;2;65;64;65m[48;2;65;64;65m▀[0m[38;2;222;113;106m[48;2;205;97;82m▀[0m[38;2;222;113;106m[48;2;205;97;82m▀[0m[38;2;224;114;104m[48;2;191;86;76m▀[0m[38;2;224;114;104m[48;2;191;86;76m▀[0m[38;2;222;97;90m[48;2;65;64;65m▀[0m[38;2;74;89;84m[48;2;255;210;139m▀[0m[38;2;252;210;137m[48;2;255;210;139m▀[0m[38;2;252;210;137m[48;2;255;210;139m▀[0m[38;2;255;214;131m[48;2;148;113;49m▀[0m[38;2;148;113;49m[48;2;201;163;90m▀[0m[38;2;213;170;82m[48;2;65;64;65m▀[0m[38;2;65;64;65m[48;2;38;105;159m▀[0m[38;2;213;170;82m[48;2;65;64;65m▀[0m[38;2;65;64;65m[48;2;38;105;159m▀[0m[38;2;38;105;159m[48;2;38;105;159m▀[0m[38;2;38;105;159m[48;2;38;105;159m▀[0m[38;2;65;60;65m[48;2;38;105;159m▀[0m[38;2;43;111;159m[48;2;65;64;65m▀[0m[38;2;41;105;156m[48;2;65;64;65m▀[0m[38;2;46;151;211m[48;2;0;0;0m▀[0m[38;2;41;149;213m[48;2;0;0;0m▀[0m[38;2;0;0;0m[48;2;0;0;0m▀[0m    
 [38;2;0;0;0m▀[38;2;8;0;0m▀[38;2;8;0;0m▀[38;2;65;64;74m[48;2;0;0;0m▀[0m[38;2;175;99;106m[48;2;65;64;65m▀[0m[38;2;175;105;131m[48;2;189;190;189m▀[0m[38;2;175;105;131m[48;2;63;63;63m▀[0m[38;2;65;64;65m[48;2;189;85;74m▀[0m[38;2;186;94;104m[48;2;0;0;0m▀[0m[38;2;0;0;0m▀[38;2;205;97;82m[48;2;0;0;0m▀[0m[38;2;191;86;76m[48;2;65;64;65m▀[0m[38;2;191;86;76m[48;2;65;64;65m▀[0m[38;2;65;64;65m[48;2;252;210;137m▀[0m[38;2;255;210;139m[48;2;252;210;137m▀[0m[38;2;145;110;52m[48;2;255;214;131m▀[0m[38;2;255;210;139m[48;2;148;113;49m▀[0m[38;2;255;214;131m[48;2;143;113;49m▀[0m[38;2;148;113;49m[48;2;213;170;82m▀[0m[38;2;65;64;65m[48;2;213;165;82m▀[0m[38;2;38;105;159m[48;2;65;64;57m▀[0m[38;2;38;105;159m[48;2;38;105;159m▀[0m[38;2;65;64;65m[48;2;38;105;159m▀[0m[38;2;65;64;65m[48;2;49;105;156m▀[0m[38;2;38;105;159m[48;2;32;54;78m▀[0m[38;2;38;105;159m[48;2;0;0;0m▀[0m[38;2;38;105;159m[48;2;0;0;0m▀[0m[38;2;0;0;0m[48;2;0;0;0m▀[0m       
     [38;2;0;0;0m▀[38;2;0;0;0m▀[38;2;0;0;0m▀[38;2;0;0;0m▀ [38;2;0;0;0m[48;2;0;0;0m▀[0m[38;2;213;170;82m[48;2;213;170;82m▀[0m[38;2;255;210;139m[48;2;150;114;43m▀[0m[38;2;255;210;139m[48;2;255;214;131m▀[0m[38;2;252;210;137m[48;2;134;114;74m▀[0m[38;2;252;210;137m[48;2;255;214;123m▀[0m[38;2;148;113;49m[48;2;213;170;82m▀[0m[38;2;201;163;90m[48;2;213;170;82m▀[0m[38;2;213;170;82m[48;2;145;110;52m▀[0m[38;2;143;113;49m[48;2;255;210;139m▀[0m[38;2;139;115;69m[48;2;255;210;139m▀[0m[38;2;213;165;82m[48;2;145;110;52m▀[0m[38;2;65;64;65m[48;2;213;167;82m▀[0m[38;2;65;64;65m[48;2;213;167;82m▀[0m[38;2;49;105;156m[48;2;0;0;0m▀[0m[38;2;16;4;0m▀[38;2;0;0;0m▄[38;2;0;0;0m▄        
          [38;2;8;0;0m▄[38;2;0;0;0m[48;2;79;58;57m▀[0m[38;2;202;164;87m[48;2;65;64;65m▀[0m[38;2;202;164;87m[48;2;65;64;65m▀[0m[38;2;74;64;49m[48;2;0;93;90m▀[0m[38;2;194;164;98m[48;2;65;86;82m▀[0m[38;2;213;170;82m[48;2;65;64;65m▀[0m[38;2;65;64;65m[48;2;222;113;106m▀[0m[38;2;255;210;139m[48;2;65;60;65m▀[0m[38;2;255;210;139m[48;2;255;190;131m▀[0m[38;2;255;210;139m[48;2;65;64;65m▀[0m[38;2;255;210;139m[48;2;65;64;65m▀[0m[38;2;148;113;49m[48;2;255;214;123m▀[0m[38;2;213;167;82m[48;2;134;114;74m▀[0m[38;2;213;170;82m[48;2;213;167;82m▀[0m[38;2;0;0;0m[48;2;213;167;82m▀[0m[38;2;213;170;82m[48;2;213;170;82m▀[0m[38;2;213;170;82m[48;2;0;0;0m▀[0m[38;2;0;0;0m▀       
         [38;2;0;0;0m[48;2;0;0;0m▀[0m[38;2;222;174;172m[48;2;63;63;63m▀[0m[38;2;150;116;115m[48;2;189;190;189m▀[0m[38;2;65;64;65m[48;2;189;89;82m▀[0m[38;2;0;117;115m[48;2;94;48;45m▀[0m[38;2;65;86;82m[48;2;76;59;57m▀[0m[38;2;197;72;65m[48;2;145;118;115m▀[0m[38;2;222;113;106m[48;2;255;250;246m▀[0m[38;2;65;64;65m[48;2;101;83;82m▀[0m[38;2;191;147;109m[48;2;255;242;238m▀[0m[38;2;65;60;65m[48;2;106;36;32m▀[0m[38;2;0;161;156m[48;2;0;161;156m▀[0m[38;2;0;161;156m[48;2;65;64;65m▀[0m[38;2;74;64;49m[48;2;213;170;82m▀[0m[38;2;194;164;98m[48;2;213;170;82m▀[0m[38;2;213;167;82m[48;2;213;170;82m▀[0m[38;2;148;113;49m[48;2;213;170;82m▀[0m[38;2;213;170;82m[48;2;148;113;49m▀[0m[38;2;213;170;82m[48;2;0;0;0m▀[0m[38;2;0;0;0m▀       
          [38;2;0;0;0m▀[38;2;189;190;189m[48;2;0;0;0m▀[0m[38;2;0;8;8m▀[38;2;189;89;82m[48;2;0;0;0m▀[0m[38;2;76;59;57m[48;2;41;105;156m▀[0m[38;2;213;178;172m[48;2;0;0;0m▀[0m[38;2;24;0;0m▀[38;2;101;83;82m[48;2;0;0;0m▀[0m[38;2;156;105;101m[48;2;189;89;82m▀[0m[38;2;156;105;101m[48;2;189;89;82m▀[0m[38;2;65;64;65m[48;2;57;60;65m▀[0m[38;2;0;161;156m[48;2;0;153;148m▀[0m[38;2;65;64;65m[48;2;45;58;74m▀[0m[38;2;65;64;65m[48;2;65;109;148m▀[0m[38;2;0;0;0m[48;2;32;102;145m▀[0m[38;2;213;170;82m[48;2;0;0;8m▀[0m[38;2;0;0;0m▀         
              [38;2;0;0;0m▀  [38;2;0;0;0m▄[38;2;0;8;8m[48;2;191;86;76m▀[0m[38;2;94;48;45m[48;2;191;86;76m▀[0m[38;2;19;122;120m[48;2;84;55;54m▀[0m[38;2;19;122;120m[48;2;84;55;54m▀[0m[38;2;45;58;74m[48;2;32;102;150m▀[0m[38;2;24;8;0m[48;2;32;102;150m▀[0m[38;2;49;153;213m[48;2;0;0;0m▀[0m[38;2;49;153;213m[48;2;0;0;0m▀[0m[38;2;0;0;0m▀         
            [38;2;0;0;0m▄[38;2;0;0;0m[48;2;41;105;156m▀[0m[38;2;0;0;0m[48;2;38;105;159m▀[0m[38;2;0;0;0m▄[38;2;0;0;0m[48;2;84;55;54m▀[0m[38;2;189;85;74m[48;2;169;98;93m▀[0m[38;2;191;86;76m[48;2;0;0;0m▀[0m[38;2;191;86;76m[48;2;0;0;0m▀[0m[38;2;169;98;93m[48;2;0;0;0m▀[0m[38;2;0;12;16m▀[38;2;0;0;8m▀[38;2;49;153;222m[48;2;0;0;0m▀[0m[38;2;41;149;213m[48;2;0;0;0m▀[0m[38;2;0;0;0m▀          
           [38;2;0;0;0m▄[38;2;0;0;0m▄[38;2;0;0;0m[48;2;41;149;213m▀[0m[38;2;38;105;159m[48;2;41;145;213m▀[0m[38;2;38;105;159m[48;2;49;117;164m▀[0m[38;2;84;55;54m[48;2;43;111;159m▀[0m[38;2;0;12;16m[48;2;43;111;159m▀[0m[38;2;0;0;0m▄                 
          [38;2;0;0;0m▀[38;2;41;149;213m[48;2;0;0;0m▀[0m[38;2;41;149;213m[48;2;0;0;0m▀[0m[38;2;0;0;0m▀[38;2;65;60;65m[48;2;0;0;0m▀[0m[38;2;41;145;213m[48;2;41;149;213m▀[0m[38;2;65;60;65m[48;2;65;64;65m▀[0m[38;2;32;137;205m[48;2;0;0;0m▀[0m[38;2;0;0;0m▀                 
              [38;2;0;0;0m▀[38;2;41;149;213m[48;2;0;0;0m▀[0m[38;2;0;0;0m▀                   
[0m
