           [38;2;0;0;0m▄[38;2;0;0;0m▄[38;2;0;0;0m[48;2;247;138;165m▀[0m[38;2;0;0;0m[48;2;247;138;165m▀[0m[38;2;0;0;0m[48;2;247;138;165m▀[0m[38;2;0;0;0m[48;2;247;138;165m▀[0m[38;2;0;0;0m▄[38;2;0;0;0m▄             
        [38;2;0;0;0m▄[38;2;0;0;0m[48;2;247;138;165m▀[0m[38;2;0;0;0m[48;2;247;138;165m▀[0m[38;2;247;138;165m[48;2;247;138;165m▀[0m[38;2;247;138;165m[48;2;132;40;57m▀[0m[38;2;247;138;165m[48;2;132;40;57m▀[0m[38;2;132;40;57m[48;2;193;60;90m▀[0m[38;2;132;40;57m[48;2;193;60;90m▀[0m[38;2;132;40;57m[48;2;193;60;90m▀[0m[38;2;193;60;90m[48;2;193;60;90m▀[0m[38;2;189;60;90m[48;2;189;60;90m▀[0m[38;2;0;0;0m[48;2;189;60;90m▀[0m[38;2;0;0;0m[48;2;189;60;90m▀[0m[38;2;0;0;0m▄          
      [38;2;0;0;0m▄[38;2;0;0;0m[48;2;247;138;165m▀[0m[38;2;247;139;162m[48;2;247;139;162m▀[0m[38;2;247;139;162m[48;2;247;139;162m▀[0m[38;2;255;134;165m[48;2;148;32;57m▀[0m[38;2;183;66;93m[48;2;183;66;93m▀[0m[38;2;192;61;90m[48;2;192;61;90m▀[0m[38;2;192;61;90m[48;2;192;61;90m▀[0m[38;2;192;61;90m[48;2;192;61;90m▀[0m[38;2;192;61;90m[48;2;192;61;90m▀[0m[38;2;192;61;90m[48;2;192;61;90m▀[0m[38;2;192;61;90m[48;2;192;61;90m▀[0m[38;2;192;61;90m[48;2;192;61;90m▀[0m[38;2;192;61;90m[48;2;192;61;90m▀[0m[38;2;192;61;90m[48;2;192;61;90m▀[0m[38;2;192;61;90m[48;2;192;61;90m▀[0m[38;2;0;0;0m[48;2;189;60;90m▀[0m[38;2;0;0;0m▄        
     [38;2;0;0;0m▄[38;2;8;0;0m[48;2;255;130;156m▀[0m[38;2;255;130;156m[48;2;172;86;104m▀[0m[38;2;247;138;165m[48;2;247;138;165m▀[0m[38;2;132;40;57m[48;2;132;40;57m▀[0m[38;2;192;61;90m[48;2;192;61;90m▀[0m[38;2;192;61;90m[48;2;192;61;90m▀[0m[38;2;192;61;90m[48;2;192;61;90m▀[0m[38;2;192;61;90m[48;2;192;61;90m▀[0m[38;2;193;60;90m[48;2;132;40;57m▀[0m[38;2;193;60;90m[48;2;132;40;57m▀[0m[38;2;193;60;90m[48;2;132;40;57m▀[0m[38;2;193;60;90m[48;2;132;40;57m▀[0m[38;2;192;61;90m[48;2;192;61;90m▀[0m[38;2;192;61;90m[48;2;192;61;90m▀[0m[38;2;192;61;90m[48;2;192;61;90m▀[0m[38;2;192;61;90m[48;2;192;61;90m▀[0m[38;2;189;60;90m[48;2;189;60;90m▀[0m[38;2;0;0;0m[48;2;189;60;90m▀[0m[38;2;0;0;0m▄       
     [38;2;0;0;0m[48;2;0;0;0m▀[0m[38;2;192;59;93m[48;2;247;138;165m▀[0m[38;2;247;138;165m[48;2;192;59;93m▀[0m[38;2;192;61;90m[48;2;192;61;90m▀[0m[38;2;192;61;90m[48;2;192;61;90m▀[0m[38;2;192;61;90m[48;2;192;61;90m▀[0m[38;2;192;61;90m[48;2;192;61;90m▀[0m[38;2;134;72;82m[48;2;134;72;82m▀[0m[38;2;132;40;57m[48;2;140;138;132m▀[0m[38;2;142;139;129m[48;2;142;139;129m▀[0m[38;2;142;139;129m[48;2;104;104;93m▀[0m[38;2;140;139;128m[48;2;140;139;128m▀[0m[38;2;140;139;128m[48;2;140;139;128m▀[0m[38;2;132;40;57m[48;2;142;137;129m▀[0m[38;2;132;40;57m[48;2;142;137;129m▀[0m[38;2;193;60;90m[48;2;132;40;57m▀[0m[38;2;193;60;90m[48;2;193;60;90m▀[0m[38;2;192;61;90m[48;2;192;61;90m▀[0m[38;2;192;61;90m[48;2;192;61;90m▀[0m[38;2;0;0;0m[48;2;0;0;0m▀[0m       
      [38;2;0;0;0m[48;2;0;0;0m▀[0m[38;2;189;60;90m[48;2;189;60;90m▀[0m[38;2;193;60;90m[48;2;193;60;90m▀[0m[38;2;132;40;57m[48;2;132;40;57m▀[0m[38;2;189;85;99m[48;2;94;54;53m▀[0m[38;2;94;54;53m[48;2;0;24;8m▀[0m[38;2;0;0;0m▀[38;2;82;79;70m[48;2;0;0;0m▀[0m[38;2;140;139;128m[48;2;82;79;68m▀[0m[38;2;140;139;128m[48;2;140;139;128m▀[0m[38;2;104;104;93m[48;2;104;104;93m▀[0m[38;2;142;139;129m[48;2;142;139;129m▀[0m[38;2;104;104;93m[48;2;104;104;93m▀[0m[38;2;142;139;129m[48;2;142;139;129m▀[0m[38;2;148;134;123m[48;2;148;134;123m▀[0m[38;2;86;67;61m[48;2;24;0;0m▀[0m[38;2;189;60;90m[48;2;189;60;90m▀[0m[38;2;0;0;0m[48;2;0;0;0m▀[0m        
       [38;2;0;0;0m▀[38;2;189;60;90m[48;2;0;0;0m▀[0m[38;2;189;60;90m[48;2;0;0;0m▀[0m[38;2;0;0;0m[48;2;0;0;0m▀[0m  [38;2;0;0;0m▄[38;2;8;8;0m[48;2;206;199;189m▀[0m[38;2;140;135;126m[48;2;74;71;63m▀[0m[38;2;115;114;104m[48;2;74;77;66m▀[0m[38;2;74;77;66m[48;2;198;190;181m▀[0m[38;2;74;73;66m[48;2;198;199;189m▀[0m[38;2;136;136;127m[48;2;74;73;66m▀[0m[38;2;0;0;0m[48;2;0;0;0m▀[0m [38;2;0;0;0m▀         
           [38;2;0;0;0m▄[38;2;0;4;0m[48;2;99;101;94m▀[0m[38;2;198;199;189m[48;2;99;101;94m▀[0m[38;2;200;195;189m[48;2;200;195;189m▀[0m[38;2;200;195;189m[48;2;107;101;90m▀[0m[38;2;200;195;189m[48;2;107;101;90m▀[0m[38;2;200;195;189m[48;2;200;195;189m▀[0m[38;2;200;195;189m[48;2;200;195;189m▀[0m[38;2;200;195;189m[48;2;200;195;189m▀[0m[38;2;198;195;189m[48;2;198;195;189m▀[0m[38;2;0;0;0m[48;2;198;195;189m▀[0m[38;2;0;0;0m▄[38;2;0;0;0m[48;2;198;195;189m▀[0m[38;2;0;0;0m▄       
          [38;2;0;0;0m[48;2;0;0;0m▀[0m[38;2;103;103;90m[48;2;103;103;90m▀[0m[38;2;107;101;90m[48;2;200;195;189m▀[0m[38;2;200;195;189m[48;2;200;195;189m▀[0m[38;2;104;102;90m[48;2;104;102;90m▀[0m[38;2;104;102;90m[48;2;198;195;189m▀[0m[38;2;200;195;189m[48;2;200;195;189m▀[0m[38;2;200;195;189m[48;2;200;195;189m▀[0m[38;2;198;195;189m[48;2;66;65;66m▀[0m[38;2;198;195;189m[48;2;66;65;66m▀[0m[38;2;198;195;189m[48;2;71;70;68m▀[0m[38;2;71;70;68m[48;2;71;70;68m▀[0m[38;2;200;195;189m[48;2;200;195;189m▀[0m[38;2;200;195;189m[48;2;200;195;189m▀[0m[38;2;0;0;0m[48;2;198;195;189m▀[0m[38;2;0;0;0m▄      
         [38;2;0;0;0m▀[38;2;206;199;189m[48;2;0;4;0m▀[0m[38;2;206;199;189m[48;2;137;134;126m▀[0m[38;2;198;199;189m[48;2;132;134;127m▀[0m[38;2;198;199;189m[48;2;66;69;66m▀[0m[38;2;198;195;189m[48;2;71;70;68m▀[0m[38;2;71;70;68m[48;2;71;70;68m▀[0m[38;2;74;56;66m[48;2;255;207;99m▀[0m[38;2;74;56;66m[48;2;164;131;82m▀[0m[38;2;247;219;107m[48;2;247;219;107m▀[0m[38;2;247;219;107m[48;2;82;78;68m▀[0m[38;2;66;65;66m[48;2;66;65;66m▀[0m[38;2;198;195;189m[48;2;198;195;189m▀[0m[38;2;198;195;189m[48;2;198;195;189m▀[0m[38;2;198;195;189m[48;2;140;140;127m▀[0m[38;2;137;132;126m[48;2;206;199;189m▀[0m[38;2;0;0;0m[48;2;0;0;0m▀[0m   [38;2;0;0;0m▄[38;2;0;0;0m[48;2;198;195;189m▀[0m[38;2;0;0;0m[48;2;0;0;0m▀[0m
       [38;2;0;0;0m▄[38;2;0;0;0m▄[38;2;0;0;0m[48;2;66;65;66m▀[0m[38;2;198;199;189m[48;2;198;199;189m▀[0m[38;2;66;69;66m[48;2;132;134;127m▀[0m[38;2;71;70;68m[48;2;71;70;68m▀[0m[38;2;71;70;68m[48;2;198;195;189m▀[0m[38;2;82;79;68m[48;2;82;79;68m▀[0m[38;2;82;79;68m[48;2;82;79;68m▀[0m[38;2;82;81;66m[48;2;82;81;66m▀[0m[38;2;82;81;66m[48;2;255;255;255m▀[0m[38;2;74;69;66m[48;2;74;69;66m▀[0m[38;2;74;69;66m[48;2;194;179;66m▀[0m[38;2;74;69;57m[48;2;167;161;117m▀[0m[38;2;214;207;148m[48;2;74;69;57m▀[0m[38;2;198;195;189m[48;2;198;195;189m▀[0m[38;2;140;140;127m[48;2;140;140;127m▀[0m[38;2;66;65;66m[48;2;66;65;66m▀[0m[38;2;82;78;68m[48;2;82;78;68m▀[0m[38;2;0;0;0m[48;2;82;79;70m▀[0m[38;2;0;0;0m▄[38;2;0;0;0m[48;2;66;65;63m▀[0m[38;2;198;195;189m[48;2;66;65;63m▀[0m[38;2;198;195;189m[48;2;198;195;189m▀[0m[38;2;0;0;0m[48;2;0;0;0m▀[0m
      [38;2;0;0;0m[48;2;0;0;0m▀[0m[38;2;198;195;189m[48;2;198;195;189m▀[0m[38;2;198;195;189m[48;2;198;195;189m▀[0m[38;2;66;65;66m[48;2;198;195;189m▀[0m[38;2;140;140;127m[48;2;66;65;66m▀[0m[38;2;140;140;127m[48;2;140;140;127m▀[0m[38;2;140;140;127m[48;2;66;65;66m▀[0m[38;2;66;65;66m[48;2;66;65;66m▀[0m[38;2;192;181;66m[48;2;66;65;66m▀[0m[38;2;192;181;66m[48;2;66;65;66m▀[0m[38;2;195;180;66m[48;2;159;110;66m▀[0m[38;2;195;180;66m[48;2;159;110;66m▀[0m[38;2;195;180;66m[48;2;159;110;66m▀[0m[38;2;195;180;66m[48;2;159;110;66m▀[0m[38;2;137;116;73m[48;2;247;219;107m▀[0m[38;2;82;65;57m[48;2;247;219;107m▀[0m[38;2;198;199;189m[48;2;66;69;66m▀[0m[38;2;132;134;127m[48;2;198;199;189m▀[0m[38;2;206;199;189m[48;2;136;132;127m▀[0m[38;2;66;65;66m[48;2;66;65;66m▀[0m[38;2;66;65;66m[48;2;198;195;189m▀[0m[38;2;198;195;189m[48;2;198;195;189m▀[0m[38;2;200;195;189m[48;2;200;195;189m▀[0m[38;2;200;195;189m[48;2;239;231;222m▀[0m[38;2;0;0;0m[48;2;198;195;189m▀[0m[38;2;0;0;0m▄
      [38;2;0;0;0m▄[38;2;0;0;0m[48;2;189;60;90m▀[0m[38;2;198;195;189m[48;2;189;60;90m▀[0m[38;2;198;195;189m[48;2;189;60;90m▀[0m[38;2;66;65;66m[48;2;66;65;66m▀[0m[38;2;66;65;66m[48;2;198;195;189m▀[0m[38;2;198;195;189m[48;2;236;229;222m▀[0m[38;2;198;195;189m[48;2;236;229;222m▀[0m[38;2;200;195;189m[48;2;200;195;189m▀[0m[38;2;200;195;189m[48;2;200;195;189m▀[0m[38;2;74;69;57m[48;2;214;207;148m▀[0m[38;2;167;161;117m[48;2;74;69;57m▀[0m[38;2;186;170;88m[48;2;66;65;66m▀[0m[38;2;247;223;99m[48;2;66;65;66m▀[0m[38;2;189;146;74m[48;2;189;146;74m▀[0m[38;2;189;146;74m[48;2;66;146;247m▀[0m[38;2;74;150;247m[48;2;74;150;247m▀[0m[38;2;35;55;82m[48;2;16;8;0m▀[0m[38;2;0;0;0m▀[38;2;66;65;66m[48;2;0;0;0m▀[0m[38;2;222;182;181m[48;2;90;52;66m▀[0m[38;2;90;52;66m[48;2;134;95;104m▀[0m[38;2;90;52;66m[48;2;134;95;104m▀[0m[38;2;222;182;181m[48;2;90;52;66m▀[0m[38;2;198;195;189m[48;2;198;195;189m▀[0m[38;2;0;0;0m[48;2;0;0;0m▀[0m
   [38;2;0;0;0m▄[38;2;0;0;0m▄[38;2;0;0;0m[48;2;189;60;90m▀[0m[38;2;198;195;189m[48;2;189;60;90m▀[0m[38;2;198;195;189m[48;2;198;195;189m▀[0m[38;2;192;61;88m[48;2;192;61;88m▀[0m[38;2;66;65;66m[48;2;66;65;66m▀[0m[38;2;200;195;189m[48;2;200;195;189m▀[0m[38;2;239;231;222m[48;2;200;195;189m▀[0m[38;2;239;231;222m[48;2;200;195;189m▀[0m[38;2;200;195;189m[48;2;200;195;189m▀[0m[38;2;198;195;189m[48;2;198;195;189m▀[0m[38;2;198;195;189m[48;2;82;78;68m▀[0m[38;2;82;79;68m[48;2;140;139;128m▀[0m[38;2;140;139;128m[48;2;82;79;68m▀[0m[38;2;140;139;128m[48;2;140;139;128m▀[0m[38;2;140;139;128m[48;2;140;139;128m▀[0m[38;2;66;65;66m[48;2;140;140;127m▀[0m[38;2;66;65;66m[48;2;140;140;127m▀[0m[38;2;66;146;247m[48;2;0;0;0m▀[0m[38;2;0;0;0m▀ [38;2;0;0;0m▄[38;2;0;0;0m[48;2;198;195;189m▀[0m[38;2;198;195;189m[48;2;198;195;189m▀[0m[38;2;150;110;115m[48;2;222;166;173m▀[0m[38;2;79;55;57m[48;2;8;0;0m▀[0m[38;2;0;0;0m▀ 
 [38;2;0;0;0m▄[38;2;16;0;0m[48;2;164;100;110m▀[0m[38;2;239;150;165m[48;2;164;100;110m▀[0m[38;2;214;190;189m[48;2;214;190;189m▀[0m[38;2;123;95;94m[48;2;33;0;0m▀[0m[38;2;189;60;90m[48;2;0;0;0m▀[0m[38;2;0;0;0m▀[38;2;0;0;0m▀[38;2;0;0;0m▀[38;2;198;195;189m[48;2;0;0;0m▀[0m[38;2;198;195;189m[48;2;198;195;189m▀[0m[38;2;200;195;189m[48;2;200;195;189m▀[0m[38;2;200;195;189m[48;2;200;195;189m▀[0m[38;2;198;195;189m[48;2;140;136;128m▀[0m[38;2;82;78;68m[48;2;140;136;128m▀[0m[38;2;140;139;128m[48;2;82;79;68m▀[0m[38;2;82;79;68m[48;2;140;139;128m▀[0m[38;2;140;139;128m[48;2;140;139;128m▀[0m[38;2;140;139;128m[48;2;140;139;128m▀[0m[38;2;142;140;126m[48;2;142;140;126m▀[0m[38;2;142;140;126m[48;2;0;0;0m▀[0m[38;2;0;0;0m▀  [38;2;0;0;0m[48;2;0;0;0m▀[0m[38;2;192;61;90m[48;2;192;61;90m▀[0m[38;2;192;61;90m[48;2;192;61;90m▀[0m[38;2;198;195;189m[48;2;0;0;0m▀[0m[38;2;0;0;0m▀  
[38;2;0;0;0m[48;2;0;0;0m▀[0m[38;2;189;60;90m[48;2;0;0;0m▀[0m[38;2;189;60;90m[48;2;0;0;0m▀[0m[38;2;0;0;0m▀[38;2;0;0;0m▀     [38;2;0;0;0m▀[38;2;140;138;132m[48;2;0;0;0m▀[0m[38;2;140;139;128m[48;2;140;139;128m▀[0m[38;2;140;139;128m[48;2;140;139;128m▀[0m[38;2;140;139;128m[48;2;140;139;128m▀[0m[38;2;140;139;128m[48;2;140;139;128m▀[0m[38;2;140;139;128m[48;2;140;139;128m▀[0m[38;2;140;139;128m[48;2;140;139;128m▀[0m[38;2;140;139;128m[48;2;140;139;128m▀[0m[38;2;140;139;128m[48;2;140;139;128m▀[0m[38;2;140;138;132m[48;2;0;0;0m▀[0m[38;2;0;0;0m▀  [38;2;0;0;0m▄[38;2;0;0;0m[48;2;198;195;189m▀[0m[38;2;214;190;189m[48;2;214;190;189m▀[0m[38;2;123;95;94m[48;2;33;0;0m▀[0m[38;2;0;0;0m▀   
            [38;2;0;0;0m▀[38;2;0;0;0m▀[38;2;142;140;126m[48;2;0;0;0m▀[0m[38;2;142;140;126m[48;2;0;0;0m▀[0m[38;2;142;140;126m[48;2;0;0;0m▀[0m[38;2;142;140;126m[48;2;0;0;0m▀[0m[38;2;0;0;0m▀[38;2;0;0;0m▀    [38;2;0;0;0m[48;2;0;0;0m▀[0m[38;2;189;60;90m[48;2;189;60;90m▀[0m[38;2;189;60;90m[48;2;0;0;0m▀[0m[38;2;0;0;0m▀    
                        [38;2;0;0;0m[48;2;0;0;0m▀[0m[38;2;189;60;90m[48;2;0;0;0m▀[0m[38;2;0;0;0m▀     
[0m
