   [38;2;0;0;0m▄[38;2;0;0;0m[48;2;123;99;82m▀[0m[38;2;0;0;0m[48;2;99;82;66m▀[0m[38;2;0;0;0m[48;2;123;99;82m▀[0m[38;2;0;0;0m[48;2;99;82;66m▀[0m[38;2;0;0;0m▄       
   [38;2;0;0;0m[48;2;0;0;0m▀[0m[38;2;123;99;82m[48;2;123;99;82m▀[0m[38;2;99;82;66m[48;2;123;99;82m▀[0m[38;2;123;99;82m[48;2;123;99;82m▀[0m[38;2;99;82;66m[48;2;123;99;82m▀[0m[38;2;123;99;82m[48;2;123;99;82m▀[0m[38;2;0;0;0m[48;2;65;65;65m▀[0m[38;2;0;0;0m[48;2;148;115;99m▀[0m[38;2;0;0;0m[48;2;99;82;66m▀[0m[38;2;0;0;0m▄   
    [38;2;0;0;0m[48;2;0;0;0m▀[0m[38;2;123;99;82m[48;2;123;123;123m▀[0m[38;2;123;99;82m[48;2;123;123;123m▀[0m[38;2;123;99;82m[48;2;123;123;123m▀[0m[38;2;65;65;65m[48;2;65;65;65m▀[0m[38;2;148;115;99m[48;2;148;115;99m▀[0m[38;2;99;82;66m[48;2;99;82;66m▀[0m[38;2;99;82;66m[48;2;148;115;99m▀[0m[38;2;148;115;99m[48;2;148;115;99m▀[0m[38;2;0;0;0m[48;2;0;0;0m▀[0m  
     [38;2;0;0;0m▀[38;2;123;123;123m[48;2;0;0;0m▀[0m[38;2;197;107;140m[48;2;197;107;140m▀[0m[38;2;65;65;65m[48;2;123;123;123m▀[0m[38;2;148;115;99m[48;2;65;65;65m▀[0m[38;2;148;115;99m[48;2;255;140;165m▀[0m[38;2;148;115;99m[48;2;148;115;99m▀[0m[38;2;148;115;99m[48;2;0;0;0m▀[0m[38;2;0;0;0m▀  
     [38;2;0;0;0m▄[38;2;0;0;0m[48;2;65;65;65m▀[0m[38;2;123;123;123m[48;2;173;173;165m▀[0m[38;2;123;123;123m[48;2;65;65;65m▀[0m[38;2;65;65;65m[48;2;197;107;140m▀[0m[38;2;255;140;165m[48;2;173;173;165m▀[0m[38;2;173;173;165m[48;2;0;0;0m▀[0m[38;2;0;0;0m▀   
   [38;2;0;0;0m▄[38;2;0;0;0m[48;2;214;214;214m▀[0m[38;2;173;173;165m[48;2;173;173;165m▀[0m[38;2;173;173;165m[48;2;173;173;165m▀[0m[38;2;173;173;165m[48;2;214;214;214m▀[0m[38;2;173;173;165m[48;2;123;123;123m▀[0m[38;2;173;173;165m[48;2;173;173;165m▀[0m[38;2;0;0;0m[48;2;0;0;0m▀[0m     
[38;2;0;0;0m▄[38;2;0;0;0m[48;2;173;173;165m▀[0m[38;2;0;0;0m[48;2;173;173;165m▀[0m[38;2;0;0;0m[48;2;123;123;123m▀[0m[38;2;255;255;255m[48;2;173;173;165m▀[0m[38;2;173;173;165m[48;2;173;173;165m▀[0m[38;2;214;214;214m[48;2;255;255;255m▀[0m[38;2;255;255;255m[48;2;0;0;0m▀[0m[38;2;214;214;214m[48;2;255;255;255m▀[0m[38;2;123;123;123m[48;2;123;123;123m▀[0m[38;2;0;0;0m[48;2;0;0;0m▀[0m     
 [38;2;0;0;0m▀[38;2;0;0;0m[48;2;0;0;0m▀[0m[38;2;173;173;165m[48;2;173;173;165m▀[0m[38;2;255;140;165m[48;2;65;65;65m▀[0m[38;2;173;173;165m[48;2;173;173;165m▀[0m[38;2;255;255;255m[48;2;173;173;165m▀[0m[38;2;0;0;0m[48;2;255;255;255m▀[0m[38;2;255;255;255m[48;2;123;123;123m▀[0m[38;2;65;65;65m[48;2;173;173;165m▀[0m[38;2;65;65;65m[48;2;173;173;165m▀[0m[38;2;0;0;0m[48;2;65;65;65m▀[0m[38;2;0;0;0m▄   
   [38;2;0;0;0m▀[38;2;123;123;123m[48;2;0;0;0m▀[0m[38;2;65;65;65m[48;2;255;255;255m▀[0m[38;2;173;173;165m[48;2;65;65;65m▀[0m[38;2;173;173;165m[48;2;65;65;65m▀[0m[38;2;173;173;165m[48;2;65;65;65m▀[0m[38;2;65;65;65m[48;2;148;115;99m▀[0m[38;2;65;65;65m[48;2;148;115;99m▀[0m[38;2;123;99;82m[48;2;0;0;0m▀[0m[38;2;0;0;0m▀[38;2;0;0;0m▄[38;2;0;0;0m▄ 
    [38;2;0;0;0m▄[38;2;0;0;0m[48;2;173;173;165m▀[0m[38;2;123;99;82m[48;2;65;65;65m▀[0m[38;2;148;115;99m[48;2;65;65;65m▀[0m[38;2;123;99;82m[48;2;65;65;65m▀[0m[38;2;123;99;82m[48;2;65;65;65m▀[0m[38;2;65;65;65m[48;2;123;123;123m▀[0m[38;2;123;123;123m[48;2;173;173;165m▀[0m[38;2;0;0;0m[48;2;173;173;165m▀[0m[38;2;123;123;123m[48;2;65;65;65m▀[0m[38;2;123;123;123m[48;2;0;0;0m▀[0m[38;2;0;0;0m▀
    [38;2;0;0;0m▄[38;2;0;0;0m[48;2;99;82;66m▀[0m[38;2;65;65;65m[48;2;99;82;66m▀[0m[38;2;173;173;165m[48;2;65;65;65m▀[0m[38;2;65;65;65m[48;2;0;0;0m▀[0m[38;2;123;123;123m[48;2;65;65;65m▀[0m[38;2;173;173;165m[48;2;173;173;165m▀[0m[38;2;173;173;165m[48;2;173;173;165m▀[0m[38;2;173;173;165m[48;2;65;65;65m▀[0m[38;2;0;0;0m[48;2;0;0;0m▀[0m  
     [38;2;0;0;0m▀[38;2;0;0;0m▀[38;2;0;0;0m▀[38;2;0;0;0m▄[38;2;0;0;0m[48;2;148;115;99m▀[0m[38;2;65;65;65m[48;2;123;99;82m▀[0m[38;2;65;65;65m[48;2;148;115;99m▀[0m[38;2;0;0;0m[48;2;0;0;0m▀[0m   
         [38;2;0;0;0m▀[38;2;0;0;0m▀[38;2;0;0;0m▀    
[0m
