       [38;2;0;0;0m▄[38;2;0;0;0m[48;2;140;181;214m▀[0m[38;2;0;0;0m[48;2;189;230;255m▀[0m[38;2;0;0;0m▄      
   [38;2;0;0;0m▄[38;2;0;0;0m▄ [38;2;0;0;0m[48;2;0;0;0m▀[0m[38;2;189;230;255m[48;2;189;230;255m▀[0m[38;2;189;230;255m[48;2;189;230;255m▀[0m[38;2;140;181;214m[48;2;140;181;214m▀[0m[38;2;0;0;0m[48;2;189;230;255m▀[0m[38;2;0;0;0m▄     
  [38;2;0;0;0m[48;2;0;0;0m▀[0m[38;2;140;181;214m[48;2;189;230;255m▀[0m[38;2;189;230;255m[48;2;189;230;255m▀[0m[38;2;0;0;0m[48;2;189;230;255m▀[0m[38;2;99;140;181m[48;2;189;230;255m▀[0m[38;2;189;230;255m[48;2;99;140;181m▀[0m[38;2;189;230;255m[48;2;189;230;255m▀[0m[38;2;99;140;181m[48;2;99;140;181m▀[0m[38;2;140;181;214m[48;2;140;181;214m▀[0m[38;2;0;0;0m[48;2;0;0;0m▀[0m  [38;2;0;0;0m▄[38;2;0;0;0m▄ 
  [38;2;0;0;0m▄[38;2;0;0;0m[48;2;65;65;65m▀[0m[38;2;140;181;214m[48;2;189;230;255m▀[0m[38;2;189;230;255m[48;2;140;181;214m▀[0m[38;2;189;230;255m[48;2;189;230;255m▀[0m[38;2;189;230;255m[48;2;189;230;255m▀[0m[38;2;99;140;181m[48;2;99;140;181m▀[0m[38;2;189;230;255m[48;2;189;230;255m▀[0m[38;2;99;140;181m[48;2;99;140;181m▀[0m[38;2;140;181;214m[48;2;140;181;214m▀[0m[38;2;0;0;0m[48;2;65;65;65m▀[0m[38;2;0;0;0m[48;2;189;230;255m▀[0m[38;2;189;230;255m[48;2;189;230;255m▀[0m[38;2;0;0;0m[48;2;0;0;0m▀[0m 
[38;2;0;0;0m▄[38;2;0;0;0m[48;2;189;230;255m▀[0m[38;2;189;230;255m[48;2;156;90;165m▀[0m[38;2;99;140;181m[48;2;255;156;16m▀[0m[38;2;65;65;65m[48;2;65;65;65m▀[0m[38;2;189;230;255m[48;2;189;230;255m▀[0m[38;2;140;181;214m[48;2;189;230;255m▀[0m[38;2;189;230;255m[48;2;99;140;181m▀[0m[38;2;99;140;181m[48;2;189;230;255m▀[0m[38;2;189;230;255m[48;2;189;230;255m▀[0m[38;2;99;140;181m[48;2;189;230;255m▀[0m[38;2;140;181;214m[48;2;99;140;181m▀[0m[38;2;140;181;214m[48;2;140;181;214m▀[0m[38;2;65;65;65m[48;2;140;181;214m▀[0m[38;2;65;65;65m[48;2;99;140;181m▀[0m[38;2;0;0;0m[48;2;0;0;0m▀[0m 
[38;2;0;0;0m[48;2;0;0;0m▀[0m[38;2;189;230;255m[48;2;189;230;255m▀[0m[38;2;255;156;16m[48;2;255;156;16m▀[0m[38;2;0;0;0m[48;2;156;90;165m▀[0m[38;2;140;181;214m[48;2;189;230;255m▀[0m[38;2;65;65;65m[48;2;189;230;255m▀[0m[38;2;99;140;181m[48;2;189;230;255m▀[0m[38;2;189;230;255m[48;2;156;90;165m▀[0m[38;2;156;90;165m[48;2;0;0;0m▀[0m[38;2;156;90;165m[48;2;255;156;16m▀[0m[38;2;189;230;255m[48;2;156;90;165m▀[0m[38;2;189;230;255m[48;2;189;230;255m▀[0m[38;2;99;140;181m[48;2;189;230;255m▀[0m[38;2;140;181;214m[48;2;140;181;214m▀[0m[38;2;99;140;181m[48;2;140;181;214m▀[0m[38;2;140;181;214m[48;2;99;140;181m▀[0m[38;2;0;0;0m[48;2;0;0;0m▀[0m
 [38;2;0;0;0m[48;2;0;0;0m▀[0m[38;2;189;230;255m[48;2;189;230;255m▀[0m[38;2;189;230;255m[48;2;65;65;65m▀[0m[38;2;140;181;214m[48;2;189;230;255m▀[0m[38;2;140;181;214m[48;2;189;230;255m▀[0m[38;2;140;181;214m[48;2;189;230;255m▀[0m[38;2;156;90;165m[48;2;189;230;255m▀[0m[38;2;255;156;16m[48;2;156;90;165m▀[0m[38;2;255;156;16m[48;2;156;90;165m▀[0m[38;2;156;90;165m[48;2;189;230;255m▀[0m[38;2;189;230;255m[48;2;189;230;255m▀[0m[38;2;189;230;255m[48;2;99;140;181m▀[0m[38;2;140;181;214m[48;2;140;181;214m▀[0m[38;2;140;181;214m[48;2;140;181;214m▀[0m[38;2;140;181;214m[48;2;0;0;0m▀[0m[38;2;0;0;0m▀
  [38;2;0;0;0m[48;2;0;0;0m▀[0m[38;2;206;206;206m[48;2;0;0;0m▀[0m[38;2;0;0;0m▀[38;2;99;140;181m[48;2;0;0;0m▀[0m[38;2;99;140;181m[48;2;255;255;255m▀[0m[38;2;189;230;255m[48;2;99;140;181m▀[0m[38;2;189;230;255m[48;2;99;140;181m▀[0m[38;2;99;140;181m[48;2;206;206;206m▀[0m[38;2;99;140;181m[48;2;206;206;206m▀[0m[38;2;99;140;181m[48;2;0;0;0m▀[0m[38;2;140;181;214m[48;2;0;0;0m▀[0m[38;2;0;0;0m[48;2;206;206;206m▀[0m[38;2;0;0;0m[48;2;0;0;0m▀[0m  
      [38;2;0;0;0m▀[38;2;0;0;0m▀[38;2;65;65;65m[48;2;0;0;0m▀[0m[38;2;206;206;206m[48;2;0;0;0m▀[0m[38;2;0;0;0m▀  [38;2;0;0;0m▀[38;2;0;0;0m▀  
[0m
