       [38;2;0;0;0m▄[38;2;0;0;0m▄[38;2;0;0;0m[48;2;82;82;74m▀[0m[38;2;0;0;0m[48;2;82;82;74m▀[0m[38;2;0;0;0m[48;2;82;82;74m▀[0m[38;2;0;0;0m[48;2;82;82;74m▀[0m[38;2;0;0;0m[48;2;189;189;189m▀[0m[38;2;0;0;0m▄        
    [38;2;0;0;0m▄[38;2;0;0;0m[48;2;238;180;74m▀[0m[38;2;0;0;0m[48;2;238;180;74m▀[0m[38;2;255;230;106m[48;2;255;230;106m▀[0m[38;2;255;230;106m[48;2;255;230;106m▀[0m[38;2;255;230;106m[48;2;82;82;74m▀[0m[38;2;82;82;74m[48;2;255;230;106m▀[0m[38;2;189;189;189m[48;2;82;82;74m▀[0m[38;2;189;189;189m[48;2;0;0;0m▀[0m[38;2;82;98;172m[48;2;82;98;172m▀[0m[38;2;189;189;189m[48;2;82;82;74m▀[0m[38;2;0;0;0m[48;2;0;0;0m▀[0m       
  [38;2;0;0;0m▄[38;2;0;0;0m[48;2;238;139;74m▀[0m[38;2;238;180;74m[48;2;238;139;74m▀[0m[38;2;238;180;74m[48;2;238;139;74m▀[0m[38;2;238;180;74m[48;2;238;180;74m▀[0m[38;2;238;180;74m[48;2;238;180;74m▀[0m[38;2;255;230;106m[48;2;238;180;74m▀[0m[38;2;82;82;74m[48;2;255;230;106m▀[0m[38;2;255;230;106m[48;2;255;230;106m▀[0m[38;2;82;82;74m[48;2;82;82;74m▀[0m[38;2;98;205;230m[48;2;98;205;230m▀[0m[38;2;98;205;230m[48;2;98;205;230m▀[0m[38;2;82;82;74m[48;2;255;230;106m▀[0m[38;2;82;82;74m[48;2;82;82;74m▀[0m[38;2;0;0;0m[48;2;0;0;0m▀[0m      
 [38;2;0;0;0m▄[38;2;0;0;0m[48;2;238;82;74m▀[0m[38;2;238;82;74m[48;2;238;82;74m▀[0m[38;2;238;139;74m[48;2;238;82;74m▀[0m[38;2;238;139;74m[48;2;238;139;74m▀[0m[38;2;238;139;74m[48;2;238;139;74m▀[0m[38;2;238;180;74m[48;2;82;82;74m▀[0m[38;2;238;180;74m[48;2;82;82;74m▀[0m[38;2;82;82;74m[48;2;238;82;74m▀[0m[38;2;82;82;74m[48;2;82;82;74m▀[0m[38;2;255;255;255m[48;2;255;255;255m▀[0m[38;2;189;189;189m[48;2;189;189;189m▀[0m[38;2;255;230;106m[48;2;255;230;106m▀[0m[38;2;255;230;106m[48;2;255;230;106m▀[0m[38;2;82;82;74m[48;2;82;82;74m▀[0m[38;2;0;0;0m[48;2;0;0;0m▀[0m      
[38;2;0;0;0m▄[38;2;0;0;0m[48;2;82;82;74m▀[0m[38;2;82;82;74m[48;2;82;82;74m▀[0m[38;2;238;82;74m[48;2;82;82;74m▀[0m[38;2;238;82;74m[48;2;238;82;74m▀[0m[38;2;238;82;74m[48;2;0;0;0m▀[0m[38;2;82;82;74m[48;2;0;0;0m▀[0m[38;2;0;0;0m▀[38;2;0;0;0m[48;2;0;0;0m▀[0m[38;2;82;82;74m[48;2;255;255;255m▀[0m[38;2;255;255;255m[48;2;255;255;255m▀[0m[38;2;255;255;255m[48;2;255;255;255m▀[0m[38;2;255;255;255m[48;2;255;255;255m▀[0m[38;2;189;189;189m[48;2;255;255;255m▀[0m[38;2;82;82;74m[48;2;65;65;65m▀[0m[38;2;82;82;74m[48;2;82;82;74m▀[0m[38;2;0;0;0m[48;2;0;0;0m▀[0m      
[38;2;0;0;0m[48;2;0;0;0m▀[0m[38;2;82;82;74m[48;2;82;82;74m▀[0m[38;2;82;82;74m[48;2;82;82;74m▀[0m[38;2;82;82;74m[48;2;0;0;0m▀[0m[38;2;0;0;0m▀   [38;2;0;0;0m[48;2;0;0;0m▀[0m[38;2;255;255;255m[48;2;255;255;255m▀[0m[38;2;255;255;255m[48;2;255;255;255m▀[0m[38;2;255;255;255m[48;2;255;255;255m▀[0m[38;2;255;255;255m[48;2;255;255;255m▀[0m[38;2;65;65;65m[48;2;65;65;65m▀[0m[38;2;82;82;74m[48;2;82;82;74m▀[0m[38;2;82;82;74m[48;2;82;82;74m▀[0m[38;2;65;65;65m[48;2;82;82;74m▀[0m[38;2;0;0;0m[48;2;0;0;0m▀[0m [38;2;0;0;0m▄[38;2;0;0;0m▄  
 [38;2;0;0;0m▀[38;2;82;82;74m[48;2;0;0;0m▀[0m[38;2;0;0;0m▀    [38;2;0;0;0m▀[38;2;189;189;189m[48;2;0;0;0m▀[0m[38;2;255;255;255m[48;2;189;189;189m▀[0m[38;2;189;189;189m[48;2;189;189;189m▀[0m[38;2;255;255;255m[48;2;189;189;189m▀[0m[38;2;65;65;65m[48;2;189;189;189m▀[0m[38;2;82;82;74m[48;2;65;65;65m▀[0m[38;2;82;82;74m[48;2;82;82;74m▀[0m[38;2;82;82;74m[48;2;82;82;74m▀[0m[38;2;0;0;0m[48;2;82;82;74m▀[0m[38;2;0;0;0m[48;2;82;82;74m▀[0m[38;2;82;82;74m[48;2;0;0;0m▀[0m[38;2;0;0;0m▀  
          [38;2;0;0;0m▀[38;2;189;189;189m[48;2;0;0;0m▀[0m[38;2;189;189;189m[48;2;65;65;65m▀[0m[38;2;65;65;65m[48;2;82;82;74m▀[0m[38;2;65;65;65m[48;2;82;82;74m▀[0m[38;2;82;82;74m[48;2;65;65;65m▀[0m[38;2;82;82;74m[48;2;65;65;65m▀[0m[38;2;82;82;74m[48;2;65;65;65m▀[0m[38;2;65;65;65m[48;2;172;65;74m▀[0m[38;2;0;0;0m[48;2;172;65;74m▀[0m[38;2;0;0;0m▄  
        [38;2;0;0;0m▄[38;2;0;0;0m[48;2;74;131;139m▀[0m[38;2;0;0;0m[48;2;74;131;139m▀[0m[38;2;74;131;139m[48;2;74;131;139m▀[0m[38;2;74;131;139m[48;2;0;0;0m▀[0m[38;2;0;0;0m▀[38;2;0;0;0m[48;2;0;0;0m▀[0m[38;2;74;131;139m[48;2;98;205;230m▀[0m[38;2;65;65;65m[48;2;0;0;0m▀[0m[38;2;172;65;74m[48;2;0;0;0m▀[0m[38;2;172;65;74m[48;2;0;0;0m▀[0m[38;2;65;65;65m[48;2;65;65;65m▀[0m[38;2;0;0;0m[48;2;65;65;65m▀[0m[38;2;0;0;0m[48;2;65;65;65m▀[0m[38;2;0;0;0m[48;2;0;0;0m▀[0m
         [38;2;0;0;0m▀[38;2;0;0;0m▀[38;2;0;0;0m▀[38;2;0;0;0m▄[38;2;0;0;0m[48;2;98;205;230m▀[0m[38;2;98;205;230m[48;2;82;82;74m▀[0m[38;2;0;0;0m[48;2;98;205;230m▀[0m[38;2;0;0;0m▄  [38;2;0;0;0m▀[38;2;0;0;0m▀[38;2;0;0;0m▀ 
             [38;2;0;0;0m▀[38;2;0;0;0m▀[38;2;0;0;0m▀       
[0m
