      [38;2;0;0;0m▄[38;2;0;0;0m▄[38;2;0;0;0m[48;2;139;98;172m▀[0m[38;2;0;0;0m[48;2;0;0;0m▀[0m[38;2;0;0;0m[48;2;255;238;49m▀[0m[38;2;0;0;0m[48;2;0;0;0m▀[0m[38;2;0;0;0m[48;2;139;98;172m▀[0m[38;2;0;0;0m▄[38;2;0;0;0m▄       
     [38;2;0;0;0m▄[38;2;0;0;0m[48;2;65;65;65m▀[0m[38;2;180;139;213m[48;2;65;65;65m▀[0m[38;2;65;65;65m[48;2;180;139;213m▀[0m[38;2;205;189;49m[48;2;65;65;65m▀[0m[38;2;255;238;49m[48;2;205;189;49m▀[0m[38;2;205;189;49m[48;2;65;65;65m▀[0m[38;2;65;65;65m[48;2;180;139;213m▀[0m[38;2;180;139;213m[48;2;65;65;65m▀[0m[38;2;0;0;0m[48;2;0;0;0m▀[0m       
   [38;2;0;0;0m▄[38;2;0;0;0m[48;2;180;230;238m▀[0m[38;2;180;139;213m[48;2;65;65;65m▀[0m[38;2;180;139;213m[48;2;180;139;213m▀[0m[38;2;180;139;213m[48;2;180;139;213m▀[0m[38;2;139;98;172m[48;2;180;139;213m▀[0m[38;2;180;139;213m[48;2;180;139;213m▀[0m[38;2;139;98;172m[48;2;180;139;213m▀[0m[38;2;180;139;213m[48;2;180;139;213m▀[0m[38;2;139;98;172m[48;2;180;139;213m▀[0m[38;2;180;139;213m[48;2;180;139;213m▀[0m[38;2;180;139;213m[48;2;180;139;213m▀[0m[38;2;0;0;0m[48;2;180;139;213m▀[0m[38;2;0;0;0m▄     
  [38;2;0;0;0m▄[38;2;0;0;0m[48;2;180;230;238m▀[0m[38;2;65;65;65m[48;2;65;65;65m▀[0m[38;2;222;189;246m[48;2;115;172;172m▀[0m[38;2;180;230;238m[48;2;115;172;172m▀[0m[38;2;180;230;238m[48;2;180;230;238m▀[0m[38;2;180;139;213m[48;2;180;230;238m▀[0m[38;2;180;139;213m[48;2;180;139;213m▀[0m[38;2;180;139;213m[48;2;180;230;238m▀[0m[38;2;180;230;238m[48;2;180;230;238m▀[0m[38;2;180;139;213m[48;2;115;172;172m▀[0m[38;2;180;139;213m[48;2;65;65;65m▀[0m[38;2;180;230;238m[48;2;180;230;238m▀[0m[38;2;65;65;65m[48;2;222;189;246m▀[0m[38;2;180;230;238m[48;2;65;65;65m▀[0m[38;2;0;0;0m[48;2;0;0;0m▀[0m    
  [38;2;0;0;0m[48;2;0;0;0m▀[0m[38;2;180;230;238m[48;2;65;65;65m▀[0m[38;2;65;65;65m[48;2;222;189;246m▀[0m[38;2;180;230;238m[48;2;180;230;238m▀[0m[38;2;180;230;238m[48;2;180;230;238m▀[0m[38;2;180;230;238m[48;2;180;230;238m▀[0m[38;2;180;230;238m[48;2;180;230;238m▀[0m[38;2;65;65;65m[48;2;65;65;65m▀[0m[38;2;180;230;238m[48;2;180;230;238m▀[0m[38;2;180;230;238m[48;2;180;230;238m▀[0m[38;2;180;230;238m[48;2;65;65;65m▀[0m[38;2;222;189;246m[48;2;65;65;65m▀[0m[38;2;65;65;65m[48;2;180;230;238m▀[0m[38;2;115;172;172m[48;2;180;230;238m▀[0m[38;2;65;65;65m[48;2;65;65;65m▀[0m[38;2;180;230;238m[48;2;180;230;238m▀[0m[38;2;0;0;0m[48;2;0;0;0m▀[0m   
  [38;2;0;0;0m[48;2;0;0;0m▀[0m[38;2;65;65;65m[48;2;180;230;238m▀[0m[38;2;115;172;172m[48;2;65;65;65m▀[0m[38;2;115;172;172m[48;2;65;65;65m▀[0m[38;2;180;230;238m[48;2;180;230;238m▀[0m[38;2;180;230;238m[48;2;180;230;238m▀[0m[38;2;0;0;0m[48;2;0;0;0m▀[0m[38;2;65;65;65m[48;2;255;238;49m▀[0m[38;2;180;230;238m[48;2;180;230;238m▀[0m[38;2;180;230;238m[48;2;180;230;238m▀[0m[38;2;180;230;238m[48;2;180;230;238m▀[0m[38;2;65;65;65m[48;2;115;172;172m▀[0m[38;2;180;230;238m[48;2;65;65;65m▀[0m[38;2;180;230;238m[48;2;180;230;238m▀[0m[38;2;222;189;246m[48;2;115;172;172m▀[0m[38;2;65;65;65m[48;2;65;65;65m▀[0m[38;2;180;230;238m[48;2;115;172;172m▀[0m[38;2;0;0;0m[48;2;115;172;172m▀[0m[38;2;0;0;0m[48;2;115;172;172m▀[0m[38;2;0;0;0m▄
 [38;2;0;0;0m[48;2;0;0;0m▀[0m[38;2;180;230;238m[48;2;180;230;238m▀[0m[38;2;180;230;238m[48;2;180;230;238m▀[0m[38;2;115;172;172m[48;2;180;230;238m▀[0m[38;2;180;139;213m[48;2;65;65;65m▀[0m[38;2;65;65;65m[48;2;180;139;213m▀[0m[38;2;65;65;65m[48;2;180;139;213m▀[0m[38;2;255;238;49m[48;2;180;139;213m▀[0m[38;2;255;238;49m[48;2;180;139;213m▀[0m[38;2;180;230;238m[48;2;65;65;65m▀[0m[38;2;180;230;238m[48;2;180;230;238m▀[0m[38;2;180;230;238m[48;2;180;230;238m▀[0m[38;2;180;230;238m[48;2;115;172;172m▀[0m[38;2;222;189;246m[48;2;65;65;65m▀[0m[38;2;65;65;65m[48;2;65;65;65m▀[0m[38;2;180;230;238m[48;2;180;230;238m▀[0m[38;2;180;230;238m[48;2;180;230;238m▀[0m[38;2;65;65;65m[48;2;65;65;65m▀[0m[38;2;115;172;172m[48;2;65;65;65m▀[0m[38;2;115;172;172m[48;2;0;0;0m▀[0m[38;2;0;0;0m▀
[38;2;0;0;0m[48;2;0;0;0m▀[0m[38;2;180;230;238m[48;2;65;65;65m▀[0m[38;2;180;230;238m[48;2;180;230;238m▀[0m[38;2;180;230;238m[48;2;180;230;238m▀[0m[38;2;65;65;65m[48;2;0;0;0m▀[0m[38;2;115;172;172m[48;2;115;172;172m▀[0m[38;2;65;65;65m[48;2;65;65;65m▀[0m[38;2;65;65;65m[48;2;180;139;213m▀[0m[38;2;255;255;255m[48;2;139;98;172m▀[0m[38;2;65;65;65m[48;2;139;98;172m▀[0m[38;2;65;65;65m[48;2;180;139;213m▀[0m[38;2;180;230;238m[48;2;65;65;65m▀[0m[38;2;180;230;238m[48;2;180;230;238m▀[0m[38;2;180;230;238m[48;2;180;230;238m▀[0m[38;2;180;230;238m[48;2;180;230;238m▀[0m[38;2;65;65;65m[48;2;180;230;238m▀[0m[38;2;180;230;238m[48;2;65;65;65m▀[0m[38;2;180;230;238m[48;2;115;172;172m▀[0m[38;2;180;230;238m[48;2;222;189;246m▀[0m[38;2;0;0;0m[48;2;0;0;0m▀[0m  
 [38;2;0;0;0m▀[38;2;0;0;0m▀[38;2;0;0;0m▀ [38;2;0;0;0m[48;2;0;0;0m▀[0m[38;2;180;139;213m[48;2;65;65;65m▀[0m[38;2;180;139;213m[48;2;180;139;213m▀[0m[38;2;180;139;213m[48;2;139;98;172m▀[0m[38;2;180;139;213m[48;2;180;139;213m▀[0m[38;2;180;139;213m[48;2;180;139;213m▀[0m[38;2;65;65;65m[48;2;180;139;213m▀[0m[38;2;180;230;238m[48;2;0;0;0m▀[0m[38;2;180;230;238m[48;2;180;230;238m▀[0m[38;2;180;230;238m[48;2;115;172;172m▀[0m[38;2;180;230;238m[48;2;222;189;246m▀[0m[38;2;65;65;65m[48;2;0;0;0m▀[0m[38;2;0;0;0m▀[38;2;0;0;0m▀   
      [38;2;0;0;0m▀[38;2;0;0;0m▀[38;2;0;0;0m▀[38;2;180;139;213m[48;2;0;0;0m▀[0m[38;2;180;139;213m[48;2;0;0;0m▀[0m[38;2;0;0;0m▀ [38;2;0;0;0m▀[38;2;0;0;0m▀[38;2;0;0;0m▀      
[0m
