                   [38;2;0;0;0m▄[38;2;0;0;0m▄[38;2;0;0;0m▄[38;2;0;0;0m▄[38;2;0;0;0m[48;2;180;172;148m▀[0m[38;2;0;0;0m[48;2;180;172;148m▀[0m[38;2;0;0;0m[48;2;180;172;148m▀[0m[38;2;0;0;0m[48;2;180;172;148m▀[0m[38;2;0;0;0m▄[38;2;0;0;0m▄         
                [38;2;0;0;0m▄[38;2;0;0;0m[48;2;180;172;148m▀[0m[38;2;0;0;0m[48;2;180;172;148m▀[0m[38;2;180;172;148m[48;2;180;172;148m▀[0m[38;2;180;172;148m[48;2;82;90;106m▀[0m[38;2;82;90;106m[48;2;131;115;90m▀[0m[38;2;131;115;90m[48;2;65;65;65m▀[0m[38;2;131;115;90m[48;2;65;65;65m▀[0m[38;2;65;65;65m[48;2;180;172;148m▀[0m[38;2;65;65;65m[48;2;180;172;148m▀[0m[38;2;131;115;90m[48;2;65;65;65m▀[0m[38;2;131;115;90m[48;2;65;65;65m▀[0m[38;2;131;115;90m[48;2;131;115;90m▀[0m[38;2;0;0;0m[48;2;65;65;65m▀[0m[38;2;0;0;0m[48;2;180;172;148m▀[0m[38;2;0;0;0m[48;2;180;172;148m▀[0m[38;2;0;0;0m▄     
             [38;2;0;0;0m▄[38;2;0;0;0m[48;2;65;65;65m▀[0m[38;2;0;0;0m[48;2;180;172;148m▀[0m[38;2;180;172;148m[48;2;180;172;148m▀[0m[38;2;180;172;148m[48;2;180;172;148m▀[0m[38;2;180;172;148m[48;2;82;90;106m▀[0m[38;2;82;90;106m[48;2;131;115;90m▀[0m[38;2;131;115;90m[48;2;65;65;65m▀[0m[38;2;65;65;65m[48;2;180;172;148m▀[0m[38;2;180;172;148m[48;2;180;172;148m▀[0m[38;2;180;172;148m[48;2;180;172;148m▀[0m[38;2;180;172;148m[48;2;180;172;148m▀[0m[38;2;180;172;148m[48;2;180;172;148m▀[0m[38;2;180;172;148m[48;2;180;172;148m▀[0m[38;2;180;172;148m[48;2;180;172;148m▀[0m[38;2;65;65;65m[48;2;180;172;148m▀[0m[38;2;65;65;65m[48;2;156;148;98m▀[0m[38;2;131;115;90m[48;2;65;65;65m▀[0m[38;2;180;172;148m[48;2;131;115;90m▀[0m[38;2;180;172;148m[48;2;131;115;90m▀[0m[38;2;0;0;0m[48;2;180;172;148m▀[0m[38;2;0;0;0m▄   
           [38;2;0;0;0m▄[38;2;0;0;0m[48;2;131;115;90m▀[0m[38;2;65;65;65m[48;2;65;65;65m▀[0m[38;2;180;172;148m[48;2;82;90;106m▀[0m[38;2;180;172;148m[48;2;82;90;106m▀[0m[38;2;82;90;106m[48;2;131;115;90m▀[0m[38;2;82;90;106m[48;2;65;65;65m▀[0m[38;2;131;115;90m[48;2;65;65;65m▀[0m[38;2;65;65;65m[48;2;65;65;65m▀[0m[38;2;131;115;90m[48;2;131;115;90m▀[0m[38;2;82;90;106m[48;2;131;115;90m▀[0m[38;2;180;172;148m[48;2;82;90;106m▀[0m[38;2;180;172;148m[48;2;180;172;148m▀[0m[38;2;180;172;148m[48;2;180;172;148m▀[0m[38;2;180;172;148m[48;2;180;172;148m▀[0m[38;2;180;172;148m[48;2;180;172;148m▀[0m[38;2;180;172;148m[48;2;156;148;98m▀[0m[38;2;156;148;98m[48;2;180;172;148m▀[0m[38;2;180;172;148m[48;2;156;148;98m▀[0m[38;2;156;148;98m[48;2;180;172;148m▀[0m[38;2;65;65;65m[48;2;65;65;65m▀[0m[38;2;131;115;90m[48;2;65;65;65m▀[0m[38;2;131;115;90m[48;2;65;65;65m▀[0m[38;2;131;115;90m[48;2;131;115;90m▀[0m[38;2;0;0;0m[48;2;0;0;0m▀[0m  
          [38;2;0;0;0m[48;2;0;0;0m▀[0m[38;2;131;115;90m[48;2;131;115;90m▀[0m[38;2;131;115;90m[48;2;131;115;90m▀[0m[38;2;65;65;65m[48;2;131;115;90m▀[0m[38;2;131;115;90m[48;2;65;65;65m▀[0m[38;2;131;115;90m[48;2;65;65;65m▀[0m[38;2;65;65;65m[48;2;82;90;106m▀[0m[38;2;82;90;106m[48;2;180;172;148m▀[0m[38;2;82;90;106m[48;2;180;172;148m▀[0m[38;2;131;115;90m[48;2;82;90;106m▀[0m[38;2;65;65;65m[48;2;131;115;90m▀[0m[38;2;131;115;90m[48;2;65;65;65m▀[0m[38;2;131;115;90m[48;2;131;115;90m▀[0m[38;2;82;90;106m[48;2;131;115;90m▀[0m[38;2;180;172;148m[48;2;82;90;106m▀[0m[38;2;180;172;148m[48;2;180;172;148m▀[0m[38;2;180;172;148m[48;2;180;172;148m▀[0m[38;2;180;172;148m[48;2;82;90;106m▀[0m[38;2;156;148;98m[48;2;82;90;106m▀[0m[38;2;180;172;148m[48;2;131;115;90m▀[0m[38;2;131;115;90m[48;2;65;65;65m▀[0m[38;2;65;65;65m[48;2;131;115;90m▀[0m[38;2;131;115;90m[48;2;131;115;90m▀[0m[38;2;131;115;90m[48;2;82;90;106m▀[0m[38;2;65;65;65m[48;2;180;172;148m▀[0m[38;2;0;0;0m[48;2;82;90;106m▀[0m[38;2;0;0;0m▄ 
[38;2;0;0;0m▄[38;2;0;0;0m[48;2;213;213;213m▀[0m[38;2;0;0;0m[48;2;213;213;213m▀[0m[38;2;0;0;0m▄[38;2;0;0;0m▄[38;2;0;0;0m▄   [38;2;0;0;0m[48;2;0;0;0m▀[0m[38;2;131;115;90m[48;2;131;115;90m▀[0m[38;2;131;115;90m[48;2;65;65;65m▀[0m[38;2;65;65;65m[48;2;131;115;90m▀[0m[38;2;65;65;65m[48;2;65;65;65m▀[0m[38;2;82;90;106m[48;2;180;172;148m▀[0m[38;2;180;172;148m[48;2;180;172;148m▀[0m[38;2;180;172;148m[48;2;180;172;148m▀[0m[38;2;180;172;148m[48;2;180;172;148m▀[0m[38;2;180;172;148m[48;2;180;172;148m▀[0m[38;2;180;172;148m[48;2;180;172;148m▀[0m[38;2;82;90;106m[48;2;180;172;148m▀[0m[38;2;131;115;90m[48;2;82;90;106m▀[0m[38;2;65;65;65m[48;2;131;115;90m▀[0m[38;2;131;115;90m[48;2;65;65;65m▀[0m[38;2;131;115;90m[48;2;131;115;90m▀[0m[38;2;82;90;106m[48;2;131;115;90m▀[0m[38;2;82;90;106m[48;2;131;115;90m▀[0m[38;2;131;115;90m[48;2;65;65;65m▀[0m[38;2;131;115;90m[48;2;65;65;65m▀[0m[38;2;131;115;90m[48;2;65;65;65m▀[0m[38;2;65;65;65m[48;2;131;115;90m▀[0m[38;2;131;115;90m[48;2;131;115;90m▀[0m[38;2;82;90;106m[48;2;82;90;106m▀[0m[38;2;180;172;148m[48;2;156;148;98m▀[0m[38;2;156;148;98m[48;2;180;172;148m▀[0m[38;2;180;172;148m[48;2;156;148;98m▀[0m[38;2;0;0;0m[48;2;0;0;0m▀[0m 
 [38;2;0;0;0m▀[38;2;139;90;90m[48;2;0;0;0m▀[0m[38;2;139;90;90m[48;2;164;131;98m▀[0m[38;2;164;131;98m[48;2;65;65;65m▀[0m[38;2;65;65;65m[48;2;213;213;213m▀[0m[38;2;0;0;0m[48;2;213;213;213m▀[0m[38;2;0;0;0m▄ [38;2;0;0;0m▄[38;2;0;0;0m[48;2;180;172;148m▀[0m[38;2;82;90;106m[48;2;180;172;148m▀[0m[38;2;131;115;90m[48;2;82;90;106m▀[0m[38;2;65;65;65m[48;2;131;115;90m▀[0m[38;2;180;172;148m[48;2;65;65;65m▀[0m[38;2;180;172;148m[48;2;180;172;148m▀[0m[38;2;180;172;148m[48;2;180;172;148m▀[0m[38;2;180;172;148m[48;2;180;172;148m▀[0m[38;2;180;172;148m[48;2;180;172;148m▀[0m[38;2;180;172;148m[48;2;180;172;148m▀[0m[38;2;180;172;148m[48;2;82;90;106m▀[0m[38;2;82;90;106m[48;2;131;115;90m▀[0m[38;2;131;115;90m[48;2;131;115;90m▀[0m[38;2;65;65;65m[48;2;65;65;65m▀[0m[38;2;65;65;65m[48;2;131;115;90m▀[0m[38;2;65;65;65m[48;2;131;115;90m▀[0m[38;2;65;65;65m[48;2;131;115;90m▀[0m[38;2;131;115;90m[48;2;131;115;90m▀[0m[38;2;131;115;90m[48;2;82;90;106m▀[0m[38;2;131;115;90m[48;2;82;90;106m▀[0m[38;2;65;65;65m[48;2;180;172;148m▀[0m[38;2;131;115;90m[48;2;82;90;106m▀[0m[38;2;131;115;90m[48;2;65;65;65m▀[0m[38;2;82;90;106m[48;2;65;65;65m▀[0m[38;2;156;148;98m[48;2;180;172;148m▀[0m[38;2;180;172;148m[48;2;156;148;98m▀[0m[38;2;156;148;98m[48;2;180;172;148m▀[0m[38;2;0;0;0m[48;2;0;0;0m▀[0m
[38;2;0;0;0m▄[38;2;0;0;0m[48;2;213;213;213m▀[0m[38;2;139;90;90m[48;2;213;213;213m▀[0m[38;2;164;131;98m[48;2;139;90;90m▀[0m[38;2;164;131;98m[48;2;164;131;98m▀[0m[38;2;65;65;65m[48;2;164;131;98m▀[0m[38;2;164;131;98m[48;2;164;131;98m▀[0m[38;2;65;65;65m[48;2;65;65;65m▀[0m[38;2;0;0;0m[48;2;164;131;98m▀[0m[38;2;0;0;0m[48;2;65;65;65m▀[0m[38;2;180;172;148m[48;2;180;172;148m▀[0m[38;2;180;172;148m[48;2;180;172;148m▀[0m[38;2;82;90;106m[48;2;180;172;148m▀[0m[38;2;131;115;90m[48;2;65;65;65m▀[0m[38;2;65;65;65m[48;2;65;65;65m▀[0m[38;2;65;65;65m[48;2;205;172;156m▀[0m[38;2;65;65;65m[48;2;205;172;156m▀[0m[38;2;65;65;65m[48;2;205;172;156m▀[0m[38;2;180;172;148m[48;2;65;65;65m▀[0m[38;2;180;172;148m[48;2;65;65;65m▀[0m[38;2;82;90;106m[48;2;65;65;65m▀[0m[38;2;131;115;90m[48;2;131;115;90m▀[0m[38;2;65;65;65m[48;2;65;65;65m▀[0m[38;2;131;115;90m[48;2;131;115;90m▀[0m[38;2;131;115;90m[48;2;131;115;90m▀[0m[38;2;131;115;90m[48;2;82;90;106m▀[0m[38;2;82;90;106m[48;2;180;172;148m▀[0m[38;2;82;90;106m[48;2;180;172;148m▀[0m[38;2;180;172;148m[48;2;180;172;148m▀[0m[38;2;180;172;148m[48;2;180;172;148m▀[0m[38;2;180;172;148m[48;2;180;172;148m▀[0m[38;2;65;65;65m[48;2;180;172;148m▀[0m[38;2;255;255;255m[48;2;65;65;65m▀[0m[38;2;255;255;255m[48;2;164;131;98m▀[0m[38;2;65;65;65m[48;2;205;172;156m▀[0m[38;2;180;172;148m[48;2;65;65;65m▀[0m[38;2;0;0;0m[48;2;0;0;0m▀[0m 
 [38;2;0;0;0m▀[38;2;0;0;0m▀[38;2;0;0;0m▀[38;2;0;0;0m▀[38;2;164;131;98m[48;2;0;0;0m▀[0m[38;2;65;65;65m[48;2;0;0;0m▀[0m[38;2;139;90;90m[48;2;0;0;0m▀[0m[38;2;139;90;90m[48;2;164;131;98m▀[0m[38;2;164;131;98m[48;2;139;90;90m▀[0m[38;2;65;65;65m[48;2;139;90;90m▀[0m[38;2;180;172;148m[48;2;65;65;65m▀[0m[38;2;65;65;65m[48;2;205;172;156m▀[0m[38;2;205;172;156m[48;2;205;172;156m▀[0m[38;2;205;172;156m[48;2;205;172;156m▀[0m[38;2;205;172;156m[48;2;205;172;156m▀[0m[38;2;205;172;156m[48;2;205;172;156m▀[0m[38;2;205;172;156m[48;2;205;172;156m▀[0m[38;2;205;172;156m[48;2;205;172;156m▀[0m[38;2;205;172;156m[48;2;205;172;156m▀[0m[38;2;205;172;156m[48;2;205;172;156m▀[0m[38;2;65;65;65m[48;2;139;90;90m▀[0m[38;2;131;115;90m[48;2;65;65;65m▀[0m[38;2;131;115;90m[48;2;131;115;90m▀[0m[38;2;131;115;90m[48;2;82;90;106m▀[0m[38;2;82;90;106m[48;2;180;172;148m▀[0m[38;2;180;172;148m[48;2;180;172;148m▀[0m[38;2;180;172;148m[48;2;180;172;148m▀[0m[38;2;180;172;148m[48;2;180;172;148m▀[0m[38;2;180;172;148m[48;2;65;65;65m▀[0m[38;2;65;65;65m[48;2;255;255;255m▀[0m[38;2;65;65;65m[48;2;164;131;98m▀[0m[38;2;205;172;156m[48;2;205;172;156m▀[0m[38;2;205;172;156m[48;2;205;172;156m▀[0m[38;2;205;172;156m[48;2;205;172;156m▀[0m[38;2;205;172;156m[48;2;82;90;106m▀[0m[38;2;0;0;0m[48;2;0;0;0m▀[0m 
        [38;2;0;0;0m▀[38;2;0;0;0m▀[38;2;0;0;0m[48;2;0;0;0m▀[0m[38;2;65;65;65m[48;2;205;172;156m▀[0m[38;2;205;172;156m[48;2;205;172;156m▀[0m[38;2;205;172;156m[48;2;205;172;156m▀[0m[38;2;205;172;156m[48;2;205;172;156m▀[0m[38;2;205;172;156m[48;2;205;172;156m▀[0m[38;2;205;172;156m[48;2;205;172;156m▀[0m[38;2;205;172;156m[48;2;205;172;156m▀[0m[38;2;205;172;156m[48;2;98;82;49m▀[0m[38;2;98;82;49m[48;2;255;255;255m▀[0m[38;2;98;82;49m[48;2;139;90;90m▀[0m[38;2;164;131;98m[48;2;164;131;98m▀[0m[38;2;164;131;98m[48;2;164;131;98m▀[0m[38;2;65;65;65m[48;2;65;65;65m▀[0m[38;2;82;90;106m[48;2;131;115;90m▀[0m[38;2;180;172;148m[48;2;82;90;106m▀[0m[38;2;180;172;148m[48;2;180;172;148m▀[0m[38;2;180;172;148m[48;2;180;172;148m▀[0m[38;2;180;172;148m[48;2;156;148;98m▀[0m[38;2;180;172;148m[48;2;180;172;148m▀[0m[38;2;65;65;65m[48;2;156;148;98m▀[0m[38;2;205;172;156m[48;2;65;65;65m▀[0m[38;2;205;172;156m[48;2;205;172;156m▀[0m[38;2;205;172;156m[48;2;205;172;156m▀[0m[38;2;82;90;106m[48;2;205;172;156m▀[0m[38;2;255;255;255m[48;2;82;90;106m▀[0m[38;2;164;131;98m[48;2;164;131;98m▀[0m[38;2;0;0;0m[48;2;0;0;0m▀[0m
          [38;2;0;0;0m▀[38;2;205;172;156m[48;2;0;0;0m▀[0m[38;2;205;172;156m[48;2;205;172;156m▀[0m[38;2;205;172;156m[48;2;205;172;156m▀[0m[38;2;205;172;156m[48;2;205;172;156m▀[0m[38;2;205;172;156m[48;2;205;172;156m▀[0m[38;2;205;172;156m[48;2;98;82;49m▀[0m[38;2;98;82;49m[48;2;0;0;0m▀[0m[38;2;255;98;65m[48;2;255;98;65m▀[0m[38;2;255;255;255m[48;2;255;255;255m▀[0m[38;2;139;90;90m[48;2;164;131;98m▀[0m[38;2;164;131;98m[48;2;164;131;98m▀[0m[38;2;164;131;98m[48;2;164;131;98m▀[0m[38;2;164;131;98m[48;2;164;131;98m▀[0m[38;2;65;65;65m[48;2;65;65;65m▀[0m[38;2;82;90;106m[48;2;131;115;90m▀[0m[38;2;180;172;148m[48;2;82;90;106m▀[0m[38;2;156;148;98m[48;2;180;172;148m▀[0m[38;2;180;172;148m[48;2;156;148;98m▀[0m[38;2;156;148;98m[48;2;65;65;65m▀[0m[38;2;180;172;148m[48;2;65;65;65m▀[0m[38;2;156;148;98m[48;2;65;65;65m▀[0m[38;2;65;65;65m[48;2;164;131;98m▀[0m[38;2;82;90;106m[48;2;164;131;98m▀[0m[38;2;82;90;106m[48;2;164;131;98m▀[0m[38;2;164;131;98m[48;2;164;131;98m▀[0m[38;2;139;90;90m[48;2;164;131;98m▀[0m[38;2;0;0;0m[48;2;0;0;0m▀[0m
           [38;2;0;0;0m[48;2;0;0;0m▀[0m[38;2;205;172;156m[48;2;205;172;156m▀[0m[38;2;205;172;156m[48;2;205;172;156m▀[0m[38;2;205;172;156m[48;2;205;172;156m▀[0m[38;2;164;131;98m[48;2;98;82;49m▀[0m[38;2;98;82;49m[48;2;164;131;98m▀[0m[38;2;255;98;65m[48;2;164;131;98m▀[0m[38;2;255;255;255m[48;2;98;82;49m▀[0m[38;2;164;131;98m[48;2;98;82;49m▀[0m[38;2;164;131;98m[48;2;98;82;49m▀[0m[38;2;98;82;49m[48;2;164;131;98m▀[0m[38;2;164;131;98m[48;2;65;65;65m▀[0m[38;2;65;65;65m[48;2;98;82;49m▀[0m[38;2;98;82;49m[48;2;65;65;65m▀[0m[38;2;65;65;65m[48;2;98;82;49m▀[0m[38;2;65;65;65m[48;2;131;115;90m▀[0m[38;2;65;65;65m[48;2;131;115;90m▀[0m[38;2;65;65;65m[48;2;131;115;90m▀[0m[38;2;131;115;90m[48;2;98;82;49m▀[0m[38;2;131;115;90m[48;2;65;65;65m▀[0m[38;2;131;115;90m[48;2;65;65;65m▀[0m[38;2;65;65;65m[48;2;205;172;156m▀[0m[38;2;164;131;98m[48;2;65;65;65m▀[0m[38;2;164;131;98m[48;2;0;0;0m▀[0m[38;2;65;65;65m[48;2;0;0;0m▀[0m[38;2;0;0;0m▀ 
           [38;2;0;0;0m▀[38;2;139;90;90m[48;2;0;0;0m▀[0m[38;2;139;90;90m[48;2;65;65;65m▀[0m[38;2;139;90;90m[48;2;98;82;49m▀[0m[38;2;164;131;98m[48;2;98;82;49m▀[0m[38;2;164;131;98m[48;2;98;82;49m▀[0m[38;2;98;82;49m[48;2;255;123;139m▀[0m[38;2;255;123;139m[48;2;255;123;139m▀[0m[38;2;255;123;139m[48;2;164;131;98m▀[0m[38;2;164;131;98m[48;2;65;65;65m▀[0m[38;2;65;65;65m[48;2;0;0;0m▀[0m[38;2;98;82;49m[48;2;0;0;0m▀[0m[38;2;65;65;65m[48;2;0;0;0m▀[0m[38;2;98;82;49m[48;2;131;115;90m▀[0m[38;2;131;115;90m[48;2;98;82;49m▀[0m[38;2;98;82;49m[48;2;98;82;49m▀[0m[38;2;98;82;49m[48;2;98;82;49m▀[0m[38;2;98;82;49m[48;2;65;65;65m▀[0m[38;2;65;65;65m[48;2;205;172;156m▀[0m[38;2;205;172;156m[48;2;205;172;156m▀[0m[38;2;205;172;156m[48;2;205;172;156m▀[0m[38;2;205;172;156m[48;2;205;172;156m▀[0m[38;2;205;172;156m[48;2;205;172;156m▀[0m[38;2;0;0;0m[48;2;205;172;156m▀[0m[38;2;0;0;0m▄  
          [38;2;0;0;0m▄[38;2;0;0;0m[48;2;213;213;213m▀[0m[38;2;139;90;90m[48;2;65;65;65m▀[0m[38;2;139;90;90m[48;2;139;90;90m▀[0m[38;2;65;65;65m[48;2;139;90;90m▀[0m[38;2;255;123;139m[48;2;65;65;65m▀[0m[38;2;255;123;139m[48;2;65;65;65m▀[0m[38;2;255;255;255m[48;2;0;0;0m▀[0m[38;2;0;0;0m▀[38;2;0;0;0m▀[38;2;0;0;0m▀   [38;2;0;0;0m▀[38;2;0;0;0m▀[38;2;0;0;0m▀[38;2;65;65;65m[48;2;0;0;0m▀[0m[38;2;164;131;98m[48;2;164;131;98m▀[0m[38;2;164;131;98m[48;2;164;131;98m▀[0m[38;2;205;172;156m[48;2;139;90;90m▀[0m[38;2;205;172;156m[48;2;205;172;156m▀[0m[38;2;205;172;156m[48;2;205;172;156m▀[0m[38;2;205;172;156m[48;2;205;172;156m▀[0m[38;2;205;172;156m[48;2;164;131;98m▀[0m[38;2;0;0;0m[48;2;0;0;0m▀[0m  
           [38;2;0;0;0m▀[38;2;0;0;0m▀[38;2;213;213;213m[48;2;0;0;0m▀[0m[38;2;65;65;65m[48;2;0;0;0m▀[0m[38;2;213;213;213m[48;2;0;0;0m▀[0m[38;2;0;0;0m▀           [38;2;0;0;0m[48;2;0;0;0m▀[0m[38;2;164;131;98m[48;2;164;131;98m▀[0m[38;2;164;131;98m[48;2;164;131;98m▀[0m[38;2;139;90;90m[48;2;164;131;98m▀[0m[38;2;164;131;98m[48;2;164;131;98m▀[0m[38;2;139;90;90m[48;2;164;131;98m▀[0m[38;2;0;0;0m[48;2;0;0;0m▀[0m   
                           [38;2;0;0;0m▀[38;2;255;255;255m[48;2;0;0;0m▀[0m[38;2;139;90;90m[48;2;0;0;0m▀[0m[38;2;139;90;90m[48;2;255;255;255m▀[0m[38;2;164;131;98m[48;2;0;0;0m▀[0m[38;2;139;90;90m[48;2;255;255;255m▀[0m[38;2;139;90;90m[48;2;0;0;0m▀[0m[38;2;255;255;255m[48;2;0;0;0m▀[0m[38;2;0;0;0m▀  
                              [38;2;0;0;0m▀ [38;2;0;0;0m▀     
[0m
