                   [38;2;0;0;0m▄[38;2;0;0;0m▄[38;2;0;0;0m▄  [38;2;0;0;0m▄[38;2;0;0;0m▄[38;2;0;0;0m[48;2;132;100;93m▀[0m[38;2;0;0;0m[48;2;132;100;93m▀[0m[38;2;0;0;0m▄        
                 [38;2;0;0;0m▄[38;2;0;0;0m▄[38;2;0;0;0m[48;2;255;85;82m▀[0m[38;2;206;52;90m[48;2;222;111;82m▀[0m[38;2;206;52;90m[48;2;255;231;66m▀[0m[38;2;0;0;0m[48;2;255;239;66m▀[0m[38;2;0;0;0m[48;2;255;239;66m▀[0m[38;2;129;101;93m[48;2;255;239;66m▀[0m[38;2;129;101;93m[48;2;255;239;66m▀[0m[38;2;131;99;94m[48;2;189;162;82m▀[0m[38;2;131;99;94m[48;2;131;99;94m▀[0m[38;2;127;115;66m[48;2;127;115;66m▀[0m[38;2;0;0;33m[48;2;255;231;99m▀[0m[38;2;0;0;0m[48;2;66;64;66m▀[0m[38;2;0;0;0m[48;2;66;64;66m▀[0m[38;2;0;0;0m[48;2;189;60;90m▀[0m[38;2;0;0;0m▄   
                [38;2;0;0;0m▀[38;2;255;85;82m[48;2;0;0;0m▀[0m[38;2;255;85;82m[48;2;139;139;131m▀[0m[38;2;255;85;82m[48;2;139;139;131m▀[0m[38;2;255;89;82m[48;2;145;107;104m▀[0m[38;2;255;89;82m[48;2;90;117;115m▀[0m[38;2;255;85;82m[48;2;255;85;82m▀[0m[38;2;255;85;82m[48;2;255;239;66m▀[0m[38;2;255;239;66m[48;2;255;239;66m▀[0m[38;2;255;239;66m[48;2;255;85;82m▀[0m[38;2;255;239;66m[48;2;255;239;66m▀[0m[38;2;129;101;93m[48;2;255;239;66m▀[0m[38;2;255;239;66m[48;2;255;239;66m▀[0m[38;2;255;239;66m[48;2;255;85;82m▀[0m[38;2;255;239;66m[48;2;255;239;66m▀[0m[38;2;255;239;66m[48;2;255;85;82m▀[0m[38;2;85;40;38m[48;2;255;89;82m▀[0m[38;2;0;16;16m[48;2;255;89;82m▀[0m[38;2;0;0;0m▄[38;2;0;0;0m▄ 
                  [38;2;0;0;0m▀[38;2;66;65;66m[48;2;0;0;0m▀[0m[38;2;193;60;90m[48;2;255;85;82m▀[0m[38;2;255;85;82m[48;2;255;85;82m▀[0m[38;2;255;85;79m[48;2;255;85;79m▀[0m[38;2;255;85;79m[48;2;255;85;79m▀[0m[38;2;255;85;79m[48;2;255;85;79m▀[0m[38;2;255;85;79m[48;2;255;85;79m▀[0m[38;2;255;85;82m[48;2;255;85;82m▀[0m[38;2;255;239;66m[48;2;255;85;82m▀[0m[38;2;255;85;79m[48;2;255;85;79m▀[0m[38;2;255;85;79m[48;2;255;85;79m▀[0m[38;2;255;85;79m[48;2;255;85;79m▀[0m[38;2;255;85;79m[48;2;255;85;79m▀[0m[38;2;66;65;66m[48;2;255;85;82m▀[0m[38;2;255;85;82m[48;2;66;65;66m▀[0m[38;2;247;105;99m[48;2;164;76;71m▀[0m[38;2;247;105;99m[48;2;0;20;16m▀[0m[38;2;0;0;0m▀
            [38;2;0;0;0m▄  [38;2;0;0;0m▄[38;2;0;0;0m▄  [38;2;0;0;0m▄[38;2;0;0;0m[48;2;66;65;63m▀[0m[38;2;66;65;63m[48;2;198;195;189m▀[0m[38;2;8;0;0m[48;2;90;85;85m▀[0m[38;2;255;255;255m[48;2;90;85;85m▀[0m[38;2;132;56;49m[48;2;255;251;247m▀[0m[38;2;173;121;115m[48;2;255;251;247m▀[0m[38;2;255;85;82m[48;2;255;85;82m▀[0m[38;2;255;85;82m[48;2;82;81;66m▀[0m[38;2;82;81;66m[48;2;255;239;66m▀[0m[38;2;82;81;66m[48;2;255;239;66m▀[0m[38;2;255;89;82m[48;2;85;45;38m▀[0m[38;2;255;89;82m[48;2;0;24;16m▀[0m[38;2;82;82;82m[48;2;247;247;247m▀[0m[38;2;82;82;82m[48;2;0;0;0m▀[0m[38;2;0;0;0m▀  
 [38;2;0;0;0m▄[38;2;0;0;0m▄[38;2;0;0;0m▄       [38;2;0;0;0m[48;2;0;0;0m▀[0m[38;2;123;101;99m[48;2;123;101;99m▀[0m[38;2;0;0;0m[48;2;82;67;66m▀[0m[38;2;0;0;0m[48;2;231;109;82m▀[0m[38;2;231;109;82m[48;2;231;109;82m▀[0m[38;2;255;85;82m[48;2;255;85;82m▀[0m[38;2;0;0;0m[48;2;255;85;82m▀[0m[38;2;0;0;0m▄[38;2;0;0;0m[48;2;140;138;132m▀[0m[38;2;198;195;189m[48;2;198;195;189m▀[0m[38;2;66;65;66m[48;2;198;195;189m▀[0m[38;2;192;162;76m[48;2;66;65;66m▀[0m[38;2;66;65;66m[48;2;192;162;76m▀[0m[38;2;66;65;66m[48;2;192;175;71m▀[0m[38;2;66;65;66m[48;2;255;231;74m▀[0m[38;2;66;65;66m[48;2;255;239;66m▀[0m[38;2;255;239;66m[48;2;255;239;66m▀[0m[38;2;255;235;66m[48;2;178;164;79m▀[0m[38;2;178;164;79m[48;2;101;94;93m▀[0m[38;2;255;239;66m[48;2;172;160;70m▀[0m[38;2;90;81;74m[48;2;255;239;66m▀[0m[38;2;0;0;0m[48;2;0;0;0m▀[0m    
 [38;2;0;0;0m▀[38;2;93;71;66m[48;2;0;4;0m▀[0m[38;2;140;105;99m[48;2;93;71;66m▀[0m[38;2;0;0;0m[48;2;132;100;93m▀[0m[38;2;0;0;0m[48;2;132;100;93m▀[0m[38;2;0;0;0m▄[38;2;0;0;0m▄[38;2;0;0;0m▄[38;2;0;0;0m[48;2;189;60;90m▀[0m[38;2;0;16;8m[48;2;170;78;101m▀[0m[38;2;85;47;54m[48;2;85;47;54m▀[0m[38;2;131;100;95m[48;2;131;100;95m▀[0m[38;2;131;100;95m[48;2;131;100;95m▀[0m[38;2;66;65;66m[48;2;66;65;66m▀[0m[38;2;255;239;66m[48;2;255;239;66m▀[0m[38;2;255;235;74m[48;2;66;60;74m▀[0m[38;2;66;60;74m[48;2;129;118;74m▀[0m[38;2;66;65;66m[48;2;66;65;66m▀[0m[38;2;140;140;127m[48;2;66;65;66m▀[0m[38;2;137;134;128m[48;2;68;69;68m▀[0m[38;2;206;199;189m[48;2;137;134;128m▀[0m[38;2;140;140;127m[48;2;140;140;127m▀[0m[38;2;66;65;66m[48;2;140;140;127m▀[0m[38;2;66;65;66m[48;2;0;0;0m▀[0m[38;2;0;0;0m▀[38;2;0;0;0m▀[38;2;189;162;82m[48;2;0;0;0m▀[0m[38;2;94;97;94m[48;2;94;97;94m▀[0m[38;2;94;97;94m[48;2;189;162;82m▀[0m[38;2;189;162;82m[48;2;0;0;0m▀[0m[38;2;0;0;0m▀     
   [38;2;0;0;0m▀[38;2;104;58;66m[48;2;0;4;0m▀[0m[38;2;156;85;99m[48;2;156;85;99m▀[0m[38;2;131;100;95m[48;2;131;100;95m▀[0m[38;2;131;100;95m[48;2;131;100;95m▀[0m[38;2;0;4;8m[48;2;159;71;68m▀[0m[38;2;0;4;8m[48;2;239;105;99m▀[0m[38;2;192;171;74m[48;2;66;60;74m▀[0m[38;2;192;171;74m[48;2;255;227;74m▀[0m[38;2;66;65;66m[48;2;66;65;66m▀[0m[38;2;132;99;94m[48;2;132;99;94m▀[0m[38;2;132;99;94m[48;2;132;99;94m▀[0m[38;2;66;65;66m[48;2;66;65;66m▀[0m[38;2;66;65;66m[48;2;132;101;99m▀[0m[38;2;132;101;99m[48;2;88;77;77m▀[0m[38;2;74;69;66m[48;2;74;69;66m▀[0m[38;2;255;85;82m[48;2;74;69;66m▀[0m[38;2;197;130;74m[48;2;255;178;74m▀[0m[38;2;82;36;74m[48;2;197;130;74m▀[0m[38;2;82;36;35m[48;2;247;93;90m▀[0m[38;2;0;8;8m[48;2;0;8;8m▀[0m    [38;2;0;0;0m▀[38;2;0;0;0m▀       
     [38;2;0;0;0m▀[38;2;172;59;68m[48;2;8;0;8m▀[0m[38;2;255;89;99m[48;2;172;59;68m▀[0m[38;2;131;99;94m[48;2;255;85;82m▀[0m[38;2;255;85;82m[48;2;255;85;82m▀[0m[38;2;255;85;82m[48;2;255;85;82m▀[0m[38;2;66;65;66m[48;2;66;65;66m▀[0m[38;2;66;65;66m[48;2;255;239;66m▀[0m[38;2;66;65;66m[48;2;255;239;66m▀[0m[38;2;66;65;66m[48;2;66;65;66m▀[0m[38;2;132;99;94m[48;2;132;99;94m▀[0m[38;2;132;101;99m[48;2;94;74;74m▀[0m[38;2;94;74;74m[48;2;94;74;74m▀[0m[38;2;94;75;74m[48;2;94;75;74m▀[0m[38;2;66;65;66m[48;2;66;65;66m▀[0m[38;2;255;239;66m[48;2;255;85;82m▀[0m[38;2;255;85;82m[48;2;255;85;82m▀[0m[38;2;66;65;66m[48;2;66;65;66m▀[0m[38;2;140;140;127m[48;2;140;140;127m▀[0m[38;2;0;0;0m[48;2;198;195;189m▀[0m[38;2;0;0;0m▄[38;2;0;0;0m▄[38;2;0;0;0m[48;2;198;195;189m▀[0m[38;2;0;0;0m▄        
   [38;2;0;0;0m▄[38;2;0;0;0m[48;2;94;75;74m▀[0m[38;2;0;0;0m[48;2;94;75;74m▀[0m[38;2;66;65;66m[48;2;94;75;74m▀[0m[38;2;66;65;66m[48;2;94;75;74m▀[0m[38;2;66;65;66m[48;2;66;65;66m▀[0m[38;2;255;85;82m[48;2;66;65;66m▀[0m[38;2;194;150;71m[48;2;74;52;66m▀[0m[38;2;74;52;66m[48;2;255;199;74m▀[0m[38;2;255;239;66m[48;2;255;239;66m▀[0m[38;2;66;65;66m[48;2;66;65;66m▀[0m[38;2;255;85;82m[48;2;255;85;82m▀[0m[38;2;95;74;76m[48;2;95;74;76m▀[0m[38;2;95;74;74m[48;2;189;60;90m▀[0m[38;2;95;74;74m[48;2;189;60;90m▀[0m[38;2;66;65;66m[48;2;66;65;66m▀[0m[38;2;255;239;66m[48;2;255;239;66m▀[0m[38;2;255;85;82m[48;2;255;85;82m▀[0m[38;2;66;65;66m[48;2;255;85;82m▀[0m[38;2;132;134;127m[48;2;66;69;66m▀[0m[38;2;198;199;189m[48;2;198;199;189m▀[0m[38;2;200;195;189m[48;2;200;195;189m▀[0m[38;2;200;195;189m[48;2;200;195;189m▀[0m[38;2;198;195;189m[48;2;198;195;189m▀[0m[38;2;198;195;189m[48;2;140;140;127m▀[0m[38;2;0;0;0m[48;2;0;0;0m▀[0m        
    [38;2;0;0;0m▀[38;2;0;0;0m▀[38;2;66;58;57m[48;2;0;4;8m▀[0m[38;2;99;85;82m[48;2;66;58;57m▀[0m[38;2;74;69;66m[48;2;74;69;66m▀[0m[38;2;74;69;66m[48;2;255;85;82m▀[0m[38;2;255;239;66m[48;2;66;65;66m▀[0m[38;2;255;239;66m[48;2;255;239;66m▀[0m[38;2;255;239;66m[48;2;255;239;66m▀[0m[38;2;66;65;66m[48;2;255;239;66m▀[0m[38;2;192;61;88m[48;2;66;65;66m▀[0m[38;2;192;61;88m[48;2;66;65;66m▀[0m[38;2;139;106;74m[48;2;82;48;74m▀[0m[38;2;82;48;74m[48;2;255;223;74m▀[0m[38;2;255;239;63m[48;2;255;239;63m▀[0m[38;2;255;239;63m[48;2;255;239;63m▀[0m[38;2;255;231;66m[48;2;206;52;90m▀[0m[38;2;222;111;82m[48;2;206;52;90m▀[0m[38;2;66;65;66m[48;2;192;61;88m▀[0m[38;2;66;65;66m[48;2;66;65;66m▀[0m[38;2;66;65;66m[48;2;140;140;127m▀[0m[38;2;140;140;127m[48;2;66;65;66m▀[0m[38;2;140;138;132m[48;2;0;0;0m▀[0m[38;2;0;0;0m▀         
   [38;2;0;0;0m▄[38;2;0;0;0m▄[38;2;0;0;0m[48;2;127;99;94m▀[0m[38;2;255;85;82m[48;2;95;74;76m▀[0m[38;2;255;85;82m[48;2;95;74;76m▀[0m[38;2;192;61;90m[48;2;192;61;90m▀[0m[38;2;192;61;90m[48;2;192;61;90m▀[0m[38;2;66;65;66m[48;2;66;65;66m▀[0m[38;2;255;231;74m[48;2;192;175;71m▀[0m[38;2;255;199;74m[48;2;74;52;66m▀[0m[38;2;74;52;66m[48;2;194;150;71m▀[0m[38;2;74;52;66m[48;2;194;150;71m▀[0m[38;2;255;199;74m[48;2;74;52;66m▀[0m[38;2;255;239;66m[48;2;66;65;66m▀[0m[38;2;255;239;66m[48;2;255;239;66m▀[0m[38;2;255;239;66m[48;2;255;239;66m▀[0m[38;2;255;85;82m[48;2;255;85;82m▀[0m[38;2;192;68;84m[48;2;255;73;90m▀[0m[38;2;192;68;84m[48;2;66;60;74m▀[0m[38;2;66;65;66m[48;2;140;140;127m▀[0m[38;2;140;140;127m[48;2;140;140;127m▀[0m[38;2;142;140;126m[48;2;142;140;126m▀[0m[38;2;0;0;0m[48;2;142;140;126m▀[0m[38;2;0;0;0m▄          
[38;2;0;0;0m▄[38;2;0;0;0m[48;2;127;99;94m▀[0m[38;2;0;0;0m[48;2;132;101;99m▀[0m[38;2;132;101;99m[48;2;88;67;66m▀[0m[38;2;140;105;99m[48;2;93;71;66m▀[0m[38;2;93;71;66m[48;2;0;4;0m▀[0m[38;2;120;52;66m[48;2;0;4;0m▀[0m[38;2;181;77;99m[48;2;0;4;0m▀[0m[38;2;63;60;46m[48;2;0;8;24m▀[0m[38;2;63;60;46m[48;2;189;166;90m▀[0m[38;2;192;162;76m[48;2;66;65;66m▀[0m[38;2;192;162;76m[48;2;192;162;76m▀[0m[38;2;66;65;66m[48;2;66;65;66m▀[0m[38;2;192;61;88m[48;2;192;61;88m▀[0m[38;2;131;100;95m[48;2;131;100;95m▀[0m[38;2;131;100;95m[48;2;131;100;95m▀[0m[38;2;255;93;82m[48;2;129;79;76m▀[0m[38;2;66;73;74m[48;2;66;73;74m▀[0m[38;2;255;239;66m[48;2;255;85;82m▀[0m[38;2;255;85;82m[48;2;255;85;82m▀[0m[38;2;192;61;88m[48;2;66;65;66m▀[0m[38;2;66;65;66m[48;2;192;61;88m▀[0m[38;2;132;40;57m[48;2;132;40;57m▀[0m[38;2;142;137;129m[48;2;132;40;57m▀[0m[38;2;148;36;57m[48;2;150;70;82m▀[0m[38;2;156;138;132m[48;2;148;36;57m▀[0m[38;2;0;0;0m[48;2;0;0;0m▀[0m          
 [38;2;0;0;0m▀[38;2;0;0;0m▀[38;2;0;0;0m▀[38;2;0;0;0m▀   [38;2;0;0;0m▄[38;2;0;0;0m[48;2;66;65;66m▀[0m[38;2;192;74;76m[48;2;255;81;82m▀[0m[38;2;66;60;66m[48;2;255;81;82m▀[0m[38;2;192;61;88m[48;2;66;65;66m▀[0m[38;2;66;65;66m[48;2;66;65;66m▀[0m[38;2;132;99;94m[48;2;66;65;66m▀[0m[38;2;132;99;94m[48;2;132;99;94m▀[0m[38;2;123;101;99m[48;2;123;101;99m▀[0m[38;2;82;67;66m[48;2;0;0;0m▀[0m[38;2;0;0;0m▀[38;2;255;85;82m[48;2;0;0;0m▀[0m[38;2;90;40;49m[48;2;0;8;0m▀[0m[38;2;181;73;99m[48;2;0;8;0m▀[0m[38;2;192;61;90m[48;2;192;61;90m▀[0m[38;2;192;61;90m[48;2;192;61;90m▀[0m[38;2;189;60;90m[48;2;189;60;90m▀[0m[38;2;189;60;90m[48;2;0;0;0m▀[0m[38;2;189;60;90m[48;2;0;0;0m▀[0m[38;2;0;0;0m▀         
     [38;2;0;0;0m▄[38;2;0;0;0m[48;2;198;60;90m▀[0m[38;2;0;0;0m[48;2;132;40;60m▀[0m[38;2;193;60;90m[48;2;255;85;82m▀[0m[38;2;193;60;90m[48;2;193;60;90m▀[0m[38;2;172;59;68m[48;2;172;59;68m▀[0m[38;2;255;89;99m[48;2;8;0;8m▀[0m[38;2;255;85;99m[48;2;0;0;8m▀[0m[38;2;170;56;68m[48;2;0;0;8m▀[0m[38;2;0;0;0m▀[38;2;0;0;0m▀[38;2;127;99;94m[48;2;0;0;0m▀[0m[38;2;0;0;0m▀    [38;2;0;0;0m▀[38;2;0;0;0m▀[38;2;0;0;0m▀            
     [38;2;0;0;0m▀[38;2;127;42;41m[48;2;0;0;0m▀[0m[38;2;255;85;82m[48;2;0;0;0m▀[0m[38;2;255;85;82m[48;2;0;0;0m▀[0m[38;2;255;85;82m[48;2;0;0;0m▀[0m[38;2;0;0;0m▀                          
[0m
