 [38;2;0;0;0m▄[38;2;0;0;0m[48;2;90;172;255m▀[0m[38;2;0;0;0m[48;2;90;172;255m▀[0m[38;2;0;0;0m[48;2;65;90;180m▀[0m[38;2;0;0;0m▄                 
[38;2;0;0;0m[48;2;0;0;0m▀[0m[38;2;90;172;255m[48;2;90;172;255m▀[0m[38;2;255;255;255m[48;2;90;172;255m▀[0m[38;2;90;172;255m[48;2;90;172;255m▀[0m[38;2;90;172;255m[48;2;255;255;255m▀[0m[38;2;90;172;255m[48;2;90;172;255m▀[0m[38;2;0;0;0m[48;2;0;0;0m▀[0m                
[38;2;0;0;0m▀[38;2;65;90;180m[48;2;0;0;0m▀[0m[38;2;90;172;255m[48;2;0;0;0m▀[0m[38;2;90;172;255m[48;2;65;90;180m▀[0m[38;2;90;172;255m[48;2;90;172;255m▀[0m[38;2;0;0;0m[48;2;0;0;0m▀[0m [38;2;0;0;0m▄[38;2;0;0;0m▄[38;2;0;0;0m[48;2;246;238;131m▀[0m[38;2;0;0;0m[48;2;189;172;98m▀[0m[38;2;0;0;0m[48;2;74;74;82m▀[0m[38;2;0;0;0m▄     [38;2;0;0;0m▄[38;2;0;0;0m▄[38;2;0;0;0m▄  
   [38;2;0;0;0m▀[38;2;65;90;180m[48;2;0;0;0m▀[0m[38;2;65;90;180m[48;2;65;90;180m▀[0m[38;2;0;0;0m[48;2;65;90;180m▀[0m[38;2;65;90;180m[48;2;246;238;131m▀[0m[38;2;246;238;131m[48;2;246;238;131m▀[0m[38;2;246;238;131m[48;2;74;74;82m▀[0m[38;2;246;238;131m[48;2;74;74;82m▀[0m[38;2;189;172;98m[48;2;65;90;180m▀[0m[38;2;0;0;0m[48;2;65;90;180m▀[0m[38;2;0;0;0m[48;2;65;90;180m▀[0m[38;2;0;0;0m▄  [38;2;0;0;0m[48;2;0;0;0m▀[0m[38;2;65;90;180m[48;2;255;255;255m▀[0m[38;2;90;172;255m[48;2;90;172;255m▀[0m[38;2;65;90;180m[48;2;90;172;255m▀[0m[38;2;0;0;0m[48;2;65;90;180m▀[0m[38;2;0;0;0m▄
   [38;2;0;0;0m▄[38;2;0;0;0m[48;2;74;74;82m▀[0m[38;2;65;90;180m[48;2;65;90;180m▀[0m[38;2;189;172;98m[48;2;246;238;131m▀[0m[38;2;246;238;131m[48;2;65;90;180m▀[0m[38;2;74;74;82m[48;2;65;90;180m▀[0m[38;2;65;90;180m[48;2;65;90;180m▀[0m[38;2;65;90;180m[48;2;65;90;180m▀[0m[38;2;65;90;180m[48;2;65;90;180m▀[0m[38;2;65;90;180m[48;2;65;90;180m▀[0m[38;2;65;90;180m[48;2;74;74;82m▀[0m[38;2;65;90;180m[48;2;74;74;82m▀[0m[38;2;0;0;0m[48;2;65;90;180m▀[0m[38;2;0;0;0m[48;2;65;90;180m▀[0m[38;2;90;172;255m[48;2;90;172;255m▀[0m[38;2;90;172;255m[48;2;90;172;255m▀[0m[38;2;90;172;255m[48;2;90;172;255m▀[0m[38;2;255;255;255m[48;2;90;172;255m▀[0m[38;2;90;172;255m[48;2;90;172;255m▀[0m[38;2;0;0;0m[48;2;0;0;0m▀[0m
  [38;2;0;0;0m[48;2;0;0;0m▀[0m[38;2;65;90;180m[48;2;106;90;197m▀[0m[38;2;106;90;197m[48;2;74;74;82m▀[0m[38;2;74;74;82m[48;2;246;238;131m▀[0m[38;2;74;74;82m[48;2;74;74;82m▀[0m[38;2;74;74;82m[48;2;74;74;82m▀[0m[38;2;65;90;180m[48;2;74;74;82m▀[0m[38;2;74;74;82m[48;2;74;74;82m▀[0m[38;2;74;74;82m[48;2;74;74;82m▀[0m[38;2;65;90;180m[48;2;74;74;82m▀[0m[38;2;65;90;180m[48;2;65;90;180m▀[0m[38;2;65;90;180m[48;2;65;90;180m▀[0m[38;2;65;90;180m[48;2;0;0;0m▀[0m[38;2;0;0;0m▀[38;2;0;0;0m▀[38;2;0;0;0m▀[38;2;255;255;255m[48;2;0;0;0m▀[0m[38;2;90;172;255m[48;2;0;0;0m▀[0m[38;2;0;0;0m▀[38;2;0;0;0m▀ 
  [38;2;0;0;0m▀[38;2;106;90;197m[48;2;0;0;0m▀[0m[38;2;90;172;255m[48;2;74;74;82m▀[0m[38;2;246;238;131m[48;2;74;74;82m▀[0m[38;2;74;74;82m[48;2;74;74;82m▀[0m[38;2;74;74;82m[48;2;74;74;82m▀[0m[38;2;74;74;82m[48;2;246;238;131m▀[0m[38;2;74;74;82m[48;2;74;74;82m▀[0m[38;2;74;74;82m[48;2;74;74;82m▀[0m[38;2;74;74;82m[48;2;74;74;82m▀[0m[38;2;65;90;180m[48;2;106;90;197m▀[0m[38;2;106;90;197m[48;2;106;90;197m▀[0m[38;2;106;90;197m[48;2;106;90;197m▀[0m[38;2;0;0;0m[48;2;0;0;0m▀[0m       
   [38;2;0;0;0m[48;2;0;0;0m▀[0m[38;2;180;82;164m[48;2;180;82;164m▀[0m[38;2;74;74;82m[48;2;74;74;82m▀[0m[38;2;74;74;82m[48;2;255;82;123m▀[0m[38;2;74;74;82m[48;2;74;74;82m▀[0m[38;2;246;238;131m[48;2;74;74;82m▀[0m[38;2;74;74;82m[48;2;74;74;82m▀[0m[38;2;74;74;82m[48;2;90;172;255m▀[0m[38;2;74;74;82m[48;2;74;74;82m▀[0m[38;2;74;74;82m[48;2;180;82;164m▀[0m[38;2;106;90;197m[48;2;180;82;164m▀[0m[38;2;106;90;197m[48;2;0;0;0m▀[0m[38;2;0;0;0m▀       
    [38;2;0;0;0m▀[38;2;180;82;164m[48;2;0;0;0m▀[0m[38;2;74;74;82m[48;2;0;0;0m▀[0m[38;2;74;74;82m[48;2;246;238;131m▀[0m[38;2;74;74;82m[48;2;180;82;164m▀[0m[38;2;74;74;82m[48;2;180;82;164m▀[0m[38;2;180;82;164m[48;2;180;82;164m▀[0m[38;2;180;82;164m[48;2;0;0;0m▀[0m[38;2;180;82;164m[48;2;0;0;0m▀[0m[38;2;106;90;197m[48;2;0;0;0m▀[0m[38;2;0;0;0m▀        
       [38;2;0;0;0m▀[38;2;189;172;98m[48;2;0;0;0m▀[0m[38;2;189;172;98m[48;2;0;0;0m▀[0m[38;2;0;0;0m▀            
[0m
