                [38;2;0;0;0m▄[38;2;0;0;0m[48;2;131;109;172m▀[0m[38;2;0;0;0m▄                    
               [38;2;0;0;0m▄[38;2;0;0;0m[48;2;131;109;172m▀[0m[38;2;131;109;172m[48;2;0;0;0m▀[0m[38;2;0;0;0m▀                    
      [38;2;0;0;0m▄[38;2;0;0;0m▄[38;2;0;0;0m[48;2;180;76;131m▀[0m[38;2;0;0;0m[48;2;180;76;131m▀[0m[38;2;0;0;0m▄   [38;2;0;0;0m▄[38;2;0;0;0m[48;2;131;109;172m▀[0m[38;2;131;109;172m[48;2;131;109;172m▀[0m[38;2;0;0;0m[48;2;0;0;0m▀[0m                     
[38;2;0;0;0m▄[38;2;0;0;0m▄[38;2;0;0;0m▄ [38;2;0;0;0m▄[38;2;0;0;0m[48;2;131;109;172m▀[0m[38;2;189;72;139m[48;2;126;110;175m▀[0m[38;2;189;72;139m[48;2;126;110;175m▀[0m[38;2;90;44;65m[48;2;0;0;0m▀[0m[38;2;0;12;0m▀  [38;2;0;0;0m▄[38;2;0;0;0m[48;2;156;145;222m▀[0m[38;2;131;109;172m[48;2;128;110;175m▀[0m[38;2;131;109;172m[48;2;128;110;175m▀[0m[38;2;0;0;0m[48;2;0;0;0m▀[0m    [38;2;0;0;0m[48;2;0;0;0m▀[0m[38;2;0;0;0m[48;2;255;113;213m▀[0m[38;2;0;0;0m[48;2;255;113;213m▀[0m[38;2;0;0;0m▄[38;2;0;0;0m▄             
[38;2;0;0;0m▀[38;2;131;109;172m[48;2;0;0;0m▀[0m[38;2;131;109;172m[48;2;126;110;175m▀[0m[38;2;0;0;0m[48;2;186;71;137m▀[0m[38;2;131;109;172m[48;2;186;72;137m▀[0m[38;2;131;109;172m[48;2;65;64;65m▀[0m[38;2;65;64;65m[48;2;98;63;112m▀[0m[38;2;65;64;65m[48;2;65;64;65m▀[0m[38;2;189;72;139m[48;2;169;82;142m▀[0m[38;2;0;0;0m[48;2;0;12;0m▀[0m  [38;2;0;0;0m[48;2;0;0;0m▀[0m[38;2;156;145;222m[48;2;156;145;222m▀[0m[38;2;128;110;175m[48;2;117;102;159m▀[0m[38;2;128;110;175m[48;2;8;8;0m▀[0m[38;2;0;0;0m▀[38;2;0;0;0m▄[38;2;0;0;0m[48;2;255;113;213m▀[0m[38;2;0;0;0m[48;2;0;0;0m▀[0m  [38;2;0;0;0m▀[38;2;0;0;0m▀[38;2;255;113;213m[48;2;0;0;0m▀[0m[38;2;255;113;213m[48;2;255;113;213m▀[0m[38;2;0;0;0m[48;2;255;113;213m▀[0m[38;2;0;0;0m[48;2;255;113;213m▀[0m[38;2;0;0;0m▄      [38;2;0;0;0m▄[38;2;0;0;0m▄  
 [38;2;0;0;0m▀[38;2;126;110;175m[48;2;0;0;0m▀[0m[38;2;126;110;175m[48;2;131;109;172m▀[0m[38;2;186;72;137m[48;2;65;64;65m▀[0m[38;2;186;72;137m[48;2;98;63;112m▀[0m[38;2;98;63;112m[48;2;98;63;112m▀[0m[38;2;65;64;65m[48;2;65;64;65m▀[0m[38;2;255;117;213m[48;2;255;113;213m▀[0m[38;2;84;47;71m[48;2;65;64;65m▀[0m[38;2;0;0;0m[48;2;95;64;120m▀[0m[38;2;8;16;0m▄[38;2;0;0;0m[48;2;131;80;180m▀[0m[38;2;156;145;222m[48;2;159;143;224m▀[0m[38;2;172;149;238m[48;2;197;113;205m▀[0m[38;2;63;55;79m[48;2;82;48;57m▀[0m[38;2;0;0;0m[48;2;172;75;142m▀[0m[38;2;255;113;213m[48;2;255;113;213m▀[0m[38;2;0;0;0m[48;2;0;0;0m▀[0m     [38;2;0;0;0m▄[38;2;0;0;0m[48;2;156;145;222m▀[0m[38;2;255;113;213m[48;2;156;145;222m▀[0m[38;2;160;143;226m[48;2;156;145;222m▀[0m[38;2;156;145;222m[48;2;156;145;222m▀[0m[38;2;0;0;0m[48;2;156;145;222m▀[0m[38;2;0;0;0m[48;2;189;133;222m▀[0m[38;2;0;0;0m▄[38;2;0;0;0m▄[38;2;0;0;0m[48;2;156;145;222m▀[0m[38;2;0;0;0m[48;2;156;145;222m▀[0m[38;2;156;145;222m[48;2;156;145;222m▀[0m[38;2;0;0;0m[48;2;0;0;0m▀[0m  
[38;2;0;0;0m▄[38;2;0;0;0m[48;2;131;109;172m▀[0m[38;2;0;0;0m[48;2;148;97;160m▀[0m[38;2;131;109;172m[48;2;148;97;160m▀[0m[38;2;65;64;65m[48;2;98;64;111m▀[0m[38;2;98;63;112m[48;2;0;0;0m▀[0m[38;2;98;63;112m[48;2;84;47;71m▀[0m[38;2;65;64;65m[48;2;255;117;213m▀[0m[38;2;255;113;213m[48;2;65;64;65m▀[0m[38;2;65;64;65m[48;2;255;113;213m▀[0m[38;2;52;40;60m[48;2;159;144;224m▀[0m[38;2;139;89;180m[48;2;159;144;224m▀[0m[38;2;159;143;224m[48;2;156;145;222m▀[0m[38;2;159;143;224m[48;2;189;72;134m▀[0m[38;2;159;91;156m[48;2;189;70;135m▀[0m[38;2;159;91;156m[48;2;255;113;213m▀[0m[38;2;255;113;213m[48;2;172;75;142m▀[0m[38;2;8;0;0m[48;2;8;0;0m▀[0m    [38;2;0;0;0m▄[38;2;0;0;0m[48;2;156;145;222m▀[0m[38;2;156;145;222m[48;2;156;145;222m▀[0m[38;2;156;145;222m[48;2;101;64;112m▀[0m[38;2;101;64;112m[48;2;98;63;115m▀[0m[38;2;101;64;112m[48;2;131;82;180m▀[0m[38;2;101;64;112m[48;2;131;82;180m▀[0m[38;2;101;64;112m[48;2;131;82;180m▀[0m[38;2;189;133;222m[48;2;98;64;115m▀[0m[38;2;189;133;222m[48;2;255;113;213m▀[0m[38;2;156;145;222m[48;2;255;113;213m▀[0m[38;2;156;145;222m[48;2;160;143;226m▀[0m[38;2;156;145;222m[48;2;156;145;222m▀[0m[38;2;0;0;0m[48;2;0;0;0m▀[0m   
 [38;2;0;0;0m[48;2;0;0;0m▀[0m[38;2;148;97;160m[48;2;131;109;172m▀[0m[38;2;65;64;65m[48;2;0;0;0m▀[0m[38;2;0;0;0m▀ [38;2;0;12;0m[48;2;0;0;0m▀[0m[38;2;255;117;213m[48;2;255;113;213m▀[0m[38;2;65;64;65m[48;2;65;64;65m▀[0m[38;2;255;113;213m[48;2;255;113;213m▀[0m[38;2;159;144;224m[48;2;156;145;222m▀[0m[38;2;159;144;224m[48;2;189;72;134m▀[0m[38;2;156;145;222m[48;2;189;70;135m▀[0m[38;2;189;72;134m[48;2;255;113;213m▀[0m[38;2;255;113;213m[48;2;255;113;213m▀[0m[38;2;189;70;135m[48;2;255;113;213m▀[0m[38;2;255;113;213m[48;2;0;0;0m▀[0m[38;2;255;113;213m[48;2;0;0;0m▀[0m[38;2;0;0;0m▀    [38;2;0;0;0m[48;2;0;0;0m▀[0m[38;2;156;145;222m[48;2;156;137;230m▀[0m[38;2;101;64;112m[48;2;101;59;115m▀[0m[38;2;131;82;180m[48;2;131;82;180m▀[0m[38;2;131;82;180m[48;2;131;82;180m▀[0m[38;2;131;82;180m[48;2;131;82;180m▀[0m[38;2;131;82;180m[48;2;131;82;180m▀[0m[38;2;98;64;115m[48;2;131;82;180m▀[0m[38;2;255;113;213m[48;2;98;63;115m▀[0m[38;2;255;113;213m[48;2;98;64;123m▀[0m[38;2;160;143;226m[48;2;246;113;222m▀[0m[38;2;0;0;0m[48;2;156;145;222m▀[0m[38;2;0;0;0m▄   
 [38;2;0;0;0m▀[38;2;131;109;172m[48;2;0;0;0m▀[0m[38;2;0;0;0m▀  [38;2;0;0;0m▀[38;2;255;113;213m[48;2;65;64;65m▀[0m[38;2;65;64;65m[48;2;255;113;213m▀[0m[38;2;255;113;213m[48;2;160;143;226m▀[0m[38;2;156;145;222m[48;2;205;129;222m▀[0m[38;2;189;72;134m[48;2;189;72;135m▀[0m[38;2;255;113;213m[48;2;205;125;183m▀[0m[38;2;255;113;213m[48;2;205;68;148m▀[0m[38;2;172;75;142m[48;2;246;113;222m▀[0m[38;2;8;0;0m[48;2;152;87;152m▀[0m[38;2;0;0;0m▄[38;2;0;0;0m▄  [38;2;8;0;0m▄[38;2;0;0;0m[48;2;164;141;222m▀[0m[38;2;0;0;0m[48;2;156;145;222m▀[0m[38;2;156;145;222m[48;2;101;64;112m▀[0m[38;2;101;59;115m[48;2;98;63;112m▀[0m[38;2;128;98;172m[48;2;98;63;112m▀[0m[38;2;131;82;180m[48;2;131;80;180m▀[0m[38;2;131;82;180m[48;2;0;0;0m▀[0m[38;2;131;82;180m[48;2;0;0;0m▀[0m[38;2;131;82;180m[48;2;0;0;0m▀[0m[38;2;131;82;180m[48;2;131;80;180m▀[0m[38;2;131;82;180m[48;2;131;80;180m▀[0m[38;2;148;80;156m[48;2;131;80;180m▀[0m[38;2;98;64;123m[48;2;131;80;180m▀[0m[38;2;156;145;222m[48;2;101;64;112m▀[0m[38;2;0;0;0m[48;2;156;145;222m▀[0m[38;2;0;0;0m▄[38;2;0;0;0m▄ 
    [38;2;0;12;0m▄[38;2;0;0;0m[48;2;84;47;71m▀[0m[38;2;65;64;65m[48;2;255;113;213m▀[0m[38;2;65;64;65m[48;2;255;113;213m▀[0m[38;2;255;113;213m[48;2;156;145;222m▀[0m[38;2;160;143;226m[48;2;189;72;134m▀[0m[38;2;189;72;135m[48;2;255;113;213m▀[0m[38;2;205;129;222m[48;2;189;70;135m▀[0m[38;2;205;68;148m[48;2;186;242;254m▀[0m[38;2;205;238;255m[48;2;186;242;254m▀[0m[38;2;246;113;222m[48;2;246;113;222m▀[0m[38;2;57;60;82m[48;2;57;60;82m▀[0m[38;2;238;234;255m[48;2;246;234;246m▀[0m[38;2;238;234;255m[48;2;246;234;246m▀[0m[38;2;0;0;0m[48;2;246;238;246m▀[0m[38;2;0;0;0m[48;2;65;64;57m▀[0m[38;2;164;141;222m[48;2;98;63;112m▀[0m[38;2;86;70;111m[48;2;98;63;112m▀[0m[38;2;101;64;112m[48;2;74;64;82m▀[0m[38;2;101;64;112m[48;2;74;64;82m▀[0m[38;2;98;63;112m[48;2;79;78;84m▀[0m[38;2;65;64;65m[48;2;238;234;255m▀[0m[38;2;0;0;0m[48;2;0;0;0m▀[0m   [38;2;0;0;0m▀[38;2;0;0;0m▀[38;2;0;0;0m▀[38;2;131;80;180m[48;2;0;0;0m▀[0m[38;2;101;64;112m[48;2;238;117;213m▀[0m[38;2;156;145;222m[48;2;119;60;106m▀[0m[38;2;156;145;222m[48;2;156;145;222m▀[0m[38;2;156;145;222m[48;2;0;0;0m▀[0m[38;2;0;0;0m▀
   [38;2;0;0;0m▀[38;2;255;117;213m[48;2;0;0;0m▀[0m[38;2;255;117;213m[48;2;0;0;0m▀[0m[38;2;160;143;226m[48;2;156;145;222m▀[0m[38;2;160;143;226m[48;2;156;145;222m▀[0m[38;2;156;145;222m[48;2;145;157;200m▀[0m[38;2;189;72;134m[48;2;189;68;139m▀[0m[38;2;255;113;213m[48;2;222;68;156m▀[0m[38;2;189;70;135m[48;2;156;226;238m▀[0m[38;2;186;242;254m[48;2;222;178;230m▀[0m[38;2;186;242;254m[48;2;222;178;230m▀[0m[38;2;246;113;222m[48;2;131;80;180m▀[0m[38;2;152;87;152m[48;2;65;64;65m▀[0m[38;2;74;68;57m[48;2;65;64;65m▀[0m[38;2;160;151;152m[48;2;238;234;255m▀[0m[38;2;156;151;152m[48;2;238;234;255m▀[0m[38;2;65;64;57m[48;2;65;64;65m▀[0m[38;2;98;63;112m[48;2;65;48;65m▀[0m[38;2;65;64;65m[48;2;95;76;117m▀[0m[38;2;74;64;82m[48;2;172;157;135m▀[0m[38;2;238;234;255m[48;2;238;234;255m▀[0m[38;2;238;234;255m[48;2;238;234;255m▀[0m[38;2;0;0;0m[48;2;0;0;0m▀[0m        [38;2;0;4;0m[48;2;0;0;0m▀[0m[38;2;119;60;106m[48;2;98;64;111m▀[0m[38;2;156;145;222m[48;2;156;145;222m▀[0m[38;2;0;0;0m[48;2;0;0;0m▀[0m 
   [38;2;0;0;0m▄[38;2;0;0;0m▄[38;2;0;0;0m▄[38;2;0;0;0m▀[38;2;0;0;0m▀[38;2;189;68;139m[48;2;0;0;0m▀[0m[38;2;123;202;230m[48;2;0;0;0m▀[0m[38;2;156;226;238m[48;2;82;51;71m▀[0m[38;2;200;121;183m[48;2;246;121;213m▀[0m[38;2;65;64;65m[48;2;65;64;65m▀[0m[38;2;65;64;65m[48;2;126;110;175m▀[0m[38;2;65;64;65m[48;2;74;56;65m▀[0m[38;2;65;64;65m[48;2;255;206;255m▀[0m[38;2;238;234;255m[48;2;65;64;65m▀[0m[38;2;238;234;255m[48;2;65;64;65m▀[0m[38;2;65;64;65m[48;2;152;89;152m▀[0m[38;2;65;64;65m[48;2;57;64;74m▀[0m[38;2;156;133;222m[48;2;156;145;222m▀[0m[38;2;95;76;117m[48;2;156;145;222m▀[0m[38;2;172;157;135m[48;2;95;76;117m▀[0m[38;2;172;157;135m[48;2;95;76;117m▀[0m[38;2;0;0;0m[48;2;0;0;0m▀[0m          [38;2;0;0;0m▀[38;2;156;145;222m[48;2;0;0;0m▀[0m[38;2;0;0;0m▀ 
  [38;2;0;0;0m▀[38;2;255;113;213m[48;2;0;0;0m▀[0m[38;2;156;145;222m[48;2;65;60;65m▀[0m[38;2;156;145;222m[48;2;156;137;230m▀[0m[38;2;0;0;0m[48;2;164;145;222m▀[0m[38;2;8;8;0m▄[38;2;0;0;0m▄ [38;2;0;16;0m▀[38;2;82;51;71m[48;2;0;0;0m▀[0m[38;2;126;110;175m[48;2;65;64;65m▀[0m[38;2;65;64;65m[48;2;0;0;0m▀[0m[38;2;194;156;191m[48;2;79;51;74m▀[0m[38;2;74;56;65m[48;2;238;129;222m▀[0m[38;2;131;80;180m[48;2;255;113;213m▀[0m[38;2;131;80;180m[48;2;255;113;213m▀[0m[38;2;246;113;230m[48;2;156;145;230m▀[0m[38;2;57;64;74m[48;2;127;107;172m▀[0m[38;2;65;64;65m[48;2;65;64;65m▀[0m[38;2;156;145;222m[48;2;0;0;0m▀[0m[38;2;156;133;222m[48;2;0;0;0m▀[0m[38;2;65;48;65m[48;2;65;64;65m▀[0m[38;2;0;0;0m[48;2;222;125;213m▀[0m[38;2;0;0;0m▄             
 [38;2;0;0;0m▄[38;2;0;0;0m[48;2;255;113;213m▀[0m[38;2;131;109;172m[48;2;0;0;0m▀[0m[38;2;126;111;175m[48;2;0;0;0m▀[0m[38;2;126;111;175m[48;2;65;64;65m▀[0m[38;2;164;145;222m[48;2;126;116;175m▀[0m[38;2;60;53;74m[48;2;156;141;230m▀[0m[38;2;156;145;222m[48;2;60;58;74m▀[0m[38;2;0;0;0m[48;2;164;149;222m▀[0m[38;2;0;0;0m[48;2;164;149;222m▀[0m[38;2;131;109;172m[48;2;54;52;74m▀[0m[38;2;0;0;0m[48;2;0;0;0m▀[0m [38;2;0;12;0m▀[38;2;159;90;148m[48;2;0;0;0m▀[0m[38;2;255;113;213m[48;2;139;109;172m▀[0m[38;2;128;110;175m[48;2;95;76;115m▀[0m[38;2;127;107;172m[48;2;95;64;120m▀[0m[38;2;98;68;115m[48;2;8;16;0m▀[0m[38;2;0;0;0m▀[38;2;0;0;0m▄[38;2;0;0;0m▄[38;2;0;0;0m[48;2;131;109;172m▀[0m[38;2;222;125;213m[48;2;159;144;227m▀[0m[38;2;222;125;213m[48;2;159;144;227m▀[0m[38;2;0;0;0m[48;2;0;0;0m▀[0m            
 [38;2;0;0;0m▀[38;2;0;0;0m▀  [38;2;0;0;0m▀[38;2;65;64;65m[48;2;0;0;0m▀[0m[38;2;156;141;230m[48;2;255;113;213m▀[0m[38;2;60;58;74m[48;2;0;0;0m▀[0m[38;2;8;12;0m▀[38;2;0;4;0m▀[38;2;0;4;0m▀ [38;2;0;0;0m▄[38;2;0;0;0m▄[38;2;0;0;0m▄[38;2;8;12;0m[48;2;128;110;175m▀[0m[38;2;52;44;57m[48;2;128;110;175m▀[0m[38;2;52;40;60m[48;2;131;93;175m▀[0m[38;2;139;89;180m[48;2;65;60;65m▀[0m[38;2;0;0;0m[48;2;238;129;222m▀[0m[38;2;131;109;172m[48;2;159;90;148m▀[0m[38;2;131;109;172m[48;2;0;0;0m▀[0m[38;2;131;109;172m[48;2;0;0;0m▀[0m[38;2;131;109;172m[48;2;60;58;74m▀[0m[38;2;159;144;227m[48;2;164;149;222m▀[0m[38;2;0;0;0m[48;2;156;145;222m▀[0m[38;2;0;0;0m▄           
       [38;2;0;0;0m▀   [38;2;0;0;0m▄[38;2;0;0;0m[48;2;189;70;135m▀[0m[38;2;131;80;180m[48;2;189;70;135m▀[0m[38;2;87;70;115m[48;2;180;80;148m▀[0m[38;2;131;105;172m[48;2;106;56;98m▀[0m[38;2;128;110;175m[48;2;98;63;115m▀[0m[38;2;101;63;112m[48;2;131;82;180m▀[0m[38;2;98;76;120m[48;2;131;82;180m▀[0m[38;2;131;93;175m[48;2;131;82;180m▀[0m[38;2;79;51;74m[48;2;87;58;120m▀[0m[38;2;0;12;0m[48;2;131;85;180m▀[0m[38;2;0;0;0m▄ [38;2;8;12;0m▀[38;2;60;58;74m[48;2;0;0;0m▀[0m[38;2;156;145;222m[48;2;255;113;213m▀[0m[38;2;0;0;0m[48;2;0;0;0m▀[0m           
       [38;2;0;0;0m▄[38;2;0;0;0m[48;2;169;156;137m▀[0m[38;2;0;0;0m[48;2;169;156;137m▀[0m[38;2;0;0;0m[48;2;169;156;137m▀[0m[38;2;65;64;65m[48;2;65;64;65m▀[0m[38;2;255;113;213m[48;2;189;72;139m▀[0m[38;2;255;113;213m[48;2;189;72;139m▀[0m[38;2;255;105;197m[48;2;255;113;213m▀[0m[38;2;180;80;148m[48;2;255;113;213m▀[0m[38;2;131;82;180m[48;2;189;76;139m▀[0m[38;2;131;82;180m[48;2;98;85;139m▀[0m[38;2;98;63;115m[48;2;112;102;128m▀[0m[38;2;98;63;115m[48;2;131;117;164m▀[0m[38;2;131;85;180m[48;2;98;64;111m▀[0m[38;2;0;4;0m[48;2;0;0;0m▀[0m    [38;2;0;0;0m▀            
        [38;2;0;0;0m▀[38;2;0;0;0m▀[38;2;65;64;65m[48;2;16;12;0m▀[0m[38;2;65;64;65m[48;2;135;129;127m▀[0m[38;2;238;234;255m[48;2;246;234;246m▀[0m[38;2;238;234;255m[48;2;246;234;246m▀[0m[38;2;189;70;135m[48;2;169;75;142m▀[0m[38;2;255;113;213m[48;2;255;113;213m▀[0m[38;2;189;76;139m[48;2;180;80;131m▀[0m[38;2;128;82;139m[48;2;90;42;65m▀[0m[38;2;74;72;57m[48;2;238;234;255m▀[0m[38;2;131;117;164m[48;2;0;0;0m▀[0m[38;2;0;0;0m▀                  
         [38;2;0;0;0m[48;2;0;0;0m▀[0m[38;2;135;129;127m[48;2;246;238;246m▀[0m[38;2;255;246;255m[48;2;123;121;123m▀[0m[38;2;164;156;164m[48;2;0;0;0m▀[0m[38;2;0;0;0m▀[38;2;0;0;0m▀[38;2;0;0;0m▀[38;2;0;4;0m▀[38;2;0;4;0m▀[38;2;238;234;255m[48;2;0;0;0m▀[0m[38;2;0;0;0m[48;2;255;255;255m▀[0m[38;2;0;0;0m▄                  
       [38;2;0;0;0m▄[38;2;0;0;0m[48;2;172;157;139m▀[0m[38;2;238;234;255m[48;2;0;0;0m▀[0m[38;2;0;4;0m▀[38;2;0;4;0m▀      [38;2;0;0;0m▀[38;2;255;255;255m[48;2;0;0;0m▀[0m[38;2;0;0;0m▀                  
       [38;2;0;0;0m▀[38;2;0;0;0m▀                              
[0m
