          [38;2;0;4;0m▄[38;2;0;4;0m▄[38;2;0;4;0m[48;2;74;85;148m▀[0m[38;2;0;4;0m[48;2;76;88;142m▀[0m[38;2;0;4;0m[48;2;76;88;142m▀[0m[38;2;0;4;0m▄[38;2;0;4;0m▄        
      [38;2;0;4;0m▄[38;2;0;4;0m▄[38;2;0;4;0m[48;2;255;239;132m▀[0m[38;2;0;4;0m[48;2;255;239;132m▀[0m[38;2;255;239;132m[48;2;255;239;132m▀[0m[38;2;255;239;132m[48;2;197;187;137m▀[0m[38;2;82;85;148m[48;2;255;239;132m▀[0m[38;2;74;85;148m[48;2;255;239;132m▀[0m[38;2;74;85;148m[48;2;255;239;132m▀[0m[38;2;255;207;66m[48;2;189;162;79m▀[0m[38;2;255;207;66m[48;2;255;207;66m▀[0m[38;2;0;4;0m[48;2;255;207;66m▀[0m[38;2;0;4;0m[48;2;255;207;66m▀[0m[38;2;0;4;0m▄[38;2;0;4;0m▄    
    [38;2;0;4;0m▄[38;2;8;8;0m[48;2;255;227;99m▀[0m[38;2;255;227;99m[48;2;172;154;66m▀[0m[38;2;255;239;132m[48;2;255;239;132m▀[0m[38;2;255;239;132m[48;2;74;85;148m▀[0m[38;2;255;239;132m[48;2;82;85;148m▀[0m[38;2;197;187;137m[48;2;255;239;132m▀[0m[38;2;255;239;128m[48;2;255;239;128m▀[0m[38;2;255;239;128m[48;2;255;239;128m▀[0m[38;2;255;239;128m[48;2;255;239;128m▀[0m[38;2;255;239;128m[48;2;255;239;128m▀[0m[38;2;255;239;132m[48;2;255;239;132m▀[0m[38;2;189;162;82m[48;2;255;239;132m▀[0m[38;2;255;207;66m[48;2;74;85;148m▀[0m[38;2;255;207;66m[48;2;74;85;148m▀[0m[38;2;255;207;66m[48;2;255;207;66m▀[0m[38;2;255;207;66m[48;2;145;136;54m▀[0m[38;2;0;4;0m[48;2;148;138;57m▀[0m[38;2;0;4;0m▄  
   [38;2;0;4;0m▄[38;2;0;4;0m[48;2;255;207;66m▀[0m[38;2;255;206;63m[48;2;255;206;63m▀[0m[38;2;255;206;63m[48;2;255;206;63m▀[0m[38;2;77;87;145m[48;2;77;87;145m▀[0m[38;2;77;87;145m[48;2;77;87;145m▀[0m[38;2;77;87;145m[48;2;77;87;145m▀[0m[38;2;77;87;145m[48;2;77;87;145m▀[0m[38;2;189;162;79m[48;2;255;207;66m▀[0m[38;2;189;162;79m[48;2;255;207;66m▀[0m[38;2;189;162;79m[48;2;255;207;66m▀[0m[38;2;189;162;79m[48;2;255;207;66m▀[0m[38;2;194;163;84m[48;2;255;203;57m▀[0m[38;2;74;85;140m[48;2;74;85;140m▀[0m[38;2;77;87;145m[48;2;77;87;145m▀[0m[38;2;77;87;145m[48;2;77;87;145m▀[0m[38;2;78;87;144m[48;2;78;87;144m▀[0m[38;2;148;138;57m[48;2;148;138;57m▀[0m[38;2;148;136;54m[48;2;148;136;54m▀[0m[38;2;0;4;0m[48;2;148;136;54m▀[0m[38;2;0;4;0m▄ 
  [38;2;0;4;0m▄[38;2;0;4;0m[48;2;255;207;66m▀[0m[38;2;255;207;66m[48;2;255;207;66m▀[0m[38;2;255;207;66m[48;2;189;162;79m▀[0m[38;2;189;162;79m[48;2;255;207;66m▀[0m[38;2;255;207;66m[48;2;255;207;66m▀[0m[38;2;74;85;148m[48;2;255;207;66m▀[0m[38;2;74;85;140m[48;2;255;207;57m▀[0m[38;2;255;207;57m[48;2;194;166;84m▀[0m[38;2;255;206;63m[48;2;255;206;63m▀[0m[38;2;255;206;63m[48;2;255;206;63m▀[0m[38;2;255;206;63m[48;2;255;206;63m▀[0m[38;2;255;206;63m[48;2;255;206;63m▀[0m[38;2;255;206;63m[48;2;255;206;63m▀[0m[38;2;255;206;63m[48;2;255;206;63m▀[0m[38;2;74;85;140m[48;2;150;136;84m▀[0m[38;2;74;85;140m[48;2;189;162;57m▀[0m[38;2;101;102;68m[48;2;189;162;74m▀[0m[38;2;145;132;71m[48;2;101;102;68m▀[0m[38;2;145;136;54m[48;2;145;136;54m▀[0m[38;2;145;136;54m[48;2;145;136;54m▀[0m[38;2;0;4;0m[48;2;0;4;0m▀[0m 
 [38;2;0;4;0m▄[38;2;0;4;0m[48;2;148;138;57m▀[0m[38;2;73;86;142m[48;2;73;86;142m▀[0m[38;2;189;162;82m[48;2;73;86;142m▀[0m[38;2;255;206;63m[48;2;255;206;63m▀[0m[38;2;255;206;63m[48;2;255;206;63m▀[0m[38;2;255;206;63m[48;2;255;206;63m▀[0m[38;2;255;206;63m[48;2;255;206;63m▀[0m[38;2;255;206;63m[48;2;255;206;63m▀[0m[38;2;255;206;63m[48;2;255;206;63m▀[0m[38;2;189;162;79m[48;2;189;162;79m▀[0m[38;2;255;207;66m[48;2;255;207;66m▀[0m[38;2;255;206;63m[48;2;255;206;63m▀[0m[38;2;255;206;63m[48;2;255;206;63m▀[0m[38;2;255;207;66m[48;2;255;207;66m▀[0m[38;2;145;136;54m[48;2;145;136;54m▀[0m[38;2;189;162;79m[48;2;189;162;79m▀[0m[38;2;189;162;79m[48;2;189;162;79m▀[0m[38;2;189;162;79m[48;2;189;162;79m▀[0m[38;2;189;162;79m[48;2;189;162;79m▀[0m[38;2;101;105;60m[48;2;189;162;66m▀[0m[38;2;145;133;63m[48;2;145;133;63m▀[0m[38;2;111;111;99m[48;2;111;111;99m▀[0m[38;2;0;4;0m[48;2;0;4;0m▀[0m
 [38;2;0;4;0m▀[38;2;148;138;57m[48;2;0;4;0m▀[0m[38;2;66;65;66m[48;2;66;65;66m▀[0m[38;2;66;65;66m[48;2;192;145;66m▀[0m[38;2;107;56;57m[48;2;107;56;57m▀[0m[38;2;107;56;57m[48;2;115;207;255m▀[0m[38;2;255;207;66m[48;2;66;65;66m▀[0m[38;2;255;207;66m[48;2;66;65;66m▀[0m[38;2;255;207;66m[48;2;66;65;66m▀[0m[38;2;255;207;66m[48;2;66;65;66m▀[0m[38;2;255;207;66m[48;2;255;207;66m▀[0m[38;2;189;162;79m[48;2;255;207;66m▀[0m[38;2;255;207;57m[48;2;194;166;84m▀[0m[38;2;255;207;57m[48;2;74;85;140m▀[0m[38;2;150;136;88m[48;2;74;85;132m▀[0m[38;2;189;162;66m[48;2;189;162;66m▀[0m[38;2;189;162;79m[48;2;189;162;79m▀[0m[38;2;189;162;79m[48;2;189;162;79m▀[0m[38;2;189;162;82m[48;2;145;136;54m▀[0m[38;2;189;162;82m[48;2;145;136;54m▀[0m[38;2;189;162;57m[48;2;150;136;84m▀[0m[38;2;74;85;140m[48;2;74;85;140m▀[0m[38;2;74;85;148m[48;2;0;4;0m▀[0m[38;2;0;4;0m▀
[38;2;0;4;0m▄[38;2;16;12;0m[48;2;115;146;231m▀[0m[38;2;49;56;77m[48;2;115;146;231m▀[0m[38;2;66;81;107m[48;2;66;81;107m▀[0m[38;2;255;166;82m[48;2;66;81;107m▀[0m[38;2;189;60;41m[48;2;175;115;109m▀[0m[38;2;148;227;247m[48;2;189;60;41m▀[0m[38;2;165;223;255m[48;2;165;223;255m▀[0m[38;2;165;223;255m[48;2;132;40;57m▀[0m[38;2;132;40;57m[48;2;132;40;57m▀[0m[38;2;115;207;255m[48;2;115;207;255m▀[0m[38;2;57;69;74m[48;2;222;255;255m▀[0m[38;2;57;69;74m[48;2;167;193;194m▀[0m[38;2;74;52;66m[48;2;115;79;63m▀[0m[38;2;74;52;66m[48;2;198;134;57m▀[0m[38;2;78;87;144m[48;2;66;65;66m▀[0m[38;2;78;87;144m[48;2;78;87;144m▀[0m[38;2;145;136;54m[48;2;145;136;54m▀[0m[38;2;145;136;54m[48;2;145;136;54m▀[0m[38;2;145;136;52m[48;2;101;102;71m▀[0m[38;2;145;136;52m[48;2;101;102;71m▀[0m[38;2;98;94;46m[48;2;148;138;66m▀[0m[38;2;148;138;66m[48;2;0;8;8m▀[0m[38;2;0;4;0m▀ 
[38;2;0;4;0m▄[38;2;0;4;0m[48;2;115;146;231m▀[0m[38;2;115;146;231m[48;2;115;146;231m▀[0m[38;2;107;146;239m[48;2;90;119;184m▀[0m[38;2;107;146;239m[48;2;57;65;74m▀[0m[38;2;66;73;90m[48;2;66;73;90m▀[0m[38;2;255;166;82m[48;2;66;73;90m▀[0m[38;2;181;44;41m[48;2;219;130;68m▀[0m[38;2;181;44;41m[48;2;239;174;82m▀[0m[38;2;132;32;49m[48;2;255;158;82m▀[0m[38;2;132;32;49m[48;2;173;74;60m▀[0m[38;2;115;207;255m[48;2;173;40;49m▀[0m[38;2;173;40;49m[48;2;173;40;49m▀[0m[38;2;107;56;57m[48;2;107;56;57m▀[0m[38;2;107;56;57m[48;2;115;146;231m▀[0m[38;2;90;89;66m[48;2;115;146;231m▀[0m[38;2;90;89;66m[48;2;90;89;66m▀[0m[38;2;145;136;52m[48;2;101;102;71m▀[0m[38;2;101;102;71m[48;2;145;136;52m▀[0m[38;2;144;136;53m[48;2;66;65;66m▀[0m[38;2;144;136;53m[48;2;66;65;66m▀[0m[38;2;0;4;0m[48;2;74;85;148m▀[0m[38;2;0;4;0m▄  
 [38;2;0;4;0m▀[38;2;0;4;0m▀[38;2;0;4;0m▀[38;2;0;4;0m▀[38;2;76;88;142m[48;2;0;4;0m▀[0m[38;2;76;88;142m[48;2;0;4;0m▀[0m[38;2;82;93;140m[48;2;8;12;0m▀[0m[38;2;45;52;70m▀[38;2;189;146;66m[48;2;0;4;0m▀[0m[38;2;189;146;66m[48;2;0;4;0m▀[0m[38;2;189;146;66m[48;2;68;72;93m▀[0m[38;2;68;72;93m[48;2;68;72;93m▀[0m[38;2;115;146;231m[48;2;66;65;66m▀[0m[38;2;115;146;231m[48;2;115;146;231m▀[0m[38;2;66;60;66m[48;2;107;138;231m▀[0m[38;2;86;99;148m[48;2;66;60;66m▀[0m[38;2;66;64;66m[48;2;0;4;0m▀[0m[38;2;0;4;0m▀[38;2;76;88;142m[48;2;0;4;0m▀[0m[38;2;76;88;142m[48;2;0;4;0m▀[0m[38;2;74;85;148m[48;2;0;4;0m▀[0m[38;2;0;4;0m▀  
           [38;2;0;4;0m▀[38;2;74;85;148m[48;2;0;4;0m▀[0m[38;2;82;89;132m[48;2;0;4;0m▀[0m[38;2;54;60;88m[48;2;0;4;0m▀[0m[38;2;0;4;0m▀[38;2;0;4;0m▀        
[0m
