                   [38;2;0;4;0m▄[38;2;0;4;0m[48;2;255;211;74m▀[0m[38;2;0;4;0m▄                  
[38;2;0;4;0m▄[38;2;0;4;0m[48;2;231;178;66m▀[0m[38;2;0;4;0m▄[38;2;0;4;0m▄            [38;2;0;4;0m▄[38;2;0;4;0m[48;2;231;178;66m▀[0m[38;2;0;4;0m[48;2;193;145;66m▀[0m[38;2;255;207;66m[48;2;193;145;66m▀[0m[38;2;170;142;49m[48;2;231;177;63m▀[0m[38;2;0;4;0m[48;2;231;177;63m▀[0m[38;2;0;4;0m▄                 
[38;2;0;4;0m▀[38;2;231;178;66m[48;2;0;4;0m▀[0m[38;2;231;178;66m[48;2;231;178;66m▀[0m[38;2;231;178;66m[48;2;231;178;66m▀[0m[38;2;0;4;0m[48;2;231;177;63m▀[0m[38;2;0;4;0m[48;2;231;177;63m▀[0m[38;2;0;4;0m▄      [38;2;0;4;0m▄[38;2;0;4;0m[48;2;231;177;63m▀[0m[38;2;0;4;0m[48;2;231;177;63m▀[0m[38;2;231;178;66m[48;2;231;177;63m▀[0m[38;2;231;178;66m[48;2;231;177;63m▀[0m[38;2;231;178;66m[48;2;231;178;66m▀[0m[38;2;231;178;66m[48;2;231;178;66m▀[0m[38;2;231;177;63m[48;2;184;140;66m▀[0m[38;2;231;177;63m[48;2;239;178;66m▀[0m[38;2;66;64;66m[48;2;66;65;66m▀[0m[38;2;0;4;0m[48;2;126;71;46m▀[0m[38;2;0;4;0m[48;2;126;72;49m▀[0m[38;2;0;4;0m[48;2;126;72;49m▀[0m[38;2;0;4;0m▄             
 [38;2;0;4;0m▀[38;2;193;145;66m[48;2;0;4;0m▀[0m[38;2;231;178;66m[48;2;189;146;66m▀[0m[38;2;231;177;63m[48;2;231;178;66m▀[0m[38;2;231;177;63m[48;2;231;178;66m▀[0m[38;2;231;178;66m[48;2;193;145;66m▀[0m[38;2;0;4;0m[48;2;231;178;66m▀[0m[38;2;0;4;0m[48;2;231;177;63m▀[0m[38;2;0;4;0m[48;2;231;177;63m▀[0m[38;2;0;4;8m▄[38;2;0;4;8m▄[38;2;0;4;0m[48;2;0;0;0m▀[0m[38;2;231;178;66m[48;2;63;79;85m▀[0m[38;2;231;177;63m[48;2;66;69;66m▀[0m[38;2;231;177;63m[48;2;66;69;66m▀[0m[38;2;231;177;63m[48;2;231;178;66m▀[0m[38;2;231;177;63m[48;2;231;178;66m▀[0m[38;2;231;178;66m[48;2;231;178;66m▀[0m[38;2;193;145;66m[48;2;193;145;66m▀[0m[38;2;239;178;66m[48;2;239;178;66m▀[0m[38;2;74;65;66m[48;2;66;65;66m▀[0m[38;2;126;71;46m[48;2;181;72;43m▀[0m[38;2;126;71;46m[48;2;181;72;43m▀[0m[38;2;126;72;49m[48;2;181;73;41m▀[0m[38;2;126;72;49m[48;2;126;73;46m▀[0m[38;2;66;64;66m[48;2;66;65;66m▀[0m[38;2;0;4;0m[48;2;123;69;53m▀[0m[38;2;0;4;0m[48;2;126;73;46m▀[0m[38;2;0;4;0m[48;2;126;73;46m▀[0m[38;2;0;4;0m▄         
  [38;2;0;4;0m▀[38;2;189;146;66m[48;2;0;4;0m▀[0m[38;2;193;145;66m[48;2;115;91;71m▀[0m[38;2;231;178;66m[48;2;231;178;66m▀[0m[38;2;193;145;66m[48;2;231;178;66m▀[0m[38;2;231;178;66m[48;2;231;178;66m▀[0m[38;2;231;177;63m[48;2;162;151;117m▀[0m[38;2;231;177;63m[48;2;140;101;57m▀[0m[38;2;231;178;74m[48;2;115;93;74m▀[0m[38;2;77;62;30m[48;2;181;243;255m▀[0m[38;2;189;239;255m[48;2;181;243;255m▀[0m[38;2;189;239;255m[48;2;181;243;255m▀[0m[38;2;173;255;255m[48;2;115;211;211m▀[0m[38;2;137;193;192m[48;2;115;211;211m▀[0m[38;2;66;65;66m[48;2;115;211;214m▀[0m[38;2;231;178;66m[48;2;82;73;66m▀[0m[38;2;231;178;66m[48;2;231;178;66m▀[0m[38;2;231;178;66m[48;2;231;178;66m▀[0m[38;2;181;140;66m[48;2;231;178;66m▀[0m[38;2;66;65;66m[48;2;231;178;66m▀[0m[38;2;181;72;43m[48;2;66;65;66m▀[0m[38;2;181;72;43m[48;2;181;73;41m▀[0m[38;2;181;73;41m[48;2;126;73;46m▀[0m[38;2;181;73;41m[48;2;126;73;46m▀[0m[38;2;181;73;41m[48;2;181;72;43m▀[0m[38;2;66;65;66m[48;2;181;72;43m▀[0m[38;2;181;73;41m[48;2;66;65;66m▀[0m[38;2;126;73;46m[48;2;181;73;44m▀[0m[38;2;127;71;49m[48;2;181;73;41m▀[0m[38;2;0;4;0m[48;2;66;65;66m▀[0m[38;2;0;4;0m▄       
  [38;2;0;4;8m▄[38;2;0;4;0m[48;2;123;103;45m▀[0m[38;2;231;178;66m[48;2;239;186;66m▀[0m[38;2;231;178;66m[48;2;239;186;66m▀[0m[38;2;231;178;66m[48;2;99;97;74m▀[0m[38;2;115;91;71m[48;2;173;247;255m▀[0m[38;2;140;101;57m[48;2;181;243;255m▀[0m[38;2;206;251;239m[48;2;115;211;211m▀[0m[38;2;181;243;255m[48;2;115;211;211m▀[0m[38;2;181;243;255m[48;2;115;211;211m▀[0m[38;2;134;202;211m[48;2;117;136;139m▀[0m[38;2;87;161;167m[48;2;255;255;255m▀[0m[38;2;115;211;211m[48;2;93;157;167m▀[0m[38;2;115;211;211m[48;2;115;93;74m▀[0m[38;2;82;73;66m[48;2;112;91;71m▀[0m[38;2;82;73;66m[48;2;239;186;66m▀[0m[38;2;115;91;71m[48;2;66;60;66m▀[0m[38;2;231;178;66m[48;2;121;98;66m▀[0m[38;2;231;178;66m[48;2;255;207;66m▀[0m[38;2;193;145;66m[48;2;208;169;68m▀[0m[38;2;66;65;66m[48;2;239;186;66m▀[0m[38;2;123;69;53m[48;2;66;65;66m▀[0m[38;2;181;73;41m[48;2;74;56;66m▀[0m[38;2;181;73;41m[48;2;160;107;61m▀[0m[38;2;181;72;43m[48;2;181;73;41m▀[0m[38;2;181;72;43m[48;2;123;70;52m▀[0m[38;2;66;65;66m[48;2;126;71;46m▀[0m[38;2;181;73;44m[48;2;66;65;66m▀[0m[38;2;123;69;53m[48;2;126;72;49m▀[0m[38;2;66;65;66m[48;2;126;72;49m▀[0m[38;2;127;71;49m[48;2;76;56;46m▀[0m[38;2;0;4;0m[48;2;0;8;8m▀[0m      
 [38;2;0;4;0m▄[38;2;0;4;8m[48;2;231;178;66m▀[0m[38;2;247;203;82m[48;2;66;65;66m▀[0m[38;2;239;186;66m[48;2;231;178;66m▀[0m[38;2;112;91;71m[48;2;115;91;71m▀[0m[38;2;173;247;255m[48;2;115;211;214m▀[0m[38;2;148;197;194m[48;2;115;211;214m▀[0m[38;2;115;211;211m[48;2;115;211;214m▀[0m[38;2;115;211;211m[48;2;115;211;214m▀[0m[38;2;115;211;211m[48;2;82;82;82m▀[0m[38;2;115;211;211m[48;2;82;82;82m▀[0m[38;2;49;77;82m[48;2;255;255;255m▀[0m[38;2;255;255;255m[48;2;255;255;255m▀[0m[38;2;93;157;167m[48;2;101;165;167m▀[0m[38;2;115;93;74m[48;2;107;89;74m▀[0m[38;2;239;186;66m[48;2;231;178;66m▀[0m[38;2;239;186;66m[48;2;231;178;66m▀[0m[38;2;231;174;66m[48;2;231;178;66m▀[0m[38;2;66;60;66m[48;2;66;65;66m▀[0m[38;2;115;93;74m[48;2;74;65;57m▀[0m[38;2;255;207;66m[48;2;85;96;90m▀[0m[38;2;239;186;66m[48;2;115;95;71m▀[0m[38;2;239;186;66m[48;2;231;174;66m▀[0m[38;2;247;158;57m[48;2;231;178;66m▀[0m[38;2;74;56;66m[48;2;231;178;66m▀[0m[38;2;65;67;63m[48;2;239;178;66m▀[0m[38;2;123;70;52m[48;2;74;65;66m▀[0m[38;2;126;71;46m[48;2;66;65;66m▀[0m[38;2;66;65;66m[48;2;66;65;66m▀[0m[38;2;126;72;49m[48;2;66;65;66m▀[0m[38;2;126;72;49m[48;2;66;65;66m▀[0m[38;2;76;56;46m[48;2;66;65;66m▀[0m[38;2;115;81;66m[48;2;66;65;66m▀[0m[38;2;0;4;0m[48;2;214;166;82m▀[0m[38;2;0;4;24m▄ [38;2;0;4;0m▄  
 [38;2;0;4;0m▀[38;2;231;178;66m[48;2;0;4;0m▀[0m[38;2;231;178;66m[48;2;0;4;0m▀[0m[38;2;231;178;66m[48;2;231;178;66m▀[0m[38;2;231;178;66m[48;2;231;178;66m▀[0m[38;2;115;91;71m[48;2;231;178;66m▀[0m[38;2;115;211;214m[48;2;115;91;71m▀[0m[38;2;66;65;66m[48;2;115;211;211m▀[0m[38;2;66;65;66m[48;2;115;211;211m▀[0m[38;2;247;247;247m[48;2;74;170;173m▀[0m[38;2;0;0;0m[48;2;247;255;255m▀[0m[38;2;255;255;255m[48;2;222;255;255m▀[0m[38;2;255;255;255m[48;2;101;136;139m▀[0m[38;2;101;165;167m[48;2;115;211;214m▀[0m[38;2;99;203;214m[48;2;115;211;214m▀[0m[38;2;115;91;71m[48;2;66;65;66m▀[0m[38;2;231;178;66m[48;2;112;92;71m▀[0m[38;2;66;65;66m[48;2;192;162;76m▀[0m[38;2;66;65;66m[48;2;66;65;66m▀[0m[38;2;107;158;156m[48;2;99;158;165m▀[0m[38;2;74;65;57m[48;2;99;158;165m▀[0m[38;2;57;56;74m[48;2;93;157;164m▀[0m[38;2;115;95;71m[48;2;66;65;66m▀[0m[38;2;115;91;71m[48;2;66;65;66m▀[0m[38;2;115;91;71m[48;2;66;65;66m▀[0m[38;2;184;140;66m[48;2;112;92;71m▀[0m[38;2;239;178;66m[48;2;112;92;71m▀[0m[38;2;255;207;66m[48;2;112;92;71m▀[0m[38;2;255;207;66m[48;2;112;92;71m▀[0m[38;2;239;178;66m[48;2;112;92;71m▀[0m[38;2;181;140;66m[48;2;112;92;71m▀[0m[38;2;231;178;66m[48;2;76;86;85m▀[0m[38;2;231;178;66m[48;2;74;69;66m▀[0m[38;2;142;112;62m[48;2;66;65;66m▀[0m[38;2;71;58;43m[48;2;66;65;66m▀[0m[38;2;0;4;0m[48;2;192;145;66m▀[0m[38;2;189;146;66m[48;2;192;145;66m▀[0m[38;2;0;4;0m[48;2;0;4;0m▀[0m 
    [38;2;0;4;0m▀[38;2;0;4;0m▀[38;2;231;178;66m[48;2;0;4;0m▀[0m[38;2;115;91;71m[48;2;115;211;214m▀[0m[38;2;115;211;211m[48;2;115;211;214m▀[0m[38;2;115;211;211m[48;2;115;211;214m▀[0m[38;2;131;198;200m[48;2;66;65;66m▀[0m[38;2;131;198;200m[48;2;93;157;164m▀[0m[38;2;161;195;197m[48;2;115;211;214m▀[0m[38;2;41;77;82m[48;2;66;65;66m▀[0m[38;2;66;65;66m[48;2;66;65;66m▀[0m[38;2;115;211;214m[48;2;66;65;66m▀[0m[38;2;66;65;66m[48;2;159;110;66m▀[0m[38;2;66;65;66m[48;2;66;56;66m▀[0m[38;2;192;162;76m[48;2;192;162;76m▀[0m[38;2;192;162;76m[48;2;192;162;76m▀[0m[38;2;82;65;57m[48;2;66;60;66m▀[0m[38;2;87;96;93m[48;2;231;174;66m▀[0m[38;2;93;157;164m[48;2;115;93;74m▀[0m[38;2;93;157;164m[48;2;93;157;167m▀[0m[38;2;93;157;164m[48;2;74;121;123m▀[0m[38;2;93;157;164m[48;2;96;156;167m▀[0m[38;2;66;65;66m[48;2;95;157;167m▀[0m[38;2;66;65;66m[48;2;95;157;167m▀[0m[38;2;66;65;66m[48;2;96;156;167m▀[0m[38;2;66;65;66m[48;2;96;156;167m▀[0m[38;2;66;65;66m[48;2;74;121;123m▀[0m[38;2;66;65;66m[48;2;96;156;167m▀[0m[38;2;74;69;66m[48;2;95;157;167m▀[0m[38;2;82;121;123m[48;2;95;157;167m▀[0m[38;2;71;121;123m[48;2;66;65;66m▀[0m[38;2;71;121;123m[48;2;71;121;123m▀[0m[38;2;66;65;66m[48;2;71;121;123m▀[0m[38;2;192;145;66m[48;2;71;121;123m▀[0m[38;2;0;4;0m[48;2;0;4;0m▀[0m 
       [38;2;0;4;0m▀[38;2;115;211;214m[48;2;0;4;0m▀[0m[38;2;0;4;0m▀[38;2;66;65;66m[48;2;8;8;24m▀[0m[38;2;66;65;66m[48;2;87;78;54m▀[0m[38;2;66;65;66m[48;2;181;73;44m▀[0m[38;2;66;65;66m[48;2;66;65;66m▀[0m[38;2;247;219;107m[48;2;247;218;107m▀[0m[38;2;66;65;66m[48;2;247;218;107m▀[0m[38;2;66;56;66m[48;2;115;93;74m▀[0m[38;2;206;138;66m[48;2;192;163;79m▀[0m[38;2;192;162;76m[48;2;165;174;123m▀[0m[38;2;66;65;66m[48;2;57;69;74m▀[0m[38;2;121;98;66m[48;2;115;93;74m▀[0m[38;2;231;174;66m[48;2;192;147;62m▀[0m[38;2;115;93;74m[48;2;107;93;74m▀[0m[38;2;93;157;167m[48;2;85;155;167m▀[0m[38;2;96;156;167m[48;2;95;157;167m▀[0m[38;2;74;121;123m[48;2;95;157;167m▀[0m[38;2;95;157;167m[48;2;98;104;84m▀[0m[38;2;95;157;167m[48;2;57;73;82m▀[0m[38;2;96;156;167m[48;2;74;69;66m▀[0m[38;2;74;121;123m[48;2;82;121;123m▀[0m[38;2;96;156;167m[48;2;96;156;167m▀[0m[38;2;96;156;167m[48;2;96;156;167m▀[0m[38;2;95;157;167m[48;2;74;121;123m▀[0m[38;2;95;157;167m[48;2;74;121;123m▀[0m[38;2;71;121;123m[48;2;93;157;164m▀[0m[38;2;66;65;66m[48;2;66;65;66m▀[0m[38;2;71;121;123m[48;2;82;121;123m▀[0m[38;2;71;121;123m[48;2;8;4;0m▀[0m[38;2;74;121;123m[48;2;0;4;0m▀[0m[38;2;0;4;0m▀
       [38;2;0;4;0m[48;2;0;4;0m▀[0m[38;2;189;162;82m[48;2;247;219;107m▀[0m[38;2;0;4;0m[48;2;186;167;93m▀[0m[38;2;87;78;54m[48;2;115;91;73m▀[0m[38;2;247;219;115m[48;2;247;219;107m▀[0m[38;2;66;65;66m[48;2;247;218;107m▀[0m[38;2;66;65;66m[48;2;247;218;107m▀[0m[38;2;247;218;107m[48;2;247;219;107m▀[0m[38;2;247;218;107m[48;2;247;219;107m▀[0m[38;2;192;163;79m[48;2;189;162;82m▀[0m[38;2;192;163;79m[48;2;189;162;82m▀[0m[38;2;57;69;74m[48;2;66;65;66m▀[0m[38;2;129;139;106m[48;2;115;211;214m▀[0m[38;2;115;93;74m[48;2;115;211;214m▀[0m[38;2;192;147;62m[48;2;115;91;71m▀[0m[38;2;107;93;74m[48;2;115;211;211m▀[0m[38;2;96;124;120m[48;2;115;211;211m▀[0m[38;2;95;157;167m[48;2;76;116;115m▀[0m[38;2;95;157;167m[48;2;95;163;164m▀[0m[38;2;57;73;82m[48;2;66;60;66m▀[0m[38;2;181;166;90m[48;2;189;162;82m▀[0m[38;2;76;86;85m[48;2;120;104;60m▀[0m[38;2;74;69;66m[48;2;181;154;90m▀[0m[38;2;96;156;167m[48;2;0;4;0m▀[0m[38;2;74;121;123m[48;2;99;158;165m▀[0m[38;2;96;156;167m[48;2;121;159;161m▀[0m[38;2;96;156;167m[48;2;66;121;123m▀[0m[38;2;93;157;164m[48;2;121;159;161m▀[0m[38;2;93;157;164m[48;2;66;121;123m▀[0m[38;2;45;62;61m[48;2;0;4;0m▀[0m   
      [38;2;0;4;0m[48;2;0;4;0m▀[0m[38;2;74;121;123m[48;2;82;113;115m▀[0m[38;2;66;65;66m[48;2;165;178;173m▀[0m[38;2;247;219;107m[48;2;49;73;74m▀[0m[38;2;247;219;107m[48;2;66;65;74m▀[0m[38;2;247;219;107m[48;2;239;223;140m▀[0m[38;2;247;218;107m[48;2;247;219;107m▀[0m[38;2;247;218;107m[48;2;247;219;107m▀[0m[38;2;247;219;107m[48;2;0;4;0m▀[0m[38;2;189;162;79m[48;2;0;4;0m▀[0m[38;2;189;162;82m[48;2;0;4;0m▀[0m[38;2;0;4;0m▀[38;2;66;65;66m[48;2;0;20;16m▀[0m[38;2;115;211;214m[48;2;154;176;175m▀[0m[38;2;115;211;214m[48;2;74;146;156m▀[0m[38;2;115;211;214m[48;2;131;182;189m▀[0m[38;2;115;211;211m[48;2;74;146;156m▀[0m[38;2;115;211;211m[48;2;131;182;189m▀[0m[38;2;115;211;214m[48;2;115;211;214m▀[0m[38;2;57;69;66m[48;2;0;4;0m▀[0m[38;2;189;162;82m[48;2;0;4;0m▀[0m[38;2;107;94;71m[48;2;0;4;0m▀[0m[38;2;0;4;0m▀[38;2;0;4;0m▀ [38;2;0;4;0m[48;2;0;4;0m▀[0m[38;2;66;121;123m[48;2;107;119;119m▀[0m[38;2;231;235;239m[48;2;214;235;239m▀[0m[38;2;66;121;123m[48;2;107;119;119m▀[0m[38;2;231;235;239m[48;2;214;235;239m▀[0m[38;2;0;4;0m[48;2;0;4;0m▀[0m   
      [38;2;0;4;0m▀[38;2;54;76;76m[48;2;0;4;0m▀[0m[38;2;165;178;173m[48;2;0;4;0m▀[0m[38;2;87;108;107m[48;2;0;4;0m▀[0m[38;2;181;170;118m[48;2;0;4;0m▀[0m[38;2;66;65;74m[48;2;0;4;0m▀[0m[38;2;0;4;0m▀[38;2;0;4;0m▀   [38;2;0;4;0m[48;2;0;4;0m▀[0m[38;2;231;255;255m[48;2;255;255;255m▀[0m[38;2;77;98;95m[48;2;85;93;90m▀[0m[38;2;247;255;255m[48;2;255;255;255m▀[0m[38;2;74;146;156m[48;2;85;93;90m▀[0m[38;2;247;255;255m[48;2;255;255;255m▀[0m[38;2;74;146;156m[48;2;85;93;90m▀[0m[38;2;0;4;0m[48;2;0;4;0m▀[0m       [38;2;0;4;0m▀[38;2;0;4;0m▀[38;2;0;4;0m▀[38;2;0;4;0m▀    
                  [38;2;0;12;8m▀[38;2;0;12;8m▀[38;2;0;12;8m▀[38;2;0;12;8m▀[38;2;0;12;8m▀[38;2;0;12;8m▀                
[0m
