      [38;2;8;8;0m▄[38;2;0;4;0m[48;2;148;146;132m▀[0m[38;2;0;4;0m[48;2;140;139;128m▀[0m[38;2;0;4;0m[48;2;140;139;128m▀[0m[38;2;0;4;0m[48;2;148;146;132m▀[0m[38;2;8;8;0m▄ [38;2;0;4;0m▄[38;2;0;8;0m▄[38;2;0;8;0m▄    
   [38;2;0;4;0m▄[38;2;0;4;0m[48;2;140;140;127m▀[0m[38;2;0;4;0m[48;2;140;140;127m▀[0m[38;2;101;100;88m[48;2;79;79;74m▀[0m[38;2;101;100;88m[48;2;107;109;90m▀[0m[38;2;140;139;128m[48;2;107;108;95m▀[0m[38;2;140;139;128m[48;2;107;108;95m▀[0m[38;2;101;100;88m[48;2;82;79;68m▀[0m[38;2;101;100;88m[48;2;82;79;68m▀[0m[38;2;0;4;0m[48;2;79;78;68m▀[0m[38;2;140;138;132m[48;2;109;108;95m▀[0m[38;2;148;142;132m[48;2;107;108;95m▀[0m[38;2;74;75;66m[48;2;107;108;95m▀[0m[38;2;0;4;0m[48;2;0;4;0m▀[0m   
  [38;2;0;4;0m▄[38;2;0;4;0m[48;2;94;97;94m▀[0m[38;2;66;65;66m[48;2;94;97;94m▀[0m[38;2;66;65;66m[48;2;94;97;94m▀[0m[38;2;66;65;66m[48;2;94;97;94m▀[0m[38;2;107;109;90m[48;2;66;65;66m▀[0m[38;2;107;108;95m[48;2;66;65;66m▀[0m[38;2;82;78;68m[48;2;137;137;126m▀[0m[38;2;140;139;128m[48;2;140;139;132m▀[0m[38;2;140;139;128m[48;2;140;139;132m▀[0m[38;2;140;138;123m[48;2;107;108;95m▀[0m[38;2;79;78;68m[48;2;107;108;95m▀[0m[38;2;107;108;95m[48;2;82;78;68m▀[0m[38;2;107;108;95m[48;2;82;78;68m▀[0m[38;2;107;107;94m[48;2;82;78;68m▀[0m[38;2;0;4;0m[48;2;107;108;95m▀[0m[38;2;0;4;0m[48;2;76;74;66m▀[0m[38;2;0;4;0m▄
[38;2;0;4;0m▄[38;2;0;4;0m[48;2;74;71;68m▀[0m[38;2;94;97;94m[48;2;82;60;49m▀[0m[38;2;94;97;94m[48;2;82;60;49m▀[0m[38;2;66;65;66m[48;2;255;136;85m▀[0m[38;2;66;65;66m[48;2;255;136;85m▀[0m[38;2;94;97;94m[48;2;66;65;66m▀[0m[38;2;94;97;94m[48;2;99;97;90m▀[0m[38;2;101;101;96m[48;2;82;79;68m▀[0m[38;2;66;65;66m[48;2;82;79;68m▀[0m[38;2;107;108;99m[48;2;66;65;66m▀[0m[38;2;107;108;99m[48;2;107;107;94m▀[0m[38;2;107;108;95m[48;2;107;108;95m▀[0m[38;2;82;78;68m[48;2;107;108;95m▀[0m[38;2;107;108;95m[48;2;107;108;95m▀[0m[38;2;107;108;95m[48;2;82;78;68m▀[0m[38;2;107;108;95m[48;2;79;79;74m▀[0m[38;2;82;78;68m[48;2;107;109;90m▀[0m[38;2;115;109;99m[48;2;0;4;0m▀[0m[38;2;0;4;0m▀
[38;2;0;4;0m[48;2;0;4;0m▀[0m[38;2;74;71;68m[48;2;255;138;82m▀[0m[38;2;168;153;140m[48;2;255;136;85m▀[0m[38;2;255;247;231m[48;2;255;255;255m▀[0m[38;2;255;136;85m[48;2;255;138;82m▀[0m[38;2;255;136;85m[48;2;255;138;82m▀[0m[38;2;66;65;66m[48;2;66;65;57m▀[0m[38;2;77;75;74m[48;2;82;81;73m▀[0m[38;2;82;79;68m[48;2;82;78;68m▀[0m[38;2;82;79;68m[48;2;82;78;68m▀[0m[38;2;66;65;66m[48;2;66;65;66m▀[0m[38;2;107;107;94m[48;2;107;107;94m▀[0m[38;2;107;108;95m[48;2;66;65;66m▀[0m[38;2;107;108;95m[48;2;66;65;66m▀[0m[38;2;107;108;95m[48;2;66;65;66m▀[0m[38;2;107;108;95m[48;2;107;109;90m▀[0m[38;2;107;109;90m[48;2;66;65;66m▀[0m[38;2;66;65;66m[48;2;82;78;68m▀[0m[38;2;0;4;0m[48;2;82;78;68m▀[0m[38;2;0;4;0m▄
 [38;2;0;4;0m▀[38;2;255;136;85m[48;2;0;4;0m▀[0m[38;2;255;136;85m[48;2;66;66;66m▀[0m[38;2;255;138;82m[48;2;66;65;66m▀[0m[38;2;66;65;66m[48;2;94;97;94m▀[0m[38;2;99;97;90m[48;2;82;78;68m▀[0m[38;2;82;81;73m[48;2;82;78;68m▀[0m[38;2;82;78;68m[48;2;66;65;66m▀[0m[38;2;66;65;66m[48;2;107;107;94m▀[0m[38;2;107;107;94m[48;2;107;107;94m▀[0m[38;2;66;65;66m[48;2;66;65;66m▀[0m[38;2;82;78;68m[48;2;66;65;66m▀[0m[38;2;66;65;66m[48;2;82;78;68m▀[0m[38;2;79;79;74m[48;2;79;79;74m▀[0m[38;2;66;65;66m[48;2;66;65;66m▀[0m[38;2;66;65;66m[48;2;107;105;99m▀[0m[38;2;82;78;68m[48;2;71;71;66m▀[0m[38;2;82;78;68m[48;2;0;4;0m▀[0m[38;2;0;4;0m▀
  [38;2;0;4;0m▀[38;2;99;97;99m[48;2;0;4;0m▀[0m[38;2;94;97;94m[48;2;66;64;66m▀[0m[38;2;66;65;66m[48;2;66;64;66m▀[0m[38;2;66;65;66m[48;2;82;78;68m▀[0m[38;2;66;65;66m[48;2;82;78;68m▀[0m[38;2;107;107;94m[48;2;66;65;66m▀[0m[38;2;107;107;94m[48;2;66;65;66m▀[0m[38;2;107;107;94m[48;2;107;107;94m▀[0m[38;2;107;107;94m[48;2;107;107;94m▀[0m[38;2;66;65;66m[48;2;107;107;94m▀[0m[38;2;66;65;66m[48;2;107;107;94m▀[0m[38;2;66;65;66m[48;2;107;107;94m▀[0m[38;2;107;109;90m[48;2;66;65;66m▀[0m[38;2;107;105;99m[48;2;0;4;0m▀[0m[38;2;0;4;0m▀  
    [38;2;0;4;0m▀[38;2;0;4;0m▀[38;2;0;4;0m▀[38;2;82;78;68m[48;2;0;4;0m▀[0m[38;2;82;78;68m[48;2;82;78;68m▀[0m[38;2;82;78;68m[48;2;82;78;68m▀[0m[38;2;66;65;66m[48;2;74;71;68m▀[0m[38;2;66;65;66m[48;2;74;71;68m▀[0m[38;2;66;65;66m[48;2;66;64;66m▀[0m[38;2;66;65;66m[48;2;66;64;66m▀[0m[38;2;66;65;66m[48;2;0;4;0m▀[0m[38;2;66;65;66m[48;2;0;4;0m▀[0m[38;2;0;4;0m▀   
        [38;2;0;4;0m▀[38;2;0;4;0m▀[38;2;0;4;0m▀[38;2;0;4;0m▀[38;2;0;4;0m▀[38;2;0;4;0m▀      
[0m
