                    [38;2;0;0;0m▄[38;2;0;0;0m[48;2;255;164;82m▀[0m[38;2;0;0;0m[48;2;255;164;82m▀[0m[38;2;0;0;0m[48;2;255;164;82m▀[0m[38;2;0;0;0m[48;2;255;164;82m▀[0m[38;2;0;0;0m[48;2;255;164;82m▀[0m[38;2;0;0;0m▄[38;2;0;0;0m▄[38;2;0;0;0m▄[38;2;0;0;0m▄              
                   [38;2;0;0;0m[48;2;0;0;0m▀[0m[38;2;255;164;82m[48;2;255;164;82m▀[0m[38;2;255;164;82m[48;2;255;164;82m▀[0m[38;2;255;164;82m[48;2;255;164;82m▀[0m[38;2;255;164;82m[48;2;255;164;82m▀[0m[38;2;255;164;82m[48;2;139;90;90m▀[0m[38;2;255;164;82m[48;2;255;164;82m▀[0m[38;2;255;164;82m[48;2;255;164;82m▀[0m[38;2;255;164;82m[48;2;255;164;82m▀[0m[38;2;255;164;82m[48;2;255;164;82m▀[0m[38;2;255;164;82m[48;2;255;164;82m▀[0m[38;2;0;0;0m[48;2;255;164;82m▀[0m[38;2;0;0;0m▄            
                  [38;2;0;0;0m[48;2;0;0;0m▀[0m[38;2;255;164;82m[48;2;139;90;90m▀[0m[38;2;255;164;82m[48;2;255;164;82m▀[0m[38;2;255;164;82m[48;2;213;106;90m▀[0m[38;2;213;106;90m[48;2;255;164;82m▀[0m[38;2;139;90;90m[48;2;255;164;82m▀[0m[38;2;255;164;82m[48;2;255;164;82m▀[0m[38;2;255;164;82m[48;2;255;164;82m▀[0m[38;2;255;164;82m[48;2;255;164;82m▀[0m[38;2;255;164;82m[48;2;255;164;82m▀[0m[38;2;255;164;82m[48;2;255;164;82m▀[0m[38;2;255;164;82m[48;2;255;164;82m▀[0m[38;2;255;164;82m[48;2;255;164;82m▀[0m[38;2;255;164;82m[48;2;255;164;82m▀[0m[38;2;0;0;0m[48;2;0;0;0m▀[0m           
                [38;2;0;0;0m▄[38;2;0;0;0m[48;2;255;164;82m▀[0m[38;2;255;164;82m[48;2;255;164;82m▀[0m[38;2;255;164;82m[48;2;255;164;82m▀[0m[38;2;255;164;82m[48;2;255;164;82m▀[0m[38;2;255;164;82m[48;2;255;164;82m▀[0m[38;2;255;164;82m[48;2;255;164;82m▀[0m[38;2;255;164;82m[48;2;255;164;82m▀[0m[38;2;255;164;82m[48;2;255;164;82m▀[0m[38;2;255;164;82m[48;2;255;164;82m▀[0m[38;2;255;164;82m[48;2;255;164;82m▀[0m[38;2;255;164;82m[48;2;255;164;82m▀[0m[38;2;255;164;82m[48;2;255;164;82m▀[0m[38;2;255;164;82m[48;2;255;164;82m▀[0m[38;2;255;164;82m[48;2;255;164;82m▀[0m[38;2;255;164;82m[48;2;255;164;82m▀[0m[38;2;255;164;82m[48;2;255;164;82m▀[0m[38;2;0;0;0m[48;2;255;164;82m▀[0m[38;2;0;0;0m▄         
  [38;2;0;0;0m▄[38;2;0;0;0m[48;2;255;164;82m▀[0m[38;2;0;0;0m[48;2;255;164;82m▀[0m[38;2;0;0;0m[48;2;213;106;90m▀[0m[38;2;0;0;0m▄         [38;2;0;0;0m▀[38;2;255;164;82m[48;2;0;0;0m▀[0m[38;2;255;164;82m[48;2;255;164;82m▀[0m[38;2;255;164;82m[48;2;255;164;82m▀[0m[38;2;255;164;82m[48;2;0;0;0m▀[0m[38;2;213;106;90m[48;2;0;0;0m▀[0m[38;2;0;0;0m▀[38;2;0;0;0m▀[38;2;255;164;82m[48;2;0;0;0m▀[0m[38;2;255;164;82m[48;2;255;164;82m▀[0m[38;2;255;164;82m[48;2;255;164;82m▀[0m[38;2;255;164;82m[48;2;255;164;82m▀[0m[38;2;255;164;82m[48;2;255;164;82m▀[0m[38;2;255;164;82m[48;2;255;164;82m▀[0m[38;2;255;164;82m[48;2;255;164;82m▀[0m[38;2;255;164;82m[48;2;255;164;82m▀[0m[38;2;255;164;82m[48;2;255;164;82m▀[0m[38;2;255;164;82m[48;2;255;164;82m▀[0m[38;2;255;164;82m[48;2;255;164;82m▀[0m[38;2;0;0;0m[48;2;255;164;82m▀[0m[38;2;0;0;0m▄       
 [38;2;0;0;0m[48;2;0;0;0m▀[0m[38;2;255;164;82m[48;2;255;164;82m▀[0m[38;2;255;164;82m[48;2;255;164;82m▀[0m[38;2;255;164;82m[48;2;255;164;82m▀[0m[38;2;255;164;82m[48;2;255;164;82m▀[0m[38;2;0;0;0m[48;2;255;164;82m▀[0m[38;2;0;0;0m▄         [38;2;0;0;0m▀[38;2;213;106;90m[48;2;0;0;0m▀[0m[38;2;0;0;0m▀     [38;2;0;0;0m▀[38;2;255;164;82m[48;2;0;0;0m▀[0m[38;2;255;164;82m[48;2;255;164;82m▀[0m[38;2;255;164;82m[48;2;255;164;82m▀[0m[38;2;255;164;82m[48;2;255;164;82m▀[0m[38;2;255;164;82m[48;2;255;164;82m▀[0m[38;2;255;164;82m[48;2;255;164;82m▀[0m[38;2;255;164;82m[48;2;255;164;82m▀[0m[38;2;255;164;82m[48;2;255;164;82m▀[0m[38;2;255;164;82m[48;2;255;164;82m▀[0m[38;2;255;164;82m[48;2;255;164;82m▀[0m[38;2;0;0;0m[48;2;0;0;0m▀[0m       
[38;2;0;0;0m▄[38;2;0;0;0m[48;2;255;164;82m▀[0m[38;2;255;164;82m[48;2;255;164;82m▀[0m[38;2;255;164;82m[48;2;255;164;82m▀[0m[38;2;255;164;82m[48;2;65;65;65m▀[0m[38;2;65;65;65m[48;2;82;90;106m▀[0m[38;2;255;164;82m[48;2;65;65;65m▀[0m[38;2;0;0;0m[48;2;0;0;0m▀[0m       [38;2;0;0;0m▄   [38;2;0;0;0m▄[38;2;0;0;0m[48;2;255;164;82m▀[0m[38;2;0;0;0m▄ [38;2;0;0;0m▄[38;2;0;0;0m[48;2;255;164;82m▀[0m[38;2;0;0;0m▄[38;2;0;0;0m▀[38;2;255;164;82m[48;2;0;0;0m▀[0m[38;2;255;164;82m[48;2;255;164;82m▀[0m[38;2;255;164;82m[48;2;255;164;82m▀[0m[38;2;255;164;82m[48;2;139;90;90m▀[0m[38;2;255;164;82m[48;2;139;90;90m▀[0m[38;2;255;164;82m[48;2;255;164;82m▀[0m[38;2;255;164;82m[48;2;255;164;82m▀[0m[38;2;255;164;82m[48;2;255;164;82m▀[0m[38;2;0;0;0m[48;2;0;0;0m▀[0m        
[38;2;0;0;0m[48;2;0;0;0m▀[0m[38;2;255;164;82m[48;2;213;106;90m▀[0m[38;2;255;164;82m[48;2;255;164;82m▀[0m[38;2;65;65;65m[48;2;65;65;65m▀[0m[38;2;82;90;106m[48;2;82;90;106m▀[0m[38;2;82;90;106m[48;2;65;65;65m▀[0m[38;2;65;65;65m[48;2;255;164;82m▀[0m[38;2;0;0;0m[48;2;0;0;0m▀[0m      [38;2;0;0;0m[48;2;0;0;0m▀[0m[38;2;255;164;82m[48;2;213;106;90m▀[0m[38;2;0;0;0m[48;2;213;106;90m▀[0m[38;2;0;0;0m▄ [38;2;0;0;0m[48;2;0;0;0m▀[0m[38;2;213;106;90m[48;2;213;106;90m▀[0m[38;2;0;0;0m[48;2;0;0;0m▀[0m[38;2;0;0;0m▄[38;2;0;0;0m[48;2;213;106;90m▀[0m[38;2;213;106;90m[48;2;65;65;65m▀[0m[38;2;0;0;0m[48;2;65;65;65m▀[0m[38;2;0;0;0m▄[38;2;0;0;0m▄[38;2;0;0;0m[48;2;255;164;82m▀[0m[38;2;139;90;90m[48;2;255;164;82m▀[0m[38;2;255;164;82m[48;2;255;164;82m▀[0m[38;2;255;164;82m[48;2;255;164;82m▀[0m[38;2;255;164;82m[48;2;255;164;82m▀[0m[38;2;255;164;82m[48;2;255;164;82m▀[0m[38;2;255;164;82m[48;2;213;106;90m▀[0m[38;2;0;0;0m[48;2;255;164;82m▀[0m[38;2;0;0;0m▄       
[38;2;0;0;0m▀[38;2;213;106;90m[48;2;0;0;0m▀[0m[38;2;213;106;90m[48;2;213;106;90m▀[0m[38;2;65;65;65m[48;2;213;106;90m▀[0m[38;2;82;90;106m[48;2;65;65;65m▀[0m[38;2;65;65;65m[48;2;255;164;82m▀[0m[38;2;255;164;82m[48;2;255;164;82m▀[0m[38;2;255;164;82m[48;2;213;106;90m▀[0m[38;2;0;0;0m[48;2;213;106;90m▀[0m[38;2;0;0;0m▄     [38;2;0;0;0m[48;2;0;0;0m▀[0m[38;2;213;106;90m[48;2;65;65;65m▀[0m[38;2;0;0;0m[48;2;255;164;82m▀[0m[38;2;0;0;0m[48;2;65;65;65m▀[0m[38;2;65;65;65m[48;2;65;65;65m▀[0m[38;2;65;65;65m[48;2;139;90;90m▀[0m[38;2;65;65;65m[48;2;139;90;90m▀[0m[38;2;65;65;65m[48;2;139;90;90m▀[0m[38;2;65;65;65m[48;2;139;90;90m▀[0m[38;2;139;90;90m[48;2;139;90;90m▀[0m[38;2;139;90;90m[48;2;65;65;65m▀[0m[38;2;65;65;65m[48;2;65;65;65m▀[0m[38;2;65;65;65m[48;2;255;164;82m▀[0m[38;2;255;164;82m[48;2;139;90;90m▀[0m[38;2;255;164;82m[48;2;255;164;82m▀[0m[38;2;255;164;82m[48;2;255;164;82m▀[0m[38;2;255;164;82m[48;2;255;164;82m▀[0m[38;2;255;164;82m[48;2;213;106;90m▀[0m[38;2;213;106;90m[48;2;255;164;82m▀[0m[38;2;255;164;82m[48;2;213;106;90m▀[0m[38;2;213;106;90m[48;2;255;164;82m▀[0m[38;2;0;0;0m[48;2;0;0;0m▀[0m       
 [38;2;0;0;0m▀[38;2;213;106;90m[48;2;0;0;0m▀[0m[38;2;213;106;90m[48;2;82;90;106m▀[0m[38;2;65;65;65m[48;2;82;90;106m▀[0m[38;2;255;164;82m[48;2;65;65;65m▀[0m[38;2;213;106;90m[48;2;213;106;90m▀[0m[38;2;213;106;90m[48;2;213;106;90m▀[0m[38;2;213;106;90m[48;2;0;0;0m▀[0m[38;2;0;0;0m▀      [38;2;0;0;0m[48;2;0;0;0m▀[0m[38;2;255;164;82m[48;2;0;0;0m▀[0m[38;2;255;164;82m[48;2;255;164;82m▀[0m[38;2;255;164;82m[48;2;255;164;82m▀[0m[38;2;65;65;65m[48;2;255;164;82m▀[0m[38;2;65;65;65m[48;2;255;164;82m▀[0m[38;2;65;65;65m[48;2;255;164;82m▀[0m[38;2;65;65;65m[48;2;255;164;82m▀[0m[38;2;65;65;65m[48;2;255;164;82m▀[0m[38;2;255;164;82m[48;2;255;164;82m▀[0m[38;2;255;164;82m[48;2;255;164;82m▀[0m[38;2;255;164;82m[48;2;139;90;90m▀[0m[38;2;139;90;90m[48;2;255;164;82m▀[0m[38;2;255;164;82m[48;2;255;164;82m▀[0m[38;2;255;164;82m[48;2;255;164;82m▀[0m[38;2;255;164;82m[48;2;213;106;90m▀[0m[38;2;213;106;90m[48;2;213;106;90m▀[0m[38;2;213;106;90m[48;2;213;106;90m▀[0m[38;2;213;106;90m[48;2;213;106;90m▀[0m[38;2;0;0;0m[48;2;0;0;0m▀[0m        
  [38;2;0;0;0m▀[38;2;205;172;156m[48;2;0;0;0m▀[0m[38;2;205;172;156m[48;2;205;172;156m▀[0m[38;2;205;172;156m[48;2;0;0;0m▀[0m[38;2;0;0;0m▀[38;2;0;0;0m▀ [38;2;0;0;0m▄   [38;2;0;0;0m▄[38;2;0;0;0m[48;2;255;255;255m▀[0m[38;2;0;0;0m[48;2;213;106;90m▀[0m[38;2;255;164;82m[48;2;255;164;82m▀[0m[38;2;255;164;82m[48;2;255;164;82m▀[0m[38;2;0;0;0m[48;2;255;164;82m▀[0m[38;2;213;106;90m[48;2;0;0;0m▀[0m[38;2;255;164;82m[48;2;0;0;0m▀[0m[38;2;255;164;82m[48;2;213;106;90m▀[0m[38;2;255;164;82m[48;2;213;106;90m▀[0m[38;2;255;164;82m[48;2;213;106;90m▀[0m[38;2;213;106;90m[48;2;213;106;90m▀[0m[38;2;213;106;90m[48;2;213;106;90m▀[0m[38;2;213;106;90m[48;2;139;90;90m▀[0m[38;2;139;90;90m[48;2;213;106;90m▀[0m[38;2;255;164;82m[48;2;213;106;90m▀[0m[38;2;213;106;90m[48;2;213;106;90m▀[0m[38;2;213;106;90m[48;2;213;106;90m▀[0m[38;2;213;106;90m[48;2;213;106;90m▀[0m[38;2;213;106;90m[48;2;213;106;90m▀[0m[38;2;213;106;90m[48;2;65;65;65m▀[0m[38;2;65;65;65m[48;2;139;90;90m▀[0m[38;2;139;90;90m[48;2;180;148;139m▀[0m[38;2;0;0;0m[48;2;0;0;0m▀[0m       
   [38;2;0;0;0m[48;2;0;0;0m▀[0m[38;2;205;172;156m[48;2;255;230;230m▀[0m[38;2;0;0;0m[48;2;255;230;230m▀[0m[38;2;0;0;0m▄ [38;2;0;0;0m[48;2;0;0;0m▀[0m[38;2;255;230;230m[48;2;255;230;230m▀[0m[38;2;0;0;0m[48;2;65;65;65m▀[0m[38;2;0;0;0m▄[38;2;0;0;0m[48;2;65;65;65m▀[0m[38;2;255;255;255m[48;2;213;106;90m▀[0m[38;2;255;255;255m[48;2;255;255;255m▀[0m[38;2;0;0;0m[48;2;213;106;90m▀[0m[38;2;255;164;82m[48;2;255;164;82m▀[0m[38;2;255;164;82m[48;2;255;164;82m▀[0m[38;2;255;164;82m[48;2;255;164;82m▀[0m[38;2;255;164;82m[48;2;255;164;82m▀[0m[38;2;255;164;82m[48;2;213;106;90m▀[0m[38;2;0;0;0m[48;2;213;106;90m▀[0m[38;2;0;0;0m[48;2;255;255;255m▀[0m[38;2;0;0;0m[48;2;255;255;255m▀[0m[38;2;0;0;0m[48;2;213;106;90m▀[0m[38;2;0;0;0m[48;2;255;164;82m▀[0m[38;2;213;106;90m[48;2;0;0;0m▀[0m[38;2;213;106;90m[48;2;0;0;0m▀[0m[38;2;213;106;90m[48;2;213;106;90m▀[0m[38;2;213;106;90m[48;2;213;106;90m▀[0m[38;2;213;106;90m[48;2;213;106;90m▀[0m[38;2;213;106;90m[48;2;0;0;0m▀[0m[38;2;65;65;65m[48;2;180;148;139m▀[0m[38;2;180;148;139m[48;2;180;148;139m▀[0m[38;2;180;148;139m[48;2;180;148;139m▀[0m[38;2;180;148;139m[48;2;0;0;0m▀[0m[38;2;0;0;0m▀       
    [38;2;0;0;0m[48;2;0;0;0m▀[0m[38;2;255;230;230m[48;2;255;230;230m▀[0m[38;2;255;230;230m[48;2;139;90;90m▀[0m[38;2;0;0;0m[48;2;255;230;230m▀[0m[38;2;65;65;65m[48;2;255;230;230m▀[0m[38;2;255;230;230m[48;2;65;65;65m▀[0m[38;2;255;230;230m[48;2;255;230;230m▀[0m[38;2;65;65;65m[48;2;255;230;230m▀[0m[38;2;82;90;106m[48;2;82;90;106m▀[0m[38;2;255;164;82m[48;2;255;164;82m▀[0m[38;2;213;106;90m[48;2;255;164;82m▀[0m[38;2;213;106;90m[48;2;255;164;82m▀[0m[38;2;255;164;82m[48;2;255;164;82m▀[0m[38;2;255;164;82m[48;2;255;164;82m▀[0m[38;2;255;164;82m[48;2;213;106;90m▀[0m[38;2;213;106;90m[48;2;255;255;255m▀[0m[38;2;255;255;255m[48;2;255;255;255m▀[0m[38;2;0;0;0m[48;2;255;255;255m▀[0m[38;2;255;255;255m[48;2;255;255;255m▀[0m[38;2;255;255;255m[48;2;213;106;90m▀[0m[38;2;255;255;255m[48;2;213;106;90m▀[0m[38;2;213;106;90m[48;2;255;164;82m▀[0m[38;2;82;90;106m[48;2;82;90;106m▀[0m[38;2;255;230;230m[48;2;255;230;230m▀[0m[38;2;0;0;0m[48;2;255;230;230m▀[0m[38;2;0;0;0m[48;2;65;65;65m▀[0m[38;2;0;0;0m[48;2;65;65;65m▀[0m[38;2;213;106;90m[48;2;213;106;90m▀[0m[38;2;0;0;0m[48;2;0;0;0m▀[0m[38;2;180;148;139m[48;2;255;230;230m▀[0m[38;2;255;230;230m[48;2;255;230;230m▀[0m[38;2;0;0;0m[48;2;255;230;230m▀[0m[38;2;0;0;0m▄       
     [38;2;0;0;0m▀[38;2;0;0;0m▀[38;2;65;65;65m[48;2;0;0;0m▀[0m[38;2;65;65;65m[48;2;205;172;156m▀[0m[38;2;65;65;65m[48;2;205;172;156m▀[0m[38;2;255;230;230m[48;2;65;65;65m▀[0m[38;2;139;90;90m[48;2;255;230;230m▀[0m[38;2;255;230;230m[48;2;139;90;90m▀[0m[38;2;82;90;106m[48;2;255;230;230m▀[0m[38;2;82;90;106m[48;2;82;90;106m▀[0m[38;2;255;164;82m[48;2;213;106;90m▀[0m[38;2;255;164;82m[48;2;255;164;82m▀[0m[38;2;255;164;82m[48;2;255;164;82m▀[0m[38;2;213;106;90m[48;2;82;90;106m▀[0m[38;2;213;106;90m[48;2;255;164;82m▀[0m[38;2;213;106;90m[48;2;255;164;82m▀[0m[38;2;213;106;90m[48;2;255;164;82m▀[0m[38;2;255;164;82m[48;2;255;164;82m▀[0m[38;2;255;164;82m[48;2;255;164;82m▀[0m[38;2;255;164;82m[48;2;82;90;106m▀[0m[38;2;82;90;106m[48;2;255;230;230m▀[0m[38;2;255;230;230m[48;2;255;230;230m▀[0m[38;2;255;230;230m[48;2;255;230;230m▀[0m[38;2;65;65;65m[48;2;65;65;65m▀[0m[38;2;180;148;139m[48;2;180;148;139m▀[0m[38;2;180;148;139m[48;2;180;148;139m▀[0m[38;2;65;65;65m[48;2;255;230;230m▀[0m[38;2;65;65;65m[48;2;255;230;230m▀[0m[38;2;0;0;0m[48;2;139;90;90m▀[0m[38;2;255;230;230m[48;2;255;230;230m▀[0m[38;2;255;230;230m[48;2;255;230;230m▀[0m[38;2;255;230;230m[48;2;139;90;90m▀[0m[38;2;0;0;0m[48;2;65;65;65m▀[0m[38;2;0;0;0m▄     
      [38;2;0;0;0m▄[38;2;0;0;0m[48;2;205;172;156m▀[0m[38;2;205;172;156m[48;2;205;172;156m▀[0m[38;2;65;65;65m[48;2;0;0;0m▀[0m[38;2;0;0;0m▀[38;2;205;172;156m[48;2;0;0;0m▀[0m[38;2;255;230;230m[48;2;205;172;156m▀[0m[38;2;255;230;230m[48;2;255;230;230m▀[0m[38;2;255;230;230m[48;2;255;230;230m▀[0m[38;2;82;90;106m[48;2;255;230;230m▀[0m[38;2;213;106;90m[48;2;82;90;106m▀[0m[38;2;82;90;106m[48;2;82;90;106m▀[0m[38;2;255;230;230m[48;2;255;230;230m▀[0m[38;2;82;90;106m[48;2;255;230;230m▀[0m[38;2;213;106;90m[48;2;82;90;106m▀[0m[38;2;82;90;106m[48;2;255;230;230m▀[0m[38;2;213;106;90m[48;2;82;90;106m▀[0m[38;2;82;90;106m[48;2;255;230;230m▀[0m[38;2;255;230;230m[48;2;255;230;230m▀[0m[38;2;255;230;230m[48;2;255;230;230m▀[0m[38;2;255;230;230m[48;2;205;172;156m▀[0m[38;2;205;172;156m[48;2;205;172;156m▀[0m[38;2;205;172;156m[48;2;205;172;156m▀[0m[38;2;65;65;65m[48;2;205;172;156m▀[0m[38;2;65;65;65m[48;2;65;65;65m▀[0m[38;2;65;65;65m[48;2;205;172;156m▀[0m[38;2;255;230;230m[48;2;65;65;65m▀[0m[38;2;255;230;230m[48;2;65;65;65m▀[0m[38;2;139;90;90m[48;2;255;230;230m▀[0m[38;2;139;90;90m[48;2;65;65;65m▀[0m[38;2;65;65;65m[48;2;205;172;156m▀[0m[38;2;205;172;156m[48;2;139;90;90m▀[0m[38;2;139;90;90m[48;2;205;172;156m▀[0m[38;2;0;0;0m[48;2;0;0;0m▀[0m    
    [38;2;0;0;0m▄[38;2;0;0;0m[48;2;139;90;90m▀[0m[38;2;205;172;156m[48;2;139;90;90m▀[0m[38;2;205;172;156m[48;2;205;172;156m▀[0m[38;2;0;0;0m[48;2;0;0;0m▀[0m   [38;2;0;0;0m▀[38;2;0;0;0m▀[38;2;205;172;156m[48;2;0;0;0m▀[0m[38;2;255;230;230m[48;2;0;0;0m▀[0m[38;2;255;230;230m[48;2;180;148;139m▀[0m[38;2;255;230;230m[48;2;205;172;156m▀[0m[38;2;255;230;230m[48;2;205;172;156m▀[0m[38;2;255;230;230m[48;2;205;172;156m▀[0m[38;2;255;230;230m[48;2;205;172;156m▀[0m[38;2;255;230;230m[48;2;139;90;90m▀[0m[38;2;255;230;230m[48;2;139;90;90m▀[0m[38;2;255;230;230m[48;2;139;90;90m▀[0m[38;2;205;172;156m[48;2;139;90;90m▀[0m[38;2;205;172;156m[48;2;205;172;156m▀[0m[38;2;205;172;156m[48;2;205;172;156m▀[0m[38;2;205;172;156m[48;2;65;65;65m▀[0m[38;2;205;172;156m[48;2;65;65;65m▀[0m[38;2;65;65;65m[48;2;205;172;156m▀[0m[38;2;205;172;156m[48;2;0;0;0m▀[0m[38;2;205;172;156m[48;2;0;0;0m▀[0m[38;2;0;0;0m▀[38;2;255;230;230m[48;2;0;0;0m▀[0m[38;2;255;230;230m[48;2;255;230;230m▀[0m[38;2;255;230;230m[48;2;255;230;230m▀[0m[38;2;65;65;65m[48;2;0;0;0m▀[0m[38;2;0;0;0m▀[38;2;205;172;156m[48;2;0;0;0m▀[0m[38;2;205;172;156m[48;2;205;172;156m▀[0m[38;2;0;0;0m[48;2;205;172;156m▀[0m[38;2;0;0;0m▄  
   [38;2;0;0;0m▀[38;2;205;172;156m[48;2;0;0;0m▀[0m[38;2;205;172;156m[48;2;0;0;0m▀[0m[38;2;0;0;0m▀[38;2;0;0;0m▀        [38;2;0;0;0m▀[38;2;0;0;0m▀[38;2;0;0;0m▀[38;2;0;0;0m▀[38;2;139;90;90m[48;2;0;0;0m▀[0m[38;2;205;172;156m[48;2;0;0;0m▀[0m[38;2;205;172;156m[48;2;0;0;0m▀[0m[38;2;205;172;156m[48;2;0;0;0m▀[0m[38;2;205;172;156m[48;2;0;0;0m▀[0m[38;2;139;90;90m[48;2;0;0;0m▀[0m[38;2;0;0;0m▀[38;2;0;0;0m▀[38;2;0;0;0m▀[38;2;0;0;0m▀   [38;2;0;0;0m[48;2;0;0;0m▀[0m[38;2;255;230;230m[48;2;255;230;230m▀[0m[38;2;255;230;230m[48;2;255;230;230m▀[0m[38;2;0;0;0m[48;2;255;230;230m▀[0m[38;2;0;0;0m▄[38;2;0;0;0m▀[38;2;205;172;156m[48;2;0;0;0m▀[0m[38;2;139;90;90m[48;2;139;90;90m▀[0m[38;2;139;90;90m[48;2;230;205;189m▀[0m[38;2;0;0;0m[48;2;230;205;189m▀[0m[38;2;0;0;0m▄
                                  [38;2;0;0;0m[48;2;0;0;0m▀[0m[38;2;255;230;230m[48;2;255;230;230m▀[0m[38;2;255;230;230m[48;2;139;90;90m▀[0m[38;2;0;0;0m[48;2;139;90;90m▀[0m[38;2;0;0;0m▄ [38;2;0;0;0m▀[38;2;0;0;0m▀[38;2;0;0;0m▀ 
                                   [38;2;0;0;0m▀[38;2;139;90;90m[48;2;0;0;0m▀[0m[38;2;255;230;230m[48;2;0;0;0m▀[0m[38;2;255;230;230m[48;2;0;0;0m▀[0m[38;2;0;0;0m▀    
[0m
