[0m [0m [0m [0m [0m [0m [0m [0m [0m [0m [0m [0m [0m [38;2;0;0;0m▄[38;2;0;0;0;48;2;51;39;33m▀[38;2;16;16;16;48;2;102;78;66m▀[38;2;16;16;16;48;2;102;78;66m▀[38;2;16;16;16;48;2;102;78;66m▀[38;2;16;16;16;48;2;102;78;66m▀[38;2;16;16;16;48;2;102;78;66m▀[38;2;0;0;0;48;2;16;16;16m▀[38;2;0;0;0m▄[38;2;0;0;0m▄[0m [0m [0m [0m [0m [0m [0m [0m [0m [0m [0m [0m [0m [0m [0m [0m [0m [0m [0m [0m [0m [0m
[0m [0m [0m [0m [0m [0m [0m [0m [0m [0m [0m [0m [38;2;0;0;0;48;2;0;0;0m▀[38;2;51;39;33;48;2;51;39;33m▀[38;2;102;78;66;48;2;102;78;66m▀[38;2;102;78;66;48;2;102;78;66m▀[38;2;102;78;66;48;2;102;78;66m▀[38;2;102;78;66;48;2;102;78;66m▀[38;2;102;78;66;48;2;102;78;66m▀[38;2;102;78;66;48;2;102;78;66m▀[38;2;102;78;66;48;2;102;78;66m▀[38;2;16;16;16;48;2;16;16;16m▀[38;2;16;16;16;48;2;16;16;16m▀[38;2;0;0;0;48;2;0;0;0m▀[0m [0m [0m [0m [0m [0m [0m [0m [0m [0m [0m [0m [0m [0m [0m [0m [0m [0m [0m [0m [0m
[0m [0m [0m [0m [0m [0m [0m [0m [0m [0m [0m [38;2;0;0;0;48;2;0;0;0m▀[38;2;51;39;33;48;2;51;39;33m▀[38;2;102;78;66;48;2;102;78;66m▀[38;2;102;78;66;48;2;51;39;33m▀[38;2;102;78;66;48;2;51;39;33m▀[38;2;102;78;66;48;2;51;39;33m▀[38;2;102;78;66;48;2;102;78;66m▀[38;2;102;78;66;48;2;77;59;50m▀[38;2;77;59;50;48;2;51;39;33m▀[38;2;102;78;66;48;2;102;78;66m▀[38;2;102;78;66;48;2;102;78;66m▀[38;2;102;78;66;48;2;102;78;66m▀[38;2;16;16;16;48;2;16;16;16m▀[38;2;0;0;0;48;2;0;0;0m▀[0m [0m [0m [0m [0m [0m [0m [0m [0m [0m [0m [0m [0m [0m [0m [0m [0m [0m [0m [0m
[0m [0m [0m [0m [0m [0m [0m [0m [0m [0m [0m [38;2;0;0;0;48;2;0;0;0m▀[38;2;51;39;33;48;2;51;39;33m▀[38;2;102;78;66;48;2;102;78;66m▀[38;2;51;39;33;48;2;51;39;33m▀[38;2;102;78;66;48;2;102;78;66m▀[38;2;102;78;66;48;2;102;78;66m▀[38;2;51;39;33;48;2;102;78;66m▀[38;2;51;39;33;48;2;102;78;66m▀[38;2;102;78;66;48;2;102;78;66m▀[38;2;102;78;66;48;2;102;78;66m▀[38;2;102;78;66;48;2;16;16;16m▀[38;2;102;78;66;48;2;16;16;16m▀[38;2;16;16;16;48;2;0;0;0m▀[38;2;0;0;0m▀[0m [38;2;0;0;0m▄[38;2;0;0;0m▄[38;2;0;0;0m▄[0m [0m [0m [0m [0m [0m [0m [0m [0m [0m [0m [0m [0m [0m [0m [0m
[0m [0m [0m [0m [0m [0m [0m [0m [0m [0m [0m [0m [38;2;0;0;0;48;2;0;0;0m▀[38;2;51;39;33;48;2;51;39;33m▀[38;2;102;78;66;48;2;102;78;66m▀[38;2;51;39;33;48;2;51;39;33m▀[38;2;51;39;33;48;2;51;39;33m▀[38;2;102;78;66;48;2;102;78;66m▀[38;2;102;78;66;48;2;102;78;66m▀[38;2;102;78;66;48;2;102;78;66m▀[38;2;16;16;16;48;2;16;16;16m▀[38;2;0;0;0;48;2;0;0;0m▀[38;2;0;0;0m▀[0m [0m [38;2;0;0;0;48;2;0;0;0m▀[38;2;16;16;16;48;2;16;16;16m▀[38;2;16;16;16;48;2;16;16;16m▀[38;2;16;16;16;48;2;16;16;16m▀[38;2;0;0;0;48;2;0;0;0m▀[0m [0m [0m [0m [0m [0m [0m [0m [38;2;0;0;0m▄[38;2;0;0;0m▄[0m [0m [0m [0m [0m
[0m [0m [0m [0m [38;2;0;0;0m▄[38;2;0;0;0m▄[0m [0m [0m [0m [0m [38;2;0;0;0m▄[38;2;0;0;0;48;2;51;39;33m▀[38;2;51;39;33;48;2;102;78;66m▀[38;2;77;59;50;48;2;51;39;33m▀[38;2;77;59;50;48;2;77;59;50m▀[38;2;77;59;50;48;2;77;59;50m▀[38;2;51;39;33;48;2;77;59;50m▀[38;2;51;39;33;48;2;16;16;16m▀[38;2;16;16;16;48;2;0;0;0m▀[38;2;0;0;0;48;2;0;0;0m▀[38;2;0;0;0m▄[38;2;0;0;0m▄[38;2;0;0;0m▄[38;2;0;0;0;48;2;51;39;33m▀[38;2;51;39;33;48;2;102;78;66m▀[38;2;102;78;66;48;2;102;78;66m▀[38;2;16;16;16;48;2;102;78;66m▀[38;2;16;16;16;48;2;102;78;66m▀[38;2;0;0;0;48;2;16;16;16m▀[38;2;0;0;0m▄[0m [0m [0m [0m [0m [0m [38;2;0;0;0;48;2;0;0;0m▀[38;2;51;39;33;48;2;51;39;33m▀[38;2;51;39;33;48;2;102;78;66m▀[38;2;0;0;0;48;2;51;39;33m▀[38;2;0;0;0;48;2;51;39;33m▀[38;2;0;0;0m▄[0m [0m
[0m [38;2;0;0;0m▄[38;2;0;0;0;48;2;51;39;33m▀[38;2;0;0;0;48;2;51;39;33m▀[38;2;51;39;33;48;2;102;78;66m▀[38;2;51;39;33;48;2;51;39;33m▀[38;2;0;0;0;48;2;0;0;0m▀[0m [0m [0m [0m [38;2;0;0;0;48;2;0;0;0m▀[38;2;51;39;33;48;2;51;39;33m▀[38;2;102;78;66;48;2;102;78;66m▀[38;2;102;78;66;48;2;102;78;66m▀[38;2;51;39;33;48;2;102;78;66m▀[38;2;51;39;33;48;2;102;78;66m▀[38;2;77;59;50;48;2;51;39;33m▀[38;2;77;59;50;48;2;77;59;50m▀[38;2;51;39;33;48;2;102;78;66m▀[38;2;51;39;33;48;2;102;78;66m▀[38;2;51;39;33;48;2;102;78;66m▀[38;2;51;39;33;48;2;102;78;66m▀[38;2;51;39;33;48;2;102;78;66m▀[38;2;102;78;66;48;2;102;78;66m▀[38;2;102;78;66;48;2;102;78;66m▀[38;2;102;78;66;48;2;102;78;66m▀[38;2;102;78;66;48;2;102;78;66m▀[38;2;102;78;66;48;2;102;78;66m▀[38;2;16;16;16;48;2;16;16;16m▀[38;2;0;0;0;48;2;0;0;0m▀[0m [0m [0m [0m [0m [0m [38;2;0;0;0m▄[38;2;0;0;0;48;2;0;0;0m▀[38;2;51;39;33;48;2;51;39;33m▀[38;2;102;78;66;48;2;102;78;66m▀[38;2;102;78;66;48;2;102;78;66m▀[38;2;51;39;33;48;2;102;78;66m▀[38;2;0;0;0;48;2;51;39;33m▀[0m
[38;2;0;0;0;48;2;51;39;33m▀[38;2;51;39;33;48;2;102;78;66m▀[38;2;102;78;66;48;2;102;78;66m▀[38;2;102;78;66;48;2;102;78;66m▀[38;2;51;39;33;48;2;51;39;33m▀[38;2;0;0;0;48;2;0;0;0m▀[0m [0m [0m [0m [0m [0m [38;2;0;0;0;48;2;0;0;0m▀[38;2;51;39;33;48;2;51;39;33m▀[38;2;102;78;66;48;2;102;78;66m▀[38;2;102;78;66;48;2;51;39;33m▀[38;2;102;78;66;48;2;51;39;33m▀[38;2;102;78;66;48;2;102;78;66m▀[38;2;51;39;33;48;2;102;78;66m▀[38;2;102;78;66;48;2;102;78;66m▀[38;2;102;78;66;48;2;102;78;66m▀[38;2;102;78;66;48;2;51;39;33m▀[38;2;102;78;66;48;2;51;39;33m▀[38;2;102;78;66;48;2;102;78;66m▀[38;2;102;78;66;48;2;102;78;66m▀[38;2;102;78;66;48;2;102;78;66m▀[38;2;102;78;66;48;2;102;78;66m▀[38;2;51;39;33;48;2;51;39;33m▀[38;2;51;39;33;48;2;51;39;33m▀[38;2;0;0;0;48;2;0;0;0m▀[0m [0m [0m [0m [0m [38;2;0;0;0m▄[38;2;0;0;0;48;2;51;39;33m▀[38;2;51;39;33;48;2;102;78;66m▀[38;2;51;39;33;48;2;102;78;66m▀[38;2;102;78;66;48;2;102;78;66m▀[38;2;102;78;66;48;2;102;78;66m▀[38;2;102;78;66;48;2;102;78;66m▀[38;2;77;59;50;48;2;77;59;50m▀[38;2;51;39;33;48;2;51;39;33m▀[0m
[38;2;51;39;33;48;2;51;39;33m▀[38;2;102;78;66;48;2;102;78;66m▀[38;2;102;78;66;48;2;102;78;66m▀[38;2;102;78;66;48;2;102;78;66m▀[38;2;51;39;33;48;2;77;59;50m▀[38;2;0;0;0;48;2;51;39;33m▀[38;2;0;0;0m▄[38;2;0;0;0m▄[38;2;0;0;0;48;2;51;39;33m▀[38;2;0;0;0;48;2;51;39;33m▀[38;2;0;0;0;48;2;51;39;33m▀[38;2;0;0;0;48;2;51;39;33m▀[38;2;0;0;0;48;2;0;0;0m▀[38;2;51;39;33;48;2;51;39;33m▀[38;2;102;78;66;48;2;51;39;33m▀[38;2;51;39;33;48;2;255;242;178m▀[38;2;51;39;33;48;2;255;242;178m▀[38;2;102;78;66;48;2;102;78;66m▀[38;2;102;78;66;48;2;102;78;66m▀[38;2;102;78;66;48;2;102;78;66m▀[38;2;102;78;66;48;2;102;78;66m▀[38;2;51;39;33;48;2;255;242;178m▀[38;2;51;39;33;48;2;255;242;178m▀[38;2;102;78;66;48;2;51;39;33m▀[38;2;102;78;66;48;2;102;78;66m▀[38;2;102;78;66;48;2;102;78;66m▀[38;2;102;78;66;48;2;102;78;66m▀[38;2;51;39;33;48;2;102;78;66m▀[38;2;51;39;33;48;2;102;78;66m▀[38;2;0;0;0;48;2;51;39;33m▀[38;2;0;0;0m▄[0m [0m [38;2;0;0;0m▄[38;2;0;0;0;48;2;51;39;33m▀[38;2;0;0;0;48;2;51;39;33m▀[38;2;51;39;33;48;2;102;78;66m▀[38;2;102;78;66;48;2;102;78;66m▀[38;2;102;78;66;48;2;102;78;66m▀[38;2;102;78;66;48;2;102;78;66m▀[38;2;102;78;66;48;2;77;59;50m▀[38;2;102;78;66;48;2;77;59;50m▀[38;2;77;59;50;48;2;51;39;33m▀[38;2;51;39;33;48;2;0;0;0m▀[0m
[38;2;51;39;33;48;2;51;39;33m▀[38;2;102;78;66;48;2;102;78;66m▀[38;2;102;78;66;48;2;102;78;66m▀[38;2;102;78;66;48;2;102;78;66m▀[38;2;102;78;66;48;2;102;78;66m▀[38;2;102;78;66;48;2;102;78;66m▀[38;2;51;39;33;48;2;102;78;66m▀[38;2;51;39;33;48;2;102;78;66m▀[38;2;102;78;66;48;2;102;78;66m▀[38;2;102;78;66;48;2;102;78;66m▀[38;2;102;78;66;48;2;102;78;66m▀[38;2;102;78;66;48;2;102;78;66m▀[38;2;51;39;33;48;2;51;39;33m▀[38;2;102;78;66;48;2;102;78;66m▀[38;2;51;39;33;48;2;77;59;50m▀[38;2;255;242;178;48;2;242;182;61m▀[38;2;255;242;178;48;2;242;182;61m▀[38;2;102;78;66;48;2;102;78;66m▀[38;2;102;78;66;48;2;77;59;50m▀[38;2;102;78;66;48;2;102;78;66m▀[38;2;102;78;66;48;2;102;78;66m▀[38;2;255;242;178;48;2;242;182;61m▀[38;2;255;242;178;48;2;242;182;61m▀[38;2;51;39;33;48;2;77;59;50m▀[38;2;102;78;66;48;2;102;78;66m▀[38;2;102;78;66;48;2;102;78;66m▀[38;2;102;78;66;48;2;102;78;66m▀[38;2;102;78;66;48;2;77;59;50m▀[38;2;102;78;66;48;2;77;59;50m▀[38;2;51;39;33;48;2;102;78;66m▀[38;2;51;39;33;48;2;102;78;66m▀[38;2;0;0;0;48;2;51;39;33m▀[38;2;0;0;0;48;2;51;39;33m▀[38;2;51;39;33;48;2;102;78;66m▀[38;2;102;78;66;48;2;102;78;66m▀[38;2;102;78;66;48;2;102;78;66m▀[38;2;102;78;66;48;2;102;78;66m▀[38;2;102;78;66;48;2;102;78;66m▀[38;2;102;78;66;48;2;77;59;50m▀[38;2;77;59;50;48;2;16;16;16m▀[38;2;16;16;16;48;2;0;0;0m▀[38;2;16;16;16;48;2;0;0;0m▀[38;2;0;0;0m▀[0m [0m
[38;2;0;0;0;48;2;0;0;0m▀[38;2;51;39;33;48;2;51;39;33m▀[38;2;102;78;66;48;2;102;78;66m▀[38;2;102;78;66;48;2;102;78;66m▀[38;2;102;78;66;48;2;102;78;66m▀[38;2;102;78;66;48;2;102;78;66m▀[38;2;102;78;66;48;2;102;78;66m▀[38;2;102;78;66;48;2;102;78;66m▀[38;2;102;78;66;48;2;102;78;66m▀[38;2;102;78;66;48;2;102;78;66m▀[38;2;102;78;66;48;2;102;78;66m▀[38;2;77;59;50;48;2;102;78;66m▀[38;2;102;78;66;48;2;102;78;66m▀[38;2;102;78;66;48;2;102;78;66m▀[38;2;102;78;66;48;2;102;78;66m▀[38;2;102;78;66;48;2;77;59;50m▀[38;2;102;78;66;48;2;77;59;50m▀[38;2;77;59;50;48;2;248;248;248m▀[38;2;102;78;66;48;2;102;78;66m▀[38;2;51;39;33;48;2;248;248;248m▀[38;2;102;78;66;48;2;51;39;33m▀[38;2;102;78;66;48;2;102;78;66m▀[38;2;102;78;66;48;2;102;78;66m▀[38;2;102;78;66;48;2;102;78;66m▀[38;2;102;78;66;48;2;102;78;66m▀[38;2;102;78;66;48;2;102;78;66m▀[38;2;102;78;66;48;2;102;78;66m▀[38;2;102;78;66;48;2;102;78;66m▀[38;2;102;78;66;48;2;102;78;66m▀[38;2;102;78;66;48;2;102;78;66m▀[38;2;102;78;66;48;2;102;78;66m▀[38;2;102;78;66;48;2;102;78;66m▀[38;2;102;78;66;48;2;102;78;66m▀[38;2;102;78;66;48;2;102;78;66m▀[38;2;102;78;66;48;2;102;78;66m▀[38;2;102;78;66;48;2;102;78;66m▀[38;2;102;78;66;48;2;102;78;66m▀[38;2;102;78;66;48;2;102;78;66m▀[38;2;16;16;16;48;2;16;16;16m▀[38;2;0;0;0;48;2;0;0;0m▀[0m [0m [0m [0m [0m
[38;2;0;0;0m▀[38;2;51;39;33;48;2;0;0;0m▀[38;2;102;78;66;48;2;16;16;16m▀[38;2;102;78;66;48;2;16;16;16m▀[38;2;102;78;66;48;2;102;78;66m▀[38;2;102;78;66;48;2;102;78;66m▀[38;2;102;78;66;48;2;102;78;66m▀[38;2;102;78;66;48;2;102;78;66m▀[38;2;102;78;66;48;2;102;78;66m▀[38;2;102;78;66;48;2;102;78;66m▀[38;2;102;78;66;48;2;102;78;66m▀[38;2;102;78;66;48;2;102;78;66m▀[38;2;102;78;66;48;2;102;78;66m▀[38;2;102;78;66;48;2;102;78;66m▀[38;2;102;78;66;48;2;102;78;66m▀[38;2;77;59;50;48;2;102;78;66m▀[38;2;77;59;50;48;2;102;78;66m▀[38;2;248;248;248;48;2;102;78;66m▀[38;2;102;78;66;48;2;102;78;66m▀[38;2;248;248;248;48;2;102;78;66m▀[38;2;51;39;33;48;2;102;78;66m▀[38;2;102;78;66;48;2;102;78;66m▀[38;2;102;78;66;48;2;102;78;66m▀[38;2;102;78;66;48;2;102;78;66m▀[38;2;102;78;66;48;2;102;78;66m▀[38;2;102;78;66;48;2;102;78;66m▀[38;2;102;78;66;48;2;102;78;66m▀[38;2;102;78;66;48;2;102;78;66m▀[38;2;102;78;66;48;2;102;78;66m▀[38;2;102;78;66;48;2;102;78;66m▀[38;2;102;78;66;48;2;102;78;66m▀[38;2;102;78;66;48;2;102;78;66m▀[38;2;102;78;66;48;2;102;78;66m▀[38;2;102;78;66;48;2;102;78;66m▀[38;2;102;78;66;48;2;102;78;66m▀[38;2;102;78;66;48;2;102;78;66m▀[38;2;102;78;66;48;2;102;78;66m▀[38;2;102;78;66;48;2;102;78;66m▀[38;2;16;16;16;48;2;102;78;66m▀[38;2;0;0;0;48;2;16;16;16m▀[38;2;0;0;0m▄[0m [0m [0m [0m
[0m [38;2;0;0;0;48;2;0;0;0m▀[38;2;16;16;16;48;2;16;16;16m▀[38;2;16;16;16;48;2;16;16;16m▀[38;2;102;78;66;48;2;102;78;66m▀[38;2;102;78;66;48;2;102;78;66m▀[38;2;102;78;66;48;2;102;78;66m▀[38;2;102;78;66;48;2;102;78;66m▀[38;2;102;78;66;48;2;102;78;66m▀[38;2;102;78;66;48;2;102;78;66m▀[38;2;102;78;66;48;2;102;78;66m▀[38;2;102;78;66;48;2;102;78;66m▀[38;2;102;78;66;48;2;102;78;66m▀[38;2;102;78;66;48;2;102;78;66m▀[38;2;102;78;66;48;2;102;78;66m▀[38;2;102;78;66;48;2;102;78;66m▀[38;2;102;78;66;48;2;102;78;66m▀[38;2;102;78;66;48;2;102;78;66m▀[38;2;102;78;66;48;2;102;78;66m▀[38;2;102;78;66;48;2;102;78;66m▀[38;2;102;78;66;48;2;102;78;66m▀[38;2;102;78;66;48;2;102;78;66m▀[38;2;102;78;66;48;2;102;78;66m▀[38;2;102;78;66;48;2;102;78;66m▀[38;2;102;78;66;48;2;102;78;66m▀[38;2;102;78;66;48;2;102;78;66m▀[38;2;102;78;66;48;2;102;78;66m▀[38;2;102;78;66;48;2;102;78;66m▀[38;2;102;78;66;48;2;102;78;66m▀[38;2;102;78;66;48;2;102;78;66m▀[38;2;102;78;66;48;2;102;78;66m▀[38;2;102;78;66;48;2;102;78;66m▀[38;2;102;78;66;48;2;102;78;66m▀[38;2;102;78;66;48;2;102;78;66m▀[38;2;102;78;66;48;2;102;78;66m▀[38;2;102;78;66;48;2;102;78;66m▀[38;2;102;78;66;48;2;102;78;66m▀[38;2;102;78;66;48;2;77;59;50m▀[38;2;77;59;50;48;2;77;59;50m▀[38;2;16;16;16;48;2;16;16;16m▀[38;2;0;0;0;48;2;0;0;0m▀[0m [0m [0m [0m
[0m [0m [38;2;0;0;0m▀[38;2;0;0;0m▀[38;2;16;16;16;48;2;0;0;0m▀[38;2;102;78;66;48;2;51;39;33m▀[38;2;102;78;66;48;2;77;59;50m▀[38;2;102;78;66;48;2;102;78;66m▀[38;2;102;78;66;48;2;102;78;66m▀[38;2;102;78;66;48;2;102;78;66m▀[38;2;102;78;66;48;2;102;78;66m▀[38;2;102;78;66;48;2;77;59;50m▀[38;2;102;78;66;48;2;77;59;50m▀[38;2;77;59;50;48;2;102;78;66m▀[38;2;102;78;66;48;2;102;78;66m▀[38;2;102;78;66;48;2;102;78;66m▀[38;2;102;78;66;48;2;102;78;66m▀[38;2;102;78;66;48;2;102;78;66m▀[38;2;102;78;66;48;2;102;78;66m▀[38;2;102;78;66;48;2;102;78;66m▀[38;2;102;78;66;48;2;102;78;66m▀[38;2;102;78;66;48;2;102;78;66m▀[38;2;102;78;66;48;2;102;78;66m▀[38;2;102;78;66;48;2;102;78;66m▀[38;2;102;78;66;48;2;102;78;66m▀[38;2;102;78;66;48;2;102;78;66m▀[38;2;102;78;66;48;2;102;78;66m▀[38;2;102;78;66;48;2;102;78;66m▀[38;2;102;78;66;48;2;102;78;66m▀[38;2;102;78;66;48;2;102;78;66m▀[38;2;102;78;66;48;2;102;78;66m▀[38;2;102;78;66;48;2;102;78;66m▀[38;2;102;78;66;48;2;102;78;66m▀[38;2;102;78;66;48;2;77;59;50m▀[38;2;102;78;66;48;2;77;59;50m▀[38;2;102;78;66;48;2;77;59;50m▀[38;2;77;59;50;48;2;77;59;50m▀[38;2;77;59;50;48;2;77;59;50m▀[38;2;77;59;50;48;2;16;16;16m▀[38;2;16;16;16;48;2;0;0;0m▀[38;2;0;0;0m▀[0m [0m [0m [0m
[0m [0m [0m [0m [38;2;0;0;0;48;2;0;0;0m▀[38;2;51;39;33;48;2;16;16;16m▀[38;2;77;59;50;48;2;51;39;33m▀[38;2;102;78;66;48;2;51;39;33m▀[38;2;102;78;66;48;2;77;59;50m▀[38;2;102;78;66;48;2;77;59;50m▀[38;2;102;78;66;48;2;77;59;50m▀[38;2;77;59;50;48;2;77;59;50m▀[38;2;77;59;50;48;2;51;39;33m▀[38;2;102;78;66;48;2;51;39;33m▀[38;2;102;78;66;48;2;102;78;66m▀[38;2;102;78;66;48;2;102;78;66m▀[38;2;102;78;66;48;2;102;78;66m▀[38;2;102;78;66;48;2;102;78;66m▀[38;2;102;78;66;48;2;102;78;66m▀[38;2;102;78;66;48;2;102;78;66m▀[38;2;102;78;66;48;2;102;78;66m▀[38;2;102;78;66;48;2;102;78;66m▀[38;2;102;78;66;48;2;102;78;66m▀[38;2;102;78;66;48;2;51;39;33m▀[38;2;102;78;66;48;2;51;39;33m▀[38;2;102;78;66;48;2;102;78;66m▀[38;2;102;78;66;48;2;102;78;66m▀[38;2;102;78;66;48;2;102;78;66m▀[38;2;102;78;66;48;2;102;78;66m▀[38;2;102;78;66;48;2;102;78;66m▀[38;2;102;78;66;48;2;77;59;50m▀[38;2;102;78;66;48;2;77;59;50m▀[38;2;102;78;66;48;2;77;59;50m▀[38;2;77;59;50;48;2;77;59;50m▀[38;2;77;59;50;48;2;77;59;50m▀[38;2;77;59;50;48;2;77;59;50m▀[38;2;77;59;50;48;2;77;59;50m▀[38;2;77;59;50;48;2;16;16;16m▀[38;2;16;16;16;48;2;0;0;0m▀[38;2;0;0;0m▀[0m [0m [0m [0m [0m
[0m [0m [0m [0m [38;2;0;0;0;48;2;0;0;0m▀[38;2;16;16;16;48;2;16;16;16m▀[38;2;255;181;166;48;2;255;181;166m▀[38;2;255;181;166;48;2;255;181;166m▀[38;2;51;39;33;48;2;255;181;166m▀[38;2;51;39;33;48;2;255;181;166m▀[38;2;51;39;33;48;2;179;104;89m▀[38;2;51;39;33;48;2;255;181;166m▀[38;2;217;135;119;48;2;255;181;166m▀[38;2;51;39;33;48;2;51;39;33m▀[38;2;102;78;66;48;2;102;78;66m▀[38;2;102;78;66;48;2;102;78;66m▀[38;2;102;78;66;48;2;102;78;66m▀[38;2;102;78;66;48;2;102;78;66m▀[38;2;102;78;66;48;2;102;78;66m▀[38;2;102;78;66;48;2;102;78;66m▀[38;2;102;78;66;48;2;77;59;50m▀[38;2;77;59;50;48;2;51;39;33m▀[38;2;77;59;50;48;2;51;39;33m▀[38;2;51;39;33;48;2;217;135;119m▀[38;2;217;135;119;48;2;255;181;166m▀[38;2;51;39;33;48;2;255;181;166m▀[38;2;51;39;33;48;2;255;181;166m▀[38;2;77;59;50;48;2;51;39;33m▀[38;2;77;59;50;48;2;51;39;33m▀[38;2;77;59;50;48;2;51;39;33m▀[38;2;77;59;50;48;2;51;39;33m▀[38;2;77;59;50;48;2;51;39;33m▀[38;2;77;59;50;48;2;51;39;33m▀[38;2;51;39;33;48;2;179;104;89m▀[38;2;51;39;33;48;2;217;135;119m▀[38;2;51;39;33;48;2;217;135;119m▀[38;2;16;16;16;48;2;16;16;16m▀[38;2;0;0;0;48;2;0;0;0m▀[0m [0m [0m [0m [0m [0m [0m
[0m [0m [0m [0m [38;2;0;0;0;48;2;0;0;0m▀[38;2;16;16;16;48;2;16;16;16m▀[38;2;255;181;166;48;2;255;181;166m▀[38;2;255;181;166;48;2;255;181;166m▀[38;2;255;181;166;48;2;217;135;119m▀[38;2;255;181;166;48;2;217;135;119m▀[38;2;217;135;119;48;2;242;182;61m▀[38;2;217;135;119;48;2;255;242;178m▀[38;2;255;181;166;48;2;217;135;119m▀[38;2;255;181;166;48;2;255;181;166m▀[38;2;51;39;33;48;2;51;39;33m▀[38;2;102;78;66;48;2;102;78;66m▀[38;2;102;78;66;48;2;102;78;66m▀[38;2;102;78;66;48;2;102;78;66m▀[38;2;102;78;66;48;2;102;78;66m▀[38;2;77;59;50;48;2;77;59;50m▀[38;2;77;59;50;48;2;51;39;33m▀[38;2;51;39;33;48;2;217;135;119m▀[38;2;51;39;33;48;2;217;135;119m▀[38;2;217;135;119;48;2;255;181;166m▀[38;2;255;181;166;48;2;217;135;119m▀[38;2;217;135;119;48;2;255;242;178m▀[38;2;217;135;119;48;2;255;242;178m▀[38;2;217;135;119;48;2;255;242;178m▀[38;2;217;135;119;48;2;255;242;178m▀[38;2;217;135;119;48;2;242;182;61m▀[38;2;255;181;166;48;2;217;135;119m▀[38;2;217;135;119;48;2;255;181;166m▀[38;2;217;135;119;48;2;255;181;166m▀[38;2;179;104;89;48;2;179;104;89m▀[38;2;255;181;166;48;2;255;181;166m▀[38;2;255;181;166;48;2;255;181;166m▀[38;2;16;16;16;48;2;16;16;16m▀[38;2;0;0;0;48;2;0;0;0m▀[0m [0m [0m [0m [0m [0m [0m
[0m [0m [0m [0m [38;2;0;0;0m▀[38;2;16;16;16;48;2;0;0;0m▀[38;2;255;181;166;48;2;16;16;16m▀[38;2;255;181;166;48;2;255;181;166m▀[38;2;217;135;119;48;2;217;135;119m▀[38;2;217;135;119;48;2;217;135;119m▀[38;2;242;182;61;48;2;242;182;61m▀[38;2;255;242;178;48;2;255;242;178m▀[38;2;217;135;119;48;2;255;242;178m▀[38;2;255;181;166;48;2;179;104;89m▀[38;2;51;39;33;48;2;255;181;166m▀[38;2;102;78;66;48;2;51;39;33m▀[38;2;102;78;66;48;2;51;39;33m▀[38;2;102;78;66;48;2;102;78;66m▀[38;2;102;78;66;48;2;77;59;50m▀[38;2;77;59;50;48;2;77;59;50m▀[38;2;51;39;33;48;2;51;39;33m▀[38;2;217;135;119;48;2;255;181;166m▀[38;2;217;135;119;48;2;255;181;166m▀[38;2;255;181;166;48;2;217;135;119m▀[38;2;217;135;119;48;2;255;242;178m▀[38;2;255;242;178;48;2;255;242;178m▀[38;2;255;242;178;48;2;255;242;178m▀[38;2;255;242;178;48;2;255;242;178m▀[38;2;255;242;178;48;2;255;242;178m▀[38;2;242;182;61;48;2;242;182;61m▀[38;2;217;135;119;48;2;179;104;89m▀[38;2;255;181;166;48;2;255;181;166m▀[38;2;255;181;166;48;2;255;181;166m▀[38;2;179;104;89;48;2;179;104;89m▀[38;2;255;181;166;48;2;217;135;119m▀[38;2;255;181;166;48;2;217;135;119m▀[38;2;16;16;16;48;2;16;16;16m▀[38;2;0;0;0;48;2;0;0;0m▀[0m [0m [0m [0m [0m [0m [0m
[0m [0m [0m [0m [0m [38;2;0;0;0m▀[38;2;16;16;16;48;2;0;0;0m▀[38;2;255;181;166;48;2;16;16;16m▀[38;2;179;104;89;48;2;255;181;166m▀[38;2;179;104;89;48;2;255;181;166m▀[38;2;242;182;61;48;2;179;104;89m▀[38;2;255;242;178;48;2;242;182;61m▀[38;2;255;242;178;48;2;255;242;178m▀[38;2;179;104;89;48;2;179;104;89m▀[38;2;255;181;166;48;2;255;181;166m▀[38;2;51;39;33;48;2;255;181;166m▀[38;2;51;39;33;48;2;255;181;166m▀[38;2;102;78;66;48;2;51;39;33m▀[38;2;77;59;50;48;2;51;39;33m▀[38;2;51;39;33;48;2;217;135;119m▀[38;2;217;135;119;48;2;255;181;166m▀[38;2;255;181;166;48;2;255;181;166m▀[38;2;255;181;166;48;2;255;181;166m▀[38;2;179;104;89;48;2;255;181;166m▀[38;2;242;182;61;48;2;179;104;89m▀[38;2;255;242;178;48;2;242;182;61m▀[38;2;255;242;178;48;2;242;182;61m▀[38;2;255;242;178;48;2;242;182;61m▀[38;2;255;242;178;48;2;242;182;61m▀[38;2;242;182;61;48;2;179;104;89m▀[38;2;179;104;89;48;2;255;181;166m▀[38;2;255;181;166;48;2;217;135;119m▀[38;2;179;104;89;48;2;179;104;89m▀[38;2;217;135;119;48;2;217;135;119m▀[38;2;16;16;16;48;2;16;16;16m▀[38;2;16;16;16;48;2;16;16;16m▀[38;2;0;0;0;48;2;0;0;0m▀[0m [0m [0m [0m [0m [0m [0m [0m
[0m [0m [0m [0m [0m [0m [38;2;0;0;0m▀[38;2;16;16;16;48;2;0;0;0m▀[38;2;217;135;119;48;2;16;16;16m▀[38;2;217;135;119;48;2;16;16;16m▀[38;2;255;181;166;48;2;217;135;119m▀[38;2;179;104;89;48;2;179;104;89m▀[38;2;179;104;89;48;2;217;135;119m▀[38;2;255;181;166;48;2;255;181;166m▀[38;2;255;181;166;48;2;255;181;166m▀[38;2;255;181;166;48;2;255;181;166m▀[38;2;255;181;166;48;2;255;181;166m▀[38;2;179;104;89;48;2;179;104;89m▀[38;2;255;181;166;48;2;255;181;166m▀[38;2;255;181;166;48;2;255;181;166m▀[38;2;255;181;166;48;2;255;181;166m▀[38;2;255;181;166;48;2;217;135;119m▀[38;2;255;181;166;48;2;217;135;119m▀[38;2;255;181;166;48;2;217;135;119m▀[38;2;255;181;166;48;2;217;135;119m▀[38;2;179;104;89;48;2;179;104;89m▀[38;2;179;104;89;48;2;217;135;119m▀[38;2;179;104;89;48;2;217;135;119m▀[38;2;179;104;89;48;2;217;135;119m▀[38;2;217;135;119;48;2;217;135;119m▀[38;2;217;135;119;48;2;217;135;119m▀[38;2;179;104;89;48;2;179;104;89m▀[38;2;217;135;119;48;2;217;135;119m▀[38;2;16;16;16;48;2;16;16;16m▀[38;2;0;0;0;48;2;0;0;0m▀[38;2;0;0;0m▀[0m [0m [0m [0m [0m [0m [0m [0m [0m
[0m [0m [0m [0m [0m [0m [0m [38;2;0;0;0m▀[38;2;16;16;16;48;2;0;0;0m▀[38;2;16;16;16;48;2;0;0;0m▀[38;2;217;135;119;48;2;16;16;16m▀[38;2;179;104;89;48;2;217;135;119m▀[38;2;217;135;119;48;2;179;104;89m▀[38;2;255;181;166;48;2;217;135;119m▀[38;2;255;181;166;48;2;217;135;119m▀[38;2;255;181;166;48;2;217;135;119m▀[38;2;255;181;166;48;2;217;135;119m▀[38;2;179;104;89;48;2;179;104;89m▀[38;2;255;181;166;48;2;217;135;119m▀[38;2;255;181;166;48;2;217;135;119m▀[38;2;255;181;166;48;2;217;135;119m▀[38;2;217;135;119;48;2;217;135;119m▀[38;2;217;135;119;48;2;217;135;119m▀[38;2;217;135;119;48;2;217;135;119m▀[38;2;217;135;119;48;2;179;104;89m▀[38;2;179;104;89;48;2;217;135;119m▀[38;2;217;135;119;48;2;217;135;119m▀[38;2;217;135;119;48;2;217;135;119m▀[38;2;217;135;119;48;2;217;135;119m▀[38;2;217;135;119;48;2;217;135;119m▀[38;2;217;135;119;48;2;179;104;89m▀[38;2;179;104;89;48;2;217;135;119m▀[38;2;217;135;119;48;2;16;16;16m▀[38;2;16;16;16;48;2;0;0;0m▀[38;2;0;0;0m▀[0m [0m [0m [0m [0m [0m [0m [0m [0m [0m
[0m [0m [0m [0m [0m [0m [0m [0m [0m [0m [38;2;0;0;0m▀[38;2;16;16;16;48;2;0;0;0m▀[38;2;16;16;16;48;2;0;0;0m▀[38;2;179;104;89;48;2;16;16;16m▀[38;2;217;135;119;48;2;179;104;89m▀[38;2;217;135;119;48;2;179;104;89m▀[38;2;217;135;119;48;2;179;104;89m▀[38;2;217;135;119;48;2;16;16;16m▀[38;2;179;104;89;48;2;16;16;16m▀[38;2;217;135;119;48;2;16;16;16m▀[38;2;217;135;119;48;2;16;16;16m▀[38;2;217;135;119;48;2;16;16;16m▀[38;2;217;135;119;48;2;16;16;16m▀[38;2;217;135;119;48;2;16;16;16m▀[38;2;179;104;89;48;2;217;135;119m▀[38;2;217;135;119;48;2;217;135;119m▀[38;2;217;135;119;48;2;179;104;89m▀[38;2;179;104;89;48;2;16;16;16m▀[38;2;179;104;89;48;2;16;16;16m▀[38;2;179;104;89;48;2;16;16;16m▀[38;2;16;16;16;48;2;0;0;0m▀[38;2;16;16;16;48;2;0;0;0m▀[38;2;0;0;0m▀[0m [0m [0m [0m [0m [0m [0m [0m [0m [0m [0m [0m
[0m [0m [0m [0m [0m [0m [0m [0m [0m [0m [0m [0m [0m [38;2;0;0;0m▀[38;2;16;16;16;48;2;0;0;0m▀[38;2;16;16;16;48;2;51;39;33m▀[38;2;16;16;16;48;2;51;39;33m▀[38;2;43;48;60;48;2;77;59;50m▀[38;2;73;78;91;48;2;73;78;91m▀[38;2;73;78;91;48;2;73;78;91m▀[38;2;43;48;60;48;2;73;78;91m▀[38;2;43;48;60;48;2;73;78;91m▀[38;2;43;48;60;48;2;73;78;91m▀[38;2;77;59;50;48;2;77;59;50m▀[38;2;16;16;16;48;2;16;16;16m▀[38;2;16;16;16;48;2;16;16;16m▀[38;2;16;16;16;48;2;0;0;0m▀[38;2;0;0;0m▀[38;2;0;0;0m▀[38;2;0;0;0m▀[0m [0m [0m [0m [0m [0m [0m [0m [0m [0m [0m [0m [0m [0m [0m
[0m [0m [0m [0m [0m [0m [0m [0m [0m [0m [0m [0m [0m [0m [38;2;0;0;0;48;2;0;0;0m▀[38;2;51;39;33;48;2;43;48;60m▀[38;2;51;39;33;48;2;43;48;60m▀[38;2;77;59;50;48;2;102;78;66m▀[38;2;73;78;91;48;2;102;78;66m▀[38;2;73;78;91;48;2;73;78;91m▀[38;2;73;78;91;48;2;73;78;91m▀[38;2;73;78;91;48;2;73;78;91m▀[38;2;73;78;91;48;2;73;78;91m▀[38;2;77;59;50;48;2;77;59;50m▀[38;2;16;16;16;48;2;73;78;91m▀[38;2;16;16;16;48;2;43;48;60m▀[38;2;0;0;0;48;2;16;16;16m▀[38;2;0;0;0m▄[38;2;0;0;0m▄[38;2;0;0;0;48;2;16;16;16m▀[38;2;0;0;0;48;2;16;16;16m▀[38;2;0;0;0;48;2;77;59;50m▀[38;2;0;0;0m▄[0m [0m [0m [38;2;0;0;0m▄[38;2;0;0;0m▄[0m [0m [0m [0m [0m [0m [0m
[0m [0m [0m [0m [0m [0m [0m [0m [0m [0m [0m [0m [0m [38;2;0;0;0;48;2;0;0;0m▀[38;2;43;48;60;48;2;16;16;16m▀[38;2;73;78;91;48;2;16;16;16m▀[38;2;73;78;91;48;2;16;16;16m▀[38;2;73;78;91;48;2;16;16;16m▀[38;2;102;78;66;48;2;73;78;91m▀[38;2;102;78;66;48;2;102;78;66m▀[38;2;73;78;91;48;2;102;78;66m▀[38;2;73;78;91;48;2;73;78;91m▀[38;2;73;78;91;48;2;73;78;91m▀[38;2;77;59;50;48;2;73;78;91m▀[38;2;77;59;50;48;2;77;59;50m▀[38;2;73;78;91;48;2;16;16;16m▀[38;2;16;16;16;48;2;16;16;16m▀[38;2;16;16;16;48;2;43;48;60m▀[38;2;16;16;16;48;2;43;48;60m▀[38;2;43;48;60;48;2;102;78;66m▀[38;2;102;78;66;48;2;102;78;66m▀[38;2;102;78;66;48;2;43;48;60m▀[38;2;16;16;16;48;2;43;48;60m▀[38;2;0;0;0;48;2;16;16;16m▀[38;2;0;0;0;48;2;179;104;89m▀[38;2;0;0;0;48;2;179;104;89m▀[38;2;179;104;89;48;2;217;135;119m▀[38;2;179;104;89;48;2;179;104;89m▀[38;2;0;0;0;48;2;0;0;0m▀[0m [0m [0m [0m [0m [0m
[0m [0m [0m [0m [0m [0m [0m [0m [0m [0m [0m [0m [0m [38;2;0;0;0m▄[38;2;0;0;0;48;2;179;104;89m▀[38;2;0;0;0;48;2;179;104;89m▀[38;2;0;0;0;48;2;179;104;89m▀[38;2;16;16;16;48;2;77;59;50m▀[38;2;43;48;60;48;2;16;16;16m▀[38;2;73;78;91;48;2;73;78;91m▀[38;2;102;78;66;48;2;73;78;91m▀[38;2;102;78;66;48;2;73;78;91m▀[38;2;102;78;66;48;2;73;78;91m▀[38;2;102;78;66;48;2;102;78;66m▀[38;2;77;59;50;48;2;102;78;66m▀[38;2;73;78;91;48;2;102;78;66m▀[38;2;77;59;50;48;2;77;59;50m▀[38;2;77;59;50;48;2;43;48;60m▀[38;2;77;59;50;48;2;43;48;60m▀[38;2;102;78;66;48;2;102;78;66m▀[38;2;43;48;60;48;2;16;16;16m▀[38;2;43;48;60;48;2;16;16;16m▀[38;2;43;48;60;48;2;43;48;60m▀[38;2;16;16;16;48;2;43;48;60m▀[38;2;217;135;119;48;2;16;16;16m▀[38;2;217;135;119;48;2;16;16;16m▀[38;2;217;135;119;48;2;217;135;119m▀[38;2;179;104;89;48;2;179;104;89m▀[38;2;0;0;0;48;2;0;0;0m▀[0m [0m [0m [0m [0m [0m
[0m [0m [0m [0m [0m [0m [0m [0m [0m [0m [0m [0m [38;2;0;0;0;48;2;0;0;0m▀[38;2;179;104;89;48;2;179;104;89m▀[38;2;255;181;166;48;2;255;181;166m▀[38;2;255;181;166;48;2;255;181;166m▀[38;2;255;181;166;48;2;255;181;166m▀[38;2;179;104;89;48;2;179;104;89m▀[38;2;16;16;16;48;2;16;16;16m▀[38;2;43;48;60;48;2;43;48;60m▀[38;2;73;78;91;48;2;73;78;91m▀[38;2;73;78;91;48;2;73;78;91m▀[38;2;73;78;91;48;2;73;78;91m▀[38;2;73;78;91;48;2;73;78;91m▀[38;2;77;59;50;48;2;77;59;50m▀[38;2;43;48;60;48;2;43;48;60m▀[38;2;43;48;60;48;2;43;48;60m▀[38;2;43;48;60;48;2;43;48;60m▀[38;2;43;48;60;48;2;43;48;60m▀[38;2;102;78;66;48;2;102;78;66m▀[38;2;0;0;0;48;2;0;0;0m▀[38;2;0;0;0;48;2;0;0;0m▀[38;2;16;16;16;48;2;16;16;16m▀[38;2;43;48;60;48;2;43;48;60m▀[38;2;16;16;16;48;2;16;16;16m▀[38;2;16;16;16;48;2;16;16;16m▀[38;2;179;104;89;48;2;179;104;89m▀[38;2;0;0;0;48;2;0;0;0m▀[0m [0m [0m [0m [0m [0m [0m
[0m [0m [0m [0m [0m [0m [0m [0m [0m [0m [0m [0m [38;2;0;0;0;48;2;0;0;0m▀[38;2;179;104;89;48;2;179;104;89m▀[38;2;255;181;166;48;2;217;135;119m▀[38;2;217;135;119;48;2;179;104;89m▀[38;2;217;135;119;48;2;179;104;89m▀[38;2;179;104;89;48;2;77;59;50m▀[38;2;0;0;0;48;2;0;0;0m▀[38;2;16;16;16;48;2;0;0;0m▀[38;2;43;48;60;48;2;16;16;16m▀[38;2;43;48;60;48;2;16;16;16m▀[38;2;43;48;60;48;2;16;16;16m▀[38;2;43;48;60;48;2;16;16;16m▀[38;2;77;59;50;48;2;51;39;33m▀[38;2;43;48;60;48;2;16;16;16m▀[38;2;16;16;16;48;2;0;0;0m▀[38;2;16;16;16;48;2;0;0;0m▀[38;2;16;16;16;48;2;0;0;0m▀[38;2;102;78;66;48;2;0;0;0m▀[38;2;77;59;50;48;2;77;59;50m▀[38;2;0;0;0;48;2;0;0;0m▀[38;2;0;0;0;48;2;0;0;0m▀[38;2;16;16;16;48;2;51;39;33m▀[38;2;16;16;16;48;2;0;0;0m▀[38;2;16;16;16;48;2;0;0;0m▀[38;2;0;0;0m▀[0m [0m [0m [0m [0m [0m [0m [0m
[0m [0m [0m [0m [0m [0m [0m [0m [0m [0m [0m [0m [38;2;0;0;0m▀[38;2;179;104;89;48;2;0;0;0m▀[38;2;179;104;89;48;2;0;0;0m▀[38;2;0;0;0m▀[38;2;0;0;0m▀[38;2;77;59;50;48;2;0;0;0m▀[38;2;77;59;50;48;2;77;59;50m▀[38;2;0;0;0;48;2;0;0;0m▀[38;2;0;0;0m▀[38;2;0;0;0m▀[38;2;0;0;0m▀[38;2;0;0;0;48;2;0;0;0m▀[38;2;51;39;33;48;2;51;39;33m▀[38;2;0;0;0;48;2;0;0;0m▀[0m [0m [0m [38;2;0;0;0m▀[38;2;77;59;50;48;2;0;0;0m▀[38;2;77;59;50;48;2;51;39;33m▀[38;2;51;39;33;48;2;51;39;33m▀[38;2;51;39;33;48;2;0;0;0m▀[38;2;0;0;0m▀[0m [0m [0m [0m [0m [0m [0m [0m [0m [0m
[0m [0m [0m [0m [0m [0m [0m [0m [0m [0m [0m [0m [0m [0m [0m [0m [0m [38;2;0;0;0;48;2;0;0;0m▀[38;2;77;59;50;48;2;77;59;50m▀[38;2;0;0;0;48;2;0;0;0m▀[0m [0m [0m [38;2;0;0;0;48;2;0;0;0m▀[38;2;51;39;33;48;2;51;39;33m▀[38;2;0;0;0;48;2;0;0;0m▀[0m [0m [0m [0m [0m [38;2;0;0;0m▀[38;2;0;0;0m▀[0m [0m [0m [0m [0m [0m [0m [0m [0m [0m [0m [0m
[0m [0m [0m [0m [0m [0m [0m [0m [0m [0m [0m [0m [0m [0m [0m [0m [0m [38;2;0;0;0m▀[38;2;51;39;33;48;2;0;0;0m▀[38;2;51;39;33;48;2;51;39;33m▀[38;2;0;0;0;48;2;51;39;33m▀[38;2;0;0;0;48;2;51;39;33m▀[38;2;0;0;0;48;2;51;39;33m▀[38;2;51;39;33;48;2;51;39;33m▀[38;2;51;39;33;48;2;0;0;0m▀[38;2;0;0;0m▀[0m [0m [0m [0m [0m [0m [0m [0m [0m [0m [0m [0m [0m [0m [0m [0m [0m [0m [0m
