[0m [0m [0m [0m [0m [0m [0m [0m [0m [0m [0m [0m [38;2;0;0;0m▄[38;2;0;0;0m▄[0m [0m [0m [0m [0m [38;2;0;0;0m▄[38;2;0;0;0;48;2;112;72;48m▀[38;2;112;72;48;48;2;160;96;88m▀[38;2;112;72;48;48;2;160;96;88m▀[38;2;112;72;48;48;2;112;72;48m▀[38;2;112;72;48;48;2;200;128;88m▀[38;2;0;0;0;48;2;112;72;48m▀[38;2;0;0;0;48;2;112;72;48m▀[38;2;0;0;0m▄[38;2;0;0;0m▄[0m [0m [0m [0m [0m [0m [0m [0m [0m
[0m [0m [0m [0m [0m [0m [0m [0m [0m [0m [0m [38;2;0;0;0;48;2;0;0;0m▀[38;2;224;184;96;48;2;224;184;96m▀[38;2;224;184;96;48;2;224;184;96m▀[38;2;0;0;0;48;2;0;0;0m▀[38;2;0;0;0m▄[0m [0m [38;2;0;0;0;48;2;0;0;0m▀[38;2;112;72;48;48;2;112;72;48m▀[38;2;200;128;88;48;2;200;128;88m▀[38;2;112;72;48;48;2;112;72;48m▀[38;2;112;72;48;48;2;112;72;48m▀[38;2;200;128;88;48;2;200;128;88m▀[38;2;160;96;88;48;2;160;96;88m▀[38;2;112;72;48;48;2;112;72;48m▀[38;2;112;72;48;48;2;112;72;48m▀[38;2;112;72;48;48;2;112;72;48m▀[38;2;112;72;48;48;2;112;72;48m▀[38;2;0;0;0;48;2;0;0;0m▀[0m [0m [0m [0m [0m [0m [0m [0m
[0m [0m [0m [0m [0m [0m [0m [0m [0m [0m [38;2;0;0;0m▄[38;2;0;0;0;48;2;64;40;24m▀[38;2;224;184;96;48;2;248;240;184m▀[38;2;248;240;184;48;2;248;240;184m▀[38;2;224;184;96;48;2;224;184;96m▀[38;2;224;184;96;48;2;224;184;96m▀[38;2;0;0;0;48;2;0;0;0m▀[38;2;0;0;0;48;2;112;72;48m▀[38;2;112;72;48;48;2;200;128;88m▀[38;2;200;128;88;48;2;200;128;88m▀[38;2;200;128;88;48;2;112;72;48m▀[38;2;200;128;88;48;2;200;128;88m▀[38;2;200;128;88;48;2;200;128;88m▀[38;2;200;128;88;48;2;200;128;88m▀[38;2;112;72;48;48;2;112;72;48m▀[38;2;112;72;48;48;2;0;0;0m▀[38;2;112;72;48;48;2;0;0;0m▀[38;2;112;72;48;48;2;0;0;0m▀[38;2;112;72;48;48;2;0;0;0m▀[38;2;112;72;48;48;2;112;72;48m▀[38;2;0;0;0;48;2;0;0;0m▀[0m [0m [0m [0m [0m [0m [0m
[0m [0m [0m [0m [0m [0m [0m [0m [0m [38;2;0;0;0;48;2;0;0;0m▀[38;2;64;40;24;48;2;64;40;24m▀[38;2;224;184;96;48;2;224;184;96m▀[38;2;248;240;184;48;2;64;40;24m▀[38;2;248;240;184;48;2;248;240;184m▀[38;2;224;184;96;48;2;224;184;96m▀[38;2;224;184;96;48;2;224;184;96m▀[38;2;112;72;48;48;2;160;96;88m▀[38;2;200;128;88;48;2;160;96;88m▀[38;2;200;128;88;48;2;200;128;88m▀[38;2;112;72;48;48;2;112;72;48m▀[38;2;200;128;88;48;2;200;128;88m▀[38;2;200;128;88;48;2;200;128;88m▀[38;2;200;128;88;48;2;200;128;88m▀[38;2;200;128;88;48;2;160;96;88m▀[38;2;112;72;48;48;2;112;72;48m▀[38;2;0;0;0;48;2;0;0;0m▀[38;2;0;0;0m▀[38;2;0;0;0m▀[38;2;0;0;0m▀[38;2;0;0;0m▀[0m [0m [0m [0m [0m [0m [0m [0m
[0m [0m [0m [0m [0m [0m [0m [0m [38;2;0;0;0m▄[38;2;0;0;0;48;2;0;0;0m▀[38;2;64;40;24;48;2;64;40;24m▀[38;2;224;184;96;48;2;224;184;96m▀[38;2;64;40;24;48;2;64;40;24m▀[38;2;248;240;184;48;2;248;240;184m▀[38;2;224;184;96;48;2;224;184;96m▀[38;2;224;184;96;48;2;224;184;96m▀[38;2;160;96;88;48;2;160;96;88m▀[38;2;160;96;88;48;2;160;96;88m▀[38;2;112;72;48;48;2;112;72;48m▀[38;2;160;96;88;48;2;160;96;88m▀[38;2;160;96;88;48;2;160;96;88m▀[38;2;160;96;88;48;2;160;96;88m▀[38;2;160;96;88;48;2;160;96;88m▀[38;2;160;96;88;48;2;160;96;88m▀[38;2;0;0;0;48;2;0;0;0m▀[38;2;0;0;0;48;2;0;0;0m▀[0m [0m [0m [0m [0m [0m [0m [0m [0m [0m [0m [0m
[0m [0m [0m [0m [0m [0m [38;2;0;0;0m▄[38;2;0;0;0;48;2;64;40;24m▀[38;2;64;40;24;48;2;224;184;96m▀[38;2;64;40;24;48;2;224;184;96m▀[38;2;224;184;96;48;2;224;184;96m▀[38;2;224;184;96;48;2;64;40;24m▀[38;2;64;40;24;48;2;248;240;184m▀[38;2;248;240;184;48;2;224;184;96m▀[38;2;224;184;96;48;2;160;96;88m▀[38;2;224;184;96;48;2;160;96;88m▀[38;2;160;96;88;48;2;160;96;88m▀[38;2;160;96;88;48;2;160;96;88m▀[38;2;112;72;48;48;2;112;72;48m▀[38;2;160;96;88;48;2;160;96;88m▀[38;2;160;96;88;48;2;160;96;88m▀[38;2;160;96;88;48;2;160;96;88m▀[38;2;160;96;88;48;2;160;96;88m▀[38;2;160;96;88;48;2;160;96;88m▀[38;2;0;0;0;48;2;0;0;0m▀[38;2;0;0;0;48;2;64;40;24m▀[38;2;0;0;0;48;2;112;72;48m▀[38;2;0;0;0;48;2;112;72;48m▀[38;2;0;0;0;48;2;112;72;48m▀[38;2;0;0;0;48;2;112;72;48m▀[38;2;0;0;0;48;2;112;72;48m▀[38;2;0;0;0;48;2;112;72;48m▀[38;2;0;0;0;48;2;112;72;48m▀[38;2;0;0;0;48;2;112;72;48m▀[38;2;0;0;0;48;2;112;72;48m▀[38;2;0;0;0;48;2;112;72;48m▀[38;2;0;0;0m▄[0m
[0m [0m [0m [0m [0m [0m [38;2;0;0;0;48;2;0;0;0m▀[38;2;64;40;24;48;2;64;40;24m▀[38;2;224;184;96;48;2;224;184;96m▀[38;2;224;184;96;48;2;224;184;96m▀[38;2;224;184;96;48;2;64;40;24m▀[38;2;64;40;24;48;2;248;240;184m▀[38;2;248;240;184;48;2;224;184;96m▀[38;2;224;184;96;48;2;112;72;48m▀[38;2;160;96;88;48;2;112;72;48m▀[38;2;160;96;88;48;2;112;72;48m▀[38;2;160;96;88;48;2;160;96;88m▀[38;2;112;72;48;48;2;112;72;48m▀[38;2;160;96;88;48;2;112;72;48m▀[38;2;160;96;88;48;2;112;72;48m▀[38;2;64;40;24;48;2;248;240;184m▀[38;2;64;40;24;48;2;248;240;184m▀[38;2;64;40;24;48;2;248;240;184m▀[38;2;64;40;24;48;2;224;184;96m▀[38;2;224;184;96;48;2;224;184;96m▀[38;2;224;184;96;48;2;224;184;96m▀[38;2;224;184;96;48;2;224;184;96m▀[38;2;224;184;96;48;2;248;240;184m▀[38;2;224;184;96;48;2;248;240;184m▀[38;2;224;184;96;48;2;248;240;184m▀[38;2;248;240;184;48;2;248;240;184m▀[38;2;248;240;184;48;2;224;184;96m▀[38;2;248;240;184;48;2;224;184;96m▀[38;2;248;240;184;48;2;248;240;184m▀[38;2;248;240;184;48;2;248;240;184m▀[38;2;248;240;184;48;2;112;72;48m▀[38;2;112;72;48;48;2;0;0;0m▀[0m
[0m [0m [0m [0m [0m [0m [0m [38;2;0;0;0;48;2;0;0;0m▀[38;2;64;40;24;48;2;64;40;24m▀[38;2;64;40;24;48;2;64;40;24m▀[38;2;248;240;184;48;2;248;240;184m▀[38;2;248;240;184;48;2;248;240;184m▀[38;2;224;184;96;48;2;224;184;96m▀[38;2;112;72;48;48;2;112;72;48m▀[38;2;112;72;48;48;2;112;72;48m▀[38;2;112;72;48;48;2;112;72;48m▀[38;2;112;72;48;48;2;112;72;48m▀[38;2;112;72;48;48;2;112;72;48m▀[38;2;248;240;184;48;2;248;240;184m▀[38;2;248;240;184;48;2;248;240;184m▀[38;2;248;240;184;48;2;248;240;184m▀[38;2;224;184;96;48;2;224;184;96m▀[38;2;224;184;96;48;2;224;184;96m▀[38;2;64;40;24;48;2;64;40;24m▀[38;2;112;72;48;48;2;112;72;48m▀[38;2;112;72;48;48;2;112;72;48m▀[38;2;112;72;48;48;2;112;72;48m▀[38;2;112;72;48;48;2;112;72;48m▀[38;2;112;72;48;48;2;112;72;48m▀[38;2;112;72;48;48;2;112;72;48m▀[38;2;224;184;96;48;2;224;184;96m▀[38;2;248;240;184;48;2;248;240;184m▀[38;2;248;240;184;48;2;248;240;184m▀[38;2;112;72;48;48;2;112;72;48m▀[38;2;112;72;48;48;2;112;72;48m▀[38;2;0;0;0;48;2;0;0;0m▀[0m [0m
[0m [0m [0m [0m [0m [0m [0m [38;2;0;0;0;48;2;0;0;0m▀[38;2;64;40;24;48;2;64;40;24m▀[38;2;64;40;24;48;2;64;40;24m▀[38;2;224;184;96;48;2;184;40;32m▀[38;2;224;184;96;48;2;184;40;32m▀[38;2;112;72;48;48;2;112;72;48m▀[38;2;0;0;0;48;2;112;72;48m▀[38;2;112;72;48;48;2;248;240;184m▀[38;2;112;72;48;48;2;248;240;184m▀[38;2;248;240;184;48;2;224;184;96m▀[38;2;248;240;184;48;2;112;72;48m▀[38;2;248;240;184;48;2;112;72;48m▀[38;2;248;240;184;48;2;112;72;48m▀[38;2;248;240;184;48;2;64;40;24m▀[38;2;248;240;184;48;2;224;184;96m▀[38;2;248;240;184;48;2;224;184;96m▀[38;2;248;240;184;48;2;224;184;96m▀[38;2;248;240;184;48;2;224;184;96m▀[38;2;248;240;184;48;2;224;184;96m▀[38;2;248;240;184;48;2;248;240;184m▀[38;2;248;240;184;48;2;248;240;184m▀[38;2;248;240;184;48;2;248;240;184m▀[38;2;248;240;184;48;2;248;240;184m▀[38;2;248;240;184;48;2;248;240;184m▀[38;2;248;240;184;48;2;112;72;48m▀[38;2;112;72;48;48;2;0;0;0m▀[38;2;0;0;0m▀[38;2;0;0;0m▀[0m [0m [0m
[0m [0m [0m [0m [0m [0m [38;2;0;0;0m▄[38;2;0;0;0;48;2;184;40;32m▀[38;2;184;40;32;48;2;248;168;112m▀[38;2;184;40;32;48;2;248;168;112m▀[38;2;232;96;64;48;2;232;96;64m▀[38;2;232;96;64;48;2;232;96;64m▀[38;2;64;40;24;48;2;184;40;32m▀[38;2;224;184;96;48;2;64;40;24m▀[38;2;112;72;48;48;2;64;40;24m▀[38;2;112;72;48;48;2;64;40;24m▀[38;2;64;40;24;48;2;184;184;184m▀[38;2;184;184;184;48;2;16;16;16m▀[38;2;248;248;248;48;2;248;248;248m▀[38;2;16;16;16;48;2;16;16;16m▀[38;2;112;72;48;48;2;64;40;24m▀[38;2;64;40;24;48;2;0;0;0m▀[38;2;64;40;24;48;2;0;0;0m▀[38;2;64;40;24;48;2;0;0;0m▀[38;2;64;40;24;48;2;0;0;0m▀[38;2;64;40;24;48;2;0;0;0m▀[38;2;248;240;184;48;2;112;72;48m▀[38;2;248;240;184;48;2;112;72;48m▀[38;2;248;240;184;48;2;112;72;48m▀[38;2;112;72;48;48;2;0;0;0m▀[38;2;112;72;48;48;2;0;0;0m▀[38;2;0;0;0m▀[0m [0m [0m [0m [0m [0m
[0m [0m [0m [0m [0m [38;2;0;0;0;48;2;0;0;0m▀[38;2;184;40;32;48;2;184;40;32m▀[38;2;248;168;112;48;2;248;168;112m▀[38;2;232;96;64;48;2;64;40;24m▀[38;2;232;96;64;48;2;64;40;24m▀[38;2;232;96;64;48;2;64;40;24m▀[38;2;184;40;32;48;2;64;40;24m▀[38;2;184;40;32;48;2;184;40;32m▀[38;2;184;40;32;48;2;184;40;32m▀[38;2;160;96;88;48;2;248;240;184m▀[38;2;160;96;88;48;2;248;240;184m▀[38;2;16;16;16;48;2;248;240;184m▀[38;2;16;16;16;48;2;224;184;96m▀[38;2;184;184;184;48;2;64;40;24m▀[38;2;16;16;16;48;2;64;40;24m▀[38;2;64;40;24;48;2;64;40;24m▀[38;2;200;128;88;48;2;160;96;88m▀[38;2;200;128;88;48;2;160;96;88m▀[38;2;112;72;48;48;2;0;0;0m▀[38;2;0;0;0;48;2;0;0;0m▀[0m [38;2;0;0;0m▀[38;2;0;0;0m▀[38;2;0;0;0m▀[0m [0m [0m [0m [0m [0m [0m [0m [0m
[0m [0m [0m [0m [0m [38;2;0;0;0;48;2;0;0;0m▀[38;2;184;40;32;48;2;64;40;24m▀[38;2;248;168;112;48;2;64;40;24m▀[38;2;64;40;24;48;2;232;96;64m▀[38;2;64;40;24;48;2;232;96;64m▀[38;2;64;40;24;48;2;232;96;64m▀[38;2;64;40;24;48;2;232;96;64m▀[38;2;184;40;32;48;2;64;40;24m▀[38;2;184;40;32;48;2;64;40;24m▀[38;2;248;240;184;48;2;248;240;184m▀[38;2;248;240;184;48;2;248;240;184m▀[38;2;248;240;184;48;2;248;240;184m▀[38;2;224;184;96;48;2;248;240;184m▀[38;2;64;40;24;48;2;64;40;24m▀[38;2;64;40;24;48;2;64;40;24m▀[38;2;64;40;24;48;2;64;40;24m▀[38;2;160;96;88;48;2;160;96;88m▀[38;2;160;96;88;48;2;160;96;88m▀[38;2;0;0;0;48;2;160;96;88m▀[38;2;0;0;0;48;2;0;0;0m▀[38;2;0;0;0m▄[0m [0m [0m [0m [0m [0m [0m [0m [0m [0m [0m [0m
[0m [0m [0m [0m [0m [0m [38;2;0;0;0m▀[38;2;0;0;0m▀[38;2;16;16;16;48;2;0;0;0m▀[38;2;16;16;16;48;2;0;0;0m▀[38;2;232;96;64;48;2;16;16;16m▀[38;2;184;40;32;48;2;16;16;16m▀[38;2;184;40;32;48;2;16;16;16m▀[38;2;16;16;16;48;2;248;240;184m▀[38;2;248;240;184;48;2;248;240;184m▀[38;2;248;240;184;48;2;248;240;184m▀[38;2;248;240;184;48;2;248;240;184m▀[38;2;248;240;184;48;2;224;184;96m▀[38;2;64;40;24;48;2;64;40;24m▀[38;2;64;40;24;48;2;160;96;88m▀[38;2;160;96;88;48;2;160;96;88m▀[38;2;160;96;88;48;2;160;96;88m▀[38;2;160;96;88;48;2;160;96;88m▀[38;2;160;96;88;48;2;160;96;88m▀[38;2;0;0;0;48;2;0;0;0m▀[38;2;0;0;0;48;2;0;0;0m▀[0m [0m [0m [0m [0m [0m [0m [0m [0m [0m [0m [0m
[0m [0m [0m [0m [0m [0m [0m [38;2;0;0;0m▄[38;2;0;0;0;48;2;64;40;24m▀[38;2;0;0;0;48;2;64;40;24m▀[38;2;112;72;48;48;2;64;40;24m▀[38;2;248;240;184;48;2;112;72;48m▀[38;2;248;240;184;48;2;248;240;184m▀[38;2;248;240;184;48;2;248;240;184m▀[38;2;248;240;184;48;2;224;184;96m▀[38;2;248;240;184;48;2;224;184;96m▀[38;2;224;184;96;48;2;160;96;88m▀[38;2;160;96;88;48;2;160;96;88m▀[38;2;160;96;88;48;2;160;96;88m▀[38;2;160;96;88;48;2;160;96;88m▀[38;2;160;96;88;48;2;160;96;88m▀[38;2;160;96;88;48;2;112;72;48m▀[38;2;160;96;88;48;2;112;72;48m▀[38;2;0;0;0;48;2;16;16;16m▀[38;2;0;0;0;48;2;0;0;0m▀[0m [0m [0m [0m [0m [0m [0m [0m [0m [0m [0m [0m [0m
[0m [38;2;0;0;0m▄[38;2;0;0;0;48;2;16;16;16m▀[38;2;0;0;0;48;2;16;16;16m▀[38;2;0;0;0;48;2;16;16;16m▀[38;2;0;0;0;48;2;64;40;24m▀[38;2;0;0;0;48;2;64;40;24m▀[38;2;0;0;0;48;2;64;40;24m▀[38;2;64;40;24;48;2;64;40;24m▀[38;2;64;40;24;48;2;64;40;24m▀[38;2;64;40;24;48;2;232;96;64m▀[38;2;112;72;48;48;2;184;40;32m▀[38;2;248;240;184;48;2;16;16;16m▀[38;2;248;240;184;48;2;112;72;48m▀[38;2;224;184;96;48;2;160;96;88m▀[38;2;224;184;96;48;2;160;96;88m▀[38;2;160;96;88;48;2;160;96;88m▀[38;2;160;96;88;48;2;160;96;88m▀[38;2;160;96;88;48;2;160;96;88m▀[38;2;160;96;88;48;2;0;0;0m▀[38;2;160;96;88;48;2;184;40;32m▀[38;2;112;72;48;48;2;184;40;32m▀[38;2;112;72;48;48;2;184;40;32m▀[38;2;16;16;16;48;2;16;16;16m▀[38;2;0;0;0;48;2;0;0;0m▀[0m [0m [0m [0m [0m [0m [0m [0m [0m [0m [0m [0m [0m
[38;2;0;0;0;48;2;16;16;16m▀[38;2;16;16;16;48;2;184;184;184m▀[38;2;184;184;184;48;2;128;128;128m▀[38;2;184;184;184;48;2;128;128;128m▀[38;2;128;128;128;48;2;248;248;248m▀[38;2;248;248;248;48;2;248;248;248m▀[38;2;184;40;32;48;2;184;184;184m▀[38;2;64;40;24;48;2;184;40;32m▀[38;2;232;96;64;48;2;232;96;64m▀[38;2;232;96;64;48;2;232;96;64m▀[38;2;232;96;64;48;2;232;96;64m▀[38;2;184;40;32;48;2;232;96;64m▀[38;2;184;40;32;48;2;128;128;128m▀[38;2;128;128;128;48;2;248;248;248m▀[38;2;16;16;16;48;2;248;248;248m▀[38;2;16;16;16;48;2;248;248;248m▀[38;2;0;0;0;48;2;16;16;16m▀[38;2;0;0;0;48;2;0;0;0m▀[38;2;0;0;0;48;2;64;40;24m▀[38;2;64;40;24;48;2;184;40;32m▀[38;2;232;96;64;48;2;184;40;32m▀[38;2;232;96;64;48;2;232;96;64m▀[38;2;232;96;64;48;2;232;96;64m▀[38;2;232;96;64;48;2;184;40;32m▀[38;2;16;16;16;48;2;184;40;32m▀[38;2;0;0;0;48;2;16;16;16m▀[38;2;0;0;0m▄[0m [0m [0m [0m [0m [0m [0m [0m [0m [0m [0m
[38;2;16;16;16;48;2;0;0;0m▀[38;2;16;16;16;48;2;0;0;0m▀[38;2;128;128;128;48;2;128;128;128m▀[38;2;128;128;128;48;2;128;128;128m▀[38;2;248;248;248;48;2;16;16;16m▀[38;2;16;16;16;48;2;0;0;0m▀[38;2;16;16;16;48;2;0;0;0m▀[38;2;184;40;32;48;2;16;16;16m▀[38;2;232;96;64;48;2;16;16;16m▀[38;2;232;96;64;48;2;16;16;16m▀[38;2;232;96;64;48;2;16;16;16m▀[38;2;184;40;32;48;2;16;16;16m▀[38;2;16;16;16;48;2;0;0;0m▀[38;2;16;16;16;48;2;0;0;0m▀[38;2;16;16;16;48;2;0;0;0m▀[38;2;16;16;16;48;2;0;0;0m▀[38;2;16;16;16;48;2;0;0;0m▀[38;2;128;128;128;48;2;128;128;128m▀[38;2;248;248;248;48;2;248;248;248m▀[38;2;248;248;248;48;2;184;184;184m▀[38;2;184;40;32;48;2;16;16;16m▀[38;2;16;16;16;48;2;16;16;16m▀[38;2;16;16;16;48;2;16;16;16m▀[38;2;184;40;32;48;2;16;16;16m▀[38;2;248;248;248;48;2;184;184;184m▀[38;2;248;248;248;48;2;248;248;248m▀[38;2;16;16;16;48;2;16;16;16m▀[38;2;0;0;0;48;2;0;0;0m▀[0m [0m [0m [0m [0m [0m [0m [0m [0m [0m
[0m [38;2;0;0;0m▀[38;2;128;128;128;48;2;0;0;0m▀[38;2;128;128;128;48;2;0;0;0m▀[38;2;16;16;16;48;2;0;0;0m▀[38;2;0;0;0m▀[38;2;0;0;0m▀[38;2;16;16;16;48;2;0;0;0m▀[38;2;16;16;16;48;2;0;0;0m▀[38;2;16;16;16;48;2;0;0;0m▀[38;2;16;16;16;48;2;0;0;0m▀[38;2;16;16;16;48;2;0;0;0m▀[38;2;0;0;0m▀[0m [0m [0m [38;2;0;0;0;48;2;0;0;0m▀[38;2;128;128;128;48;2;128;128;128m▀[38;2;248;248;248;48;2;248;248;248m▀[38;2;184;184;184;48;2;16;16;16m▀[38;2;16;16;16;48;2;0;0;0m▀[38;2;16;16;16;48;2;0;0;0m▀[38;2;16;16;16;48;2;0;0;0m▀[38;2;16;16;16;48;2;0;0;0m▀[38;2;184;184;184;48;2;128;128;128m▀[38;2;248;248;248;48;2;248;248;248m▀[38;2;16;16;16;48;2;16;16;16m▀[38;2;0;0;0;48;2;0;0;0m▀[0m [0m [0m [0m [0m [0m [0m [0m [0m [0m
