[0m [0m [0m [0m [0m [0m [0m [0m [0m [0m [38;2;0;0;0m▄[38;2;0;0;0;48;2;90;74;148m▀[38;2;0;0;0;48;2;90;74;148m▀[38;2;0;0;0m▄[0m [0m [0m [0m [0m [0m [0m [0m [0m [0m [0m [0m [0m [0m [0m [38;2;0;0;0m▄[38;2;0;0;0;48;2;57;57;82m▀[38;2;57;57;82;48;2;172;164;246m▀[38;2;0;0;0;48;2;0;0;0m▀[38;2;0;0;0;48;2;0;0;0m▀[38;2;0;0;0;48;2;0;0;0m▀[0m [0m [0m [0m [0m [0m [0m [0m
[0m [0m [0m [0m [0m [0m [0m [0m [0m [0m [38;2;0;0;0;48;2;0;0;0m▀[38;2;90;74;148;48;2;90;74;148m▀[38;2;172;164;246;48;2;172;164;246m▀[38;2;0;0;0;48;2;0;0;0m▀[38;2;0;0;0;48;2;0;0;0m▀[0m [0m [0m [0m [0m [0m [0m [0m [0m [0m [0m [0m [0m [0m [38;2;0;0;0;48;2;0;0;0m▀[38;2;57;57;82;48;2;57;57;82m▀[38;2;172;164;246;48;2;172;164;246m▀[38;2;0;0;0;48;2;0;0;0m▀[38;2;0;0;0;48;2;0;0;0m▀[38;2;0;0;0;48;2;0;0;0m▀[0m [0m [0m [0m [0m [0m [0m [0m
[0m [0m [0m [0m [0m [0m [0m [0m [0m [0m [38;2;0;0;0;48;2;0;0;0m▀[38;2;90;74;148;48;2;90;74;148m▀[38;2;172;164;246;48;2;172;164;246m▀[38;2;0;0;0;48;2;0;0;0m▀[38;2;0;0;0;48;2;0;0;0m▀[38;2;0;0;0m▄[0m [0m [38;2;0;0;0m▄[38;2;0;0;0m▄[38;2;0;0;0m▄[38;2;0;0;0m▄[38;2;0;0;0m▄[38;2;0;0;0m▄[38;2;0;0;0m▄[0m [0m [0m [0m [38;2;0;0;0;48;2;0;0;0m▀[38;2;57;57;82;48;2;90;74;148m▀[38;2;172;164;246;48;2;172;164;246m▀[38;2;0;0;0;48;2;0;0;0m▀[38;2;0;0;0;48;2;0;0;0m▀[38;2;0;0;0;48;2;0;0;0m▀[0m [0m [0m [0m [0m [0m [0m [0m
[0m [0m [0m [0m [0m [0m [0m [0m [0m [38;2;0;0;0m▄[38;2;0;0;0;48;2;90;74;148m▀[38;2;90;74;148;48;2;172;164;246m▀[38;2;139;115;213;48;2;139;115;213m▀[38;2;115;90;172;48;2;115;90;172m▀[38;2;0;0;0;48;2;0;0;0m▀[38;2;0;0;0;48;2;0;0;0m▀[38;2;0;0;0;48;2;90;74;148m▀[38;2;0;0;0;48;2;90;74;148m▀[38;2;57;57;82;48;2;139;115;213m▀[38;2;57;57;82;48;2;90;74;148m▀[38;2;57;57;82;48;2;139;115;213m▀[38;2;57;57;82;48;2;139;115;213m▀[38;2;57;57;82;48;2;139;115;213m▀[38;2;57;57;82;48;2;139;115;213m▀[38;2;57;57;82;48;2;139;115;213m▀[38;2;0;0;0;48;2;57;57;82m▀[38;2;0;0;0;48;2;57;57;82m▀[38;2;0;0;0;48;2;57;57;82m▀[38;2;0;0;0m▄[38;2;0;0;0;48;2;90;74;148m▀[38;2;90;74;148;48;2;172;164;246m▀[38;2;139;115;213;48;2;139;115;213m▀[38;2;0;0;0;48;2;115;90;172m▀[38;2;0;0;0;48;2;115;90;172m▀[38;2;0;0;0;48;2;0;0;0m▀[38;2;0;0;0m▄[38;2;0;0;0m▄[38;2;0;0;0m▄[0m [0m [0m [0m [0m
[0m [0m [0m [0m [0m [0m [0m [0m [0m [38;2;0;0;0;48;2;0;0;0m▀[38;2;90;74;148;48;2;90;74;148m▀[38;2;172;164;246;48;2;139;115;213m▀[38;2;115;90;172;48;2;57;57;82m▀[38;2;57;57;82;48;2;139;115;213m▀[38;2;90;74;148;48;2;172;164;246m▀[38;2;90;74;148;48;2;172;164;246m▀[38;2;139;115;213;48;2;172;164;246m▀[38;2;172;164;246;48;2;172;164;246m▀[38;2;115;90;172;48;2;139;115;213m▀[38;2;172;164;246;48;2;172;164;246m▀[38;2;172;164;246;48;2;172;164;246m▀[38;2;172;164;246;48;2;172;164;246m▀[38;2;139;115;213;48;2;172;164;246m▀[38;2;139;115;213;48;2;139;115;213m▀[38;2;139;115;213;48;2;139;115;213m▀[38;2;139;115;213;48;2;139;115;213m▀[38;2;139;115;213;48;2;139;115;213m▀[38;2;139;115;213;48;2;139;115;213m▀[38;2;57;57;82;48;2;139;115;213m▀[38;2;90;74;148;48;2;90;74;148m▀[38;2;172;164;246;48;2;172;164;246m▀[38;2;139;115;213;48;2;139;115;213m▀[38;2;115;90;172;48;2;115;90;172m▀[38;2;115;90;172;48;2;115;90;172m▀[38;2;0;0;0;48;2;57;57;82m▀[38;2;57;57;82;48;2;139;115;213m▀[38;2;57;57;82;48;2;115;90;172m▀[38;2;57;57;82;48;2;0;0;0m▀[38;2;0;0;0;48;2;0;0;0m▀[0m [0m [0m [0m
[0m [0m [0m [0m [0m [0m [0m [0m [0m [38;2;0;0;0;48;2;0;0;0m▀[38;2;90;74;148;48;2;90;74;148m▀[38;2;139;115;213;48;2;57;57;82m▀[38;2;57;57;82;48;2;139;115;213m▀[38;2;139;115;213;48;2;172;164;246m▀[38;2;172;164;246;48;2;172;164;246m▀[38;2;172;164;246;48;2;172;164;246m▀[38;2;172;164;246;48;2;172;164;246m▀[38;2;172;164;246;48;2;172;164;246m▀[38;2;139;115;213;48;2;139;115;213m▀[38;2;172;164;246;48;2;172;164;246m▀[38;2;172;164;246;48;2;172;164;246m▀[38;2;172;164;246;48;2;172;164;246m▀[38;2;172;164;246;48;2;65;148;164m▀[38;2;139;115;213;48;2;90;74;148m▀[38;2;139;115;213;48;2;90;74;148m▀[38;2;139;115;213;48;2;115;90;172m▀[38;2;139;115;213;48;2;139;115;213m▀[38;2;139;115;213;48;2;139;115;213m▀[38;2;139;115;213;48;2;139;115;213m▀[38;2;90;74;148;48;2;115;90;172m▀[38;2;172;164;246;48;2;139;115;213m▀[38;2;139;115;213;48;2;139;115;213m▀[38;2;115;90;172;48;2;57;57;82m▀[38;2;115;90;172;48;2;57;57;82m▀[38;2;57;57;82;48;2;139;115;213m▀[38;2;139;115;213;48;2;139;115;213m▀[38;2;115;90;172;48;2;0;0;0m▀[38;2;0;0;0;48;2;0;0;0m▀[38;2;0;0;0m▀[0m [0m [0m [0m
[0m [0m [0m [0m [0m [0m [0m [0m [0m [38;2;0;0;0;48;2;0;0;0m▀[38;2;57;57;82;48;2;65;148;164m▀[38;2;65;148;164;48;2;131;197;213m▀[38;2;65;148;164;48;2;180;230;246m▀[38;2;90;74;148;48;2;123;139;180m▀[38;2;172;164;246;48;2;90;74;148m▀[38;2;172;164;246;48;2;90;74;148m▀[38;2;172;164;246;48;2;172;164;246m▀[38;2;139;115;213;48;2;139;115;213m▀[38;2;172;164;246;48;2;172;164;246m▀[38;2;172;164;246;48;2;65;148;164m▀[38;2;65;148;164;48;2;180;230;246m▀[38;2;65;148;164;48;2;180;230;246m▀[38;2;180;230;246;48;2;131;197;213m▀[38;2;180;230;246;48;2;255;255;255m▀[38;2;131;197;213;48;2;123;139;180m▀[38;2;90;74;148;48;2;131;197;213m▀[38;2;115;90;172;48;2;57;57;82m▀[38;2;115;90;172;48;2;57;57;82m▀[38;2;139;115;213;48;2;139;115;213m▀[38;2;115;90;172;48;2;139;115;213m▀[38;2;139;115;213;48;2;139;115;213m▀[38;2;139;115;213;48;2;139;115;213m▀[38;2;139;115;213;48;2;139;115;213m▀[38;2;139;115;213;48;2;139;115;213m▀[38;2;139;115;213;48;2;115;90;172m▀[38;2;115;90;172;48;2;57;57;82m▀[38;2;0;0;0;48;2;0;0;0m▀[38;2;0;0;0m▀[0m [0m [0m [0m [0m
[0m [0m [0m [0m [0m [0m [0m [0m [0m [38;2;0;0;0;48;2;0;0;0m▀[38;2;131;197;213;48;2;65;148;164m▀[38;2;255;255;255;48;2;255;255;255m▀[38;2;180;230;246;48;2;180;230;246m▀[38;2;180;230;246;48;2;131;197;213m▀[38;2;57;57;82;48;2;57;57;82m▀[38;2;57;57;82;48;2;57;57;82m▀[38;2;172;164;246;48;2;172;164;246m▀[38;2;115;90;172;48;2;115;90;172m▀[38;2;172;164;246;48;2;172;164;246m▀[38;2;65;148;164;48;2;65;148;164m▀[38;2;180;230;246;48;2;180;230;246m▀[38;2;180;230;246;48;2;180;230;246m▀[38;2;255;255;255;48;2;131;197;213m▀[38;2;255;255;255;48;2;255;255;255m▀[38;2;255;255;255;48;2;123;139;180m▀[38;2;131;197;213;48;2;131;197;213m▀[38;2;57;57;82;48;2;57;57;82m▀[38;2;57;57;82;48;2;57;57;82m▀[38;2;139;115;213;48;2;139;115;213m▀[38;2;139;115;213;48;2;139;115;213m▀[38;2;115;90;172;48;2;57;57;82m▀[38;2;139;115;213;48;2;115;90;172m▀[38;2;115;90;172;48;2;90;74;148m▀[38;2;115;90;172;48;2;90;74;148m▀[38;2;90;74;148;48;2;57;57;82m▀[38;2;57;57;82;48;2;0;0;0m▀[38;2;0;0;0m▀[0m [0m [0m [0m [0m [0m
[0m [0m [0m [0m [0m [0m [0m [0m [38;2;0;0;0m▄[38;2;0;0;0;48;2;0;0;0m▀[38;2;65;148;164;48;2;65;148;164m▀[38;2;255;255;255;48;2;131;197;213m▀[38;2;180;230;246;48;2;131;197;213m▀[38;2;131;197;213;48;2;123;139;180m▀[38;2;57;57;82;48;2;90;74;148m▀[38;2;57;57;82;48;2;90;74;148m▀[38;2;172;164;246;48;2;172;164;246m▀[38;2;115;90;172;48;2;115;90;172m▀[38;2;172;164;246;48;2;139;115;213m▀[38;2;65;148;164;48;2;139;115;213m▀[38;2;180;230;246;48;2;65;148;164m▀[38;2;180;230;246;48;2;65;148;164m▀[38;2;131;197;213;48;2;180;230;246m▀[38;2;255;255;255;48;2;131;197;213m▀[38;2;123;139;180;48;2;131;197;213m▀[38;2;131;197;213;48;2;57;57;82m▀[38;2;57;57;82;48;2;115;90;172m▀[38;2;57;57;82;48;2;115;90;172m▀[38;2;139;115;213;48;2;139;115;213m▀[38;2;139;115;213;48;2;139;115;213m▀[38;2;57;57;82;48;2;90;74;148m▀[38;2;115;90;172;48;2;57;57;82m▀[38;2;90;74;148;48;2;57;57;82m▀[38;2;90;74;148;48;2;57;57;82m▀[38;2;57;57;82;48;2;0;0;0m▀[38;2;0;0;0m▀[0m [0m [0m [0m [0m [0m [0m
[0m [0m [0m [0m [0m [0m [0m [38;2;0;0;0;48;2;0;0;0m▀[38;2;57;57;82;48;2;57;57;82m▀[38;2;57;57;82;48;2;57;57;82m▀[38;2;139;115;213;48;2;115;90;172m▀[38;2;65;148;164;48;2;139;115;213m▀[38;2;65;148;164;48;2;139;115;213m▀[38;2;90;74;148;48;2;139;115;213m▀[38;2;139;115;213;48;2;139;115;213m▀[38;2;139;115;213;48;2;139;115;213m▀[38;2;139;115;213;48;2;139;115;213m▀[38;2;90;74;148;48;2;90;74;148m▀[38;2;139;115;213;48;2;139;115;213m▀[38;2;139;115;213;48;2;139;115;213m▀[38;2;139;115;213;48;2;139;115;213m▀[38;2;139;115;213;48;2;139;115;213m▀[38;2;57;57;82;48;2;139;115;213m▀[38;2;57;57;82;48;2;139;115;213m▀[38;2;57;57;82;48;2;139;115;213m▀[38;2;90;74;148;48;2;115;90;172m▀[38;2;139;115;213;48;2;115;90;172m▀[38;2;139;115;213;48;2;115;90;172m▀[38;2;139;115;213;48;2;139;115;213m▀[38;2;139;115;213;48;2;139;115;213m▀[38;2;90;74;148;48;2;90;74;148m▀[38;2;0;0;0;48;2;0;0;0m▀[38;2;0;0;0;48;2;0;0;0m▀[38;2;0;0;0m▀[0m [0m [0m [0m [0m [0m [0m [0m [0m
[0m [0m [0m [0m [0m [0m [38;2;0;0;0m▄[38;2;0;0;0m▄[38;2;0;0;0;48;2;57;57;82m▀[38;2;0;0;0;48;2;57;57;82m▀[38;2;90;74;148;48;2;115;90;172m▀[38;2;115;90;172;48;2;123;139;180m▀[38;2;115;90;172;48;2;255;255;255m▀[38;2;115;90;172;48;2;123;139;180m▀[38;2;90;74;148;48;2;255;255;255m▀[38;2;90;74;148;48;2;255;255;255m▀[38;2;90;74;148;48;2;123;139;180m▀[38;2;90;74;148;48;2;255;255;255m▀[38;2;90;74;148;48;2;123;139;180m▀[38;2;90;74;148;48;2;255;255;255m▀[38;2;90;74;148;48;2;123;139;180m▀[38;2;90;74;148;48;2;123;139;180m▀[38;2;115;90;172;48;2;255;255;255m▀[38;2;115;90;172;48;2;123;139;180m▀[38;2;115;90;172;48;2;255;255;255m▀[38;2;255;255;255;48;2;115;90;172m▀[38;2;123;139;180;48;2;90;74;148m▀[38;2;123;139;180;48;2;90;74;148m▀[38;2;139;115;213;48;2;139;115;213m▀[38;2;139;115;213;48;2;115;90;172m▀[38;2;90;74;148;48;2;90;74;148m▀[38;2;0;0;0;48;2;0;0;0m▀[38;2;0;0;0;48;2;119;8;18m▀[38;2;0;0;0;48;2;119;8;18m▀[38;2;0;0;0;48;2;0;0;0m▀[38;2;0;0;0m▄[0m [0m [0m [0m [0m [0m [0m
[0m [0m [0m [0m [0m [38;2;0;0;0;48;2;0;0;0m▀[38;2;110;33;113;48;2;110;33;113m▀[38;2;110;33;113;48;2;110;33;113m▀[38;2;57;57;82;48;2;57;57;82m▀[38;2;57;57;82;48;2;57;57;82m▀[38;2;139;115;213;48;2;139;115;213m▀[38;2;115;90;172;48;2;115;90;172m▀[38;2;115;90;172;48;2;115;90;172m▀[38;2;255;255;255;48;2;255;255;255m▀[38;2;123;139;180;48;2;123;139;180m▀[38;2;123;139;180;48;2;123;139;180m▀[38;2;255;255;255;48;2;255;255;255m▀[38;2;123;139;180;48;2;123;139;180m▀[38;2;255;255;255;48;2;255;255;255m▀[38;2;123;139;180;48;2;123;139;180m▀[38;2;255;255;255;48;2;255;255;255m▀[38;2;255;255;255;48;2;255;255;255m▀[38;2;123;139;180;48;2;123;139;180m▀[38;2;115;90;172;48;2;115;90;172m▀[38;2;115;90;172;48;2;115;90;172m▀[38;2;139;115;213;48;2;139;115;213m▀[38;2;139;115;213;48;2;139;115;213m▀[38;2;139;115;213;48;2;139;115;213m▀[38;2;139;115;213;48;2;139;115;213m▀[38;2;115;90;172;48;2;115;90;172m▀[38;2;90;74;148;48;2;90;74;148m▀[38;2;0;0;0;48;2;0;0;0m▀[38;2;60;101;36;48;2;60;101;36m▀[38;2;60;101;36;48;2;60;101;36m▀[38;2;197;16;32;48;2;197;16;32m▀[38;2;0;0;0;48;2;0;0;0m▀[38;2;0;0;0;48;2;0;0;0m▀[0m [0m [0m [0m [0m [0m
[0m [38;2;0;0;0m▄[38;2;0;0;0;48;2;96;145;69m▀[38;2;0;0;0;48;2;96;145;69m▀[38;2;0;0;0;48;2;96;145;69m▀[38;2;110;33;113;48;2;60;101;36m▀[38;2;175;69;179;48;2;206;111;210m▀[38;2;206;111;210;48;2;65;148;164m▀[38;2;65;148;164;48;2;180;230;246m▀[38;2;65;148;164;48;2;180;230;246m▀[38;2;0;0;0;48;2;180;230;246m▀[38;2;139;115;213;48;2;0;0;0m▀[38;2;139;115;213;48;2;115;90;172m▀[38;2;115;90;172;48;2;139;115;213m▀[38;2;90;74;148;48;2;139;115;213m▀[38;2;90;74;148;48;2;139;115;213m▀[38;2;90;74;148;48;2;139;115;213m▀[38;2;90;74;148;48;2;57;57;82m▀[38;2;90;74;148;48;2;139;115;213m▀[38;2;90;74;148;48;2;139;115;213m▀[38;2;90;74;148;48;2;139;115;213m▀[38;2;90;74;148;48;2;139;115;213m▀[38;2;90;74;148;48;2;139;115;213m▀[38;2;139;115;213;48;2;139;115;213m▀[38;2;139;115;213;48;2;139;115;213m▀[38;2;139;115;213;48;2;115;90;172m▀[38;2;139;115;213;48;2;90;74;148m▀[38;2;139;115;213;48;2;90;74;148m▀[38;2;115;90;172;48;2;90;74;148m▀[38;2;90;74;148;48;2;110;33;113m▀[38;2;90;74;148;48;2;110;33;113m▀[38;2;0;0;0;48;2;110;33;113m▀[38;2;96;145;69;48;2;60;101;36m▀[38;2;96;145;69;48;2;60;101;36m▀[38;2;60;101;36;48;2;96;145;69m▀[38;2;197;16;32;48;2;60;101;36m▀[38;2;0;0;0;48;2;65;148;164m▀[38;2;0;0;0;48;2;57;57;82m▀[38;2;0;0;0;48;2;0;0;0m▀[38;2;0;0;0;48;2;0;0;0m▀[38;2;0;0;0m▄[0m [0m
[38;2;0;0;0;48;2;96;145;69m▀[38;2;96;145;69;48;2;109;179;69m▀[38;2;109;179;69;48;2;96;145;69m▀[38;2;109;179;69;48;2;96;145;69m▀[38;2;109;179;69;48;2;96;145;69m▀[38;2;96;145;69;48;2;109;179;69m▀[38;2;60;101;36;48;2;60;101;36m▀[38;2;131;197;213;48;2;197;16;32m▀[38;2;131;197;213;48;2;197;16;32m▀[38;2;131;197;213;48;2;197;16;32m▀[38;2;131;197;213;48;2;119;8;18m▀[38;2;0;0;0;48;2;119;8;18m▀[38;2;90;74;148;48;2;90;74;148m▀[38;2;90;74;148;48;2;90;74;148m▀[38;2;115;90;172;48;2;90;74;148m▀[38;2;115;90;172;48;2;90;74;148m▀[38;2;115;90;172;48;2;90;74;148m▀[38;2;57;57;82;48;2;90;74;148m▀[38;2;115;90;172;48;2;57;57;82m▀[38;2;115;90;172;48;2;90;74;148m▀[38;2;115;90;172;48;2;90;74;148m▀[38;2;115;90;172;48;2;90;74;148m▀[38;2;115;90;172;48;2;90;74;148m▀[38;2;115;90;172;48;2;90;74;148m▀[38;2;90;74;148;48;2;90;74;148m▀[38;2;90;74;148;48;2;90;74;148m▀[38;2;90;74;148;48;2;110;33;113m▀[38;2;90;74;148;48;2;110;33;113m▀[38;2;110;33;113;48;2;206;111;210m▀[38;2;206;111;210;48;2;175;69;179m▀[38;2;110;33;113;48;2;206;111;210m▀[38;2;175;69;179;48;2;110;33;113m▀[38;2;110;33;113;48;2;0;0;0m▀[38;2;110;33;113;48;2;0;0;0m▀[38;2;96;145;69;48;2;60;101;36m▀[38;2;96;145;69;48;2;96;145;69m▀[38;2;60;101;36;48;2;60;101;36m▀[38;2;131;197;213;48;2;65;148;164m▀[38;2;180;230;246;48;2;131;197;213m▀[38;2;180;230;246;48;2;131;197;213m▀[38;2;0;0;0;48;2;0;0;0m▀[38;2;0;0;0;48;2;0;0;0m▀[0m
[38;2;60;101;36;48;2;60;101;36m▀[38;2;96;145;69;48;2;96;145;69m▀[38;2;109;179;69;48;2;109;179;69m▀[38;2;109;179;69;48;2;109;179;69m▀[38;2;96;145;69;48;2;96;145;69m▀[38;2;197;16;32;48;2;197;16;32m▀[38;2;197;16;32;48;2;197;16;32m▀[38;2;255;74;90;48;2;255;74;90m▀[38;2;255;148;172;48;2;255;148;172m▀[38;2;255;148;172;48;2;255;148;172m▀[38;2;255;148;172;48;2;255;148;172m▀[38;2;197;16;32;48;2;197;16;32m▀[38;2;119;8;18;48;2;119;8;18m▀[38;2;90;74;148;48;2;90;74;148m▀[38;2;57;57;82;48;2;57;57;82m▀[38;2;57;57;82;48;2;57;57;82m▀[38;2;65;148;164;48;2;65;148;164m▀[38;2;90;74;148;48;2;90;74;148m▀[38;2;57;57;82;48;2;57;57;82m▀[38;2;90;74;148;48;2;90;74;148m▀[38;2;90;74;148;48;2;90;74;148m▀[38;2;90;74;148;48;2;90;74;148m▀[38;2;90;74;148;48;2;90;74;148m▀[38;2;60;101;36;48;2;60;101;36m▀[38;2;96;145;69;48;2;96;145;69m▀[38;2;96;145;69;48;2;96;145;69m▀[38;2;60;101;36;48;2;60;101;36m▀[38;2;60;101;36;48;2;60;101;36m▀[38;2;0;0;0;48;2;0;0;0m▀[38;2;197;16;32;48;2;197;16;32m▀[38;2;197;16;32;48;2;197;16;32m▀[38;2;119;8;18;48;2;119;8;18m▀[38;2;0;0;0;48;2;0;0;0m▀[38;2;0;0;0;48;2;0;0;0m▀[38;2;60;101;36;48;2;60;101;36m▀[38;2;0;0;0;48;2;0;0;0m▀[38;2;197;16;32;48;2;197;16;32m▀[38;2;119;8;18;48;2;119;8;18m▀[38;2;119;8;18;48;2;119;8;18m▀[38;2;119;8;18;48;2;119;8;18m▀[38;2;119;8;18;48;2;119;8;18m▀[38;2;0;0;0;48;2;0;0;0m▀[0m
[38;2;0;0;0m▀[38;2;60;101;36;48;2;0;0;0m▀[38;2;60;101;36;48;2;197;16;32m▀[38;2;60;101;36;48;2;197;16;32m▀[38;2;197;16;32;48;2;255;74;90m▀[38;2;255;74;90;48;2;255;148;172m▀[38;2;255;148;172;48;2;255;148;172m▀[38;2;255;148;172;48;2;255;148;172m▀[38;2;255;148;172;48;2;255;74;90m▀[38;2;255;148;172;48;2;255;74;90m▀[38;2;255;74;90;48;2;255;74;90m▀[38;2;255;74;90;48;2;197;16;32m▀[38;2;197;16;32;48;2;255;74;90m▀[38;2;57;57;82;48;2;57;57;82m▀[38;2;131;197;213;48;2;131;197;213m▀[38;2;131;197;213;48;2;131;197;213m▀[38;2;180;230;246;48;2;180;230;246m▀[38;2;65;148;164;48;2;65;148;164m▀[38;2;57;57;82;48;2;110;33;113m▀[38;2;110;33;113;48;2;206;111;210m▀[38;2;110;33;113;48;2;175;69;179m▀[38;2;110;33;113;48;2;175;69;179m▀[38;2;60;101;36;48;2;60;101;36m▀[38;2;96;145;69;48;2;109;179;69m▀[38;2;109;179;69;48;2;96;145;69m▀[38;2;109;179;69;48;2;109;179;69m▀[38;2;60;101;36;48;2;96;145;69m▀[38;2;60;101;36;48;2;96;145;69m▀[38;2;197;16;32;48;2;60;101;36m▀[38;2;255;148;172;48;2;255;74;90m▀[38;2;255;74;90;48;2;197;16;32m▀[38;2;197;16;32;48;2;255;74;90m▀[38;2;119;8;18;48;2;119;8;18m▀[38;2;119;8;18;48;2;119;8;18m▀[38;2;57;57;82;48;2;131;197;213m▀[38;2;65;148;164;48;2;131;197;213m▀[38;2;57;57;82;48;2;65;148;164m▀[38;2;255;148;172;48;2;57;57;82m▀[38;2;255;74;90;48;2;197;16;32m▀[38;2;255;74;90;48;2;197;16;32m▀[38;2;197;16;32;48;2;255;74;90m▀[38;2;0;0;0;48;2;0;0;0m▀[0m
[0m [38;2;0;0;0;48;2;0;0;0m▀[38;2;197;16;32;48;2;197;16;32m▀[38;2;197;16;32;48;2;197;16;32m▀[38;2;255;148;172;48;2;197;16;32m▀[38;2;255;74;90;48;2;255;148;172m▀[38;2;197;16;32;48;2;255;74;90m▀[38;2;255;74;90;48;2;197;16;32m▀[38;2;197;16;32;48;2;255;74;90m▀[38;2;197;16;32;48;2;255;74;90m▀[38;2;197;16;32;48;2;255;74;90m▀[38;2;255;74;90;48;2;197;16;32m▀[38;2;255;74;90;48;2;110;33;113m▀[38;2;110;33;113;48;2;206;111;210m▀[38;2;110;33;113;48;2;206;111;210m▀[38;2;110;33;113;48;2;206;111;210m▀[38;2;0;0;0;48;2;175;69;179m▀[38;2;0;0;0;48;2;110;33;113m▀[38;2;65;148;164;48;2;0;0;0m▀[38;2;110;33;113;48;2;65;148;164m▀[38;2;175;69;179;48;2;197;16;32m▀[38;2;175;69;179;48;2;197;16;32m▀[38;2;110;33;113;48;2;119;8;18m▀[38;2;60;101;36;48;2;119;8;18m▀[38;2;109;179;69;48;2;96;145;69m▀[38;2;96;145;69;48;2;96;145;69m▀[38;2;96;145;69;48;2;96;145;69m▀[38;2;96;145;69;48;2;96;145;69m▀[38;2;60;101;36;48;2;60;101;36m▀[38;2;197;16;32;48;2;255;74;90m▀[38;2;255;74;90;48;2;197;16;32m▀[38;2;255;74;90;48;2;119;8;18m▀[38;2;119;8;18;48;2;65;148;164m▀[38;2;119;8;18;48;2;65;148;164m▀[38;2;57;57;82;48;2;131;197;213m▀[38;2;65;148;164;48;2;180;230;246m▀[38;2;180;230;246;48;2;0;0;0m▀[38;2;57;57;82;48;2;0;0;0m▀[38;2;255;74;90;48;2;0;0;0m▀[38;2;255;74;90;48;2;0;0;0m▀[38;2;0;0;0;48;2;0;0;0m▀[38;2;0;0;0m▀[0m
[0m [0m [38;2;0;0;0m▀[38;2;0;0;0m▀[38;2;119;8;18;48;2;0;0;0m▀[38;2;119;8;18;48;2;0;0;0m▀[38;2;197;16;32;48;2;119;8;18m▀[38;2;255;74;90;48;2;119;8;18m▀[38;2;255;74;90;48;2;119;8;18m▀[38;2;255;74;90;48;2;119;8;18m▀[38;2;119;8;18;48;2;0;0;0m▀[38;2;110;33;113;48;2;0;0;0m▀[38;2;206;111;210;48;2;206;111;210m▀[38;2;110;33;113;48;2;206;111;210m▀[38;2;206;111;210;48;2;110;33;113m▀[38;2;206;111;210;48;2;110;33;113m▀[38;2;110;33;113;48;2;175;69;179m▀[38;2;175;69;179;48;2;175;69;179m▀[38;2;175;69;179;48;2;175;69;179m▀[38;2;197;16;32;48;2;119;8;18m▀[38;2;255;148;172;48;2;255;74;90m▀[38;2;255;148;172;48;2;255;74;90m▀[38;2;255;74;90;48;2;197;16;32m▀[38;2;197;16;32;48;2;255;74;90m▀[38;2;119;8;18;48;2;119;8;18m▀[38;2;96;145;69;48;2;60;101;36m▀[38;2;96;145;69;48;2;60;101;36m▀[38;2;96;145;69;48;2;60;101;36m▀[38;2;60;101;36;48;2;0;0;0m▀[38;2;255;74;90;48;2;119;8;18m▀[38;2;255;74;90;48;2;119;8;18m▀[38;2;119;8;18;48;2;0;0;0m▀[38;2;0;0;0;48;2;0;0;0m▀[38;2;0;0;0;48;2;0;0;0m▀[38;2;0;0;0;48;2;0;0;0m▀[38;2;0;0;0;48;2;0;0;0m▀[38;2;0;0;0m▀[38;2;0;0;0m▀[38;2;0;0;0m▀[38;2;0;0;0m▀[0m [0m [0m
[0m [0m [0m [0m [0m [38;2;0;0;0m▀[38;2;119;8;18;48;2;0;0;0m▀[38;2;119;8;18;48;2;0;0;0m▀[38;2;119;8;18;48;2;0;0;0m▀[38;2;119;8;18;48;2;0;0;0m▀[38;2;0;0;0m▀[38;2;0;0;0;48;2;0;0;0m▀[38;2;206;111;210;48;2;0;0;0m▀[38;2;206;111;210;48;2;175;69;179m▀[38;2;110;33;113;48;2;175;69;179m▀[38;2;110;33;113;48;2;175;69;179m▀[38;2;175;69;179;48;2;110;33;113m▀[38;2;175;69;179;48;2;175;69;179m▀[38;2;175;69;179;48;2;0;0;0m▀[38;2;119;8;18;48;2;119;8;18m▀[38;2;255;74;90;48;2;197;16;32m▀[38;2;255;74;90;48;2;197;16;32m▀[38;2;197;16;32;48;2;255;74;90m▀[38;2;255;74;90;48;2;197;16;32m▀[38;2;119;8;18;48;2;119;8;18m▀[38;2;60;101;36;48;2;0;0;0m▀[38;2;60;101;36;48;2;0;0;0m▀[38;2;60;101;36;48;2;0;0;0m▀[38;2;0;0;0m▀[38;2;119;8;18;48;2;0;0;0m▀[38;2;119;8;18;48;2;0;0;0m▀[38;2;0;0;0m▀[0m [0m [0m [0m [0m [0m [0m [0m [0m [0m [0m
