[0m [0m [0m [0m [0m [0m [0m [0m [0m [0m [0m [0m [0m [0m [0m [0m [0m [0m [0m [38;2;0;0;0m▄[38;2;0;0;0;48;2;98;98;98m▀[38;2;98;98;98;48;2;255;255;255m▀[38;2;98;98;98;48;2;255;255;255m▀[38;2;98;98;98;48;2;255;255;255m▀[38;2;0;0;0;48;2;98;123;180m▀[38;2;0;0;0;48;2;98;123;180m▀[38;2;0;0;0;48;2;98;123;180m▀[38;2;0;0;0m▄[0m [0m [0m [0m [0m [0m [0m [0m [0m [0m [0m [0m [0m [0m [0m [0m [0m [0m
[0m [0m [0m [0m [0m [0m [0m [0m [0m [38;2;0;0;0m▄[38;2;0;0;0m▄[38;2;0;0;0m▄[0m [0m [0m [0m [0m [0m [0m [38;2;0;0;0;48;2;0;0;0m▀[38;2;16;16;16;48;2;16;16;16m▀[38;2;16;16;16;48;2;16;16;16m▀[38;2;16;16;16;48;2;16;16;16m▀[38;2;16;16;16;48;2;16;16;16m▀[38;2;74;65;123;48;2;74;65;123m▀[38;2;139;180;238;48;2;139;180;238m▀[38;2;189;205;255;48;2;189;205;255m▀[38;2;98;123;180;48;2;98;123;180m▀[38;2;0;0;0;48;2;0;0;0m▀[38;2;0;0;0m▄[0m [0m [0m [0m [0m [0m [0m [0m [0m [0m [0m [0m [0m [0m [0m [0m
[0m [0m [0m [0m [0m [0m [0m [38;2;0;0;0m▄[38;2;0;0;0;48;2;98;123;180m▀[38;2;98;98;98;48;2;255;255;255m▀[38;2;98;98;98;48;2;255;255;255m▀[38;2;98;98;98;48;2;255;255;255m▀[38;2;0;0;0;48;2;98;98;98m▀[38;2;0;0;0m▄[38;2;0;0;0m▄[38;2;0;0;0m▄[38;2;0;0;0m▄[38;2;0;0;0;48;2;16;16;16m▀[38;2;0;0;0;48;2;16;16;16m▀[38;2;16;16;16;48;2;16;16;16m▀[38;2;16;16;16;48;2;16;16;16m▀[38;2;16;16;16;48;2;16;16;16m▀[38;2;16;16;16;48;2;16;16;16m▀[38;2;16;16;16;48;2;16;16;16m▀[38;2;16;16;16;48;2;16;16;16m▀[38;2;74;65;123;48;2;74;65;123m▀[38;2;139;180;238;48;2;139;180;238m▀[38;2;189;205;255;48;2;139;180;238m▀[38;2;16;16;16;48;2;139;180;238m▀[38;2;16;16;16;48;2;139;180;238m▀[38;2;0;0;0;48;2;16;16;16m▀[38;2;0;0;0m▄[0m [0m [0m [0m [0m [0m [0m [0m [0m [0m [0m [0m [0m [0m
[0m [0m [0m [0m [0m [0m [38;2;0;0;0;48;2;0;0;0m▀[38;2;98;123;180;48;2;98;123;180m▀[38;2;189;205;255;48;2;139;180;238m▀[38;2;74;65;123;48;2;74;65;123m▀[38;2;74;65;123;48;2;74;65;123m▀[38;2;16;16;16;48;2;16;16;16m▀[38;2;16;16;16;48;2;16;16;16m▀[38;2;16;16;16;48;2;16;16;16m▀[38;2;16;16;16;48;2;16;16;16m▀[38;2;16;16;16;48;2;16;16;16m▀[38;2;16;16;16;48;2;16;16;16m▀[38;2;16;16;16;48;2;16;16;16m▀[38;2;16;16;16;48;2;16;16;16m▀[38;2;16;16;16;48;2;16;16;16m▀[38;2;16;16;16;48;2;16;16;16m▀[38;2;16;16;16;48;2;16;16;16m▀[38;2;16;16;16;48;2;16;16;16m▀[38;2;213;213;213;48;2;16;16;16m▀[38;2;255;255;255;48;2;213;213;213m▀[38;2;74;65;123;48;2;139;180;238m▀[38;2;139;180;238;48;2;189;205;255m▀[38;2;139;180;238;48;2;139;180;238m▀[38;2;139;180;238;48;2;139;180;238m▀[38;2;139;180;238;48;2;139;180;238m▀[38;2;16;16;16;48;2;16;16;16m▀[38;2;0;0;0;48;2;0;0;0m▀[0m [0m [0m [0m [0m [0m [0m [0m [0m [0m [0m [0m [0m [0m
[0m [0m [0m [0m [0m [0m [38;2;0;0;0;48;2;0;0;0m▀[38;2;16;16;16;48;2;16;16;16m▀[38;2;139;180;238;48;2;139;180;238m▀[38;2;74;65;123;48;2;139;180;238m▀[38;2;74;65;123;48;2;139;180;238m▀[38;2;255;255;255;48;2;213;213;213m▀[38;2;213;213;213;48;2;16;16;16m▀[38;2;16;16;16;48;2;16;16;16m▀[38;2;16;16;16;48;2;16;16;16m▀[38;2;16;16;16;48;2;16;16;16m▀[38;2;16;16;16;48;2;16;16;16m▀[38;2;16;16;16;48;2;16;16;16m▀[38;2;16;16;16;48;2;16;16;16m▀[38;2;16;16;16;48;2;16;16;16m▀[38;2;16;16;16;48;2;16;16;16m▀[38;2;16;16;16;48;2;74;65;123m▀[38;2;16;16;16;48;2;74;65;123m▀[38;2;74;65;123;48;2;139;180;238m▀[38;2;139;180;238;48;2;189;205;255m▀[38;2;189;205;255;48;2;189;205;255m▀[38;2;189;205;255;48;2;139;180;238m▀[38;2;139;180;238;48;2;139;180;238m▀[38;2;139;180;238;48;2;139;180;238m▀[38;2;139;180;238;48;2;139;180;238m▀[38;2;16;16;16;48;2;16;16;16m▀[38;2;0;0;0;48;2;0;0;0m▀[0m [0m [0m [0m [0m [0m [0m [0m [0m [0m [0m [0m [0m [0m
[0m [0m [0m [0m [0m [0m [38;2;0;0;0m▀[38;2;16;16;16;48;2;0;0;0m▀[38;2;139;180;238;48;2;16;16;16m▀[38;2;139;180;238;48;2;139;180;238m▀[38;2;139;180;238;48;2;139;180;238m▀[38;2;213;213;213;48;2;139;180;238m▀[38;2;16;16;16;48;2;74;65;123m▀[38;2;16;16;16;48;2;74;65;123m▀[38;2;16;16;16;48;2;16;16;16m▀[38;2;16;16;16;48;2;16;16;16m▀[38;2;16;16;16;48;2;16;16;16m▀[38;2;16;16;16;48;2;16;16;16m▀[38;2;16;16;16;48;2;16;16;16m▀[38;2;16;16;16;48;2;74;65;123m▀[38;2;16;16;16;48;2;74;65;123m▀[38;2;74;65;123;48;2;139;180;238m▀[38;2;74;65;123;48;2;139;180;238m▀[38;2;139;180;238;48;2;189;205;255m▀[38;2;189;205;255;48;2;189;205;255m▀[38;2;189;205;255;48;2;139;180;238m▀[38;2;139;180;238;48;2;139;180;238m▀[38;2;139;180;238;48;2;98;123;180m▀[38;2;139;180;238;48;2;16;16;16m▀[38;2;139;180;238;48;2;16;16;16m▀[38;2;16;16;16;48;2;0;0;0m▀[38;2;0;0;0;48;2;0;0;0m▀[38;2;0;0;0m▄[0m [0m [0m [0m [0m [0m [0m [0m [0m [0m [0m [0m [0m
[0m [0m [0m [0m [0m [0m [0m [38;2;0;0;0;48;2;0;0;0m▀[38;2;16;16;16;48;2;16;16;16m▀[38;2;139;180;238;48;2;139;180;238m▀[38;2;139;180;238;48;2;139;180;238m▀[38;2;139;180;238;48;2;139;180;238m▀[38;2;139;180;238;48;2;139;180;238m▀[38;2;139;180;238;48;2;139;180;238m▀[38;2;74;65;123;48;2;139;180;238m▀[38;2;74;65;123;48;2;139;180;238m▀[38;2;74;65;123;48;2;139;180;238m▀[38;2;74;65;123;48;2;139;180;238m▀[38;2;74;65;123;48;2;139;180;238m▀[38;2;139;180;238;48;2;139;180;238m▀[38;2;139;180;238;48;2;139;180;238m▀[38;2;189;205;255;48;2;139;180;238m▀[38;2;189;205;255;48;2;139;180;238m▀[38;2;139;180;238;48;2;139;180;238m▀[38;2;139;180;238;48;2;139;180;238m▀[38;2;139;180;238;48;2;139;180;238m▀[38;2;98;123;180;48;2;139;180;238m▀[38;2;139;180;238;48;2;115;32;90m▀[38;2;98;123;180;48;2;115;32;90m▀[38;2;98;123;180;48;2;115;32;90m▀[38;2;74;65;123;48;2;115;32;90m▀[38;2;74;65;123;48;2;180;82;156m▀[38;2;98;123;180;48;2;180;82;156m▀[38;2;0;0;0;48;2;74;65;123m▀[38;2;0;0;0;48;2;74;65;123m▀[38;2;0;0;0;48;2;74;65;123m▀[38;2;0;0;0;48;2;98;123;180m▀[38;2;0;0;0m▄[0m [0m [0m [0m [0m [0m [0m [0m
[0m [0m [0m [0m [0m [38;2;0;0;0m▄[38;2;0;0;0;48;2;90;82;32m▀[38;2;0;0;0;48;2;90;82;32m▀[38;2;16;16;16;48;2;16;16;16m▀[38;2;139;180;238;48;2;139;180;238m▀[38;2;139;180;238;48;2;139;180;238m▀[38;2;139;180;238;48;2;139;180;238m▀[38;2;139;180;238;48;2;139;180;238m▀[38;2;139;180;238;48;2;139;180;238m▀[38;2;139;180;238;48;2;139;180;238m▀[38;2;139;180;238;48;2;139;180;238m▀[38;2;139;180;238;48;2;139;180;238m▀[38;2;139;180;238;48;2;139;180;238m▀[38;2;139;180;238;48;2;139;180;238m▀[38;2;139;180;238;48;2;139;180;238m▀[38;2;139;180;238;48;2;139;180;238m▀[38;2;139;180;238;48;2;139;180;238m▀[38;2;139;180;238;48;2;139;180;238m▀[38;2;139;180;238;48;2;139;180;238m▀[38;2;139;180;238;48;2;139;180;238m▀[38;2;139;180;238;48;2;115;32;90m▀[38;2;115;32;90;48;2;115;32;90m▀[38;2;115;32;90;48;2;180;82;156m▀[38;2;115;32;90;48;2;180;82;156m▀[38;2;115;32;90;48;2;180;82;156m▀[38;2;180;82;156;48;2;213;115;189m▀[38;2;213;115;189;48;2;213;115;189m▀[38;2;213;115;189;48;2;189;205;255m▀[38;2;180;82;156;48;2;189;205;255m▀[38;2;189;205;255;48;2;139;180;238m▀[38;2;189;205;255;48;2;139;180;238m▀[38;2;189;205;255;48;2;16;16;16m▀[38;2;74;65;123;48;2;0;0;0m▀[38;2;0;0;0m▀[0m [0m [0m [0m [0m [0m [0m
[0m [0m [0m [0m [38;2;0;0;0m▄[38;2;0;0;0;48;2;131;123;74m▀[38;2;90;82;32;48;2;180;172;115m▀[38;2;90;82;32;48;2;180;172;115m▀[38;2;16;16;16;48;2;16;16;16m▀[38;2;139;180;238;48;2;139;180;238m▀[38;2;139;180;238;48;2;139;180;238m▀[38;2;139;180;238;48;2;139;180;238m▀[38;2;139;180;238;48;2;139;180;238m▀[38;2;139;180;238;48;2;139;180;238m▀[38;2;139;180;238;48;2;139;180;238m▀[38;2;139;180;238;48;2;139;180;238m▀[38;2;139;180;238;48;2;139;180;238m▀[38;2;139;180;238;48;2;139;180;238m▀[38;2;139;180;238;48;2;139;180;238m▀[38;2;139;180;238;48;2;139;180;238m▀[38;2;139;180;238;48;2;139;180;238m▀[38;2;139;180;238;48;2;139;180;238m▀[38;2;139;180;238;48;2;139;180;238m▀[38;2;139;180;238;48;2;139;180;238m▀[38;2;139;180;238;48;2;139;180;238m▀[38;2;115;32;90;48;2;139;180;238m▀[38;2;115;32;90;48;2;139;180;238m▀[38;2;180;82;156;48;2;139;180;238m▀[38;2;180;82;156;48;2;189;205;255m▀[38;2;180;82;156;48;2;189;205;255m▀[38;2;213;115;189;48;2;189;205;255m▀[38;2;213;115;189;48;2;189;205;255m▀[38;2;189;205;255;48;2;139;180;238m▀[38;2;189;205;255;48;2;16;16;16m▀[38;2;139;180;238;48;2;16;16;16m▀[38;2;139;180;238;48;2;16;16;16m▀[38;2;16;16;16;48;2;90;82;32m▀[38;2;0;0;0;48;2;90;82;32m▀[38;2;0;0;0;48;2;90;82;32m▀[38;2;0;0;0m▄[38;2;0;0;0m▄[0m [0m [0m [0m [0m
[0m [0m [0m [38;2;0;0;0;48;2;0;0;0m▀[38;2;131;123;74;48;2;131;123;74m▀[38;2;180;172;115;48;2;131;123;74m▀[38;2;180;172;115;48;2;90;82;32m▀[38;2;180;172;115;48;2;90;82;32m▀[38;2;16;16;16;48;2;16;16;16m▀[38;2;98;123;180;48;2;98;123;180m▀[38;2;98;123;180;48;2;98;123;180m▀[38;2;139;180;238;48;2;98;123;180m▀[38;2;139;180;238;48;2;98;123;180m▀[38;2;139;180;238;48;2;139;180;238m▀[38;2;139;180;238;48;2;139;180;238m▀[38;2;139;180;238;48;2;139;180;238m▀[38;2;139;180;238;48;2;139;180;238m▀[38;2;139;180;238;48;2;139;180;238m▀[38;2;139;180;238;48;2;139;180;238m▀[38;2;139;180;238;48;2;139;180;238m▀[38;2;139;180;238;48;2;98;123;180m▀[38;2;139;180;238;48;2;98;123;180m▀[38;2;139;180;238;48;2;98;123;180m▀[38;2;139;180;238;48;2;98;123;180m▀[38;2;98;123;180;48;2;98;123;180m▀[38;2;98;123;180;48;2;98;123;180m▀[38;2;98;123;180;48;2;90;82;32m▀[38;2;16;16;16;48;2;16;16;16m▀[38;2;16;16;16;48;2;16;16;16m▀[38;2;16;16;16;48;2;16;16;16m▀[38;2;16;16;16;48;2;90;82;32m▀[38;2;16;16;16;48;2;90;82;32m▀[38;2;16;16;16;48;2;90;82;32m▀[38;2;131;123;74;48;2;90;82;32m▀[38;2;90;82;32;48;2;180;172;115m▀[38;2;90;82;32;48;2;180;172;115m▀[38;2;180;172;115;48;2;180;172;115m▀[38;2;180;172;115;48;2;180;172;115m▀[38;2;180;172;115;48;2;131;123;74m▀[38;2;90;82;32;48;2;131;123;74m▀[38;2;90;82;32;48;2;131;123;74m▀[38;2;0;0;0;48;2;90;82;32m▀[38;2;0;0;0;48;2;90;82;32m▀[38;2;0;0;0m▄[0m [0m
[38;2;0;0;0m▄[38;2;0;0;0;48;2;90;82;32m▀[38;2;0;0;0;48;2;131;123;74m▀[38;2;0;0;0;48;2;131;123;74m▀[38;2;131;123;74;48;2;230;230;180m▀[38;2;230;230;180;48;2;230;230;180m▀[38;2;230;230;180;48;2;230;230;180m▀[38;2;230;230;180;48;2;230;230;180m▀[38;2;90;82;32;48;2;180;172;115m▀[38;2;16;16;16;48;2;131;123;74m▀[38;2;16;16;16;48;2;131;123;74m▀[38;2;16;16;16;48;2;131;123;74m▀[38;2;98;123;180;48;2;16;16;16m▀[38;2;98;123;180;48;2;98;123;180m▀[38;2;98;123;180;48;2;98;123;180m▀[38;2;98;123;180;48;2;98;123;180m▀[38;2;98;123;180;48;2;98;123;180m▀[38;2;98;123;180;48;2;98;123;180m▀[38;2;98;123;180;48;2;98;123;180m▀[38;2;98;123;180;48;2;98;123;180m▀[38;2;98;123;180;48;2;98;123;180m▀[38;2;98;123;180;48;2;98;123;180m▀[38;2;98;123;180;48;2;98;123;180m▀[38;2;98;123;180;48;2;98;123;180m▀[38;2;98;123;180;48;2;16;16;16m▀[38;2;90;82;32;48;2;180;172;115m▀[38;2;180;172;115;48;2;180;172;115m▀[38;2;180;172;115;48;2;180;172;115m▀[38;2;131;123;74;48;2;131;123;74m▀[38;2;131;123;74;48;2;131;123;74m▀[38;2;90;82;32;48;2;131;123;74m▀[38;2;16;16;16;48;2;90;82;32m▀[38;2;90;82;32;48;2;16;16;16m▀[38;2;131;123;74;48;2;131;123;74m▀[38;2;180;172;115;48;2;180;172;115m▀[38;2;180;172;115;48;2;180;172;115m▀[38;2;180;172;115;48;2;180;172;115m▀[38;2;180;172;115;48;2;131;123;74m▀[38;2;131;123;74;48;2;131;123;74m▀[38;2;131;123;74;48;2;131;123;74m▀[38;2;131;123;74;48;2;131;123;74m▀[38;2;16;16;16;48;2;16;16;16m▀[38;2;16;16;16;48;2;16;16;16m▀[38;2;0;0;0;48;2;90;82;32m▀[38;2;0;0;0;48;2;90;82;32m▀[0m
[38;2;0;0;0;48;2;90;82;32m▀[38;2;90;82;32;48;2;90;82;32m▀[38;2;131;123;74;48;2;131;123;74m▀[38;2;131;123;74;48;2;131;123;74m▀[38;2;230;230;180;48;2;230;230;180m▀[38;2;230;230;180;48;2;230;230;180m▀[38;2;230;230;180;48;2;230;230;180m▀[38;2;230;230;180;48;2;230;230;180m▀[38;2;180;172;115;48;2;180;172;115m▀[38;2;131;123;74;48;2;180;172;115m▀[38;2;131;123;74;48;2;180;172;115m▀[38;2;131;123;74;48;2;90;82;32m▀[38;2;16;16;16;48;2;16;16;16m▀[38;2;98;123;180;48;2;131;123;74m▀[38;2;98;123;180;48;2;90;82;32m▀[38;2;98;123;180;48;2;90;82;32m▀[38;2;98;123;180;48;2;90;82;32m▀[38;2;98;123;180;48;2;90;82;32m▀[38;2;98;123;180;48;2;98;123;180m▀[38;2;98;123;180;48;2;90;82;32m▀[38;2;98;123;180;48;2;16;16;16m▀[38;2;98;123;180;48;2;16;16;16m▀[38;2;98;123;180;48;2;16;16;16m▀[38;2;98;123;180;48;2;16;16;16m▀[38;2;16;16;16;48;2;180;172;115m▀[38;2;180;172;115;48;2;180;172;115m▀[38;2;180;172;115;48;2;180;172;115m▀[38;2;180;172;115;48;2;180;172;115m▀[38;2;131;123;74;48;2;131;123;74m▀[38;2;131;123;74;48;2;131;123;74m▀[38;2;131;123;74;48;2;131;123;74m▀[38;2;90;82;32;48;2;131;123;74m▀[38;2;16;16;16;48;2;16;16;16m▀[38;2;131;123;74;48;2;90;82;32m▀[38;2;180;172;115;48;2;90;82;32m▀[38;2;180;172;115;48;2;90;82;32m▀[38;2;180;172;115;48;2;131;123;74m▀[38;2;131;123;74;48;2;131;123;74m▀[38;2;131;123;74;48;2;16;16;16m▀[38;2;131;123;74;48;2;16;16;16m▀[38;2;131;123;74;48;2;131;123;74m▀[38;2;16;16;16;48;2;180;172;115m▀[38;2;16;16;16;48;2;180;172;115m▀[38;2;90;82;32;48;2;180;172;115m▀[38;2;90;82;32;48;2;0;0;0m▀[0m
[38;2;180;172;115;48;2;0;0;0m▀[38;2;180;172;115;48;2;0;0;0m▀[38;2;180;172;115;48;2;180;172;115m▀[38;2;180;172;115;48;2;180;172;115m▀[38;2;131;123;74;48;2;180;172;115m▀[38;2;230;230;180;48;2;180;172;115m▀[38;2;230;230;180;48;2;180;172;115m▀[38;2;180;172;115;48;2;131;123;74m▀[38;2;180;172;115;48;2;131;123;74m▀[38;2;131;123;74;48;2;16;16;16m▀[38;2;131;123;74;48;2;16;16;16m▀[38;2;16;16;16;48;2;131;123;74m▀[38;2;131;123;74;48;2;180;172;115m▀[38;2;230;230;180;48;2;230;230;180m▀[38;2;230;230;180;48;2;230;230;180m▀[38;2;230;230;180;48;2;180;172;115m▀[38;2;230;230;180;48;2;180;172;115m▀[38;2;180;172;115;48;2;180;172;115m▀[38;2;16;16;16;48;2;16;16;16m▀[38;2;180;172;115;48;2;180;172;115m▀[38;2;180;172;115;48;2;131;123;74m▀[38;2;131;123;74;48;2;131;123;74m▀[38;2;131;123;74;48;2;131;123;74m▀[38;2;16;16;16;48;2;131;123;74m▀[38;2;180;172;115;48;2;90;82;32m▀[38;2;180;172;115;48;2;180;172;115m▀[38;2;180;172;115;48;2;131;123;74m▀[38;2;180;172;115;48;2;131;123;74m▀[38;2;131;123;74;48;2;131;123;74m▀[38;2;131;123;74;48;2;131;123;74m▀[38;2;131;123;74;48;2;131;123;74m▀[38;2;131;123;74;48;2;131;123;74m▀[38;2;16;16;16;48;2;90;82;32m▀[38;2;180;172;115;48;2;180;172;115m▀[38;2;90;82;32;48;2;180;172;115m▀[38;2;90;82;32;48;2;180;172;115m▀[38;2;16;16;16;48;2;180;172;115m▀[38;2;16;16;16;48;2;180;172;115m▀[38;2;131;123;74;48;2;180;172;115m▀[38;2;180;172;115;48;2;0;0;0m▀[38;2;180;172;115;48;2;0;0;0m▀[38;2;0;0;0m▀[38;2;0;0;0m▀[38;2;0;0;0m▀[0m [0m
[38;2;0;0;0m▀[38;2;180;172;115;48;2;0;0;0m▀[38;2;0;0;0;48;2;180;172;115m▀[38;2;0;0;0;48;2;180;172;115m▀[38;2;180;172;115;48;2;0;0;0m▀[38;2;0;0;0;48;2;180;172;115m▀[38;2;180;172;115;48;2;0;0;0m▀[38;2;180;172;115;48;2;0;0;0m▀[38;2;131;123;74;48;2;180;172;115m▀[38;2;16;16;16;48;2;131;123;74m▀[38;2;16;16;16;48;2;131;123;74m▀[38;2;180;172;115;48;2;180;172;115m▀[38;2;180;172;115;48;2;180;172;115m▀[38;2;180;172;115;48;2;180;172;115m▀[38;2;180;172;115;48;2;180;172;115m▀[38;2;180;172;115;48;2;180;172;115m▀[38;2;180;172;115;48;2;180;172;115m▀[38;2;131;123;74;48;2;180;172;115m▀[38;2;16;16;16;48;2;131;123;74m▀[38;2;131;123;74;48;2;131;123;74m▀[38;2;131;123;74;48;2;131;123;74m▀[38;2;131;123;74;48;2;131;123;74m▀[38;2;131;123;74;48;2;131;123;74m▀[38;2;131;123;74;48;2;90;82;32m▀[38;2;16;16;16;48;2;131;123;74m▀[38;2;131;123;74;48;2;180;172;115m▀[38;2;131;123;74;48;2;180;172;115m▀[38;2;131;123;74;48;2;180;172;115m▀[38;2;90;82;32;48;2;180;172;115m▀[38;2;90;82;32;48;2;180;172;115m▀[38;2;16;16;16;48;2;180;172;115m▀[38;2;90;82;32;48;2;180;172;115m▀[38;2;180;172;115;48;2;0;0;0m▀[38;2;180;172;115;48;2;180;172;115m▀[38;2;180;172;115;48;2;0;0;0m▀[38;2;180;172;115;48;2;0;0;0m▀[38;2;0;0;0;48;2;180;172;115m▀[38;2;180;172;115;48;2;0;0;0m▀[38;2;0;0;0;48;2;180;172;115m▀[38;2;180;172;115;48;2;0;0;0m▀[38;2;0;0;0m▀[0m [0m [0m [0m [0m
[0m [0m [38;2;0;0;0m▀[38;2;0;0;0m▀[0m [38;2;0;0;0m▀[38;2;0;0;0;48;2;0;0;0m▀[38;2;180;172;115;48;2;180;172;115m▀[38;2;0;0;0;48;2;0;0;0m▀[38;2;180;172;115;48;2;180;172;115m▀[38;2;180;172;115;48;2;180;172;115m▀[38;2;0;0;0;48;2;0;0;0m▀[38;2;0;0;0;48;2;0;0;0m▀[38;2;180;172;115;48;2;180;172;115m▀[38;2;0;0;0;48;2;0;0;0m▀[38;2;180;172;115;48;2;180;172;115m▀[38;2;180;172;115;48;2;180;172;115m▀[38;2;180;172;115;48;2;180;172;115m▀[38;2;180;172;115;48;2;180;172;115m▀[38;2;180;172;115;48;2;180;172;115m▀[38;2;180;172;115;48;2;180;172;115m▀[38;2;0;0;0;48;2;0;0;0m▀[38;2;0;0;0;48;2;0;0;0m▀[38;2;180;172;115;48;2;180;172;115m▀[38;2;0;0;0;48;2;0;0;0m▀[38;2;0;0;0m▀[38;2;0;0;0;48;2;0;0;0m▀[38;2;180;172;115;48;2;180;172;115m▀[38;2;0;0;0;48;2;0;0;0m▀[38;2;0;0;0;48;2;0;0;0m▀[38;2;180;172;115;48;2;180;172;115m▀[38;2;0;0;0;48;2;0;0;0m▀[38;2;180;172;115;48;2;180;172;115m▀[38;2;0;0;0;48;2;0;0;0m▀[0m [0m [38;2;0;0;0;48;2;0;0;0m▀[38;2;180;172;115;48;2;180;172;115m▀[38;2;0;0;0;48;2;0;0;0m▀[0m [0m [0m [0m [0m [0m [0m
[0m [0m [0m [0m [0m [0m [0m [38;2;0;0;0m▀[0m [38;2;0;0;0m▀[38;2;0;0;0m▀[38;2;0;0;0m▀[38;2;180;172;115;48;2;0;0;0m▀[38;2;0;0;0m▀[38;2;180;172;115;48;2;0;0;0m▀[38;2;0;0;0;48;2;180;172;115m▀[38;2;0;0;0;48;2;180;172;115m▀[38;2;180;172;115;48;2;0;0;0m▀[38;2;0;0;0;48;2;180;172;115m▀[38;2;180;172;115;48;2;0;0;0m▀[38;2;0;0;0m▀[38;2;180;172;115;48;2;0;0;0m▀[38;2;180;172;115;48;2;0;0;0m▀[38;2;0;0;0m▀[38;2;180;172;115;48;2;0;0;0m▀[38;2;0;0;0m▀[0m [38;2;0;0;0m▀[0m [0m [38;2;0;0;0m▀[0m [38;2;0;0;0m▀[0m [0m [0m [0m [38;2;0;0;0m▀[0m [0m [0m [0m [0m [0m [0m [0m
