[0m [0m [0m [0m [0m [0m [0m [0m [0m [0m [0m [0m [0m [0m [0m [0m [0m [0m [0m [38;2;0;0;0m▄[38;2;0;0;0m▄[38;2;0;0;0m▄[38;2;0;0;0;48;2;120;168;49m▀[38;2;0;0;0;48;2;120;168;49m▀[38;2;120;168;49;48;2;152;208;72m▀[38;2;0;0;0;48;2;120;168;49m▀[38;2;82;98;41;48;2;82;98;41m▀[38;2;82;98;41;48;2;152;208;72m▀[38;2;0;0;0;48;2;82;98;41m▀[38;2;0;0;0;48;2;82;98;41m▀[38;2;0;0;0;48;2;16;16;16m▀[38;2;0;0;0m▄[0m [0m [0m [0m [0m [0m [0m [0m [0m [0m [0m [0m [0m [0m [0m [0m [0m [0m [0m [0m [0m
[0m [0m [0m [0m [0m [0m [0m [0m [0m [0m [0m [0m [0m [0m [0m [0m [0m [38;2;0;0;0m▄[38;2;0;0;0;48;2;0;0;0m▀[38;2;120;168;49;48;2;120;168;49m▀[38;2;120;168;49;48;2;120;168;49m▀[38;2;120;168;49;48;2;120;168;49m▀[38;2;120;168;49;48;2;120;168;49m▀[38;2;120;168;49;48;2;120;168;49m▀[38;2;152;208;72;48;2;152;208;72m▀[38;2;120;168;49;48;2;120;168;49m▀[38;2;82;98;41;48;2;82;98;41m▀[38;2;152;208;72;48;2;152;208;72m▀[38;2;152;208;72;48;2;152;208;72m▀[38;2;152;208;72;48;2;152;208;72m▀[38;2;16;16;16;48;2;16;16;16m▀[38;2;0;0;0;48;2;0;0;0m▀[38;2;0;0;0m▄[0m [0m [0m [0m [0m [0m [0m [0m [0m [0m [0m [0m [0m [0m [0m [0m [0m [0m [0m [0m
[0m [0m [0m [0m [0m [0m [0m [0m [0m [0m [0m [0m [0m [0m [38;2;0;0;0m▄[38;2;0;0;0;48;2;82;98;41m▀[38;2;0;0;0;48;2;82;98;41m▀[38;2;82;98;41;48;2;187;252;113m▀[38;2;120;168;49;48;2;187;252;113m▀[38;2;187;252;113;48;2;187;252;113m▀[38;2;187;252;113;48;2;152;208;72m▀[38;2;187;252;113;48;2;120;168;49m▀[38;2;187;252;113;48;2;120;168;49m▀[38;2;187;252;113;48;2;120;168;49m▀[38;2;152;208;72;48;2;82;98;41m▀[38;2;82;98;41;48;2;152;208;72m▀[38;2;152;208;72;48;2;187;252;113m▀[38;2;152;208;72;48;2;152;208;72m▀[38;2;152;208;72;48;2;120;168;49m▀[38;2;152;208;72;48;2;120;168;49m▀[38;2;82;98;41;48;2;82;98;41m▀[38;2;16;16;16;48;2;120;168;49m▀[38;2;16;16;16;48;2;16;16;16m▀[38;2;0;0;0;48;2;0;0;0m▀[0m [0m [0m [0m [0m [0m [0m [0m [0m [0m [0m [0m [0m [0m [0m [0m [0m [0m [0m
[0m [0m [0m [0m [0m [0m [0m [0m [0m [0m [0m [0m [38;2;0;0;0m▄[38;2;0;0;0;48;2;82;98;41m▀[38;2;82;98;41;48;2;152;208;72m▀[38;2;152;208;72;48;2;152;208;72m▀[38;2;152;208;72;48;2;152;208;72m▀[38;2;152;208;72;48;2;152;208;72m▀[38;2;120;168;49;48;2;152;208;72m▀[38;2;82;98;41;48;2;120;168;49m▀[38;2;120;168;49;48;2;152;208;72m▀[38;2;152;208;72;48;2;187;252;113m▀[38;2;187;252;113;48;2;187;252;113m▀[38;2;187;252;113;48;2;187;252;113m▀[38;2;187;252;113;48;2;187;252;113m▀[38;2;187;252;113;48;2;187;252;113m▀[38;2;187;252;113;48;2;187;252;113m▀[38;2;187;252;113;48;2;152;208;72m▀[38;2;120;168;49;48;2;152;208;72m▀[38;2;120;168;49;48;2;152;208;72m▀[38;2;82;98;41;48;2;82;98;41m▀[38;2;120;168;49;48;2;120;168;49m▀[38;2;16;16;16;48;2;82;98;41m▀[38;2;0;0;0;48;2;0;0;0m▀[0m [0m [0m [0m [0m [0m [0m [0m [0m [0m [0m [0m [0m [0m [0m [0m [0m [0m [0m
[0m [0m [0m [0m [0m [0m [0m [0m [0m [0m [0m [38;2;0;0;0;48;2;0;0;0m▀[38;2;82;98;41;48;2;82;98;41m▀[38;2;152;208;72;48;2;152;208;72m▀[38;2;152;208;72;48;2;152;208;72m▀[38;2;152;208;72;48;2;152;208;72m▀[38;2;152;208;72;48;2;152;208;72m▀[38;2;152;208;72;48;2;152;208;72m▀[38;2;152;208;72;48;2;152;208;72m▀[38;2;120;168;49;48;2;120;168;49m▀[38;2;152;208;72;48;2;152;208;72m▀[38;2;187;252;113;48;2;187;252;113m▀[38;2;187;252;113;48;2;187;252;113m▀[38;2;187;252;113;48;2;187;252;113m▀[38;2;187;252;113;48;2;187;252;113m▀[38;2;187;252;113;48;2;187;252;113m▀[38;2;152;208;72;48;2;152;208;72m▀[38;2;152;208;72;48;2;152;208;72m▀[38;2;152;208;72;48;2;152;208;72m▀[38;2;152;208;72;48;2;152;208;72m▀[38;2;82;98;41;48;2;82;98;41m▀[38;2;120;168;49;48;2;120;168;49m▀[38;2;82;98;41;48;2;82;98;41m▀[38;2;16;16;16;48;2;16;16;16m▀[38;2;0;0;0;48;2;0;0;0m▀[0m [0m [0m [0m [0m [0m [0m [0m [0m [0m [0m [0m [0m [0m [0m [0m [0m [0m
[0m [38;2;0;0;0m▄[38;2;0;0;0m▄[38;2;0;0;0m▄[0m [0m [0m [38;2;0;0;0m▄[38;2;0;0;0m▄[38;2;0;0;0m▄[38;2;0;0;0m▄[38;2;0;0;0;48;2;40;88;96m▀[38;2;82;98;41;48;2;40;88;96m▀[38;2;40;88;96;48;2;130;236;196m▀[38;2;40;88;96;48;2;96;208;180m▀[38;2;40;88;96;48;2;57;148;148m▀[38;2;40;88;96;48;2;57;148;148m▀[38;2;152;208;72;48;2;40;88;96m▀[38;2;120;168;49;48;2;120;168;49m▀[38;2;152;208;72;48;2;152;208;72m▀[38;2;187;252;113;48;2;152;208;72m▀[38;2;187;252;113;48;2;152;208;72m▀[38;2;187;252;113;48;2;152;208;72m▀[38;2;187;252;113;48;2;152;208;72m▀[38;2;152;208;72;48;2;152;208;72m▀[38;2;152;208;72;48;2;152;208;72m▀[38;2;152;208;72;48;2;152;208;72m▀[38;2;152;208;72;48;2;152;208;72m▀[38;2;120;168;49;48;2;120;168;49m▀[38;2;120;168;49;48;2;120;168;49m▀[38;2;82;98;41;48;2;82;98;41m▀[38;2;120;168;49;48;2;120;168;49m▀[38;2;120;168;49;48;2;120;168;49m▀[38;2;16;16;16;48;2;120;168;49m▀[38;2;0;0;0;48;2;16;16;16m▀[38;2;0;0;0m▄[0m [0m [0m [0m [0m [0m [0m [0m [0m [0m [0m [0m [0m [0m [0m [0m [0m
[38;2;0;0;0;48;2;57;148;148m▀[38;2;57;148;148;48;2;130;236;196m▀[38;2;40;88;96;48;2;130;236;196m▀[38;2;40;88;96;48;2;130;236;196m▀[38;2;0;0;0;48;2;40;88;96m▀[38;2;0;0;0;48;2;24;74;74m▀[38;2;0;0;0;48;2;24;74;74m▀[38;2;57;148;148;48;2;98;213;180m▀[38;2;40;88;96;48;2;96;208;180m▀[38;2;40;88;96;48;2;96;208;180m▀[38;2;40;88;96;48;2;96;208;180m▀[38;2;130;236;196;48;2;96;208;180m▀[38;2;130;236;196;48;2;96;208;180m▀[38;2;96;208;180;48;2;96;208;180m▀[38;2;96;208;180;48;2;57;148;148m▀[38;2;57;148;148;48;2;57;148;148m▀[38;2;57;148;148;48;2;57;148;148m▀[38;2;16;16;16;48;2;16;16;16m▀[38;2;120;168;49;48;2;120;168;49m▀[38;2;152;208;72;48;2;152;208;72m▀[38;2;152;208;72;48;2;152;208;72m▀[38;2;152;208;72;48;2;152;208;72m▀[38;2;152;208;72;48;2;152;208;72m▀[38;2;152;208;72;48;2;152;208;72m▀[38;2;152;208;72;48;2;152;208;72m▀[38;2;152;208;72;48;2;152;208;72m▀[38;2;152;208;72;48;2;152;208;72m▀[38;2;152;208;72;48;2;120;168;49m▀[38;2;120;168;49;48;2;120;168;49m▀[38;2;120;168;49;48;2;120;168;49m▀[38;2;120;168;49;48;2;120;168;49m▀[38;2;82;98;41;48;2;82;98;41m▀[38;2;120;168;49;48;2;120;168;49m▀[38;2;120;168;49;48;2;120;168;49m▀[38;2;16;16;16;48;2;120;168;49m▀[38;2;0;0;0;48;2;82;98;41m▀[38;2;0;0;0;48;2;82;98;41m▀[38;2;0;0;0m▄[0m [0m [0m [0m [0m [0m [0m [0m [0m [0m [0m [0m [0m [0m [0m
[38;2;57;148;148;48;2;57;148;148m▀[38;2;130;236;196;48;2;130;236;196m▀[38;2;130;236;196;48;2;130;236;196m▀[38;2;130;236;196;48;2;130;236;196m▀[38;2;57;148;148;48;2;57;148;148m▀[38;2;131;238;197;48;2;131;238;197m▀[38;2;131;238;197;48;2;131;238;197m▀[38;2;57;148;148;48;2;57;148;148m▀[38;2;57;148;148;48;2;57;148;148m▀[38;2;98;213;180;48;2;98;213;180m▀[38;2;98;213;180;48;2;98;213;180m▀[38;2;98;213;180;48;2;98;213;180m▀[38;2;96;208;180;48;2;96;208;180m▀[38;2;57;148;148;48;2;57;148;148m▀[38;2;57;148;148;48;2;57;148;148m▀[38;2;57;148;148;48;2;57;148;148m▀[38;2;57;148;148;48;2;57;148;148m▀[38;2;16;16;16;48;2;16;16;16m▀[38;2;24;74;74;48;2;24;74;74m▀[38;2;24;74;74;48;2;24;74;74m▀[38;2;82;98;41;48;2;82;98;41m▀[38;2;82;98;41;48;2;82;98;41m▀[38;2;120;168;49;48;2;120;168;49m▀[38;2;120;168;49;48;2;120;168;49m▀[38;2;120;168;49;48;2;120;168;49m▀[38;2;120;168;49;48;2;120;168;49m▀[38;2;120;168;49;48;2;120;168;49m▀[38;2;120;168;49;48;2;120;168;49m▀[38;2;120;168;49;48;2;120;168;49m▀[38;2;120;168;49;48;2;120;168;49m▀[38;2;120;168;49;48;2;120;168;49m▀[38;2;82;98;41;48;2;82;98;41m▀[38;2;120;168;49;48;2;120;168;49m▀[38;2;120;168;49;48;2;120;168;49m▀[38;2;120;168;49;48;2;120;168;49m▀[38;2;16;16;16;48;2;16;16;16m▀[38;2;16;16;16;48;2;16;16;16m▀[38;2;0;0;0;48;2;0;0;0m▀[0m [0m [0m [0m [0m [0m [0m [0m [0m [0m [0m [0m [0m [0m [0m
[38;2;57;148;148;48;2;57;148;148m▀[38;2;130;236;196;48;2;130;236;196m▀[38;2;57;148;148;48;2;57;148;148m▀[38;2;57;148;148;48;2;57;148;148m▀[38;2;131;238;197;48;2;131;238;197m▀[38;2;131;238;197;48;2;57;148;148m▀[38;2;57;148;148;48;2;57;148;148m▀[38;2;57;148;148;48;2;57;148;148m▀[38;2;57;148;148;48;2;98;213;180m▀[38;2;98;213;180;48;2;98;213;180m▀[38;2;98;213;180;48;2;98;213;180m▀[38;2;98;213;180;48;2;98;213;180m▀[38;2;98;213;180;48;2;98;213;180m▀[38;2;57;148;148;48;2;98;213;180m▀[38;2;57;148;148;48;2;57;148;148m▀[38;2;57;148;148;48;2;57;148;148m▀[38;2;57;148;148;48;2;57;148;148m▀[38;2;16;16;16;48;2;40;88;96m▀[38;2;57;148;148;48;2;98;213;180m▀[38;2;98;213;180;48;2;98;213;180m▀[38;2;16;16;16;48;2;98;213;180m▀[38;2;16;16;16;48;2;98;213;180m▀[38;2;16;16;16;48;2;98;213;180m▀[38;2;16;16;16;48;2;98;213;180m▀[38;2;16;16;16;48;2;98;213;180m▀[38;2;16;16;16;48;2;98;213;180m▀[38;2;120;168;49;48;2;16;16;16m▀[38;2;120;168;49;48;2;16;16;16m▀[38;2;120;168;49;48;2;120;168;49m▀[38;2;120;168;49;48;2;120;168;49m▀[38;2;120;168;49;48;2;120;168;49m▀[38;2;82;98;41;48;2;82;98;41m▀[38;2;120;168;49;48;2;120;168;49m▀[38;2;120;168;49;48;2;120;168;49m▀[38;2;120;168;49;48;2;82;98;41m▀[38;2;16;16;16;48;2;16;16;16m▀[38;2;16;16;16;48;2;16;16;16m▀[38;2;0;0;0;48;2;0;0;0m▀[0m [0m [0m [0m [0m [0m [0m [0m [0m [0m [0m [0m [0m [0m [0m
[38;2;0;0;0;48;2;0;0;0m▀[38;2;57;148;148;48;2;57;148;148m▀[38;2;131;238;197;48;2;131;238;197m▀[38;2;131;238;197;48;2;131;238;197m▀[38;2;131;238;197;48;2;98;213;180m▀[38;2;131;238;197;48;2;98;213;180m▀[38;2;98;213;180;48;2;98;213;180m▀[38;2;98;213;180;48;2;57;148;148m▀[38;2;98;213;180;48;2;57;148;148m▀[38;2;98;213;180;48;2;57;148;148m▀[38;2;98;213;180;48;2;57;148;148m▀[38;2;98;213;180;48;2;57;148;148m▀[38;2;57;148;148;48;2;57;148;148m▀[38;2;57;148;148;48;2;24;74;74m▀[38;2;98;213;180;48;2;98;213;180m▀[38;2;98;213;180;48;2;98;213;180m▀[38;2;98;213;180;48;2;98;213;180m▀[38;2;98;213;180;48;2;57;148;148m▀[38;2;98;213;180;48;2;98;213;180m▀[38;2;98;213;180;48;2;98;213;180m▀[38;2;98;213;180;48;2;98;213;180m▀[38;2;98;213;180;48;2;57;148;148m▀[38;2;98;213;180;48;2;98;213;180m▀[38;2;98;213;180;48;2;98;213;180m▀[38;2;98;213;180;48;2;98;213;180m▀[38;2;98;213;180;48;2;98;213;180m▀[38;2;98;213;180;48;2;24;74;74m▀[38;2;98;213;180;48;2;98;213;180m▀[38;2;16;16;16;48;2;16;16;16m▀[38;2;16;16;16;48;2;16;16;16m▀[38;2;82;98;41;48;2;82;98;41m▀[38;2;120;168;49;48;2;82;98;41m▀[38;2;82;98;41;48;2;82;98;41m▀[38;2;82;98;41;48;2;82;98;41m▀[38;2;82;98;41;48;2;82;98;41m▀[38;2;16;16;16;48;2;0;0;0m▀[38;2;16;16;16;48;2;0;0;0m▀[38;2;0;0;0m▀[0m [0m [0m [0m [0m [0m [0m [0m [0m [0m [0m [0m [0m [0m [0m
[38;2;0;0;0;48;2;0;0;0m▀[38;2;24;74;74;48;2;24;74;74m▀[38;2;98;213;180;48;2;98;213;180m▀[38;2;98;213;180;48;2;98;213;180m▀[38;2;57;148;148;48;2;57;148;148m▀[38;2;57;148;148;48;2;57;148;148m▀[38;2;57;148;148;48;2;57;148;148m▀[38;2;57;148;148;48;2;57;148;148m▀[38;2;57;148;148;48;2;57;148;148m▀[38;2;57;148;148;48;2;57;148;148m▀[38;2;57;148;148;48;2;57;148;148m▀[38;2;24;74;74;48;2;24;74;74m▀[38;2;57;148;148;48;2;57;148;148m▀[38;2;16;16;16;48;2;16;16;16m▀[38;2;24;74;74;48;2;24;74;74m▀[38;2;98;213;180;48;2;98;213;180m▀[38;2;98;213;180;48;2;98;213;180m▀[38;2;57;148;148;48;2;57;148;148m▀[38;2;98;213;180;48;2;98;213;180m▀[38;2;98;213;180;48;2;98;213;180m▀[38;2;98;213;180;48;2;98;213;180m▀[38;2;57;148;148;48;2;57;148;148m▀[38;2;98;213;180;48;2;98;213;180m▀[38;2;98;213;180;48;2;98;213;180m▀[38;2;98;213;180;48;2;98;213;180m▀[38;2;98;213;180;48;2;98;213;180m▀[38;2;57;148;148;48;2;57;148;148m▀[38;2;98;213;180;48;2;98;213;180m▀[38;2;16;16;16;48;2;16;16;16m▀[38;2;16;16;16;48;2;16;16;16m▀[38;2;82;98;41;48;2;82;98;41m▀[38;2;82;98;41;48;2;82;98;41m▀[38;2;82;98;41;48;2;82;98;41m▀[38;2;82;98;41;48;2;82;98;41m▀[38;2;16;16;16;48;2;16;16;16m▀[38;2;0;0;0;48;2;0;0;0m▀[0m [0m [0m [0m [0m [0m [0m [0m [0m [0m [0m [0m [0m [0m [0m [0m [0m
[0m [38;2;0;0;0;48;2;0;0;0m▀[38;2;57;148;148;48;2;24;74;74m▀[38;2;57;148;148;48;2;24;74;74m▀[38;2;98;213;180;48;2;255;255;255m▀[38;2;98;213;180;48;2;16;16;16m▀[38;2;57;148;148;48;2;16;16;16m▀[38;2;98;213;180;48;2;24;74;74m▀[38;2;57;148;148;48;2;16;16;16m▀[38;2;16;16;16;48;2;189;41;32m▀[38;2;16;16;16;48;2;189;41;32m▀[38;2;189;41;32;48;2;189;41;32m▀[38;2;255;255;255;48;2;16;16;16m▀[38;2;16;16;16;48;2;189;41;32m▀[38;2;24;74;74;48;2;24;74;74m▀[38;2;98;213;180;48;2;57;148;148m▀[38;2;98;213;180;48;2;57;148;148m▀[38;2;57;148;148;48;2;98;213;180m▀[38;2;98;213;180;48;2;98;213;180m▀[38;2;98;213;180;48;2;57;148;148m▀[38;2;98;213;180;48;2;57;148;148m▀[38;2;98;213;180;48;2;98;213;180m▀[38;2;57;148;148;48;2;24;74;74m▀[38;2;57;148;148;48;2;24;74;74m▀[38;2;98;213;180;48;2;131;238;197m▀[38;2;98;213;180;48;2;98;213;180m▀[38;2;98;213;180;48;2;98;213;180m▀[38;2;24;74;74;48;2;24;74;74m▀[38;2;98;213;180;48;2;98;213;180m▀[38;2;98;213;180;48;2;98;213;180m▀[38;2;16;16;16;48;2;57;148;148m▀[38;2;82;98;41;48;2;16;16;16m▀[38;2;82;98;41;48;2;16;16;16m▀[38;2;16;16;16;48;2;0;0;0m▀[38;2;0;0;0m▀[0m [0m [0m [0m [0m [0m [0m [0m [0m [0m [0m [0m [0m [0m [0m [0m [0m [0m
[0m [38;2;0;0;0m▀[38;2;16;16;16;48;2;0;0;0m▀[38;2;16;16;16;48;2;0;0;0m▀[38;2;16;16;16;48;2;24;74;74m▀[38;2;255;106;98;48;2;57;148;148m▀[38;2;255;106;98;48;2;222;74;65m▀[38;2;222;74;65;48;2;255;106;98m▀[38;2;222;74;65;48;2;255;106;98m▀[38;2;222;74;65;48;2;98;213;180m▀[38;2;222;74;65;48;2;98;213;180m▀[38;2;189;41;32;48;2;98;213;180m▀[38;2;189;41;32;48;2;57;148;148m▀[38;2;57;148;148;48;2;57;148;148m▀[38;2;57;148;148;48;2;57;148;148m▀[38;2;98;213;180;48;2;98;213;180m▀[38;2;98;213;180;48;2;98;213;180m▀[38;2;98;213;180;48;2;24;74;74m▀[38;2;57;148;148;48;2;57;148;148m▀[38;2;57;148;148;48;2;57;148;148m▀[38;2;57;148;148;48;2;57;148;148m▀[38;2;57;148;148;48;2;57;148;148m▀[38;2;57;148;148;48;2;57;148;148m▀[38;2;57;148;148;48;2;57;148;148m▀[38;2;24;74;74;48;2;24;74;74m▀[38;2;131;238;197;48;2;131;238;197m▀[38;2;98;213;180;48;2;98;213;180m▀[38;2;98;213;180;48;2;98;213;180m▀[38;2;24;74;74;48;2;98;213;180m▀[38;2;24;74;74;48;2;98;213;180m▀[38;2;57;148;148;48;2;24;74;74m▀[38;2;16;16;16;48;2;0;0;0m▀[38;2;0;0;0m▀[0m [0m [0m [0m [0m [0m [0m [0m [0m [0m [0m [0m [0m [0m [0m [0m [0m [0m [0m [0m
[0m [0m [0m [0m [38;2;0;0;0;48;2;0;0;0m▀[38;2;24;74;74;48;2;24;74;74m▀[38;2;98;213;180;48;2;98;213;180m▀[38;2;98;213;180;48;2;98;213;180m▀[38;2;98;213;180;48;2;98;213;180m▀[38;2;24;74;74;48;2;24;74;74m▀[38;2;24;74;74;48;2;24;74;74m▀[38;2;24;74;74;48;2;24;74;74m▀[38;2;57;148;148;48;2;57;148;148m▀[38;2;57;148;148;48;2;57;148;148m▀[38;2;57;148;148;48;2;57;148;148m▀[38;2;16;16;16;48;2;16;16;16m▀[38;2;16;16;16;48;2;16;16;16m▀[38;2;16;16;16;48;2;16;16;16m▀[38;2;16;16;16;48;2;16;16;16m▀[38;2;16;16;16;48;2;16;16;16m▀[38;2;16;16;16;48;2;16;16;16m▀[38;2;57;148;148;48;2;57;148;148m▀[38;2;57;148;148;48;2;57;148;148m▀[38;2;57;148;148;48;2;57;148;148m▀[38;2;57;148;148;48;2;57;148;148m▀[38;2;24;74;74;48;2;24;74;74m▀[38;2;131;238;197;48;2;131;238;197m▀[38;2;98;213;180;48;2;98;213;180m▀[38;2;98;213;180;48;2;98;213;180m▀[38;2;98;213;180;48;2;98;213;180m▀[38;2;98;213;180;48;2;98;213;180m▀[38;2;24;74;74;48;2;24;74;74m▀[38;2;0;0;0;48;2;0;0;0m▀[0m [0m [0m [0m [0m [0m [0m [0m [0m [0m [0m [0m [0m [0m [0m [0m [0m [0m [0m [0m
[0m [0m [0m [0m [0m [38;2;0;0;0m▀[38;2;24;74;74;48;2;0;0;0m▀[38;2;24;74;74;48;2;0;0;0m▀[38;2;16;16;16;48;2;0;0;0m▀[38;2;57;148;148;48;2;16;16;16m▀[38;2;57;148;148;48;2;16;16;16m▀[38;2;57;148;148;48;2;16;16;16m▀[38;2;57;148;148;48;2;16;16;16m▀[38;2;16;16;16;48;2;0;0;0m▀[38;2;16;16;16;48;2;0;0;0m▀[38;2;16;16;16;48;2;16;16;16m▀[38;2;16;16;16;48;2;16;16;16m▀[38;2;57;148;148;48;2;57;148;148m▀[38;2;189;41;32;48;2;189;41;32m▀[38;2;16;16;16;48;2;16;16;16m▀[38;2;0;0;0;48;2;0;0;0m▀[38;2;16;16;16;48;2;0;0;0m▀[38;2;16;16;16;48;2;0;0;0m▀[38;2;16;16;16;48;2;0;0;0m▀[38;2;16;16;16;48;2;0;0;0m▀[38;2;24;74;74;48;2;24;74;74m▀[38;2;131;238;197;48;2;131;238;197m▀[38;2;98;213;180;48;2;98;213;180m▀[38;2;98;213;180;48;2;98;213;180m▀[38;2;98;213;180;48;2;98;213;180m▀[38;2;98;213;180;48;2;98;213;180m▀[38;2;98;213;180;48;2;98;213;180m▀[38;2;24;74;74;48;2;98;213;180m▀[38;2;0;0;0;48;2;24;74;74m▀[38;2;0;0;0;48;2;24;74;74m▀[38;2;0;0;0m▄[38;2;0;0;0m▄[38;2;0;0;0m▄[38;2;0;0;0m▄[0m [0m [0m [0m [0m [0m [0m [0m [0m [0m [0m [0m [0m [0m
[0m [0m [0m [0m [0m [0m [0m [0m [0m [38;2;0;0;0m▀[38;2;0;0;0m▀[38;2;0;0;0m▀[38;2;0;0;0m▀[38;2;0;0;0m▄[38;2;0;0;0;48;2;24;74;74m▀[38;2;24;74;74;48;2;57;148;148m▀[38;2;24;74;74;48;2;57;148;148m▀[38;2;57;148;148;48;2;189;41;32m▀[38;2;189;41;32;48;2;222;74;65m▀[38;2;189;41;32;48;2;189;41;32m▀[38;2;0;0;0;48;2;0;0;0m▀[0m [0m [0m [0m [38;2;0;0;0;48;2;0;0;0m▀[38;2;24;74;74;48;2;24;74;74m▀[38;2;131;238;197;48;2;131;238;197m▀[38;2;98;213;180;48;2;98;213;180m▀[38;2;98;213;180;48;2;98;213;180m▀[38;2;98;213;180;48;2;98;213;180m▀[38;2;98;213;180;48;2;98;213;180m▀[38;2;98;213;180;48;2;98;213;180m▀[38;2;98;213;180;48;2;98;213;180m▀[38;2;98;213;180;48;2;98;213;180m▀[38;2;24;74;74;48;2;98;213;180m▀[38;2;24;74;74;48;2;98;213;180m▀[38;2;24;74;74;48;2;98;213;180m▀[38;2;24;74;74;48;2;98;213;180m▀[38;2;0;0;0;48;2;24;74;74m▀[38;2;0;0;0;48;2;24;74;74m▀[38;2;0;0;0m▄[38;2;0;0;0m▄[0m [0m [0m [0m [0m [0m [0m [0m [0m [0m
[0m [0m [0m [0m [0m [0m [0m [0m [0m [0m [0m [0m [0m [38;2;0;0;0;48;2;0;0;0m▀[38;2;24;74;74;48;2;24;74;74m▀[38;2;57;148;148;48;2;57;148;148m▀[38;2;57;148;148;48;2;57;148;148m▀[38;2;189;41;32;48;2;189;41;32m▀[38;2;222;74;65;48;2;222;74;65m▀[38;2;222;74;65;48;2;222;74;65m▀[38;2;189;41;32;48;2;189;41;32m▀[38;2;0;0;0;48;2;0;0;0m▀[0m [0m [0m [38;2;0;0;0;48;2;0;0;0m▀[38;2;24;74;74;48;2;24;74;74m▀[38;2;131;238;197;48;2;131;238;197m▀[38;2;98;213;180;48;2;98;213;180m▀[38;2;98;213;180;48;2;98;213;180m▀[38;2;98;213;180;48;2;98;213;180m▀[38;2;98;213;180;48;2;98;213;180m▀[38;2;98;213;180;48;2;98;213;180m▀[38;2;98;213;180;48;2;98;213;180m▀[38;2;98;213;180;48;2;98;213;180m▀[38;2;98;213;180;48;2;98;213;180m▀[38;2;98;213;180;48;2;98;213;180m▀[38;2;98;213;180;48;2;98;213;180m▀[38;2;98;213;180;48;2;98;213;180m▀[38;2;98;213;180;48;2;98;213;180m▀[38;2;98;213;180;48;2;98;213;180m▀[38;2;24;74;74;48;2;24;74;74m▀[38;2;24;74;74;48;2;24;74;74m▀[38;2;0;0;0;48;2;0;0;0m▀[0m [0m [0m [0m [0m [0m [0m [0m [0m
[0m [0m [0m [0m [0m [0m [0m [0m [0m [0m [0m [0m [38;2;0;0;0;48;2;0;0;0m▀[38;2;24;74;74;48;2;57;148;148m▀[38;2;98;213;180;48;2;98;213;180m▀[38;2;189;41;32;48;2;189;41;32m▀[38;2;189;41;32;48;2;189;41;32m▀[38;2;222;74;65;48;2;222;74;65m▀[38;2;222;74;65;48;2;222;74;65m▀[38;2;222;74;65;48;2;222;74;65m▀[38;2;189;41;32;48;2;189;41;32m▀[38;2;0;0;0;48;2;0;0;0m▀[0m [0m [0m [38;2;0;0;0;48;2;0;0;0m▀[38;2;24;74;74;48;2;24;74;74m▀[38;2;131;238;197;48;2;131;238;197m▀[38;2;131;238;197;48;2;131;238;197m▀[38;2;131;238;197;48;2;131;238;197m▀[38;2;131;238;197;48;2;57;148;148m▀[38;2;131;238;197;48;2;24;74;74m▀[38;2;131;238;197;48;2;24;74;74m▀[38;2;131;238;197;48;2;24;74;74m▀[38;2;98;213;180;48;2;57;148;148m▀[38;2;24;74;74;48;2;57;148;148m▀[38;2;24;74;74;48;2;57;148;148m▀[38;2;24;74;74;48;2;57;148;148m▀[38;2;57;148;148;48;2;57;148;148m▀[38;2;57;148;148;48;2;57;148;148m▀[38;2;24;74;74;48;2;16;16;16m▀[38;2;0;0;0;48;2;0;0;0m▀[38;2;0;0;0m▀[0m [0m [0m [0m [0m [0m [0m [0m [0m [0m
[0m [0m [0m [0m [0m [0m [0m [0m [0m [0m [0m [38;2;0;0;0;48;2;0;0;0m▀[38;2;57;148;148;48;2;57;148;148m▀[38;2;131;238;197;48;2;98;213;180m▀[38;2;189;41;32;48;2;57;148;148m▀[38;2;222;74;65;48;2;189;41;32m▀[38;2;222;74;65;48;2;189;41;32m▀[38;2;222;74;65;48;2;189;41;32m▀[38;2;222;74;65;48;2;222;74;65m▀[38;2;222;74;65;48;2;222;74;65m▀[38;2;222;74;65;48;2;222;74;65m▀[38;2;189;41;32;48;2;222;74;65m▀[38;2;0;0;0;48;2;189;41;32m▀[38;2;0;0;0;48;2;189;41;32m▀[38;2;0;0;0m▄[38;2;0;0;0m▄[38;2;0;0;0;48;2;0;0;0m▀[38;2;24;74;74;48;2;24;74;74m▀[38;2;131;238;197;48;2;98;213;180m▀[38;2;131;238;197;48;2;98;213;180m▀[38;2;57;148;148;48;2;57;148;148m▀[38;2;57;148;148;48;2;57;148;148m▀[38;2;57;148;148;48;2;57;148;148m▀[38;2;57;148;148;48;2;57;148;148m▀[38;2;57;148;148;48;2;57;148;148m▀[38;2;57;148;148;48;2;57;148;148m▀[38;2;57;148;148;48;2;57;148;148m▀[38;2;57;148;148;48;2;57;148;148m▀[38;2;57;148;148;48;2;57;148;148m▀[38;2;57;148;148;48;2;57;148;148m▀[38;2;16;16;16;48;2;57;148;148m▀[38;2;0;0;0;48;2;16;16;16m▀[38;2;0;0;0;48;2;16;16;16m▀[38;2;0;0;0m▄[0m [0m [0m [0m [0m [0m [0m [0m [0m
[0m [0m [0m [0m [0m [0m [0m [0m [0m [38;2;0;0;0m▄[38;2;0;0;0;48;2;0;0;0m▀[38;2;57;148;148;48;2;57;148;148m▀[38;2;131;238;197;48;2;131;238;197m▀[38;2;57;148;148;48;2;57;148;148m▀[38;2;57;148;148;48;2;57;148;148m▀[38;2;57;148;148;48;2;57;148;148m▀[38;2;57;148;148;48;2;57;148;148m▀[38;2;57;148;148;48;2;57;148;148m▀[38;2;24;74;74;48;2;24;74;74m▀[38;2;24;74;74;48;2;24;74;74m▀[38;2;24;74;74;48;2;24;74;74m▀[38;2;24;74;74;48;2;24;74;74m▀[38;2;24;74;74;48;2;24;74;74m▀[38;2;24;74;74;48;2;24;74;74m▀[38;2;24;74;74;48;2;24;74;74m▀[38;2;24;74;74;48;2;24;74;74m▀[38;2;0;0;0;48;2;0;0;0m▀[38;2;24;74;74;48;2;24;74;74m▀[38;2;98;213;180;48;2;98;213;180m▀[38;2;98;213;180;48;2;98;213;180m▀[38;2;57;148;148;48;2;57;148;148m▀[38;2;57;148;148;48;2;57;148;148m▀[38;2;57;148;148;48;2;57;148;148m▀[38;2;57;148;148;48;2;57;148;148m▀[38;2;57;148;148;48;2;57;148;148m▀[38;2;57;148;148;48;2;57;148;148m▀[38;2;57;148;148;48;2;57;148;148m▀[38;2;57;148;148;48;2;57;148;148m▀[38;2;57;148;148;48;2;57;148;148m▀[38;2;57;148;148;48;2;57;148;148m▀[38;2;57;148;148;48;2;57;148;148m▀[38;2;16;16;16;48;2;16;16;16m▀[38;2;16;16;16;48;2;16;16;16m▀[38;2;0;0;0;48;2;0;0;0m▀[0m [0m [0m [0m [0m [0m [0m [0m [0m
[0m [0m [0m [0m [0m [0m [0m [0m [38;2;0;0;0;48;2;0;0;0m▀[38;2;57;148;148;48;2;57;148;148m▀[38;2;57;148;148;48;2;57;148;148m▀[38;2;131;238;197;48;2;131;238;197m▀[38;2;98;213;180;48;2;189;41;32m▀[38;2;189;41;32;48;2;222;74;65m▀[38;2;189;41;32;48;2;222;74;65m▀[38;2;189;41;32;48;2;222;74;65m▀[38;2;189;41;32;48;2;222;74;65m▀[38;2;57;148;148;48;2;189;41;32m▀[38;2;57;148;148;48;2;189;41;32m▀[38;2;57;148;148;48;2;189;41;32m▀[38;2;57;148;148;48;2;189;41;32m▀[38;2;57;148;148;48;2;189;41;32m▀[38;2;57;148;148;48;2;189;41;32m▀[38;2;57;148;148;48;2;189;41;32m▀[38;2;24;74;74;48;2;0;0;0m▀[38;2;0;0;0m▀[38;2;0;0;0m▀[38;2;24;74;74;48;2;0;0;0m▀[38;2;98;213;180;48;2;24;74;74m▀[38;2;98;213;180;48;2;24;74;74m▀[38;2;57;148;148;48;2;98;213;180m▀[38;2;57;148;148;48;2;57;148;148m▀[38;2;57;148;148;48;2;57;148;148m▀[38;2;57;148;148;48;2;57;148;148m▀[38;2;57;148;148;48;2;57;148;148m▀[38;2;57;148;148;48;2;57;148;148m▀[38;2;57;148;148;48;2;57;148;148m▀[38;2;57;148;148;48;2;57;148;148m▀[38;2;57;148;148;48;2;57;148;148m▀[38;2;57;148;148;48;2;57;148;148m▀[38;2;57;148;148;48;2;57;148;148m▀[38;2;57;148;148;48;2;57;148;148m▀[38;2;57;148;148;48;2;57;148;148m▀[38;2;16;16;16;48;2;57;148;148m▀[38;2;0;0;0;48;2;16;16;16m▀[38;2;0;0;0m▄[0m [0m [0m [0m [0m [0m [0m
[0m [0m [0m [0m [0m [0m [0m [38;2;0;0;0;48;2;0;0;0m▀[38;2;57;148;148;48;2;24;74;74m▀[38;2;131;238;197;48;2;98;213;180m▀[38;2;131;238;197;48;2;98;213;180m▀[38;2;98;213;180;48;2;189;41;32m▀[38;2;189;41;32;48;2;222;74;65m▀[38;2;222;74;65;48;2;222;74;65m▀[38;2;222;74;65;48;2;222;74;65m▀[38;2;222;74;65;48;2;222;74;65m▀[38;2;222;74;65;48;2;222;74;65m▀[38;2;222;74;65;48;2;222;74;65m▀[38;2;222;74;65;48;2;222;74;65m▀[38;2;222;74;65;48;2;222;74;65m▀[38;2;222;74;65;48;2;222;74;65m▀[38;2;189;41;32;48;2;189;41;32m▀[38;2;0;0;0;48;2;0;0;0m▀[38;2;0;0;0m▀[0m [0m [0m [38;2;0;0;0;48;2;0;0;0m▀[38;2;24;74;74;48;2;16;16;16m▀[38;2;24;74;74;48;2;16;16;16m▀[38;2;98;213;180;48;2;98;213;180m▀[38;2;57;148;148;48;2;98;213;180m▀[38;2;57;148;148;48;2;98;213;180m▀[38;2;57;148;148;48;2;57;148;148m▀[38;2;57;148;148;48;2;57;148;148m▀[38;2;57;148;148;48;2;57;148;148m▀[38;2;57;148;148;48;2;57;148;148m▀[38;2;57;148;148;48;2;57;148;148m▀[38;2;57;148;148;48;2;57;148;148m▀[38;2;57;148;148;48;2;57;148;148m▀[38;2;57;148;148;48;2;57;148;148m▀[38;2;57;148;148;48;2;57;148;148m▀[38;2;57;148;148;48;2;57;148;148m▀[38;2;57;148;148;48;2;57;148;148m▀[38;2;57;148;148;48;2;57;148;148m▀[38;2;16;16;16;48;2;57;148;148m▀[38;2;0;0;0;48;2;16;16;16m▀[38;2;0;0;0;48;2;16;16;16m▀[38;2;0;0;0m▄[38;2;0;0;0m▄[38;2;0;0;0m▄[0m [0m
[0m [0m [0m [0m [0m [0m [38;2;0;0;0;48;2;0;0;0m▀[38;2;24;74;74;48;2;24;74;74m▀[38;2;98;213;180;48;2;98;213;180m▀[38;2;57;148;148;48;2;57;148;148m▀[38;2;57;148;148;48;2;57;148;148m▀[38;2;189;41;32;48;2;189;41;32m▀[38;2;222;74;65;48;2;222;74;65m▀[38;2;222;74;65;48;2;222;74;65m▀[38;2;222;74;65;48;2;222;74;65m▀[38;2;222;74;65;48;2;222;74;65m▀[38;2;222;74;65;48;2;222;74;65m▀[38;2;222;74;65;48;2;222;74;65m▀[38;2;222;74;65;48;2;222;74;65m▀[38;2;222;74;65;48;2;222;74;65m▀[38;2;222;74;65;48;2;222;74;65m▀[38;2;222;74;65;48;2;222;74;65m▀[38;2;0;0;0;48;2;0;0;0m▀[0m [0m [0m [0m [0m [38;2;0;0;0m▀[38;2;0;0;0;48;2;0;0;0m▀[38;2;16;16;16;48;2;16;16;16m▀[38;2;16;16;16;48;2;16;16;16m▀[38;2;16;16;16;48;2;16;16;16m▀[38;2;98;213;180;48;2;98;213;180m▀[38;2;98;213;180;48;2;98;213;180m▀[38;2;98;213;180;48;2;98;213;180m▀[38;2;98;213;180;48;2;98;213;180m▀[38;2;98;213;180;48;2;98;213;180m▀[38;2;98;213;180;48;2;98;213;180m▀[38;2;57;148;148;48;2;57;148;148m▀[38;2;57;148;148;48;2;57;148;148m▀[38;2;57;148;148;48;2;57;148;148m▀[38;2;57;148;148;48;2;57;148;148m▀[38;2;57;148;148;48;2;57;148;148m▀[38;2;57;148;148;48;2;57;148;148m▀[38;2;57;148;148;48;2;57;148;148m▀[38;2;57;148;148;48;2;57;148;148m▀[38;2;57;148;148;48;2;57;148;148m▀[38;2;16;16;16;48;2;16;16;16m▀[38;2;16;16;16;48;2;16;16;16m▀[38;2;16;16;16;48;2;16;16;16m▀[38;2;0;0;0;48;2;0;0;0m▀[0m
[0m [0m [0m [0m [0m [0m [38;2;0;0;0m▀[38;2;24;74;74;48;2;0;0;0m▀[38;2;98;213;180;48;2;16;16;16m▀[38;2;57;148;148;48;2;57;148;148m▀[38;2;57;148;148;48;2;57;148;148m▀[38;2;24;74;74;48;2;57;148;148m▀[38;2;24;74;74;48;2;57;148;148m▀[38;2;222;74;65;48;2;24;74;74m▀[38;2;222;74;65;48;2;24;74;74m▀[38;2;222;74;65;48;2;222;74;65m▀[38;2;222;74;65;48;2;222;74;65m▀[38;2;222;74;65;48;2;222;74;65m▀[38;2;222;74;65;48;2;222;74;65m▀[38;2;222;74;65;48;2;255;106;98m▀[38;2;255;106;98;48;2;255;106;98m▀[38;2;222;74;65;48;2;255;106;98m▀[38;2;0;0;0;48;2;189;41;32m▀[38;2;0;0;0;48;2;189;41;32m▀[38;2;0;0;0m▄[0m [0m [0m [0m [0m [38;2;0;0;0m▀[38;2;0;0;0m▀[38;2;0;0;0m▀[38;2;16;16;16;48;2;0;0;0m▀[38;2;16;16;16;48;2;0;0;0m▀[38;2;16;16;16;48;2;0;0;0m▀[38;2;16;16;16;48;2;0;0;0m▀[38;2;16;16;16;48;2;0;0;0m▀[38;2;16;16;16;48;2;0;0;0m▀[38;2;98;213;180;48;2;16;16;16m▀[38;2;98;213;180;48;2;16;16;16m▀[38;2;98;213;180;48;2;16;16;16m▀[38;2;98;213;180;48;2;16;16;16m▀[38;2;98;213;180;48;2;16;16;16m▀[38;2;98;213;180;48;2;16;16;16m▀[38;2;57;148;148;48;2;16;16;16m▀[38;2;57;148;148;48;2;16;16;16m▀[38;2;57;148;148;48;2;16;16;16m▀[38;2;57;148;148;48;2;16;16;16m▀[38;2;57;148;148;48;2;16;16;16m▀[38;2;57;148;148;48;2;16;16;16m▀[38;2;16;16;16;48;2;0;0;0m▀[0m
[0m [0m [0m [0m [0m [0m [0m [0m [38;2;0;0;0m▀[38;2;16;16;16;48;2;0;0;0m▀[38;2;16;16;16;48;2;0;0;0m▀[38;2;16;16;16;48;2;0;0;0m▀[38;2;57;148;148;48;2;16;16;16m▀[38;2;57;148;148;48;2;16;16;16m▀[38;2;57;148;148;48;2;57;148;148m▀[38;2;189;41;32;48;2;57;148;148m▀[38;2;189;41;32;48;2;57;148;148m▀[38;2;189;41;32;48;2;57;148;148m▀[38;2;222;74;65;48;2;57;148;148m▀[38;2;255;106;98;48;2;24;74;74m▀[38;2;255;106;98;48;2;189;41;32m▀[38;2;255;106;98;48;2;222;74;65m▀[38;2;189;41;32;48;2;255;106;98m▀[38;2;189;41;32;48;2;255;106;98m▀[38;2;0;0;0;48;2;189;41;32m▀[38;2;0;0;0m▄[38;2;0;0;0m▄[0m [0m [0m [0m [0m [0m [0m [0m [0m [0m [0m [0m [38;2;0;0;0m▀[38;2;0;0;0m▀[38;2;0;0;0m▀[38;2;0;0;0m▀[38;2;0;0;0m▀[38;2;0;0;0m▀[38;2;0;0;0m▀[38;2;0;0;0m▀[38;2;0;0;0m▀[38;2;0;0;0m▀[38;2;0;0;0m▀[38;2;0;0;0m▀[0m [0m
[0m [0m [0m [0m [0m [0m [0m [0m [0m [0m [0m [0m [38;2;0;0;0m▀[38;2;0;0;0;48;2;0;0;0m▀[38;2;16;16;16;48;2;16;16;16m▀[38;2;16;16;16;48;2;16;16;16m▀[38;2;16;16;16;48;2;16;16;16m▀[38;2;16;16;16;48;2;16;16;16m▀[38;2;57;148;148;48;2;57;148;148m▀[38;2;57;148;148;48;2;57;148;148m▀[38;2;57;148;148;48;2;57;148;148m▀[38;2;24;74;74;48;2;24;74;74m▀[38;2;24;74;74;48;2;24;74;74m▀[38;2;24;74;74;48;2;24;74;74m▀[38;2;24;74;74;48;2;24;74;74m▀[38;2;24;74;74;48;2;24;74;74m▀[38;2;24;74;74;48;2;24;74;74m▀[38;2;0;0;0;48;2;0;0;0m▀[38;2;0;0;0m▄[38;2;0;0;0m▄[0m [0m [0m [0m [0m [0m [0m [0m [0m [0m [0m [0m [0m [0m [0m [0m [0m [0m [0m [0m [0m [0m [0m
[0m [0m [0m [0m [0m [0m [0m [0m [0m [0m [0m [0m [0m [0m [38;2;0;0;0m▀[38;2;0;0;0m▀[38;2;0;0;0m▀[38;2;0;0;0m▀[38;2;16;16;16;48;2;0;0;0m▀[38;2;16;16;16;48;2;0;0;0m▀[38;2;16;16;16;48;2;0;0;0m▀[38;2;57;148;148;48;2;16;16;16m▀[38;2;57;148;148;48;2;16;16;16m▀[38;2;57;148;148;48;2;16;16;16m▀[38;2;57;148;148;48;2;16;16;16m▀[38;2;57;148;148;48;2;16;16;16m▀[38;2;57;148;148;48;2;16;16;16m▀[38;2;16;16;16;48;2;0;0;0m▀[38;2;16;16;16;48;2;0;0;0m▀[38;2;16;16;16;48;2;0;0;0m▀[38;2;0;0;0m▀[0m [0m [0m [0m [0m [0m [0m [0m [0m [0m [0m [0m [0m [0m [0m [0m [0m [0m [0m [0m [0m [0m
