[0m [0m [0m [0m [0m [0m [0m [0m [0m [0m [0m [0m [0m [0m [0m [0m [38;2;0;0;0m▄[38;2;0;0;0m▄[38;2;0;0;0;48;2;156;148;131m▀[38;2;0;0;0;48;2;156;148;131m▀[38;2;0;0;0;48;2;156;148;131m▀[38;2;0;0;0;48;2;156;148;131m▀[38;2;0;0;0;48;2;156;148;131m▀[38;2;0;0;0m▄[0m [0m [0m [0m [0m [0m [0m [0m [0m [0m [0m [0m [0m [0m [38;2;0;0;0m▄[38;2;0;0;0m▄[38;2;0;0;0m▄[38;2;0;0;0m▄[38;2;0;0;0;48;2;16;16;16m▀[38;2;0;0;0;48;2;16;16;16m▀[38;2;0;0;0;48;2;16;16;16m▀[38;2;0;0;0;48;2;16;16;16m▀[38;2;0;0;0;48;2;16;16;16m▀[38;2;0;0;0;48;2;16;16;16m▀[38;2;16;16;16;48;2;156;148;131m▀[38;2;16;16;16;48;2;156;148;131m▀[38;2;16;16;16;48;2;156;148;131m▀[38;2;16;16;16;48;2;156;148;131m▀[38;2;16;16;16;48;2;156;148;131m▀[38;2;16;16;16;48;2;156;148;131m▀[38;2;0;0;0;48;2;16;16;16m▀[38;2;0;0;0m▄[0m [0m [0m [0m [0m
[0m [0m [0m [0m [0m [0m [0m [0m [0m [0m [0m [0m [0m [38;2;0;0;0m▄[38;2;0;0;0m▄[38;2;0;0;0;48;2;0;0;0m▀[38;2;156;148;131;48;2;156;148;131m▀[38;2;156;148;131;48;2;156;148;131m▀[38;2;197;213;172;48;2;197;213;172m▀[38;2;197;213;172;48;2;197;213;172m▀[38;2;197;213;172;48;2;197;213;172m▀[38;2;197;213;172;48;2;197;213;172m▀[38;2;156;148;131;48;2;156;148;131m▀[38;2;0;0;0;48;2;0;0;0m▀[0m [0m [0m [0m [0m [0m [0m [0m [0m [0m [0m [38;2;0;0;0m▄[38;2;0;0;0m▄[38;2;0;0;0;48;2;0;0;0m▀[38;2;16;16;16;48;2;16;16;16m▀[38;2;16;16;16;48;2;16;16;16m▀[38;2;16;16;16;48;2;16;16;16m▀[38;2;16;16;16;48;2;16;16;16m▀[38;2;180;180;156;48;2;180;180;156m▀[38;2;197;213;172;48;2;197;213;172m▀[38;2;197;213;172;48;2;197;213;172m▀[38;2;197;213;172;48;2;197;213;172m▀[38;2;180;180;156;48;2;180;180;156m▀[38;2;180;180;156;48;2;180;180;156m▀[38;2;65;57;49;48;2;65;57;49m▀[38;2;65;57;49;48;2;65;57;49m▀[38;2;65;57;49;48;2;65;57;49m▀[38;2;65;57;49;48;2;65;57;49m▀[38;2;65;57;49;48;2;65;57;49m▀[38;2;65;57;49;48;2;65;57;49m▀[38;2;0;0;0;48;2;0;0;0m▀[0m [0m [0m [0m [0m [0m
[0m [0m [0m [0m [0m [0m [0m [0m [0m [0m [38;2;0;0;0m▄[38;2;0;0;0;48;2;156;148;131m▀[38;2;0;0;0;48;2;156;148;131m▀[38;2;156;148;131;48;2;197;213;172m▀[38;2;156;148;131;48;2;197;213;172m▀[38;2;156;148;131;48;2;197;213;172m▀[38;2;197;213;172;48;2;197;213;172m▀[38;2;197;213;172;48;2;180;180;156m▀[38;2;197;213;172;48;2;180;180;156m▀[38;2;180;180;156;48;2;180;180;156m▀[38;2;156;148;131;48;2;65;57;49m▀[38;2;156;148;131;48;2;65;57;49m▀[38;2;0;0;0;48;2;0;0;0m▀[0m [0m [0m [0m [0m [0m [0m [0m [38;2;0;0;0m▄[38;2;0;0;0;48;2;16;16;16m▀[38;2;0;0;0;48;2;16;16;16m▀[38;2;0;0;0;48;2;16;16;16m▀[38;2;16;16;16;48;2;180;180;156m▀[38;2;16;16;16;48;2;180;180;156m▀[38;2;16;16;16;48;2;197;213;172m▀[38;2;180;180;156;48;2;197;213;172m▀[38;2;180;180;156;48;2;197;213;172m▀[38;2;180;180;156;48;2;65;57;49m▀[38;2;180;180;156;48;2;65;57;49m▀[38;2;156;148;131;48;2;65;57;49m▀[38;2;156;148;131;48;2;156;148;131m▀[38;2;65;57;49;48;2;156;148;131m▀[38;2;65;57;49;48;2;156;148;131m▀[38;2;65;57;49;48;2;156;148;131m▀[38;2;65;57;49;48;2;156;148;131m▀[38;2;156;148;131;48;2;156;148;131m▀[38;2;156;148;131;48;2;106;106;82m▀[38;2;106;106;82;48;2;0;0;0m▀[38;2;106;106;82;48;2;0;0;0m▀[38;2;0;0;0m▀[38;2;0;0;0m▀[0m [0m [0m [0m [0m [0m [0m
[0m [0m [0m [0m [0m [0m [0m [38;2;0;0;0m▄[38;2;0;0;0;48;2;156;148;131m▀[38;2;0;0;0;48;2;156;148;131m▀[38;2;156;148;131;48;2;197;213;172m▀[38;2;197;213;172;48;2;197;213;172m▀[38;2;197;213;172;48;2;180;180;156m▀[38;2;197;213;172;48;2;180;180;156m▀[38;2;180;180;156;48;2;180;180;156m▀[38;2;180;180;156;48;2;180;180;156m▀[38;2;180;180;156;48;2;180;180;156m▀[38;2;180;180;156;48;2;180;180;156m▀[38;2;180;180;156;48;2;180;180;156m▀[38;2;65;57;49;48;2;65;57;49m▀[38;2;0;0;0;48;2;0;0;0m▀[38;2;0;0;0m▀[0m [0m [0m [0m [0m [0m [0m [0m [38;2;0;0;0;48;2;0;0;0m▀[38;2;16;16;16;48;2;65;57;49m▀[38;2;180;180;156;48;2;180;180;156m▀[38;2;180;180;156;48;2;180;180;156m▀[38;2;197;213;172;48;2;156;148;131m▀[38;2;197;213;172;48;2;65;57;49m▀[38;2;156;148;131;48;2;65;57;49m▀[38;2;65;57;49;48;2;156;148;131m▀[38;2;65;57;49;48;2;156;148;131m▀[38;2;65;57;49;48;2;156;148;131m▀[38;2;156;148;131;48;2;156;148;131m▀[38;2;156;148;131;48;2;156;148;131m▀[38;2;156;148;131;48;2;156;148;131m▀[38;2;156;148;131;48;2;156;148;131m▀[38;2;156;148;131;48;2;156;148;131m▀[38;2;156;148;131;48;2;156;148;131m▀[38;2;156;148;131;48;2;156;148;131m▀[38;2;156;148;131;48;2;106;106;82m▀[38;2;106;106;82;48;2;0;0;0m▀[38;2;0;0;0m▀[0m [0m [0m [0m [0m [0m [0m [0m [0m [0m [0m
[0m [0m [0m [0m [0m [0m [38;2;0;0;0;48;2;0;0;0m▀[38;2;156;148;131;48;2;156;148;131m▀[38;2;197;213;172;48;2;197;213;172m▀[38;2;197;213;172;48;2;197;213;172m▀[38;2;197;213;172;48;2;197;213;172m▀[38;2;180;180;156;48;2;180;180;156m▀[38;2;180;180;156;48;2;180;180;156m▀[38;2;180;180;156;48;2;180;180;156m▀[38;2;180;180;156;48;2;180;180;156m▀[38;2;180;180;156;48;2;180;180;156m▀[38;2;180;180;156;48;2;180;180;156m▀[38;2;180;180;156;48;2;180;180;156m▀[38;2;180;180;156;48;2;180;180;156m▀[38;2;65;57;49;48;2;65;57;49m▀[38;2;0;0;0;48;2;0;0;0m▀[38;2;0;0;0m▄[0m [0m [0m [0m [0m [0m [0m [0m [38;2;0;0;0;48;2;0;0;0m▀[38;2;65;57;49;48;2;65;57;49m▀[38;2;180;180;156;48;2;180;180;156m▀[38;2;180;180;156;48;2;180;180;156m▀[38;2;106;106;82;48;2;106;106;82m▀[38;2;106;106;82;48;2;106;106;82m▀[38;2;156;148;131;48;2;156;148;131m▀[38;2;156;148;131;48;2;156;148;131m▀[38;2;156;148;131;48;2;156;148;131m▀[38;2;156;148;131;48;2;156;148;131m▀[38;2;156;148;131;48;2;156;148;131m▀[38;2;156;148;131;48;2;156;148;131m▀[38;2;156;148;131;48;2;156;148;131m▀[38;2;156;148;131;48;2;156;148;131m▀[38;2;156;148;131;48;2;156;148;131m▀[38;2;156;148;131;48;2;156;148;131m▀[38;2;106;106;82;48;2;106;106;82m▀[38;2;0;0;0;48;2;0;0;0m▀[0m [0m [0m [0m [0m [0m [0m [0m [0m [0m [0m [0m [0m
[0m [0m [0m [0m [38;2;0;0;0m▄[38;2;0;0;0;48;2;156;148;131m▀[38;2;156;148;131;48;2;197;213;172m▀[38;2;197;213;172;48;2;197;213;172m▀[38;2;197;213;172;48;2;180;180;156m▀[38;2;197;213;172;48;2;180;180;156m▀[38;2;180;180;156;48;2;180;180;156m▀[38;2;180;180;156;48;2;180;180;156m▀[38;2;180;180;156;48;2;180;180;156m▀[38;2;180;180;156;48;2;180;180;156m▀[38;2;180;180;156;48;2;180;180;156m▀[38;2;180;180;156;48;2;180;180;156m▀[38;2;180;180;156;48;2;180;180;156m▀[38;2;180;180;156;48;2;180;180;156m▀[38;2;180;180;156;48;2;180;180;156m▀[38;2;180;180;156;48;2;180;180;156m▀[38;2;65;57;49;48;2;65;57;49m▀[38;2;65;57;49;48;2;65;57;49m▀[38;2;0;0;0;48;2;0;0;0m▀[0m [0m [0m [0m [0m [0m [38;2;0;0;0;48;2;0;0;0m▀[38;2;65;57;49;48;2;65;57;49m▀[38;2;180;180;156;48;2;197;213;172m▀[38;2;156;148;131;48;2;106;106;82m▀[38;2;156;148;131;48;2;106;106;82m▀[38;2;106;106;82;48;2;156;148;131m▀[38;2;156;148;131;48;2;156;148;131m▀[38;2;156;148;131;48;2;156;148;131m▀[38;2;156;148;131;48;2;156;148;131m▀[38;2;156;148;131;48;2;156;148;131m▀[38;2;156;148;131;48;2;156;148;131m▀[38;2;156;148;131;48;2;156;148;131m▀[38;2;156;148;131;48;2;156;148;131m▀[38;2;156;148;131;48;2;156;148;131m▀[38;2;156;148;131;48;2;156;148;131m▀[38;2;156;148;131;48;2;106;106;82m▀[38;2;156;148;131;48;2;106;106;82m▀[38;2;106;106;82;48;2;0;0;0m▀[38;2;0;0;0m▀[0m [0m [0m [0m [0m [0m [0m [0m [0m [0m [0m [0m [0m
[0m [0m [0m [38;2;0;0;0m▄[38;2;0;0;0;48;2;156;148;131m▀[38;2;156;148;131;48;2;197;213;172m▀[38;2;197;213;172;48;2;197;213;172m▀[38;2;180;180;156;48;2;180;180;156m▀[38;2;180;180;156;48;2;180;180;156m▀[38;2;180;180;156;48;2;180;180;156m▀[38;2;180;180;156;48;2;180;180;156m▀[38;2;180;180;156;48;2;180;180;156m▀[38;2;180;180;156;48;2;180;180;156m▀[38;2;180;180;156;48;2;180;180;156m▀[38;2;180;180;156;48;2;197;213;172m▀[38;2;180;180;156;48;2;197;213;172m▀[38;2;180;180;156;48;2;197;213;172m▀[38;2;180;180;156;48;2;156;148;131m▀[38;2;197;213;172;48;2;156;148;131m▀[38;2;197;213;172;48;2;65;57;49m▀[38;2;180;180;156;48;2;65;57;49m▀[38;2;180;180;156;48;2;65;57;49m▀[38;2;65;57;49;48;2;65;57;49m▀[38;2;0;0;0;48;2;0;0;0m▀[0m [0m [0m [0m [0m [38;2;0;0;0;48;2;0;0;0m▀[38;2;65;57;49;48;2;65;57;49m▀[38;2;197;213;172;48;2;180;180;156m▀[38;2;106;106;82;48;2;106;106;82m▀[38;2;106;106;82;48;2;106;106;82m▀[38;2;156;148;131;48;2;106;106;82m▀[38;2;156;148;131;48;2;156;148;131m▀[38;2;156;148;131;48;2;156;148;131m▀[38;2;156;148;131;48;2;156;148;131m▀[38;2;156;148;131;48;2;156;148;131m▀[38;2;156;148;131;48;2;156;148;131m▀[38;2;156;148;131;48;2;156;148;131m▀[38;2;156;148;131;48;2;156;148;131m▀[38;2;156;148;131;48;2;156;148;131m▀[38;2;156;148;131;48;2;106;106;82m▀[38;2;106;106;82;48;2;0;0;0m▀[38;2;106;106;82;48;2;0;0;0m▀[38;2;0;0;0m▀[0m [0m [0m [0m [0m [0m [0m [0m [0m [0m [0m [0m [0m [0m
[0m [38;2;0;0;0m▄[38;2;0;0;0;48;2;156;148;131m▀[38;2;0;0;0;48;2;156;148;131m▀[38;2;156;148;131;48;2;197;213;172m▀[38;2;197;213;172;48;2;197;213;172m▀[38;2;180;180;156;48;2;180;180;156m▀[38;2;180;180;156;48;2;180;180;156m▀[38;2;180;180;156;48;2;180;180;156m▀[38;2;180;180;156;48;2;180;180;156m▀[38;2;180;180;156;48;2;197;213;172m▀[38;2;180;180;156;48;2;65;57;49m▀[38;2;197;213;172;48;2;65;57;49m▀[38;2;197;213;172;48;2;65;57;49m▀[38;2;156;148;131;48;2;156;148;131m▀[38;2;156;148;131;48;2;156;148;131m▀[38;2;65;57;49;48;2;156;148;131m▀[38;2;65;57;49;48;2;156;148;131m▀[38;2;156;148;131;48;2;156;148;131m▀[38;2;156;148;131;48;2;156;148;131m▀[38;2;65;57;49;48;2;65;57;49m▀[38;2;65;57;49;48;2;65;57;49m▀[38;2;65;57;49;48;2;0;0;0m▀[38;2;0;0;0m▀[0m [0m [0m [0m [38;2;0;0;0m▄[38;2;0;0;0;48;2;65;57;49m▀[38;2;65;57;49;48;2;197;213;172m▀[38;2;180;180;156;48;2;180;180;156m▀[38;2;156;148;131;48;2;65;57;49m▀[38;2;156;148;131;48;2;65;57;49m▀[38;2;156;148;131;48;2;65;57;49m▀[38;2;156;148;131;48;2;65;57;49m▀[38;2;156;148;131;48;2;65;57;49m▀[38;2;156;148;131;48;2;65;57;49m▀[38;2;106;106;82;48;2;156;148;131m▀[38;2;106;106;82;48;2;156;148;131m▀[38;2;106;106;82;48;2;156;148;131m▀[38;2;106;106;82;48;2;156;148;131m▀[38;2;156;148;131;48;2;156;148;131m▀[38;2;106;106;82;48;2;156;148;131m▀[38;2;0;0;0;48;2;65;57;49m▀[38;2;0;0;0;48;2;65;57;49m▀[38;2;0;0;0m▄[0m [0m [0m [0m [0m [0m [0m [0m [0m [0m [0m [0m [0m [0m
[0m [38;2;0;0;0;48;2;0;0;0m▀[38;2;156;148;131;48;2;65;57;49m▀[38;2;156;148;131;48;2;65;57;49m▀[38;2;197;213;172;48;2;197;213;172m▀[38;2;197;213;172;48;2;180;180;156m▀[38;2;180;180;156;48;2;180;180;156m▀[38;2;180;180;156;48;2;180;180;156m▀[38;2;180;180;156;48;2;156;148;131m▀[38;2;180;180;156;48;2;156;148;131m▀[38;2;197;213;172;48;2;65;57;49m▀[38;2;65;57;49;48;2;156;148;131m▀[38;2;65;57;49;48;2;156;148;131m▀[38;2;65;57;49;48;2;156;148;131m▀[38;2;156;148;131;48;2;156;148;131m▀[38;2;156;148;131;48;2;156;148;131m▀[38;2;156;148;131;48;2;156;148;131m▀[38;2;156;148;131;48;2;156;148;131m▀[38;2;156;148;131;48;2;156;148;131m▀[38;2;156;148;131;48;2;156;148;131m▀[38;2;65;57;49;48;2;65;57;49m▀[38;2;65;57;49;48;2;65;57;49m▀[38;2;0;0;0;48;2;0;0;0m▀[0m [0m [0m [0m [0m [38;2;0;0;0;48;2;0;0;0m▀[38;2;65;57;49;48;2;65;57;49m▀[38;2;197;213;172;48;2;180;180;156m▀[38;2;180;180;156;48;2;106;106;82m▀[38;2;65;57;49;48;2;106;106;82m▀[38;2;65;57;49;48;2;106;106;82m▀[38;2;65;57;49;48;2;156;148;131m▀[38;2;65;57;49;48;2;156;148;131m▀[38;2;65;57;49;48;2;156;148;131m▀[38;2;65;57;49;48;2;156;148;131m▀[38;2;156;148;131;48;2;65;57;49m▀[38;2;156;148;131;48;2;65;57;49m▀[38;2;156;148;131;48;2;65;57;49m▀[38;2;156;148;131;48;2;65;57;49m▀[38;2;156;148;131;48;2;65;57;49m▀[38;2;156;148;131;48;2;65;57;49m▀[38;2;65;57;49;48;2;0;0;0m▀[38;2;65;57;49;48;2;0;0;0m▀[38;2;0;0;0m▀[0m [0m [0m [0m [0m [0m [0m [0m [0m [0m [0m [0m [0m [0m
[0m [38;2;0;0;0m▀[38;2;65;57;49;48;2;0;0;0m▀[38;2;65;57;49;48;2;0;0;0m▀[38;2;180;180;156;48;2;65;57;49m▀[38;2;180;180;156;48;2;65;57;49m▀[38;2;180;180;156;48;2;156;148;131m▀[38;2;180;180;156;48;2;180;180;156m▀[38;2;156;148;131;48;2;180;180;156m▀[38;2;156;148;131;48;2;180;180;156m▀[38;2;156;148;131;48;2;156;148;131m▀[38;2;156;148;131;48;2;156;148;131m▀[38;2;156;148;131;48;2;156;148;131m▀[38;2;156;148;131;48;2;156;148;131m▀[38;2;156;148;131;48;2;156;148;131m▀[38;2;156;148;131;48;2;156;148;131m▀[38;2;156;148;131;48;2;156;148;131m▀[38;2;156;148;131;48;2;156;148;131m▀[38;2;156;148;131;48;2;156;148;131m▀[38;2;156;148;131;48;2;156;148;131m▀[38;2;65;57;49;48;2;65;57;49m▀[38;2;65;57;49;48;2;65;57;49m▀[38;2;0;0;0;48;2;0;0;0m▀[0m [0m [0m [0m [0m [38;2;0;0;0;48;2;0;0;0m▀[38;2;65;57;49;48;2;65;57;49m▀[38;2;180;180;156;48;2;180;180;156m▀[38;2;106;106;82;48;2;106;106;82m▀[38;2;106;106;82;48;2;156;148;131m▀[38;2;106;106;82;48;2;156;148;131m▀[38;2;156;148;131;48;2;156;148;131m▀[38;2;156;148;131;48;2;156;148;131m▀[38;2;156;148;131;48;2;156;148;131m▀[38;2;156;148;131;48;2;156;148;131m▀[38;2;156;148;131;48;2;106;106;82m▀[38;2;156;148;131;48;2;106;106;82m▀[38;2;156;148;131;48;2;106;106;82m▀[38;2;156;148;131;48;2;106;106;82m▀[38;2;106;106;82;48;2;0;0;0m▀[38;2;0;0;0m▀[0m [0m [0m [0m [0m [0m [0m [0m [0m [0m [0m [0m [0m [0m [0m [0m [0m
[0m [0m [0m [0m [38;2;0;0;0m▀[38;2;0;0;0m▀[38;2;65;57;49;48;2;0;0;0m▀[38;2;156;148;131;48;2;0;0;0m▀[38;2;180;180;156;48;2;65;57;49m▀[38;2;180;180;156;48;2;65;57;49m▀[38;2;180;180;156;48;2;156;148;131m▀[38;2;180;180;156;48;2;180;180;156m▀[38;2;156;148;131;48;2;180;180;156m▀[38;2;156;148;131;48;2;156;148;131m▀[38;2;156;148;131;48;2;156;148;131m▀[38;2;156;148;131;48;2;156;148;131m▀[38;2;156;148;131;48;2;156;148;131m▀[38;2;156;148;131;48;2;156;148;131m▀[38;2;156;148;131;48;2;156;148;131m▀[38;2;156;148;131;48;2;156;148;131m▀[38;2;65;57;49;48;2;65;57;49m▀[38;2;65;57;49;48;2;65;57;49m▀[38;2;0;0;0;48;2;0;0;0m▀[0m [0m [0m [0m [38;2;0;0;0;48;2;0;0;0m▀[38;2;65;57;49;48;2;65;57;49m▀[38;2;197;213;172;48;2;197;213;172m▀[38;2;180;180;156;48;2;106;106;82m▀[38;2;106;106;82;48;2;156;148;131m▀[38;2;156;148;131;48;2;156;148;131m▀[38;2;156;148;131;48;2;156;148;131m▀[38;2;156;148;131;48;2;156;148;131m▀[38;2;156;148;131;48;2;106;106;82m▀[38;2;106;106;82;48;2;0;0;0m▀[38;2;106;106;82;48;2;0;0;0m▀[38;2;0;0;0m▀[38;2;0;0;0m▀[38;2;0;0;0m▀[38;2;0;0;0m▀[0m [0m [0m [0m [0m [0m [0m [0m [0m [0m [0m [0m [0m [0m [0m [0m [0m [0m [0m
[0m [0m [0m [0m [0m [38;2;0;0;0m▄[38;2;0;0;0m▄[38;2;0;0;0;48;2;0;0;0m▀[38;2;65;57;49;48;2;0;0;0m▀[38;2;65;57;49;48;2;0;0;0m▀[38;2;156;148;131;48;2;0;0;0m▀[38;2;180;180;156;48;2;65;57;49m▀[38;2;180;180;156;48;2;180;180;156m▀[38;2;156;148;131;48;2;180;180;156m▀[38;2;156;148;131;48;2;180;180;156m▀[38;2;156;148;131;48;2;180;180;156m▀[38;2;156;148;131;48;2;156;148;131m▀[38;2;156;148;131;48;2;156;148;131m▀[38;2;156;148;131;48;2;156;148;131m▀[38;2;156;148;131;48;2;156;148;131m▀[38;2;65;57;49;48;2;65;57;49m▀[38;2;65;57;49;48;2;65;57;49m▀[38;2;0;0;0;48;2;0;0;0m▀[0m [0m [0m [38;2;0;0;0m▄[38;2;0;0;0;48;2;0;0;0m▀[38;2;65;57;49;48;2;65;57;49m▀[38;2;197;213;172;48;2;180;180;156m▀[38;2;106;106;82;48;2;106;106;82m▀[38;2;156;148;131;48;2;156;148;131m▀[38;2;156;148;131;48;2;156;148;131m▀[38;2;156;148;131;48;2;156;148;131m▀[38;2;156;148;131;48;2;106;106;82m▀[38;2;106;106;82;48;2;0;0;0m▀[38;2;0;0;0m▀[0m [0m [0m [0m [0m [0m [0m [0m [0m [0m [0m [0m [0m [0m [0m [0m [0m [0m [0m [0m [0m [0m [0m [0m
[0m [0m [38;2;0;0;0m▄[38;2;0;0;0m▄[38;2;0;0;0;48;2;64;56;48m▀[38;2;64;56;48;48;2;176;176;152m▀[38;2;64;56;48;48;2;176;176;152m▀[38;2;64;56;48;48;2;176;176;152m▀[38;2;64;56;48;48;2;176;176;152m▀[38;2;64;56;48;48;2;176;176;152m▀[38;2;0;0;0;48;2;104;104;80m▀[38;2;0;0;0;48;2;104;104;80m▀[38;2;64;56;48;48;2;192;208;168m▀[38;2;64;56;48;48;2;176;176;152m▀[38;2;64;56;48;48;2;176;176;152m▀[38;2;64;56;48;48;2;176;176;152m▀[38;2;64;56;48;48;2;176;176;152m▀[38;2;64;56;48;48;2;176;176;152m▀[38;2;156;148;131;48;2;64;56;48m▀[38;2;156;148;131;48;2;156;148;131m▀[38;2;65;57;49;48;2;156;148;131m▀[38;2;65;57;49;48;2;156;148;131m▀[38;2;0;0;0;48;2;65;57;49m▀[38;2;0;0;0m▄[0m [38;2;0;0;0;48;2;0;0;0m▀[38;2;65;57;49;48;2;65;57;49m▀[38;2;65;57;49;48;2;65;57;49m▀[38;2;197;213;172;48;2;180;180;156m▀[38;2;180;180;156;48;2;106;106;82m▀[38;2;106;106;82;48;2;156;148;131m▀[38;2;156;148;131;48;2;106;106;82m▀[38;2;106;106;82;48;2;0;0;0m▀[38;2;106;106;82;48;2;0;0;0m▀[38;2;0;0;0m▀[0m [0m [0m [0m [0m [0m [0m [0m [0m [0m [0m [0m [0m [0m [0m [0m [0m [0m [0m [0m [0m [0m [0m [0m [0m [0m
[0m [38;2;0;0;0;48;2;0;0;0m▀[38;2;64;56;48;48;2;64;56;48m▀[38;2;64;56;48;48;2;64;56;48m▀[38;2;176;176;152;48;2;176;176;152m▀[38;2;176;176;152;48;2;64;56;48m▀[38;2;64;56;48;48;2;152;144;128m▀[38;2;64;56;48;48;2;152;144;128m▀[38;2;64;56;48;48;2;64;56;48m▀[38;2;64;56;48;48;2;64;56;48m▀[38;2;176;176;152;48;2;176;176;152m▀[38;2;192;208;168;48;2;176;176;152m▀[38;2;192;208;168;48;2;152;144;128m▀[38;2;176;176;152;48;2;16;16;16m▀[38;2;176;176;152;48;2;16;16;16m▀[38;2;176;176;152;48;2;16;16;16m▀[38;2;176;176;152;48;2;16;16;16m▀[38;2;152;144;128;48;2;64;56;48m▀[38;2;152;144;128;48;2;152;144;128m▀[38;2;64;56;48;48;2;104;104;80m▀[38;2;156;148;131;48;2;156;148;131m▀[38;2;156;148;131;48;2;156;148;131m▀[38;2;65;57;49;48;2;65;57;49m▀[38;2;0;0;0;48;2;0;0;0m▀[38;2;0;0;0m▄[38;2;0;0;0;48;2;156;148;131m▀[38;2;197;213;172;48;2;180;180;156m▀[38;2;197;213;172;48;2;180;180;156m▀[38;2;180;180;156;48;2;106;106;82m▀[38;2;106;106;82;48;2;106;106;82m▀[38;2;156;148;131;48;2;106;106;82m▀[38;2;106;106;82;48;2;0;0;0m▀[38;2;0;0;0m▀[0m [0m [0m [0m [0m [0m [0m [0m [0m [0m [0m [0m [0m [0m [0m [0m [0m [0m [0m [0m [0m [0m [0m [0m [0m [0m [0m [0m
[0m [38;2;0;0;0m▀[38;2;64;56;48;48;2;0;0;0m▀[38;2;64;56;48;48;2;0;0;0m▀[38;2;176;176;152;48;2;64;56;48m▀[38;2;64;56;48;48;2;152;144;128m▀[38;2;152;144;128;48;2;152;144;128m▀[38;2;152;144;128;48;2;156;148;131m▀[38;2;64;56;48;48;2;152;144;128m▀[38;2;64;56;48;48;2;152;144;128m▀[38;2;176;176;152;48;2;16;16;16m▀[38;2;176;176;152;48;2;16;16;16m▀[38;2;152;144;128;48;2;16;16;16m▀[38;2;16;16;16;48;2;144;152;152m▀[38;2;16;16;16;48;2;200;216;200m▀[38;2;16;16;16;48;2;200;216;200m▀[38;2;16;16;16;48;2;200;216;200m▀[38;2;64;56;48;48;2;16;16;16m▀[38;2;152;144;128;48;2;64;56;48m▀[38;2;104;104;80;48;2;65;57;49m▀[38;2;156;148;131;48;2;156;148;131m▀[38;2;156;148;131;48;2;156;148;131m▀[38;2;65;57;49;48;2;65;57;49m▀[38;2;0;0;0;48;2;65;57;49m▀[38;2;0;0;0;48;2;156;148;131m▀[38;2;156;148;131;48;2;180;180;156m▀[38;2;180;180;156;48;2;180;180;156m▀[38;2;180;180;156;48;2;180;180;156m▀[38;2;106;106;82;48;2;106;106;82m▀[38;2;106;106;82;48;2;65;57;49m▀[38;2;106;106;82;48;2;65;57;49m▀[38;2;0;0;0;48;2;0;0;0m▀[0m [0m [0m [0m [0m [0m [0m [0m [0m [0m [0m [0m [0m [0m [0m [38;2;0;0;0m▄[38;2;0;0;0m▄[38;2;0;0;0m▄[38;2;0;0;0m▄[38;2;0;0;0m▄[38;2;0;0;0m▄[38;2;0;0;0;48;2;156;148;131m▀[38;2;0;0;0;48;2;156;148;131m▀[38;2;0;0;0;48;2;156;148;131m▀[38;2;0;0;0;48;2;156;148;131m▀[38;2;0;0;0;48;2;156;148;131m▀[38;2;0;0;0;48;2;156;148;131m▀[38;2;0;0;0m▄[0m
[0m [38;2;0;0;0m▄[38;2;0;0;0;48;2;104;104;80m▀[38;2;0;0;0;48;2;104;104;80m▀[38;2;64;56;48;48;2;64;56;48m▀[38;2;152;144;128;48;2;64;56;48m▀[38;2;156;148;131;48;2;64;56;48m▀[38;2;197;213;172;48;2;64;56;48m▀[38;2;197;213;172;48;2;64;56;48m▀[38;2;197;213;172;48;2;64;56;48m▀[38;2;16;16;16;48;2;104;104;80m▀[38;2;200;216;200;48;2;104;104;80m▀[38;2;16;16;16;48;2;144;152;152m▀[38;2;248;248;248;48;2;248;248;248m▀[38;2;248;248;248;48;2;248;248;248m▀[38;2;248;248;248;48;2;248;248;248m▀[38;2;200;216;200;48;2;248;248;248m▀[38;2;104;104;80;48;2;104;104;80m▀[38;2;180;180;156;48;2;180;180;156m▀[38;2;180;180;156;48;2;180;180;156m▀[38;2;156;148;131;48;2;180;180;156m▀[38;2;156;148;131;48;2;180;180;156m▀[38;2;156;148;131;48;2;180;180;156m▀[38;2;180;180;156;48;2;16;16;16m▀[38;2;156;148;131;48;2;16;16;16m▀[38;2;180;180;156;48;2;16;16;16m▀[38;2;65;57;49;48;2;180;180;156m▀[38;2;65;57;49;48;2;180;180;156m▀[38;2;65;57;49;48;2;180;180;156m▀[38;2;180;180;156;48;2;180;180;156m▀[38;2;156;148;131;48;2;156;148;131m▀[38;2;65;57;49;48;2;156;148;131m▀[38;2;0;0;0;48;2;65;57;49m▀[38;2;0;0;0;48;2;65;57;49m▀[38;2;0;0;0m▄[38;2;0;0;0m▄[38;2;0;0;0m▄[38;2;0;0;0m▄[38;2;0;0;0m▄[38;2;0;0;0m▄[38;2;0;0;0;48;2;156;148;131m▀[38;2;0;0;0;48;2;156;148;131m▀[38;2;0;0;0;48;2;156;148;131m▀[38;2;0;0;0;48;2;156;148;131m▀[38;2;0;0;0;48;2;156;148;131m▀[38;2;0;0;0;48;2;156;148;131m▀[38;2;0;0;0;48;2;156;148;131m▀[38;2;156;148;131;48;2;180;180;156m▀[38;2;156;148;131;48;2;180;180;156m▀[38;2;156;148;131;48;2;180;180;156m▀[38;2;156;148;131;48;2;180;180;156m▀[38;2;156;148;131;48;2;180;180;156m▀[38;2;156;148;131;48;2;180;180;156m▀[38;2;180;180;156;48;2;156;148;131m▀[38;2;180;180;156;48;2;16;16;16m▀[38;2;180;180;156;48;2;16;16;16m▀[38;2;180;180;156;48;2;16;16;16m▀[38;2;180;180;156;48;2;16;16;16m▀[38;2;180;180;156;48;2;16;16;16m▀[38;2;16;16;16;48;2;0;0;0m▀[0m
[38;2;0;0;0;48;2;0;0;0m▀[38;2;104;104;80;48;2;16;16;16m▀[38;2;176;176;152;48;2;152;144;128m▀[38;2;176;176;152;48;2;152;144;128m▀[38;2;176;176;152;48;2;176;176;152m▀[38;2;176;176;152;48;2;176;176;152m▀[38;2;176;176;152;48;2;176;176;152m▀[38;2;176;176;152;48;2;176;176;152m▀[38;2;176;176;152;48;2;176;176;152m▀[38;2;176;176;152;48;2;176;176;152m▀[38;2;176;176;152;48;2;152;144;128m▀[38;2;152;144;128;48;2;152;144;128m▀[38;2;64;56;48;48;2;152;144;128m▀[38;2;104;104;80;48;2;64;56;48m▀[38;2;104;104;80;48;2;16;16;16m▀[38;2;104;104;80;48;2;16;16;16m▀[38;2;156;148;131;48;2;16;16;16m▀[38;2;180;180;156;48;2;156;148;131m▀[38;2;180;180;156;48;2;180;180;156m▀[38;2;180;180;156;48;2;180;180;156m▀[38;2;180;180;156;48;2;156;148;131m▀[38;2;180;180;156;48;2;156;148;131m▀[38;2;156;148;131;48;2;156;148;131m▀[38;2;156;148;131;48;2;156;148;131m▀[38;2;156;148;131;48;2;156;148;131m▀[38;2;156;148;131;48;2;156;148;131m▀[38;2;65;57;49;48;2;156;148;131m▀[38;2;65;57;49;48;2;156;148;131m▀[38;2;16;16;16;48;2;156;148;131m▀[38;2;180;180;156;48;2;65;57;49m▀[38;2;156;148;131;48;2;16;16;16m▀[38;2;156;148;131;48;2;156;148;131m▀[38;2;65;57;49;48;2;156;148;131m▀[38;2;65;57;49;48;2;156;148;131m▀[38;2;156;148;131;48;2;156;148;131m▀[38;2;156;148;131;48;2;180;180;156m▀[38;2;156;148;131;48;2;180;180;156m▀[38;2;156;148;131;48;2;180;180;156m▀[38;2;156;148;131;48;2;180;180;156m▀[38;2;156;148;131;48;2;180;180;156m▀[38;2;180;180;156;48;2;180;180;156m▀[38;2;180;180;156;48;2;156;148;131m▀[38;2;180;180;156;48;2;16;16;16m▀[38;2;180;180;156;48;2;16;16;16m▀[38;2;180;180;156;48;2;16;16;16m▀[38;2;180;180;156;48;2;16;16;16m▀[38;2;180;180;156;48;2;16;16;16m▀[38;2;180;180;156;48;2;16;16;16m▀[38;2;156;148;131;48;2;16;16;16m▀[38;2;16;16;16;48;2;0;0;0m▀[38;2;16;16;16;48;2;0;0;0m▀[38;2;16;16;16;48;2;0;0;0m▀[38;2;16;16;16;48;2;0;0;0m▀[38;2;16;16;16;48;2;0;0;0m▀[38;2;0;0;0m▀[38;2;0;0;0m▀[38;2;0;0;0m▀[38;2;0;0;0m▀[38;2;0;0;0m▀[0m [0m
[38;2;0;0;0;48;2;64;56;48m▀[38;2;16;16;16;48;2;152;144;128m▀[38;2;152;144;128;48;2;152;144;128m▀[38;2;152;144;128;48;2;152;144;128m▀[38;2;176;176;152;48;2;152;144;128m▀[38;2;176;176;152;48;2;152;144;128m▀[38;2;176;176;152;48;2;152;144;128m▀[38;2;176;176;152;48;2;152;144;128m▀[38;2;176;176;152;48;2;152;144;128m▀[38;2;176;176;152;48;2;152;144;128m▀[38;2;152;144;128;48;2;152;144;128m▀[38;2;152;144;128;48;2;152;144;128m▀[38;2;152;144;128;48;2;152;144;128m▀[38;2;64;56;48;48;2;152;144;128m▀[38;2;16;16;16;48;2;64;56;48m▀[38;2;16;16;16;48;2;64;56;48m▀[38;2;16;16;16;48;2;104;104;80m▀[38;2;156;148;131;48;2;16;16;16m▀[38;2;180;180;156;48;2;65;57;49m▀[38;2;180;180;156;48;2;64;56;48m▀[38;2;156;148;131;48;2;64;56;48m▀[38;2;156;148;131;48;2;64;56;48m▀[38;2;156;148;131;48;2;104;104;80m▀[38;2;156;148;131;48;2;156;148;131m▀[38;2;156;148;131;48;2;156;148;131m▀[38;2;156;148;131;48;2;156;148;131m▀[38;2;156;148;131;48;2;156;148;131m▀[38;2;156;148;131;48;2;156;148;131m▀[38;2;156;148;131;48;2;156;148;131m▀[38;2;65;57;49;48;2;156;148;131m▀[38;2;16;16;16;48;2;156;148;131m▀[38;2;156;148;131;48;2;65;57;49m▀[38;2;156;148;131;48;2;16;16;16m▀[38;2;156;148;131;48;2;16;16;16m▀[38;2;156;148;131;48;2;16;16;16m▀[38;2;180;180;156;48;2;156;148;131m▀[38;2;180;180;156;48;2;156;148;131m▀[38;2;180;180;156;48;2;16;16;16m▀[38;2;180;180;156;48;2;16;16;16m▀[38;2;180;180;156;48;2;16;16;16m▀[38;2;180;180;156;48;2;16;16;16m▀[38;2;156;148;131;48;2;16;16;16m▀[38;2;16;16;16;48;2;0;0;0m▀[38;2;16;16;16;48;2;0;0;0m▀[38;2;16;16;16;48;2;0;0;0m▀[38;2;16;16;16;48;2;0;0;0m▀[38;2;16;16;16;48;2;0;0;0m▀[38;2;16;16;16;48;2;0;0;0m▀[38;2;16;16;16;48;2;0;0;0m▀[38;2;0;0;0m▀[0m [0m [0m [0m [0m [0m [0m [0m [0m [0m [0m
[38;2;64;56;48;48;2;64;56;48m▀[38;2;152;144;128;48;2;152;144;128m▀[38;2;152;144;128;48;2;152;144;128m▀[38;2;152;144;128;48;2;152;144;128m▀[38;2;152;144;128;48;2;152;144;128m▀[38;2;152;144;128;48;2;152;144;128m▀[38;2;152;144;128;48;2;104;104;80m▀[38;2;152;144;128;48;2;104;104;80m▀[38;2;152;144;128;48;2;104;104;80m▀[38;2;152;144;128;48;2;104;104;80m▀[38;2;152;144;128;48;2;104;104;80m▀[38;2;152;144;128;48;2;104;104;80m▀[38;2;152;144;128;48;2;104;104;80m▀[38;2;152;144;128;48;2;152;144;128m▀[38;2;152;144;128;48;2;152;144;128m▀[38;2;152;144;128;48;2;152;144;128m▀[38;2;152;144;128;48;2;152;144;128m▀[38;2;64;56;48;48;2;152;144;128m▀[38;2;64;56;48;48;2;152;144;128m▀[38;2;152;144;128;48;2;152;144;128m▀[38;2;152;144;128;48;2;152;144;128m▀[38;2;152;144;128;48;2;152;144;128m▀[38;2;64;56;48;48;2;152;144;128m▀[38;2;156;148;131;48;2;104;104;80m▀[38;2;106;106;82;48;2;156;148;131m▀[38;2;156;148;131;48;2;16;16;16m▀[38;2;156;148;131;48;2;156;148;131m▀[38;2;156;148;131;48;2;156;148;131m▀[38;2;156;148;131;48;2;156;148;131m▀[38;2;156;148;131;48;2;156;148;131m▀[38;2;156;148;131;48;2;156;148;131m▀[38;2;156;148;131;48;2;156;148;131m▀[38;2;156;148;131;48;2;156;148;131m▀[38;2;156;148;131;48;2;156;148;131m▀[38;2;16;16;16;48;2;156;148;131m▀[38;2;16;16;16;48;2;16;16;16m▀[38;2;16;16;16;48;2;156;148;131m▀[38;2;65;57;49;48;2;156;148;131m▀[38;2;65;57;49;48;2;156;148;131m▀[38;2;65;57;49;48;2;156;148;131m▀[38;2;0;0;0;48;2;65;57;49m▀[38;2;0;0;0;48;2;65;57;49m▀[38;2;0;0;0m▄[38;2;0;0;0m▄[38;2;0;0;0m▄[38;2;0;0;0m▄[0m [0m [0m [0m [0m [0m [0m [0m [0m [0m [0m [0m [0m [0m [0m
[38;2;0;0;0m▀[38;2;64;56;48;48;2;0;0;0m▀[38;2;152;144;128;48;2;64;56;48m▀[38;2;152;144;128;48;2;64;56;48m▀[38;2;152;144;128;48;2;152;144;128m▀[38;2;104;104;80;48;2;152;144;128m▀[38;2;152;144;128;48;2;152;144;128m▀[38;2;152;144;128;48;2;152;144;128m▀[38;2;152;144;128;48;2;152;144;128m▀[38;2;152;144;128;48;2;152;144;128m▀[38;2;152;144;128;48;2;152;144;128m▀[38;2;152;144;128;48;2;152;144;128m▀[38;2;152;144;128;48;2;152;144;128m▀[38;2;152;144;128;48;2;152;144;128m▀[38;2;104;104;80;48;2;152;144;128m▀[38;2;104;104;80;48;2;152;144;128m▀[38;2;152;144;128;48;2;104;104;80m▀[38;2;152;144;128;48;2;152;144;128m▀[38;2;152;144;128;48;2;152;144;128m▀[38;2;152;144;128;48;2;152;144;128m▀[38;2;152;144;128;48;2;16;16;16m▀[38;2;152;144;128;48;2;16;16;16m▀[38;2;152;144;128;48;2;64;56;48m▀[38;2;16;16;16;48;2;16;16;16m▀[38;2;156;148;131;48;2;156;148;131m▀[38;2;156;148;131;48;2;156;148;131m▀[38;2;16;16;16;48;2;156;148;131m▀[38;2;16;16;16;48;2;156;148;131m▀[38;2;106;106;82;48;2;65;57;49m▀[38;2;106;106;82;48;2;180;180;156m▀[38;2;156;148;131;48;2;106;106;82m▀[38;2;156;148;131;48;2;156;148;131m▀[38;2;156;148;131;48;2;156;148;131m▀[38;2;156;148;131;48;2;156;148;131m▀[38;2;156;148;131;48;2;156;148;131m▀[38;2;156;148;131;48;2;156;148;131m▀[38;2;16;16;16;48;2;65;57;49m▀[38;2;156;148;131;48;2;16;16;16m▀[38;2;156;148;131;48;2;16;16;16m▀[38;2;156;148;131;48;2;16;16;16m▀[38;2;156;148;131;48;2;16;16;16m▀[38;2;156;148;131;48;2;156;148;131m▀[38;2;65;57;49;48;2;156;148;131m▀[38;2;65;57;49;48;2;156;148;131m▀[38;2;65;57;49;48;2;156;148;131m▀[38;2;65;57;49;48;2;156;148;131m▀[38;2;0;0;0;48;2;65;57;49m▀[38;2;0;0;0;48;2;65;57;49m▀[38;2;0;0;0;48;2;65;57;49m▀[38;2;0;0;0m▄[0m [0m [0m [0m [0m [0m [0m [0m [0m [0m [0m
[0m [38;2;0;0;0m▀[38;2;64;56;48;48;2;0;0;0m▀[38;2;64;56;48;48;2;0;0;0m▀[38;2;152;144;128;48;2;64;56;48m▀[38;2;152;144;128;48;2;16;16;16m▀[38;2;152;144;128;48;2;152;144;128m▀[38;2;152;144;128;48;2;152;144;128m▀[38;2;152;144;128;48;2;152;144;128m▀[38;2;152;144;128;48;2;152;144;128m▀[38;2;152;144;128;48;2;152;144;128m▀[38;2;152;144;128;48;2;152;144;128m▀[38;2;152;144;128;48;2;152;144;128m▀[38;2;152;144;128;48;2;152;144;128m▀[38;2;152;144;128;48;2;152;144;128m▀[38;2;152;144;128;48;2;152;144;128m▀[38;2;104;104;80;48;2;152;144;128m▀[38;2;152;144;128;48;2;152;144;128m▀[38;2;152;144;128;48;2;16;16;16m▀[38;2;152;144;128;48;2;64;56;48m▀[38;2;16;16;16;48;2;180;180;156m▀[38;2;16;16;16;48;2;180;180;156m▀[38;2;64;56;48;48;2;16;16;16m▀[38;2;16;16;16;48;2;0;0;0m▀[38;2;156;148;131;48;2;16;16;16m▀[38;2;156;148;131;48;2;16;16;16m▀[38;2;156;148;131;48;2;16;16;16m▀[38;2;156;148;131;48;2;16;16;16m▀[38;2;65;57;49;48;2;65;57;49m▀[38;2;180;180;156;48;2;180;180;156m▀[38;2;106;106;82;48;2;180;180;156m▀[38;2;156;148;131;48;2;106;106;82m▀[38;2;156;148;131;48;2;156;148;131m▀[38;2;156;148;131;48;2;156;148;131m▀[38;2;156;148;131;48;2;156;148;131m▀[38;2;156;148;131;48;2;156;148;131m▀[38;2;65;57;49;48;2;156;148;131m▀[38;2;16;16;16;48;2;16;16;16m▀[38;2;16;16;16;48;2;0;0;0m▀[38;2;16;16;16;48;2;0;0;0m▀[38;2;16;16;16;48;2;0;0;0m▀[38;2;156;148;131;48;2;16;16;16m▀[38;2;156;148;131;48;2;16;16;16m▀[38;2;156;148;131;48;2;16;16;16m▀[38;2;156;148;131;48;2;156;148;131m▀[38;2;156;148;131;48;2;156;148;131m▀[38;2;65;57;49;48;2;156;148;131m▀[38;2;65;57;49;48;2;156;148;131m▀[38;2;65;57;49;48;2;156;148;131m▀[38;2;0;0;0;48;2;65;57;49m▀[38;2;0;0;0;48;2;65;57;49m▀[38;2;0;0;0;48;2;65;57;49m▀[38;2;0;0;0;48;2;65;57;49m▀[38;2;0;0;0m▄[0m [0m [0m [0m [0m [0m [0m
[0m [0m [0m [0m [38;2;0;0;0m▀[38;2;0;0;0m▀[38;2;104;104;80;48;2;0;0;0m▀[38;2;64;56;48;48;2;0;0;0m▀[38;2;16;16;16;48;2;0;0;0m▀[38;2;16;16;16;48;2;0;0;0m▀[38;2;16;16;16;48;2;0;0;0m▀[38;2;16;16;16;48;2;0;0;0m▀[38;2;16;16;16;48;2;0;0;0m▀[38;2;16;16;16;48;2;0;0;0m▀[38;2;16;16;16;48;2;0;0;0m▀[38;2;16;16;16;48;2;0;0;0m▀[38;2;16;16;16;48;2;0;0;0m▀[38;2;64;56;48;48;2;106;106;82m▀[38;2;16;16;16;48;2;156;148;131m▀[38;2;180;180;156;48;2;180;180;156m▀[38;2;180;180;156;48;2;180;180;156m▀[38;2;180;180;156;48;2;180;180;156m▀[38;2;16;16;16;48;2;65;57;49m▀[38;2;0;0;0;48;2;0;0;0m▀[38;2;0;0;0m▀[38;2;0;0;0m▀[38;2;0;0;0m▀[38;2;0;0;0m▀[38;2;106;106;82;48;2;0;0;0m▀[38;2;156;148;131;48;2;106;106;82m▀[38;2;180;180;156;48;2;180;180;156m▀[38;2;156;148;131;48;2;180;180;156m▀[38;2;106;106;82;48;2;106;106;82m▀[38;2;106;106;82;48;2;106;106;82m▀[38;2;156;148;131;48;2;156;148;131m▀[38;2;156;148;131;48;2;156;148;131m▀[38;2;156;148;131;48;2;156;148;131m▀[38;2;65;57;49;48;2;156;148;131m▀[38;2;0;0;0;48;2;16;16;16m▀[38;2;0;0;0;48;2;16;16;16m▀[38;2;0;0;0;48;2;16;16;16m▀[38;2;0;0;0;48;2;65;57;49m▀[38;2;0;0;0;48;2;0;0;0m▀[38;2;0;0;0m▀[38;2;16;16;16;48;2;0;0;0m▀[38;2;16;16;16;48;2;0;0;0m▀[38;2;16;16;16;48;2;0;0;0m▀[38;2;16;16;16;48;2;0;0;0m▀[38;2;156;148;131;48;2;16;16;16m▀[38;2;156;148;131;48;2;16;16;16m▀[38;2;156;148;131;48;2;16;16;16m▀[38;2;156;148;131;48;2;16;16;16m▀[38;2;156;148;131;48;2;16;16;16m▀[38;2;65;57;49;48;2;0;0;0m▀[38;2;0;0;0m▀[0m [0m [0m [0m [0m [0m
[0m [0m [0m [0m [0m [0m [0m [0m [0m [0m [38;2;0;0;0m▄[38;2;0;0;0;48;2;65;57;49m▀[38;2;16;16;16;48;2;156;148;131m▀[38;2;65;57;49;48;2;106;106;82m▀[38;2;156;148;131;48;2;156;148;131m▀[38;2;156;148;131;48;2;156;148;131m▀[38;2;156;148;131;48;2;156;148;131m▀[38;2;156;148;131;48;2;156;148;131m▀[38;2;156;148;131;48;2;106;106;82m▀[38;2;180;180;156;48;2;156;148;131m▀[38;2;65;57;49;48;2;16;16;16m▀[38;2;65;57;49;48;2;16;16;16m▀[38;2;0;0;0;48;2;0;0;0m▀[0m [0m [0m [0m [0m [0m [38;2;0;0;0m▀[38;2;106;106;82;48;2;0;0;0m▀[38;2;180;180;156;48;2;65;57;49m▀[38;2;156;148;131;48;2;156;148;131m▀[38;2;156;148;131;48;2;156;148;131m▀[38;2;156;148;131;48;2;156;148;131m▀[38;2;156;148;131;48;2;156;148;131m▀[38;2;156;148;131;48;2;156;148;131m▀[38;2;156;148;131;48;2;156;148;131m▀[38;2;106;106;82;48;2;156;148;131m▀[38;2;106;106;82;48;2;156;148;131m▀[38;2;156;148;131;48;2;156;148;131m▀[38;2;156;148;131;48;2;156;148;131m▀[38;2;65;57;49;48;2;156;148;131m▀[38;2;0;0;0;48;2;16;16;16m▀[38;2;0;0;0m▄[0m [0m [0m [38;2;0;0;0m▀[38;2;0;0;0m▀[38;2;0;0;0m▀[38;2;0;0;0m▀[38;2;0;0;0m▀[0m [0m [0m [0m [0m [0m [0m [0m
[0m [0m [0m [0m [0m [0m [0m [0m [0m [0m [38;2;0;0;0;48;2;0;0;0m▀[38;2;65;57;49;48;2;65;57;49m▀[38;2;156;148;131;48;2;156;148;131m▀[38;2;106;106;82;48;2;156;148;131m▀[38;2;156;148;131;48;2;156;148;131m▀[38;2;156;148;131;48;2;156;148;131m▀[38;2;156;148;131;48;2;156;148;131m▀[38;2;156;148;131;48;2;156;148;131m▀[38;2;106;106;82;48;2;156;148;131m▀[38;2;156;148;131;48;2;65;57;49m▀[38;2;16;16;16;48;2;156;148;131m▀[38;2;16;16;16;48;2;156;148;131m▀[38;2;0;0;0;48;2;65;57;49m▀[38;2;0;0;0;48;2;65;57;49m▀[38;2;0;0;0m▄[0m [0m [0m [0m [0m [38;2;0;0;0;48;2;0;0;0m▀[38;2;65;57;49;48;2;106;106;82m▀[38;2;156;148;131;48;2;65;57;49m▀[38;2;156;148;131;48;2;65;57;49m▀[38;2;156;148;131;48;2;156;148;131m▀[38;2;156;148;131;48;2;156;148;131m▀[38;2;156;148;131;48;2;156;148;131m▀[38;2;156;148;131;48;2;156;148;131m▀[38;2;156;148;131;48;2;156;148;131m▀[38;2;156;148;131;48;2;156;148;131m▀[38;2;156;148;131;48;2;156;148;131m▀[38;2;156;148;131;48;2;156;148;131m▀[38;2;156;148;131;48;2;156;148;131m▀[38;2;16;16;16;48;2;16;16;16m▀[38;2;0;0;0;48;2;0;0;0m▀[38;2;0;0;0m▄[38;2;0;0;0m▄[0m [0m [0m [0m [0m [0m [0m [0m [0m [0m [0m [0m [0m [0m
[0m [0m [0m [0m [0m [0m [0m [0m [0m [38;2;0;0;0;48;2;0;0;0m▀[38;2;65;57;49;48;2;65;57;49m▀[38;2;156;148;131;48;2;156;148;131m▀[38;2;156;148;131;48;2;156;148;131m▀[38;2;156;148;131;48;2;156;148;131m▀[38;2;156;148;131;48;2;156;148;131m▀[38;2;156;148;131;48;2;156;148;131m▀[38;2;156;148;131;48;2;156;148;131m▀[38;2;156;148;131;48;2;156;148;131m▀[38;2;156;148;131;48;2;156;148;131m▀[38;2;106;106;82;48;2;156;148;131m▀[38;2;156;148;131;48;2;156;148;131m▀[38;2;156;148;131;48;2;156;148;131m▀[38;2;156;148;131;48;2;156;148;131m▀[38;2;156;148;131;48;2;156;148;131m▀[38;2;65;57;49;48;2;65;57;49m▀[38;2;0;0;0;48;2;0;0;0m▀[0m [0m [0m [38;2;0;0;0;48;2;0;0;0m▀[38;2;106;106;82;48;2;106;106;82m▀[38;2;156;148;131;48;2;156;148;131m▀[38;2;106;106;82;48;2;156;148;131m▀[38;2;106;106;82;48;2;156;148;131m▀[38;2;156;148;131;48;2;156;148;131m▀[38;2;156;148;131;48;2;156;148;131m▀[38;2;156;148;131;48;2;156;148;131m▀[38;2;156;148;131;48;2;180;180;156m▀[38;2;156;148;131;48;2;180;180;156m▀[38;2;156;148;131;48;2;180;180;156m▀[38;2;156;148;131;48;2;180;180;156m▀[38;2;156;148;131;48;2;180;180;156m▀[38;2;156;148;131;48;2;156;148;131m▀[38;2;156;148;131;48;2;156;148;131m▀[38;2;16;16;16;48;2;65;57;49m▀[38;2;16;16;16;48;2;65;57;49m▀[38;2;16;16;16;48;2;156;148;131m▀[38;2;0;0;0;48;2;16;16;16m▀[38;2;0;0;0m▄[0m [0m [0m [0m [0m [0m [0m [0m [0m [0m [0m [0m
[0m [0m [0m [0m [0m [0m [0m [0m [0m [38;2;0;0;0;48;2;0;0;0m▀[38;2;65;57;49;48;2;65;57;49m▀[38;2;180;180;156;48;2;180;180;156m▀[38;2;180;180;156;48;2;180;180;156m▀[38;2;156;148;131;48;2;180;180;156m▀[38;2;156;148;131;48;2;180;180;156m▀[38;2;156;148;131;48;2;180;180;156m▀[38;2;156;148;131;48;2;156;148;131m▀[38;2;156;148;131;48;2;156;148;131m▀[38;2;156;148;131;48;2;156;148;131m▀[38;2;156;148;131;48;2;156;148;131m▀[38;2;156;148;131;48;2;106;106;82m▀[38;2;156;148;131;48;2;106;106;82m▀[38;2;180;180;156;48;2;180;180;156m▀[38;2;180;180;156;48;2;180;180;156m▀[38;2;180;180;156;48;2;180;180;156m▀[38;2;106;106;82;48;2;106;106;82m▀[38;2;0;0;0;48;2;0;0;0m▀[0m [0m [38;2;0;0;0;48;2;0;0;0m▀[38;2;106;106;82;48;2;65;57;49m▀[38;2;156;148;131;48;2;156;148;131m▀[38;2;156;148;131;48;2;156;148;131m▀[38;2;156;148;131;48;2;156;148;131m▀[38;2;156;148;131;48;2;180;180;156m▀[38;2;180;180;156;48;2;180;180;156m▀[38;2;180;180;156;48;2;180;180;156m▀[38;2;180;180;156;48;2;180;180;156m▀[38;2;180;180;156;48;2;180;180;156m▀[38;2;180;180;156;48;2;180;180;156m▀[38;2;180;180;156;48;2;180;180;156m▀[38;2;180;180;156;48;2;180;180;156m▀[38;2;180;180;156;48;2;180;180;156m▀[38;2;156;148;131;48;2;180;180;156m▀[38;2;106;106;82;48;2;156;148;131m▀[38;2;106;106;82;48;2;156;148;131m▀[38;2;156;148;131;48;2;106;106;82m▀[38;2;156;148;131;48;2;156;148;131m▀[38;2;65;57;49;48;2;106;106;82m▀[38;2;0;0;0;48;2;0;0;0m▀[0m [0m [0m [0m [0m [0m [0m [0m [0m [0m [0m
[0m [0m [0m [0m [0m [0m [0m [0m [0m [38;2;0;0;0;48;2;0;0;0m▀[38;2;106;106;82;48;2;106;106;82m▀[38;2;180;180;156;48;2;180;180;156m▀[38;2;180;180;156;48;2;180;180;156m▀[38;2;180;180;156;48;2;180;180;156m▀[38;2;180;180;156;48;2;180;180;156m▀[38;2;180;180;156;48;2;180;180;156m▀[38;2;180;180;156;48;2;180;180;156m▀[38;2;180;180;156;48;2;180;180;156m▀[38;2;156;148;131;48;2;156;148;131m▀[38;2;156;148;131;48;2;156;148;131m▀[38;2;156;148;131;48;2;156;148;131m▀[38;2;156;148;131;48;2;156;148;131m▀[38;2;106;106;82;48;2;106;106;82m▀[38;2;65;57;49;48;2;65;57;49m▀[38;2;65;57;49;48;2;65;57;49m▀[38;2;0;0;0;48;2;0;0;0m▀[0m [0m [0m [38;2;0;0;0;48;2;0;0;0m▀[38;2;65;57;49;48;2;65;57;49m▀[38;2;156;148;131;48;2;156;148;131m▀[38;2;180;180;156;48;2;180;180;156m▀[38;2;180;180;156;48;2;180;180;156m▀[38;2;180;180;156;48;2;180;180;156m▀[38;2;180;180;156;48;2;180;180;156m▀[38;2;180;180;156;48;2;180;180;156m▀[38;2;180;180;156;48;2;180;180;156m▀[38;2;180;180;156;48;2;180;180;156m▀[38;2;180;180;156;48;2;180;180;156m▀[38;2;180;180;156;48;2;180;180;156m▀[38;2;180;180;156;48;2;180;180;156m▀[38;2;180;180;156;48;2;180;180;156m▀[38;2;197;213;172;48;2;197;213;172m▀[38;2;180;180;156;48;2;180;180;156m▀[38;2;180;180;156;48;2;180;180;156m▀[38;2;180;180;156;48;2;180;180;156m▀[38;2;156;148;131;48;2;156;148;131m▀[38;2;106;106;82;48;2;106;106;82m▀[38;2;0;0;0;48;2;0;0;0m▀[0m [0m [0m [0m [0m [0m [0m [0m [0m [0m [0m
[0m [0m [0m [0m [0m [0m [0m [0m [0m [0m [38;2;0;0;0;48;2;0;0;0m▀[38;2;65;57;49;48;2;106;106;82m▀[38;2;197;213;172;48;2;197;213;172m▀[38;2;180;180;156;48;2;156;148;131m▀[38;2;180;180;156;48;2;197;213;172m▀[38;2;180;180;156;48;2;197;213;172m▀[38;2;180;180;156;48;2;180;180;156m▀[38;2;180;180;156;48;2;180;180;156m▀[38;2;180;180;156;48;2;180;180;156m▀[38;2;156;148;131;48;2;156;148;131m▀[38;2;156;148;131;48;2;156;148;131m▀[38;2;156;148;131;48;2;156;148;131m▀[38;2;106;106;82;48;2;106;106;82m▀[38;2;156;148;131;48;2;156;148;131m▀[38;2;156;148;131;48;2;156;148;131m▀[38;2;65;57;49;48;2;65;57;49m▀[38;2;0;0;0;48;2;0;0;0m▀[0m [0m [38;2;0;0;0m▀[38;2;65;57;49;48;2;0;0;0m▀[38;2;156;148;131;48;2;65;57;49m▀[38;2;180;180;156;48;2;180;180;156m▀[38;2;180;180;156;48;2;180;180;156m▀[38;2;180;180;156;48;2;180;180;156m▀[38;2;180;180;156;48;2;180;180;156m▀[38;2;180;180;156;48;2;180;180;156m▀[38;2;180;180;156;48;2;180;180;156m▀[38;2;180;180;156;48;2;156;148;131m▀[38;2;180;180;156;48;2;156;148;131m▀[38;2;180;180;156;48;2;180;180;156m▀[38;2;180;180;156;48;2;197;213;172m▀[38;2;156;148;131;48;2;180;180;156m▀[38;2;197;213;172;48;2;106;106;82m▀[38;2;197;213;172;48;2;65;57;49m▀[38;2;197;213;172;48;2;65;57;49m▀[38;2;197;213;172;48;2;65;57;49m▀[38;2;106;106;82;48;2;0;0;0m▀[38;2;0;0;0m▀[0m [0m [0m [0m [0m [0m [0m [0m [0m [0m [0m [0m
[0m [0m [0m [0m [0m [0m [0m [0m [0m [0m [0m [38;2;0;0;0m▀[38;2;106;106;82;48;2;0;0;0m▀[38;2;65;57;49;48;2;0;0;0m▀[38;2;197;213;172;48;2;106;106;82m▀[38;2;197;213;172;48;2;106;106;82m▀[38;2;197;213;172;48;2;197;213;172m▀[38;2;180;180;156;48;2;65;57;49m▀[38;2;197;213;172;48;2;197;213;172m▀[38;2;180;180;156;48;2;197;213;172m▀[38;2;156;148;131;48;2;197;213;172m▀[38;2;156;148;131;48;2;197;213;172m▀[38;2;156;148;131;48;2;180;180;156m▀[38;2;156;148;131;48;2;180;180;156m▀[38;2;106;106;82;48;2;106;106;82m▀[38;2;65;57;49;48;2;0;0;0m▀[38;2;0;0;0m▀[0m [0m [0m [38;2;0;0;0m▀[38;2;65;57;49;48;2;0;0;0m▀[38;2;180;180;156;48;2;106;106;82m▀[38;2;180;180;156;48;2;106;106;82m▀[38;2;180;180;156;48;2;180;180;156m▀[38;2;156;148;131;48;2;180;180;156m▀[38;2;180;180;156;48;2;106;106;82m▀[38;2;197;213;172;48;2;197;213;172m▀[38;2;180;180;156;48;2;197;213;172m▀[38;2;180;180;156;48;2;197;213;172m▀[38;2;106;106;82;48;2;197;213;172m▀[38;2;197;213;172;48;2;65;57;49m▀[38;2;197;213;172;48;2;65;57;49m▀[38;2;197;213;172;48;2;106;106;82m▀[38;2;106;106;82;48;2;0;0;0m▀[38;2;106;106;82;48;2;0;0;0m▀[38;2;0;0;0m▀[0m [0m [0m [0m [0m [0m [0m [0m [0m [0m [0m [0m [0m [0m
[0m [0m [0m [0m [0m [0m [0m [0m [0m [0m [0m [0m [0m [0m [38;2;0;0;0m▀[38;2;0;0;0;48;2;0;0;0m▀[38;2;106;106;82;48;2;106;106;82m▀[38;2;106;106;82;48;2;106;106;82m▀[38;2;65;57;49;48;2;65;57;49m▀[38;2;197;213;172;48;2;197;213;172m▀[38;2;197;213;172;48;2;197;213;172m▀[38;2;197;213;172;48;2;197;213;172m▀[38;2;106;106;82;48;2;106;106;82m▀[38;2;106;106;82;48;2;106;106;82m▀[38;2;0;0;0;48;2;0;0;0m▀[0m [0m [0m [0m [0m [0m [38;2;0;0;0;48;2;0;0;0m▀[38;2;106;106;82;48;2;106;106;82m▀[38;2;106;106;82;48;2;106;106;82m▀[38;2;180;180;156;48;2;180;180;156m▀[38;2;197;213;172;48;2;197;213;172m▀[38;2;180;180;156;48;2;180;180;156m▀[38;2;106;106;82;48;2;106;106;82m▀[38;2;65;57;49;48;2;65;57;49m▀[38;2;65;57;49;48;2;65;57;49m▀[38;2;106;106;82;48;2;106;106;82m▀[38;2;106;106;82;48;2;106;106;82m▀[38;2;0;0;0;48;2;0;0;0m▀[38;2;0;0;0m▀[0m [0m [0m [0m [0m [0m [0m [0m [0m [0m [0m [0m [0m [0m [0m [0m [0m
[0m [0m [0m [0m [0m [0m [0m [0m [0m [0m [0m [0m [0m [0m [0m [0m [38;2;0;0;0m▀[38;2;0;0;0m▀[38;2;0;0;0m▀[38;2;106;106;82;48;2;0;0;0m▀[38;2;106;106;82;48;2;0;0;0m▀[38;2;106;106;82;48;2;0;0;0m▀[38;2;0;0;0m▀[38;2;0;0;0m▀[0m [0m [0m [0m [0m [0m [0m [0m [38;2;0;0;0m▀[38;2;0;0;0m▀[38;2;106;106;82;48;2;0;0;0m▀[38;2;197;213;172;48;2;106;106;82m▀[38;2;197;213;172;48;2;106;106;82m▀[38;2;197;213;172;48;2;106;106;82m▀[38;2;106;106;82;48;2;0;0;0m▀[38;2;106;106;82;48;2;0;0;0m▀[38;2;0;0;0m▀[38;2;0;0;0m▀[0m [0m [0m [0m [0m [0m [0m [0m [0m [0m [0m [0m [0m [0m [0m [0m [0m [0m [0m
