[0m [0m [0m [0m [0m [0m [0m [0m [0m [0m [0m [0m [0m [0m [0m [0m [0m [0m [0m [0m [0m [0m [0m [0m [0m [0m [0m [0m [0m [0m [0m [0m [0m [0m [0m [38;2;0;0;0m▄[38;2;0;0;0;48;2;62;66;77m▀[38;2;16;16;16;48;2;255;255;255m▀[38;2;16;16;16;48;2;43;48;60m▀[38;2;16;16;16;48;2;62;66;77m▀[38;2;16;16;16;48;2;62;66;77m▀[38;2;16;16;16;48;2;255;255;255m▀[38;2;16;16;16;48;2;16;16;16m▀[38;2;16;16;16;48;2;73;78;91m▀[38;2;0;0;0;48;2;16;16;16m▀[38;2;0;0;0m▄[38;2;0;0;0m▄[0m [0m [0m [0m [0m [0m [0m [0m [0m [0m [0m [0m [0m [0m [0m [38;2;0;0;0m▄[38;2;0;0;0;48;2;23;77;59m▀[38;2;23;77;59;48;2;46;148;112m▀[38;2;23;77;59;48;2;46;148;112m▀[38;2;0;0;0;48;2;23;77;59m▀[38;2;0;0;0m▄[0m [0m [0m [0m [0m [0m [0m [0m [0m [0m [0m [0m [0m [0m [0m [0m [0m [0m [0m [0m [0m [0m [0m [0m [0m [0m
[0m [0m [0m [0m [0m [0m [0m [0m [0m [0m [0m [0m [0m [0m [0m [0m [0m [0m [0m [0m [0m [0m [0m [0m [38;2;0;0;0m▄[0m [0m [0m [0m [0m [0m [0m [0m [0m [38;2;0;0;0;48;2;0;0;0m▀[38;2;16;16;16;48;2;16;16;16m▀[38;2;43;48;60;48;2;43;48;60m▀[38;2;62;66;77;48;2;62;66;77m▀[38;2;43;48;60;48;2;43;48;60m▀[38;2;43;48;60;48;2;43;48;60m▀[38;2;43;48;60;48;2;43;48;60m▀[38;2;62;66;77;48;2;62;66;77m▀[38;2;43;48;60;48;2;43;48;60m▀[38;2;16;16;16;48;2;16;16;16m▀[38;2;73;78;91;48;2;73;78;91m▀[38;2;16;16;16;48;2;16;16;16m▀[38;2;16;16;16;48;2;16;16;16m▀[38;2;0;0;0;48;2;0;0;0m▀[0m [0m [0m [0m [0m [0m [0m [0m [0m [0m [0m [0m [0m [0m [38;2;0;0;0;48;2;0;0;0m▀[38;2;23;77;59;48;2;23;77;59m▀[38;2;54;179;137;48;2;54;179;137m▀[38;2;54;179;137;48;2;54;179;137m▀[38;2;46;148;112;48;2;46;148;112m▀[38;2;23;77;59;48;2;23;77;59m▀[38;2;0;0;0;48;2;0;0;0m▀[0m [0m [0m [0m [0m [0m [0m [0m [0m [0m [0m [0m [0m [0m [0m [0m [0m [0m [0m [0m [0m [0m [0m [0m [0m
[0m [0m [0m [0m [0m [0m [0m [0m [0m [0m [0m [0m [0m [0m [0m [0m [0m [0m [0m [0m [0m [38;2;0;0;0m▄[38;2;0;0;0m▄[38;2;0;0;0;48;2;23;77;59m▀[38;2;23;77;59;48;2;54;179;137m▀[38;2;0;0;0;48;2;23;77;59m▀[38;2;0;0;0m▄[0m [0m [0m [0m [0m [38;2;0;0;0m▄[38;2;0;0;0;48;2;16;16;16m▀[38;2;0;0;0;48;2;16;16;16m▀[38;2;16;16;16;48;2;43;48;60m▀[38;2;43;48;60;48;2;43;48;60m▀[38;2;43;48;60;48;2;43;48;60m▀[38;2;43;48;60;48;2;73;78;91m▀[38;2;43;48;60;48;2;73;78;91m▀[38;2;43;48;60;48;2;73;78;91m▀[38;2;43;48;60;48;2;43;48;60m▀[38;2;43;48;60;48;2;43;48;60m▀[38;2;16;16;16;48;2;43;48;60m▀[38;2;73;78;91;48;2;16;16;16m▀[38;2;16;16;16;48;2;43;48;60m▀[38;2;16;16;16;48;2;43;48;60m▀[38;2;0;0;0;48;2;16;16;16m▀[38;2;0;0;0m▄[0m [0m [0m [0m [0m [0m [0m [0m [0m [0m [0m [0m [0m [38;2;0;0;0m▀[38;2;23;77;59;48;2;0;0;0m▀[38;2;54;179;137;48;2;23;77;59m▀[38;2;54;179;137;48;2;23;77;59m▀[38;2;46;148;112;48;2;54;179;137m▀[38;2;23;77;59;48;2;46;148;112m▀[38;2;0;0;0;48;2;23;77;59m▀[38;2;0;0;0m▄[0m [0m [0m [0m [0m [0m [0m [0m [0m [0m [0m [0m [0m [0m [0m [0m [0m [0m [0m [0m [0m [0m [0m [0m
[0m [0m [0m [0m [0m [0m [0m [0m [0m [0m [0m [0m [0m [0m [0m [0m [0m [38;2;0;0;0m▄[38;2;0;0;0m▄[38;2;0;0;0;48;2;72;45;38m▀[38;2;0;0;0;48;2;72;45;38m▀[38;2;23;77;59;48;2;54;179;137m▀[38;2;23;77;59;48;2;54;179;137m▀[38;2;54;179;137;48;2;46;148;112m▀[38;2;46;148;112;48;2;23;77;59m▀[38;2;23;77;59;48;2;0;0;0m▀[38;2;0;0;0m▀[0m [0m [0m [0m [0m [38;2;0;0;0;48;2;0;0;0m▀[38;2;16;16;16;48;2;62;66;77m▀[38;2;16;16;16;48;2;62;66;77m▀[38;2;62;66;77;48;2;255;255;255m▀[38;2;43;48;60;48;2;43;48;60m▀[38;2;73;78;91;48;2;73;78;91m▀[38;2;73;78;91;48;2;73;78;91m▀[38;2;73;78;91;48;2;73;78;91m▀[38;2;73;78;91;48;2;73;78;91m▀[38;2;73;78;91;48;2;62;66;77m▀[38;2;73;78;91;48;2;73;78;91m▀[38;2;43;48;60;48;2;43;48;60m▀[38;2;16;16;16;48;2;16;16;16m▀[38;2;43;48;60;48;2;43;48;60m▀[38;2;43;48;60;48;2;43;48;60m▀[38;2;16;16;16;48;2;16;16;16m▀[38;2;0;0;0;48;2;0;0;0m▀[0m [0m [0m [0m [0m [0m [0m [0m [0m [0m [0m [0m [0m [0m [38;2;0;0;0m▀[38;2;23;77;59;48;2;0;0;0m▀[38;2;23;77;59;48;2;0;0;0m▀[38;2;54;179;137;48;2;72;45;38m▀[38;2;72;45;38;48;2;168;118;81m▀[38;2;72;45;38;48;2;168;118;81m▀[38;2;0;0;0;48;2;168;118;81m▀[38;2;0;0;0;48;2;16;16;16m▀[38;2;0;0;0;48;2;16;16;16m▀[38;2;0;0;0m▄[38;2;0;0;0m▄[0m [0m [0m [0m [0m [0m [0m [0m [0m [0m [0m [0m [0m [0m [0m [0m [0m [0m [0m [0m
[0m [0m [0m [0m [0m [0m [0m [0m [0m [0m [0m [0m [0m [0m [38;2;0;0;0m▄[38;2;0;0;0m▄[38;2;0;0;0;48;2;0;0;0m▀[38;2;72;45;38;48;2;72;45;38m▀[38;2;72;45;38;48;2;72;45;38m▀[38;2;168;118;81;48;2;168;118;81m▀[38;2;168;118;81;48;2;168;118;81m▀[38;2;46;148;112;48;2;46;148;112m▀[38;2;46;148;112;48;2;46;148;112m▀[38;2;23;77;59;48;2;23;77;59m▀[38;2;0;0;0;48;2;0;0;0m▀[0m [0m [0m [0m [0m [0m [0m [38;2;0;0;0;48;2;0;0;0m▀[38;2;16;16;16;48;2;16;16;16m▀[38;2;16;16;16;48;2;16;16;16m▀[38;2;16;16;16;48;2;16;16;16m▀[38;2;16;16;16;48;2;16;16;16m▀[38;2;16;16;16;48;2;16;16;16m▀[38;2;16;16;16;48;2;16;16;16m▀[38;2;73;78;91;48;2;73;78;91m▀[38;2;73;78;91;48;2;73;78;91m▀[38;2;255;255;255;48;2;255;255;255m▀[38;2;62;66;77;48;2;62;66;77m▀[38;2;16;16;16;48;2;16;16;16m▀[38;2;73;78;91;48;2;73;78;91m▀[38;2;43;48;60;48;2;43;48;60m▀[38;2;43;48;60;48;2;43;48;60m▀[38;2;0;0;0;48;2;0;0;0m▀[38;2;0;0;0;48;2;0;0;0m▀[0m [0m [0m [0m [0m [0m [0m [0m [0m [0m [0m [0m [0m [0m [0m [38;2;0;0;0m▄[38;2;0;0;0;48;2;0;0;0m▀[38;2;72;45;38;48;2;72;45;38m▀[38;2;168;118;81;48;2;168;118;81m▀[38;2;119;89;67;48;2;119;89;67m▀[38;2;119;89;67;48;2;119;89;67m▀[38;2;119;89;67;48;2;119;89;67m▀[38;2;119;89;67;48;2;119;89;67m▀[38;2;16;16;16;48;2;16;16;16m▀[38;2;16;16;16;48;2;16;16;16m▀[38;2;0;0;0;48;2;0;0;0m▀[0m [0m [0m [0m [0m [0m [0m [0m [0m [0m [0m [0m [0m [0m [0m [0m [0m [0m [0m
[0m [0m [0m [0m [0m [0m [0m [0m [0m [0m [0m [0m [38;2;0;0;0m▄[38;2;0;0;0;48;2;72;45;38m▀[38;2;72;45;38;48;2;168;118;81m▀[38;2;72;45;38;48;2;168;118;81m▀[38;2;72;45;38;48;2;168;118;81m▀[38;2;168;118;81;48;2;43;48;60m▀[38;2;168;118;81;48;2;43;48;60m▀[38;2;43;48;60;48;2;73;78;91m▀[38;2;43;48;60;48;2;43;48;60m▀[38;2;168;118;81;48;2;168;118;81m▀[38;2;168;118;81;48;2;168;118;81m▀[38;2;16;16;16;48;2;16;16;16m▀[38;2;0;0;0;48;2;0;0;0m▀[0m [0m [0m [0m [0m [0m [0m [38;2;0;0;0m▀[38;2;16;16;16;48;2;0;0;0m▀[38;2;16;16;16;48;2;0;0;0m▀[38;2;73;78;91;48;2;16;16;16m▀[38;2;73;78;91;48;2;16;16;16m▀[38;2;73;78;91;48;2;16;16;16m▀[38;2;73;78;91;48;2;16;16;16m▀[38;2;16;16;16;48;2;73;78;91m▀[38;2;16;16;16;48;2;73;78;91m▀[38;2;16;16;16;48;2;73;78;91m▀[38;2;16;16;16;48;2;73;78;91m▀[38;2;73;78;91;48;2;43;48;60m▀[38;2;43;48;60;48;2;43;48;60m▀[38;2;43;48;60;48;2;43;48;60m▀[38;2;43;48;60;48;2;43;48;60m▀[38;2;0;0;0;48;2;0;0;0m▀[38;2;0;0;0;48;2;0;0;0m▀[0m [0m [0m [0m [0m [0m [0m [0m [0m [0m [0m [0m [0m [0m [38;2;0;0;0;48;2;0;0;0m▀[38;2;72;45;38;48;2;72;45;38m▀[38;2;72;45;38;48;2;72;45;38m▀[38;2;168;118;81;48;2;168;118;81m▀[38;2;119;89;67;48;2;119;89;67m▀[38;2;72;45;38;48;2;43;48;60m▀[38;2;72;45;38;48;2;43;48;60m▀[38;2;168;118;81;48;2;72;45;38m▀[38;2;168;118;81;48;2;72;45;38m▀[38;2;119;89;67;48;2;72;45;38m▀[38;2;119;89;67;48;2;168;118;81m▀[38;2;16;16;16;48;2;119;89;67m▀[38;2;0;0;0;48;2;16;16;16m▀[38;2;0;0;0m▄[0m [0m [0m [0m [0m [0m [0m [0m [0m [0m [0m [0m [0m [0m [0m [0m [0m
[0m [0m [0m [0m [0m [0m [0m [0m [0m [0m [38;2;0;0;0m▄[38;2;0;0;0;48;2;72;45;38m▀[38;2;72;45;38;48;2;168;118;81m▀[38;2;168;118;81;48;2;43;48;60m▀[38;2;43;48;60;48;2;43;48;60m▀[38;2;43;48;60;48;2;73;78;91m▀[38;2;43;48;60;48;2;73;78;91m▀[38;2;73;78;91;48;2;73;78;91m▀[38;2;73;78;91;48;2;73;78;91m▀[38;2;73;78;91;48;2;73;78;91m▀[38;2;43;48;60;48;2;43;48;60m▀[38;2;168;118;81;48;2;168;118;81m▀[38;2;168;118;81;48;2;168;118;81m▀[38;2;16;16;16;48;2;16;16;16m▀[38;2;0;0;0;48;2;0;0;0m▀[0m [0m [0m [0m [0m [0m [0m [0m [38;2;0;0;0m▄[38;2;0;0;0m▄[38;2;0;0;0;48;2;72;45;38m▀[38;2;43;48;60;48;2;72;45;38m▀[38;2;73;78;91;48;2;0;0;0m▀[38;2;73;78;91;48;2;0;0;0m▀[38;2;43;48;60;48;2;0;0;0m▀[38;2;43;48;60;48;2;0;0;0m▀[38;2;43;48;60;48;2;43;48;60m▀[38;2;43;48;60;48;2;0;0;0m▀[38;2;72;45;38;48;2;168;118;81m▀[38;2;72;45;38;48;2;168;118;81m▀[38;2;72;45;38;48;2;168;118;81m▀[38;2;72;45;38;48;2;168;118;81m▀[38;2;72;45;38;48;2;168;118;81m▀[38;2;0;0;0;48;2;72;45;38m▀[38;2;0;0;0m▄[38;2;0;0;0m▄[0m [0m [0m [0m [0m [0m [0m [0m [0m [0m [0m [38;2;0;0;0;48;2;0;0;0m▀[38;2;72;45;38;48;2;72;45;38m▀[38;2;168;118;81;48;2;168;118;81m▀[38;2;168;118;81;48;2;168;118;81m▀[38;2;119;89;67;48;2;119;89;67m▀[38;2;43;48;60;48;2;43;48;60m▀[38;2;43;48;60;48;2;43;48;60m▀[38;2;43;48;60;48;2;73;78;91m▀[38;2;43;48;60;48;2;73;78;91m▀[38;2;43;48;60;48;2;73;78;91m▀[38;2;43;48;60;48;2;43;48;60m▀[38;2;72;45;38;48;2;43;48;60m▀[38;2;168;118;81;48;2;72;45;38m▀[38;2;119;89;67;48;2;168;118;81m▀[38;2;16;16;16;48;2;119;89;67m▀[38;2;0;0;0;48;2;16;16;16m▀[38;2;0;0;0;48;2;16;16;16m▀[38;2;0;0;0m▄[0m [0m [0m [0m [0m [0m [0m [0m [0m [0m [0m [0m [0m [0m
[0m [0m [0m [0m [0m [0m [0m [0m [38;2;0;0;0m▄[38;2;0;0;0;48;2;0;0;0m▀[38;2;72;45;38;48;2;72;45;38m▀[38;2;168;118;81;48;2;168;118;81m▀[38;2;43;48;60;48;2;43;48;60m▀[38;2;73;78;91;48;2;73;78;91m▀[38;2;73;78;91;48;2;73;78;91m▀[38;2;73;78;91;48;2;73;78;91m▀[38;2;73;78;91;48;2;73;78;91m▀[38;2;73;78;91;48;2;73;78;91m▀[38;2;73;78;91;48;2;73;78;91m▀[38;2;73;78;91;48;2;73;78;91m▀[38;2;43;48;60;48;2;43;48;60m▀[38;2;168;118;81;48;2;168;118;81m▀[38;2;168;118;81;48;2;168;118;81m▀[38;2;16;16;16;48;2;16;16;16m▀[38;2;0;0;0;48;2;0;0;0m▀[0m [0m [0m [0m [0m [0m [0m [38;2;0;0;0;48;2;0;0;0m▀[38;2;72;45;38;48;2;72;45;38m▀[38;2;72;45;38;48;2;72;45;38m▀[38;2;168;118;81;48;2;168;118;81m▀[38;2;168;118;81;48;2;168;118;81m▀[38;2;168;118;81;48;2;168;118;81m▀[38;2;168;118;81;48;2;168;118;81m▀[38;2;168;118;81;48;2;168;118;81m▀[38;2;168;118;81;48;2;168;118;81m▀[38;2;0;0;0;48;2;0;0;0m▀[38;2;119;89;67;48;2;119;89;67m▀[38;2;168;118;81;48;2;168;118;81m▀[38;2;168;118;81;48;2;168;118;81m▀[38;2;168;118;81;48;2;168;118;81m▀[38;2;168;118;81;48;2;168;118;81m▀[38;2;168;118;81;48;2;168;118;81m▀[38;2;168;118;81;48;2;168;118;81m▀[38;2;0;0;0;48;2;0;0;0m▀[38;2;0;0;0;48;2;0;0;0m▀[38;2;0;0;0;48;2;0;0;0m▀[0m [0m [0m [0m [0m [0m [0m [0m [0m [38;2;0;0;0;48;2;0;0;0m▀[38;2;72;45;38;48;2;72;45;38m▀[38;2;168;118;81;48;2;168;118;81m▀[38;2;119;89;67;48;2;119;89;67m▀[38;2;119;89;67;48;2;119;89;67m▀[38;2;72;45;38;48;2;72;45;38m▀[38;2;119;89;67;48;2;119;89;67m▀[38;2;73;78;91;48;2;73;78;91m▀[38;2;73;78;91;48;2;73;78;91m▀[38;2;73;78;91;48;2;73;78;91m▀[38;2;73;78;91;48;2;73;78;91m▀[38;2;73;78;91;48;2;73;78;91m▀[38;2;73;78;91;48;2;73;78;91m▀[38;2;43;48;60;48;2;43;48;60m▀[38;2;72;45;38;48;2;72;45;38m▀[38;2;168;118;81;48;2;168;118;81m▀[38;2;119;89;67;48;2;119;89;67m▀[38;2;119;89;67;48;2;119;89;67m▀[38;2;16;16;16;48;2;16;16;16m▀[38;2;0;0;0;48;2;0;0;0m▀[0m [0m [0m [0m [0m [0m [0m [0m [0m [0m [0m [0m [0m
[0m [0m [0m [0m [0m [0m [0m [38;2;0;0;0;48;2;0;0;0m▀[38;2;72;45;38;48;2;72;45;38m▀[38;2;72;45;38;48;2;72;45;38m▀[38;2;168;118;81;48;2;168;118;81m▀[38;2;43;48;60;48;2;43;48;60m▀[38;2;43;48;60;48;2;73;78;91m▀[38;2;73;78;91;48;2;73;78;91m▀[38;2;73;78;91;48;2;73;78;91m▀[38;2;73;78;91;48;2;73;78;91m▀[38;2;73;78;91;48;2;73;78;91m▀[38;2;73;78;91;48;2;73;78;91m▀[38;2;73;78;91;48;2;73;78;91m▀[38;2;73;78;91;48;2;168;118;81m▀[38;2;168;118;81;48;2;119;89;67m▀[38;2;119;89;67;48;2;73;78;91m▀[38;2;119;89;67;48;2;73;78;91m▀[38;2;168;118;81;48;2;168;118;81m▀[38;2;16;16;16;48;2;16;16;16m▀[38;2;0;0;0;48;2;0;0;0m▀[0m [0m [0m [0m [38;2;0;0;0m▄[38;2;0;0;0;48;2;72;45;38m▀[38;2;72;45;38;48;2;168;118;81m▀[38;2;168;118;81;48;2;0;0;0m▀[38;2;168;118;81;48;2;0;0;0m▀[38;2;168;118;81;48;2;0;0;0m▀[38;2;168;118;81;48;2;168;118;81m▀[38;2;168;118;81;48;2;168;118;81m▀[38;2;168;118;81;48;2;168;118;81m▀[38;2;168;118;81;48;2;168;118;81m▀[38;2;168;118;81;48;2;168;118;81m▀[38;2;168;118;81;48;2;168;118;81m▀[38;2;168;118;81;48;2;168;118;81m▀[38;2;119;89;67;48;2;168;118;81m▀[38;2;168;118;81;48;2;168;118;81m▀[38;2;168;118;81;48;2;0;0;0m▀[38;2;168;118;81;48;2;0;0;0m▀[38;2;0;0;0;48;2;73;78;91m▀[38;2;0;0;0;48;2;73;78;91m▀[38;2;168;118;81;48;2;0;0;0m▀[38;2;168;118;81;48;2;168;118;81m▀[38;2;0;0;0;48;2;168;118;81m▀[38;2;0;0;0;48;2;0;0;0m▀[38;2;0;0;0;48;2;0;0;0m▀[38;2;0;0;0m▄[0m [0m [38;2;0;0;0m▄[38;2;0;0;0m▄[38;2;0;0;0m▄[38;2;0;0;0;48;2;72;45;38m▀[38;2;72;45;38;48;2;168;118;81m▀[38;2;168;118;81;48;2;119;89;67m▀[38;2;119;89;67;48;2;43;48;60m▀[38;2;43;48;60;48;2;43;48;60m▀[38;2;43;48;60;48;2;43;48;60m▀[38;2;72;45;38;48;2;73;78;91m▀[38;2;119;89;67;48;2;72;45;38m▀[38;2;43;48;60;48;2;119;89;67m▀[38;2;73;78;91;48;2;73;78;91m▀[38;2;73;78;91;48;2;73;78;91m▀[38;2;73;78;91;48;2;73;78;91m▀[38;2;73;78;91;48;2;73;78;91m▀[38;2;73;78;91;48;2;73;78;91m▀[38;2;73;78;91;48;2;73;78;91m▀[38;2;73;78;91;48;2;73;78;91m▀[38;2;72;45;38;48;2;73;78;91m▀[38;2;168;118;81;48;2;72;45;38m▀[38;2;168;118;81;48;2;72;45;38m▀[38;2;119;89;67;48;2;168;118;81m▀[38;2;16;16;16;48;2;119;89;67m▀[38;2;0;0;0;48;2;16;16;16m▀[38;2;0;0;0m▄[0m [0m [0m [0m [0m [0m [0m [0m [0m [0m [0m
[0m [0m [0m [0m [0m [0m [38;2;0;0;0;48;2;0;0;0m▀[38;2;72;45;38;48;2;72;45;38m▀[38;2;168;118;81;48;2;168;118;81m▀[38;2;168;118;81;48;2;168;118;81m▀[38;2;43;48;60;48;2;43;48;60m▀[38;2;43;48;60;48;2;73;78;91m▀[38;2;73;78;91;48;2;73;78;91m▀[38;2;73;78;91;48;2;73;78;91m▀[38;2;73;78;91;48;2;73;78;91m▀[38;2;73;78;91;48;2;73;78;91m▀[38;2;73;78;91;48;2;73;78;91m▀[38;2;73;78;91;48;2;168;118;81m▀[38;2;168;118;81;48;2;119;89;67m▀[38;2;119;89;67;48;2;73;78;91m▀[38;2;73;78;91;48;2;73;78;91m▀[38;2;73;78;91;48;2;73;78;91m▀[38;2;73;78;91;48;2;73;78;91m▀[38;2;168;118;81;48;2;73;78;91m▀[38;2;16;16;16;48;2;168;118;81m▀[38;2;0;0;0;48;2;16;16;16m▀[38;2;0;0;0m▄[0m [0m [38;2;0;0;0m▄[38;2;0;0;0;48;2;72;45;38m▀[38;2;72;45;38;48;2;0;0;0m▀[38;2;0;0;0;48;2;73;78;91m▀[38;2;73;78;91;48;2;73;78;91m▀[38;2;73;78;91;48;2;73;78;91m▀[38;2;73;78;91;48;2;73;78;91m▀[38;2;0;0;0;48;2;73;78;91m▀[38;2;168;118;81;48;2;0;0;0m▀[38;2;168;118;81;48;2;168;118;81m▀[38;2;168;118;81;48;2;168;118;81m▀[38;2;168;118;81;48;2;168;118;81m▀[38;2;168;118;81;48;2;168;118;81m▀[38;2;168;118;81;48;2;168;118;81m▀[38;2;168;118;81;48;2;168;118;81m▀[38;2;0;0;0;48;2;0;0;0m▀[38;2;73;78;91;48;2;73;78;91m▀[38;2;73;78;91;48;2;73;78;91m▀[38;2;73;78;91;48;2;73;78;91m▀[38;2;73;78;91;48;2;73;78;91m▀[38;2;73;78;91;48;2;73;78;91m▀[38;2;0;0;0;48;2;0;0;0m▀[38;2;168;118;81;48;2;168;118;81m▀[38;2;0;0;0;48;2;0;0;0m▀[38;2;0;0;0;48;2;0;0;0m▀[38;2;0;0;0;48;2;0;0;0m▀[38;2;0;0;0m▄[38;2;0;0;0;48;2;72;45;38m▀[38;2;72;45;38;48;2;168;118;81m▀[38;2;72;45;38;48;2;168;118;81m▀[38;2;72;45;38;48;2;168;118;81m▀[38;2;168;118;81;48;2;119;89;67m▀[38;2;119;89;67;48;2;43;48;60m▀[38;2;43;48;60;48;2;43;48;60m▀[38;2;43;48;60;48;2;73;78;91m▀[38;2;73;78;91;48;2;73;78;91m▀[38;2;73;78;91;48;2;73;78;91m▀[38;2;73;78;91;48;2;73;78;91m▀[38;2;72;45;38;48;2;73;78;91m▀[38;2;119;89;67;48;2;72;45;38m▀[38;2;43;48;60;48;2;119;89;67m▀[38;2;73;78;91;48;2;73;78;91m▀[38;2;73;78;91;48;2;73;78;91m▀[38;2;73;78;91;48;2;73;78;91m▀[38;2;73;78;91;48;2;73;78;91m▀[38;2;73;78;91;48;2;73;78;91m▀[38;2;73;78;91;48;2;73;78;91m▀[38;2;73;78;91;48;2;73;78;91m▀[38;2;73;78;91;48;2;73;78;91m▀[38;2;73;78;91;48;2;73;78;91m▀[38;2;72;45;38;48;2;73;78;91m▀[38;2;168;118;81;48;2;72;45;38m▀[38;2;119;89;67;48;2;168;118;81m▀[38;2;16;16;16;48;2;119;89;67m▀[38;2;0;0;0;48;2;16;16;16m▀[38;2;0;0;0;48;2;16;16;16m▀[38;2;0;0;0m▄[0m [0m [0m [0m [0m [0m [0m [0m
[0m [0m [0m [0m [0m [38;2;0;0;0;48;2;0;0;0m▀[38;2;72;45;38;48;2;72;45;38m▀[38;2;168;118;81;48;2;168;118;81m▀[38;2;43;48;60;48;2;43;48;60m▀[38;2;43;48;60;48;2;43;48;60m▀[38;2;43;48;60;48;2;43;48;60m▀[38;2;73;78;91;48;2;73;78;91m▀[38;2;73;78;91;48;2;73;78;91m▀[38;2;73;78;91;48;2;73;78;91m▀[38;2;73;78;91;48;2;73;78;91m▀[38;2;73;78;91;48;2;73;78;91m▀[38;2;73;78;91;48;2;73;78;91m▀[38;2;168;118;81;48;2;168;118;81m▀[38;2;119;89;67;48;2;119;89;67m▀[38;2;73;78;91;48;2;73;78;91m▀[38;2;73;78;91;48;2;73;78;91m▀[38;2;73;78;91;48;2;73;78;91m▀[38;2;73;78;91;48;2;73;78;91m▀[38;2;73;78;91;48;2;73;78;91m▀[38;2;168;118;81;48;2;168;118;81m▀[38;2;16;16;16;48;2;16;16;16m▀[38;2;0;0;0;48;2;0;0;0m▀[0m [0m [38;2;0;0;0;48;2;0;0;0m▀[38;2;72;45;38;48;2;72;45;38m▀[38;2;0;0;0;48;2;0;0;0m▀[38;2;73;78;91;48;2;73;78;91m▀[38;2;73;78;91;48;2;73;78;91m▀[38;2;73;78;91;48;2;73;78;91m▀[38;2;73;78;91;48;2;73;78;91m▀[38;2;73;78;91;48;2;73;78;91m▀[38;2;0;0;0;48;2;0;0;0m▀[38;2;168;118;81;48;2;168;118;81m▀[38;2;168;118;81;48;2;168;118;81m▀[38;2;168;118;81;48;2;168;118;81m▀[38;2;168;118;81;48;2;168;118;81m▀[38;2;168;118;81;48;2;168;118;81m▀[38;2;168;118;81;48;2;168;118;81m▀[38;2;0;0;0;48;2;0;0;0m▀[38;2;73;78;91;48;2;73;78;91m▀[38;2;73;78;91;48;2;73;78;91m▀[38;2;73;78;91;48;2;73;78;91m▀[38;2;73;78;91;48;2;73;78;91m▀[38;2;43;48;60;48;2;43;48;60m▀[38;2;0;0;0;48;2;0;0;0m▀[38;2;168;118;81;48;2;168;118;81m▀[38;2;119;89;67;48;2;119;89;67m▀[38;2;119;89;67;48;2;119;89;67m▀[38;2;0;0;0;48;2;0;0;0m▀[38;2;72;45;38;48;2;72;45;38m▀[38;2;168;118;81;48;2;168;118;81m▀[38;2;119;89;67;48;2;119;89;67m▀[38;2;119;89;67;48;2;119;89;67m▀[38;2;119;89;67;48;2;119;89;67m▀[38;2;43;48;60;48;2;43;48;60m▀[38;2;43;48;60;48;2;43;48;60m▀[38;2;73;78;91;48;2;73;78;91m▀[38;2;73;78;91;48;2;73;78;91m▀[38;2;73;78;91;48;2;73;78;91m▀[38;2;73;78;91;48;2;73;78;91m▀[38;2;73;78;91;48;2;73;78;91m▀[38;2;73;78;91;48;2;73;78;91m▀[38;2;72;45;38;48;2;72;45;38m▀[38;2;119;89;67;48;2;119;89;67m▀[38;2;43;48;60;48;2;43;48;60m▀[38;2;43;48;60;48;2;43;48;60m▀[38;2;73;78;91;48;2;73;78;91m▀[38;2;73;78;91;48;2;73;78;91m▀[38;2;73;78;91;48;2;73;78;91m▀[38;2;73;78;91;48;2;73;78;91m▀[38;2;73;78;91;48;2;73;78;91m▀[38;2;73;78;91;48;2;73;78;91m▀[38;2;73;78;91;48;2;73;78;91m▀[38;2;73;78;91;48;2;73;78;91m▀[38;2;73;78;91;48;2;73;78;91m▀[38;2;72;45;38;48;2;72;45;38m▀[38;2;168;118;81;48;2;168;118;81m▀[38;2;119;89;67;48;2;119;89;67m▀[38;2;119;89;67;48;2;119;89;67m▀[38;2;16;16;16;48;2;16;16;16m▀[38;2;0;0;0;48;2;0;0;0m▀[0m [0m [0m [0m [0m [0m [0m
[0m [0m [0m [0m [0m [38;2;0;0;0;48;2;0;0;0m▀[38;2;72;45;38;48;2;72;45;38m▀[38;2;168;118;81;48;2;168;118;81m▀[38;2;43;48;60;48;2;43;48;60m▀[38;2;43;48;60;48;2;43;48;60m▀[38;2;73;78;91;48;2;73;78;91m▀[38;2;73;78;91;48;2;73;78;91m▀[38;2;73;78;91;48;2;73;78;91m▀[38;2;73;78;91;48;2;73;78;91m▀[38;2;73;78;91;48;2;73;78;91m▀[38;2;168;118;81;48;2;168;118;81m▀[38;2;168;118;81;48;2;168;118;81m▀[38;2;119;89;67;48;2;119;89;67m▀[38;2;73;78;91;48;2;73;78;91m▀[38;2;73;78;91;48;2;73;78;91m▀[38;2;73;78;91;48;2;73;78;91m▀[38;2;73;78;91;48;2;73;78;91m▀[38;2;73;78;91;48;2;73;78;91m▀[38;2;73;78;91;48;2;73;78;91m▀[38;2;73;78;91;48;2;73;78;91m▀[38;2;119;89;67;48;2;168;118;81m▀[38;2;16;16;16;48;2;119;89;67m▀[38;2;0;0;0;48;2;0;0;0m▀[38;2;0;0;0;48;2;0;0;0m▀[38;2;0;0;0;48;2;72;45;38m▀[38;2;72;45;38;48;2;168;118;81m▀[38;2;0;0;0;48;2;0;0;0m▀[38;2;73;78;91;48;2;73;78;91m▀[38;2;73;78;91;48;2;73;78;91m▀[38;2;73;78;91;48;2;73;78;91m▀[38;2;73;78;91;48;2;73;78;91m▀[38;2;73;78;91;48;2;43;48;60m▀[38;2;72;45;38;48;2;72;45;38m▀[38;2;168;118;81;48;2;168;118;81m▀[38;2;168;118;81;48;2;168;118;81m▀[38;2;168;118;81;48;2;168;118;81m▀[38;2;168;118;81;48;2;168;118;81m▀[38;2;168;118;81;48;2;168;118;81m▀[38;2;168;118;81;48;2;168;118;81m▀[38;2;0;0;0;48;2;0;0;0m▀[38;2;73;78;91;48;2;43;48;60m▀[38;2;73;78;91;48;2;43;48;60m▀[38;2;73;78;91;48;2;43;48;60m▀[38;2;43;48;60;48;2;43;48;60m▀[38;2;43;48;60;48;2;43;48;60m▀[38;2;72;45;38;48;2;72;45;38m▀[38;2;168;118;81;48;2;168;118;81m▀[38;2;119;89;67;48;2;119;89;67m▀[38;2;119;89;67;48;2;119;89;67m▀[38;2;0;0;0;48;2;0;0;0m▀[38;2;168;118;81;48;2;119;89;67m▀[38;2;119;89;67;48;2;72;45;38m▀[38;2;72;45;38;48;2;43;48;60m▀[38;2;43;48;60;48;2;43;48;60m▀[38;2;43;48;60;48;2;43;48;60m▀[38;2;43;48;60;48;2;43;48;60m▀[38;2;43;48;60;48;2;43;48;60m▀[38;2;73;78;91;48;2;73;78;91m▀[38;2;73;78;91;48;2;73;78;91m▀[38;2;73;78;91;48;2;73;78;91m▀[38;2;73;78;91;48;2;73;78;91m▀[38;2;73;78;91;48;2;73;78;91m▀[38;2;73;78;91;48;2;73;78;91m▀[38;2;73;78;91;48;2;73;78;91m▀[38;2;72;45;38;48;2;72;45;38m▀[38;2;119;89;67;48;2;119;89;67m▀[38;2;119;89;67;48;2;119;89;67m▀[38;2;73;78;91;48;2;43;48;60m▀[38;2;73;78;91;48;2;73;78;91m▀[38;2;73;78;91;48;2;73;78;91m▀[38;2;73;78;91;48;2;73;78;91m▀[38;2;73;78;91;48;2;73;78;91m▀[38;2;73;78;91;48;2;73;78;91m▀[38;2;73;78;91;48;2;73;78;91m▀[38;2;73;78;91;48;2;73;78;91m▀[38;2;73;78;91;48;2;73;78;91m▀[38;2;73;78;91;48;2;73;78;91m▀[38;2;72;45;38;48;2;73;78;91m▀[38;2;168;118;81;48;2;72;45;38m▀[38;2;168;118;81;48;2;72;45;38m▀[38;2;119;89;67;48;2;119;89;67m▀[38;2;16;16;16;48;2;16;16;16m▀[38;2;0;0;0;48;2;0;0;0m▀[0m [0m [0m [0m [0m [0m
[0m [0m [0m [0m [38;2;0;0;0;48;2;0;0;0m▀[38;2;72;45;38;48;2;72;45;38m▀[38;2;168;118;81;48;2;168;118;81m▀[38;2;43;48;60;48;2;43;48;60m▀[38;2;73;78;91;48;2;73;78;91m▀[38;2;73;78;91;48;2;73;78;91m▀[38;2;73;78;91;48;2;73;78;91m▀[38;2;73;78;91;48;2;73;78;91m▀[38;2;73;78;91;48;2;73;78;91m▀[38;2;73;78;91;48;2;73;78;91m▀[38;2;168;118;81;48;2;168;118;81m▀[38;2;119;89;67;48;2;119;89;67m▀[38;2;119;89;67;48;2;119;89;67m▀[38;2;73;78;91;48;2;73;78;91m▀[38;2;73;78;91;48;2;73;78;91m▀[38;2;73;78;91;48;2;73;78;91m▀[38;2;73;78;91;48;2;73;78;91m▀[38;2;73;78;91;48;2;73;78;91m▀[38;2;73;78;91;48;2;73;78;91m▀[38;2;73;78;91;48;2;73;78;91m▀[38;2;73;78;91;48;2;73;78;91m▀[38;2;168;118;81;48;2;43;48;60m▀[38;2;168;118;81;48;2;168;118;81m▀[38;2;119;89;67;48;2;119;89;67m▀[38;2;119;89;67;48;2;119;89;67m▀[38;2;72;45;38;48;2;0;0;0m▀[38;2;168;118;81;48;2;168;118;81m▀[38;2;0;0;0;48;2;0;0;0m▀[38;2;43;48;60;48;2;43;48;60m▀[38;2;43;48;60;48;2;43;48;60m▀[38;2;43;48;60;48;2;43;48;60m▀[38;2;43;48;60;48;2;43;48;60m▀[38;2;43;48;60;48;2;43;48;60m▀[38;2;72;45;38;48;2;72;45;38m▀[38;2;168;118;81;48;2;168;118;81m▀[38;2;168;118;81;48;2;0;0;0m▀[38;2;168;118;81;48;2;0;0;0m▀[38;2;168;118;81;48;2;0;0;0m▀[38;2;168;118;81;48;2;168;118;81m▀[38;2;168;118;81;48;2;168;118;81m▀[38;2;0;0;0;48;2;168;118;81m▀[38;2;43;48;60;48;2;0;0;0m▀[38;2;43;48;60;48;2;0;0;0m▀[38;2;43;48;60;48;2;43;48;60m▀[38;2;43;48;60;48;2;43;48;60m▀[38;2;43;48;60;48;2;72;45;38m▀[38;2;72;45;38;48;2;168;118;81m▀[38;2;119;89;67;48;2;119;89;67m▀[38;2;119;89;67;48;2;119;89;67m▀[38;2;119;89;67;48;2;119;89;67m▀[38;2;0;0;0;48;2;0;0;0m▀[38;2;72;45;38;48;2;43;48;60m▀[38;2;43;48;60;48;2;43;48;60m▀[38;2;43;48;60;48;2;43;48;60m▀[38;2;43;48;60;48;2;43;48;60m▀[38;2;43;48;60;48;2;43;48;60m▀[38;2;43;48;60;48;2;43;48;60m▀[38;2;73;78;91;48;2;16;16;16m▀[38;2;73;78;91;48;2;43;48;60m▀[38;2;73;78;91;48;2;43;48;60m▀[38;2;73;78;91;48;2;73;78;91m▀[38;2;73;78;91;48;2;73;78;91m▀[38;2;73;78;91;48;2;73;78;91m▀[38;2;73;78;91;48;2;73;78;91m▀[38;2;73;78;91;48;2;73;78;91m▀[38;2;73;78;91;48;2;73;78;91m▀[38;2;72;45;38;48;2;72;45;38m▀[38;2;72;45;38;48;2;72;45;38m▀[38;2;119;89;67;48;2;119;89;67m▀[38;2;73;78;91;48;2;73;78;91m▀[38;2;73;78;91;48;2;73;78;91m▀[38;2;73;78;91;48;2;73;78;91m▀[38;2;73;78;91;48;2;73;78;91m▀[38;2;73;78;91;48;2;73;78;91m▀[38;2;73;78;91;48;2;73;78;91m▀[38;2;73;78;91;48;2;73;78;91m▀[38;2;73;78;91;48;2;73;78;91m▀[38;2;73;78;91;48;2;73;78;91m▀[38;2;73;78;91;48;2;73;78;91m▀[38;2;72;45;38;48;2;73;78;91m▀[38;2;72;45;38;48;2;73;78;91m▀[38;2;168;118;81;48;2;72;45;38m▀[38;2;119;89;67;48;2;119;89;67m▀[38;2;16;16;16;48;2;16;16;16m▀[38;2;0;0;0;48;2;0;0;0m▀[0m [0m [0m [0m [0m
[0m [0m [38;2;0;0;0m▄[38;2;0;0;0m▄[38;2;0;0;0;48;2;0;0;0m▀[38;2;72;45;38;48;2;72;45;38m▀[38;2;168;118;81;48;2;168;118;81m▀[38;2;43;48;60;48;2;43;48;60m▀[38;2;43;48;60;48;2;43;48;60m▀[38;2;43;48;60;48;2;43;48;60m▀[38;2;43;48;60;48;2;43;48;60m▀[38;2;43;48;60;48;2;43;48;60m▀[38;2;43;48;60;48;2;43;48;60m▀[38;2;43;48;60;48;2;43;48;60m▀[38;2;168;118;81;48;2;168;118;81m▀[38;2;119;89;67;48;2;119;89;67m▀[38;2;119;89;67;48;2;119;89;67m▀[38;2;43;48;60;48;2;43;48;60m▀[38;2;43;48;60;48;2;43;48;60m▀[38;2;43;48;60;48;2;43;48;60m▀[38;2;43;48;60;48;2;43;48;60m▀[38;2;73;78;91;48;2;73;78;91m▀[38;2;73;78;91;48;2;73;78;91m▀[38;2;73;78;91;48;2;73;78;91m▀[38;2;43;48;60;48;2;43;48;60m▀[38;2;43;48;60;48;2;43;48;60m▀[38;2;43;48;60;48;2;43;48;60m▀[38;2;119;89;67;48;2;119;89;67m▀[38;2;119;89;67;48;2;119;89;67m▀[38;2;0;0;0;48;2;0;0;0m▀[38;2;72;45;38;48;2;72;45;38m▀[38;2;168;118;81;48;2;168;118;81m▀[38;2;72;45;38;48;2;72;45;38m▀[38;2;43;48;60;48;2;43;48;60m▀[38;2;43;48;60;48;2;43;48;60m▀[38;2;43;48;60;48;2;43;48;60m▀[38;2;72;45;38;48;2;72;45;38m▀[38;2;168;118;81;48;2;168;118;81m▀[38;2;0;0;0;48;2;0;0;0m▀[38;2;73;78;91;48;2;73;78;91m▀[38;2;73;78;91;48;2;73;78;91m▀[38;2;73;78;91;48;2;73;78;91m▀[38;2;0;0;0;48;2;0;0;0m▀[38;2;168;118;81;48;2;168;118;81m▀[38;2;119;89;67;48;2;119;89;67m▀[38;2;168;118;81;48;2;168;118;81m▀[38;2;168;118;81;48;2;168;118;81m▀[38;2;72;45;38;48;2;72;45;38m▀[38;2;72;45;38;48;2;72;45;38m▀[38;2;168;118;81;48;2;168;118;81m▀[38;2;119;89;67;48;2;119;89;67m▀[38;2;119;89;67;48;2;119;89;67m▀[38;2;119;89;67;48;2;119;89;67m▀[38;2;119;89;67;48;2;119;89;67m▀[38;2;0;0;0;48;2;0;0;0m▀[38;2;43;48;60;48;2;43;48;60m▀[38;2;43;48;60;48;2;43;48;60m▀[38;2;43;48;60;48;2;43;48;60m▀[38;2;43;48;60;48;2;43;48;60m▀[38;2;43;48;60;48;2;43;48;60m▀[38;2;16;16;16;48;2;16;16;16m▀[38;2;0;0;0;48;2;0;0;0m▀[38;2;0;0;0m▀[38;2;0;0;0;48;2;0;0;0m▀[38;2;43;48;60;48;2;43;48;60m▀[38;2;43;48;60;48;2;43;48;60m▀[38;2;43;48;60;48;2;43;48;60m▀[38;2;73;78;91;48;2;73;78;91m▀[38;2;73;78;91;48;2;73;78;91m▀[38;2;73;78;91;48;2;73;78;91m▀[38;2;72;45;38;48;2;72;45;38m▀[38;2;72;45;38;48;2;72;45;38m▀[38;2;119;89;67;48;2;119;89;67m▀[38;2;43;48;60;48;2;43;48;60m▀[38;2;73;78;91;48;2;73;78;91m▀[38;2;73;78;91;48;2;73;78;91m▀[38;2;73;78;91;48;2;73;78;91m▀[38;2;73;78;91;48;2;73;78;91m▀[38;2;73;78;91;48;2;73;78;91m▀[38;2;73;78;91;48;2;73;78;91m▀[38;2;73;78;91;48;2;73;78;91m▀[38;2;73;78;91;48;2;73;78;91m▀[38;2;73;78;91;48;2;73;78;91m▀[38;2;73;78;91;48;2;73;78;91m▀[38;2;73;78;91;48;2;73;78;91m▀[38;2;72;45;38;48;2;72;45;38m▀[38;2;168;118;81;48;2;168;118;81m▀[38;2;119;89;67;48;2;119;89;67m▀[38;2;16;16;16;48;2;16;16;16m▀[38;2;0;0;0;48;2;0;0;0m▀[0m [0m [0m [0m
[38;2;0;0;0m▄[38;2;0;0;0;48;2;23;77;59m▀[38;2;23;77;59;48;2;54;179;137m▀[38;2;23;77;59;48;2;54;179;137m▀[38;2;23;77;59;48;2;54;179;137m▀[38;2;72;45;38;48;2;46;148;112m▀[38;2;168;118;81;48;2;72;45;38m▀[38;2;43;48;60;48;2;0;0;0m▀[38;2;0;0;0m▀[38;2;0;0;0m▀[38;2;0;0;0m▀[38;2;0;0;0m▀[38;2;0;0;0m▀[38;2;0;0;0m▀[38;2;119;89;67;48;2;0;0;0m▀[38;2;0;0;0m▀[38;2;0;0;0m▀[38;2;0;0;0m▀[38;2;0;0;0m▀[38;2;0;0;0m▀[38;2;0;0;0m▀[38;2;16;16;16;48;2;0;0;0m▀[38;2;16;16;16;48;2;0;0;0m▀[38;2;16;16;16;48;2;0;0;0m▀[38;2;43;48;60;48;2;16;16;16m▀[38;2;43;48;60;48;2;43;48;60m▀[38;2;43;48;60;48;2;43;48;60m▀[38;2;43;48;60;48;2;43;48;60m▀[38;2;43;48;60;48;2;43;48;60m▀[38;2;0;0;0;48;2;0;0;0m▀[38;2;168;118;81;48;2;168;118;81m▀[38;2;168;118;81;48;2;168;118;81m▀[38;2;168;118;81;48;2;168;118;81m▀[38;2;72;45;38;48;2;168;118;81m▀[38;2;72;45;38;48;2;168;118;81m▀[38;2;72;45;38;48;2;119;89;67m▀[38;2;168;118;81;48;2;168;118;81m▀[38;2;0;0;0;48;2;0;0;0m▀[38;2;73;78;91;48;2;73;78;91m▀[38;2;73;78;91;48;2;73;78;91m▀[38;2;73;78;91;48;2;73;78;91m▀[38;2;73;78;91;48;2;43;48;60m▀[38;2;73;78;91;48;2;43;48;60m▀[38;2;0;0;0;48;2;0;0;0m▀[38;2;119;89;67;48;2;168;118;81m▀[38;2;168;118;81;48;2;119;89;67m▀[38;2;168;118;81;48;2;119;89;67m▀[38;2;168;118;81;48;2;168;118;81m▀[38;2;168;118;81;48;2;119;89;67m▀[38;2;119;89;67;48;2;119;89;67m▀[38;2;119;89;67;48;2;119;89;67m▀[38;2;119;89;67;48;2;72;45;38m▀[38;2;119;89;67;48;2;72;45;38m▀[38;2;119;89;67;48;2;72;45;38m▀[38;2;0;0;0;48;2;0;0;0m▀[38;2;0;0;0;48;2;0;0;0m▀[38;2;0;0;0;48;2;0;0;0m▀[38;2;0;0;0;48;2;0;0;0m▀[38;2;16;16;16;48;2;0;0;0m▀[38;2;16;16;16;48;2;0;0;0m▀[38;2;0;0;0m▀[0m [0m [0m [38;2;0;0;0m▀[38;2;0;0;0m▀[38;2;0;0;0m▀[38;2;43;48;60;48;2;0;0;0m▀[38;2;43;48;60;48;2;0;0;0m▀[38;2;73;78;91;48;2;43;48;60m▀[38;2;73;78;91;48;2;43;48;60m▀[38;2;73;78;91;48;2;43;48;60m▀[38;2;72;45;38;48;2;72;45;38m▀[38;2;119;89;67;48;2;119;89;67m▀[38;2;73;78;91;48;2;23;77;59m▀[38;2;73;78;91;48;2;43;48;60m▀[38;2;73;78;91;48;2;43;48;60m▀[38;2;73;78;91;48;2;73;78;91m▀[38;2;73;78;91;48;2;73;78;91m▀[38;2;73;78;91;48;2;73;78;91m▀[38;2;73;78;91;48;2;73;78;91m▀[38;2;73;78;91;48;2;73;78;91m▀[38;2;73;78;91;48;2;73;78;91m▀[38;2;73;78;91;48;2;73;78;91m▀[38;2;73;78;91;48;2;73;78;91m▀[38;2;73;78;91;48;2;73;78;91m▀[38;2;72;45;38;48;2;72;45;38m▀[38;2;119;89;67;48;2;168;118;81m▀[38;2;16;16;16;48;2;119;89;67m▀[38;2;0;0;0;48;2;16;16;16m▀[38;2;0;0;0;48;2;16;16;16m▀[38;2;0;0;0m▄[0m [0m
[38;2;23;77;59;48;2;0;0;0m▀[38;2;54;179;137;48;2;23;77;59m▀[38;2;46;148;112;48;2;23;77;59m▀[38;2;46;148;112;48;2;23;77;59m▀[38;2;46;148;112;48;2;0;0;0m▀[38;2;0;0;0;48;2;0;0;0m▀[38;2;0;0;0m▀[0m [0m [0m [0m [0m [0m [0m [0m [0m [0m [0m [0m [0m [0m [0m [0m [0m [38;2;0;0;0m▀[38;2;16;16;16;48;2;0;0;0m▀[38;2;0;0;0;48;2;0;0;0m▀[38;2;0;0;0;48;2;0;0;0m▀[38;2;0;0;0;48;2;0;0;0m▀[38;2;0;0;0;48;2;0;0;0m▀[38;2;168;118;81;48;2;119;89;67m▀[38;2;168;118;81;48;2;168;118;81m▀[38;2;168;118;81;48;2;168;118;81m▀[38;2;168;118;81;48;2;119;89;67m▀[38;2;168;118;81;48;2;119;89;67m▀[38;2;119;89;67;48;2;168;118;81m▀[38;2;168;118;81;48;2;168;118;81m▀[38;2;0;0;0;48;2;168;118;81m▀[38;2;43;48;60;48;2;0;0;0m▀[38;2;43;48;60;48;2;0;0;0m▀[38;2;43;48;60;48;2;0;0;0m▀[38;2;43;48;60;48;2;0;0;0m▀[38;2;43;48;60;48;2;0;0;0m▀[38;2;0;0;0;48;2;119;89;67m▀[38;2;168;118;81;48;2;119;89;67m▀[38;2;119;89;67;48;2;119;89;67m▀[38;2;119;89;67;48;2;119;89;67m▀[38;2;119;89;67;48;2;119;89;67m▀[38;2;119;89;67;48;2;119;89;67m▀[38;2;119;89;67;48;2;119;89;67m▀[38;2;119;89;67;48;2;119;89;67m▀[38;2;119;89;67;48;2;119;89;67m▀[38;2;119;89;67;48;2;119;89;67m▀[38;2;119;89;67;48;2;119;89;67m▀[38;2;0;0;0;48;2;0;0;0m▀[38;2;0;0;0;48;2;0;0;0m▀[0m [0m [0m [0m [0m [0m [0m [0m [0m [0m [0m [0m [0m [38;2;0;0;0m▀[38;2;0;0;0m▀[38;2;0;0;0;48;2;0;0;0m▀[38;2;72;45;38;48;2;23;77;59m▀[38;2;119;89;67;48;2;54;179;137m▀[38;2;54;179;137;48;2;54;179;137m▀[38;2;23;77;59;48;2;54;179;137m▀[38;2;0;0;0;48;2;23;77;59m▀[38;2;43;48;60;48;2;46;148;112m▀[38;2;43;48;60;48;2;46;148;112m▀[38;2;43;48;60;48;2;46;148;112m▀[38;2;43;48;60;48;2;23;77;59m▀[38;2;43;48;60;48;2;0;0;0m▀[38;2;73;78;91;48;2;43;48;60m▀[38;2;73;78;91;48;2;43;48;60m▀[38;2;73;78;91;48;2;43;48;60m▀[38;2;73;78;91;48;2;73;78;91m▀[38;2;73;78;91;48;2;73;78;91m▀[38;2;72;45;38;48;2;72;45;38m▀[38;2;119;89;67;48;2;119;89;67m▀[38;2;16;16;16;48;2;119;89;67m▀[38;2;16;16;16;48;2;119;89;67m▀[38;2;0;0;0;48;2;16;16;16m▀[38;2;0;0;0m▄[0m
[0m [38;2;0;0;0m▀[38;2;0;0;0m▀[38;2;0;0;0m▀[38;2;0;0;0m▀[0m [0m [0m [0m [0m [0m [0m [0m [0m [0m [0m [0m [0m [0m [0m [0m [0m [0m [0m [0m [0m [0m [0m [38;2;0;0;0;48;2;0;0;0m▀[38;2;0;0;0;48;2;0;0;0m▀[38;2;119;89;67;48;2;119;89;67m▀[38;2;119;89;67;48;2;119;89;67m▀[38;2;119;89;67;48;2;119;89;67m▀[38;2;119;89;67;48;2;119;89;67m▀[38;2;119;89;67;48;2;119;89;67m▀[38;2;119;89;67;48;2;119;89;67m▀[38;2;119;89;67;48;2;119;89;67m▀[38;2;119;89;67;48;2;119;89;67m▀[38;2;119;89;67;48;2;119;89;67m▀[38;2;119;89;67;48;2;119;89;67m▀[38;2;119;89;67;48;2;119;89;67m▀[38;2;119;89;67;48;2;119;89;67m▀[38;2;119;89;67;48;2;119;89;67m▀[38;2;119;89;67;48;2;119;89;67m▀[38;2;119;89;67;48;2;119;89;67m▀[38;2;119;89;67;48;2;119;89;67m▀[38;2;119;89;67;48;2;119;89;67m▀[38;2;119;89;67;48;2;119;89;67m▀[38;2;119;89;67;48;2;119;89;67m▀[38;2;119;89;67;48;2;119;89;67m▀[38;2;119;89;67;48;2;119;89;67m▀[38;2;119;89;67;48;2;119;89;67m▀[38;2;0;0;0;48;2;0;0;0m▀[38;2;0;0;0;48;2;0;0;0m▀[38;2;0;0;0;48;2;0;0;0m▀[0m [0m [0m [0m [0m [0m [0m [0m [0m [0m [0m [0m [0m [0m [0m [0m [0m [38;2;0;0;0;48;2;0;0;0m▀[38;2;23;77;59;48;2;23;77;59m▀[38;2;54;179;137;48;2;54;179;137m▀[38;2;54;179;137;48;2;54;179;137m▀[38;2;54;179;137;48;2;54;179;137m▀[38;2;23;77;59;48;2;23;77;59m▀[38;2;23;77;59;48;2;23;77;59m▀[38;2;23;77;59;48;2;23;77;59m▀[38;2;0;0;0;48;2;0;0;0m▀[0m [38;2;0;0;0m▀[38;2;0;0;0m▀[38;2;0;0;0;48;2;0;0;0m▀[38;2;43;48;60;48;2;43;48;60m▀[38;2;43;48;60;48;2;43;48;60m▀[38;2;73;78;91;48;2;73;78;91m▀[38;2;72;45;38;48;2;72;45;38m▀[38;2;119;89;67;48;2;119;89;67m▀[38;2;119;89;67;48;2;119;89;67m▀[38;2;16;16;16;48;2;16;16;16m▀[38;2;0;0;0;48;2;0;0;0m▀[0m
[0m [0m [0m [0m [0m [0m [0m [0m [0m [0m [0m [0m [0m [0m [0m [0m [0m [0m [0m [0m [0m [0m [0m [0m [0m [0m [0m [0m [0m [38;2;0;0;0;48;2;0;0;0m▀[38;2;0;0;0;48;2;0;0;0m▀[38;2;119;89;67;48;2;119;89;67m▀[38;2;119;89;67;48;2;119;89;67m▀[38;2;119;89;67;48;2;119;89;67m▀[38;2;119;89;67;48;2;119;89;67m▀[38;2;119;89;67;48;2;0;0;0m▀[38;2;119;89;67;48;2;0;0;0m▀[38;2;0;0;0;48;2;43;48;60m▀[38;2;0;0;0;48;2;43;48;60m▀[38;2;0;0;0;48;2;43;48;60m▀[38;2;0;0;0;48;2;43;48;60m▀[38;2;0;0;0;48;2;43;48;60m▀[38;2;0;0;0;48;2;43;48;60m▀[38;2;0;0;0;48;2;43;48;60m▀[38;2;0;0;0;48;2;43;48;60m▀[38;2;119;89;67;48;2;0;0;0m▀[38;2;119;89;67;48;2;0;0;0m▀[38;2;119;89;67;48;2;0;0;0m▀[38;2;119;89;67;48;2;119;89;67m▀[38;2;119;89;67;48;2;119;89;67m▀[38;2;119;89;67;48;2;119;89;67m▀[38;2;119;89;67;48;2;0;0;0m▀[38;2;0;0;0;48;2;0;0;0m▀[38;2;0;0;0;48;2;0;0;0m▀[38;2;0;0;0m▀[0m [0m [0m [0m [0m [0m [0m [0m [0m [0m [0m [0m [0m [0m [0m [0m [0m [0m [38;2;0;0;0m▀[38;2;23;77;59;48;2;0;0;0m▀[38;2;23;77;59;48;2;0;0;0m▀[38;2;23;77;59;48;2;0;0;0m▀[38;2;0;0;0m▀[38;2;0;0;0m▀[38;2;0;0;0m▀[0m [0m [0m [0m [0m [38;2;0;0;0m▀[38;2;0;0;0m▀[38;2;43;48;60;48;2;0;0;0m▀[38;2;72;45;38;48;2;43;48;60m▀[38;2;119;89;67;48;2;72;45;38m▀[38;2;119;89;67;48;2;72;45;38m▀[38;2;16;16;16;48;2;119;89;67m▀[38;2;0;0;0;48;2;16;16;16m▀[0m
[0m [0m [0m [0m [0m [0m [0m [0m [0m [0m [0m [0m [0m [0m [0m [0m [0m [0m [0m [0m [0m [0m [0m [0m [0m [0m [0m [0m [0m [0m [38;2;0;0;0m▀[38;2;0;0;0;48;2;0;0;0m▀[38;2;119;89;67;48;2;0;0;0m▀[38;2;0;0;0;48;2;72;45;38m▀[38;2;0;0;0;48;2;72;45;38m▀[38;2;16;16;16;48;2;16;16;16m▀[38;2;43;48;60;48;2;43;48;60m▀[38;2;43;48;60;48;2;43;48;60m▀[38;2;43;48;60;48;2;43;48;60m▀[38;2;43;48;60;48;2;43;48;60m▀[38;2;43;48;60;48;2;43;48;60m▀[38;2;43;48;60;48;2;43;48;60m▀[38;2;43;48;60;48;2;43;48;60m▀[38;2;43;48;60;48;2;43;48;60m▀[38;2;43;48;60;48;2;43;48;60m▀[38;2;43;48;60;48;2;43;48;60m▀[38;2;43;48;60;48;2;43;48;60m▀[38;2;16;16;16;48;2;16;16;16m▀[38;2;0;0;0;48;2;72;45;38m▀[38;2;0;0;0;48;2;72;45;38m▀[38;2;119;89;67;48;2;0;0;0m▀[38;2;0;0;0;48;2;0;0;0m▀[38;2;0;0;0m▀[0m [0m [0m [0m [0m [0m [0m [0m [0m [0m [0m [0m [0m [0m [0m [0m [0m [0m [0m [0m [0m [0m [0m [0m [0m [0m [0m [0m [0m [0m [0m [0m [0m [0m [0m [38;2;0;0;0m▀[38;2;72;45;38;48;2;0;0;0m▀[38;2;72;45;38;48;2;0;0;0m▀[38;2;119;89;67;48;2;72;45;38m▀[38;2;16;16;16;48;2;16;16;16m▀[0m
[0m [0m [0m [0m [0m [0m [0m [0m [0m [0m [0m [0m [0m [0m [0m [0m [0m [0m [0m [0m [0m [0m [0m [0m [0m [0m [0m [0m [0m [0m [0m [0m [38;2;0;0;0;48;2;0;0;0m▀[38;2;0;0;0;48;2;0;0;0m▀[38;2;0;0;0;48;2;0;0;0m▀[38;2;43;48;60;48;2;43;48;60m▀[38;2;73;78;91;48;2;73;78;91m▀[38;2;73;78;91;48;2;73;78;91m▀[38;2;73;78;91;48;2;73;78;91m▀[38;2;43;48;60;48;2;43;48;60m▀[38;2;43;48;60;48;2;43;48;60m▀[38;2;43;48;60;48;2;43;48;60m▀[38;2;43;48;60;48;2;43;48;60m▀[38;2;43;48;60;48;2;43;48;60m▀[38;2;43;48;60;48;2;43;48;60m▀[38;2;43;48;60;48;2;43;48;60m▀[38;2;43;48;60;48;2;43;48;60m▀[38;2;16;16;16;48;2;16;16;16m▀[38;2;72;45;38;48;2;72;45;38m▀[38;2;0;0;0;48;2;0;0;0m▀[38;2;0;0;0;48;2;0;0;0m▀[0m [0m [0m [0m [0m [0m [0m [0m [0m [0m [0m [0m [0m [0m [0m [0m [0m [0m [0m [0m [0m [0m [0m [0m [0m [0m [0m [0m [0m [0m [0m [0m [0m [0m [0m [0m [0m [0m [0m [0m [38;2;0;0;0m▀[38;2;0;0;0m▀[0m
[0m [0m [0m [0m [0m [0m [0m [0m [0m [0m [0m [0m [0m [0m [0m [0m [0m [0m [0m [0m [0m [0m [0m [0m [0m [0m [0m [0m [0m [0m [0m [0m [0m [38;2;0;0;0m▀[38;2;0;0;0m▀[38;2;43;48;60;48;2;0;0;0m▀[38;2;73;78;91;48;2;43;48;60m▀[38;2;73;78;91;48;2;73;78;91m▀[38;2;73;78;91;48;2;73;78;91m▀[38;2;73;78;91;48;2;73;78;91m▀[38;2;73;78;91;48;2;73;78;91m▀[38;2;73;78;91;48;2;73;78;91m▀[38;2;43;48;60;48;2;43;48;60m▀[38;2;43;48;60;48;2;43;48;60m▀[38;2;43;48;60;48;2;43;48;60m▀[38;2;43;48;60;48;2;43;48;60m▀[38;2;43;48;60;48;2;43;48;60m▀[38;2;16;16;16;48;2;16;16;16m▀[38;2;0;0;0;48;2;0;0;0m▀[38;2;0;0;0m▀[0m [0m [0m [0m [0m [0m [0m [0m [0m [0m [0m [0m [0m [0m [0m [0m [0m [0m [0m [0m [0m [0m [0m [0m [0m [0m [0m [0m [0m [0m [0m [0m [0m [0m [0m [0m [0m [0m [0m [0m [0m [0m [0m [0m
[0m [0m [0m [0m [0m [0m [0m [0m [0m [0m [0m [0m [0m [0m [0m [0m [0m [0m [0m [0m [0m [0m [0m [0m [0m [0m [0m [0m [0m [0m [0m [0m [0m [0m [0m [38;2;0;0;0m▀[38;2;16;16;16;48;2;0;0;0m▀[38;2;43;48;60;48;2;16;16;16m▀[38;2;43;48;60;48;2;43;48;60m▀[38;2;43;48;60;48;2;43;48;60m▀[38;2;43;48;60;48;2;43;48;60m▀[38;2;43;48;60;48;2;43;48;60m▀[38;2;43;48;60;48;2;43;48;60m▀[38;2;43;48;60;48;2;43;48;60m▀[38;2;43;48;60;48;2;43;48;60m▀[38;2;43;48;60;48;2;16;16;16m▀[38;2;43;48;60;48;2;16;16;16m▀[38;2;16;16;16;48;2;0;0;0m▀[38;2;0;0;0m▀[0m [0m [0m [0m [0m [0m [0m [0m [0m [0m [0m [0m [0m [0m [0m [0m [0m [0m [0m [0m [0m [0m [0m [0m [0m [0m [0m [0m [0m [0m [0m [0m [0m [0m [0m [0m [0m [0m [0m [0m [0m [0m [0m [0m [0m
[0m [0m [0m [0m [0m [0m [0m [0m [0m [0m [0m [0m [0m [0m [0m [0m [0m [0m [0m [0m [0m [0m [0m [0m [0m [0m [0m [0m [0m [0m [0m [0m [0m [0m [0m [0m [0m [38;2;0;0;0;48;2;0;0;0m▀[38;2;16;16;16;48;2;16;16;16m▀[38;2;16;16;16;48;2;16;16;16m▀[38;2;16;16;16;48;2;16;16;16m▀[38;2;43;48;60;48;2;43;48;60m▀[38;2;43;48;60;48;2;43;48;60m▀[38;2;43;48;60;48;2;43;48;60m▀[38;2;16;16;16;48;2;16;16;16m▀[38;2;16;16;16;48;2;16;16;16m▀[38;2;16;16;16;48;2;16;16;16m▀[38;2;0;0;0;48;2;0;0;0m▀[0m [0m [0m [0m [0m [0m [0m [0m [0m [0m [0m [0m [0m [0m [0m [0m [0m [0m [0m [0m [0m [0m [0m [0m [0m [0m [0m [0m [0m [0m [0m [0m [0m [0m [0m [0m [0m [0m [0m [0m [0m [0m [0m [0m [0m [0m
[0m [0m [0m [0m [0m [0m [0m [0m [0m [0m [0m [0m [0m [0m [0m [0m [0m [0m [0m [0m [0m [0m [0m [0m [0m [0m [0m [0m [0m [0m [0m [0m [0m [0m [0m [0m [0m [0m [38;2;0;0;0;48;2;0;0;0m▀[38;2;43;48;60;48;2;43;48;60m▀[38;2;43;48;60;48;2;43;48;60m▀[38;2;43;48;60;48;2;73;78;91m▀[38;2;16;16;16;48;2;43;48;60m▀[38;2;16;16;16;48;2;16;16;16m▀[38;2;43;48;60;48;2;43;48;60m▀[38;2;16;16;16;48;2;16;16;16m▀[38;2;16;16;16;48;2;16;16;16m▀[38;2;0;0;0;48;2;0;0;0m▀[0m [0m [0m [0m [0m [0m [0m [0m [0m [0m [0m [0m [0m [0m [0m [0m [0m [0m [0m [0m [0m [0m [0m [0m [0m [0m [0m [0m [0m [0m [0m [0m [0m [0m [0m [0m [0m [0m [0m [0m [0m [0m [0m [0m [0m [0m
[0m [0m [0m [0m [0m [0m [0m [0m [0m [0m [0m [0m [0m [0m [0m [0m [0m [0m [0m [0m [0m [0m [0m [0m [0m [0m [0m [0m [0m [0m [0m [0m [0m [0m [0m [0m [0m [0m [38;2;0;0;0;48;2;0;0;0m▀[38;2;43;48;60;48;2;43;48;60m▀[38;2;43;48;60;48;2;43;48;60m▀[38;2;73;78;91;48;2;73;78;91m▀[38;2;43;48;60;48;2;16;16;16m▀[38;2;16;16;16;48;2;16;16;16m▀[38;2;43;48;60;48;2;43;48;60m▀[38;2;43;48;60;48;2;43;48;60m▀[38;2;43;48;60;48;2;43;48;60m▀[38;2;16;16;16;48;2;16;16;16m▀[38;2;0;0;0;48;2;0;0;0m▀[0m [0m [0m [0m [0m [0m [0m [0m [0m [0m [0m [0m [0m [0m [0m [0m [0m [0m [0m [0m [0m [0m [0m [0m [0m [0m [0m [0m [0m [0m [0m [0m [0m [0m [0m [0m [0m [0m [0m [0m [0m [0m [0m [0m [0m
[0m [0m [0m [0m [0m [0m [0m [0m [0m [0m [0m [0m [0m [0m [0m [0m [0m [0m [0m [0m [0m [0m [0m [0m [0m [0m [0m [0m [0m [0m [0m [0m [0m [0m [0m [0m [0m [0m [38;2;0;0;0;48;2;0;0;0m▀[38;2;43;48;60;48;2;43;48;60m▀[38;2;43;48;60;48;2;43;48;60m▀[38;2;73;78;91;48;2;73;78;91m▀[38;2;16;16;16;48;2;16;16;16m▀[38;2;16;16;16;48;2;16;16;16m▀[38;2;43;48;60;48;2;43;48;60m▀[38;2;43;48;60;48;2;43;48;60m▀[38;2;43;48;60;48;2;43;48;60m▀[38;2;16;16;16;48;2;16;16;16m▀[38;2;0;0;0;48;2;0;0;0m▀[0m [0m [0m [0m [0m [0m [0m [0m [0m [0m [0m [0m [0m [0m [0m [0m [0m [0m [0m [0m [0m [0m [0m [0m [0m [0m [0m [0m [0m [0m [0m [0m [0m [0m [0m [0m [0m [0m [0m [0m [0m [0m [0m [0m [0m
[0m [0m [0m [0m [0m [0m [0m [0m [0m [0m [0m [0m [0m [0m [0m [0m [0m [0m [0m [0m [0m [0m [0m [0m [0m [0m [0m [0m [0m [0m [0m [0m [0m [0m [0m [0m [0m [38;2;0;0;0;48;2;0;0;0m▀[38;2;43;48;60;48;2;43;48;60m▀[38;2;73;78;91;48;2;73;78;91m▀[38;2;73;78;91;48;2;73;78;91m▀[38;2;73;78;91;48;2;43;48;60m▀[38;2;16;16;16;48;2;16;16;16m▀[38;2;0;0;0;48;2;0;0;0m▀[38;2;16;16;16;48;2;16;16;16m▀[38;2;43;48;60;48;2;43;48;60m▀[38;2;43;48;60;48;2;43;48;60m▀[38;2;16;16;16;48;2;43;48;60m▀[38;2;0;0;0;48;2;16;16;16m▀[38;2;0;0;0m▄[0m [0m [0m [0m [0m [0m [0m [0m [0m [0m [0m [0m [0m [0m [0m [0m [0m [0m [0m [0m [0m [0m [0m [0m [0m [0m [0m [0m [0m [0m [0m [0m [0m [0m [0m [0m [0m [0m [0m [0m [0m [0m [0m [0m
[0m [0m [0m [0m [0m [0m [0m [0m [0m [0m [0m [0m [0m [0m [0m [0m [0m [0m [0m [0m [0m [0m [0m [0m [0m [0m [0m [0m [0m [0m [0m [0m [0m [0m [0m [0m [0m [38;2;0;0;0;48;2;0;0;0m▀[38;2;43;48;60;48;2;43;48;60m▀[38;2;73;78;91;48;2;73;78;91m▀[38;2;73;78;91;48;2;73;78;91m▀[38;2;16;16;16;48;2;16;16;16m▀[38;2;0;0;0;48;2;0;0;0m▀[0m [38;2;0;0;0;48;2;0;0;0m▀[38;2;16;16;16;48;2;16;16;16m▀[38;2;16;16;16;48;2;16;16;16m▀[38;2;43;48;60;48;2;43;48;60m▀[38;2;16;16;16;48;2;16;16;16m▀[38;2;0;0;0;48;2;0;0;0m▀[0m [0m [0m [0m [0m [0m [0m [0m [0m [0m [0m [0m [0m [0m [0m [0m [0m [0m [0m [0m [0m [0m [0m [0m [0m [0m [0m [0m [0m [0m [0m [0m [0m [0m [0m [0m [0m [0m [0m [0m [0m [0m [0m [0m
[0m [0m [0m [0m [0m [0m [0m [0m [0m [0m [0m [0m [0m [0m [0m [0m [0m [0m [0m [0m [0m [0m [0m [0m [0m [0m [0m [0m [0m [0m [0m [0m [0m [0m [0m [0m [0m [38;2;0;0;0;48;2;0;0;0m▀[38;2;43;48;60;48;2;43;48;60m▀[38;2;73;78;91;48;2;73;78;91m▀[38;2;73;78;91;48;2;73;78;91m▀[38;2;16;16;16;48;2;16;16;16m▀[38;2;0;0;0;48;2;0;0;0m▀[0m [38;2;0;0;0;48;2;0;0;0m▀[38;2;16;16;16;48;2;16;16;16m▀[38;2;16;16;16;48;2;16;16;16m▀[38;2;43;48;60;48;2;43;48;60m▀[38;2;43;48;60;48;2;43;48;60m▀[38;2;16;16;16;48;2;16;16;16m▀[38;2;0;0;0;48;2;0;0;0m▀[0m [0m [0m [0m [0m [0m [0m [0m [0m [0m [0m [0m [0m [0m [0m [0m [0m [0m [0m [0m [0m [0m [0m [0m [0m [0m [0m [0m [0m [0m [0m [0m [0m [0m [0m [0m [0m [0m [0m [0m [0m [0m [0m
[0m [0m [0m [0m [0m [0m [0m [0m [0m [0m [0m [0m [0m [0m [0m [0m [0m [0m [0m [0m [0m [0m [0m [0m [0m [0m [0m [0m [0m [0m [0m [0m [0m [0m [0m [0m [38;2;0;0;0m▄[38;2;0;0;0;48;2;43;48;60m▀[38;2;43;48;60;48;2;73;78;91m▀[38;2;73;78;91;48;2;73;78;91m▀[38;2;73;78;91;48;2;73;78;91m▀[38;2;16;16;16;48;2;16;16;16m▀[38;2;0;0;0;48;2;0;0;0m▀[0m [0m [38;2;0;0;0m▀[38;2;0;0;0;48;2;0;0;0m▀[38;2;16;16;16;48;2;16;16;16m▀[38;2;43;48;60;48;2;43;48;60m▀[38;2;16;16;16;48;2;16;16;16m▀[38;2;0;0;0;48;2;0;0;0m▀[0m [0m [0m [0m [0m [0m [0m [0m [0m [0m [0m [0m [0m [0m [0m [0m [0m [0m [0m [0m [0m [0m [0m [0m [0m [0m [0m [0m [0m [0m [0m [0m [0m [0m [0m [0m [0m [0m [0m [0m [0m [0m [0m
[0m [0m [0m [0m [0m [0m [0m [0m [0m [0m [0m [0m [0m [0m [0m [0m [0m [0m [0m [0m [0m [0m [0m [0m [0m [0m [0m [0m [0m [0m [0m [0m [0m [0m [0m [0m [38;2;0;0;0;48;2;0;0;0m▀[38;2;43;48;60;48;2;43;48;60m▀[38;2;73;78;91;48;2;73;78;91m▀[38;2;43;48;60;48;2;16;16;16m▀[38;2;43;48;60;48;2;16;16;16m▀[38;2;16;16;16;48;2;0;0;0m▀[38;2;0;0;0m▀[0m [0m [0m [38;2;0;0;0m▀[38;2;16;16;16;48;2;0;0;0m▀[38;2;43;48;60;48;2;16;16;16m▀[38;2;43;48;60;48;2;43;48;60m▀[38;2;16;16;16;48;2;16;16;16m▀[38;2;0;0;0;48;2;0;0;0m▀[0m [0m [0m [0m [0m [0m [0m [0m [0m [0m [0m [0m [0m [0m [0m [0m [0m [0m [0m [0m [0m [0m [0m [0m [0m [0m [0m [0m [0m [0m [0m [0m [0m [0m [0m [0m [0m [0m [0m [0m [0m [0m
[0m [0m [0m [0m [0m [0m [0m [0m [0m [0m [0m [0m [0m [0m [0m [0m [0m [0m [0m [0m [0m [0m [0m [0m [0m [0m [0m [0m [0m [0m [0m [0m [0m [0m [0m [0m [38;2;0;0;0;48;2;0;0;0m▀[38;2;43;48;60;48;2;43;48;60m▀[38;2;73;78;91;48;2;73;78;91m▀[38;2;16;16;16;48;2;16;16;16m▀[38;2;16;16;16;48;2;16;16;16m▀[38;2;0;0;0;48;2;0;0;0m▀[0m [0m [0m [0m [0m [38;2;0;0;0;48;2;0;0;0m▀[38;2;16;16;16;48;2;16;16;16m▀[38;2;43;48;60;48;2;43;48;60m▀[38;2;16;16;16;48;2;16;16;16m▀[38;2;0;0;0;48;2;0;0;0m▀[0m [0m [0m [0m [0m [0m [0m [0m [0m [0m [0m [0m [0m [0m [0m [0m [0m [0m [0m [0m [0m [0m [0m [0m [0m [0m [0m [0m [0m [0m [0m [0m [0m [0m [0m [0m [0m [0m [0m [0m [0m [0m
[0m [0m [0m [0m [0m [0m [0m [0m [0m [0m [0m [0m [0m [0m [0m [0m [0m [0m [0m [0m [0m [0m [0m [0m [0m [0m [0m [0m [0m [0m [0m [0m [0m [0m [0m [38;2;0;0;0m▄[38;2;0;0;0;48;2;43;48;60m▀[38;2;43;48;60;48;2;73;78;91m▀[38;2;73;78;91;48;2;43;48;60m▀[38;2;16;16;16;48;2;16;16;16m▀[38;2;16;16;16;48;2;16;16;16m▀[38;2;0;0;0;48;2;0;0;0m▀[0m [0m [0m [0m [0m [38;2;0;0;0m▀[38;2;16;16;16;48;2;0;0;0m▀[38;2;43;48;60;48;2;16;16;16m▀[38;2;16;16;16;48;2;0;0;0m▀[38;2;0;0;0m▀[0m [0m [0m [0m [0m [0m [0m [0m [0m [0m [0m [0m [0m [0m [0m [0m [0m [0m [0m [0m [0m [0m [0m [0m [0m [0m [0m [0m [0m [0m [0m [0m [0m [0m [0m [0m [0m [0m [0m [0m [0m [0m
[0m [0m [0m [0m [0m [0m [0m [0m [0m [0m [0m [0m [0m [0m [0m [0m [0m [0m [0m [0m [0m [0m [0m [0m [0m [0m [0m [0m [0m [0m [0m [0m [0m [0m [0m [38;2;0;0;0;48;2;0;0;0m▀[38;2;43;48;60;48;2;43;48;60m▀[38;2;73;78;91;48;2;73;78;91m▀[38;2;16;16;16;48;2;16;16;16m▀[38;2;0;0;0;48;2;0;0;0m▀[38;2;0;0;0m▀[0m [0m [0m [0m [0m [0m [0m [0m [38;2;0;0;0m▀[0m [0m [0m [0m [0m [0m [0m [0m [0m [0m [0m [0m [0m [0m [0m [0m [0m [0m [0m [0m [0m [0m [0m [0m [0m [0m [0m [0m [0m [0m [0m [0m [0m [0m [0m [0m [0m [0m [0m [0m [0m [0m [0m [0m
[0m [0m [0m [0m [0m [0m [0m [0m [0m [0m [0m [0m [0m [0m [0m [0m [0m [0m [0m [0m [0m [0m [0m [0m [0m [0m [0m [0m [0m [0m [0m [0m [0m [0m [0m [38;2;0;0;0;48;2;0;0;0m▀[38;2;43;48;60;48;2;43;48;60m▀[38;2;73;78;91;48;2;73;78;91m▀[38;2;16;16;16;48;2;16;16;16m▀[38;2;0;0;0;48;2;0;0;0m▀[0m [0m [0m [0m [0m [0m [0m [0m [0m [0m [0m [0m [0m [0m [0m [0m [0m [0m [0m [0m [0m [0m [0m [0m [0m [0m [0m [0m [0m [0m [0m [0m [0m [0m [0m [0m [0m [0m [0m [0m [0m [0m [0m [0m [0m [0m [0m [0m [0m [0m [0m [0m [0m [0m
[0m [0m [0m [0m [0m [0m [0m [0m [0m [0m [0m [0m [0m [0m [0m [0m [0m [0m [0m [0m [0m [0m [0m [0m [0m [0m [0m [0m [0m [0m [0m [0m [0m [0m [0m [38;2;0;0;0m▀[38;2;43;48;60;48;2;0;0;0m▀[38;2;73;78;91;48;2;16;16;16m▀[38;2;16;16;16;48;2;0;0;0m▀[38;2;0;0;0m▀[0m [0m [0m [0m [0m [0m [0m [0m [0m [0m [0m [0m [0m [0m [0m [0m [0m [0m [0m [0m [0m [0m [0m [0m [0m [0m [0m [0m [0m [0m [0m [0m [0m [0m [0m [0m [0m [0m [0m [0m [0m [0m [0m [0m [0m [0m [0m [0m [0m [0m [0m [0m [0m [0m
