[0m [0m [0m [0m [0m [0m [0m [0m [0m [0m [0m [0m [0m [0m [0m [0m [0m [38;2;0;0;0m▄[38;2;0;0;0m▄[38;2;0;0;0;48;2;88;72;144m▀[38;2;0;0;0;48;2;88;72;144m▀[38;2;0;0;0;48;2;88;72;144m▀[38;2;0;0;0;48;2;88;72;144m▀[38;2;0;0;0;48;2;88;72;144m▀[38;2;0;0;0m▄[0m [0m [0m [0m [0m [0m [0m [0m [0m [0m [0m [0m [0m [0m [38;2;0;0;0m▄[38;2;0;0;0m▄[38;2;0;0;0m▄[38;2;0;0;0m▄[38;2;0;0;0;48;2;16;16;16m▀[38;2;0;0;0;48;2;16;16;16m▀[38;2;0;0;0;48;2;16;16;16m▀[38;2;0;0;0;48;2;16;16;16m▀[38;2;0;0;0;48;2;16;16;16m▀[38;2;0;0;0;48;2;16;16;16m▀[38;2;16;16;16;48;2;88;72;144m▀[38;2;16;16;16;48;2;88;72;144m▀[38;2;16;16;16;48;2;88;72;144m▀[38;2;16;16;16;48;2;88;72;144m▀[38;2;16;16;16;48;2;88;72;144m▀[38;2;16;16;16;48;2;88;72;144m▀[38;2;0;0;0;48;2;16;16;16m▀[38;2;0;0;0m▄[0m [0m [0m [0m [0m [0m
[0m [0m [0m [0m [0m [0m [0m [0m [0m [0m [0m [0m [0m [0m [38;2;0;0;0m▄[38;2;0;0;0m▄[38;2;0;0;0;48;2;0;0;0m▀[38;2;88;72;144;48;2;88;72;144m▀[38;2;88;72;144;48;2;88;72;144m▀[38;2;168;160;240;48;2;168;160;240m▀[38;2;168;160;240;48;2;168;160;240m▀[38;2;168;160;240;48;2;168;160;240m▀[38;2;168;160;240;48;2;168;160;240m▀[38;2;88;72;144;48;2;88;72;144m▀[38;2;0;0;0;48;2;0;0;0m▀[0m [0m [0m [0m [0m [0m [0m [0m [0m [0m [0m [38;2;0;0;0m▄[38;2;0;0;0m▄[38;2;0;0;0;48;2;0;0;0m▀[38;2;16;16;16;48;2;16;16;16m▀[38;2;16;16;16;48;2;16;16;16m▀[38;2;16;16;16;48;2;16;16;16m▀[38;2;16;16;16;48;2;16;16;16m▀[38;2;136;112;208;48;2;136;112;208m▀[38;2;168;160;240;48;2;168;160;240m▀[38;2;168;160;240;48;2;168;160;240m▀[38;2;168;160;240;48;2;168;160;240m▀[38;2;136;112;208;48;2;136;112;208m▀[38;2;136;112;208;48;2;136;112;208m▀[38;2;72;64;120;48;2;72;64;120m▀[38;2;72;64;120;48;2;72;64;120m▀[38;2;72;64;120;48;2;72;64;120m▀[38;2;72;64;120;48;2;72;64;120m▀[38;2;72;64;120;48;2;72;64;120m▀[38;2;72;64;120;48;2;72;64;120m▀[38;2;0;0;0;48;2;0;0;0m▀[0m [0m [0m [0m [0m [0m [0m
[0m [0m [0m [0m [0m [0m [0m [0m [0m [0m [0m [38;2;0;0;0m▄[38;2;0;0;0;48;2;88;72;144m▀[38;2;0;0;0;48;2;88;72;144m▀[38;2;88;72;144;48;2;168;160;240m▀[38;2;88;72;144;48;2;168;160;240m▀[38;2;88;72;144;48;2;168;160;240m▀[38;2;168;160;240;48;2;168;160;240m▀[38;2;168;160;240;48;2;0;0;0m▀[38;2;168;160;240;48;2;0;0;0m▀[38;2;0;0;0;48;2;13;164;237m▀[38;2;0;0;0;48;2;13;164;237m▀[38;2;0;0;0;48;2;13;164;237m▀[38;2;0;0;0;48;2;13;164;237m▀[38;2;0;0;0;48;2;16;121;192m▀[38;2;0;0;0m▄[0m [0m [0m [0m [0m [0m [38;2;0;0;0m▄[38;2;0;0;0;48;2;16;16;16m▀[38;2;0;0;0;48;2;16;16;16m▀[38;2;0;0;0;48;2;16;16;16m▀[38;2;16;16;16;48;2;136;112;208m▀[38;2;16;16;16;48;2;136;112;208m▀[38;2;16;16;16;48;2;168;160;240m▀[38;2;136;112;208;48;2;168;160;240m▀[38;2;136;112;208;48;2;168;160;240m▀[38;2;136;112;208;48;2;72;64;120m▀[38;2;136;112;208;48;2;72;64;120m▀[38;2;88;72;144;48;2;72;64;120m▀[38;2;88;72;144;48;2;0;0;0m▀[38;2;72;64;120;48;2;0;0;0m▀[38;2;72;64;120;48;2;0;0;0m▀[38;2;72;64;120;48;2;0;0;0m▀[38;2;72;64;120;48;2;0;0;0m▀[38;2;0;0;0;48;2;16;121;192m▀[38;2;0;0;0;48;2;16;121;192m▀[38;2;0;0;0;48;2;16;121;192m▀[38;2;0;0;0;48;2;16;121;192m▀[38;2;0;0;0;48;2;16;121;192m▀[38;2;0;0;0;48;2;16;121;192m▀[38;2;0;0;0m▄[0m [0m [0m [0m [0m [0m [0m
[0m [0m [0m [0m [0m [0m [0m [0m [38;2;0;0;0m▄[38;2;0;0;0m▄[38;2;0;0;0;48;2;88;72;144m▀[38;2;88;72;144;48;2;168;160;240m▀[38;2;168;160;240;48;2;168;160;240m▀[38;2;168;160;240;48;2;0;0;0m▀[38;2;168;160;240;48;2;192;16;32m▀[38;2;192;16;32;48;2;0;0;0m▀[38;2;192;16;32;48;2;0;0;0m▀[38;2;0;0;0;48;2;0;0;0m▀[38;2;0;0;0;48;2;16;121;192m▀[38;2;13;164;237;48;2;144;240;248m▀[38;2;255;255;255;48;2;72;205;248m▀[38;2;144;240;248;48;2;72;205;248m▀[38;2;144;240;248;48;2;72;205;248m▀[38;2;144;240;248;48;2;72;205;248m▀[38;2;144;240;248;48;2;72;205;248m▀[38;2;16;121;192;48;2;13;164;237m▀[38;2;0;0;0;48;2;16;121;192m▀[38;2;0;0;0m▄[0m [0m [0m [38;2;0;0;0;48;2;0;0;0m▀[38;2;16;16;16;48;2;72;64;120m▀[38;2;136;112;208;48;2;136;112;208m▀[38;2;136;112;208;48;2;136;112;208m▀[38;2;168;160;240;48;2;88;72;144m▀[38;2;168;160;240;48;2;72;64;120m▀[38;2;88;72;144;48;2;72;64;120m▀[38;2;72;64;120;48;2;0;0;0m▀[38;2;72;64;120;48;2;0;0;0m▀[38;2;72;64;120;48;2;0;0;0m▀[38;2;0;0;0m▀[38;2;192;16;32;48;2;0;0;0m▀[38;2;248;72;88;48;2;192;16;32m▀[38;2;192;16;32;48;2;0;0;0m▀[38;2;0;0;0;48;2;0;0;0m▀[38;2;0;0;0m▄[38;2;0;0;0;48;2;16;121;192m▀[38;2;16;121;192;48;2;72;205;248m▀[38;2;72;205;248;48;2;255;255;255m▀[38;2;72;205;248;48;2;144;240;248m▀[38;2;72;205;248;48;2;144;240;248m▀[38;2;72;205;248;48;2;144;240;248m▀[38;2;72;205;248;48;2;144;240;248m▀[38;2;72;205;248;48;2;144;240;248m▀[38;2;16;121;192;48;2;72;205;248m▀[38;2;0;0;0;48;2;16;121;192m▀[38;2;0;0;0m▄[0m [0m [0m [0m [0m
[0m [0m [0m [0m [0m [0m [0m [38;2;0;0;0;48;2;0;0;0m▀[38;2;88;72;144;48;2;88;72;144m▀[38;2;88;72;144;48;2;88;72;144m▀[38;2;168;160;240;48;2;168;160;240m▀[38;2;168;160;240;48;2;168;160;240m▀[38;2;0;0;0;48;2;0;0;0m▀[38;2;0;0;0m▄[38;2;0;0;0;48;2;0;0;0m▀[38;2;0;0;0m▄[38;2;0;0;0m▄[38;2;0;0;0m▄[38;2;0;0;0;48;2;0;0;0m▀[38;2;16;121;192;48;2;16;121;192m▀[38;2;72;205;248;48;2;72;205;248m▀[38;2;13;164;237;48;2;13;164;237m▀[38;2;13;164;237;48;2;13;164;237m▀[38;2;13;164;237;48;2;13;164;237m▀[38;2;13;164;237;48;2;13;164;237m▀[38;2;16;121;192;48;2;16;121;192m▀[38;2;0;0;0;48;2;0;0;0m▀[0m [0m [0m [0m [38;2;0;0;0;48;2;0;0;0m▀[38;2;72;64;120;48;2;72;64;120m▀[38;2;136;112;208;48;2;136;112;208m▀[38;2;136;112;208;48;2;136;112;208m▀[38;2;0;0;0;48;2;0;0;0m▀[38;2;0;0;0m▀[38;2;0;0;0m▀[38;2;0;0;0m▄[38;2;0;0;0m▄[38;2;0;0;0m▄[38;2;0;0;0m▄[38;2;0;0;0m▄[38;2;0;0;0;48;2;0;0;0m▀[38;2;0;0;0;48;2;0;0;0m▀[38;2;16;121;192;48;2;16;121;192m▀[38;2;16;121;192;48;2;16;121;192m▀[38;2;144;240;248;48;2;144;240;248m▀[38;2;144;240;248;48;2;144;240;248m▀[38;2;72;205;248;48;2;72;205;248m▀[38;2;72;205;248;48;2;72;205;248m▀[38;2;72;205;248;48;2;72;205;248m▀[38;2;72;205;248;48;2;72;205;248m▀[38;2;72;205;248;48;2;72;205;248m▀[38;2;72;205;248;48;2;72;205;248m▀[38;2;144;240;248;48;2;144;240;248m▀[38;2;144;240;248;48;2;144;240;248m▀[38;2;16;121;192;48;2;16;121;192m▀[38;2;0;0;0;48;2;0;0;0m▀[0m [0m [0m [0m
[0m [0m [0m [0m [0m [38;2;0;0;0m▄[38;2;0;0;0;48;2;88;72;144m▀[38;2;88;72;144;48;2;168;160;240m▀[38;2;168;160;240;48;2;168;160;240m▀[38;2;168;160;240;48;2;168;160;240m▀[38;2;168;160;240;48;2;0;0;0m▀[38;2;0;0;0;48;2;0;0;0m▀[38;2;0;0;0;48;2;255;198;45m▀[38;2;255;198;45;48;2;255;255;255m▀[38;2;255;198;45;48;2;255;251;90m▀[38;2;255;198;45;48;2;255;251;90m▀[38;2;255;198;45;48;2;255;251;90m▀[38;2;255;165;0;48;2;255;251;90m▀[38;2;0;0;0;48;2;255;165;0m▀[38;2;0;0;0;48;2;0;0;0m▀[38;2;16;121;192;48;2;0;0;0m▀[38;2;16;121;192;48;2;0;0;0m▀[38;2;16;121;192;48;2;0;0;0m▀[38;2;16;121;192;48;2;0;0;0m▀[38;2;16;121;192;48;2;0;0;0m▀[38;2;0;0;0;48;2;0;0;0m▀[38;2;0;0;0;48;2;64;144;160m▀[38;2;0;0;0m▄[38;2;0;0;0m▄[0m [38;2;0;0;0;48;2;0;0;0m▀[38;2;72;64;120;48;2;72;64;120m▀[38;2;136;112;208;48;2;168;160;240m▀[38;2;88;72;144;48;2;0;0;0m▀[38;2;88;72;144;48;2;0;0;0m▀[38;2;0;0;0m▀[38;2;0;0;0m▄[38;2;0;0;0;48;2;255;165;0m▀[38;2;255;165;0;48;2;255;227;0m▀[38;2;255;165;0;48;2;255;227;0m▀[38;2;255;165;0;48;2;255;227;0m▀[38;2;255;165;0;48;2;255;227;0m▀[38;2;255;165;0;48;2;255;227;0m▀[38;2;255;165;0;48;2;255;227;0m▀[38;2;0;0;0;48;2;255;165;0m▀[38;2;0;0;0;48;2;0;0;0m▀[38;2;0;0;0;48;2;0;0;0m▀[38;2;16;121;192;48;2;0;0;0m▀[38;2;72;205;248;48;2;16;121;192m▀[38;2;72;205;248;48;2;13;164;237m▀[38;2;72;205;248;48;2;13;164;237m▀[38;2;72;205;248;48;2;13;164;237m▀[38;2;13;164;237;48;2;13;164;237m▀[38;2;13;164;237;48;2;13;164;237m▀[38;2;13;164;237;48;2;13;164;237m▀[38;2;13;164;237;48;2;16;121;192m▀[38;2;16;121;192;48;2;0;0;0m▀[38;2;0;0;0;48;2;0;0;0m▀[0m [0m [0m [0m [0m
[0m [0m [0m [0m [38;2;0;0;0m▄[38;2;0;0;0;48;2;88;72;144m▀[38;2;88;72;144;48;2;168;160;240m▀[38;2;168;160;240;48;2;0;0;0m▀[38;2;0;0;0m▀[38;2;0;0;0m▀[38;2;0;0;0m▀[38;2;255;165;0;48;2;0;0;0m▀[38;2;255;251;90;48;2;255;165;0m▀[38;2;255;227;0;48;2;255;227;0m▀[38;2;255;227;0;48;2;255;198;45m▀[38;2;255;227;0;48;2;255;198;45m▀[38;2;255;227;0;48;2;255;198;45m▀[38;2;255;227;0;48;2;255;198;45m▀[38;2;255;198;45;48;2;255;165;0m▀[38;2;255;165;0;48;2;0;0;0m▀[38;2;0;0;0;48;2;0;0;0m▀[38;2;0;0;0m▄[38;2;0;0;0m▄[38;2;0;0;0m▄[38;2;0;0;0;48;2;0;0;0m▀[38;2;64;144;160;48;2;0;0;0m▀[38;2;176;224;240;48;2;64;144;160m▀[38;2;64;144;160;48;2;0;0;0m▀[38;2;64;144;160;48;2;0;0;0m▀[38;2;0;0;0m▀[38;2;0;0;0;48;2;0;0;0m▀[38;2;72;64;120;48;2;72;64;120m▀[38;2;168;160;240;48;2;136;112;208m▀[38;2;0;0;0;48;2;0;0;0m▀[38;2;0;0;0m▄[38;2;0;0;0;48;2;255;165;0m▀[38;2;255;165;0;48;2;255;251;90m▀[38;2;255;227;0;48;2;255;251;90m▀[38;2;255;255;255;48;2;255;227;0m▀[38;2;255;251;90;48;2;255;227;0m▀[38;2;255;251;90;48;2;255;227;0m▀[38;2;255;251;90;48;2;255;227;0m▀[38;2;255;251;90;48;2;255;227;0m▀[38;2;255;251;90;48;2;255;227;0m▀[38;2;255;227;0;48;2;255;251;90m▀[38;2;255;165;0;48;2;255;251;90m▀[38;2;255;165;0;48;2;255;251;90m▀[38;2;0;0;0;48;2;255;165;0m▀[38;2;0;0;0;48;2;0;0;0m▀[38;2;16;121;192;48;2;0;0;0m▀[38;2;16;121;192;48;2;0;0;0m▀[38;2;16;121;192;48;2;0;0;0m▀[38;2;16;121;192;48;2;0;0;0m▀[38;2;16;121;192;48;2;0;0;0m▀[38;2;16;121;192;48;2;0;0;0m▀[38;2;0;0;0;48;2;0;0;0m▀[38;2;0;0;0;48;2;64;144;160m▀[38;2;64;144;160;48;2;176;224;240m▀[38;2;0;0;0;48;2;64;144;160m▀[38;2;0;0;0;48;2;64;144;160m▀[38;2;0;0;0m▄[0m [0m
[0m [0m [0m [38;2;0;0;0m▄[38;2;0;0;0;48;2;88;72;144m▀[38;2;88;72;144;48;2;168;160;240m▀[38;2;168;160;240;48;2;0;0;0m▀[38;2;0;0;0m▀[0m [0m [38;2;0;0;0m▄[38;2;0;0;0;48;2;16;121;192m▀[38;2;0;0;0;48;2;0;0;0m▀[38;2;255;165;0;48;2;0;0;0m▀[38;2;255;165;0;48;2;0;0;0m▀[38;2;255;165;0;48;2;0;0;0m▀[38;2;255;165;0;48;2;0;0;0m▀[38;2;255;165;0;48;2;0;0;0m▀[38;2;0;0;0;48;2;0;0;0m▀[38;2;0;0;0;48;2;72;64;120m▀[38;2;192;16;32;48;2;72;64;120m▀[38;2;72;64;120;48;2;168;160;240m▀[38;2;72;64;120;48;2;168;160;240m▀[38;2;72;64;120;48;2;168;160;240m▀[38;2;88;72;144;48;2;168;160;240m▀[38;2;88;72;144;48;2;88;72;144m▀[38;2;0;0;0;48;2;0;0;0m▀[0m [0m [38;2;0;0;0m▄[38;2;0;0;0;48;2;72;64;120m▀[38;2;72;64;120;48;2;168;160;240m▀[38;2;136;112;208;48;2;136;112;208m▀[38;2;0;0;0;48;2;0;0;0m▀[0m [38;2;0;0;0m▀[38;2;255;165;0;48;2;0;0;0m▀[38;2;255;227;0;48;2;255;165;0m▀[38;2;255;227;0;48;2;255;198;45m▀[38;2;255;227;0;48;2;255;198;45m▀[38;2;255;227;0;48;2;255;198;45m▀[38;2;255;227;0;48;2;255;198;45m▀[38;2;255;198;45;48;2;255;198;45m▀[38;2;255;198;45;48;2;255;198;45m▀[38;2;255;198;45;48;2;255;165;0m▀[38;2;255;165;0;48;2;0;0;0m▀[38;2;255;165;0;48;2;0;0;0m▀[38;2;0;0;0;48;2;0;0;0m▀[38;2;0;0;0;48;2;192;16;32m▀[38;2;192;16;32;48;2;248;72;88m▀[38;2;192;16;32;48;2;248;72;88m▀[38;2;192;16;32;48;2;248;72;88m▀[38;2;192;16;32;48;2;248;72;88m▀[38;2;192;16;32;48;2;248;72;88m▀[38;2;192;16;32;48;2;248;72;88m▀[38;2;0;0;0;48;2;192;16;32m▀[38;2;0;0;0;48;2;0;0;0m▀[38;2;64;144;160;48;2;0;0;0m▀[38;2;0;0;0m▀[38;2;0;0;0m▀[0m [0m [0m
[0m [0m [0m [38;2;0;0;0;48;2;0;0;0m▀[38;2;88;72;144;48;2;72;64;120m▀[38;2;168;160;240;48;2;168;160;240m▀[38;2;0;0;0;48;2;0;0;0m▀[38;2;0;0;0m▄[38;2;0;0;0m▄[38;2;0;0;0m▄[38;2;0;0;0;48;2;16;121;192m▀[38;2;16;121;192;48;2;13;164;237m▀[38;2;0;0;0;48;2;16;121;192m▀[38;2;0;0;0m▄[0m [0m [0m [38;2;0;0;0m▄[38;2;0;0;0;48;2;72;64;120m▀[38;2;72;64;120;48;2;168;160;240m▀[38;2;72;64;120;48;2;168;160;240m▀[38;2;168;160;240;48;2;168;160;240m▀[38;2;168;160;240;48;2;168;160;240m▀[38;2;168;160;240;48;2;248;72;88m▀[38;2;168;160;240;48;2;192;16;32m▀[38;2;88;72;144;48;2;88;72;144m▀[38;2;0;0;0;48;2;192;16;32m▀[38;2;0;0;0m▄[0m [38;2;0;0;0;48;2;0;0;0m▀[38;2;72;64;120;48;2;72;64;120m▀[38;2;168;160;240;48;2;136;112;208m▀[38;2;136;112;208;48;2;0;0;0m▀[38;2;0;0;0;48;2;0;0;0m▀[38;2;0;0;0m▄[38;2;0;0;0;48;2;16;121;192m▀[38;2;0;0;0;48;2;0;0;0m▀[38;2;255;165;0;48;2;0;0;0m▀[38;2;255;198;45;48;2;255;165;0m▀[38;2;255;198;45;48;2;255;165;0m▀[38;2;255;198;45;48;2;255;165;0m▀[38;2;255;198;45;48;2;255;165;0m▀[38;2;255;198;45;48;2;255;165;0m▀[38;2;255;198;45;48;2;255;165;0m▀[38;2;255;165;0;48;2;0;0;0m▀[38;2;0;0;0;48;2;0;0;0m▀[38;2;0;0;0m▄[38;2;0;0;0;48;2;192;16;32m▀[38;2;192;16;32;48;2;248;72;88m▀[38;2;248;72;88;48;2;255;255;255m▀[38;2;248;72;88;48;2;248;144;168m▀[38;2;248;72;88;48;2;248;144;168m▀[38;2;248;72;88;48;2;248;144;168m▀[38;2;248;72;88;48;2;248;144;168m▀[38;2;248;72;88;48;2;248;144;168m▀[38;2;192;16;32;48;2;248;72;88m▀[38;2;0;0;0;48;2;192;16;32m▀[38;2;0;0;0m▄[0m [0m [0m [0m [0m
[0m [0m [0m [38;2;0;0;0m▀[38;2;72;64;120;48;2;0;0;0m▀[38;2;136;112;208;48;2;72;64;120m▀[38;2;136;112;208;48;2;72;64;120m▀[38;2;136;112;208;48;2;88;72;144m▀[38;2;136;112;208;48;2;136;112;208m▀[38;2;136;112;208;48;2;136;112;208m▀[38;2;0;0;0;48;2;136;112;208m▀[38;2;16;121;192;48;2;0;0;0m▀[38;2;0;0;0;48;2;0;0;0m▀[38;2;0;0;0;48;2;10;182;71m▀[38;2;0;0;0;48;2;10;182;71m▀[38;2;0;0;0;48;2;10;182;71m▀[38;2;0;0;0;48;2;10;182;71m▀[38;2;72;64;120;48;2;72;64;120m▀[38;2;168;160;240;48;2;168;160;240m▀[38;2;168;160;240;48;2;168;160;240m▀[38;2;136;112;208;48;2;248;72;88m▀[38;2;248;72;88;48;2;248;72;88m▀[38;2;248;72;88;48;2;248;72;88m▀[38;2;248;72;88;48;2;248;72;88m▀[38;2;248;72;88;48;2;248;144;168m▀[38;2;72;64;120;48;2;192;16;32m▀[38;2;0;0;0;48;2;0;0;0m▀[38;2;0;0;0;48;2;10;182;71m▀[38;2;0;0;0;48;2;10;182;71m▀[38;2;0;0;0;48;2;0;0;0m▀[38;2;72;64;120;48;2;72;64;120m▀[38;2;136;112;208;48;2;136;112;208m▀[38;2;0;0;0;48;2;0;0;0m▀[38;2;16;121;192;48;2;0;0;0m▀[38;2;16;121;192;48;2;0;0;0m▀[38;2;72;205;248;48;2;16;121;192m▀[38;2;16;121;192;48;2;0;0;0m▀[38;2;0;0;0;48;2;0;0;0m▀[38;2;0;0;0;48;2;10;182;71m▀[38;2;0;0;0;48;2;10;182;71m▀[38;2;0;0;0;48;2;10;182;71m▀[38;2;0;0;0;48;2;10;182;71m▀[38;2;0;0;0;48;2;10;182;71m▀[38;2;0;0;0;48;2;10;182;71m▀[38;2;0;0;0;48;2;0;0;0m▀[38;2;192;16;32;48;2;0;0;0m▀[38;2;192;16;32;48;2;0;0;0m▀[38;2;248;144;168;48;2;192;16;32m▀[38;2;248;144;168;48;2;248;72;88m▀[38;2;248;72;88;48;2;248;72;88m▀[38;2;248;72;88;48;2;248;72;88m▀[38;2;248;72;88;48;2;248;72;88m▀[38;2;248;72;88;48;2;237;13;33m▀[38;2;248;72;88;48;2;237;13;33m▀[38;2;248;72;88;48;2;237;13;33m▀[38;2;248;144;168;48;2;237;13;33m▀[38;2;248;144;168;48;2;192;16;32m▀[38;2;192;16;32;48;2;0;0;0m▀[38;2;0;0;0m▀[0m [0m [0m [0m
[0m [0m [0m [0m [0m [38;2;0;0;0m▀[38;2;0;0;0m▀[38;2;72;64;120;48;2;0;0;0m▀[38;2;88;72;144;48;2;0;0;0m▀[38;2;88;72;144;48;2;0;0;0m▀[38;2;136;112;208;48;2;72;64;120m▀[38;2;136;112;208;48;2;88;72;144m▀[38;2;136;112;208;48;2;136;112;208m▀[38;2;6;219;46;48;2;136;112;208m▀[38;2;6;219;46;48;2;6;219;46m▀[38;2;72;64;120;48;2;72;64;120m▀[38;2;72;64;120;48;2;72;64;120m▀[38;2;168;160;240;48;2;168;160;240m▀[38;2;168;160;240;48;2;168;160;240m▀[38;2;136;112;208;48;2;248;72;88m▀[38;2;248;72;88;48;2;248;72;88m▀[38;2;248;72;88;48;2;248;144;168m▀[38;2;248;72;88;48;2;248;144;168m▀[38;2;248;144;168;48;2;248;144;168m▀[38;2;248;144;168;48;2;248;144;168m▀[38;2;192;16;32;48;2;192;16;32m▀[38;2;10;182;71;48;2;0;0;0m▀[38;2;6;219;46;48;2;10;182;71m▀[38;2;6;219;46;48;2;10;182;71m▀[38;2;72;64;120;48;2;72;64;120m▀[38;2;168;160;240;48;2;168;160;240m▀[38;2;136;112;208;48;2;255;227;0m▀[38;2;0;0;0;48;2;255;165;0m▀[38;2;0;0;0m▄[0m [38;2;0;0;0;48;2;0;0;0m▀[38;2;0;0;0;48;2;10;182;71m▀[38;2;10;182;71;48;2;82;248;72m▀[38;2;82;248;72;48;2;255;255;255m▀[38;2;82;248;72;48;2;192;248;144m▀[38;2;82;248;72;48;2;192;248;144m▀[38;2;82;248;72;48;2;192;248;144m▀[38;2;82;248;72;48;2;192;248;144m▀[38;2;82;248;72;48;2;192;248;144m▀[38;2;10;182;71;48;2;82;248;72m▀[38;2;0;0;0;48;2;10;182;71m▀[38;2;0;0;0;48;2;10;182;71m▀[38;2;0;0;0;48;2;0;0;0m▀[38;2;192;16;32;48;2;0;0;0m▀[38;2;237;13;33;48;2;192;16;32m▀[38;2;237;13;33;48;2;192;16;32m▀[38;2;237;13;33;48;2;192;16;32m▀[38;2;237;13;33;48;2;192;16;32m▀[38;2;237;13;33;48;2;192;16;32m▀[38;2;237;13;33;48;2;192;16;32m▀[38;2;192;16;32;48;2;0;0;0m▀[38;2;0;0;0m▀[38;2;0;0;0m▄[38;2;0;0;0;48;2;10;182;71m▀[38;2;0;0;0;48;2;10;182;71m▀[38;2;0;0;0m▄[0m [0m
[0m [0m [0m [0m [0m [0m [0m [0m [0m [38;2;0;0;0m▀[38;2;72;64;120;48;2;0;0;0m▀[38;2;88;72;144;48;2;0;0;0m▀[38;2;136;112;208;48;2;72;64;120m▀[38;2;136;112;208;48;2;136;112;208m▀[38;2;6;219;46;48;2;72;64;120m▀[38;2;72;64;120;48;2;136;112;208m▀[38;2;72;64;120;48;2;136;112;208m▀[38;2;168;160;240;48;2;168;160;240m▀[38;2;168;160;240;48;2;136;112;208m▀[38;2;248;72;88;48;2;192;16;32m▀[38;2;248;72;88;48;2;248;72;88m▀[38;2;248;144;168;48;2;248;144;168m▀[38;2;248;144;168;48;2;248;144;168m▀[38;2;248;144;168;48;2;248;144;168m▀[38;2;248;144;168;48;2;192;16;32m▀[38;2;192;16;32;48;2;0;0;0m▀[38;2;0;0;0;48;2;0;0;0m▀[38;2;10;182;71;48;2;0;0;0m▀[38;2;10;182;71;48;2;0;0;0m▀[38;2;72;64;120;48;2;72;64;120m▀[38;2;168;160;240;48;2;136;112;208m▀[38;2;255;227;0;48;2;255;165;0m▀[38;2;255;165;0;48;2;0;0;0m▀[38;2;0;0;0m▀[38;2;0;0;0m▄[38;2;0;0;0;48;2;10;182;71m▀[38;2;10;182;71;48;2;192;248;144m▀[38;2;82;248;72;48;2;192;248;144m▀[38;2;255;255;255;48;2;82;248;72m▀[38;2;192;248;144;48;2;82;248;72m▀[38;2;192;248;144;48;2;82;248;72m▀[38;2;192;248;144;48;2;82;248;72m▀[38;2;192;248;144;48;2;82;248;72m▀[38;2;192;248;144;48;2;82;248;72m▀[38;2;82;248;72;48;2;192;248;144m▀[38;2;10;182;71;48;2;192;248;144m▀[38;2;10;182;71;48;2;192;248;144m▀[38;2;0;0;0;48;2;10;182;71m▀[38;2;0;0;0;48;2;0;0;0m▀[38;2;192;16;32;48;2;0;0;0m▀[38;2;192;16;32;48;2;0;0;0m▀[38;2;192;16;32;48;2;0;0;0m▀[38;2;192;16;32;48;2;0;0;0m▀[38;2;192;16;32;48;2;0;0;0m▀[38;2;192;16;32;48;2;0;0;0m▀[38;2;0;0;0m▀[38;2;0;0;0m▄[38;2;0;0;0;48;2;10;182;71m▀[38;2;10;182;71;48;2;82;248;72m▀[38;2;10;182;71;48;2;82;248;72m▀[38;2;0;0;0;48;2;10;182;71m▀[38;2;0;0;0m▄[0m
[38;2;0;0;0;48;2;88;72;144m▀[38;2;0;0;0;48;2;88;72;144m▀[38;2;0;0;0;48;2;88;72;144m▀[38;2;0;0;0;48;2;88;72;144m▀[38;2;0;0;0;48;2;88;72;144m▀[38;2;0;0;0;48;2;88;72;144m▀[38;2;0;0;0;48;2;88;72;144m▀[38;2;0;0;0m▄[38;2;0;0;0m▄[38;2;0;0;0m▄[0m [0m [38;2;0;0;0;48;2;0;0;0m▀[38;2;72;64;120;48;2;0;0;0m▀[38;2;72;64;120;48;2;72;64;120m▀[38;2;136;112;208;48;2;136;112;208m▀[38;2;136;112;208;48;2;136;112;208m▀[38;2;136;112;208;48;2;136;112;208m▀[38;2;192;16;32;48;2;72;64;120m▀[38;2;192;16;32;48;2;192;16;32m▀[38;2;192;16;32;48;2;192;16;32m▀[38;2;248;144;168;48;2;248;72;88m▀[38;2;248;144;168;48;2;248;72;88m▀[38;2;248;144;168;48;2;248;144;168m▀[38;2;192;16;32;48;2;192;16;32m▀[38;2;0;0;0;48;2;72;64;120m▀[38;2;72;64;120;48;2;136;112;208m▀[38;2;72;64;120;48;2;72;64;120m▀[38;2;72;64;120;48;2;72;64;120m▀[38;2;168;160;240;48;2;136;112;208m▀[38;2;136;112;208;48;2;0;0;0m▀[38;2;0;0;0m▀[38;2;0;0;0m▄[38;2;0;0;0;48;2;192;16;32m▀[38;2;0;0;0;48;2;192;16;32m▀[38;2;0;0;0;48;2;0;0;0m▀[38;2;10;182;71;48;2;0;0;0m▀[38;2;82;248;72;48;2;10;182;71m▀[38;2;82;248;72;48;2;6;219;46m▀[38;2;82;248;72;48;2;6;219;46m▀[38;2;82;248;72;48;2;6;219;46m▀[38;2;82;248;72;48;2;6;219;46m▀[38;2;6;219;46;48;2;6;219;46m▀[38;2;6;219;46;48;2;6;219;46m▀[38;2;6;219;46;48;2;10;182;71m▀[38;2;10;182;71;48;2;0;0;0m▀[38;2;10;182;71;48;2;0;0;0m▀[38;2;0;0;0;48;2;0;0;0m▀[0m [0m [38;2;0;0;0m▄[38;2;0;0;0;48;2;255;165;0m▀[38;2;255;165;0;48;2;255;227;0m▀[38;2;255;165;0;48;2;255;227;0m▀[38;2;0;0;0;48;2;255;165;0m▀[38;2;0;0;0m▄[0m [38;2;0;0;0m▀[38;2;10;182;71;48;2;0;0;0m▀[38;2;10;182;71;48;2;0;0;0m▀[38;2;0;0;0m▀[0m [0m
[38;2;88;72;144;48;2;88;72;144m▀[38;2;168;160;240;48;2;192;16;32m▀[38;2;168;160;240;48;2;248;72;88m▀[38;2;168;160;240;48;2;248;72;88m▀[38;2;168;160;240;48;2;136;112;208m▀[38;2;136;112;208;48;2;168;160;240m▀[38;2;136;112;208;48;2;136;112;208m▀[38;2;72;64;120;48;2;136;112;208m▀[38;2;88;72;144;48;2;136;112;208m▀[38;2;88;72;144;48;2;136;112;208m▀[38;2;0;0;0;48;2;72;64;120m▀[38;2;0;0;0;48;2;72;64;120m▀[38;2;72;64;120;48;2;136;112;208m▀[38;2;72;64;120;48;2;136;112;208m▀[38;2;88;72;144;48;2;136;112;208m▀[38;2;136;112;208;48;2;136;112;208m▀[38;2;136;112;208;48;2;136;112;208m▀[38;2;136;112;208;48;2;136;112;208m▀[38;2;72;64;120;48;2;72;64;120m▀[38;2;192;16;32;48;2;192;16;32m▀[38;2;192;16;32;48;2;192;16;32m▀[38;2;248;72;88;48;2;248;72;88m▀[38;2;248;72;88;48;2;248;72;88m▀[38;2;248;72;88;48;2;192;16;32m▀[38;2;192;16;32;48;2;136;112;208m▀[38;2;136;112;208;48;2;136;112;208m▀[38;2;72;64;120;48;2;88;72;144m▀[38;2;168;160;240;48;2;136;112;208m▀[38;2;168;160;240;48;2;136;112;208m▀[38;2;136;112;208;48;2;0;0;0m▀[38;2;0;0;0m▀[38;2;0;0;0m▀[38;2;192;16;32;48;2;0;0;0m▀[38;2;248;72;88;48;2;192;16;32m▀[38;2;248;72;88;48;2;192;16;32m▀[38;2;192;16;32;48;2;0;0;0m▀[38;2;0;0;0m▀[38;2;0;0;0m▀[38;2;10;182;71;48;2;0;0;0m▀[38;2;10;182;71;48;2;0;0;0m▀[38;2;10;182;71;48;2;0;0;0m▀[38;2;10;182;71;48;2;0;0;0m▀[38;2;10;182;71;48;2;0;0;0m▀[38;2;10;182;71;48;2;0;0;0m▀[38;2;0;0;0;48;2;0;0;0m▀[38;2;0;0;0;48;2;64;144;160m▀[38;2;0;0;0;48;2;64;144;160m▀[38;2;64;144;160;48;2;176;224;240m▀[38;2;0;0;0;48;2;64;144;160m▀[38;2;0;0;0m▄[0m [38;2;0;0;0m▀[38;2;255;165;0;48;2;0;0;0m▀[38;2;255;165;0;48;2;0;0;0m▀[38;2;0;0;0m▀[0m [0m [0m [0m [0m [0m [0m [0m
[38;2;88;72;144;48;2;0;0;0m▀[38;2;192;16;32;48;2;192;16;32m▀[38;2;248;72;88;48;2;248;72;88m▀[38;2;248;72;88;48;2;248;72;88m▀[38;2;136;112;208;48;2;248;72;88m▀[38;2;168;160;240;48;2;192;16;32m▀[38;2;136;112;208;48;2;136;112;208m▀[38;2;136;112;208;48;2;136;112;208m▀[38;2;136;112;208;48;2;88;72;144m▀[38;2;136;112;208;48;2;88;72;144m▀[38;2;72;64;120;48;2;168;160;240m▀[38;2;72;64;120;48;2;168;160;240m▀[38;2;136;112;208;48;2;168;160;240m▀[38;2;136;112;208;48;2;136;112;208m▀[38;2;136;112;208;48;2;136;112;208m▀[38;2;136;112;208;48;2;136;112;208m▀[38;2;136;112;208;48;2;136;112;208m▀[38;2;136;112;208;48;2;136;112;208m▀[38;2;72;64;120;48;2;136;112;208m▀[38;2;192;16;32;48;2;88;72;144m▀[38;2;192;16;32;48;2;72;64;120m▀[38;2;248;72;88;48;2;192;16;32m▀[38;2;248;72;88;48;2;192;16;32m▀[38;2;192;16;32;48;2;72;64;120m▀[38;2;136;112;208;48;2;72;64;120m▀[38;2;136;112;208;48;2;88;72;144m▀[38;2;88;72;144;48;2;136;112;208m▀[38;2;136;112;208;48;2;136;112;208m▀[38;2;136;112;208;48;2;136;112;208m▀[38;2;0;0;0;48;2;0;0;0m▀[38;2;0;0;0;48;2;72;64;120m▀[38;2;0;0;0;48;2;72;64;120m▀[38;2;0;0;0;48;2;0;0;0m▀[38;2;192;16;32;48;2;0;0;0m▀[38;2;192;16;32;48;2;0;0;0m▀[38;2;0;0;0m▀[0m [0m [0m [38;2;0;0;0m▄[38;2;0;0;0m▄[38;2;0;0;0;48;2;10;182;71m▀[38;2;0;0;0m▄[0m [38;2;0;0;0m▀[38;2;64;144;160;48;2;0;0;0m▀[38;2;64;144;160;48;2;0;0;0m▀[38;2;176;224;240;48;2;64;144;160m▀[38;2;64;144;160;48;2;0;0;0m▀[38;2;0;0;0;48;2;0;0;0m▀[38;2;0;0;0m▄[38;2;0;0;0m▄[38;2;0;0;0m▄[38;2;0;0;0m▄[38;2;0;0;0;48;2;88;72;144m▀[38;2;0;0;0;48;2;88;72;144m▀[38;2;0;0;0;48;2;6;219;46m▀[38;2;0;0;0;48;2;6;219;46m▀[38;2;0;0;0;48;2;6;219;46m▀[38;2;0;0;0;48;2;6;219;46m▀[38;2;0;0;0;48;2;6;219;46m▀[38;2;0;0;0m▄[0m
[0m [38;2;0;0;0m▀[38;2;192;16;32;48;2;0;0;0m▀[38;2;192;16;32;48;2;0;0;0m▀[38;2;248;144;168;48;2;192;16;32m▀[38;2;192;16;32;48;2;248;144;168m▀[38;2;192;16;32;48;2;192;16;32m▀[38;2;88;72;144;48;2;88;72;144m▀[38;2;168;160;240;48;2;168;160;240m▀[38;2;168;160;240;48;2;168;160;240m▀[38;2;168;160;240;48;2;168;160;240m▀[38;2;168;160;240;48;2;168;160;240m▀[38;2;168;160;240;48;2;136;112;208m▀[38;2;136;112;208;48;2;136;112;208m▀[38;2;136;112;208;48;2;136;112;208m▀[38;2;136;112;208;48;2;136;112;208m▀[38;2;136;112;208;48;2;136;112;208m▀[38;2;136;112;208;48;2;136;112;208m▀[38;2;136;112;208;48;2;136;112;208m▀[38;2;136;112;208;48;2;136;112;208m▀[38;2;136;112;208;48;2;136;112;208m▀[38;2;88;72;144;48;2;136;112;208m▀[38;2;88;72;144;48;2;136;112;208m▀[38;2;88;72;144;48;2;136;112;208m▀[38;2;136;112;208;48;2;136;112;208m▀[38;2;88;72;144;48;2;136;112;208m▀[38;2;136;112;208;48;2;136;112;208m▀[38;2;72;64;120;48;2;136;112;208m▀[38;2;72;64;120;48;2;136;112;208m▀[38;2;72;64;120;48;2;136;112;208m▀[38;2;136;112;208;48;2;136;112;208m▀[38;2;88;72;144;48;2;88;72;144m▀[38;2;72;64;120;48;2;88;72;144m▀[38;2;0;0;0;48;2;72;64;120m▀[38;2;0;0;0;48;2;72;64;120m▀[38;2;0;0;0m▄[38;2;0;0;0m▄[38;2;0;0;0m▄[38;2;0;0;0;48;2;0;0;0m▀[38;2;10;182;71;48;2;0;0;0m▀[38;2;10;182;71;48;2;0;0;0m▀[38;2;82;248;72;48;2;88;72;144m▀[38;2;10;182;71;48;2;88;72;144m▀[38;2;0;0;0;48;2;88;72;144m▀[38;2;0;0;0;48;2;88;72;144m▀[38;2;0;0;0;48;2;88;72;144m▀[38;2;0;0;0;48;2;88;72;144m▀[38;2;0;0;0;48;2;88;72;144m▀[38;2;88;72;144;48;2;136;112;208m▀[38;2;88;72;144;48;2;136;112;208m▀[38;2;88;72;144;48;2;136;112;208m▀[38;2;88;72;144;48;2;136;112;208m▀[38;2;88;72;144;48;2;136;112;208m▀[38;2;88;72;144;48;2;136;112;208m▀[38;2;136;112;208;48;2;88;72;144m▀[38;2;88;72;144;48;2;10;182;71m▀[38;2;82;248;72;48;2;10;182;71m▀[38;2;166;248;144;48;2;10;182;71m▀[38;2;166;248;144;48;2;10;182;71m▀[38;2;166;248;144;48;2;10;182;71m▀[38;2;82;248;72;48;2;10;182;71m▀[38;2;10;182;71;48;2;0;0;0m▀[0m
[0m [38;2;0;0;0m▀[38;2;72;64;120;48;2;0;0;0m▀[38;2;72;64;120;48;2;0;0;0m▀[38;2;136;112;208;48;2;72;64;120m▀[38;2;192;16;32;48;2;136;112;208m▀[38;2;88;72;144;48;2;88;72;144m▀[38;2;168;160;240;48;2;168;160;240m▀[38;2;168;160;240;48;2;136;112;208m▀[38;2;168;160;240;48;2;136;112;208m▀[38;2;168;160;240;48;2;72;64;120m▀[38;2;136;112;208;48;2;72;64;120m▀[38;2;88;72;144;48;2;255;227;0m▀[38;2;72;64;120;48;2;255;165;0m▀[38;2;72;64;120;48;2;16;16;16m▀[38;2;72;64;120;48;2;16;16;16m▀[38;2;72;64;120;48;2;16;16;16m▀[38;2;88;72;144;48;2;16;16;16m▀[38;2;136;112;208;48;2;16;16;16m▀[38;2;136;112;208;48;2;16;16;16m▀[38;2;136;112;208;48;2;16;16;16m▀[38;2;136;112;208;48;2;72;64;120m▀[38;2;136;112;208;48;2;72;64;120m▀[38;2;136;112;208;48;2;136;112;208m▀[38;2;136;112;208;48;2;136;112;208m▀[38;2;136;112;208;48;2;136;112;208m▀[38;2;136;112;208;48;2;136;112;208m▀[38;2;136;112;208;48;2;136;112;208m▀[38;2;136;112;208;48;2;136;112;208m▀[38;2;136;112;208;48;2;136;112;208m▀[38;2;136;112;208;48;2;136;112;208m▀[38;2;88;72;144;48;2;88;72;144m▀[38;2;88;72;144;48;2;88;72;144m▀[38;2;72;64;120;48;2;88;72;144m▀[38;2;72;64;120;48;2;88;72;144m▀[38;2;88;72;144;48;2;88;72;144m▀[38;2;88;72;144;48;2;136;112;208m▀[38;2;88;72;144;48;2;136;112;208m▀[38;2;88;72;144;48;2;136;112;208m▀[38;2;88;72;144;48;2;136;112;208m▀[38;2;88;72;144;48;2;136;112;208m▀[38;2;136;112;208;48;2;136;112;208m▀[38;2;136;112;208;48;2;88;72;144m▀[38;2;136;112;208;48;2;16;16;16m▀[38;2;136;112;208;48;2;136;112;208m▀[38;2;136;112;208;48;2;136;112;208m▀[38;2;136;112;208;48;2;136;112;208m▀[38;2;136;112;208;48;2;136;112;208m▀[38;2;136;112;208;48;2;16;16;16m▀[38;2;88;72;144;48;2;16;16;16m▀[38;2;16;16;16;48;2;0;0;0m▀[38;2;16;16;16;48;2;0;0;0m▀[38;2;16;16;16;48;2;0;0;0m▀[38;2;16;16;16;48;2;0;0;0m▀[38;2;16;16;16;48;2;0;0;0m▀[38;2;0;0;0m▀[38;2;0;0;0m▀[38;2;0;0;0m▀[38;2;0;0;0m▀[38;2;0;0;0m▀[38;2;0;0;0m▀[0m [0m
[0m [0m [0m [0m [38;2;0;0;0;48;2;0;0;0m▀[38;2;72;64;120;48;2;72;64;120m▀[38;2;72;64;120;48;2;72;64;120m▀[38;2;136;112;208;48;2;136;112;208m▀[38;2;72;64;120;48;2;72;64;120m▀[38;2;72;64;120;48;2;72;64;120m▀[38;2;16;16;16;48;2;16;16;16m▀[38;2;16;16;16;48;2;16;16;16m▀[38;2;16;16;16;48;2;16;16;16m▀[38;2;255;227;0;48;2;255;227;0m▀[38;2;16;16;16;48;2;16;16;16m▀[38;2;176;224;240;48;2;176;224;240m▀[38;2;176;224;240;48;2;176;224;240m▀[38;2;16;16;16;48;2;16;16;16m▀[38;2;16;16;16;48;2;16;16;16m▀[38;2;16;16;16;48;2;16;16;16m▀[38;2;72;64;120;48;2;72;64;120m▀[38;2;136;112;208;48;2;136;112;208m▀[38;2;136;112;208;48;2;136;112;208m▀[38;2;136;112;208;48;2;136;112;208m▀[38;2;136;112;208;48;2;136;112;208m▀[38;2;136;112;208;48;2;136;112;208m▀[38;2;136;112;208;48;2;136;112;208m▀[38;2;136;112;208;48;2;136;112;208m▀[38;2;136;112;208;48;2;136;112;208m▀[38;2;136;112;208;48;2;136;112;208m▀[38;2;88;72;144;48;2;88;72;144m▀[38;2;88;72;144;48;2;88;72;144m▀[38;2;88;72;144;48;2;88;72;144m▀[38;2;88;72;144;48;2;88;72;144m▀[38;2;88;72;144;48;2;88;72;144m▀[38;2;16;16;16;48;2;16;16;16m▀[38;2;88;72;144;48;2;88;72;144m▀[38;2;88;72;144;48;2;88;72;144m▀[38;2;16;16;16;48;2;16;16;16m▀[38;2;16;16;16;48;2;16;16;16m▀[38;2;16;16;16;48;2;16;16;16m▀[38;2;16;16;16;48;2;16;16;16m▀[38;2;16;16;16;48;2;16;16;16m▀[38;2;16;16;16;48;2;16;16;16m▀[38;2;136;112;208;48;2;136;112;208m▀[38;2;136;112;208;48;2;136;112;208m▀[38;2;136;112;208;48;2;136;112;208m▀[38;2;16;16;16;48;2;16;16;16m▀[38;2;0;0;0;48;2;0;0;0m▀[38;2;0;0;0m▀[0m [0m [0m [0m [0m [0m [0m [0m [0m [0m [0m [0m [0m
[0m [0m [0m [0m [0m [38;2;0;0;0m▀[38;2;0;0;0;48;2;0;0;0m▀[38;2;16;16;16;48;2;16;16;16m▀[38;2;255;227;0;48;2;255;227;0m▀[38;2;255;227;0;48;2;255;227;0m▀[38;2;16;16;16;48;2;72;64;120m▀[38;2;96;96;96;48;2;72;64;120m▀[38;2;96;96;96;48;2;16;16;16m▀[38;2;96;96;96;48;2;176;224;240m▀[38;2;96;96;96;48;2;96;96;96m▀[38;2;16;16;16;48;2;16;16;16m▀[38;2;16;16;16;48;2;16;16;16m▀[38;2;16;16;16;48;2;255;165;0m▀[38;2;16;16;16;48;2;16;16;16m▀[38;2;56;56;80;48;2;72;64;120m▀[38;2;136;112;208;48;2;136;112;208m▀[38;2;136;112;208;48;2;136;112;208m▀[38;2;136;112;208;48;2;136;112;208m▀[38;2;136;112;208;48;2;136;112;208m▀[38;2;136;112;208;48;2;88;72;144m▀[38;2;136;112;208;48;2;88;72;144m▀[38;2;136;112;208;48;2;88;72;144m▀[38;2;88;72;144;48;2;88;72;144m▀[38;2;88;72;144;48;2;88;72;144m▀[38;2;88;72;144;48;2;88;72;144m▀[38;2;88;72;144;48;2;88;72;144m▀[38;2;88;72;144;48;2;88;72;144m▀[38;2;88;72;144;48;2;88;72;144m▀[38;2;88;72;144;48;2;16;16;16m▀[38;2;88;72;144;48;2;16;16;16m▀[38;2;16;16;16;48;2;88;72;144m▀[38;2;16;16;16;48;2;88;72;144m▀[38;2;16;16;16;48;2;88;72;144m▀[38;2;72;64;120;48;2;88;72;144m▀[38;2;72;64;120;48;2;88;72;144m▀[38;2;72;64;120;48;2;88;72;144m▀[38;2;0;0;0;48;2;72;64;120m▀[38;2;0;0;0;48;2;72;64;120m▀[38;2;16;16;16;48;2;16;16;16m▀[38;2;136;112;208;48;2;16;16;16m▀[38;2;16;16;16;48;2;0;0;0m▀[38;2;16;16;16;48;2;0;0;0m▀[38;2;0;0;0m▀[0m [0m [0m [0m [0m [0m [0m [0m [0m [0m [0m [0m [0m [0m [0m
[0m [0m [0m [0m [0m [0m [0m [38;2;0;0;0m▀[38;2;16;16;16;48;2;0;0;0m▀[38;2;16;16;16;48;2;0;0;0m▀[38;2;0;0;0m▀[38;2;0;0;0;48;2;0;0;0m▀[38;2;0;0;0;48;2;16;16;16m▀[38;2;16;16;16;48;2;255;165;0m▀[38;2;96;96;96;48;2;16;16;16m▀[38;2;16;16;16;48;2;16;16;16m▀[38;2;16;16;16;48;2;16;16;16m▀[38;2;255;227;0;48;2;72;64;120m▀[38;2;255;165;0;48;2;88;72;144m▀[38;2;88;72;144;48;2;136;112;208m▀[38;2;136;112;208;48;2;136;112;208m▀[38;2;136;112;208;48;2;72;64;120m▀[38;2;136;112;208;48;2;72;64;120m▀[38;2;88;72;144;48;2;16;16;16m▀[38;2;88;72;144;48;2;16;16;16m▀[38;2;88;72;144;48;2;88;72;144m▀[38;2;88;72;144;48;2;88;72;144m▀[38;2;88;72;144;48;2;88;72;144m▀[38;2;88;72;144;48;2;88;72;144m▀[38;2;88;72;144;48;2;88;72;144m▀[38;2;88;72;144;48;2;16;16;16m▀[38;2;88;72;144;48;2;16;16;16m▀[38;2;16;16;16;48;2;0;0;0m▀[38;2;16;16;16;48;2;0;0;0m▀[38;2;16;16;16;48;2;0;0;0m▀[38;2;16;16;16;48;2;0;0;0m▀[38;2;16;16;16;48;2;0;0;0m▀[38;2;88;72;144;48;2;16;16;16m▀[38;2;88;72;144;48;2;16;16;16m▀[38;2;88;72;144;48;2;16;16;16m▀[38;2;88;72;144;48;2;16;16;16m▀[38;2;88;72;144;48;2;16;16;16m▀[38;2;88;72;144;48;2;88;72;144m▀[38;2;72;64;120;48;2;88;72;144m▀[38;2;72;64;120;48;2;88;72;144m▀[38;2;72;64;120;48;2;88;72;144m▀[38;2;72;64;120;48;2;88;72;144m▀[38;2;0;0;0;48;2;72;64;120m▀[38;2;0;0;0;48;2;72;64;120m▀[38;2;0;0;0;48;2;72;64;120m▀[38;2;0;0;0m▄[38;2;0;0;0m▄[38;2;0;0;0m▄[38;2;0;0;0m▄[38;2;0;0;0m▄[38;2;0;0;0m▄[38;2;0;0;0m▄[0m [0m [0m [0m [0m [0m
[0m [0m [0m [0m [0m [0m [0m [0m [0m [0m [0m [38;2;0;0;0;48;2;0;0;0m▀[38;2;16;16;16;48;2;16;16;16m▀[38;2;255;227;0;48;2;255;227;0m▀[38;2;72;64;120;48;2;72;64;120m▀[38;2;72;64;120;48;2;72;64;120m▀[38;2;72;64;120;48;2;72;64;120m▀[38;2;136;112;208;48;2;136;112;208m▀[38;2;136;112;208;48;2;136;112;208m▀[38;2;88;72;144;48;2;88;72;144m▀[38;2;16;16;16;48;2;16;16;16m▀[38;2;0;0;0;48;2;0;0;0m▀[38;2;0;0;0m▀[38;2;0;0;0m▀[38;2;0;0;0;48;2;0;0;0m▀[38;2;16;16;16;48;2;16;16;16m▀[38;2;16;16;16;48;2;16;16;16m▀[38;2;16;16;16;48;2;16;16;16m▀[38;2;16;16;16;48;2;16;16;16m▀[38;2;16;16;16;48;2;16;16;16m▀[38;2;0;0;0;48;2;0;0;0m▀[38;2;0;0;0m▀[0m [0m [0m [0m [0m [38;2;0;0;0m▀[38;2;0;0;0m▀[38;2;0;0;0m▀[38;2;0;0;0;48;2;0;0;0m▀[38;2;16;16;16;48;2;16;16;16m▀[38;2;88;72;144;48;2;88;72;144m▀[38;2;88;72;144;48;2;88;72;144m▀[38;2;16;16;16;48;2;16;16;16m▀[38;2;88;72;144;48;2;88;72;144m▀[38;2;88;72;144;48;2;88;72;144m▀[38;2;88;72;144;48;2;88;72;144m▀[38;2;88;72;144;48;2;88;72;144m▀[38;2;88;72;144;48;2;88;72;144m▀[38;2;72;64;120;48;2;72;64;120m▀[38;2;72;64;120;48;2;72;64;120m▀[38;2;72;64;120;48;2;72;64;120m▀[38;2;72;64;120;48;2;72;64;120m▀[38;2;192;16;32;48;2;192;16;32m▀[38;2;192;16;32;48;2;192;16;32m▀[38;2;192;16;32;48;2;192;16;32m▀[38;2;0;0;0;48;2;0;0;0m▀[0m [0m [0m [0m [0m
[0m [0m [0m [0m [0m [0m [0m [0m [0m [0m [0m [0m [38;2;0;0;0m▀[38;2;16;16;16;48;2;0;0;0m▀[38;2;136;112;208;48;2;16;16;16m▀[38;2;136;112;208;48;2;16;16;16m▀[38;2;136;112;208;48;2;16;16;16m▀[38;2;136;112;208;48;2;16;16;16m▀[38;2;16;16;16;48;2;0;0;0m▀[38;2;16;16;16;48;2;0;0;0m▀[38;2;0;0;0m▀[0m [0m [0m [0m [38;2;0;0;0m▀[38;2;0;0;0m▀[38;2;0;0;0m▀[38;2;0;0;0m▀[38;2;0;0;0m▀[0m [0m [0m [0m [0m [0m [0m [0m [0m [0m [38;2;0;0;0;48;2;0;0;0m▀[38;2;16;16;16;48;2;16;16;16m▀[38;2;88;72;144;48;2;16;16;16m▀[38;2;16;16;16;48;2;0;0;0m▀[38;2;0;0;0m▀[38;2;16;16;16;48;2;0;0;0m▀[38;2;16;16;16;48;2;0;0;0m▀[38;2;16;16;16;48;2;0;0;0m▀[38;2;16;16;16;48;2;0;0;0m▀[38;2;88;72;144;48;2;16;16;16m▀[38;2;88;72;144;48;2;16;16;16m▀[38;2;72;64;120;48;2;16;16;16m▀[38;2;192;16;32;48;2;16;16;16m▀[38;2;192;16;32;48;2;16;16;16m▀[38;2;237;13;33;48;2;192;16;32m▀[38;2;248;72;88;48;2;192;16;32m▀[38;2;237;13;33;48;2;192;16;32m▀[38;2;192;16;32;48;2;0;0;0m▀[38;2;0;0;0m▀[0m [0m [0m [0m
