[0m [0m [0m [0m [0m [0m [0m [0m [0m [0m [0m [38;2;0;0;0m▄[38;2;0;0;0;48;2;213;172;205m▀[38;2;0;0;0m▄[0m [0m [0m [0m [0m [0m [0m [0m [0m [0m [0m [0m [0m [0m [0m [38;2;0;0;0;48;2;0;0;0m▀[38;2;214;173;206;48;2;214;173;206m▀[38;2;212;171;204;48;2;189;148;181m▀[38;2;202;161;194;48;2;189;148;181m▀[38;2;0;0;0;48;2;0;0;0m▀[0m [0m [0m [0m [0m [0m [0m [0m [0m [0m [0m [0m [0m [0m [0m [0m [0m [0m [0m [0m [0m [0m
[0m [0m [0m [0m [0m [0m [0m [0m [0m [0m [38;2;0;0;0;48;2;0;0;0m▀[38;2;208;167;200;48;2;208;167;200m▀[38;2;189;148;181;48;2;189;148;181m▀[38;2;212;171;204;48;2;212;171;204m▀[38;2;0;0;0;48;2;0;0;0m▀[0m [0m [0m [0m [38;2;0;0;0m▄[38;2;0;0;0m▄[38;2;0;0;0m▄[38;2;0;0;0m▄[0m [0m [0m [0m [0m [0m [0m [38;2;0;0;0;48;2;0;0;0m▀[38;2;201;160;193;48;2;201;160;193m▀[38;2;209;168;201;48;2;209;168;201m▀[38;2;0;0;0;48;2;0;0;0m▀[0m [0m [0m [0m [0m [0m [0m [38;2;0;0;0m▄[0m [0m [0m [0m [0m [0m [0m [0m [0m [0m [0m [0m [0m [0m
[0m [0m [0m [0m [0m [0m [0m [0m [0m [0m [0m [38;2;0;0;0m▀[38;2;214;173;205;48;2;0;0;0m▀[38;2;0;0;0m▀[0m [0m [38;2;0;0;0m▄[38;2;0;0;0m▄[38;2;0;0;0;48;2;0;0;0m▀[38;2;214;173;206;48;2;214;173;206m▀[38;2;214;173;206;48;2;214;173;206m▀[38;2;214;173;206;48;2;214;173;206m▀[38;2;214;173;206;48;2;214;173;206m▀[38;2;0;0;0;48;2;0;0;0m▀[38;2;0;0;0;48;2;214;172;206m▀[38;2;0;0;0m▄[0m [0m [38;2;0;0;0m▄[38;2;0;0;0m▄[38;2;0;0;0m▄[38;2;0;0;0;48;2;0;0;0m▀[38;2;0;0;0m▀[0m [0m [0m [0m [0m [0m [0m [38;2;0;0;0m▀[38;2;214;173;205;48;2;0;0;0m▀[38;2;0;0;0m▀[0m [0m [0m [0m [0m [0m [0m [38;2;0;0;0m▄[38;2;0;0;0m▄[38;2;0;0;0m▄[0m [0m [0m
[0m [0m [0m [0m [0m [0m [0m [0m [0m [0m [0m [0m [0m [38;2;0;0;0m▄[38;2;0;0;0;48;2;212;171;204m▀[38;2;0;0;0;48;2;212;171;204m▀[38;2;213;172;205;48;2;210;169;202m▀[38;2;213;172;205;48;2;189;148;181m▀[38;2;213;172;205;48;2;189;148;181m▀[38;2;212;171;204;48;2;189;148;181m▀[38;2;212;171;204;48;2;189;148;181m▀[38;2;212;171;204;48;2;189;148;181m▀[38;2;212;171;204;48;2;189;148;181m▀[38;2;213;172;205;48;2;189;148;181m▀[38;2;214;173;206;48;2;212;171;204m▀[38;2;214;173;206;48;2;214;173;206m▀[38;2;0;0;0;48;2;214;173;206m▀[38;2;0;0;0;48;2;214;173;206m▀[38;2;214;173;206;48;2;214;173;206m▀[38;2;214;173;206;48;2;214;173;206m▀[38;2;214;173;206;48;2;214;173;206m▀[38;2;214;173;206;48;2;214;173;206m▀[38;2;0;0;0;48;2;214;173;206m▀[38;2;0;0;0m▄[38;2;0;0;0m▄[38;2;0;0;0m▄[0m [0m [0m [0m [0m [38;2;0;0;0m▄[0m [0m [0m [0m [0m [38;2;0;0;0m▄[38;2;0;0;0;48;2;214;173;206m▀[38;2;0;0;0;48;2;214;173;206m▀[38;2;214;173;206;48;2;189;148;181m▀[38;2;214;173;206;48;2;189;148;181m▀[38;2;214;173;206;48;2;189;148;181m▀[38;2;0;0;0;48;2;214;173;206m▀[38;2;0;0;0;48;2;214;173;206m▀[0m
[0m [0m [0m [0m [0m [0m [0m [0m [0m [0m [0m [38;2;0;0;0m▄[38;2;0;0;0;48;2;0;0;0m▀[38;2;214;173;206;48;2;214;173;206m▀[38;2;255;255;255;48;2;255;255;255m▀[38;2;255;255;255;48;2;255;255;255m▀[38;2;189;148;181;48;2;189;148;181m▀[38;2;189;148;181;48;2;189;148;181m▀[38;2;189;148;181;48;2;189;148;181m▀[38;2;140;99;132;48;2;140;99;132m▀[38;2;140;99;132;48;2;140;99;132m▀[38;2;140;99;132;48;2;140;99;132m▀[38;2;140;99;132;48;2;140;99;132m▀[38;2;140;99;132;48;2;140;99;132m▀[38;2;140;99;132;48;2;140;99;132m▀[38;2;189;148;181;48;2;189;148;181m▀[38;2;189;148;181;48;2;189;148;181m▀[38;2;189;148;181;48;2;189;148;181m▀[38;2;189;148;181;48;2;189;148;181m▀[38;2;152;111;144;48;2;152;111;144m▀[38;2;189;148;181;48;2;189;148;181m▀[38;2;189;148;181;48;2;189;148;181m▀[38;2;222;222;222;48;2;222;222;222m▀[38;2;189;148;181;48;2;189;148;181m▀[38;2;189;148;181;48;2;189;148;181m▀[38;2;214;173;206;48;2;214;173;206m▀[38;2;0;0;0;48;2;0;0;0m▀[0m [0m [38;2;0;0;0m▄[38;2;0;0;0;48;2;0;0;0m▀[38;2;212;171;204;48;2;212;171;204m▀[38;2;0;0;0;48;2;0;0;0m▀[0m [0m [0m [0m [38;2;0;0;0;48;2;0;0;0m▀[38;2;214;173;206;48;2;214;173;206m▀[38;2;189;148;181;48;2;189;148;181m▀[38;2;189;148;181;48;2;189;148;181m▀[38;2;189;148;181;48;2;189;148;181m▀[38;2;189;148;181;48;2;189;148;181m▀[38;2;189;148;181;48;2;189;148;181m▀[38;2;214;173;206;48;2;214;173;206m▀[0m
[0m [0m [0m [0m [0m [0m [0m [38;2;0;0;0m▄[38;2;0;0;0;48;2;214;173;206m▀[38;2;0;0;0;48;2;214;173;206m▀[38;2;0;0;0;48;2;214;173;206m▀[38;2;214;173;206;48;2;208;167;200m▀[38;2;214;173;206;48;2;214;173;206m▀[38;2;255;255;255;48;2;255;255;255m▀[38;2;255;255;255;48;2;255;255;255m▀[38;2;255;255;255;48;2;255;255;255m▀[38;2;214;173;206;48;2;255;255;255m▀[38;2;142;101;134;48;2;140;99;132m▀[38;2;140;99;132;48;2;140;99;132m▀[38;2;140;99;132;48;2;16;16;16m▀[38;2;140;99;132;48;2;16;16;16m▀[38;2;140;99;132;48;2;16;16;16m▀[38;2;140;99;132;48;2;16;16;16m▀[38;2;140;99;132;48;2;16;16;16m▀[38;2;140;99;132;48;2;16;16;16m▀[38;2;140;99;132;48;2;16;16;16m▀[38;2;189;148;181;48;2;140;99;132m▀[38;2;189;148;181;48;2;140;99;132m▀[38;2;147;106;139;48;2;140;99;132m▀[38;2;189;148;181;48;2;189;148;181m▀[38;2;189;148;181;48;2;255;255;255m▀[38;2;255;255;255;48;2;255;255;255m▀[38;2;255;255;255;48;2;255;255;255m▀[38;2;189;148;181;48;2;222;222;222m▀[38;2;189;148;181;48;2;222;222;222m▀[38;2;189;148;181;48;2;189;148;181m▀[38;2;0;0;0;48;2;0;0;0m▀[0m [38;2;0;0;0m▀[38;2;212;171;204;48;2;0;0;0m▀[38;2;212;171;204;48;2;0;0;0m▀[38;2;197;156;189;48;2;193;152;185m▀[38;2;212;171;204;48;2;0;0;0m▀[38;2;0;0;0m▀[0m [0m [0m [38;2;0;0;0;48;2;0;0;0m▀[38;2;214;173;206;48;2;214;173;206m▀[38;2;191;150;183;48;2;208;167;200m▀[38;2;189;148;181;48;2;189;148;181m▀[38;2;189;148;181;48;2;189;148;181m▀[38;2;189;148;181;48;2;189;148;181m▀[38;2;189;148;181;48;2;210;169;202m▀[38;2;214;173;206;48;2;214;173;206m▀[0m
[0m [0m [38;2;0;0;0m▄[38;2;0;0;0m▄[38;2;0;0;0m▄[0m [0m [38;2;0;0;0;48;2;0;0;0m▀[38;2;214;173;206;48;2;214;173;206m▀[38;2;214;173;206;48;2;214;173;206m▀[38;2;214;173;206;48;2;196;155;188m▀[38;2;185;144;177;48;2;170;129;162m▀[38;2;255;255;255;48;2;255;255;255m▀[38;2;255;255;255;48;2;255;255;255m▀[38;2;255;255;255;48;2;255;255;255m▀[38;2;255;255;255;48;2;255;255;255m▀[38;2;255;255;255;48;2;255;255;255m▀[38;2;214;173;206;48;2;255;255;255m▀[38;2;16;16;16;48;2;140;99;132m▀[38;2;140;99;132;48;2;140;99;132m▀[38;2;115;74;107;48;2;140;99;132m▀[38;2;115;74;107;48;2;140;99;132m▀[38;2;58;41;58;48;2;115;74;107m▀[38;2;58;41;58;48;2;58;41;58m▀[38;2;58;41;58;48;2;58;41;58m▀[38;2;58;41;58;48;2;16;16;16m▀[38;2;16;16;16;48;2;255;255;255m▀[38;2;16;16;16;48;2;255;255;255m▀[38;2;222;222;222;48;2;255;255;255m▀[38;2;255;255;255;48;2;255;255;255m▀[38;2;255;255;255;48;2;255;255;255m▀[38;2;255;255;255;48;2;255;255;255m▀[38;2;255;255;255;48;2;255;255;255m▀[38;2;255;255;255;48;2;255;255;255m▀[38;2;255;255;255;48;2;255;255;255m▀[38;2;189;148;181;48;2;222;222;222m▀[38;2;214;173;206;48;2;212;171;204m▀[38;2;0;0;0;48;2;212;171;204m▀[38;2;0;0;0;48;2;214;173;206m▀[38;2;0;0;0;48;2;214;173;206m▀[38;2;0;0;0;48;2;214;173;206m▀[38;2;0;0;0;48;2;0;0;0m▀[0m [0m [0m [0m [0m [0m [38;2;0;0;0m▀[38;2;213;173;206;48;2;0;0;0m▀[38;2;214;173;206;48;2;0;0;0m▀[38;2;214;173;206;48;2;0;0;0m▀[38;2;214;173;206;48;2;0;0;0m▀[38;2;0;0;0m▀[38;2;0;0;0m▀[0m
[0m [38;2;0;0;0;48;2;0;0;0m▀[38;2;212;171;204;48;2;212;171;204m▀[38;2;212;171;204;48;2;212;171;204m▀[38;2;214;173;206;48;2;214;173;206m▀[38;2;0;0;0;48;2;0;0;0m▀[0m [38;2;0;0;0;48;2;0;0;0m▀[38;2;214;173;206;48;2;214;173;206m▀[38;2;214;173;206;48;2;214;173;206m▀[38;2;196;155;188;48;2;196;155;188m▀[38;2;140;99;132;48;2;140;99;132m▀[38;2;255;255;255;48;2;255;255;255m▀[38;2;255;255;255;48;2;255;255;255m▀[38;2;255;255;255;48;2;255;255;255m▀[38;2;255;255;255;48;2;255;255;255m▀[38;2;255;255;255;48;2;255;255;255m▀[38;2;255;255;255;48;2;255;255;255m▀[38;2;214;173;206;48;2;214;173;206m▀[38;2;140;99;132;48;2;140;99;132m▀[38;2;140;99;132;48;2;140;99;132m▀[38;2;140;99;132;48;2;140;99;132m▀[38;2;115;74;107;48;2;115;74;107m▀[38;2;58;41;58;48;2;58;41;58m▀[38;2;16;16;16;48;2;16;16;16m▀[38;2;255;255;255;48;2;255;255;255m▀[38;2;255;255;255;48;2;255;255;255m▀[38;2;255;255;255;48;2;255;255;255m▀[38;2;255;255;255;48;2;255;255;255m▀[38;2;255;255;255;48;2;255;255;255m▀[38;2;255;255;255;48;2;255;255;255m▀[38;2;255;255;255;48;2;255;255;255m▀[38;2;255;255;255;48;2;255;255;255m▀[38;2;255;255;255;48;2;255;255;255m▀[38;2;255;255;255;48;2;255;255;255m▀[38;2;255;255;255;48;2;255;255;255m▀[38;2;194;153;186;48;2;194;153;186m▀[38;2;193;152;185;48;2;193;152;185m▀[38;2;214;173;206;48;2;214;173;206m▀[38;2;214;173;206;48;2;214;173;206m▀[38;2;214;173;206;48;2;214;173;206m▀[38;2;0;0;0;48;2;0;0;0m▀[0m [0m [0m [0m [0m [0m [0m [0m [0m [0m [0m [0m [0m [0m
[38;2;0;0;0;48;2;0;0;0m▀[38;2;212;171;204;48;2;214;173;206m▀[38;2;190;149;182;48;2;211;170;203m▀[38;2;190;149;182;48;2;211;170;203m▀[38;2;190;149;182;48;2;208;167;200m▀[38;2;212;171;204;48;2;212;171;204m▀[38;2;0;0;0;48;2;0;0;0m▀[38;2;0;0;0m▀[38;2;214;173;206;48;2;0;0;0m▀[38;2;214;173;206;48;2;0;0;0m▀[38;2;196;155;188;48;2;210;169;202m▀[38;2;150;109;142;48;2;178;137;170m▀[38;2;255;255;255;48;2;222;222;222m▀[38;2;255;255;255;48;2;255;255;255m▀[38;2;255;255;255;48;2;255;255;255m▀[38;2;255;255;255;48;2;255;255;255m▀[38;2;255;255;255;48;2;255;255;255m▀[38;2;255;255;255;48;2;255;255;255m▀[38;2;255;255;255;48;2;255;255;255m▀[38;2;115;74;107;48;2;214;173;206m▀[38;2;115;74;107;48;2;58;41;58m▀[38;2;115;74;107;48;2;58;41;58m▀[38;2;58;41;58;48;2;16;16;16m▀[38;2;16;16;16;48;2;189;148;181m▀[38;2;255;255;255;48;2;255;255;255m▀[38;2;255;255;255;48;2;255;255;255m▀[38;2;255;255;255;48;2;255;255;255m▀[38;2;255;255;255;48;2;255;255;255m▀[38;2;255;255;255;48;2;255;255;255m▀[38;2;255;255;255;48;2;255;255;255m▀[38;2;255;255;255;48;2;255;255;255m▀[38;2;255;255;255;48;2;255;255;255m▀[38;2;255;255;255;48;2;255;255;255m▀[38;2;255;255;255;48;2;255;255;255m▀[38;2;255;255;255;48;2;255;255;255m▀[38;2;255;255;255;48;2;222;222;222m▀[38;2;178;137;170;48;2;142;101;134m▀[38;2;179;138;171;48;2;171;130;163m▀[38;2;198;157;190;48;2;198;157;190m▀[38;2;212;171;204;48;2;212;171;204m▀[38;2;212;171;204;48;2;212;171;204m▀[38;2;214;173;206;48;2;214;173;206m▀[38;2;0;0;0;48;2;0;0;0m▀[0m [0m [38;2;0;0;0m▄[38;2;0;0;0m▄[38;2;0;0;0m▄[0m [0m [0m [0m [0m [0m [0m [0m
[0m [38;2;0;0;0m▀[38;2;0;0;0m▀[38;2;0;0;0m▀[38;2;0;0;0m▀[38;2;0;0;0m▀[0m [0m [38;2;0;0;0m▄[38;2;0;0;0;48;2;0;0;0m▀[38;2;214;173;206;48;2;214;173;206m▀[38;2;178;137;170;48;2;178;137;170m▀[38;2;16;16;16;48;2;16;16;16m▀[38;2;255;255;255;48;2;222;222;222m▀[38;2;255;255;255;48;2;255;255;255m▀[38;2;255;255;255;48;2;255;255;255m▀[38;2;255;255;255;48;2;255;255;255m▀[38;2;255;255;255;48;2;115;74;107m▀[38;2;255;255;255;48;2;255;255;255m▀[38;2;255;255;255;48;2;255;255;255m▀[38;2;58;41;58;48;2;58;41;58m▀[38;2;58;41;58;48;2;58;41;58m▀[38;2;16;16;16;48;2;255;255;255m▀[38;2;255;255;255;48;2;255;255;255m▀[38;2;255;255;255;48;2;115;74;107m▀[38;2;255;255;255;48;2;255;255;255m▀[38;2;255;255;255;48;2;255;255;255m▀[38;2;255;255;255;48;2;255;255;255m▀[38;2;255;255;255;48;2;255;255;255m▀[38;2;255;255;255;48;2;255;255;255m▀[38;2;255;255;255;48;2;255;255;255m▀[38;2;255;255;255;48;2;255;255;255m▀[38;2;255;255;255;48;2;255;255;255m▀[38;2;255;255;255;48;2;222;222;222m▀[38;2;255;255;255;48;2;222;222;222m▀[38;2;140;99;132;48;2;140;99;132m▀[38;2;147;106;139;48;2;148;107;140m▀[38;2;160;119;152;48;2;156;115;148m▀[38;2;203;162;195;48;2;195;154;187m▀[38;2;210;169;202;48;2;214;173;206m▀[38;2;210;169;202;48;2;214;173;206m▀[38;2;214;173;206;48;2;0;0;0m▀[38;2;214;173;206;48;2;0;0;0m▀[38;2;0;0;0;48;2;0;0;0m▀[38;2;0;0;0;48;2;214;173;205m▀[38;2;214;173;206;48;2;205;164;197m▀[38;2;214;173;206;48;2;205;164;197m▀[38;2;214;173;206;48;2;193;152;185m▀[38;2;0;0;0;48;2;0;0;0m▀[0m [0m [0m [0m [0m [0m [0m
[0m [0m [0m [0m [0m [0m [0m [38;2;0;0;0;48;2;0;0;0m▀[38;2;214;173;206;48;2;214;173;206m▀[38;2;214;173;206;48;2;214;173;206m▀[38;2;207;166;199;48;2;207;166;199m▀[38;2;165;124;157;48;2;165;124;157m▀[38;2;16;16;16;48;2;16;16;16m▀[38;2;16;16;16;48;2;16;16;16m▀[38;2;222;222;222;48;2;222;222;222m▀[38;2;222;222;222;48;2;222;222;222m▀[38;2;222;222;222;48;2;222;222;222m▀[38;2;58;41;58;48;2;58;41;58m▀[38;2;222;222;222;48;2;222;222;222m▀[38;2;214;173;206;48;2;214;173;206m▀[38;2;58;41;58;48;2;58;41;58m▀[38;2;58;41;58;48;2;58;41;58m▀[38;2;222;222;222;48;2;222;222;222m▀[38;2;255;255;255;48;2;255;255;255m▀[38;2;58;41;58;48;2;58;41;58m▀[38;2;255;255;255;48;2;255;255;255m▀[38;2;255;255;255;48;2;255;255;255m▀[38;2;255;255;255;48;2;255;255;255m▀[38;2;255;255;255;48;2;255;255;255m▀[38;2;255;255;255;48;2;255;255;255m▀[38;2;255;255;255;48;2;255;255;255m▀[38;2;255;255;255;48;2;255;255;255m▀[38;2;222;222;222;48;2;222;222;222m▀[38;2;189;148;181;48;2;189;148;181m▀[38;2;189;148;181;48;2;189;148;181m▀[38;2;140;99;132;48;2;140;99;132m▀[38;2;168;127;160;48;2;168;127;160m▀[38;2;180;139;172;48;2;180;139;172m▀[38;2;211;170;203;48;2;211;170;203m▀[38;2;212;171;204;48;2;212;171;204m▀[38;2;212;171;204;48;2;212;171;204m▀[38;2;0;0;0;48;2;0;0;0m▀[0m [38;2;0;0;0;48;2;0;0;0m▀[38;2;214;173;206;48;2;214;173;206m▀[38;2;189;148;181;48;2;189;148;181m▀[38;2;189;148;181;48;2;189;148;181m▀[38;2;197;156;189;48;2;197;156;189m▀[38;2;214;173;206;48;2;214;173;206m▀[38;2;0;0;0;48;2;0;0;0m▀[0m [0m [0m [0m [0m [0m
[0m [0m [0m [0m [0m [0m [0m [38;2;0;0;0;48;2;0;0;0m▀[38;2;214;173;206;48;2;212;171;204m▀[38;2;214;173;206;48;2;212;171;204m▀[38;2;196;155;188;48;2;159;118;151m▀[38;2;140;99;132;48;2;155;114;147m▀[38;2;16;16;16;48;2;16;16;16m▀[38;2;58;41;58;48;2;58;41;58m▀[38;2;58;41;58;48;2;58;41;58m▀[38;2;58;41;58;48;2;58;41;58m▀[38;2;222;222;222;48;2;58;41;58m▀[38;2;222;222;222;48;2;58;41;58m▀[38;2;189;148;181;48;2;58;41;58m▀[38;2;58;41;58;48;2;58;41;58m▀[38;2;58;41;58;48;2;58;41;58m▀[38;2;58;41;58;48;2;58;41;58m▀[38;2;58;41;58;48;2;58;41;58m▀[38;2;222;222;222;48;2;189;148;181m▀[38;2;255;255;255;48;2;222;222;222m▀[38;2;255;255;255;48;2;222;222;222m▀[38;2;255;255;255;48;2;222;222;222m▀[38;2;255;255;255;48;2;222;222;222m▀[38;2;255;255;255;48;2;222;222;222m▀[38;2;255;255;255;48;2;222;222;222m▀[38;2;222;222;222;48;2;222;222;222m▀[38;2;222;222;222;48;2;189;148;181m▀[38;2;222;222;222;48;2;16;16;16m▀[38;2;140;99;132;48;2;147;106;139m▀[38;2;140;99;132;48;2;147;106;139m▀[38;2;169;128;161;48;2;189;148;181m▀[38;2;184;143;176;48;2;189;148;181m▀[38;2;189;148;181;48;2;196;155;188m▀[38;2;196;155;188;48;2;202;161;194m▀[38;2;213;172;205;48;2;202;161;194m▀[38;2;213;172;205;48;2;202;161;194m▀[38;2;0;0;0;48;2;214;173;206m▀[38;2;0;0;0m▄[38;2;0;0;0m▄[38;2;0;0;0m▀[38;2;211;170;203;48;2;0;0;0m▀[38;2;211;170;203;48;2;0;0;0m▀[38;2;213;172;205;48;2;0;0;0m▀[38;2;0;0;0m▀[0m [0m [0m [0m [0m [0m [0m
[0m [0m [0m [0m [0m [0m [38;2;0;0;0m▀[38;2;214;173;206;48;2;0;0;0m▀[38;2;209;168;201;48;2;211;170;203m▀[38;2;209;168;201;48;2;211;170;203m▀[38;2;186;145;178;48;2;200;159;192m▀[38;2;152;111;144;48;2;183;142;175m▀[38;2;16;16;16;48;2;16;16;16m▀[38;2;58;41;58;48;2;222;222;222m▀[38;2;58;41;58;48;2;222;222;222m▀[38;2;58;41;58;48;2;222;222;222m▀[38;2;58;41;58;48;2;58;41;58m▀[38;2;58;41;58;48;2;58;41;58m▀[38;2;58;41;58;48;2;58;41;58m▀[38;2;58;41;58;48;2;58;41;58m▀[38;2;58;41;58;48;2;58;41;58m▀[38;2;58;41;58;48;2;58;41;58m▀[38;2;58;41;58;48;2;58;41;58m▀[38;2;58;41;58;48;2;58;41;58m▀[38;2;58;41;58;48;2;58;41;58m▀[38;2;189;148;181;48;2;58;41;58m▀[38;2;222;222;222;48;2;58;41;58m▀[38;2;222;222;222;48;2;58;41;58m▀[38;2;222;222;222;48;2;58;41;58m▀[38;2;189;148;181;48;2;58;41;58m▀[38;2;58;41;58;48;2;58;41;58m▀[38;2;58;41;58;48;2;58;41;58m▀[38;2;16;16;16;48;2;16;16;16m▀[38;2;178;137;170;48;2;90;82;33m▀[38;2;178;137;170;48;2;90;82;33m▀[38;2;174;133;166;48;2;90;82;33m▀[38;2;189;148;181;48;2;90;82;33m▀[38;2;207;166;199;48;2;189;148;181m▀[38;2;212;171;204;48;2;214;173;206m▀[38;2;212;171;204;48;2;214;173;206m▀[38;2;212;171;204;48;2;214;173;206m▀[38;2;0;0;0;48;2;0;0;0m▀[38;2;0;0;0;48;2;0;0;0m▀[38;2;213;172;205;48;2;214;173;206m▀[38;2;0;0;0;48;2;0;0;0m▀[38;2;0;0;0;48;2;202;161;194m▀[38;2;0;0;0;48;2;202;161;194m▀[38;2;0;0;0m▄[0m [0m [0m [0m [0m [0m [0m [0m
[0m [0m [0m [0m [0m [0m [0m [38;2;0;0;0m▄[38;2;0;0;0;48;2;132;123;74m▀[38;2;0;0;0;48;2;132;123;74m▀[38;2;90;82;33;48;2;181;173;115m▀[38;2;90;82;33;48;2;181;173;115m▀[38;2;16;16;16;48;2;16;16;16m▀[38;2;255;255;255;48;2;58;41;58m▀[38;2;16;16;16;48;2;58;41;58m▀[38;2;16;16;16;48;2;58;41;58m▀[38;2;16;16;16;48;2;58;41;58m▀[38;2;181;41;16;48;2;16;16;16m▀[38;2;181;41;16;48;2;181;41;16m▀[38;2;58;41;58;48;2;181;41;16m▀[38;2;58;41;58;48;2;181;41;16m▀[38;2;58;41;58;48;2;181;41;16m▀[38;2;58;41;58;48;2;222;82;58m▀[38;2;58;41;58;48;2;222;82;58m▀[38;2;58;41;58;48;2;222;82;58m▀[38;2;58;41;58;48;2;58;41;58m▀[38;2;58;41;58;48;2;255;255;255m▀[38;2;58;41;58;48;2;255;255;255m▀[38;2;58;41;58;48;2;222;222;222m▀[38;2;58;41;58;48;2;222;82;58m▀[38;2;58;41;58;48;2;58;41;58m▀[38;2;58;41;58;48;2;58;41;58m▀[38;2;16;16;16;48;2;16;16;16m▀[38;2;90;82;33;48;2;90;82;33m▀[38;2;90;82;33;48;2;90;82;33m▀[38;2;181;173;115;48;2;181;173;115m▀[38;2;181;173;115;48;2;181;173;115m▀[38;2;90;82;33;48;2;181;173;115m▀[38;2;195;154;187;48;2;90;82;33m▀[38;2;214;173;206;48;2;90;82;33m▀[38;2;214;173;206;48;2;90;82;33m▀[38;2;213;173;206;48;2;90;82;33m▀[38;2;213;173;205;48;2;90;82;33m▀[38;2;0;0;0;48;2;0;0;0m▀[38;2;0;0;0m▀[38;2;189;148;181;48;2;0;0;0m▀[38;2;189;148;181;48;2;0;0;0m▀[38;2;212;171;204;48;2;0;0;0m▀[38;2;0;0;0m▀[0m [0m [0m [0m [0m [0m [0m
[0m [0m [0m [0m [0m [0m [38;2;0;0;0m▄[38;2;0;0;0;48;2;132;123;74m▀[38;2;132;123;74;48;2;181;173;115m▀[38;2;132;123;74;48;2;181;173;115m▀[38;2;181;173;115;48;2;181;173;115m▀[38;2;181;173;115;48;2;181;173;115m▀[38;2;16;16;16;48;2;16;16;16m▀[38;2;58;41;58;48;2;58;41;58m▀[38;2;58;41;58;48;2;58;41;58m▀[38;2;58;41;58;48;2;58;41;58m▀[38;2;58;41;58;48;2;58;41;58m▀[38;2;16;16;16;48;2;58;41;58m▀[38;2;181;41;16;48;2;58;41;58m▀[38;2;181;41;16;48;2;58;41;58m▀[38;2;181;41;16;48;2;58;41;58m▀[38;2;181;41;16;48;2;58;41;58m▀[38;2;222;82;58;48;2;222;82;58m▀[38;2;222;82;58;48;2;222;82;58m▀[38;2;222;82;58;48;2;222;82;58m▀[38;2;58;41;58;48;2;222;82;58m▀[38;2;255;255;255;48;2;16;16;16m▀[38;2;255;255;255;48;2;16;16;16m▀[38;2;222;222;222;48;2;255;255;255m▀[38;2;222;82;58;48;2;58;41;58m▀[38;2;58;41;58;48;2;58;41;58m▀[38;2;58;41;58;48;2;58;41;58m▀[38;2;16;16;16;48;2;16;16;16m▀[38;2;90;82;33;48;2;90;82;33m▀[38;2;90;82;33;48;2;90;82;33m▀[38;2;181;173;115;48;2;90;82;33m▀[38;2;181;173;115;48;2;132;123;74m▀[38;2;181;173;115;48;2;132;123;74m▀[38;2;90;82;33;48;2;90;82;33m▀[38;2;90;82;33;48;2;181;173;115m▀[38;2;90;82;33;48;2;181;173;115m▀[38;2;90;82;33;48;2;181;173;115m▀[38;2;90;82;33;48;2;181;173;115m▀[38;2;0;0;0;48;2;90;82;33m▀[38;2;0;0;0;48;2;90;82;33m▀[38;2;0;0;0m▄[38;2;0;0;0m▄[0m [0m [0m [0m [0m [0m [0m [0m [0m
[0m [0m [0m [0m [0m [38;2;0;0;0m▄[38;2;0;0;0;48;2;0;0;0m▀[38;2;132;123;74;48;2;132;123;74m▀[38;2;132;123;74;48;2;230;230;181m▀[38;2;132;123;74;48;2;230;230;181m▀[38;2;90;82;33;48;2;230;230;181m▀[38;2;90;82;33;48;2;230;230;181m▀[38;2;16;16;16;48;2;90;82;33m▀[38;2;58;41;58;48;2;16;16;16m▀[38;2;58;41;58;48;2;16;16;16m▀[38;2;58;41;58;48;2;16;16;16m▀[38;2;58;41;58;48;2;58;41;58m▀[38;2;58;41;58;48;2;58;41;58m▀[38;2;58;41;58;48;2;58;41;58m▀[38;2;58;41;58;48;2;58;41;58m▀[38;2;58;41;58;48;2;58;41;58m▀[38;2;58;41;58;48;2;58;41;58m▀[38;2;58;41;58;48;2;58;41;58m▀[38;2;58;41;58;48;2;58;41;58m▀[38;2;58;41;58;48;2;58;41;58m▀[38;2;58;41;58;48;2;58;41;58m▀[38;2;58;41;58;48;2;58;41;58m▀[38;2;58;41;58;48;2;58;41;58m▀[38;2;58;41;58;48;2;58;41;58m▀[38;2;58;41;58;48;2;90;82;33m▀[38;2;90;82;33;48;2;181;173;115m▀[38;2;16;16;16;48;2;181;173;115m▀[38;2;16;16;16;48;2;132;123;74m▀[38;2;16;16;16;48;2;90;82;33m▀[38;2;16;16;16;48;2;90;82;33m▀[38;2;90;82;33;48;2;16;16;16m▀[38;2;90;82;33;48;2;90;82;33m▀[38;2;90;82;33;48;2;132;123;74m▀[38;2;181;173;115;48;2;181;173;115m▀[38;2;181;173;115;48;2;181;173;115m▀[38;2;181;173;115;48;2;181;173;115m▀[38;2;181;173;115;48;2;181;173;115m▀[38;2;132;123;74;48;2;132;123;74m▀[38;2;132;123;74;48;2;132;123;74m▀[38;2;132;123;74;48;2;132;123;74m▀[38;2;90;82;33;48;2;16;16;16m▀[38;2;90;82;33;48;2;16;16;16m▀[38;2;0;0;0;48;2;0;0;0m▀[38;2;0;0;0m▄[0m [0m [0m [0m [0m [0m [0m
[0m [0m [0m [38;2;0;0;0m▄[38;2;0;0;0;48;2;90;82;33m▀[38;2;90;82;33;48;2;90;82;33m▀[38;2;132;123;74;48;2;132;123;74m▀[38;2;230;230;181;48;2;230;230;181m▀[38;2;230;230;181;48;2;230;230;181m▀[38;2;230;230;181;48;2;230;230;181m▀[38;2;230;230;181;48;2;230;230;181m▀[38;2;230;230;181;48;2;230;230;181m▀[38;2;181;173;115;48;2;181;173;115m▀[38;2;132;123;74;48;2;181;173;115m▀[38;2;132;123;74;48;2;90;82;33m▀[38;2;132;123;74;48;2;90;82;33m▀[38;2;16;16;16;48;2;16;16;16m▀[38;2;58;41;58;48;2;132;123;74m▀[38;2;58;41;58;48;2;90;82;33m▀[38;2;58;41;58;48;2;90;82;33m▀[38;2;58;41;58;48;2;90;82;33m▀[38;2;58;41;58;48;2;90;82;33m▀[38;2;58;41;58;48;2;58;41;58m▀[38;2;58;41;58;48;2;90;82;33m▀[38;2;58;41;58;48;2;16;16;16m▀[38;2;58;41;58;48;2;16;16;16m▀[38;2;58;41;58;48;2;16;16;16m▀[38;2;58;41;58;48;2;16;16;16m▀[38;2;16;16;16;48;2;181;173;115m▀[38;2;181;173;115;48;2;181;173;115m▀[38;2;181;173;115;48;2;181;173;115m▀[38;2;181;173;115;48;2;181;173;115m▀[38;2;132;123;74;48;2;132;123;74m▀[38;2;132;123;74;48;2;132;123;74m▀[38;2;132;123;74;48;2;132;123;74m▀[38;2;90;82;33;48;2;132;123;74m▀[38;2;16;16;16;48;2;16;16;16m▀[38;2;132;123;74;48;2;90;82;33m▀[38;2;181;173;115;48;2;90;82;33m▀[38;2;181;173;115;48;2;132;123;74m▀[38;2;181;173;115;48;2;132;123;74m▀[38;2;132;123;74;48;2;132;123;74m▀[38;2;132;123;74;48;2;16;16;16m▀[38;2;132;123;74;48;2;16;16;16m▀[38;2;132;123;74;48;2;132;123;74m▀[38;2;16;16;16;48;2;181;173;115m▀[38;2;16;16;16;48;2;181;173;115m▀[38;2;90;82;33;48;2;181;173;115m▀[38;2;90;82;33;48;2;0;0;0m▀[38;2;0;0;0m▀[0m [0m [0m [0m [0m [0m
[0m [0m [0m [38;2;0;0;0;48;2;0;0;0m▀[38;2;90;82;33;48;2;181;173;115m▀[38;2;90;82;33;48;2;181;173;115m▀[38;2;132;123;74;48;2;181;173;115m▀[38;2;230;230;181;48;2;132;123;74m▀[38;2;230;230;181;48;2;230;230;181m▀[38;2;230;230;181;48;2;230;230;181m▀[38;2;230;230;181;48;2;230;230;181m▀[38;2;230;230;181;48;2;181;173;115m▀[38;2;181;173;115;48;2;181;173;115m▀[38;2;181;173;115;48;2;132;123;74m▀[38;2;90;82;33;48;2;16;16;16m▀[38;2;90;82;33;48;2;16;16;16m▀[38;2;16;16;16;48;2;132;123;74m▀[38;2;132;123;74;48;2;230;230;181m▀[38;2;90;82;33;48;2;230;230;181m▀[38;2;90;82;33;48;2;230;230;181m▀[38;2;90;82;33;48;2;181;173;115m▀[38;2;90;82;33;48;2;181;173;115m▀[38;2;58;41;58;48;2;16;16;16m▀[38;2;90;82;33;48;2;181;173;115m▀[38;2;16;16;16;48;2;181;173;115m▀[38;2;16;16;16;48;2;132;123;74m▀[38;2;16;16;16;48;2;16;16;16m▀[38;2;16;16;16;48;2;16;16;16m▀[38;2;181;173;115;48;2;181;173;115m▀[38;2;181;173;115;48;2;181;173;115m▀[38;2;181;173;115;48;2;181;173;115m▀[38;2;181;173;115;48;2;181;173;115m▀[38;2;132;123;74;48;2;132;123;74m▀[38;2;132;123;74;48;2;132;123;74m▀[38;2;132;123;74;48;2;132;123;74m▀[38;2;132;123;74;48;2;132;123;74m▀[38;2;16;16;16;48;2;16;16;16m▀[38;2;90;82;33;48;2;181;173;115m▀[38;2;90;82;33;48;2;90;82;33m▀[38;2;132;123;74;48;2;16;16;16m▀[38;2;132;123;74;48;2;16;16;16m▀[38;2;132;123;74;48;2;16;16;16m▀[38;2;16;16;16;48;2;132;123;74m▀[38;2;16;16;16;48;2;181;173;115m▀[38;2;132;123;74;48;2;181;173;115m▀[38;2;181;173;115;48;2;0;0;0m▀[38;2;181;173;115;48;2;0;0;0m▀[38;2;181;173;115;48;2;0;0;0m▀[38;2;0;0;0m▀[0m [0m [0m [0m [0m [0m [0m
[0m [0m [0m [0m [38;2;0;0;0;48;2;0;0;0m▀[38;2;0;0;0;48;2;181;173;115m▀[38;2;181;173;115;48;2;0;0;0m▀[38;2;181;173;115;48;2;181;173;115m▀[38;2;181;173;115;48;2;0;0;0m▀[38;2;181;173;115;48;2;0;0;0m▀[38;2;181;173;115;48;2;181;173;115m▀[38;2;132;123;74;48;2;181;173;115m▀[38;2;132;123;74;48;2;132;123;74m▀[38;2;16;16;16;48;2;16;16;16m▀[38;2;132;123;74;48;2;181;173;115m▀[38;2;132;123;74;48;2;181;173;115m▀[38;2;181;173;115;48;2;181;173;115m▀[38;2;230;230;181;48;2;181;173;115m▀[38;2;230;230;181;48;2;181;173;115m▀[38;2;181;173;115;48;2;181;173;115m▀[38;2;181;173;115;48;2;132;123;74m▀[38;2;181;173;115;48;2;132;123;74m▀[38;2;16;16;16;48;2;16;16;16m▀[38;2;181;173;115;48;2;132;123;74m▀[38;2;132;123;74;48;2;132;123;74m▀[38;2;132;123;74;48;2;132;123;74m▀[38;2;132;123;74;48;2;132;123;74m▀[38;2;132;123;74;48;2;132;123;74m▀[38;2;90;82;33;48;2;16;16;16m▀[38;2;181;173;115;48;2;132;123;74m▀[38;2;132;123;74;48;2;132;123;74m▀[38;2;132;123;74;48;2;132;123;74m▀[38;2;132;123;74;48;2;90;82;33m▀[38;2;132;123;74;48;2;16;16;16m▀[38;2;132;123;74;48;2;16;16;16m▀[38;2;132;123;74;48;2;90;82;33m▀[38;2;90;82;33;48;2;181;173;115m▀[38;2;181;173;115;48;2;181;173;115m▀[38;2;181;173;115;48;2;181;173;115m▀[38;2;181;173;115;48;2;0;0;0m▀[38;2;181;173;115;48;2;0;0;0m▀[38;2;181;173;115;48;2;181;173;115m▀[38;2;181;173;115;48;2;0;0;0m▀[38;2;0;0;0;48;2;181;173;115m▀[38;2;0;0;0;48;2;0;0;0m▀[0m [0m [0m [0m [0m [0m [0m [0m [0m [0m [0m
[0m [0m [0m [0m [0m [38;2;0;0;0m▀[38;2;181;173;115;48;2;0;0;0m▀[38;2;0;0;0m▀[38;2;181;173;115;48;2;0;0;0m▀[38;2;181;173;115;48;2;0;0;0m▀[38;2;0;0;0;48;2;0;0;0m▀[38;2;0;0;0;48;2;181;173;115m▀[38;2;181;173;115;48;2;0;0;0m▀[38;2;132;123;74;48;2;181;173;115m▀[38;2;181;173;115;48;2;0;0;0m▀[38;2;181;173;115;48;2;0;0;0m▀[38;2;181;173;115;48;2;0;0;0m▀[38;2;181;173;115;48;2;181;173;115m▀[38;2;181;173;115;48;2;0;0;0m▀[38;2;181;173;115;48;2;181;173;115m▀[38;2;181;173;115;48;2;181;173;115m▀[38;2;181;173;115;48;2;181;173;115m▀[38;2;132;123;74;48;2;181;173;115m▀[38;2;132;123;74;48;2;181;173;115m▀[38;2;132;123;74;48;2;181;173;115m▀[38;2;132;123;74;48;2;0;0;0m▀[38;2;90;82;33;48;2;181;173;115m▀[38;2;90;82;33;48;2;181;173;115m▀[38;2;132;123;74;48;2;0;0;0m▀[38;2;181;173;115;48;2;0;0;0m▀[38;2;181;173;115;48;2;0;0;0m▀[38;2;181;173;115;48;2;181;173;115m▀[38;2;181;173;115;48;2;0;0;0m▀[38;2;181;173;115;48;2;181;173;115m▀[38;2;181;173;115;48;2;181;173;115m▀[38;2;181;173;115;48;2;0;0;0m▀[38;2;0;0;0;48;2;181;173;115m▀[38;2;181;173;115;48;2;0;0;0m▀[38;2;0;0;0m▀[38;2;181;173;115;48;2;0;0;0m▀[38;2;181;173;115;48;2;0;0;0m▀[38;2;0;0;0;48;2;181;173;115m▀[38;2;181;173;115;48;2;0;0;0m▀[38;2;0;0;0m▀[0m [0m [0m [0m [0m [0m [0m [0m [0m [0m [0m [0m
[0m [0m [0m [0m [0m [0m [0m [0m [0m [0m [38;2;0;0;0m▀[38;2;181;173;115;48;2;0;0;0m▀[38;2;0;0;0m▀[38;2;181;173;115;48;2;0;0;0m▀[38;2;0;0;0m▀[38;2;0;0;0m▄[38;2;0;0;0;48;2;181;173;115m▀[38;2;181;173;115;48;2;0;0;0m▀[38;2;0;0;0;48;2;181;173;115m▀[38;2;181;173;115;48;2;0;0;0m▀[38;2;181;173;115;48;2;181;173;115m▀[38;2;181;173;115;48;2;181;173;115m▀[38;2;181;173;115;48;2;0;0;0m▀[38;2;181;173;115;48;2;181;173;115m▀[38;2;181;173;115;48;2;0;0;0m▀[38;2;0;0;0;48;2;181;173;115m▀[38;2;181;173;115;48;2;0;0;0m▀[38;2;181;173;115;48;2;0;0;0m▀[38;2;0;0;0;48;2;181;173;115m▀[38;2;0;0;0m▄[38;2;0;0;0m▀[38;2;181;173;115;48;2;0;0;0m▀[38;2;0;0;0m▀[38;2;181;173;115;48;2;0;0;0m▀[38;2;181;173;115;48;2;0;0;0m▀[38;2;0;0;0m▀[38;2;181;173;115;48;2;0;0;0m▀[38;2;0;0;0m▀[0m [0m [38;2;0;0;0m▀[38;2;181;173;115;48;2;0;0;0m▀[38;2;0;0;0m▀[0m [0m [0m [0m [0m [0m [0m [0m [0m [0m [0m [0m [0m
