          [38;2;0;0;0m▄[38;2;0;0;0m[48;2;123;131;139m▀[0m[38;2;0;0;0m[48;2;123;131;139m▀[0m[38;2;0;0;0m▄          [38;2;0;0;0m▄[38;2;0;0;0m▄[38;2;0;0;0m▄                 
          [38;2;0;0;0m▀[38;2;65;65;65m[48;2;0;0;0m▀[0m[38;2;123;131;139m[48;2;123;131;139m▀[0m[38;2;123;131;139m[48;2;123;131;139m▀[0m[38;2;0;0;0m[48;2;65;65;65m▀[0m[38;2;0;0;0m▄[38;2;0;0;0m▄[38;2;0;0;0m▄[38;2;0;0;0m▄   [38;2;0;0;0m▄[38;2;0;0;0m[48;2;189;189;197m▀[0m[38;2;123;131;139m[48;2;189;189;197m▀[0m[38;2;189;189;197m[48;2;82;90;82m▀[0m[38;2;123;131;139m[48;2;123;131;139m▀[0m[38;2;0;0;0m[48;2;0;0;0m▀[0m                
         [38;2;0;0;0m▄[38;2;0;0;0m▄[38;2;0;0;0m[48;2;189;189;197m▀[0m[38;2;65;65;65m[48;2;189;189;197m▀[0m[38;2;65;65;65m[48;2;189;189;197m▀[0m[38;2;189;189;197m[48;2;189;189;197m▀[0m[38;2;189;189;197m[48;2;189;189;197m▀[0m[38;2;189;189;197m[48;2;189;189;197m▀[0m[38;2;189;189;197m[48;2;189;189;197m▀[0m[38;2;189;189;197m[48;2;189;189;197m▀[0m[38;2;0;0;0m[48;2;189;189;197m▀[0m[38;2;0;0;0m[48;2;189;189;197m▀[0m[38;2;0;0;0m[48;2;65;65;65m▀[0m[38;2;189;189;197m[48;2;189;189;197m▀[0m[38;2;189;189;197m[48;2;65;65;65m▀[0m[38;2;65;65;65m[48;2;123;131;139m▀[0m[38;2;123;131;139m[48;2;123;131;139m▀[0m[38;2;0;0;0m[48;2;0;0;0m▀[0m                 
        [38;2;0;0;0m▀[38;2;189;189;197m[48;2;0;0;0m▀[0m[38;2;189;189;197m[48;2;0;0;0m▀[0m[38;2;189;189;197m[48;2;65;65;65m▀[0m[38;2;189;189;197m[48;2;65;65;65m▀[0m[38;2;189;189;197m[48;2;189;189;197m▀[0m[38;2;189;189;197m[48;2;189;189;197m▀[0m[38;2;189;189;197m[48;2;189;189;197m▀[0m[38;2;189;189;197m[48;2;189;189;197m▀[0m[38;2;189;189;197m[48;2;189;189;197m▀[0m[38;2;189;189;197m[48;2;189;189;197m▀[0m[38;2;189;189;197m[48;2;189;189;197m▀[0m[38;2;123;131;139m[48;2;189;189;197m▀[0m[38;2;189;189;197m[48;2;189;189;197m▀[0m[38;2;189;189;197m[48;2;65;65;65m▀[0m[38;2;65;65;65m[48;2;123;131;139m▀[0m[38;2;123;131;139m[48;2;123;131;139m▀[0m[38;2;0;0;0m[48;2;0;0;0m▀[0m    [38;2;0;0;0m▄             
          [38;2;0;0;0m▄[38;2;0;0;0m[48;2;189;189;197m▀[0m[38;2;189;189;197m[48;2;189;189;197m▀[0m[38;2;65;65;65m[48;2;189;189;197m▀[0m[38;2;123;131;139m[48;2;189;189;197m▀[0m[38;2;189;189;197m[48;2;189;189;197m▀[0m[38;2;189;189;197m[48;2;189;189;197m▀[0m[38;2;189;189;197m[48;2;189;189;197m▀[0m[38;2;189;189;197m[48;2;189;189;197m▀[0m[38;2;189;189;197m[48;2;189;189;197m▀[0m[38;2;189;189;197m[48;2;189;189;197m▀[0m[38;2;189;189;197m[48;2;189;189;197m▀[0m[38;2;65;65;65m[48;2;189;189;197m▀[0m[38;2;123;131;139m[48;2;189;189;197m▀[0m[38;2;189;189;197m[48;2;189;189;197m▀[0m[38;2;123;131;139m[48;2;189;189;197m▀[0m[38;2;0;0;0m[48;2;65;65;65m▀[0m[38;2;0;0;0m▄[38;2;0;0;0m[48;2;189;189;197m▀[0m[38;2;0;0;0m[48;2;189;189;197m▀[0m[38;2;189;189;197m[48;2;123;131;139m▀[0m[38;2;0;0;0m[48;2;0;0;0m▀[0m[38;2;0;0;0m▄           
    [38;2;0;0;0m▄[38;2;0;0;0m▄[38;2;0;0;0m▄[38;2;0;0;0m▄[38;2;0;0;0m▄[38;2;0;0;0m[48;2;0;0;0m▀[0m[38;2;189;189;197m[48;2;82;90;82m▀[0m[38;2;189;189;197m[48;2;123;131;139m▀[0m[38;2;189;189;197m[48;2;189;189;197m▀[0m[38;2;189;189;197m[48;2;189;189;197m▀[0m[38;2;189;189;197m[48;2;189;189;197m▀[0m[38;2;189;189;197m[48;2;189;189;197m▀[0m[38;2;189;189;197m[48;2;189;189;197m▀[0m[38;2;189;189;197m[48;2;189;189;197m▀[0m[38;2;189;189;197m[48;2;189;189;197m▀[0m[38;2;189;189;197m[48;2;82;90;82m▀[0m[38;2;189;189;197m[48;2;82;90;82m▀[0m[38;2;189;189;197m[48;2;189;189;197m▀[0m[38;2;189;189;197m[48;2;189;189;197m▀[0m[38;2;189;189;197m[48;2;189;189;197m▀[0m[38;2;189;189;197m[48;2;65;65;65m▀[0m[38;2;189;189;197m[48;2;65;65;65m▀[0m[38;2;189;189;197m[48;2;189;189;197m▀[0m[38;2;189;189;197m[48;2;123;131;139m▀[0m[38;2;123;131;139m[48;2;123;131;139m▀[0m[38;2;123;131;139m[48;2;123;131;139m▀[0m[38;2;123;131;139m[48;2;65;65;65m▀[0m[38;2;123;131;139m[48;2;65;65;65m▀[0m[38;2;123;131;139m[48;2;0;0;0m▀[0m[38;2;0;0;0m▀          
   [38;2;0;0;0m▀[38;2;246;222;180m[48;2;0;0;0m▀[0m[38;2;246;222;180m[48;2;246;222;180m▀[0m[38;2;205;164;131m[48;2;246;222;180m▀[0m[38;2;246;222;180m[48;2;205;164;131m▀[0m[38;2;205;164;131m[48;2;246;222;180m▀[0m[38;2;246;222;180m[48;2;205;164;131m▀[0m[38;2;205;164;131m[48;2;246;222;180m▀[0m[38;2;246;222;180m[48;2;205;164;131m▀[0m[38;2;82;90;82m[48;2;246;222;180m▀[0m[38;2;189;189;197m[48;2;82;90;82m▀[0m[38;2;189;189;197m[48;2;189;189;197m▀[0m[38;2;189;189;197m[48;2;189;189;197m▀[0m[38;2;123;131;139m[48;2;123;131;139m▀[0m[38;2;189;189;197m[48;2;189;189;197m▀[0m[38;2;65;65;65m[48;2;255;98;65m▀[0m[38;2;82;90;82m[48;2;255;255;255m▀[0m[38;2;255;255;255m[48;2;255;255;255m▀[0m[38;2;189;189;197m[48;2;255;255;255m▀[0m[38;2;189;189;197m[48;2;189;189;197m▀[0m[38;2;189;189;197m[48;2;189;189;197m▀[0m[38;2;189;189;197m[48;2;189;189;197m▀[0m[38;2;123;131;139m[48;2;189;189;197m▀[0m[38;2;65;65;65m[48;2;189;189;197m▀[0m[38;2;65;65;65m[48;2;189;189;197m▀[0m[38;2;123;131;139m[48;2;65;65;65m▀[0m[38;2;123;131;139m[48;2;123;131;139m▀[0m[38;2;123;131;139m[48;2;123;131;139m▀[0m[38;2;0;0;0m[48;2;0;0;0m▀[0m    [38;2;0;0;0m▄[38;2;0;0;0m[48;2;189;189;197m▀[0m[38;2;0;0;0m[48;2;189;189;197m▀[0m[38;2;0;0;0m▄    
     [38;2;0;0;0m▀[38;2;0;0;0m▀[38;2;205;164;131m[48;2;0;0;0m▀[0m[38;2;246;222;180m[48;2;65;65;65m▀[0m[38;2;205;164;131m[48;2;246;222;180m▀[0m[38;2;246;222;180m[48;2;205;164;131m▀[0m[38;2;205;164;131m[48;2;246;222;180m▀[0m[38;2;246;222;180m[48;2;82;90;82m▀[0m[38;2;82;90;82m[48;2;189;189;197m▀[0m[38;2;189;189;197m[48;2;189;189;197m▀[0m[38;2;189;189;197m[48;2;189;189;197m▀[0m[38;2;189;189;197m[48;2;189;189;197m▀[0m[38;2;0;0;0m[48;2;189;189;197m▀[0m[38;2;255;98;65m[48;2;189;189;197m▀[0m[38;2;255;255;255m[48;2;189;189;197m▀[0m[38;2;189;189;197m[48;2;189;189;197m▀[0m[38;2;189;189;197m[48;2;65;65;65m▀[0m[38;2;189;189;197m[48;2;65;65;65m▀[0m[38;2;189;189;197m[48;2;189;189;197m▀[0m[38;2;189;189;197m[48;2;189;189;197m▀[0m[38;2;189;189;197m[48;2;189;189;197m▀[0m[38;2;189;189;197m[48;2;65;65;65m▀[0m[38;2;65;65;65m[48;2;123;131;139m▀[0m[38;2;0;0;0m[48;2;0;0;0m▀[0m[38;2;0;0;0m▀[38;2;0;0;0m▀      [38;2;0;0;0m[48;2;0;0;0m▀[0m[38;2;189;189;197m[48;2;189;189;197m▀[0m[38;2;189;189;197m[48;2;65;65;65m▀[0m[38;2;0;0;0m[48;2;65;65;65m▀[0m[38;2;0;0;0m▄  
  [38;2;0;0;0m▄[38;2;0;0;0m▄[38;2;0;0;0m▄[38;2;0;0;0m▄ [38;2;0;0;0m▄[38;2;0;0;0m[48;2;123;131;139m▀[0m[38;2;65;65;65m[48;2;65;65;65m▀[0m[38;2;82;90;82m[48;2;189;189;197m▀[0m[38;2;82;90;82m[48;2;189;189;197m▀[0m[38;2;189;189;197m[48;2;123;131;139m▀[0m[38;2;189;189;197m[48;2;189;189;197m▀[0m[38;2;189;189;197m[48;2;189;189;197m▀[0m[38;2;189;189;197m[48;2;189;189;197m▀[0m[38;2;189;189;197m[48;2;65;65;65m▀[0m[38;2;189;189;197m[48;2;65;65;65m▀[0m[38;2;189;189;197m[48;2;65;65;65m▀[0m[38;2;65;65;65m[48;2;255;123;139m▀[0m[38;2;65;65;65m[48;2;255;123;139m▀[0m[38;2;255;255;255m[48;2;189;57;90m▀[0m[38;2;189;57;90m[48;2;65;65;65m▀[0m[38;2;65;65;65m[48;2;123;131;139m▀[0m[38;2;189;189;197m[48;2;65;65;65m▀[0m[38;2;189;189;197m[48;2;189;189;197m▀[0m[38;2;189;189;197m[48;2;65;65;65m▀[0m[38;2;65;65;65m[48;2;123;131;139m▀[0m[38;2;123;131;139m[48;2;65;65;65m▀[0m[38;2;0;0;0m[48;2;65;65;65m▀[0m[38;2;0;0;0m▄       [38;2;0;0;0m[48;2;0;0;0m▀[0m[38;2;65;65;65m[48;2;189;189;197m▀[0m[38;2;189;189;197m[48;2;189;189;197m▀[0m[38;2;189;189;197m[48;2;189;189;197m▀[0m[38;2;0;0;0m[48;2;0;0;0m▀[0m 
[38;2;0;0;0m▄[38;2;0;0;0m[48;2;65;65;65m▀[0m[38;2;123;131;139m[48;2;65;65;65m▀[0m[38;2;65;65;65m[48;2;255;255;255m▀[0m[38;2;123;131;139m[48;2;65;65;65m▀[0m[38;2;123;131;139m[48;2;123;131;139m▀[0m[38;2;0;0;0m[48;2;123;131;139m▀[0m[38;2;65;65;65m[48;2;123;131;139m▀[0m[38;2;123;131;139m[48;2;65;65;65m▀[0m[38;2;123;131;139m[48;2;123;131;139m▀[0m[38;2;65;65;65m[48;2;123;131;139m▀[0m[38;2;65;65;65m[48;2;65;65;65m▀[0m[38;2;65;65;65m[48;2;123;131;139m▀[0m[38;2;65;65;65m[48;2;65;65;65m▀[0m[38;2;65;65;65m[48;2;189;57;90m▀[0m[38;2;65;65;65m[48;2;189;57;90m▀[0m[38;2;189;57;90m[48;2;255;123;139m▀[0m[38;2;255;123;139m[48;2;255;123;139m▀[0m[38;2;255;123;139m[48;2;255;123;139m▀[0m[38;2;255;123;139m[48;2;65;65;65m▀[0m[38;2;255;123;139m[48;2;65;65;65m▀[0m[38;2;65;65;65m[48;2;189;189;197m▀[0m[38;2;123;131;139m[48;2;123;131;139m▀[0m[38;2;123;131;139m[48;2;123;131;139m▀[0m[38;2;123;131;139m[48;2;123;131;139m▀[0m[38;2;65;65;65m[48;2;123;131;139m▀[0m[38;2;123;131;139m[48;2;189;189;197m▀[0m[38;2;189;189;197m[48;2;189;189;197m▀[0m[38;2;189;189;197m[48;2;189;189;197m▀[0m[38;2;189;189;197m[48;2;189;189;197m▀[0m[38;2;123;131;139m[48;2;189;189;197m▀[0m[38;2;0;0;0m[48;2;123;131;139m▀[0m[38;2;0;0;0m▄  [38;2;0;0;0m▄[38;2;0;0;0m▄[38;2;0;0;0m[48;2;189;189;197m▀[0m[38;2;189;189;197m[48;2;189;189;197m▀[0m[38;2;65;65;65m[48;2;189;189;197m▀[0m[38;2;65;65;65m[48;2;189;189;197m▀[0m[38;2;189;189;197m[48;2;65;65;65m▀[0m[38;2;123;131;139m[48;2;123;131;139m▀[0m[38;2;0;0;0m[48;2;0;0;0m▀[0m
[38;2;0;0;0m[48;2;0;0;0m▀[0m[38;2;255;255;255m[48;2;65;65;65m▀[0m[38;2;65;65;65m[48;2;65;65;65m▀[0m[38;2;65;65;65m[48;2;123;131;139m▀[0m[38;2;123;131;139m[48;2;123;131;139m▀[0m[38;2;123;131;139m[48;2;123;131;139m▀[0m[38;2;123;131;139m[48;2;123;131;139m▀[0m[38;2;123;131;139m[48;2;123;131;139m▀[0m[38;2;65;65;65m[48;2;123;131;139m▀[0m[38;2;123;131;139m[48;2;0;0;0m▀[0m[38;2;65;65;65m[48;2;65;65;65m▀[0m[38;2;189;189;197m[48;2;189;189;197m▀[0m[38;2;65;65;65m[48;2;189;189;197m▀[0m[38;2;189;189;197m[48;2;65;65;65m▀[0m[38;2;65;65;65m[48;2;65;65;65m▀[0m[38;2;65;65;65m[48;2;189;189;197m▀[0m[38;2;65;65;65m[48;2;189;189;197m▀[0m[38;2;65;65;65m[48;2;189;189;197m▀[0m[38;2;65;65;65m[48;2;189;189;197m▀[0m[38;2;123;131;139m[48;2;189;189;197m▀[0m[38;2;189;189;197m[48;2;65;65;65m▀[0m[38;2;123;131;139m[48;2;65;65;65m▀[0m[38;2;82;90;82m[48;2;189;189;197m▀[0m[38;2;189;189;197m[48;2;189;189;197m▀[0m[38;2;65;65;65m[48;2;65;65;65m▀[0m[38;2;189;189;197m[48;2;189;189;197m▀[0m[38;2;189;189;197m[48;2;65;65;65m▀[0m[38;2;189;189;197m[48;2;65;65;65m▀[0m[38;2;65;65;65m[48;2;189;189;197m▀[0m[38;2;65;65;65m[48;2;189;189;197m▀[0m[38;2;65;65;65m[48;2;189;189;197m▀[0m[38;2;189;189;197m[48;2;65;65;65m▀[0m[38;2;0;0;0m[48;2;65;65;65m▀[0m[38;2;0;0;0m[48;2;123;131;139m▀[0m[38;2;0;0;0m[48;2;65;65;65m▀[0m[38;2;189;189;197m[48;2;123;131;139m▀[0m[38;2;65;65;65m[48;2;189;189;197m▀[0m[38;2;65;65;65m[48;2;189;189;197m▀[0m[38;2;189;189;197m[48;2;65;65;65m▀[0m[38;2;189;189;197m[48;2;189;189;197m▀[0m[38;2;189;189;197m[48;2;123;131;139m▀[0m[38;2;123;131;139m[48;2;123;131;139m▀[0m[38;2;65;65;65m[48;2;65;65;65m▀[0m[38;2;0;0;0m[48;2;0;0;0m▀[0m
 [38;2;0;0;0m▀[38;2;189;189;197m[48;2;0;0;0m▀[0m[38;2;65;65;65m[48;2;0;0;0m▀[0m[38;2;123;131;139m[48;2;0;0;0m▀[0m[38;2;123;131;139m[48;2;0;0;0m▀[0m[38;2;123;131;139m[48;2;0;0;0m▀[0m[38;2;0;0;0m▀[38;2;0;0;0m▀[38;2;0;0;0m▄[38;2;0;0;0m[48;2;189;189;197m▀[0m[38;2;189;189;197m[48;2;65;65;65m▀[0m[38;2;189;189;197m[48;2;189;189;197m▀[0m[38;2;189;189;197m[48;2;189;189;197m▀[0m[38;2;189;189;197m[48;2;189;189;197m▀[0m[38;2;65;65;65m[48;2;189;189;197m▀[0m[38;2;65;65;65m[48;2;189;189;197m▀[0m[38;2;65;65;65m[48;2;189;189;197m▀[0m[38;2;65;65;65m[48;2;189;189;197m▀[0m[38;2;65;65;65m[48;2;189;189;197m▀[0m[38;2;189;189;197m[48;2;189;189;197m▀[0m[38;2;189;189;197m[48;2;189;189;197m▀[0m[38;2;189;189;197m[48;2;189;189;197m▀[0m[38;2;189;189;197m[48;2;189;189;197m▀[0m[38;2;189;189;197m[48;2;65;65;65m▀[0m[38;2;65;65;65m[48;2;123;131;139m▀[0m[38;2;123;131;139m[48;2;255;255;255m▀[0m[38;2;189;189;197m[48;2;123;131;139m▀[0m[38;2;189;189;197m[48;2;189;189;197m▀[0m[38;2;189;189;197m[48;2;189;189;197m▀[0m[38;2;189;189;197m[48;2;189;189;197m▀[0m[38;2;189;189;197m[48;2;189;189;197m▀[0m[38;2;189;189;197m[48;2;189;189;197m▀[0m[38;2;65;65;65m[48;2;65;65;65m▀[0m[38;2;123;131;139m[48;2;123;131;139m▀[0m[38;2;65;65;65m[48;2;123;131;139m▀[0m[38;2;123;131;139m[48;2;65;65;65m▀[0m[38;2;123;131;139m[48;2;123;131;139m▀[0m[38;2;123;131;139m[48;2;123;131;139m▀[0m[38;2;65;65;65m[48;2;65;65;65m▀[0m[38;2;123;131;139m[48;2;123;131;139m▀[0m[38;2;123;131;139m[48;2;123;131;139m▀[0m[38;2;0;0;0m[48;2;0;0;0m▀[0m 
       [38;2;0;0;0m▄[38;2;0;0;0m[48;2;189;189;197m▀[0m[38;2;189;189;197m[48;2;189;189;197m▀[0m[38;2;189;189;197m[48;2;189;189;197m▀[0m[38;2;65;65;65m[48;2;189;189;197m▀[0m[38;2;189;189;197m[48;2;65;65;65m▀[0m[38;2;189;189;197m[48;2;123;131;139m▀[0m[38;2;123;131;139m[48;2;123;131;139m▀[0m[38;2;123;131;139m[48;2;246;222;180m▀[0m[38;2;123;131;139m[48;2;246;222;180m▀[0m[38;2;123;131;139m[48;2;246;222;180m▀[0m[38;2;123;131;139m[48;2;246;222;180m▀[0m[38;2;189;189;197m[48;2;123;131;139m▀[0m[38;2;189;189;197m[48;2;123;131;139m▀[0m[38;2;189;189;197m[48;2;189;189;197m▀[0m[38;2;189;189;197m[48;2;189;189;197m▀[0m[38;2;189;189;197m[48;2;123;131;139m▀[0m[38;2;65;65;65m[48;2;246;222;180m▀[0m[38;2;189;189;197m[48;2;65;65;65m▀[0m[38;2;123;131;139m[48;2;189;189;197m▀[0m[38;2;123;131;139m[48;2;123;131;139m▀[0m[38;2;123;131;139m[48;2;255;255;255m▀[0m[38;2;189;189;197m[48;2;123;131;139m▀[0m[38;2;189;189;197m[48;2;189;189;197m▀[0m[38;2;189;189;197m[48;2;189;189;197m▀[0m[38;2;65;65;65m[48;2;65;65;65m▀[0m[38;2;123;131;139m[48;2;123;131;139m▀[0m[38;2;123;131;139m[48;2;123;131;139m▀[0m[38;2;123;131;139m[48;2;123;131;139m▀[0m[38;2;65;65;65m[48;2;65;65;65m▀[0m[38;2;123;131;139m[48;2;123;131;139m▀[0m[38;2;123;131;139m[48;2;123;131;139m▀[0m[38;2;65;65;65m[48;2;65;65;65m▀[0m[38;2;123;131;139m[48;2;0;0;0m▀[0m[38;2;0;0;0m▀  
       [38;2;0;0;0m[48;2;0;0;0m▀[0m[38;2;189;189;197m[48;2;189;189;197m▀[0m[38;2;189;189;197m[48;2;189;189;197m▀[0m[38;2;189;189;197m[48;2;189;189;197m▀[0m[38;2;189;189;197m[48;2;189;189;197m▀[0m[38;2;189;189;197m[48;2;189;189;197m▀[0m[38;2;65;65;65m[48;2;65;65;65m▀[0m[38;2;246;222;180m[48;2;246;222;180m▀[0m[38;2;205;164;131m[48;2;246;222;180m▀[0m[38;2;205;164;131m[48;2;246;222;180m▀[0m[38;2;205;164;131m[48;2;246;222;180m▀[0m[38;2;205;164;131m[48;2;246;222;180m▀[0m[38;2;205;164;131m[48;2;246;222;180m▀[0m[38;2;246;222;180m[48;2;246;222;180m▀[0m[38;2;123;131;139m[48;2;246;222;180m▀[0m[38;2;123;131;139m[48;2;246;222;180m▀[0m[38;2;246;222;180m[48;2;246;222;180m▀[0m[38;2;246;222;180m[48;2;205;164;131m▀[0m[38;2;246;222;180m[48;2;65;65;65m▀[0m[38;2;65;65;65m[48;2;189;189;197m▀[0m[38;2;123;131;139m[48;2;65;65;65m▀[0m[38;2;123;131;139m[48;2;255;255;255m▀[0m[38;2;123;131;139m[48;2;65;65;65m▀[0m[38;2;189;189;197m[48;2;65;65;65m▀[0m[38;2;65;65;65m[48;2;189;189;197m▀[0m[38;2;65;65;65m[48;2;65;65;65m▀[0m[38;2;123;131;139m[48;2;123;131;139m▀[0m[38;2;123;131;139m[48;2;123;131;139m▀[0m[38;2;123;131;139m[48;2;65;65;65m▀[0m[38;2;65;65;65m[48;2;123;131;139m▀[0m[38;2;123;131;139m[48;2;0;0;0m▀[0m[38;2;65;65;65m[48;2;0;0;0m▀[0m[38;2;0;0;0m▀    
        [38;2;0;0;0m▀[38;2;189;189;197m[48;2;0;0;0m▀[0m[38;2;189;189;197m[48;2;123;131;139m▀[0m[38;2;189;189;197m[48;2;123;131;139m▀[0m[38;2;123;131;139m[48;2;123;131;139m▀[0m[38;2;123;131;139m[48;2;123;131;139m▀[0m[38;2;65;65;65m[48;2;123;131;139m▀[0m[38;2;246;222;180m[48;2;65;65;65m▀[0m[38;2;246;222;180m[48;2;205;164;131m▀[0m[38;2;246;222;180m[48;2;205;164;131m▀[0m[38;2;246;222;180m[48;2;205;164;131m▀[0m[38;2;246;222;180m[48;2;205;164;131m▀[0m[38;2;246;222;180m[48;2;205;164;131m▀[0m[38;2;246;222;180m[48;2;205;164;131m▀[0m[38;2;205;164;131m[48;2;246;222;180m▀[0m[38;2;205;164;131m[48;2;246;222;180m▀[0m[38;2;246;222;180m[48;2;65;65;65m▀[0m[38;2;65;65;65m[48;2;123;131;139m▀[0m[38;2;189;189;197m[48;2;189;189;197m▀[0m[38;2;189;189;197m[48;2;189;189;197m▀[0m[38;2;65;65;65m[48;2;189;189;197m▀[0m[38;2;65;65;65m[48;2;189;189;197m▀[0m[38;2;189;189;197m[48;2;189;189;197m▀[0m[38;2;189;189;197m[48;2;189;189;197m▀[0m[38;2;189;189;197m[48;2;123;131;139m▀[0m[38;2;65;65;65m[48;2;0;0;0m▀[0m[38;2;65;65;65m[48;2;0;0;0m▀[0m[38;2;0;0;0m▀[38;2;0;0;0m▀       
       [38;2;0;0;0m▄[38;2;0;0;0m[48;2;189;189;197m▀[0m[38;2;123;131;139m[48;2;189;189;197m▀[0m[38;2;65;65;65m[48;2;189;189;197m▀[0m[38;2;65;65;65m[48;2;189;189;197m▀[0m[38;2;123;131;139m[48;2;189;189;197m▀[0m[38;2;123;131;139m[48;2;123;131;139m▀[0m[38;2;123;131;139m[48;2;123;131;139m▀[0m[38;2;123;131;139m[48;2;0;0;0m▀[0m[38;2;0;0;0m▀[38;2;0;0;0m▀[38;2;246;222;180m[48;2;0;0;0m▀[0m[38;2;246;222;180m[48;2;0;0;0m▀[0m[38;2;246;222;180m[48;2;123;131;139m▀[0m[38;2;246;222;180m[48;2;123;131;139m▀[0m[38;2;205;164;131m[48;2;123;131;139m▀[0m[38;2;205;164;131m[48;2;123;131;139m▀[0m[38;2;65;65;65m[48;2;123;131;139m▀[0m[38;2;123;131;139m[48;2;0;0;0m▀[0m[38;2;123;131;139m[48;2;123;131;139m▀[0m[38;2;189;189;197m[48;2;123;131;139m▀[0m[38;2;189;189;197m[48;2;123;131;139m▀[0m[38;2;189;189;197m[48;2;123;131;139m▀[0m[38;2;189;189;197m[48;2;123;131;139m▀[0m[38;2;123;131;139m[48;2;123;131;139m▀[0m[38;2;123;131;139m[48;2;0;0;0m▀[0m[38;2;0;0;0m▀          
      [38;2;0;0;0m▀[38;2;255;255;255m[48;2;0;0;0m▀[0m[38;2;123;131;139m[48;2;0;0;0m▀[0m[38;2;189;189;197m[48;2;65;65;65m▀[0m[38;2;123;131;139m[48;2;255;255;255m▀[0m[38;2;123;131;139m[48;2;255;255;255m▀[0m[38;2;189;189;197m[48;2;0;0;0m▀[0m[38;2;189;189;197m[48;2;0;0;0m▀[0m[38;2;0;0;0m▀     [38;2;0;0;0m▀[38;2;0;0;0m▀[38;2;0;0;0m▀[38;2;0;0;0m▀[38;2;0;0;0m▀[38;2;0;0;0m▄[38;2;0;0;0m[48;2;189;189;197m▀[0m[38;2;123;131;139m[48;2;123;131;139m▀[0m[38;2;123;131;139m[48;2;123;131;139m▀[0m[38;2;123;131;139m[48;2;123;131;139m▀[0m[38;2;123;131;139m[48;2;123;131;139m▀[0m[38;2;0;0;0m[48;2;189;189;197m▀[0m[38;2;0;0;0m▄           
         [38;2;0;0;0m▀[38;2;0;0;0m▀[38;2;0;0;0m▀             [38;2;0;0;0m[48;2;0;0;0m▀[0m[38;2;189;189;197m[48;2;82;90;82m▀[0m[38;2;189;189;197m[48;2;255;255;255m▀[0m[38;2;189;189;197m[48;2;123;131;139m▀[0m[38;2;189;189;197m[48;2;123;131;139m▀[0m[38;2;189;189;197m[48;2;255;255;255m▀[0m[38;2;189;189;197m[48;2;82;90;82m▀[0m[38;2;0;0;0m[48;2;0;0;0m▀[0m           
                          [38;2;0;0;0m▀[38;2;255;255;255m[48;2;0;0;0m▀[0m[38;2;0;0;0m▀[38;2;0;0;0m▀[38;2;255;255;255m[48;2;0;0;0m▀[0m[38;2;0;0;0m▀            
[0m
