         [38;2;0;4;0m▄[38;2;0;4;0m▄[38;2;0;4;0m[48;2;60;95;126m▀[0m[38;2;0;4;0m[48;2;60;95;126m▀[0m[38;2;0;4;0m▄                       
       [38;2;0;4;0m▄[38;2;0;4;0m[48;2;60;96;126m▀[0m[38;2;60;96;126m[48;2;60;88;126m▀[0m[38;2;60;96;126m[48;2;60;88;126m▀[0m[38;2;60;95;126m[48;2;60;95;126m▀[0m[38;2;60;95;126m[48;2;60;95;126m▀[0m[38;2;0;4;0m[48;2;0;4;0m▀[0m                       
       [38;2;0;4;0m▀[38;2;60;96;126m[48;2;0;4;0m▀[0m[38;2;0;4;0m▀[38;2;60;88;126m[48;2;0;4;0m▀[0m[38;2;60;95;126m[48;2;60;95;126m▀[0m[38;2;60;95;126m[48;2;60;95;126m▀[0m[38;2;57;95;127m[48;2;60;95;126m▀[0m[38;2;0;4;0m[48;2;60;95;126m▀[0m[38;2;0;4;0m[48;2;66;85;123m▀[0m[38;2;8;8;0m▄[38;2;0;4;0m▄[38;2;0;4;0m[48;2;255;231;239m▀[0m[38;2;0;4;0m[48;2;255;224;222m▀[0m[38;2;0;4;0m[48;2;255;224;222m▀[0m[38;2;0;4;16m▄[38;2;0;4;16m▄[38;2;0;4;0m▄     [38;2;0;4;0m▄[38;2;0;4;0m[48;2;74;113;189m▀[0m[38;2;0;4;0m[48;2;74;113;192m▀[0m[38;2;0;4;0m[48;2;74;113;192m▀[0m[38;2;0;4;0m▄   
          [38;2;0;4;0m▀[38;2;60;95;126m[48;2;0;4;0m▀[0m[38;2;60;95;126m[48;2;0;4;0m▀[0m[38;2;60;95;126m[48;2;82;81;101m▀[0m[38;2;60;95;126m[48;2;82;81;101m▀[0m[38;2;66;85;123m[48;2;255;224;222m▀[0m[38;2;46;59;82m[48;2;255;235;247m▀[0m[38;2;255;231;239m[48;2;255;235;247m▀[0m[38;2;255;231;239m[48;2;255;235;247m▀[0m[38;2;255;224;222m[48;2;255;235;247m▀[0m[38;2;255;224;222m[48;2;255;224;222m▀[0m[38;2;247;223;231m[48;2;65;75;126m▀[0m[38;2;82;77;87m[48;2;74;113;189m▀[0m[38;2;74;113;189m[48;2;74;113;192m▀[0m[38;2;0;4;0m[48;2;74;113;192m▀[0m[38;2;0;4;0m▄[38;2;0;4;0m▄[38;2;0;4;0m▄[38;2;0;4;0m[48;2;74;113;189m▀[0m[38;2;74;113;189m[48;2;73;111;195m▀[0m[38;2;74;113;189m[48;2;73;111;195m▀[0m[38;2;74;113;192m[48;2;74;113;189m▀[0m[38;2;74;113;192m[48;2;74;113;189m▀[0m[38;2;74;113;189m[48;2;74;113;189m▀[0m[38;2;0;4;0m[48;2;74;113;189m▀[0m[38;2;0;4;0m▄ 
           [38;2;0;4;0m▄[38;2;0;4;0m▄[38;2;0;8;33m[48;2;74;73;66m▀[0m[38;2;247;227;239m[48;2;134;133;129m▀[0m[38;2;255;224;222m[48;2;255;224;222m▀[0m[38;2;255;224;222m[48;2;255;224;222m▀[0m[38;2;255;235;247m[48;2;255;223;222m▀[0m[38;2;255;235;247m[48;2;255;223;222m▀[0m[38;2;255;224;222m[48;2;255;223;222m▀[0m[38;2;255;224;222m[48;2;255;223;222m▀[0m[38;2;65;75;126m[48;2;255;223;222m▀[0m[38;2;74;113;189m[48;2;66;73;123m▀[0m[38;2;74;113;192m[48;2;60;95;126m▀[0m[38;2;74;113;192m[48;2;74;113;189m▀[0m[38;2;74;113;189m[48;2;74;113;189m▀[0m[38;2;74;113;189m[48;2;60;95;126m▀[0m[38;2;74;113;189m[48;2;54;87;126m▀[0m[38;2;74;113;189m[48;2;82;125;189m▀[0m[38;2;73;111;195m[48;2;60;95;126m▀[0m[38;2;57;93;123m[48;2;60;95;126m▀[0m[38;2;74;113;189m[48;2;0;4;0m▀[0m[38;2;0;4;0m▀[38;2;0;4;0m▀[38;2;74;113;189m[48;2;0;4;0m▀[0m[38;2;74;113;189m[48;2;0;4;0m▀[0m[38;2;0;4;0m▀
         [38;2;0;4;0m▄[38;2;0;4;0m[48;2;198;93;107m▀[0m[38;2;198;93;107m[48;2;192;99;110m▀[0m[38;2;198;93;107m[48;2;66;65;66m▀[0m[38;2;134;133;129m[48;2;255;243;247m▀[0m[38;2;255;255;255m[48;2;0;4;0m▀[0m[38;2;255;224;222m[48;2;255;224;222m▀[0m[38;2;255;224;222m[48;2;255;224;222m▀[0m[38;2;255;223;222m[48;2;172;164;159m▀[0m[38;2;139;139;128m[48;2;255;243;239m▀[0m[38;2;139;139;128m[48;2;255;255;255m▀[0m[38;2;255;223;222m[48;2;148;142;115m▀[0m[38;2;255;223;222m[48;2;255;224;222m▀[0m[38;2;66;73;123m[48;2;255;224;222m▀[0m[38;2;60;95;126m[48;2;66;81;123m▀[0m[38;2;60;95;126m[48;2;66;81;123m▀[0m[38;2;60;95;126m[48;2;60;88;126m▀[0m[38;2;60;95;126m[48;2;60;88;126m▀[0m[38;2;54;87;126m[48;2;0;4;0m▀[0m[38;2;0;12;0m▀[38;2;60;95;126m[48;2;0;4;0m▀[0m[38;2;60;95;126m[48;2;0;4;0m▀[0m[38;2;0;4;0m▀     
    [38;2;0;4;0m▄[38;2;0;4;0m▄   [38;2;0;4;0m[48;2;0;4;0m▀[0m[38;2;198;93;107m[48;2;198;93;107m▀[0m[38;2;66;65;66m[48;2;66;65;66m▀[0m[38;2;255;117;132m[48;2;255;117;132m▀[0m[38;2;255;243;247m[48;2;139;139;128m▀[0m[38;2;255;243;247m[48;2;255;223;222m▀[0m[38;2;255;224;222m[48;2;255;223;222m▀[0m[38;2;255;224;222m[48;2;255;223;222m▀[0m[38;2;255;243;239m[48;2;255;224;222m▀[0m[38;2;8;8;0m[48;2;255;255;255m▀[0m[38;2;255;255;255m[48;2;255;255;239m▀[0m[38;2;183;179;161m[48;2;177;174;164m▀[0m[38;2;255;224;222m[48;2;90;77;90m▀[0m[38;2;255;224;222m[48;2;255;211;214m▀[0m[38;2;255;223;222m[48;2;255;123;139m▀[0m[38;2;66;81;123m[48;2;255;123;139m▀[0m[38;2;60;88;126m[48;2;255;203;206m▀[0m[38;2;0;4;0m[48;2;74;60;66m▀[0m[38;2;0;4;0m▄[38;2;0;4;0m▄[38;2;0;4;0m▄       
[38;2;0;4;0m▄[38;2;0;4;0m[48;2;239;255;255m▀[0m[38;2;0;4;0m[48;2;230;171;175m▀[0m[38;2;0;4;0m[48;2;66;65;66m▀[0m[38;2;255;255;255m[48;2;255;85;99m▀[0m[38;2;173;174;173m[48;2;255;251;255m▀[0m[38;2;0;4;0m[48;2;0;0;0m▀[0m  [38;2;0;4;0m▄[38;2;0;4;0m[48;2;206;178;148m▀[0m[38;2;192;99;110m[48;2;0;4;0m▀[0m[38;2;66;65;66m[48;2;198;93;107m▀[0m[38;2;255;223;222m[48;2;99;65;66m▀[0m[38;2;139;139;128m[48;2;99;65;66m▀[0m[38;2;139;139;128m[48;2;156;65;74m▀[0m[38;2;255;223;222m[48;2;139;140;127m▀[0m[38;2;255;224;222m[48;2;148;142;132m▀[0m[38;2;255;224;222m[48;2;148;142;132m▀[0m[38;2;177;174;164m[48;2;156;81;87m▀[0m[38;2;99;93;90m[48;2;74;73;82m▀[0m[38;2;255;211;214m[48;2;255;203;206m▀[0m[38;2;200;166;172m[48;2;194;155;159m▀[0m[38;2;255;123;139m[48;2;66;69;66m▀[0m[38;2;255;123;139m[48;2;66;69;66m▀[0m[38;2;74;60;66m[48;2;255;142;156m▀[0m[38;2;194;155;159m[48;2;255;142;156m▀[0m[38;2;255;178;198m[48;2;255;177;200m▀[0m[38;2;255;178;198m[48;2;255;177;200m▀[0m[38;2;255;121;140m[48;2;255;175;200m▀[0m[38;2;0;4;0m[48;2;255;121;140m▀[0m[38;2;0;4;0m▄     
[38;2;0;4;0m[48;2;0;4;0m▀[0m[38;2;222;87;95m[48;2;178;146;148m▀[0m[38;2;239;255;255m[48;2;255;219;222m▀[0m[38;2;66;65;66m[48;2;96;95;96m▀[0m[38;2;255;85;99m[48;2;222;223;222m▀[0m[38;2;255;251;255m[48;2;255;255;255m▀[0m[38;2;85;83;85m[48;2;85;85;85m▀[0m[38;2;0;4;0m[48;2;85;85;85m▀[0m[38;2;0;0;0m▄[38;2;0;4;0m[48;2;206;182;156m▀[0m[38;2;206;178;148m[48;2;0;4;0m▀[0m[38;2;0;4;0m▀[38;2;0;4;0m[48;2;0;4;0m▀[0m[38;2;255;255;255m[48;2;255;255;255m▀[0m[38;2;99;65;66m[48;2;255;255;255m▀[0m[38;2;156;65;74m[48;2;66;65;66m▀[0m[38;2;156;65;74m[48;2;66;65;66m▀[0m[38;2;181;65;82m[48;2;198;93;107m▀[0m[38;2;170;90;98m[48;2;198;93;107m▀[0m[38;2;198;85;90m[48;2;82;52;57m▀[0m[38;2;74;73;82m[48;2;255;227;231m▀[0m[38;2;74;60;66m[48;2;160;162;160m▀[0m[38;2;74;60;66m[48;2;66;69;66m▀[0m[38;2;255;255;255m[48;2;255;85;95m▀[0m[38;2;160;162;160m[48;2;255;255;255m▀[0m[38;2;66;65;66m[48;2;66;65;66m▀[0m[38;2;255;142;156m[48;2;255;121;140m▀[0m[38;2;255;177;200m[48;2;255;123;139m▀[0m[38;2;255;177;200m[48;2;255;123;139m▀[0m[38;2;255;121;140m[48;2;255;121;140m▀[0m[38;2;255;121;140m[48;2;255;121;140m▀[0m[38;2;0;4;0m[48;2;0;4;0m▀[0m     
 [38;2;24;0;0m▀[38;2;255;219;222m[48;2;0;4;0m▀[0m[38;2;222;223;222m[48;2;222;224;219m▀[0m[38;2;222;223;222m[48;2;222;224;219m▀[0m[38;2;85;85;85m[48;2;66;65;66m▀[0m[38;2;85;85;85m[48;2;222;223;222m▀[0m[38;2;255;255;255m[48;2;255;85;95m▀[0m[38;2;170;170;170m[48;2;255;255;255m▀[0m[38;2;68;63;52m[48;2;0;4;0m▀[0m[38;2;0;4;0m▀ [38;2;0;4;0m▀[38;2;255;255;255m[48;2;16;0;0m▀[0m[38;2;255;255;255m[48;2;255;247;255m▀[0m[38;2;255;255;255m[48;2;160;62;74m▀[0m[38;2;255;255;255m[48;2;160;62;74m▀[0m[38;2;66;65;66m[48;2;255;255;255m▀[0m[38;2;66;65;66m[48;2;255;255;255m▀[0m[38;2;82;52;57m[48;2;82;52;57m▀[0m[38;2;168;139;144m[48;2;168;139;144m▀[0m[38;2;255;255;255m[48;2;255;255;255m▀[0m[38;2;66;69;66m[48;2;90;97;107m▀[0m[38;2;255;85;95m[48;2;203;205;203m▀[0m[38;2;255;255;255m[48;2;255;255;255m▀[0m[38;2;66;65;66m[48;2;74;77;74m▀[0m[38;2;255;121;140m[48;2;74;77;74m▀[0m[38;2;255;123;139m[48;2;66;65;66m▀[0m[38;2;255;123;139m[48;2;66;65;66m▀[0m[38;2;255;121;140m[48;2;0;4;0m▀[0m[38;2;0;4;0m▀      
  [38;2;0;4;0m▀[38;2;222;224;219m[48;2;0;4;0m▀[0m[38;2;222;224;219m[48;2;222;223;222m▀[0m[38;2;222;223;222m[48;2;222;223;222m▀[0m[38;2;222;223;222m[48;2;222;223;222m▀[0m[38;2;255;85;95m[48;2;0;4;0m▀[0m[38;2;255;255;255m[48;2;0;4;0m▀[0m[38;2;0;4;0m▀   [38;2;16;0;0m▀[38;2;95;82;85m[48;2;0;4;0m▀[0m[38;2;255;121;140m[48;2;255;121;140m▀[0m[38;2;255;121;140m[48;2;255;121;140m▀[0m[38;2;156;65;74m[48;2;255;121;140m▀[0m[38;2;156;65;74m[48;2;255;121;140m▀[0m[38;2;255;227;231m[48;2;123;56;66m▀[0m[38;2;82;52;57m[48;2;255;247;247m▀[0m[38;2;200;202;205m[48;2;66;65;66m▀[0m[38;2;200;202;205m[48;2;222;223;222m▀[0m[38;2;203;205;203m[48;2;222;223;222m▀[0m[38;2;99;105;99m[48;2;66;65;66m▀[0m[38;2;74;77;74m[48;2;222;223;222m▀[0m[38;2;255;255;255m[48;2;255;85;99m▀[0m[38;2;170;175;170m[48;2;255;255;255m▀[0m[38;2;66;65;66m[48;2;66;65;66m▀[0m[38;2;206;178;148m[48;2;206;178;148m▀[0m[38;2;0;4;0m[48;2;0;4;0m▀[0m      
    [38;2;0;4;0m▀[38;2;0;4;0m▀[38;2;0;4;0m▀    [38;2;0;8;8m▄[38;2;0;4;0m[48;2;74;81;79m▀[0m[38;2;0;4;0m[48;2;206;178;148m▀[0m[38;2;206;178;148m[48;2;206;178;148m▀[0m[38;2;160;62;74m[48;2;214;158;140m▀[0m[38;2;255;121;140m[48;2;142;105;93m▀[0m[38;2;255;121;140m[48;2;0;4;0m▀[0m[38;2;197;94;104m[48;2;198;93;107m▀[0m[38;2;167;119;126m[48;2;74;74;71m▀[0m[38;2;123;56;66m[48;2;222;223;214m▀[0m[38;2;66;65;66m[48;2;154;72;79m▀[0m[38;2;222;223;222m[48;2;66;56;57m▀[0m[38;2;222;223;222m[48;2;222;223;222m▀[0m[38;2;222;223;222m[48;2;222;223;222m▀[0m[38;2;222;223;222m[48;2;66;64;66m▀[0m[38;2;255;85;99m[48;2;66;64;66m▀[0m[38;2;255;255;255m[48;2;0;4;0m▀[0m[38;2;66;65;66m[48;2;0;4;0m▀[0m[38;2;0;4;0m▀       
        [38;2;0;4;0m▄[38;2;0;4;0m[48;2;82;121;189m▀[0m[38;2;0;8;0m▄[38;2;0;8;8m▀[38;2;222;227;222m[48;2;0;4;0m▀[0m[38;2;79;88;104m[48;2;239;235;222m▀[0m[38;2;206;178;148m[48;2;79;81;74m▀[0m[38;2;71;52;46m[48;2;0;4;0m▀[0m[38;2;0;0;0m▀ [38;2;0;4;0m▀[38;2;0;0;0m▀[38;2;0;0;0m▀[38;2;154;72;79m[48;2;0;4;0m▀[0m[38;2;198;81;90m[48;2;0;4;0m▀[0m[38;2;66;65;66m[48;2;170;170;164m▀[0m[38;2;66;65;66m[48;2;85;85;82m▀[0m[38;2;66;64;66m[48;2;170;175;172m▀[0m[38;2;0;4;0m[48;2;255;255;255m▀[0m[38;2;0;4;0m▄         
        [38;2;0;4;0m[48;2;0;4;0m▀[0m[38;2;54;83;126m[48;2;52;63;76m▀[0m[38;2;0;8;0m[48;2;74;93;115m▀[0m[38;2;0;4;0m▄[38;2;0;4;0m▄[38;2;0;4;0m[48;2;60;96;126m▀[0m[38;2;159;158;148m[48;2;60;96;126m▀[0m[38;2;57;95;127m[48;2;57;95;127m▀[0m[38;2;0;4;0m[48;2;0;4;0m▀[0m      [38;2;0;0;0m[48;2;0;4;16m▀[0m[38;2;255;255;247m[48;2;94;91;94m▀[0m[38;2;255;255;255m[48;2;94;91;94m▀[0m[38;2;170;175;172m[48;2;0;4;16m▀[0m[38;2;0;4;0m▀         
         [38;2;8;4;0m▀[38;2;52;63;76m[48;2;0;4;0m▀[0m[38;2;60;96;126m[48;2;0;4;0m▀[0m[38;2;60;96;126m[48;2;0;4;0m▀[0m[38;2;60;96;126m[48;2;0;4;0m▀[0m[38;2;0;4;0m▀[38;2;0;4;0m▀      [38;2;0;4;0m[48;2;0;4;0m▀[0m[38;2;94;91;94m[48;2;74;117;189m▀[0m[38;2;189;178;173m[48;2;49;80;126m▀[0m[38;2;189;178;173m[48;2;57;93;123m▀[0m[38;2;94;91;94m[48;2;73;111;195m▀[0m[38;2;0;4;0m[48;2;51;62;85m▀[0m[38;2;16;8;0m▄        
                       [38;2;0;8;0m▀[38;2;74;117;189m[48;2;0;4;0m▀[0m[38;2;73;111;195m[48;2;73;111;195m▀[0m[38;2;73;111;195m[48;2;57;93;123m▀[0m[38;2;51;62;85m[48;2;74;113;189m▀[0m[38;2;87;116;170m[48;2;74;113;189m▀[0m[38;2;0;4;0m[48;2;0;4;0m▀[0m       
                        [38;2;0;4;0m▀[38;2;73;111;195m[48;2;0;4;0m▀[0m[38;2;73;111;195m[48;2;0;4;0m▀[0m[38;2;74;113;189m[48;2;0;4;0m▀[0m[38;2;0;4;0m[48;2;0;4;0m▀[0m[38;2;0;4;0m▀       
[0m
