          [38;2;0;0;0m▄[38;2;0;0;0m[48;2;189;145;65m▀[0m[38;2;0;0;0m▄                    
         [38;2;0;0;0m[48;2;0;0;0m▀[0m[38;2;191;145;63m[48;2;191;145;63m▀[0m[38;2;191;145;63m[48;2;191;145;63m▀[0m[38;2;0;0;0m[48;2;189;145;65m▀[0m[38;2;0;0;0m▄                   
       [38;2;0;0;0m▄[38;2;0;0;0m[48;2;189;145;65m▀[0m[38;2;189;145;65m[48;2;189;145;65m▀[0m[38;2;191;144;63m[48;2;128;98;93m▀[0m[38;2;128;98;93m[48;2;191;144;63m▀[0m[38;2;128;98;93m[48;2;191;144;63m▀[0m[38;2;191;144;63m[48;2;191;144;63m▀[0m[38;2;0;0;0m[48;2;189;145;65m▀[0m[38;2;0;0;0m[48;2;189;145;65m▀[0m[38;2;0;0;0m[48;2;189;145;65m▀[0m[38;2;0;0;0m[48;2;189;145;65m▀[0m[38;2;0;0;0m▄[38;2;0;0;0m▄[38;2;0;0;0m▄[38;2;0;0;0m▄[38;2;0;0;0m▄       [38;2;0;0;0m▄[38;2;0;0;0m▄[38;2;0;0;0m▄
      [38;2;0;0;0m▄[38;2;0;0;0m[48;2;189;145;65m▀[0m[38;2;191;144;63m[48;2;191;144;63m▀[0m[38;2;128;98;93m[48;2;128;98;93m▀[0m[38;2;191;145;63m[48;2;191;145;63m▀[0m[38;2;191;145;63m[48;2;191;145;63m▀[0m[38;2;191;145;63m[48;2;191;145;63m▀[0m[38;2;191;145;63m[48;2;191;145;63m▀[0m[38;2;191;145;63m[48;2;191;145;63m▀[0m[38;2;191;145;63m[48;2;191;145;63m▀[0m[38;2;191;145;63m[48;2;191;145;63m▀[0m[38;2;191;145;63m[48;2;191;145;63m▀[0m[38;2;191;145;63m[48;2;191;145;63m▀[0m[38;2;191;145;63m[48;2;191;145;63m▀[0m[38;2;191;145;63m[48;2;191;145;63m▀[0m[38;2;191;145;63m[48;2;191;145;63m▀[0m[38;2;131;97;71m[48;2;197;145;98m▀[0m[38;2;0;0;16m[48;2;131;97;71m▀[0m[38;2;0;0;0m▄[38;2;0;0;0m▄[38;2;0;0;0m▄[38;2;0;0;0m[48;2;189;145;65m▀[0m[38;2;0;0;0m[48;2;189;145;65m▀[0m[38;2;0;0;0m[48;2;189;145;65m▀[0m[38;2;191;144;63m[48;2;191;144;63m▀[0m[38;2;191;144;63m[48;2;128;98;93m▀[0m[38;2;0;0;0m[48;2;0;0;0m▀[0m
      [38;2;0;0;0m[48;2;0;0;0m▀[0m[38;2;189;145;65m[48;2;189;145;65m▀[0m[38;2;131;101;90m[48;2;131;101;90m▀[0m[38;2;186;147;79m[48;2;213;170;74m▀[0m[38;2;213;169;84m[48;2;213;169;84m▀[0m[38;2;213;169;84m[48;2;213;169;84m▀[0m[38;2;191;145;63m[48;2;211;169;84m▀[0m[38;2;191;145;63m[48;2;211;169;84m▀[0m[38;2;191;145;63m[48;2;211;169;84m▀[0m[38;2;191;145;63m[48;2;191;145;63m▀[0m[38;2;191;145;63m[48;2;211;169;84m▀[0m[38;2;191;145;63m[48;2;191;145;63m▀[0m[38;2;191;145;63m[48;2;191;145;63m▀[0m[38;2;191;145;63m[48;2;191;145;63m▀[0m[38;2;191;145;63m[48;2;191;145;63m▀[0m[38;2;191;145;63m[48;2;191;145;63m▀[0m[38;2;191;144;63m[48;2;128;98;93m▀[0m[38;2;191;144;63m[48;2;191;144;63m▀[0m[38;2;191;145;63m[48;2;191;145;63m▀[0m[38;2;191;145;63m[48;2;191;145;63m▀[0m[38;2;191;145;63m[48;2;191;145;63m▀[0m[38;2;191;145;63m[48;2;191;145;63m▀[0m[38;2;191;145;63m[48;2;191;145;63m▀[0m[38;2;191;145;63m[48;2;191;145;63m▀[0m[38;2;189;145;65m[48;2;0;0;0m▀[0m[38;2;0;0;0m▀ 
      [38;2;0;0;0m▀[38;2;189;145;65m[48;2;0;0;0m▀[0m[38;2;131;99;94m[48;2;131;99;94m▀[0m[38;2;213;170;82m[48;2;213;170;82m▀[0m[38;2;213;169;84m[48;2;213;169;84m▀[0m[38;2;213;169;84m[48;2;213;169;84m▀[0m[38;2;213;169;84m[48;2;213;169;84m▀[0m[38;2;213;169;84m[48;2;213;169;84m▀[0m[38;2;191;145;63m[48;2;211;169;84m▀[0m[38;2;211;169;84m[48;2;191;145;63m▀[0m[38;2;191;145;63m[48;2;211;169;84m▀[0m[38;2;211;169;84m[48;2;191;145;63m▀[0m[38;2;191;144;63m[48;2;191;144;63m▀[0m[38;2;191;144;63m[48;2;128;98;93m▀[0m[38;2;191;144;63m[48;2;128;98;93m▀[0m[38;2;128;98;93m[48;2;191;144;63m▀[0m[38;2;191;145;63m[48;2;191;145;63m▀[0m[38;2;191;145;63m[48;2;191;145;63m▀[0m[38;2;191;145;63m[48;2;191;145;63m▀[0m[38;2;191;145;63m[48;2;191;145;63m▀[0m[38;2;191;145;63m[48;2;191;145;63m▀[0m[38;2;191;145;63m[48;2;191;145;63m▀[0m[38;2;197;145;98m[48;2;131;97;71m▀[0m[38;2;131;97;71m[48;2;0;0;16m▀[0m[38;2;0;0;0m▀  
       [38;2;0;0;0m▀[38;2;142;110;63m[48;2;0;0;8m▀[0m[38;2;213;165;90m[48;2;213;165;90m▀[0m[38;2;213;169;84m[48;2;213;169;84m▀[0m[38;2;213;169;84m[48;2;213;169;84m▀[0m[38;2;213;169;84m[48;2;213;169;84m▀[0m[38;2;213;169;84m[48;2;213;169;84m▀[0m[38;2;211;169;84m[48;2;211;169;84m▀[0m[38;2;211;169;84m[48;2;191;145;63m▀[0m[38;2;139;130;112m[48;2;82;68;49m▀[0m[38;2;82;68;49m[48;2;255;255;238m▀[0m[38;2;65;64;74m[48;2;128;105;71m▀[0m[38;2;191;145;68m[48;2;191;145;68m▀[0m[38;2;191;145;63m[48;2;191;145;63m▀[0m[38;2;191;145;63m[48;2;191;145;63m▀[0m[38;2;191;145;63m[48;2;191;145;63m▀[0m[38;2;191;145;63m[48;2;191;145;63m▀[0m[38;2;191;144;63m[48;2;191;144;63m▀[0m[38;2;191;144;63m[48;2;128;98;93m▀[0m[38;2;197;145;90m[48;2;0;0;8m▀[0m[38;2;131;97;63m[48;2;0;0;8m▀[0m[38;2;0;0;0m▀    
    [38;2;0;0;0m▄[38;2;0;0;0m▄  [38;2;0;0;0m▀[38;2;213;170;82m[48;2;0;0;0m▀[0m[38;2;211;169;84m[48;2;191;145;63m▀[0m[38;2;211;169;84m[48;2;211;169;84m▀[0m[38;2;213;165;82m[48;2;169;138;90m▀[0m[38;2;213;165;82m[48;2;82;85;106m▀[0m[38;2;84;83;84m[48;2;255;250;255m▀[0m[38;2;0;0;0m[48;2;84;83;84m▀[0m[38;2;255;255;255m[48;2;255;255;255m▀[0m[38;2;255;255;255m[48;2;128;101;95m▀[0m[38;2;128;98;93m[48;2;191;144;63m▀[0m[38;2;191;144;63m[48;2;191;144;63m▀[0m[38;2;191;145;68m[48;2;128;105;71m▀[0m[38;2;191;145;68m[48;2;65;64;74m▀[0m[38;2;191;143;74m[48;2;65;64;74m▀[0m[38;2;128;103;74m[48;2;65;64;74m▀[0m[38;2;76;64;65m[48;2;115;97;98m▀[0m[38;2;0;0;0m[48;2;76;64;65m▀[0m[38;2;0;0;0m▄      
   [38;2;0;0;0m[48;2;0;0;0m▀[0m[38;2;255;255;255m[48;2;255;255;255m▀[0m[38;2;255;255;255m[48;2;135;145;148m▀[0m[38;2;0;0;0m[48;2;0;0;0m▀[0m   [38;2;0;0;0m▀[38;2;65;64;65m[48;2;0;0;0m▀[0m[38;2;68;72;82m[48;2;68;72;82m▀[0m[38;2;189;145;65m[48;2;68;72;82m▀[0m[38;2;191;145;65m[48;2;65;64;65m▀[0m[38;2;191;145;65m[48;2;65;64;65m▀[0m[38;2;191;145;65m[48;2;65;64;65m▀[0m[38;2;191;145;65m[48;2;65;64;65m▀[0m[38;2;65;64;65m[48;2;164;190;189m▀[0m[38;2;65;64;65m[48;2;164;190;189m▀[0m[38;2;65;64;65m[48;2;164;190;189m▀[0m[38;2;65;64;65m[48;2;65;64;65m▀[0m[38;2;65;64;65m[48;2;131;99;94m▀[0m[38;2;131;99;94m[48;2;65;64;65m▀[0m[38;2;65;56;57m[48;2;255;246;246m▀[0m[38;2;128;120;120m[48;2;65;56;57m▀[0m[38;2;131;97;71m[48;2;131;97;71m▀[0m[38;2;0;0;16m[48;2;197;145;98m▀[0m[38;2;0;0;0m[48;2;189;145;65m▀[0m[38;2;0;0;0m▄[38;2;0;0;0m▄  
 [38;2;0;0;0m▄[38;2;0;0;0m[48;2;246;242;246m▀[0m[38;2;246;242;246m[48;2;246;242;246m▀[0m[38;2;213;226;222m[48;2;131;148;150m▀[0m[38;2;131;148;150m[48;2;172;187;186m▀[0m[38;2;164;190;189m[48;2;60;63;63m▀[0m[38;2;8;0;0m[48;2;164;190;189m▀[0m[38;2;0;0;0m▄[38;2;0;0;0m▄[38;2;0;0;0m[48;2;131;99;93m▀[0m[38;2;131;99;93m[48;2;131;99;93m▀[0m[38;2;127;99;94m[48;2;0;0;0m▀[0m[38;2;0;0;0m▀[38;2;164;190;189m[48;2;8;0;0m▀[0m[38;2;164;190;189m[48;2;60;63;63m▀[0m[38;2;90;102;106m[48;2;57;60;65m▀[0m[38;2;156;186;189m[48;2;57;60;65m▀[0m[38;2;164;190;189m[48;2;65;64;65m▀[0m[38;2;164;190;189m[48;2;65;64;65m▀[0m[38;2;65;64;65m[48;2;131;99;94m▀[0m[38;2;65;64;65m[48;2;65;64;65m▀[0m[38;2;65;64;65m[48;2;255;255;255m▀[0m[38;2;255;255;255m[48;2;255;255;255m▀[0m[38;2;238;250;255m[48;2;156;143;106m▀[0m[38;2;156;143;106m[48;2;197;196;180m▀[0m[38;2;65;64;65m[48;2;191;145;65m▀[0m[38;2;65;64;65m[48;2;65;64;65m▀[0m[38;2;131;102;68m[48;2;65;55;46m▀[0m[38;2;197;149;90m[48;2;0;8;24m▀[0m[38;2;189;145;65m[48;2;0;0;0m▀[0m[38;2;0;0;0m▀ 
 [38;2;0;0;0m[48;2;0;0;0m▀[0m[38;2;222;222;222m[48;2;222;222;222m▀[0m[38;2;134;144;150m[48;2;134;144;150m▀[0m[38;2;164;190;189m[48;2;164;190;189m▀[0m[38;2;164;190;189m[48;2;0;0;0m▀[0m[38;2;0;0;0m▀[38;2;0;0;0m▀[38;2;180;174;172m[48;2;8;0;0m▀[0m[38;2;123;116;115m[48;2;123;116;115m▀[0m[38;2;131;99;93m[48;2;131;99;93m▀[0m[38;2;0;0;0m[48;2;0;0;0m▀[0m   [38;2;0;0;0m▀[38;2;255;255;255m[48;2;74;80;90m▀[0m[38;2;74;80;90m[48;2;74;80;90m▀[0m[38;2;255;255;255m[48;2;82;89;106m▀[0m[38;2;255;255;255m[48;2;82;89;106m▀[0m[38;2;65;64;65m[48;2;65;64;65m▀[0m[38;2;65;64;65m[48;2;255;255;255m▀[0m[38;2;255;255;255m[48;2;255;255;255m▀[0m[38;2;135;145;148m[48;2;135;145;148m▀[0m[38;2;164;190;189m[48;2;164;190;189m▀[0m[38;2;164;122;79m[48;2;164;122;79m▀[0m[38;2;131;99;94m[48;2;65;64;65m▀[0m[38;2;65;64;65m[48;2;65;64;65m▀[0m[38;2;127;99;94m[48;2;0;0;0m▀[0m[38;2;0;0;0m▀   
[38;2;0;0;0m[48;2;0;0;0m▀[0m[38;2;222;222;222m[48;2;222;222;222m▀[0m[38;2;135;145;148m[48;2;135;145;148m▀[0m[38;2;164;190;189m[48;2;164;190;189m▀[0m[38;2;0;0;0m[48;2;0;0;0m▀[0m    [38;2;0;0;0m▀[38;2;0;0;0m▀ [38;2;0;0;0m▄[38;2;0;0;0m▄[38;2;0;0;0m[48;2;131;99;93m▀[0m[38;2;0;0;0m[48;2;131;99;93m▀[0m[38;2;123;101;98m[48;2;123;101;98m▀[0m[38;2;82;67;65m[48;2;0;0;0m▀[0m[38;2;255;255;255m[48;2;255;255;255m▀[0m[38;2;255;255;255m[48;2;65;64;65m▀[0m[38;2;65;64;65m[48;2;65;64;65m▀[0m[38;2;255;255;255m[48;2;255;255;255m▀[0m[38;2;135;145;148m[48;2;135;145;148m▀[0m[38;2;164;190;189m[48;2;164;190;189m▀[0m[38;2;65;64;65m[48;2;65;64;65m▀[0m[38;2;65;64;65m[48;2;191;145;65m▀[0m[38;2;131;99;94m[48;2;65;64;65m▀[0m[38;2;131;99;94m[48;2;65;64;65m▀[0m[38;2;0;0;0m[48;2;127;99;94m▀[0m[38;2;0;0;0m▄   
[38;2;0;0;0m▀[38;2;222;222;222m[48;2;0;0;0m▀[0m[38;2;142;148;148m[48;2;213;222;222m▀[0m[38;2;0;0;0m[48;2;0;0;0m▀[0m       [38;2;0;0;0m[48;2;0;0;0m▀[0m[38;2;191;145;65m[48;2;191;145;65m▀[0m[38;2;65;64;65m[48;2;191;145;65m▀[0m[38;2;131;105;98m[48;2;65;54;53m▀[0m[38;2;0;4;8m▀[38;2;0;0;0m▀ [38;2;0;0;0m▀[38;2;65;64;65m[48;2;0;0;0m▀[0m[38;2;222;222;222m[48;2;222;222;222m▀[0m[38;2;222;222;222m[48;2;134;144;150m▀[0m[38;2;131;148;148m[48;2;164;190;189m▀[0m[38;2;65;64;65m[48;2;65;64;65m▀[0m[38;2;191;145;63m[48;2;191;145;63m▀[0m[38;2;191;145;63m[48;2;191;145;63m▀[0m[38;2;65;64;65m[48;2;131;99;94m▀[0m[38;2;131;99;94m[48;2;65;64;65m▀[0m[38;2;131;99;93m[48;2;0;0;0m▀[0m[38;2;131;99;93m[48;2;131;99;93m▀[0m[38;2;0;0;0m[48;2;127;99;94m▀[0m[38;2;0;0;0m▄ 
 [38;2;0;0;0m▀[38;2;222;222;222m[48;2;0;0;0m▀[0m[38;2;0;0;0m[48;2;222;222;222m▀[0m[38;2;0;0;0m▄       [38;2;0;0;0m[48;2;0;0;0m▀[0m[38;2;123;101;98m[48;2;82;67;65m▀[0m[38;2;123;101;98m[48;2;82;67;65m▀[0m[38;2;0;0;0m[48;2;123;101;98m▀[0m[38;2;0;0;0m▄  [38;2;0;0;0m[48;2;0;0;0m▀[0m[38;2;222;222;222m[48;2;222;222;222m▀[0m[38;2;148;148;148m[48;2;0;0;0m▀[0m[38;2;0;0;0m▀[38;2;0;0;0m▀[38;2;131;97;71m[48;2;0;0;16m▀[0m[38;2;131;97;71m[48;2;197;145;98m▀[0m[38;2;189;145;65m[48;2;189;145;65m▀[0m[38;2;0;0;0m[48;2;189;145;65m▀[0m[38;2;0;0;0m▄[38;2;0;0;0m▀[38;2;0;0;0m▀[38;2;127;99;94m[48;2;0;0;0m▀[0m[38;2;0;0;0m[48;2;0;0;0m▀[0m
   [38;2;0;0;0m▀[38;2;0;0;0m▀      [38;2;0;0;0m▀[38;2;222;222;222m[48;2;0;0;0m▀[0m[38;2;222;222;222m[48;2;0;0;0m▀[0m[38;2;127;99;94m[48;2;0;0;0m▀[0m[38;2;0;0;0m▀[38;2;0;0;0m▀  [38;2;0;0;0m[48;2;0;0;0m▀[0m[38;2;222;222;222m[48;2;222;222;222m▀[0m[38;2;0;0;0m[48;2;0;0;0m▀[0m [38;2;0;0;0m▄[38;2;0;8;24m[48;2;131;102;68m▀[0m[38;2;197;149;90m[48;2;65;55;46m▀[0m[38;2;191;143;74m[48;2;65;64;74m▀[0m[38;2;65;64;74m[48;2;128;103;74m▀[0m[38;2;131;99;93m[48;2;131;99;93m▀[0m[38;2;0;0;0m[48;2;0;0;0m▀[0m   
                    [38;2;0;0;0m▀ [38;2;0;0;0m▀[38;2;255;255;255m[48;2;0;0;0m▀[0m[38;2;255;255;255m[48;2;0;0;0m▀[0m[38;2;0;0;0m▀[38;2;255;255;255m[48;2;0;0;0m▀[0m[38;2;255;255;255m[48;2;0;0;0m▀[0m[38;2;65;64;65m[48;2;0;0;0m▀[0m[38;2;0;0;0m▀   
[0m
