  [38;2;0;0;0m▄[38;2;0;0;0m[48;2;255;255;255m▀[0m[38;2;0;0;0m▄[38;2;0;0;0m▄[38;2;0;0;0m[48;2;255;255;255m▀[0m[38;2;0;0;0m[48;2;0;0;0m▀[0m         
 [38;2;0;0;0m▄[38;2;0;0;0m[48;2;255;255;255m▀[0m[38;2;255;255;255m[48;2;132;132;156m▀[0m[38;2;65;65;65m[48;2;255;255;255m▀[0m[38;2;255;255;255m[48;2;255;255;255m▀[0m[38;2;255;255;255m[48;2;255;255;255m▀[0m[38;2;0;0;0m[48;2;65;65;65m▀[0m[38;2;0;0;0m▄[38;2;0;0;0m[48;2;255;255;255m▀[0m[38;2;0;0;0m[48;2;255;255;255m▀[0m[38;2;0;0;0m[48;2;0;0;0m▀[0m     
[38;2;0;0;0m▄[38;2;0;0;0m[48;2;181;181;181m▀[0m[38;2;255;255;255m[48;2;255;255;255m▀[0m[38;2;255;255;255m[48;2;255;255;255m▀[0m[38;2;255;255;255m[48;2;222;222;222m▀[0m[38;2;255;255;255m[48;2;181;181;181m▀[0m[38;2;255;255;255m[48;2;255;255;255m▀[0m[38;2;65;65;65m[48;2;255;255;255m▀[0m[38;2;255;255;255m[48;2;255;255;255m▀[0m[38;2;255;255;255m[48;2;255;255;255m▀[0m[38;2;255;255;255m[48;2;181;181;181m▀[0m[38;2;0;0;0m[48;2;0;0;0m▀[0m     
[38;2;0;0;0m[48;2;0;0;0m▀[0m[38;2;0;0;0m[48;2;255;255;255m▀[0m[38;2;255;255;255m[48;2;255;255;255m▀[0m[38;2;255;255;255m[48;2;255;255;255m▀[0m[38;2;255;255;255m[48;2;181;181;181m▀[0m[38;2;255;255;255m[48;2;255;255;255m▀[0m[38;2;255;255;255m[48;2;255;255;255m▀[0m[38;2;255;255;255m[48;2;255;255;255m▀[0m[38;2;255;255;255m[48;2;255;255;255m▀[0m[38;2;255;255;255m[48;2;181;181;181m▀[0m[38;2;0;0;0m[48;2;0;0;0m▀[0m [38;2;0;0;0m▄[38;2;0;0;0m[48;2;255;255;255m▀[0m[38;2;0;0;0m[48;2;255;255;255m▀[0m[38;2;0;0;0m[48;2;222;222;222m▀[0m[38;2;0;0;0m▄
[38;2;0;0;0m▀[38;2;255;255;255m[48;2;0;0;0m▀[0m[38;2;255;255;255m[48;2;255;255;255m▀[0m[38;2;255;255;255m[48;2;255;255;255m▀[0m[38;2;0;0;0m[48;2;255;255;255m▀[0m[38;2;255;255;255m[48;2;255;255;255m▀[0m[38;2;255;255;255m[48;2;255;255;255m▀[0m[38;2;255;255;255m[48;2;181;181;181m▀[0m[38;2;222;222;222m[48;2;65;65;65m▀[0m[38;2;0;0;0m[48;2;0;0;0m▀[0m [38;2;0;0;0m[48;2;0;0;0m▀[0m[38;2;255;255;255m[48;2;255;255;255m▀[0m[38;2;255;255;255m[48;2;132;132;156m▀[0m[38;2;222;222;222m[48;2;181;181;181m▀[0m[38;2;222;222;222m[48;2;0;0;0m▀[0m[38;2;0;0;0m▀
  [38;2;0;0;0m▀[38;2;0;0;0m▀[38;2;255;82;148m[48;2;0;0;0m▀[0m[38;2;181;181;181m[48;2;65;65;65m▀[0m[38;2;132;132;156m[48;2;65;65;65m▀[0m[38;2;132;132;156m[48;2;181;181;181m▀[0m[38;2;222;222;222m[48;2;222;222;222m▀[0m[38;2;0;0;0m[48;2;222;222;222m▀[0m[38;2;0;0;0m[48;2;132;132;156m▀[0m[38;2;255;255;255m[48;2;65;65;65m▀[0m[38;2;65;65;65m[48;2;132;132;156m▀[0m[38;2;181;181;181m[48;2;0;0;0m▀[0m[38;2;0;0;0m▀  
    [38;2;0;0;0m▀[38;2;222;222;222m[48;2;0;0;0m▀[0m[38;2;65;65;65m[48;2;0;0;0m▀[0m[38;2;222;222;222m[48;2;222;222;222m▀[0m[38;2;222;222;222m[48;2;222;222;222m▀[0m[38;2;65;65;65m[48;2;65;65;65m▀[0m[38;2;65;65;65m[48;2;255;255;255m▀[0m[38;2;222;222;222m[48;2;65;65;65m▀[0m[38;2;181;181;181m[48;2;222;222;222m▀[0m[38;2;0;0;0m[48;2;181;181;181m▀[0m[38;2;0;0;0m▄  
      [38;2;0;0;0m[48;2;0;0;0m▀[0m[38;2;206;49;25m[48;2;222;222;222m▀[0m[38;2;230;74;41m[48;2;230;74;41m▀[0m[38;2;222;222;222m[48;2;222;222;222m▀[0m[38;2;132;132;156m[48;2;222;222;222m▀[0m[38;2;132;132;156m[48;2;181;181;181m▀[0m[38;2;181;181;181m[48;2;58;132;247m▀[0m[38;2;181;181;181m[48;2;58;132;247m▀[0m[38;2;0;0;0m[48;2;0;0;0m▀[0m  
       [38;2;0;0;0m▀[38;2;132;132;156m[48;2;0;0;0m▀[0m[38;2;181;181;181m[48;2;65;65;65m▀[0m[38;2;181;181;181m[48;2;0;0;0m▀[0m[38;2;58;132;247m[48;2;0;0;0m▀[0m[38;2;181;181;181m[48;2;132;132;156m▀[0m[38;2;0;0;0m[48;2;0;0;0m▀[0m   
        [38;2;0;0;0m▀[38;2;132;132;156m[48;2;0;0;0m▀[0m[38;2;0;0;0m▀ [38;2;0;0;0m[48;2;0;0;0m▀[0m[38;2;181;181;181m[48;2;181;181;181m▀[0m[38;2;0;0;0m[48;2;0;0;0m▀[0m  
             [38;2;0;0;0m▀   
[0m
