         [38;2;0;0;0m▄[38;2;0;0;0m[48;2;172;178;189m▀[0m[38;2;0;0;0m▄                  
         [38;2;0;0;0m[48;2;0;0;0m▀[0m[38;2;172;178;189m[48;2;175;180;191m▀[0m[38;2;0;0;0m[48;2;65;64;65m▀[0m[38;2;0;16;16m▄[38;2;0;0;0m[48;2;230;93;106m▀[0m[38;2;0;0;0m▄               
         [38;2;0;0;0m[48;2;0;0;0m▀[0m[38;2;65;64;65m[48;2;230;89;98m▀[0m[38;2;65;64;65m[48;2;65;64;65m▀[0m[38;2;76;41;46m[48;2;230;89;101m▀[0m[38;2;230;93;106m[48;2;230;89;101m▀[0m[38;2;0;0;0m[48;2;0;0;0m▀[0m    [38;2;0;0;0m▄[38;2;0;0;0m▄    [38;2;0;0;0m▄[38;2;0;0;0m[48;2;176;180;193m▀[0m[38;2;0;0;0m[48;2;176;180;193m▀[0m[38;2;0;0;0m[48;2;60;60;63m▀[0m[38;2;0;0;0m▄
        [38;2;0;0;0m[48;2;0;0;0m▀[0m[38;2;230;89;98m[48;2;230;89;98m▀[0m[38;2;230;89;98m[48;2;156;64;65m▀[0m[38;2;65;64;65m[48;2;230;89;98m▀[0m[38;2;230;89;101m[48;2;230;89;101m▀[0m[38;2;230;89;101m[48;2;230;89;101m▀[0m[38;2;65;64;65m[48;2;238;85;90m▀[0m[38;2;0;0;0m[48;2;65;60;57m▀[0m[38;2;0;0;0m▄[38;2;0;0;0m[48;2;230;89;98m▀[0m[38;2;0;0;0m[48;2;230;89;98m▀[0m[38;2;230;89;98m[48;2;230;89;98m▀[0m[38;2;230;89;98m[48;2;0;0;0m▀[0m[38;2;0;0;0m▀[38;2;0;0;0m▄[38;2;0;0;0m▄[38;2;0;0;0m[48;2;176;180;193m▀[0m[38;2;172;178;189m[48;2;176;180;193m▀[0m[38;2;176;180;193m[48;2;123;129;139m▀[0m[38;2;123;129;139m[48;2;176;180;193m▀[0m[38;2;180;182;189m[48;2;172;178;189m▀[0m[38;2;0;0;0m[48;2;0;0;0m▀[0m
        [38;2;0;0;0m[48;2;0;0;0m▀[0m[38;2;230;89;98m[48;2;230;89;98m▀[0m[38;2;156;64;65m[48;2;230;89;101m▀[0m[38;2;230;89;98m[48;2;230;89;101m▀[0m[38;2;230;89;101m[48;2;230;89;101m▀[0m[38;2;230;89;101m[48;2;230;89;101m▀[0m[38;2;152;72;74m[48;2;230;89;101m▀[0m[38;2;152;72;74m[48;2;230;89;101m▀[0m[38;2;230;89;98m[48;2;230;89;98m▀[0m[38;2;230;89;98m[48;2;230;89;98m▀[0m[38;2;230;89;98m[48;2;0;0;0m▀[0m[38;2;0;0;0m▀[38;2;0;0;0m▄[38;2;0;0;0m[48;2;230;89;98m▀[0m[38;2;230;93;98m[48;2;205;64;74m▀[0m[38;2;153;62;65m[48;2;172;82;90m▀[0m[38;2;176;180;193m[48;2;123;129;139m▀[0m[38;2;123;129;139m[48;2;176;180;193m▀[0m[38;2;123;129;139m[48;2;123;129;139m▀[0m[38;2;176;180;193m[48;2;176;180;193m▀[0m[38;2;0;0;0m[48;2;0;0;0m▀[0m 
       [38;2;0;0;0m[48;2;0;0;0m▀[0m[38;2;230;89;98m[48;2;230;89;101m▀[0m[38;2;230;89;98m[48;2;230;89;101m▀[0m[38;2;230;89;101m[48;2;230;89;101m▀[0m[38;2;230;89;101m[48;2;230;89;101m▀[0m[38;2;230;89;101m[48;2;230;89;101m▀[0m[38;2;230;89;101m[48;2;230;89;101m▀[0m[38;2;230;89;101m[48;2;230;89;98m▀[0m[38;2;230;89;101m[48;2;230;89;98m▀[0m[38;2;230;89;98m[48;2;148;72;74m▀[0m[38;2;156;64;65m[48;2;0;8;8m▀[0m[38;2;0;0;0m▀[38;2;0;0;0m▄[38;2;0;0;0m[48;2;230;89;98m▀[0m[38;2;230;89;98m[48;2;230;89;98m▀[0m[38;2;172;82;90m[48;2;139;68;65m▀[0m[38;2;106;117;123m[48;2;167;182;191m▀[0m[38;2;123;129;139m[48;2;123;129;139m▀[0m[38;2;176;180;193m[48;2;176;180;193m▀[0m[38;2;123;129;139m[48;2;120;124;131m▀[0m[38;2;176;180;193m[48;2;0;0;0m▀[0m[38;2;0;0;0m▀ 
       [38;2;0;0;0m[48;2;0;0;0m▀[0m[38;2;230;89;101m[48;2;230;89;98m▀[0m[38;2;230;89;101m[48;2;230;89;98m▀[0m[38;2;230;89;101m[48;2;230;89;98m▀[0m[38;2;230;89;101m[48;2;230;89;98m▀[0m[38;2;230;89;101m[48;2;164;110;60m▀[0m[38;2;230;89;101m[48;2;82;55;38m▀[0m[38;2;82;67;60m[48;2;246;190;74m▀[0m[38;2;82;67;60m[48;2;255;255;255m▀[0m[38;2;148;72;74m[48;2;82;68;61m▀[0m[38;2;98;51;52m[48;2;156;64;65m▀[0m[38;2;0;0;0m[48;2;65;64;65m▀[0m[38;2;156;64;65m[48;2;156;64;65m▀[0m[38;2;230;89;98m[48;2;156;64;65m▀[0m[38;2;156;64;65m[48;2;156;64;65m▀[0m[38;2;167;182;191m[48;2;172;178;189m▀[0m[38;2;153;125;128m[48;2;123;129;135m▀[0m[38;2;176;180;193m[48;2;180;186;197m▀[0m[38;2;123;129;139m[48;2;120;124;131m▀[0m[38;2;180;186;197m[48;2;0;0;0m▀[0m[38;2;0;0;0m▀  
       [38;2;0;0;0m▄[38;2;0;0;0m[48;2;65;64;65m▀[0m[38;2;230;89;98m[48;2;230;85;98m▀[0m[38;2;230;89;98m[48;2;156;64;65m▀[0m[38;2;82;67;60m[48;2;156;64;65m▀[0m[38;2;246;165;82m[48;2;139;86;68m▀[0m[38;2;0;0;16m[48;2;255;178;74m▀[0m[38;2;246;190;74m[48;2;255;255;255m▀[0m[38;2;255;255;255m[48;2;74;64;65m▀[0m[38;2;82;68;61m[48;2;156;64;65m▀[0m[38;2;156;64;65m[48;2;65;64;65m▀[0m[38;2;65;64;65m[48;2;156;64;65m▀[0m[38;2;156;64;65m[48;2;156;64;65m▀[0m[38;2;156;64;65m[48;2;175;180;191m▀[0m[38;2;123;129;137m[48;2;175;180;191m▀[0m[38;2;123;129;135m[48;2;123;129;139m▀[0m[38;2;123;129;135m[48;2;0;0;0m▀[0m[38;2;0;0;0m▀[38;2;0;0;0m▀    
      [38;2;0;0;0m▀[38;2;156;64;65m[48;2;0;0;0m▀[0m[38;2;148;74;82m[48;2;156;64;65m▀[0m[38;2;65;64;65m[48;2;65;64;65m▀[0m[38;2;65;64;65m[48;2;230;89;98m▀[0m[38;2;156;64;65m[48;2;74;76;90m▀[0m[38;2;139;86;68m[48;2;65;64;65m▀[0m[38;2;82;40;65m[48;2;84;84;115m▀[0m[38;2;74;64;65m[48;2;74;76;90m▀[0m[38;2;74;64;65m[48;2;230;89;98m▀[0m[38;2;65;64;65m[48;2;65;64;65m▀[0m[38;2;65;64;65m[48;2;230;89;98m▀[0m[38;2;65;64;65m[48;2;230;89;98m▀[0m[38;2;65;64;65m[48;2;65;64;65m▀[0m[38;2;175;180;191m[48;2;65;64;65m▀[0m[38;2;65;64;65m[48;2;175;183;191m▀[0m[38;2;0;0;0m[48;2;0;0;0m▀[0m       
   [38;2;0;0;0m▄[38;2;0;0;0m▄[38;2;0;0;0m▄[38;2;0;0;0m▄[38;2;0;0;0m▀[38;2;156;64;65m[48;2;0;12;8m▀[0m[38;2;65;64;65m[48;2;156;72;74m▀[0m[38;2;230;89;98m[48;2;65;64;65m▀[0m[38;2;74;76;90m[48;2;156;64;65m▀[0m[38;2;84;84;115m[48;2;82;80;106m▀[0m[38;2;84;84;115m[48;2;230;80;90m▀[0m[38;2;230;89;98m[48;2;156;64;65m▀[0m[38;2;74;76;90m[48;2;156;64;65m▀[0m[38;2;230;89;98m[48;2;0;0;0m▀[0m[38;2;230;89;98m[48;2;230;89;98m▀[0m[38;2;230;89;98m[48;2;230;93;106m▀[0m[38;2;230;89;98m[48;2;76;41;46m▀[0m[38;2;65;64;65m[48;2;175;182;191m▀[0m[38;2;120;124;128m[48;2;175;182;191m▀[0m[38;2;123;129;139m[48;2;172;178;189m▀[0m[38;2;0;0;0m[48;2;0;0;0m▀[0m      
 [38;2;0;0;0m▄[38;2;0;0;0m[48;2;156;64;65m▀[0m[38;2;156;64;65m[48;2;156;64;65m▀[0m[38;2;156;64;65m[48;2;156;64;65m▀[0m[38;2;156;64;65m[48;2;156;64;65m▀[0m[38;2;156;64;65m[48;2;90;72;106m▀[0m[38;2;0;0;0m[48;2;145;107;93m▀[0m[38;2;156;72;74m[48;2;65;64;65m▀[0m[38;2;78;42;41m[48;2;156;64;65m▀[0m[38;2;65;64;65m[48;2;156;64;65m▀[0m[38;2;65;64;65m[48;2;156;64;65m▀[0m[38;2;82;80;106m[48;2;65;64;65m▀[0m[38;2;156;80;98m[48;2;65;64;65m▀[0m[38;2;156;64;65m[48;2;65;64;65m▀[0m[38;2;0;0;0m[48;2;84;84;115m▀[0m[38;2;0;0;0m▄[38;2;0;0;0m▀[38;2;0;16;16m▀[38;2;153;67;76m[48;2;0;0;0m▀[0m[38;2;65;68;65m[48;2;156;64;65m▀[0m[38;2;120;125;128m[48;2;65;64;65m▀[0m[38;2;0;0;0m[48;2;76;41;46m▀[0m[38;2;0;16;16m▄[38;2;0;0;0m▄     
[38;2;0;0;0m[48;2;0;0;0m▀[0m[38;2;156;64;65m[48;2;156;64;65m▀[0m[38;2;230;89;98m[48;2;156;64;65m▀[0m[38;2;156;64;65m[48;2;156;64;65m▀[0m[38;2;156;64;65m[48;2;156;64;65m▀[0m[38;2;84;83;115m[48;2;156;64;65m▀[0m[38;2;255;178;65m[48;2;74;76;90m▀[0m[38;2;90;72;106m[48;2;156;64;65m▀[0m[38;2;156;64;65m[48;2;65;64;65m▀[0m[38;2;65;64;65m[48;2;156;64;65m▀[0m[38;2;156;64;65m[48;2;60;60;76m▀[0m[38;2;65;64;65m[48;2;90;89;115m▀[0m[38;2;230;89;98m[48;2;230;89;98m▀[0m[38;2;230;89;98m[48;2;82;85;115m▀[0m[38;2;84;84;115m[48;2;82;85;115m▀[0m[38;2;84;84;115m[48;2;230;89;98m▀[0m[38;2;230;89;98m[48;2;65;64;65m▀[0m[38;2;0;0;0m[48;2;230;89;98m▀[0m[38;2;0;0;0m[48;2;230;89;101m▀[0m[38;2;65;64;65m[48;2;230;89;101m▀[0m[38;2;65;64;65m[48;2;65;64;65m▀[0m[38;2;65;64;65m[48;2;246;105;123m▀[0m[38;2;230;93;106m[48;2;255;125;139m▀[0m[38;2;230;93;106m[48;2;230;89;102m▀[0m[38;2;86;85;115m[48;2;90;76;115m▀[0m[38;2;0;0;0m[48;2;255;161;82m▀[0m[38;2;0;0;0m▄   
[38;2;0;0;0m▀[38;2;156;64;65m[48;2;0;0;0m▀[0m[38;2;156;64;65m[48;2;139;72;74m▀[0m[38;2;156;64;65m[48;2;93;49;49m▀[0m[38;2;156;64;65m[48;2;65;64;65m▀[0m[38;2;156;64;65m[48;2;65;64;65m▀[0m[38;2;74;76;90m[48;2;148;80;82m▀[0m[38;2;156;64;65m[48;2;74;48;49m▀[0m[38;2;65;64;65m[48;2;156;64;65m▀[0m[38;2;156;64;65m[48;2;0;0;0m▀[0m[38;2;0;4;0m▀[38;2;90;89;115m[48;2;0;0;0m▀[0m[38;2;82;85;115m[48;2;106;64;82m▀[0m[38;2;82;85;115m[48;2;106;64;82m▀[0m[38;2;82;85;115m[48;2;230;89;98m▀[0m[38;2;230;89;98m[48;2;230;89;98m▀[0m[38;2;65;64;65m[48;2;0;0;0m▀[0m[38;2;230;89;98m[48;2;156;64;65m▀[0m[38;2;230;89;101m[48;2;230;85;98m▀[0m[38;2;230;89;101m[48;2;65;64;65m▀[0m[38;2;65;64;65m[48;2;230;89;102m▀[0m[38;2;246;105;123m[48;2;255;125;139m▀[0m[38;2;255;125;139m[48;2;230;89;101m▀[0m[38;2;230;89;102m[48;2;230;89;101m▀[0m[38;2;200;133;93m[48;2;230;89;101m▀[0m[38;2;90;76;115m[48;2;230;89;101m▀[0m[38;2;0;0;0m[48;2;230;89;98m▀[0m[38;2;0;0;0m▄  
  [38;2;0;4;0m▀[38;2;0;4;0m▀[38;2;156;64;65m[48;2;0;0;0m▀[0m[38;2;156;64;65m[48;2;0;0;0m▀[0m[38;2;0;16;16m▀[38;2;74;48;49m[48;2;0;0;0m▀[0m[38;2;156;64;65m[48;2;156;64;65m▀[0m[38;2;156;64;65m[48;2;156;64;65m▀[0m[38;2;0;0;0m[48;2;0;0;0m▀[0m [38;2;0;20;32m▀[38;2;213;109;131m[48;2;0;0;0m▀[0m[38;2;230;89;98m[48;2;0;0;0m▀[0m[38;2;0;0;0m▀ [38;2;0;0;0m[48;2;0;0;0m▀[0m[38;2;148;74;82m[48;2;152;72;74m▀[0m[38;2;65;64;65m[48;2;152;72;74m▀[0m[38;2;230;89;102m[48;2;65;64;65m▀[0m[38;2;230;89;102m[48;2;230;89;98m▀[0m[38;2;230;89;101m[48;2;230;89;101m▀[0m[38;2;230;89;101m[48;2;230;89;101m▀[0m[38;2;230;89;101m[48;2;230;89;98m▀[0m[38;2;230;89;101m[48;2;65;64;65m▀[0m[38;2;230;89;98m[48;2;156;64;65m▀[0m[38;2;0;0;0m[48;2;0;0;0m▀[0m  
       [38;2;0;0;0m[48;2;0;0;0m▀[0m[38;2;156;64;65m[48;2;156;64;65m▀[0m[38;2;156;64;65m[48;2;156;64;65m▀[0m[38;2;156;64;65m[48;2;106;85;90m▀[0m[38;2;0;0;0m[48;2;197;170;180m▀[0m[38;2;0;0;0m▄   [38;2;0;0;0m[48;2;0;0;0m▀[0m[38;2;230;89;98m[48;2;230;89;98m▀[0m[38;2;65;60;57m[48;2;230;89;101m▀[0m[38;2;238;85;90m[48;2;230;89;101m▀[0m[38;2;65;64;65m[48;2;65;64;65m▀[0m[38;2;230;89;98m[48;2;65;64;65m▀[0m[38;2;230;89;101m[48;2;230;93;106m▀[0m[38;2;230;89;101m[48;2;230;93;106m▀[0m[38;2;230;89;98m[48;2;65;64;65m▀[0m[38;2;65;64;65m[48;2;65;64;65m▀[0m[38;2;156;64;65m[48;2;156;64;65m▀[0m[38;2;0;0;0m[48;2;0;0;0m▀[0m  
      [38;2;0;0;0m▀[38;2;172;178;189m[48;2;0;0;0m▀[0m[38;2;65;64;65m[48;2;0;0;0m▀[0m[38;2;156;64;65m[48;2;0;0;0m▀[0m[38;2;16;0;0m▀[38;2;16;0;0m▀    [38;2;0;0;0m[48;2;0;0;0m▀[0m[38;2;230;89;98m[48;2;230;89;98m▀[0m[38;2;230;89;101m[48;2;230;89;98m▀[0m[38;2;230;89;101m[48;2;230;89;98m▀[0m[38;2;230;89;98m[48;2;230;89;98m▀[0m[38;2;65;64;65m[48;2;0;0;0m▀[0m[38;2;0;16;16m▀[38;2;76;41;46m[48;2;0;0;0m▀[0m[38;2;65;64;65m[48;2;0;0;0m▀[0m[38;2;156;64;65m[48;2;0;0;0m▀[0m[38;2;0;0;0m▀   
                 [38;2;0;0;0m[48;2;0;0;0m▀[0m[38;2;156;64;65m[48;2;255;255;255m▀[0m[38;2;156;64;65m[48;2;255;255;255m▀[0m[38;2;230;89;98m[48;2;0;0;0m▀[0m[38;2;0;0;0m▀        
                  [38;2;0;0;0m▀[38;2;0;0;0m▀          
[0m
