 [38;2;0;4;0m▄[38;2;0;4;0m[48;2;255;255;255m▀[0m[38;2;0;4;0m▄ [38;2;0;4;0m▄        [38;2;0;4;0m▄    [38;2;0;4;0m▄[38;2;0;4;0m▄     
 [38;2;0;4;0m[48;2;0;4;0m▀[0m[38;2;255;255;255m[48;2;255;255;255m▀[0m[38;2;255;251;255m[48;2;255;251;255m▀[0m[38;2;0;0;0m[48;2;127;125;127m▀[0m[38;2;198;195;189m[48;2;198;195;189m▀[0m[38;2;0;4;0m[48;2;0;4;0m▀[0m      [38;2;0;4;0m[48;2;0;4;0m▀[0m[38;2;255;255;255m[48;2;255;255;255m▀[0m[38;2;0;4;0m[48;2;255;255;255m▀[0m[38;2;0;4;0m▄[38;2;0;4;0m[48;2;255;255;255m▀[0m[38;2;0;4;0m[48;2;255;255;255m▀[0m[38;2;255;255;255m[48;2;255;255;255m▀[0m[38;2;255;255;255m[48;2;0;4;0m▀[0m[38;2;0;4;0m▀    
 [38;2;0;4;0m▀[38;2;255;255;255m[48;2;0;4;0m▀[0m[38;2;255;255;255m[48;2;255;255;255m▀[0m[38;2;117;117;117m[48;2;255;255;255m▀[0m[38;2;198;195;189m[48;2;198;195;189m▀[0m[38;2;0;4;0m[48;2;0;4;0m▀[0m     [38;2;0;4;0m[48;2;0;4;0m▀[0m[38;2;255;255;255m[48;2;255;255;255m▀[0m[38;2;255;255;255m[48;2;255;255;255m▀[0m[38;2;255;255;255m[48;2;255;255;255m▀[0m[38;2;255;255;255m[48;2;255;255;255m▀[0m[38;2;255;255;255m[48;2;255;255;255m▀[0m[38;2;255;255;255m[48;2;0;4;0m▀[0m[38;2;0;4;0m▀      
  [38;2;0;4;0m▀[38;2;255;255;255m[48;2;0;4;0m▀[0m[38;2;255;255;255m[48;2;255;255;255m▀[0m[38;2;255;255;255m[48;2;255;255;255m▀[0m[38;2;0;4;0m[48;2;255;255;255m▀[0m[38;2;0;4;0m▄[38;2;0;4;0m▄[38;2;0;4;0m[48;2;239;81;49m▀[0m[38;2;0;4;0m[48;2;239;81;49m▀[0m[38;2;0;0;0m[48;2;85;83;85m▀[0m[38;2;255;251;255m[48;2;255;251;255m▀[0m[38;2;255;255;255m[48;2;255;255;255m▀[0m[38;2;255;255;255m[48;2;255;255;255m▀[0m[38;2;255;255;255m[48;2;255;255;255m▀[0m[38;2;255;255;255m[48;2;255;255;255m▀[0m[38;2;255;255;255m[48;2;0;4;0m▀[0m[38;2;255;255;255m[48;2;0;4;0m▀[0m[38;2;0;4;0m▀      
   [38;2;0;4;0m▀[38;2;255;255;255m[48;2;0;4;0m▀[0m[38;2;255;255;255m[48;2;255;255;255m▀[0m[38;2;255;255;255m[48;2;255;255;255m▀[0m[38;2;90;52;49m[48;2;255;243;231m▀[0m[38;2;145;115;109m[48;2;90;52;49m▀[0m[38;2;145;115;109m[48;2;90;52;49m▀[0m[38;2;90;52;49m[48;2;255;243;231m▀[0m[38;2;255;255;255m[48;2;255;255;255m▀[0m[38;2;255;255;255m[48;2;255;255;255m▀[0m[38;2;255;255;255m[48;2;255;255;255m▀[0m[38;2;255;255;255m[48;2;66;65;66m▀[0m[38;2;82;36;35m[48;2;247;77;57m▀[0m[38;2;0;16;24m[48;2;164;56;46m▀[0m[38;2;0;4;0m▄        
   [38;2;0;4;0m▄[38;2;0;4;0m[48;2;198;195;189m▀[0m[38;2;255;255;255m[48;2;66;65;66m▀[0m[38;2;255;255;255m[48;2;255;255;255m▀[0m[38;2;255;255;255m[48;2;255;255;255m▀[0m[38;2;255;255;255m[48;2;255;255;255m▀[0m[38;2;255;255;255m[48;2;66;65;66m▀[0m[38;2;255;255;255m[48;2;66;65;66m▀[0m[38;2;255;255;255m[48;2;66;65;66m▀[0m[38;2;255;255;255m[48;2;255;255;255m▀[0m[38;2;123;52;57m[48;2;255;255;255m▀[0m[38;2;123;52;57m[48;2;255;255;255m▀[0m[38;2;181;44;49m[48;2;247;255;255m▀[0m[38;2;225;184;186m[48;2;247;255;255m▀[0m[38;2;198;195;189m[48;2;198;195;189m▀[0m[38;2;0;4;0m[48;2;198;195;189m▀[0m[38;2;0;4;0m▄      
   [38;2;0;4;0m[48;2;0;4;0m▀[0m[38;2;198;195;189m[48;2;198;195;189m▀[0m[38;2;8;0;0m[48;2;8;0;0m▀[0m[38;2;255;247;231m[48;2;131;123;115m▀[0m[38;2;255;251;239m[48;2;134;123;112m▀[0m[38;2;74;60;49m[48;2;74;60;49m▀[0m[38;2;0;4;0m[48;2;255;255;255m▀[0m[38;2;255;255;255m[48;2;0;4;0m▀[0m[38;2;66;65;66m[48;2;255;255;255m▀[0m[38;2;66;65;66m[48;2;66;65;66m▀[0m[38;2;255;255;255m[48;2;66;65;66m▀[0m[38;2;255;255;255m[48;2;255;255;255m▀[0m[38;2;255;255;255m[48;2;255;255;255m▀[0m[38;2;200;195;189m[48;2;255;255;255m▀[0m[38;2;198;195;189m[48;2;198;195;189m▀[0m[38;2;0;4;0m[48;2;198;195;189m▀[0m[38;2;0;4;0m▄      
   [38;2;0;4;0m▄[38;2;0;4;0m[48;2;247;219;107m▀[0m[38;2;247;219;107m[48;2;247;219;107m▀[0m[38;2;247;219;107m[48;2;159;110;63m▀[0m[38;2;255;215;99m[48;2;165;109;57m▀[0m[38;2;165;109;57m[48;2;225;179;85m▀[0m[38;2;0;0;0m[48;2;82;83;82m▀[0m[38;2;0;0;0m[48;2;247;251;247m▀[0m[38;2;255;255;255m[48;2;66;65;66m▀[0m[38;2;66;65;66m[48;2;66;65;66m▀[0m[38;2;66;65;66m[48;2;255;255;255m▀[0m[38;2;255;255;255m[48;2;255;255;255m▀[0m[38;2;255;255;255m[48;2;200;195;189m▀[0m[38;2;255;255;255m[48;2;200;195;189m▀[0m[38;2;247;251;247m[48;2;82;83;82m▀[0m[38;2;0;0;0m[48;2;0;0;0m▀[0m       
  [38;2;0;4;0m▄[38;2;0;4;0m▄[38;2;0;4;0m[48;2;198;195;189m▀[0m[38;2;66;65;66m[48;2;214;186;123m▀[0m[38;2;214;186;123m[48;2;66;65;66m▀[0m[38;2;168;162;135m[48;2;82;69;49m▀[0m[38;2;82;69;49m[48;2;255;255;222m▀[0m[38;2;123;125;123m[48;2;255;255;255m▀[0m[38;2;57;60;57m[48;2;255;255;255m▀[0m[38;2;66;65;66m[48;2;255;255;255m▀[0m[38;2;255;255;255m[48;2;255;255;255m▀[0m[38;2;255;255;255m[48;2;255;255;255m▀[0m[38;2;66;65;66m[48;2;255;255;255m▀[0m[38;2;222;178;173m[48;2;82;48;49m▀[0m[38;2;82;48;49m[48;2;128;91;90m▀[0m[38;2;0;4;0m[48;2;0;4;0m▀[0m        
[38;2;0;4;0m▄[38;2;0;4;0m[48;2;189;44;49m▀[0m[38;2;189;44;49m[48;2;189;44;49m▀[0m[38;2;186;43;44m[48;2;186;43;44m▀[0m[38;2;66;65;66m[48;2;66;65;66m▀[0m[38;2;200;195;189m[48;2;200;195;189m▀[0m[38;2;200;195;189m[48;2;200;195;189m▀[0m[38;2;200;195;189m[48;2;200;195;189m▀[0m[38;2;255;255;255m[48;2;200;195;189m▀[0m[38;2;255;255;255m[48;2;255;255;255m▀[0m[38;2;255;255;255m[48;2;255;255;255m▀[0m[38;2;255;255;255m[48;2;255;255;255m▀[0m[38;2;200;195;189m[48;2;255;255;255m▀[0m[38;2;66;65;66m[48;2;66;65;66m▀[0m[38;2;66;65;66m[48;2;186;43;44m▀[0m[38;2;189;43;49m[48;2;189;43;49m▀[0m[38;2;189;43;49m[48;2;239;81;49m▀[0m[38;2;239;81;49m[48;2;239;81;49m▀[0m[38;2;0;4;0m[48;2;239;81;49m▀[0m[38;2;0;4;0m▄      
 [38;2;0;4;0m▀[38;2;0;4;0m▀[38;2;66;67;63m[48;2;0;4;0m▀[0m[38;2;198;195;189m[48;2;198;195;189m▀[0m[38;2;198;195;189m[48;2;66;65;66m▀[0m[38;2;198;195;189m[48;2;198;195;189m▀[0m[38;2;200;195;189m[48;2;200;195;189m▀[0m[38;2;200;195;189m[48;2;200;195;189m▀[0m[38;2;200;195;189m[48;2;200;195;189m▀[0m[38;2;255;255;255m[48;2;200;195;189m▀[0m[38;2;66;65;66m[48;2;198;195;189m▀[0m[38;2;198;195;189m[48;2;66;65;66m▀[0m[38;2;239;178;156m[48;2;85;59;52m▀[0m[38;2;85;59;52m[48;2;162;118;104m▀[0m[38;2;239;81;49m[48;2;189;43;49m▀[0m[38;2;239;81;49m[48;2;239;81;49m▀[0m[38;2;239;79;46m[48;2;239;79;46m▀[0m[38;2;239;79;46m[48;2;239;79;46m▀[0m[38;2;0;4;0m[48;2;239;81;49m▀[0m[38;2;0;4;0m▄[38;2;0;4;0m▄    
    [38;2;0;4;0m▀[38;2;66;67;63m[48;2;0;4;0m▀[0m[38;2;198;195;189m[48;2;66;67;63m▀[0m[38;2;198;195;189m[48;2;198;195;189m▀[0m[38;2;198;195;189m[48;2;66;65;66m▀[0m[38;2;85;59;52m[48;2;162;118;104m▀[0m[38;2;239;178;156m[48;2;85;59;52m▀[0m[38;2;198;195;189m[48;2;198;195;189m▀[0m[38;2;66;65;66m[48;2;66;65;66m▀[0m[38;2;239;81;49m[48;2;239;81;49m▀[0m[38;2;239;81;49m[48;2;66;65;66m▀[0m[38;2;66;65;66m[48;2;198;195;189m▀[0m[38;2;66;65;66m[48;2;198;195;189m▀[0m[38;2;239;81;49m[48;2;66;65;66m▀[0m[38;2;239;81;49m[48;2;239;81;49m▀[0m[38;2;239;81;49m[48;2;239;81;49m▀[0m[38;2;66;65;66m[48;2;66;65;66m▀[0m[38;2;255;255;255m[48;2;255;255;255m▀[0m[38;2;0;4;0m[48;2;255;255;255m▀[0m[38;2;0;4;0m[48;2;255;255;255m▀[0m[38;2;0;4;0m▄ 
    [38;2;0;4;0m[48;2;0;4;0m▀[0m[38;2;186;43;44m[48;2;186;43;44m▀[0m[38;2;66;65;66m[48;2;186;43;44m▀[0m[38;2;222;178;173m[48;2;82;48;49m▀[0m[38;2;82;48;49m[48;2;128;91;90m▀[0m[38;2;239;79;46m[48;2;239;79;46m▀[0m[38;2;239;79;46m[48;2;239;79;46m▀[0m[38;2;66;65;66m[48;2;239;81;49m▀[0m[38;2;239;81;49m[48;2;239;81;49m▀[0m[38;2;145;115;109m[48;2;90;52;49m▀[0m[38;2;90;52;49m[48;2;255;243;231m▀[0m[38;2;140;146;148m[48;2;200;194;186m▀[0m[38;2;200;194;186m[48;2;200;194;186m▀[0m[38;2;192;191;192m[48;2;255;255;255m▀[0m[38;2;66;65;66m[48;2;66;65;66m▀[0m[38;2;162;118;104m[48;2;85;59;52m▀[0m[38;2;85;59;52m[48;2;239;178;156m▀[0m[38;2;255;255;255m[48;2;200;195;189m▀[0m[38;2;255;255;255m[48;2;255;255;255m▀[0m[38;2;255;255;255m[48;2;255;255;255m▀[0m[38;2;255;255;255m[48;2;200;195;189m▀[0m[38;2;0;4;0m[48;2;0;4;0m▀[0m
   [38;2;0;4;0m[48;2;0;4;0m▀[0m[38;2;189;44;49m[48;2;189;44;49m▀[0m[38;2;189;43;46m[48;2;189;43;46m▀[0m[38;2;189;43;46m[48;2;189;43;46m▀[0m[38;2;128;91;90m[48;2;82;48;49m▀[0m[38;2;82;48;49m[48;2;222;178;173m▀[0m[38;2;186;58;49m[48;2;66;56;66m▀[0m[38;2;247;60;41m[48;2;186;58;49m▀[0m[38;2;239;79;46m[48;2;239;79;46m▀[0m[38;2;239;79;46m[48;2;239;79;46m▀[0m[38;2;239;81;49m[48;2;239;81;49m▀[0m[38;2;66;65;66m[48;2;239;81;49m▀[0m[38;2;90;52;49m[48;2;145;115;109m▀[0m[38;2;255;243;231m[48;2;90;52;49m▀[0m[38;2;66;65;66m[48;2;186;43;44m▀[0m[38;2;66;65;66m[48;2;66;65;66m▀[0m[38;2;200;195;189m[48;2;200;195;189m▀[0m[38;2;200;195;189m[48;2;200;195;189m▀[0m[38;2;200;195;189m[48;2;200;195;189m▀[0m[38;2;200;195;189m[48;2;200;195;189m▀[0m[38;2;198;195;189m[48;2;198;195;189m▀[0m[38;2;198;195;189m[48;2;0;4;0m▀[0m[38;2;0;4;0m▀
    [38;2;0;4;0m▀[38;2;189;44;49m[48;2;0;4;0m▀[0m[38;2;189;44;49m[48;2;0;4;0m▀[0m[38;2;181;56;57m[48;2;0;12;8m▀[0m[38;2;90;34;32m[48;2;0;12;8m▀[0m[38;2;189;44;49m[48;2;0;4;0m▀[0m[38;2;189;44;49m[48;2;189;44;49m▀[0m[38;2;189;43;46m[48;2;189;43;46m▀[0m[38;2;189;43;46m[48;2;189;43;46m▀[0m[38;2;239;81;49m[48;2;66;65;66m▀[0m[38;2;239;81;49m[48;2;66;65;66m▀[0m[38;2;239;65;41m[48;2;66;60;66m▀[0m[38;2;181;63;49m[48;2;66;60;66m▀[0m[38;2;66;67;63m[48;2;66;67;63m▀[0m[38;2;198;195;189m[48;2;0;4;0m▀[0m[38;2;198;195;189m[48;2;0;4;0m▀[0m[38;2;198;195;189m[48;2;0;4;0m▀[0m[38;2;198;195;189m[48;2;0;4;0m▀[0m[38;2;0;4;0m▀[38;2;0;4;0m▀  
          [38;2;0;4;0m▀[38;2;0;4;0m▀[38;2;0;4;0m▀[38;2;247;219;107m[48;2;0;4;0m▀[0m[38;2;247;219;107m[48;2;0;4;0m▀[0m[38;2;164;135;71m[48;2;0;0;0m▀[0m[38;2;247;203;107m[48;2;0;0;0m▀[0m[38;2;0;4;0m▀        
[0m
