     [38;2;0;0;0m▄[38;2;0;0;0m▄[38;2;0;0;0m[48;2;197;132;181m▀[0m[38;2;0;0;0m[48;2;197;132;181m▀[0m[38;2;0;0;0m[48;2;197;132;181m▀[0m[38;2;0;0;0m▄[38;2;0;0;0m▄      
   [38;2;0;0;0m▄[38;2;0;0;0m[48;2;115;74;107m▀[0m[38;2;197;132;181m[48;2;156;99;132m▀[0m[38;2;197;132;181m[48;2;197;132;181m▀[0m[38;2;197;132;181m[48;2;197;132;181m▀[0m[38;2;197;132;181m[48;2;197;132;181m▀[0m[38;2;197;132;181m[48;2;156;99;132m▀[0m[38;2;197;132;181m[48;2;156;99;132m▀[0m[38;2;197;132;181m[48;2;197;132;181m▀[0m[38;2;0;0;0m[48;2;197;132;181m▀[0m[38;2;0;0;0m▄    
  [38;2;0;0;0m[48;2;0;0;0m▀[0m[38;2;197;132;181m[48;2;65;65;65m▀[0m[38;2;197;132;181m[48;2;197;132;181m▀[0m[38;2;115;74;107m[48;2;197;132;181m▀[0m[38;2;115;74;107m[48;2;197;132;181m▀[0m[38;2;115;74;107m[48;2;156;99;132m▀[0m[38;2;156;99;132m[48;2;247;247;41m▀[0m[38;2;197;173;49m[48;2;165;140;49m▀[0m[38;2;247;247;41m[48;2;247;247;41m▀[0m[38;2;156;99;132m[48;2;115;74;107m▀[0m[38;2;197;132;181m[48;2;156;99;132m▀[0m[38;2;0;0;0m[48;2;156;99;132m▀[0m[38;2;0;0;0m▄   
[38;2;0;0;0m▄[38;2;0;0;0m[48;2;247;247;41m▀[0m[38;2;0;0;0m▄[38;2;0;0;0m▀[38;2;65;65;65m[48;2;0;0;0m▀[0m[38;2;65;65;65m[48;2;197;99;82m▀[0m[38;2;65;65;65m[48;2;197;99;82m▀[0m[38;2;197;132;181m[48;2;65;65;65m▀[0m[38;2;197;132;181m[48;2;65;65;65m▀[0m[38;2;115;74;107m[48;2;156;99;132m▀[0m[38;2;115;74;107m[48;2;156;99;132m▀[0m[38;2;156;99;132m[48;2;156;99;132m▀[0m[38;2;156;99;132m[48;2;156;99;132m▀[0m[38;2;156;99;132m[48;2;156;99;132m▀[0m[38;2;0;0;0m[48;2;0;0;0m▀[0m   
[38;2;0;0;0m[48;2;0;0;0m▀[0m[38;2;197;173;49m[48;2;247;247;41m▀[0m[38;2;0;0;0m[48;2;247;247;41m▀[0m[38;2;0;0;0m▄ [38;2;0;0;0m▀[38;2;197;99;82m[48;2;0;0;0m▀[0m[38;2;197;99;82m[48;2;0;0;0m▀[0m[38;2;197;99;82m[48;2;65;65;65m▀[0m[38;2;115;74;107m[48;2;197;173;49m▀[0m[38;2;156;99;132m[48;2;156;99;132m▀[0m[38;2;156;99;132m[48;2;156;99;132m▀[0m[38;2;156;99;132m[48;2;156;99;132m▀[0m[38;2;0;0;0m[48;2;0;0;0m▀[0m    
 [38;2;0;0;0m[48;2;0;0;0m▀[0m[38;2;197;173;49m[48;2;247;247;41m▀[0m[38;2;197;173;49m[48;2;247;247;41m▀[0m[38;2;0;0;0m[48;2;156;99;132m▀[0m[38;2;0;0;0m▄[38;2;0;0;0m▄[38;2;0;0;0m[48;2;197;132;181m▀[0m[38;2;247;247;41m[48;2;197;132;181m▀[0m[38;2;197;173;49m[48;2;247;247;41m▀[0m[38;2;197;173;49m[48;2;197;173;49m▀[0m[38;2;197;173;49m[48;2;65;65;65m▀[0m[38;2;0;0;0m[48;2;65;65;65m▀[0m[38;2;0;0;0m▄    
  [38;2;0;0;0m▀[38;2;156;99;132m[48;2;0;0;0m▀[0m[38;2;65;65;65m[48;2;65;65;65m▀[0m[38;2;115;74;107m[48;2;197;132;181m▀[0m[38;2;197;132;181m[48;2;197;132;181m▀[0m[38;2;197;132;181m[48;2;197;132;181m▀[0m[38;2;197;132;181m[48;2;197;132;181m▀[0m[38;2;197;132;181m[48;2;65;65;65m▀[0m[38;2;65;65;65m[48;2;156;99;132m▀[0m[38;2;156;99;132m[48;2;156;99;132m▀[0m[38;2;156;99;132m[48;2;115;74;107m▀[0m[38;2;156;99;132m[48;2;156;99;132m▀[0m[38;2;0;0;0m[48;2;156;99;132m▀[0m[38;2;0;0;0m[48;2;65;65;65m▀[0m[38;2;0;0;0m▄ 
  [38;2;0;0;0m[48;2;0;0;0m▀[0m[38;2;156;99;132m[48;2;156;99;132m▀[0m[38;2;65;65;65m[48;2;156;99;132m▀[0m[38;2;197;132;181m[48;2;65;65;65m▀[0m[38;2;197;132;181m[48;2;197;132;181m▀[0m[38;2;197;132;181m[48;2;197;132;181m▀[0m[38;2;197;132;181m[48;2;197;132;181m▀[0m[38;2;115;74;107m[48;2;197;132;181m▀[0m[38;2;115;74;107m[48;2;156;99;132m▀[0m[38;2;115;74;107m[48;2;197;132;181m▀[0m[38;2;156;99;132m[48;2;156;99;132m▀[0m[38;2;156;99;132m[48;2;156;99;132m▀[0m[38;2;156;99;132m[48;2;65;65;65m▀[0m[38;2;65;65;65m[48;2;156;99;132m▀[0m[38;2;156;99;132m[48;2;156;99;132m▀[0m[38;2;0;0;0m[48;2;0;0;0m▀[0m
  [38;2;0;0;0m▀[38;2;115;74;107m[48;2;0;0;0m▀[0m[38;2;156;99;132m[48;2;156;99;132m▀[0m[38;2;156;99;132m[48;2;115;74;107m▀[0m[38;2;65;65;65m[48;2;156;99;132m▀[0m[38;2;65;65;65m[48;2;197;132;181m▀[0m[38;2;197;132;181m[48;2;65;65;65m▀[0m[38;2;197;132;181m[48;2;65;65;65m▀[0m[38;2;156;99;132m[48;2;65;65;65m▀[0m[38;2;197;132;181m[48;2;65;65;65m▀[0m[38;2;65;65;65m[48;2;197;132;181m▀[0m[38;2;65;65;65m[48;2;156;99;132m▀[0m[38;2;156;99;132m[48;2;115;74;107m▀[0m[38;2;156;99;132m[48;2;156;99;132m▀[0m[38;2;115;74;107m[48;2;0;0;0m▀[0m[38;2;0;0;0m▀
    [38;2;0;0;0m▀[38;2;115;74;107m[48;2;0;0;0m▀[0m[38;2;197;132;181m[48;2;0;0;0m▀[0m[38;2;197;132;181m[48;2;156;99;132m▀[0m[38;2;197;132;181m[48;2;197;132;181m▀[0m[38;2;197;132;181m[48;2;197;132;181m▀[0m[38;2;197;132;181m[48;2;197;132;181m▀[0m[38;2;197;132;181m[48;2;197;132;181m▀[0m[38;2;197;132;181m[48;2;156;99;132m▀[0m[38;2;197;132;181m[48;2;0;0;0m▀[0m[38;2;115;74;107m[48;2;0;0;0m▀[0m[38;2;0;0;0m▀  
       [38;2;0;0;0m▀[38;2;0;0;0m▀[38;2;0;0;0m▀[38;2;0;0;0m▀[38;2;0;0;0m▀[38;2;0;0;0m▀     
[0m
