  [38;2;0;0;0m▄[38;2;0;0;0m[48;2;255;140;165m▀[0m[38;2;0;0;0m[48;2;230;82;115m▀[0m[38;2;0;0;0m▄ [38;2;0;0;0m▄[38;2;0;0;0m▄[38;2;0;0;0m▄[38;2;0;0;0m▄  [38;2;0;0;0m▄[38;2;0;0;0m▄   
  [38;2;0;0;0m[48;2;0;0;0m▀[0m[38;2;255;140;165m[48;2;230;82;115m▀[0m[38;2;230;82;115m[48;2;65;65;65m▀[0m[38;2;65;65;65m[48;2;132;214;107m▀[0m[38;2;0;0;0m[48;2;115;181;115m▀[0m[38;2;115;181;115m[48;2;132;214;107m▀[0m[38;2;132;214;107m[48;2;132;214;107m▀[0m[38;2;132;214;107m[48;2;132;214;107m▀[0m[38;2;115;181;115m[48;2;132;214;107m▀[0m[38;2;0;0;0m[48;2;65;65;65m▀[0m[38;2;0;0;0m[48;2;255;140;165m▀[0m[38;2;255;140;165m[48;2;230;82;115m▀[0m[38;2;230;82;115m[48;2;230;82;115m▀[0m[38;2;0;0;0m[48;2;0;0;0m▀[0m  
  [38;2;0;0;0m▄[38;2;0;0;0m[48;2;132;214;107m▀[0m[38;2;132;214;107m[48;2;132;214;107m▀[0m[38;2;115;181;115m[48;2;115;181;115m▀[0m[38;2;132;214;107m[48;2;132;214;107m▀[0m[38;2;132;214;107m[48;2;132;214;107m▀[0m[38;2;132;214;107m[48;2;132;214;107m▀[0m[38;2;132;214;107m[48;2;132;214;107m▀[0m[38;2;65;65;65m[48;2;65;65;65m▀[0m[38;2;255;140;165m[48;2;255;140;165m▀[0m[38;2;230;82;115m[48;2;230;82;115m▀[0m[38;2;230;82;115m[48;2;115;181;115m▀[0m[38;2;230;82;115m[48;2;0;0;0m▀[0m[38;2;0;0;0m▀  
  [38;2;0;0;0m[48;2;0;0;0m▀[0m[38;2;132;214;107m[48;2;132;214;107m▀[0m[38;2;115;181;115m[48;2;115;181;115m▀[0m[38;2;132;214;107m[48;2;132;214;107m▀[0m[38;2;132;214;107m[48;2;132;214;107m▀[0m[38;2;132;214;107m[48;2;132;214;107m▀[0m[38;2;132;214;107m[48;2;132;214;107m▀[0m[38;2;132;214;107m[48;2;132;214;107m▀[0m[38;2;65;65;65m[48;2;74;148;90m▀[0m[38;2;65;65;65m[48;2;132;214;107m▀[0m[38;2;115;181;115m[48;2;132;214;107m▀[0m[38;2;132;214;107m[48;2;132;214;107m▀[0m[38;2;132;214;107m[48;2;132;214;107m▀[0m[38;2;0;0;0m[48;2;0;0;0m▀[0m  
 [38;2;0;0;0m[48;2;0;0;0m▀[0m[38;2;65;65;65m[48;2;115;181;115m▀[0m[38;2;132;214;107m[48;2;65;65;65m▀[0m[38;2;115;181;115m[48;2;132;214;107m▀[0m[38;2;132;214;107m[48;2;115;181;115m▀[0m[38;2;132;214;107m[48;2;132;214;107m▀[0m[38;2;132;214;107m[48;2;132;214;107m▀[0m[38;2;132;214;107m[48;2;65;65;65m▀[0m[38;2;74;148;90m[48;2;197;66;99m▀[0m[38;2;189;189;206m[48;2;255;255;255m▀[0m[38;2;65;65;65m[48;2;65;65;65m▀[0m[38;2;132;214;107m[48;2;132;214;107m▀[0m[38;2;115;181;115m[48;2;132;214;107m▀[0m[38;2;132;214;107m[48;2;115;181;115m▀[0m[38;2;132;214;107m[48;2;132;214;107m▀[0m[38;2;0;0;0m[48;2;0;0;0m▀[0m 
[38;2;0;0;0m[48;2;0;0;0m▀[0m[38;2;115;181;115m[48;2;115;181;115m▀[0m[38;2;115;181;115m[48;2;74;148;90m▀[0m[38;2;74;148;90m[48;2;74;148;90m▀[0m[38;2;65;65;65m[48;2;115;181;115m▀[0m[38;2;132;214;107m[48;2;0;0;0m▀[0m[38;2;115;181;115m[48;2;0;0;0m▀[0m[38;2;65;65;65m[48;2;189;189;206m▀[0m[38;2;189;189;206m[48;2;189;189;206m▀[0m[38;2;230;82;115m[48;2;255;255;255m▀[0m[38;2;255;255;255m[48;2;189;189;206m▀[0m[38;2;189;189;206m[48;2;0;0;0m▀[0m[38;2;65;65;65m[48;2;0;0;0m▀[0m[38;2;132;214;107m[48;2;132;214;107m▀[0m[38;2;115;181;115m[48;2;132;214;107m▀[0m[38;2;132;214;107m[48;2;115;181;115m▀[0m[38;2;132;214;107m[48;2;132;214;107m▀[0m[38;2;0;0;0m[48;2;0;0;0m▀[0m
 [38;2;0;0;0m▀[38;2;74;148;90m[48;2;0;0;0m▀[0m[38;2;115;181;115m[48;2;0;0;0m▀[0m[38;2;115;181;115m[48;2;65;65;65m▀[0m[38;2;0;0;0m[48;2;0;0;0m▀[0m[38;2;0;0;0m▄[38;2;0;0;0m[48;2;123;123;123m▀[0m[38;2;123;123;123m[48;2;189;189;206m▀[0m[38;2;65;65;65m[48;2;123;123;123m▀[0m[38;2;0;0;0m[48;2;189;189;206m▀[0m[38;2;65;65;65m▄[38;2;0;0;0m[48;2;0;0;0m▀[0m[38;2;132;214;107m[48;2;132;214;107m▀[0m[38;2;132;214;107m[48;2;132;214;107m▀[0m[38;2;115;181;115m[48;2;115;181;115m▀[0m[38;2;132;214;107m[48;2;0;0;0m▀[0m[38;2;0;0;0m▀
    [38;2;0;0;0m▀[38;2;255;255;255m[48;2;0;0;0m▀[0m[38;2;255;255;255m[48;2;65;65;65m▀[0m[38;2;65;65;65m[48;2;206;222;239m▀[0m[38;2;189;189;206m[48;2;189;189;206m▀[0m[38;2;189;189;206m[48;2;65;65;65m▀[0m[38;2;123;123;123m[48;2;255;255;255m▀[0m[38;2;189;189;206m[48;2;255;255;255m▀[0m[38;2;65;65;65m[48;2;255;255;255m▀[0m[38;2;0;0;0m[48;2;0;0;0m▀[0m[38;2;0;0;0m▀[38;2;0;0;0m▀  
   [38;2;0;0;0m▄[38;2;0;0;0m[48;2;255;255;255m▀[0m[38;2;123;123;123m[48;2;255;255;255m▀[0m[38;2;255;255;255m[48;2;189;189;206m▀[0m[38;2;189;189;206m[48;2;74;148;90m▀[0m[38;2;206;222;239m[48;2;65;65;65m▀[0m[38;2;255;255;255m[48;2;206;222;239m▀[0m[38;2;65;65;65m[48;2;255;255;255m▀[0m[38;2;65;65;65m[48;2;255;255;255m▀[0m[38;2;65;65;65m[48;2;255;255;255m▀[0m[38;2;0;0;0m[48;2;189;189;206m▀[0m[38;2;0;0;0m▄[38;2;0;0;0m▄  
    [38;2;0;0;0m▀[38;2;0;0;0m▀[38;2;0;0;0m▀[38;2;65;65;65m[48;2;0;0;0m▀[0m[38;2;115;181;115m[48;2;115;181;115m▀[0m[38;2;65;65;65m[48;2;65;65;65m▀[0m[38;2;255;255;255m[48;2;65;65;65m▀[0m[38;2;255;255;255m[48;2;255;255;255m▀[0m[38;2;189;189;206m[48;2;255;255;255m▀[0m[38;2;255;255;255m[48;2;65;65;65m▀[0m[38;2;255;255;255m[48;2;0;0;0m▀[0m[38;2;255;255;255m[48;2;0;0;0m▀[0m[38;2;0;0;0m▀ 
        [38;2;0;0;0m[48;2;0;0;0m▀[0m[38;2;74;148;90m[48;2;132;214;107m▀[0m[38;2;132;214;107m[48;2;0;0;0m▀[0m[38;2;0;0;0m▀[38;2;0;0;0m▀[38;2;0;0;0m▀    
         [38;2;0;0;0m▀        
[0m
