   [38;2;0;0;0m▄[38;2;0;0;0m[48;2;132;148;197m▀[0m[38;2;0;0;0m▄            
 [38;2;0;0;0m▄[38;2;0;0;0m[48;2;132;148;197m▀[0m[38;2;0;0;0m[48;2;65;65;65m▀[0m[38;2;132;148;197m[48;2;132;148;197m▀[0m[38;2;0;0;0m[48;2;132;148;197m▀[0m[38;2;0;0;0m▄   [38;2;0;0;0m▄[38;2;0;0;0m▄[38;2;0;0;0m[48;2;173;197;255m▀[0m[38;2;0;0;0m[48;2;173;197;255m▀[0m[38;2;0;0;0m[48;2;173;197;255m▀[0m[38;2;0;0;0m▄[38;2;0;0;0m▄ 
 [38;2;0;0;0m▀[38;2;132;148;197m[48;2;0;0;0m▀[0m[38;2;132;148;197m[48;2;132;148;197m▀[0m[38;2;132;148;197m[48;2;65;65;65m▀[0m[38;2;132;148;197m[48;2;65;65;65m▀[0m[38;2;65;65;65m[48;2;132;148;197m▀[0m[38;2;0;0;0m[48;2;132;148;197m▀[0m[38;2;0;0;0m[48;2;65;65;65m▀[0m[38;2;0;0;0m[48;2;173;197;255m▀[0m[38;2;173;197;255m[48;2;173;197;255m▀[0m[38;2;173;197;255m[48;2;65;65;65m▀[0m[38;2;173;197;255m[48;2;65;65;65m▀[0m[38;2;132;148;197m[48;2;132;148;197m▀[0m[38;2;132;148;197m[48;2;132;148;197m▀[0m[38;2;173;197;255m[48;2;0;0;0m▀[0m[38;2;173;197;255m[48;2;0;0;0m▀[0m[38;2;0;0;0m▀
   [38;2;0;0;0m[48;2;0;0;0m▀[0m[38;2;173;197;255m[48;2;173;197;255m▀[0m[38;2;65;65;65m[48;2;132;148;197m▀[0m[38;2;132;148;197m[48;2;132;148;197m▀[0m[38;2;65;65;65m[48;2;65;65;65m▀[0m[38;2;173;197;255m[48;2;173;197;255m▀[0m[38;2;173;197;255m[48;2;65;65;65m▀[0m[38;2;65;65;65m[48;2;58;148;107m▀[0m[38;2;90;107;173m[48;2;58;148;107m▀[0m[38;2;90;107;173m[48;2;90;107;173m▀[0m[38;2;65;65;65m[48;2;90;107;173m▀[0m[38;2;132;148;197m[48;2;132;148;197m▀[0m[38;2;0;0;0m[48;2;0;0;0m▀[0m  
[38;2;0;0;0m▄[38;2;0;0;0m[48;2;132;148;197m▀[0m[38;2;0;0;0m[48;2;65;65;65m▀[0m[38;2;132;148;197m[48;2;173;197;255m▀[0m[38;2;132;148;197m[48;2;173;197;255m▀[0m[38;2;173;197;255m[48;2;173;197;255m▀[0m[38;2;173;197;255m[48;2;173;197;255m▀[0m[38;2;173;197;255m[48;2;90;107;173m▀[0m[38;2;173;197;255m[48;2;132;148;197m▀[0m[38;2;65;65;65m[48;2;132;148;197m▀[0m[38;2;58;148;107m[48;2;132;148;197m▀[0m[38;2;90;107;173m[48;2;132;148;197m▀[0m[38;2;90;107;173m[48;2;65;65;65m▀[0m[38;2;132;148;197m[48;2;65;65;65m▀[0m[38;2;0;0;0m[48;2;0;0;0m▀[0m   
 [38;2;0;0;0m[48;2;0;0;0m▀[0m[38;2;173;197;255m[48;2;173;197;255m▀[0m[38;2;173;197;255m[48;2;173;197;255m▀[0m[38;2;173;197;255m[48;2;173;197;255m▀[0m[38;2;173;197;255m[48;2;0;0;0m▀[0m[38;2;0;0;0m[48;2;247;99;82m▀[0m[38;2;189;189;181m[48;2;255;255;255m▀[0m[38;2;90;107;173m[48;2;132;148;197m▀[0m[38;2;65;65;65m[48;2;173;197;255m▀[0m[38;2;65;65;65m[48;2;173;197;255m▀[0m[38;2;132;148;197m[48;2;65;65;65m▀[0m[38;2;132;148;197m[48;2;132;148;197m▀[0m[38;2;65;65;65m[48;2;132;148;197m▀[0m[38;2;132;148;197m[48;2;0;0;0m▀[0m[38;2;0;0;0m▀  
 [38;2;0;0;0m[48;2;0;0;0m▀[0m[38;2;132;148;197m[48;2;65;65;65m▀[0m[38;2;90;107;173m[48;2;132;148;197m▀[0m[38;2;132;148;197m[48;2;132;148;197m▀[0m[38;2;132;148;197m[48;2;132;148;197m▀[0m[38;2;132;148;197m[48;2;132;148;197m▀[0m[38;2;132;148;197m[48;2;132;148;197m▀[0m[38;2;65;65;65m[48;2;132;148;197m▀[0m[38;2;65;65;65m[48;2;132;148;197m▀[0m[38;2;65;65;65m[48;2;132;148;197m▀[0m[38;2;132;148;197m[48;2;132;148;197m▀[0m[38;2;132;148;197m[48;2;132;148;197m▀[0m[38;2;132;148;197m[48;2;132;148;197m▀[0m[38;2;65;65;65m[48;2;132;148;197m▀[0m[38;2;0;0;0m[48;2;65;65;65m▀[0m[38;2;0;0;0m[48;2;132;148;197m▀[0m[38;2;0;0;0m▄
  [38;2;0;0;0m▀[38;2;255;255;255m[48;2;0;0;0m▀[0m[38;2;0;0;0m▀[38;2;65;65;65m[48;2;0;0;0m▀[0m[38;2;65;65;65m[48;2;189;189;181m▀[0m[38;2;132;148;197m[48;2;65;65;65m▀[0m[38;2;132;148;197m[48;2;132;148;197m▀[0m[38;2;90;107;173m[48;2;65;65;65m▀[0m[38;2;132;148;197m[48;2;173;197;255m▀[0m[38;2;173;197;255m[48;2;173;197;255m▀[0m[38;2;65;65;65m[48;2;65;65;65m▀[0m[38;2;132;148;197m[48;2;132;148;197m▀[0m[38;2;132;148;197m[48;2;132;148;197m▀[0m[38;2;0;0;0m[48;2;0;0;0m▀[0m[38;2;0;0;0m▀ 
      [38;2;0;0;0m▀[38;2;0;0;0m▀[38;2;0;0;0m▀[38;2;255;255;255m[48;2;0;0;0m▀[0m[38;2;173;197;255m[48;2;0;0;0m▀[0m[38;2;65;65;65m[48;2;255;255;255m▀[0m[38;2;132;148;197m[48;2;90;107;173m▀[0m[38;2;132;148;197m[48;2;255;255;255m▀[0m[38;2;0;0;0m[48;2;0;0;0m▀[0m   
           [38;2;0;0;0m▀[38;2;0;0;0m▀[38;2;0;0;0m▀    
[0m
