  [38;2;0;0;0m▄[38;2;0;0;0m[48;2;156;107;148m▀[0m[38;2;0;0;0m▄        [38;2;0;0;0m▄[38;2;0;0;0m▄    
  [38;2;0;0;0m[48;2;0;0;0m▀[0m[38;2;156;107;148m[48;2;156;107;148m▀[0m[38;2;0;0;0m[48;2;156;107;148m▀[0m[38;2;0;0;0m▄      [38;2;0;0;0m[48;2;0;0;0m▀[0m[38;2;206;140;181m[48;2;206;140;181m▀[0m[38;2;0;0;0m[48;2;0;0;0m▀[0m[38;2;0;0;0m▄[38;2;0;0;0m[48;2;206;140;181m▀[0m[38;2;0;0;0m[48;2;0;0;0m▀[0m 
 [38;2;0;0;0m[48;2;0;0;0m▀[0m[38;2;156;107;148m[48;2;156;107;148m▀[0m[38;2;156;107;148m[48;2;156;107;148m▀[0m[38;2;156;107;148m[48;2;156;107;148m▀[0m[38;2;0;0;0m[48;2;0;0;0m▀[0m [38;2;0;0;0m▄[38;2;0;0;0m[48;2;206;140;181m▀[0m[38;2;0;0;0m▄ [38;2;0;0;0m[48;2;0;0;0m▀[0m[38;2;206;140;181m[48;2;206;140;181m▀[0m[38;2;206;140;181m[48;2;206;140;181m▀[0m[38;2;206;140;181m[48;2;58;132;90m▀[0m[38;2;206;140;181m[48;2;206;140;181m▀[0m[38;2;0;0;0m[48;2;0;0;0m▀[0m  
  [38;2;0;0;0m[48;2;0;0;0m▀[0m[38;2;156;107;148m[48;2;156;107;148m▀[0m[38;2;156;107;148m[48;2;156;107;148m▀[0m[38;2;0;0;0m[48;2;156;107;148m▀[0m[38;2;0;0;0m▄[38;2;0;0;0m[48;2;206;140;181m▀[0m[38;2;206;140;181m[48;2;206;140;181m▀[0m[38;2;206;140;181m[48;2;0;0;0m▀[0m[38;2;0;0;0m[48;2;206;140;181m▀[0m[38;2;206;140;181m[48;2;206;140;181m▀[0m[38;2;206;140;181m[48;2;58;132;90m▀[0m[38;2;58;132;90m[48;2;82;165;123m▀[0m[38;2;82;165;123m[48;2;58;132;90m▀[0m[38;2;206;140;181m[48;2;0;0;0m▀[0m[38;2;0;0;0m▀  
 [38;2;0;0;0m▄[38;2;0;0;0m▄[38;2;0;0;0m[48;2;65;65;65m▀[0m[38;2;156;107;148m[48;2;65;65;65m▀[0m[38;2;65;65;65m[48;2;206;140;181m▀[0m[38;2;0;0;0m[48;2;206;140;181m▀[0m[38;2;156;107;148m[48;2;156;107;148m▀[0m[38;2;206;140;181m[48;2;206;140;181m▀[0m[38;2;0;0;0m[48;2;0;0;0m▀[0m[38;2;206;140;181m[48;2;206;140;181m▀[0m[38;2;58;132;90m[48;2;58;132;90m▀[0m[38;2;82;165;123m[48;2;82;165;123m▀[0m[38;2;82;165;123m[48;2;58;132;90m▀[0m[38;2;58;132;90m[48;2;206;140;181m▀[0m[38;2;0;0;0m[48;2;0;0;0m▀[0m[38;2;0;0;0m▄  
[38;2;0;0;0m▀[38;2;206;140;181m[48;2;0;0;0m▀[0m[38;2;206;140;181m[48;2;123;82;115m▀[0m[38;2;206;140;181m[48;2;156;107;148m▀[0m[38;2;156;107;148m[48;2;206;140;181m▀[0m[38;2;206;140;181m[48;2;206;140;181m▀[0m[38;2;206;140;181m[48;2;206;140;181m▀[0m[38;2;206;140;181m[48;2;206;140;181m▀[0m[38;2;123;82;115m[48;2;206;140;181m▀[0m[38;2;206;140;181m[48;2;206;140;181m▀[0m[38;2;58;132;90m[48;2;156;107;148m▀[0m[38;2;206;140;181m[48;2;206;140;181m▀[0m[38;2;58;132;90m[48;2;0;0;0m▀[0m[38;2;206;140;181m[48;2;0;0;0m▀[0m[38;2;0;0;0m[48;2;156;107;148m▀[0m[38;2;156;107;148m[48;2;156;107;148m▀[0m[38;2;123;82;115m[48;2;156;107;148m▀[0m[38;2;0;0;0m[48;2;0;0;0m▀[0m 
 [38;2;0;0;0m▄[38;2;0;0;0m[48;2;206;140;181m▀[0m[38;2;206;140;181m[48;2;206;140;181m▀[0m[38;2;156;107;148m[48;2;123;82;115m▀[0m[38;2;206;140;181m[48;2;206;140;181m▀[0m[38;2;206;140;181m[48;2;0;0;0m▀[0m[38;2;0;0;0m[48;2;189;189;181m▀[0m[38;2;123;82;115m[48;2;123;82;115m▀[0m[38;2;156;107;148m[48;2;156;107;148m▀[0m[38;2;156;107;148m[48;2;65;65;65m▀[0m[38;2;156;107;148m[48;2;156;107;148m▀[0m[38;2;156;107;148m[48;2;156;107;148m▀[0m[38;2;156;107;148m[48;2;156;107;148m▀[0m[38;2;123;82;115m[48;2;156;107;148m▀[0m[38;2;156;107;148m[48;2;156;107;148m▀[0m[38;2;123;82;115m[48;2;65;65;65m▀[0m[38;2;156;107;148m[48;2;156;107;148m▀[0m[38;2;0;0;0m[48;2;0;0;0m▀[0m
[38;2;0;0;0m▄[38;2;0;0;0m[48;2;206;140;181m▀[0m[38;2;206;140;181m[48;2;206;140;181m▀[0m[38;2;206;140;181m[48;2;206;140;181m▀[0m[38;2;206;140;181m[48;2;206;140;181m▀[0m[38;2;123;90;66m[48;2;156;107;148m▀[0m[38;2;0;0;0m[48;2;156;107;148m▀[0m[38;2;255;255;255m[48;2;156;107;148m▀[0m[38;2;156;107;148m[48;2;65;65;65m▀[0m[38;2;156;107;148m[48;2;65;65;65m▀[0m[38;2;65;65;65m[48;2;156;107;148m▀[0m[38;2;156;107;148m[48;2;123;82;115m▀[0m[38;2;123;82;115m[48;2;156;107;148m▀[0m[38;2;65;65;65m[48;2;156;107;148m▀[0m[38;2;156;107;148m[48;2;65;65;65m▀[0m[38;2;65;65;65m[48;2;0;0;0m▀[0m[38;2;156;107;148m[48;2;0;0;0m▀[0m[38;2;123;82;115m[48;2;189;189;181m▀[0m[38;2;0;0;0m[48;2;0;0;0m▀[0m
[38;2;0;0;0m▀[38;2;65;65;65m[48;2;0;0;0m▀[0m[38;2;206;140;181m[48;2;0;0;0m▀[0m[38;2;206;140;181m[48;2;65;65;65m▀[0m[38;2;156;107;148m[48;2;65;65;65m▀[0m[38;2;156;107;148m[48;2;65;65;65m▀[0m[38;2;65;65;65m[48;2;189;189;181m▀[0m[38;2;65;65;65m[48;2;0;0;0m▀[0m[38;2;156;107;148m[48;2;0;0;0m▀[0m[38;2;156;107;148m[48;2;0;0;0m▀[0m[38;2;65;65;65m[48;2;65;65;65m▀[0m[38;2;206;140;181m[48;2;65;65;65m▀[0m[38;2;206;140;181m[48;2;65;65;65m▀[0m[38;2;156;107;148m[48;2;156;107;148m▀[0m[38;2;65;65;65m[48;2;0;0;0m▀[0m [38;2;0;0;0m▀[38;2;0;0;0m▀ 
  [38;2;0;0;0m[48;2;0;0;0m▀[0m[38;2;123;82;115m[48;2;0;0;0m▀[0m[38;2;123;82;115m[48;2;0;0;0m▀[0m[38;2;0;0;0m▀[38;2;0;0;0m▀  [38;2;0;0;0m▄[38;2;0;0;0m[48;2;206;140;181m▀[0m[38;2;156;107;148m[48;2;206;140;181m▀[0m[38;2;156;107;148m[48;2;156;107;148m▀[0m[38;2;0;0;0m[48;2;0;0;0m▀[0m     
         [38;2;0;0;0m▀[38;2;255;255;255m[48;2;0;0;0m▀[0m[38;2;255;255;255m[48;2;0;0;0m▀[0m[38;2;0;0;0m▀      
[0m
