            [38;2;0;0;0m▄[38;2;0;0;0m[48;2;88;83;82m▀[0m[38;2;0;0;0m[48;2;126;117;120m▀[0m[38;2;0;0;0m[48;2;126;117;120m▀[0m[38;2;0;0;0m[48;2;88;83;82m▀[0m[38;2;0;0;0m▄            
           [38;2;0;0;0m▄[38;2;0;0;0m[48;2;104;93;93m▀[0m[38;2;132;125;123m[48;2;104;93;93m▀[0m[38;2;126;117;120m[48;2;126;117;120m▀[0m[38;2;126;117;120m[48;2;126;117;120m▀[0m[38;2;132;125;123m[48;2;104;93;93m▀[0m[38;2;0;0;0m[48;2;104;93;93m▀[0m[38;2;0;0;0m▄           
      [38;2;0;0;0m▄[38;2;0;0;0m▄[38;2;0;0;0m▄[38;2;0;0;0m[48;2;104;92;93m▀[0m[38;2;0;0;0m[48;2;104;93;93m▀[0m[38;2;66;65;66m[48;2;66;65;66m▀[0m[38;2;104;93;93m[48;2;104;93;93m▀[0m[38;2;104;93;93m[48;2;104;93;93m▀[0m[38;2;104;93;93m[48;2;104;93;93m▀[0m[38;2;104;93;93m[48;2;104;93;93m▀[0m[38;2;104;93;93m[48;2;104;93;93m▀[0m[38;2;104;93;93m[48;2;104;93;93m▀[0m[38;2;66;65;66m[48;2;66;65;66m▀[0m[38;2;0;0;0m[48;2;104;93;93m▀[0m[38;2;0;0;0m[48;2;104;92;93m▀[0m[38;2;0;0;0m▄[38;2;0;0;0m▄[38;2;0;0;0m▄      
    [38;2;0;0;0m▄[38;2;0;0;0m[48;2;104;92;93m▀[0m[38;2;104;92;93m[48;2;104;93;93m▀[0m[38;2;104;92;93m[48;2;104;93;93m▀[0m[38;2;104;92;93m[48;2;104;93;93m▀[0m[38;2;104;92;93m[48;2;104;93;93m▀[0m[38;2;104;93;93m[48;2;66;65;66m▀[0m[38;2;66;65;66m[48;2;104;93;93m▀[0m[38;2;104;93;93m[48;2;104;93;93m▀[0m[38;2;104;93;93m[48;2;104;93;93m▀[0m[38;2;104;93;93m[48;2;104;93;93m▀[0m[38;2;104;93;93m[48;2;104;93;93m▀[0m[38;2;104;93;93m[48;2;104;93;93m▀[0m[38;2;104;93;93m[48;2;104;93;93m▀[0m[38;2;66;65;66m[48;2;104;93;93m▀[0m[38;2;104;93;93m[48;2;66;65;66m▀[0m[38;2;104;92;93m[48;2;104;93;93m▀[0m[38;2;104;92;93m[48;2;104;93;93m▀[0m[38;2;104;92;93m[48;2;104;93;93m▀[0m[38;2;104;92;93m[48;2;104;93;93m▀[0m[38;2;0;0;0m[48;2;104;92;93m▀[0m[38;2;0;0;0m▄    
  [38;2;0;0;0m▄[38;2;0;0;0m[48;2;255;251;255m▀[0m[38;2;104;92;93m[48;2;66;65;66m▀[0m[38;2;104;92;93m[48;2;104;93;93m▀[0m[38;2;104;93;93m[48;2;104;93;93m▀[0m[38;2;104;93;93m[48;2;104;93;93m▀[0m[38;2;104;93;93m[48;2;104;93;93m▀[0m[38;2;104;93;93m[48;2;104;93;93m▀[0m[38;2;104;93;93m[48;2;104;93;93m▀[0m[38;2;104;93;93m[48;2;104;93;93m▀[0m[38;2;104;93;93m[48;2;104;93;93m▀[0m[38;2;104;93;93m[48;2;104;93;93m▀[0m[38;2;104;93;93m[48;2;104;93;93m▀[0m[38;2;104;93;93m[48;2;104;93;93m▀[0m[38;2;104;93;93m[48;2;104;93;93m▀[0m[38;2;104;93;93m[48;2;104;93;93m▀[0m[38;2;104;93;93m[48;2;104;93;93m▀[0m[38;2;104;93;93m[48;2;104;93;93m▀[0m[38;2;104;93;93m[48;2;104;93;93m▀[0m[38;2;104;93;93m[48;2;104;93;93m▀[0m[38;2;104;93;93m[48;2;104;93;93m▀[0m[38;2;104;93;93m[48;2;104;93;93m▀[0m[38;2;104;92;93m[48;2;104;93;93m▀[0m[38;2;104;92;93m[48;2;66;65;66m▀[0m[38;2;0;0;0m[48;2;255;251;255m▀[0m[38;2;0;0;0m▄  
 [38;2;0;0;0m[48;2;0;0;0m▀[0m[38;2;255;251;255m[48;2;255;255;255m▀[0m[38;2;85;83;85m[48;2;66;65;66m▀[0m[38;2;66;65;66m[48;2;255;255;255m▀[0m[38;2;66;65;66m[48;2;255;255;255m▀[0m[38;2;66;65;66m[48;2;255;255;255m▀[0m[38;2;66;65;66m[48;2;175;179;192m▀[0m[38;2;104;93;93m[48;2;82;73;74m▀[0m[38;2;104;93;93m[48;2;82;73;74m▀[0m[38;2;104;93;93m[48;2;104;93;93m▀[0m[38;2;104;93;93m[48;2;104;93;93m▀[0m[38;2;104;93;93m[48;2;104;93;93m▀[0m[38;2;104;93;93m[48;2;104;93;93m▀[0m[38;2;104;93;93m[48;2;104;93;93m▀[0m[38;2;104;93;93m[48;2;104;93;93m▀[0m[38;2;104;93;93m[48;2;104;93;93m▀[0m[38;2;104;93;93m[48;2;104;93;93m▀[0m[38;2;104;93;93m[48;2;104;93;93m▀[0m[38;2;104;93;93m[48;2;104;93;93m▀[0m[38;2;104;93;93m[48;2;82;73;74m▀[0m[38;2;104;93;93m[48;2;82;73;74m▀[0m[38;2;66;65;66m[48;2;175;179;192m▀[0m[38;2;66;65;66m[48;2;255;255;255m▀[0m[38;2;66;65;66m[48;2;255;255;255m▀[0m[38;2;66;65;66m[48;2;255;255;255m▀[0m[38;2;85;83;85m[48;2;66;65;66m▀[0m[38;2;255;251;255m[48;2;255;255;255m▀[0m[38;2;0;0;0m[48;2;0;0;0m▀[0m 
[38;2;0;0;0m[48;2;0;0;0m▀[0m[38;2;214;109;90m[48;2;214;109;90m▀[0m[38;2;66;65;66m[48;2;66;65;66m▀[0m[38;2;255;255;255m[48;2;247;251;255m▀[0m[38;2;255;255;255m[48;2;214;154;165m▀[0m[38;2;255;255;255m[48;2;66;65;66m▀[0m[38;2;255;255;255m[48;2;74;56;57m▀[0m[38;2;255;255;255m[48;2;255;227;231m▀[0m[38;2;255;255;255m[48;2;255;255;255m▀[0m[38;2;82;73;74m[48;2;175;179;192m▀[0m[38;2;104;93;93m[48;2;66;65;66m▀[0m[38;2;104;93;93m[48;2;66;65;66m▀[0m[38;2;66;65;66m[48;2;175;179;192m▀[0m[38;2;66;65;66m[48;2;255;255;255m▀[0m[38;2;66;65;66m[48;2;255;255;255m▀[0m[38;2;66;65;66m[48;2;255;255;255m▀[0m[38;2;66;65;66m[48;2;255;255;255m▀[0m[38;2;66;65;66m[48;2;175;179;192m▀[0m[38;2;104;93;93m[48;2;66;65;66m▀[0m[38;2;104;93;93m[48;2;66;65;66m▀[0m[38;2;82;73;74m[48;2;175;179;192m▀[0m[38;2;255;255;255m[48;2;255;255;255m▀[0m[38;2;255;255;255m[48;2;255;227;231m▀[0m[38;2;255;255;255m[48;2;74;56;57m▀[0m[38;2;255;255;255m[48;2;66;65;66m▀[0m[38;2;255;255;255m[48;2;214;154;165m▀[0m[38;2;255;255;255m[48;2;247;251;255m▀[0m[38;2;66;65;66m[48;2;66;65;66m▀[0m[38;2;214;109;90m[48;2;214;109;90m▀[0m[38;2;0;0;0m[48;2;0;0;0m▀[0m
[38;2;0;0;0m[48;2;0;0;0m▀[0m[38;2;214;109;90m[48;2;214;109;90m▀[0m[38;2;66;65;66m[48;2;74;73;82m▀[0m[38;2;186;189;192m[48;2;74;73;82m▀[0m[38;2;66;65;66m[48;2;255;124;140m▀[0m[38;2;214;154;165m[48;2;255;124;140m▀[0m[38;2;194;170;173m[48;2;255;124;140m▀[0m[38;2;74;56;57m[48;2;255;124;140m▀[0m[38;2;255;255;255m[48;2;66;65;66m▀[0m[38;2;255;255;255m[48;2;255;255;255m▀[0m[38;2;66;65;66m[48;2;255;255;255m▀[0m[38;2;255;255;255m[48;2;255;255;255m▀[0m[38;2;255;255;255m[48;2;214;154;165m▀[0m[38;2;255;255;255m[48;2;66;65;66m▀[0m[38;2;255;255;255m[48;2;66;65;66m▀[0m[38;2;255;255;255m[48;2;66;65;66m▀[0m[38;2;255;255;255m[48;2;66;65;66m▀[0m[38;2;255;255;255m[48;2;214;154;165m▀[0m[38;2;255;255;255m[48;2;255;255;255m▀[0m[38;2;66;65;66m[48;2;255;255;255m▀[0m[38;2;255;255;255m[48;2;255;255;255m▀[0m[38;2;255;255;255m[48;2;66;65;66m▀[0m[38;2;74;56;57m[48;2;255;124;140m▀[0m[38;2;194;170;173m[48;2;255;124;140m▀[0m[38;2;214;154;165m[48;2;255;124;140m▀[0m[38;2;66;65;66m[48;2;255;124;140m▀[0m[38;2;186;189;192m[48;2;74;73;82m▀[0m[38;2;66;65;66m[48;2;74;73;82m▀[0m[38;2;214;109;90m[48;2;214;109;90m▀[0m[38;2;0;0;0m[48;2;0;0;0m▀[0m
 [38;2;0;0;0m[48;2;0;0;0m▀[0m[38;2;255;239;181m[48;2;198;174;99m▀[0m[38;2;74;73;82m[48;2;66;60;49m▀[0m[38;2;255;124;140m[48;2;214;109;90m▀[0m[38;2;255;124;140m[48;2;0;0;0m▀[0m[38;2;255;124;140m[48;2;255;125;140m▀[0m[38;2;255;124;140m[48;2;255;125;140m▀[0m[38;2;66;65;66m[48;2;74;73;82m▀[0m[38;2;255;255;255m[48;2;255;255;255m▀[0m[38;2;255;255;255m[48;2;255;255;255m▀[0m[38;2;175;179;192m[48;2;74;73;82m▀[0m[38;2;66;65;66m[48;2;255;124;140m▀[0m[38;2;214;154;165m[48;2;255;124;140m▀[0m[38;2;255;125;140m[48;2;255;124;140m▀[0m[38;2;255;125;140m[48;2;255;124;140m▀[0m[38;2;214;154;165m[48;2;255;124;140m▀[0m[38;2;66;65;66m[48;2;255;124;140m▀[0m[38;2;175;179;192m[48;2;74;73;82m▀[0m[38;2;255;255;255m[48;2;255;255;255m▀[0m[38;2;255;255;255m[48;2;255;255;255m▀[0m[38;2;66;65;66m[48;2;74;73;82m▀[0m[38;2;255;124;140m[48;2;255;125;140m▀[0m[38;2;255;124;140m[48;2;255;125;140m▀[0m[38;2;255;124;140m[48;2;0;0;0m▀[0m[38;2;255;124;140m[48;2;214;109;90m▀[0m[38;2;74;73;82m[48;2;66;60;49m▀[0m[38;2;255;239;181m[48;2;198;174;99m▀[0m[38;2;0;0;0m[48;2;0;0;0m▀[0m 
  [38;2;0;4;24m▀[38;2;66;60;49m[48;2;0;0;0m▀[0m[38;2;214;109;90m[48;2;71;51;49m▀[0m[38;2;214;109;90m[48;2;214;121;99m▀[0m[38;2;214;109;90m[48;2;214;109;90m▀[0m[38;2;214;109;90m[48;2;71;65;62m▀[0m[38;2;74;73;82m[48;2;66;65;57m▀[0m[38;2;74;73;82m[48;2;255;235;156m▀[0m[38;2;74;73;82m[48;2;255;235;156m▀[0m[38;2;74;73;82m[48;2;66;65;57m▀[0m[38;2;255;124;140m[48;2;214;109;90m▀[0m[38;2;255;124;140m[48;2;0;0;0m▀[0m[38;2;255;124;140m[48;2;0;0;0m▀[0m[38;2;255;124;140m[48;2;0;0;0m▀[0m[38;2;255;124;140m[48;2;0;0;0m▀[0m[38;2;255;124;140m[48;2;214;109;90m▀[0m[38;2;74;73;82m[48;2;66;65;57m▀[0m[38;2;74;73;82m[48;2;255;235;156m▀[0m[38;2;74;73;82m[48;2;255;235;156m▀[0m[38;2;74;73;82m[48;2;66;65;57m▀[0m[38;2;214;109;90m[48;2;71;65;62m▀[0m[38;2;214;109;90m[48;2;214;109;90m▀[0m[38;2;214;109;90m[48;2;214;121;99m▀[0m[38;2;214;109;90m[48;2;71;51;49m▀[0m[38;2;66;60;49m[48;2;0;0;0m▀[0m[38;2;0;4;24m▀  
    [38;2;0;16;24m[48;2;0;0;0m▀[0m[38;2;71;51;49m[48;2;82;69;61m▀[0m[38;2;71;65;62m[48;2;66;65;66m▀[0m[38;2;71;65;62m[48;2;82;69;61m▀[0m[38;2;66;65;57m[48;2;82;69;61m▀[0m[38;2;192;178;123m[48;2;66;65;66m▀[0m[38;2;192;178;123m[48;2;194;173;88m▀[0m[38;2;66;65;57m[48;2;194;173;88m▀[0m[38;2;214;109;90m[48;2;71;65;62m▀[0m[38;2;214;109;90m[48;2;214;109;90m▀[0m[38;2;214;109;90m[48;2;214;109;90m▀[0m[38;2;214;109;90m[48;2;214;109;90m▀[0m[38;2;214;109;90m[48;2;214;109;90m▀[0m[38;2;214;109;90m[48;2;71;65;62m▀[0m[38;2;66;65;57m[48;2;194;173;88m▀[0m[38;2;192;178;123m[48;2;194;173;88m▀[0m[38;2;192;178;123m[48;2;66;65;66m▀[0m[38;2;66;65;57m[48;2;66;65;66m▀[0m[38;2;71;65;62m[48;2;66;65;66m▀[0m[38;2;71;65;62m[48;2;66;65;66m▀[0m[38;2;71;51;49m[48;2;0;0;0m▀[0m[38;2;0;16;24m▀    
    [38;2;0;0;0m▀[38;2;82;69;61m[48;2;0;0;0m▀[0m[38;2;82;69;61m[48;2;82;69;61m▀[0m[38;2;66;65;66m[48;2;82;69;61m▀[0m[38;2;66;65;66m[48;2;74;65;66m▀[0m[38;2;66;65;66m[48;2;178;178;192m▀[0m[38;2;74;65;66m[48;2;104;93;93m▀[0m[38;2;74;65;66m[48;2;66;65;66m▀[0m[38;2;71;65;62m[48;2;66;65;66m▀[0m[38;2;71;65;62m[48;2;66;65;66m▀[0m[38;2;66;65;66m[48;2;57;56;66m▀[0m[38;2;66;65;66m[48;2;57;56;66m▀[0m[38;2;71;65;62m[48;2;82;73;74m▀[0m[38;2;71;65;62m[48;2;82;73;74m▀[0m[38;2;74;65;66m[48;2;66;65;66m▀[0m[38;2;74;65;66m[48;2;66;65;66m▀[0m[38;2;66;65;66m[48;2;104;93;93m▀[0m[38;2;104;93;93m[48;2;126;117;120m▀[0m[38;2;104;93;93m[48;2;126;117;120m▀[0m[38;2;104;93;93m[48;2;104;93;93m▀[0m[38;2;103;93;94m[48;2;104;93;93m▀[0m[38;2;0;0;0m[48;2;104;93;93m▀[0m[38;2;0;0;0m▄   
      [38;2;0;0;0m▀[38;2;0;0;0m▀[38;2;74;65;66m[48;2;0;0;0m▀[0m[38;2;178;178;192m[48;2;74;66;63m▀[0m[38;2;104;93;93m[48;2;76;65;63m▀[0m[38;2;104;93;93m[48;2;104;91;93m▀[0m[38;2;160;160;160m[48;2;90;77;74m▀[0m[38;2;255;255;255m[48;2;255;251;255m▀[0m[38;2;120;114;101m[48;2;101;93;90m▀[0m[38;2;247;231;173m[48;2;101;93;90m▀[0m[38;2;82;73;74m[48;2;107;97;99m▀[0m[38;2;255;255;255m[48;2;255;255;255m▀[0m[38;2;164;159;164m[48;2;107;93;90m▀[0m[38;2;66;65;66m[48;2;66;65;66m▀[0m[38;2;104;93;93m[48;2;104;93;93m▀[0m[38;2;126;117;120m[48;2;104;93;93m▀[0m[38;2;126;117;120m[48;2;104;93;93m▀[0m[38;2;104;93;93m[48;2;104;93;93m▀[0m[38;2;104;93;93m[48;2;79;68;63m▀[0m[38;2;104;93;93m[48;2;79;68;63m▀[0m[38;2;0;0;0m[48;2;0;0;0m▀[0m   
        [38;2;0;0;0m▀[38;2;74;66;63m[48;2;0;0;0m▀[0m[38;2;76;65;63m[48;2;74;66;63m▀[0m[38;2;76;65;63m[48;2;74;66;63m▀[0m[38;2;90;77;74m[48;2;0;0;0m▀[0m[38;2;172;164;164m[48;2;82;69;61m▀[0m[38;2;255;255;255m[48;2;77;67;63m▀[0m[38;2;255;255;255m[48;2;77;67;63m▀[0m[38;2;255;255;255m[48;2;82;69;61m▀[0m[38;2;156;149;151m[48;2;82;69;61m▀[0m[38;2;79;74;74m[48;2;71;66;66m▀[0m[38;2;66;65;66m[48;2;71;66;66m▀[0m[38;2;82;69;66m[48;2;0;0;0m▀[0m[38;2;104;93;93m[48;2;82;69;61m▀[0m[38;2;104;93;93m[48;2;82;69;61m▀[0m[38;2;82;69;66m[48;2;82;69;61m▀[0m[38;2;101;92;93m[48;2;104;92;93m▀[0m[38;2;101;92;93m[48;2;104;92;93m▀[0m[38;2;0;0;0m[48;2;104;92;93m▀[0m[38;2;0;0;0m▄  
          [38;2;0;0;0m▀[38;2;0;0;0m▀ [38;2;0;0;0m▀[38;2;0;0;0m▀[38;2;77;67;63m[48;2;0;0;0m▀[0m[38;2;66;65;66m[48;2;82;69;61m▀[0m[38;2;66;65;66m[48;2;82;69;61m▀[0m[38;2;71;66;66m[48;2;0;0;0m▀[0m[38;2;0;0;0m▀ [38;2;0;0;0m▀[38;2;0;0;0m▀[38;2;0;0;0m▀[38;2;0;0;0m▀[38;2;104;92;93m[48;2;0;0;0m▀[0m[38;2;104;92;93m[48;2;0;0;0m▀[0m[38;2;0;0;0m▀  
                [38;2;0;0;0m▀[38;2;0;0;0m▀            
[0m
