      [38;2;0;0;0m▄[38;2;0;0;0m[48;2;214;123;132m▀[0m[38;2;0;0;0m[48;2;214;123;132m▀[0m[38;2;0;0;0m▄               
   [38;2;0;0;0m▄[38;2;0;0;0m[48;2;173;90;99m▀[0m[38;2;0;0;0m[48;2;214;123;132m▀[0m[38;2;0;0;0m[48;2;214;123;132m▀[0m[38;2;214;123;132m[48;2;65;65;65m▀[0m[38;2;214;123;132m[48;2;173;90;99m▀[0m[38;2;173;90;99m[48;2;255;181;165m▀[0m[38;2;0;0;0m[48;2;0;0;0m▀[0m   [38;2;0;0;0m▄[38;2;0;0;0m▄[38;2;0;0;0m[48;2;173;90;99m▀[0m[38;2;0;0;0m[48;2;214;123;132m▀[0m[38;2;0;0;0m[48;2;173;90;99m▀[0m[38;2;0;0;0m▄     
  [38;2;0;0;0m▄[38;2;0;0;0m[48;2;214;123;132m▀[0m[38;2;214;123;132m[48;2;65;65;65m▀[0m[38;2;214;123;132m[48;2;65;65;65m▀[0m[38;2;173;90;99m[48;2;65;65;65m▀[0m[38;2;255;181;165m[48;2;255;181;165m▀[0m[38;2;65;65;65m[48;2;255;181;165m▀[0m[38;2;255;181;165m[48;2;65;65;65m▀[0m[38;2;214;156;140m[48;2;255;181;165m▀[0m[38;2;0;0;0m[48;2;0;0;0m▀[0m[38;2;0;0;0m▄[38;2;0;0;0m[48;2;255;181;165m▀[0m[38;2;255;181;165m[48;2;255;181;165m▀[0m[38;2;255;181;165m[48;2;255;181;165m▀[0m[38;2;173;90;99m[48;2;255;181;165m▀[0m[38;2;214;123;132m[48;2;65;65;65m▀[0m[38;2;214;123;132m[48;2;0;0;0m▀[0m[38;2;0;0;0m▀     
  [38;2;0;0;0m▀[38;2;214;123;132m[48;2;0;0;0m▀[0m[38;2;214;123;132m[48;2;0;0;0m▀[0m[38;2;173;90;99m[48;2;255;181;165m▀[0m[38;2;255;181;165m[48;2;65;65;65m▀[0m[38;2;65;65;65m[48;2;140;206;156m▀[0m[38;2;65;65;65m[48;2;140;206;156m▀[0m[38;2;65;65;65m[48;2;90;173;115m▀[0m[38;2;214;156;140m[48;2;65;65;65m▀[0m[38;2;65;65;65m[48;2;214;156;140m▀[0m[38;2;255;181;165m[48;2;214;156;140m▀[0m[38;2;255;181;165m[48;2;173;90;99m▀[0m[38;2;173;90;99m[48;2;65;65;65m▀[0m[38;2;65;65;65m[48;2;173;90;99m▀[0m[38;2;65;65;65m[48;2;255;181;165m▀[0m[38;2;65;65;65m[48;2;255;181;165m▀[0m[38;2;90;173;115m[48;2;65;65;65m▀[0m[38;2;0;0;0m[48;2;65;65;65m▀[0m[38;2;0;0;0m▄    
   [38;2;0;0;0m▄[38;2;0;0;0m▄[38;2;0;0;0m[48;2;140;206;156m▀[0m[38;2;65;65;65m[48;2;140;206;156m▀[0m[38;2;65;65;65m[48;2;140;206;156m▀[0m[38;2;140;206;156m[48;2;140;206;156m▀[0m[38;2;140;206;156m[48;2;140;206;156m▀[0m[38;2;140;206;156m[48;2;140;206;156m▀[0m[38;2;65;65;65m[48;2;140;206;156m▀[0m[38;2;214;156;140m[48;2;65;65;65m▀[0m[38;2;65;65;65m[48;2;214;156;140m▀[0m[38;2;214;156;140m[48;2;214;156;140m▀[0m[38;2;255;181;165m[48;2;173;90;99m▀[0m[38;2;255;181;165m[48;2;0;0;0m▀[0m[38;2;173;90;99m[48;2;65;65;65m▀[0m[38;2;214;123;132m[48;2;214;123;132m▀[0m[38;2;214;123;132m[48;2;214;123;132m▀[0m[38;2;0;0;0m[48;2;65;65;65m▀[0m[38;2;0;0;0m▄   
 [38;2;0;0;0m▄[38;2;0;0;0m[48;2;247;230;115m▀[0m[38;2;140;206;156m[48;2;140;206;156m▀[0m[38;2;140;206;156m[48;2;140;206;156m▀[0m[38;2;140;206;156m[48;2;247;230;115m▀[0m[38;2;247;230;115m[48;2;140;206;156m▀[0m[38;2;247;230;115m[48;2;140;206;156m▀[0m[38;2;140;206;156m[48;2;230;206;99m▀[0m[38;2;140;206;156m[48;2;140;206;156m▀[0m[38;2;65;65;65m[48;2;140;206;156m▀[0m[38;2;140;206;156m[48;2;65;65;65m▀[0m[38;2;90;173;115m[48;2;90;173;115m▀[0m[38;2;65;65;65m[48;2;65;65;65m▀[0m[38;2;65;65;65m[48;2;214;156;140m▀[0m[38;2;0;0;0m[48;2;214;156;140m▀[0m[38;2;0;0;0m▄[38;2;0;0;0m▀[38;2;65;65;65m[48;2;0;0;0m▀[0m[38;2;65;65;65m[48;2;90;173;115m▀[0m[38;2;90;173;115m[48;2;90;173;115m▀[0m[38;2;0;0;0m[48;2;0;0;0m▀[0m   
[38;2;0;0;0m▄[38;2;0;0;0m[48;2;230;206;99m▀[0m[38;2;247;230;115m[48;2;140;206;156m▀[0m[38;2;140;206;156m[48;2;140;206;156m▀[0m[38;2;247;230;115m[48;2;247;230;115m▀[0m[38;2;140;206;156m[48;2;140;206;156m▀[0m[38;2;247;230;115m[48;2;140;206;156m▀[0m[38;2;140;206;156m[48;2;230;206;99m▀[0m[38;2;230;206;99m[48;2;140;206;156m▀[0m[38;2;140;206;156m[48;2;65;65;65m▀[0m[38;2;90;173;115m[48;2;82;132;82m▀[0m[38;2;65;65;65m[48;2;90;173;115m▀[0m[38;2;90;173;115m[48;2;0;0;0m▀[0m[38;2;0;0;0m▀[38;2;214;156;140m[48;2;0;0;0m▀[0m[38;2;255;181;165m[48;2;255;181;165m▀[0m[38;2;255;181;165m[48;2;173;90;99m▀[0m[38;2;0;0;0m[48;2;173;90;99m▀[0m[38;2;230;206;99m[48;2;65;65;65m▀[0m[38;2;230;206;99m[48;2;230;206;99m▀[0m[38;2;181;148;66m[48;2;0;0;0m▀[0m[38;2;0;0;0m▀   
[38;2;0;0;0m[48;2;0;0;0m▀[0m[38;2;140;206;156m[48;2;82;132;82m▀[0m[38;2;140;206;156m[48;2;140;206;156m▀[0m[38;2;140;206;156m[48;2;140;206;156m▀[0m[38;2;140;206;156m[48;2;140;206;156m▀[0m[38;2;230;206;99m[48;2;140;206;156m▀[0m[38;2;230;206;99m[48;2;140;206;156m▀[0m[38;2;140;206;156m[48;2;90;173;115m▀[0m[38;2;65;65;65m[48;2;65;65;65m▀[0m[38;2;65;65;65m[48;2;247;230;115m▀[0m[38;2;65;65;65m[48;2;65;65;65m▀[0m[38;2;90;173;115m[48;2;90;173;115m▀[0m[38;2;0;0;0m[48;2;0;0;0m▀[0m  [38;2;0;0;0m[48;2;0;0;0m▀[0m[38;2;214;123;132m[48;2;214;123;132m▀[0m[38;2;214;123;132m[48;2;173;90;99m▀[0m[38;2;65;65;65m[48;2;65;65;65m▀[0m[38;2;0;0;0m[48;2;0;0;0m▀[0m     
 [38;2;0;0;0m[48;2;0;0;0m▀[0m[38;2;82;132;82m[48;2;65;65;65m▀[0m[38;2;140;206;156m[48;2;65;65;65m▀[0m[38;2;140;206;156m[48;2;65;65;65m▀[0m[38;2;90;173;115m[48;2;65;65;65m▀[0m[38;2;82;132;82m[48;2;65;65;65m▀[0m[38;2;65;65;65m[48;2;65;65;65m▀[0m[38;2;247;230;115m[48;2;65;65;65m▀[0m[38;2;230;206;99m[48;2;65;65;65m▀[0m[38;2;82;132;82m[48;2;90;173;115m▀[0m[38;2;0;0;0m[48;2;0;0;0m▀[0m[38;2;0;0;0m▄[38;2;0;0;0m▄[38;2;0;0;0m[48;2;140;206;156m▀[0m[38;2;140;206;156m[48;2;140;206;156m▀[0m[38;2;65;65;65m[48;2;140;206;156m▀[0m[38;2;65;65;65m[48;2;140;206;156m▀[0m[38;2;140;206;156m[48;2;140;206;156m▀[0m[38;2;140;206;156m[48;2;140;206;156m▀[0m[38;2;0;0;0m[48;2;140;206;156m▀[0m[38;2;0;0;0m▄[38;2;0;0;0m▄[38;2;0;0;0m▄ 
  [38;2;0;0;0m▀[38;2;90;173;115m[48;2;0;0;0m▀[0m[38;2;82;132;82m[48;2;0;0;0m▀[0m[38;2;65;65;65m[48;2;90;173;115m▀[0m[38;2;65;65;65m[48;2;90;173;115m▀[0m[38;2;82;132;82m[48;2;90;173;115m▀[0m[38;2;90;173;115m[48;2;0;0;0m▀[0m[38;2;90;173;115m[48;2;0;0;0m▀[0m[38;2;65;65;65m[48;2;82;132;82m▀[0m[38;2;82;132;82m[48;2;82;132;82m▀[0m[38;2;82;132;82m[48;2;65;65;65m▀[0m[38;2;140;206;156m[48;2;140;206;156m▀[0m[38;2;140;206;156m[48;2;247;230;115m▀[0m[38;2;140;206;156m[48;2;140;206;156m▀[0m[38;2;140;206;156m[48;2;140;206;156m▀[0m[38;2;140;206;156m[48;2;82;132;82m▀[0m[38;2;140;206;156m[48;2;140;206;156m▀[0m[38;2;140;206;156m[48;2;90;173;115m▀[0m[38;2;140;206;156m[48;2;140;206;156m▀[0m[38;2;90;173;115m[48;2;140;206;156m▀[0m[38;2;82;132;82m[48;2;82;132;82m▀[0m[38;2;90;173;115m[48;2;90;173;115m▀[0m[38;2;0;0;0m[48;2;0;0;0m▀[0m
     [38;2;0;0;0m▀[38;2;0;0;0m▀[38;2;0;0;0m▀  [38;2;0;0;0m▀[38;2;0;0;0m▀[38;2;0;0;0m▀[38;2;230;206;99m[48;2;0;0;0m▀[0m[38;2;140;206;156m[48;2;0;0;0m▀[0m[38;2;247;230;115m[48;2;230;206;99m▀[0m[38;2;65;65;65m[48;2;65;65;65m▀[0m[38;2;140;206;156m[48;2;140;206;156m▀[0m[38;2;140;206;156m[48;2;140;206;156m▀[0m[38;2;140;206;156m[48;2;90;173;115m▀[0m[38;2;65;65;65m[48;2;90;173;115m▀[0m[38;2;140;206;156m[48;2;0;0;0m▀[0m[38;2;0;0;0m▀[38;2;0;0;0m▀ 
               [38;2;0;0;0m▀[38;2;0;0;0m▀[38;2;0;0;0m▀[38;2;140;206;156m[48;2;0;0;0m▀[0m[38;2;90;173;115m[48;2;0;0;0m▀[0m[38;2;65;65;65m[48;2;0;0;0m▀[0m[38;2;0;0;0m▀   
[0m
