    [38;2;0;0;0m▄[38;2;0;0;0m[48;2;156;123;49m▀[0m[38;2;0;0;0m[48;2;197;173;49m▀[0m[38;2;0;0;0m[48;2;197;173;49m▀[0m[38;2;0;0;0m▄ [38;2;0;0;0m▄[38;2;0;0;0m▄[38;2;0;0;0m▄    
   [38;2;0;0;0m▄[38;2;0;0;0m[48;2;197;173;49m▀[0m[38;2;197;173;49m[48;2;156;123;49m▀[0m[38;2;156;123;49m[48;2;66;123;197m▀[0m[38;2;66;123;197m[48;2;156;214;247m▀[0m[38;2;66;123;197m[48;2;156;123;49m▀[0m[38;2;0;0;0m[48;2;247;222;66m▀[0m[38;2;247;222;66m[48;2;247;222;66m▀[0m[38;2;247;222;66m[48;2;247;222;66m▀[0m[38;2;247;222;66m[48;2;247;222;66m▀[0m[38;2;0;0;0m[48;2;197;173;49m▀[0m[38;2;0;0;0m▄  
   [38;2;0;0;0m[48;2;0;0;0m▀[0m[38;2;197;173;49m[48;2;197;173;49m▀[0m[38;2;156;123;49m[48;2;156;123;49m▀[0m[38;2;156;214;247m[48;2;156;123;49m▀[0m[38;2;156;123;49m[48;2;247;222;66m▀[0m[38;2;247;222;66m[48;2;247;222;66m▀[0m[38;2;247;222;66m[48;2;156;123;49m▀[0m[38;2;247;222;66m[48;2;65;65;65m▀[0m[38;2;247;222;66m[48;2;65;65;65m▀[0m[38;2;197;173;49m[48;2;197;173;49m▀[0m[38;2;197;173;49m[48;2;197;173;49m▀[0m[38;2;0;0;0m[48;2;0;0;0m▀[0m  
    [38;2;0;0;0m[48;2;0;0;0m▀[0m[38;2;197;173;49m[48;2;49;99;140m▀[0m[38;2;156;123;49m[48;2;247;222;66m▀[0m[38;2;247;222;66m[48;2;197;173;49m▀[0m[38;2;197;173;49m[48;2;0;0;0m▀[0m[38;2;156;214;247m[48;2;255;255;255m▀[0m[38;2;66;123;197m[48;2;156;214;247m▀[0m[38;2;66;123;197m[48;2;66;123;197m▀[0m[38;2;65;65;65m[48;2;66;123;197m▀[0m[38;2;197;173;49m[48;2;0;0;0m▀[0m[38;2;0;0;0m▀  
  [38;2;0;0;0m▄[38;2;0;0;0m[48;2;65;65;65m▀[0m[38;2;49;99;140m[48;2;156;123;49m▀[0m[38;2;156;123;49m[48;2;247;222;66m▀[0m[38;2;197;173;49m[48;2;247;222;66m▀[0m[38;2;255;255;255m[48;2;156;123;49m▀[0m[38;2;66;123;197m[48;2;156;214;247m▀[0m[38;2;255;255;255m[48;2;156;214;247m▀[0m[38;2;156;214;247m[48;2;66;123;197m▀[0m[38;2;66;123;197m[48;2;66;123;197m▀[0m[38;2;66;123;197m[48;2;66;123;197m▀[0m[38;2;0;0;0m[48;2;0;0;0m▀[0m   
 [38;2;0;0;0m[48;2;0;0;0m▀[0m[38;2;49;99;140m[48;2;49;99;140m▀[0m[38;2;49;99;140m[48;2;49;99;140m▀[0m[38;2;65;65;65m[48;2;65;65;65m▀[0m[38;2;156;123;49m[48;2;66;123;197m▀[0m[38;2;156;123;49m[48;2;66;123;197m▀[0m[38;2;66;123;197m[48;2;66;123;197m▀[0m[38;2;66;123;197m[48;2;66;123;197m▀[0m[38;2;66;123;197m[48;2;65;65;65m▀[0m[38;2;66;123;197m[48;2;66;123;197m▀[0m[38;2;66;123;197m[48;2;66;123;197m▀[0m[38;2;65;65;65m[48;2;66;123;197m▀[0m[38;2;0;0;0m[48;2;66;123;197m▀[0m[38;2;0;0;0m▄  
[38;2;0;0;0m[48;2;0;0;0m▀[0m[38;2;123;173;206m[48;2;0;0;0m▀[0m[38;2;123;173;206m[48;2;0;0;0m▀[0m[38;2;65;65;65m[48;2;65;65;65m▀[0m[38;2;255;255;255m[48;2;255;255;255m▀[0m[38;2;49;99;140m[48;2;49;99;140m▀[0m[38;2;66;123;197m[48;2;123;173;206m▀[0m[38;2;123;173;206m[48;2;255;255;255m▀[0m[38;2;49;99;140m[48;2;123;173;206m▀[0m[38;2;65;65;65m[48;2;49;99;140m▀[0m[38;2;66;123;197m[48;2;65;65;65m▀[0m[38;2;66;123;197m[48;2;66;123;197m▀[0m[38;2;66;123;197m[48;2;66;123;197m▀[0m[38;2;66;123;197m[48;2;66;123;197m▀[0m[38;2;66;123;197m[48;2;66;123;197m▀[0m[38;2;0;0;0m[48;2;0;0;0m▀[0m 
   [38;2;0;0;0m▀[38;2;123;173;206m[48;2;0;0;0m▀[0m[38;2;156;214;247m[48;2;156;214;247m▀[0m[38;2;123;173;206m[48;2;156;214;247m▀[0m[38;2;255;255;255m[48;2;123;173;206m▀[0m[38;2;123;173;206m[48;2;156;214;247m▀[0m[38;2;156;214;247m[48;2;156;214;247m▀[0m[38;2;65;65;65m[48;2;156;214;247m▀[0m[38;2;123;173;206m[48;2;65;65;65m▀[0m[38;2;66;123;197m[48;2;123;173;206m▀[0m[38;2;66;123;197m[48;2;156;214;247m▀[0m[38;2;66;123;197m[48;2;66;123;197m▀[0m[38;2;66;123;197m[48;2;66;123;197m▀[0m[38;2;0;0;0m[48;2;0;0;0m▀[0m
   [38;2;0;0;0m▄[38;2;0;0;0m[48;2;197;173;49m▀[0m[38;2;65;65;65m[48;2;197;173;49m▀[0m[38;2;123;173;206m[48;2;65;65;65m▀[0m[38;2;255;255;255m[48;2;0;0;0m▀[0m[38;2;123;173;206m[48;2;123;173;206m▀[0m[38;2;156;214;247m[48;2;123;173;206m▀[0m[38;2;156;214;247m[48;2;123;173;206m▀[0m[38;2;156;214;247m[48;2;123;173;206m▀[0m[38;2;65;65;65m[48;2;123;173;206m▀[0m[38;2;65;65;65m[48;2;0;0;0m▀[0m[38;2;156;214;247m[48;2;0;0;0m▀[0m[38;2;156;214;247m[48;2;0;0;0m▀[0m[38;2;0;0;0m[48;2;0;0;0m▀[0m
    [38;2;0;0;0m▀[38;2;0;0;0m▀[38;2;0;0;0m▀ [38;2;0;0;0m[48;2;0;0;0m▀[0m[38;2;123;173;206m[48;2;197;173;49m▀[0m[38;2;123;173;206m[48;2;156;123;49m▀[0m[38;2;123;173;206m[48;2;197;173;49m▀[0m[38;2;0;0;0m[48;2;0;0;0m▀[0m    
        [38;2;0;0;0m▀[38;2;247;222;66m[48;2;0;0;0m▀[0m[38;2;0;0;0m▀[38;2;247;222;66m[48;2;0;0;0m▀[0m[38;2;0;0;0m▀    
[0m
