         [38;2;8;4;0m▄[38;2;0;0;0m[48;2;98;101;98m▀[0m[38;2;0;0;0m▄                     
       [38;2;0;0;0m▄[38;2;0;0;0m[48;2;94;97;94m▀[0m[38;2;98;101;98m[48;2;95;97;95m▀[0m[38;2;68;68;65m[48;2;95;97;95m▀[0m[38;2;0;0;0m[48;2;0;0;0m▀[0m              [38;2;0;0;0m▄[38;2;0;0;0m[48;2;255;206;65m▀[0m[38;2;0;0;0m[48;2;0;0;0m▀[0m    
  [38;2;0;0;0m▄[38;2;0;0;0m[48;2;76;74;68m▀[0m[38;2;0;0;0m▄ [38;2;0;0;0m▄[38;2;0;0;0m[48;2;95;97;95m▀[0m[38;2;94;97;94m[48;2;95;97;95m▀[0m[38;2;95;97;95m[48;2;95;97;95m▀[0m[38;2;95;97;95m[48;2;95;97;95m▀[0m[38;2;94;97;94m[48;2;94;97;94m▀[0m[38;2;0;0;0m[48;2;0;0;0m▀[0m   [38;2;0;0;0m▄[38;2;0;0;0m▄[38;2;0;0;0m[48;2;94;97;94m▀[0m[38;2;0;0;0m▄  [38;2;0;0;0m▄[38;2;0;0;0m[48;2;255;206;65m▀[0m[38;2;0;0;0m[48;2;255;206;65m▀[0m[38;2;0;0;0m[48;2;254;206;63m▀[0m[38;2;255;206;65m[48;2;254;206;63m▀[0m[38;2;255;206;65m[48;2;255;210;74m▀[0m[38;2;0;0;0m[48;2;8;8;8m▀[0m    
 [38;2;0;0;0m[48;2;0;0;0m▀[0m[38;2;82;78;69m[48;2;82;79;68m▀[0m[38;2;76;74;68m[48;2;82;78;68m▀[0m[38;2;76;74;68m[48;2;82;78;68m▀[0m[38;2;0;0;0m[48;2;95;97;95m▀[0m[38;2;94;97;94m[48;2;95;97;95m▀[0m[38;2;95;97;95m[48;2;95;97;95m▀[0m[38;2;95;97;95m[48;2;95;97;95m▀[0m[38;2;95;97;95m[48;2;95;97;95m▀[0m[38;2;95;97;95m[48;2;95;97;95m▀[0m[38;2;94;97;94m[48;2;93;95;95m▀[0m[38;2;94;97;94m[48;2;79;78;68m▀[0m[38;2;0;0;0m[48;2;82;80;65m▀[0m[38;2;0;0;0m[48;2;94;97;94m▀[0m[38;2;0;0;0m[48;2;95;97;95m▀[0m[38;2;94;97;94m[48;2;95;97;95m▀[0m[38;2;94;97;94m[48;2;95;97;95m▀[0m[38;2;94;97;94m[48;2;95;97;95m▀[0m[38;2;0;0;0m[48;2;0;0;0m▀[0m   [38;2;0;0;0m▀[38;2;255;206;65m[48;2;0;0;0m▀[0m[38;2;254;206;63m[48;2;255;206;65m▀[0m[38;2;254;206;63m[48;2;189;161;79m▀[0m[38;2;255;210;74m[48;2;191;161;76m▀[0m[38;2;172;143;52m[48;2;191;161;76m▀[0m[38;2;0;0;0m[48;2;189;161;82m▀[0m[38;2;0;0;0m▄  
[38;2;0;0;0m[48;2;0;0;0m▀[0m[38;2;82;79;68m[48;2;57;70;74m▀[0m[38;2;82;79;68m[48;2;57;70;74m▀[0m[38;2;82;78;68m[48;2;65;64;65m▀[0m[38;2;65;64;65m[48;2;98;97;90m▀[0m[38;2;95;97;95m[48;2;95;97;95m▀[0m[38;2;95;97;95m[48;2;95;97;95m▀[0m[38;2;95;97;95m[48;2;95;97;95m▀[0m[38;2;95;97;95m[48;2;95;97;95m▀[0m[38;2;95;97;95m[48;2;95;97;95m▀[0m[38;2;95;97;95m[48;2;95;97;95m▀[0m[38;2;79;78;68m[48;2;95;97;95m▀[0m[38;2;93;95;95m[48;2;95;97;95m▀[0m[38;2;94;97;94m[48;2;94;97;94m▀[0m[38;2;94;97;94m[48;2;94;97;94m▀[0m[38;2;95;97;95m[48;2;95;97;95m▀[0m[38;2;95;97;95m[48;2;95;97;95m▀[0m[38;2;95;97;95m[48;2;94;97;94m▀[0m[38;2;95;97;95m[48;2;0;0;0m▀[0m[38;2;0;0;0m▀    [38;2;0;0;0m[48;2;0;0;0m▀[0m[38;2;189;161;79m[48;2;189;161;82m▀[0m[38;2;189;161;79m[48;2;0;0;0m▀[0m[38;2;65;64;65m[48;2;65;68;65m▀[0m[38;2;65;64;65m[48;2;98;101;98m▀[0m[38;2;0;0;0m[48;2;0;0;0m▀[0m   
[38;2;0;0;0m▄[38;2;24;12;0m[48;2;106;178;222m▀[0m[38;2;123;186;222m[48;2;82;80;65m▀[0m[38;2;76;75;74m[48;2;95;97;95m▀[0m[38;2;98;97;90m[48;2;95;97;95m▀[0m[38;2;95;97;95m[48;2;95;97;95m▀[0m[38;2;95;97;95m[48;2;95;97;95m▀[0m[38;2;95;97;95m[48;2;95;97;95m▀[0m[38;2;95;97;95m[48;2;95;97;95m▀[0m[38;2;95;97;95m[48;2;95;97;95m▀[0m[38;2;95;97;95m[48;2;95;97;95m▀[0m[38;2;95;97;95m[48;2;90;113;120m▀[0m[38;2;95;97;95m[48;2;65;60;57m▀[0m[38;2;65;64;65m[48;2;139;226;255m▀[0m[38;2;65;64;65m[48;2;139;226;255m▀[0m[38;2;95;97;95m[48;2;65;60;57m▀[0m[38;2;95;97;95m[48;2;90;113;120m▀[0m[38;2;94;97;94m[48;2;0;0;0m▀[0m[38;2;0;0;0m▀ [38;2;0;0;0m▄[38;2;0;0;0m▄[38;2;0;0;0m[48;2;82;79;68m▀[0m[38;2;0;0;0m▄ [38;2;0;0;0m▀ [38;2;0;4;0m▀[38;2;65;68;65m[48;2;0;0;0m▀[0m[38;2;94;97;94m[48;2;68;68;65m▀[0m[38;2;0;0;0m[48;2;98;101;98m▀[0m[38;2;0;0;0m▄ 
[38;2;0;0;0m[48;2;0;0;0m▀[0m[38;2;106;178;222m[48;2;106;178;222m▀[0m[38;2;82;80;65m[48;2;95;97;95m▀[0m[38;2;95;97;95m[48;2;95;97;95m▀[0m[38;2;95;97;95m[48;2;95;97;95m▀[0m[38;2;95;97;95m[48;2;95;97;95m▀[0m[38;2;95;97;95m[48;2;95;97;95m▀[0m[38;2;95;97;95m[48;2;95;97;95m▀[0m[38;2;95;97;95m[48;2;95;97;95m▀[0m[38;2;95;97;95m[48;2;93;95;95m▀[0m[38;2;95;97;95m[48;2;93;95;95m▀[0m[38;2;65;60;57m[48;2;131;89;24m▀[0m[38;2;139;218;246m[48;2;145;138;95m▀[0m[38;2;189;157;65m[48;2;255;206;65m▀[0m[38;2;139;226;255m[48;2;193;157;65m▀[0m[38;2;139;218;246m[48;2;139;226;255m▀[0m[38;2;65;60;57m[48;2;65;64;65m▀[0m[38;2;0;0;0m[48;2;94;97;94m▀[0m[38;2;0;0;0m▄[38;2;0;0;0m[48;2;65;64;65m▀[0m[38;2;82;78;69m[48;2;76;75;74m▀[0m[38;2;82;79;68m[48;2;82;79;68m▀[0m[38;2;82;79;68m[48;2;0;0;0m▀[0m[38;2;0;0;0m▀     [38;2;8;4;0m▀[38;2;98;101;98m[48;2;0;0;0m▀[0m[38;2;0;0;0m[48;2;94;97;94m▀[0m[38;2;0;0;0m▄
[38;2;0;0;0m▀[38;2;106;178;222m[48;2;0;0;0m▀[0m[38;2;95;97;95m[48;2;94;97;94m▀[0m[38;2;95;97;95m[48;2;95;97;95m▀[0m[38;2;95;97;95m[48;2;95;97;95m▀[0m[38;2;95;97;95m[48;2;94;97;94m▀[0m[38;2;95;97;95m[48;2;94;97;94m▀[0m[38;2;95;97;95m[48;2;84;82;63m▀[0m[38;2;95;97;95m[48;2;84;82;63m▀[0m[38;2;79;78;68m[48;2;255;97;57m▀[0m[38;2;79;78;68m[48;2;180;71;41m▀[0m[38;2;172;238;238m[48;2;139;226;255m▀[0m[38;2;145;138;95m[48;2;189;157;65m▀[0m[38;2;255;206;65m[48;2;213;174;65m▀[0m[38;2;193;157;65m[48;2;213;174;65m▀[0m[38;2;139;226;255m[48;2;139;218;246m▀[0m[38;2;65;64;65m[48;2;65;60;57m▀[0m[38;2;94;97;94m[48;2;94;97;94m▀[0m[38;2;94;97;94m[48;2;94;97;94m▀[0m[38;2;98;97;90m[48;2;65;64;65m▀[0m[38;2;65;64;65m[48;2;82;78;68m▀[0m[38;2;82;79;68m[48;2;82;78;68m▀[0m[38;2;0;0;0m[48;2;65;64;65m▀[0m[38;2;0;0;0m▄[38;2;0;0;0m[48;2;82;79;68m▀[0m[38;2;0;0;0m[48;2;82;78;69m▀[0m[38;2;0;0;0m▄   [38;2;0;0;0m[48;2;0;0;0m▀[0m[38;2;94;97;94m[48;2;94;97;94m▀[0m[38;2;0;0;0m[48;2;0;0;0m▀[0m
 [38;2;0;0;0m▀[38;2;94;97;94m[48;2;0;0;0m▀[0m[38;2;95;97;95m[48;2;95;97;95m▀[0m[38;2;95;97;95m[48;2;95;97;95m▀[0m[38;2;94;97;94m[48;2;82;80;65m▀[0m[38;2;82;80;65m[48;2;139;226;255m▀[0m[38;2;0;16;49m[48;2;189;157;65m▀[0m[38;2;255;214;90m[48;2;189;157;65m▀[0m[38;2;255;97;57m[48;2;106;72;57m▀[0m[38;2;180;71;41m[48;2;139;226;255m▀[0m[38;2;139;226;255m[48;2;139;226;255m▀[0m[38;2;139;226;255m[48;2;82;80;65m▀[0m[38;2;213;174;65m[48;2;65;64;65m▀[0m[38;2;139;226;255m[48;2;65;64;65m▀[0m[38;2;65;60;57m[48;2;94;97;94m▀[0m[38;2;90;113;120m[48;2;65;64;65m▀[0m[38;2;94;97;94m[48;2;65;64;65m▀[0m[38;2;65;64;65m[48;2;94;97;94m▀[0m[38;2;82;78;68m[48;2;94;97;94m▀[0m[38;2;82;78;68m[48;2;65;64;65m▀[0m[38;2;82;78;68m[48;2;65;64;65m▀[0m[38;2;82;78;68m[48;2;76;75;74m▀[0m[38;2;82;79;68m[48;2;76;74;68m▀[0m[38;2;82;79;68m[48;2;0;0;0m▀[0m[38;2;0;0;0m▀   [38;2;8;4;0m▄[38;2;0;0;0m[48;2;106;105;98m▀[0m[38;2;94;97;94m[48;2;0;0;0m▀[0m[38;2;0;0;0m▀
  [38;2;0;0;0m[48;2;0;0;0m▀[0m[38;2;95;97;95m[48;2;255;97;57m▀[0m[38;2;95;97;95m[48;2;255;97;57m▀[0m[38;2;82;80;65m[48;2;111;180;226m▀[0m[38;2;139;226;255m[48;2;139;226;255m▀[0m[38;2;139;226;255m[48;2;139;226;255m▀[0m[38;2;139;226;255m[48;2;139;226;255m▀[0m[38;2;106;72;57m[48;2;139;226;255m▀[0m[38;2;106;72;57m[48;2;74;68;65m▀[0m[38;2;82;80;65m[48;2;82;78;68m▀[0m[38;2;82;80;65m[48;2;65;64;65m▀[0m[38;2;82;78;68m[48;2;65;64;65m▀[0m[38;2;65;64;65m[48;2;82;78;68m▀[0m[38;2;65;64;65m[48;2;98;97;90m▀[0m[38;2;94;97;94m[48;2;98;97;90m▀[0m[38;2;94;97;94m[48;2;74;68;57m▀[0m[38;2;65;64;65m[48;2;87;105;112m▀[0m[38;2;94;97;94m[48;2;95;97;95m▀[0m[38;2;94;97;94m[48;2;95;97;95m▀[0m[38;2;98;97;90m[48;2;94;97;94m▀[0m[38;2;65;64;65m[48;2;94;97;94m▀[0m[38;2;76;74;68m[48;2;65;64;65m▀[0m[38;2;76;74;68m[48;2;0;0;0m▀[0m[38;2;0;0;0m[48;2;82;79;68m▀[0m[38;2;0;0;0m[48;2;82;79;68m▀[0m[38;2;0;0;0m[48;2;82;79;68m▀[0m[38;2;0;0;0m[48;2;82;79;68m▀[0m[38;2;74;71;65m[48;2;0;0;0m▀[0m[38;2;74;71;65m[48;2;0;0;0m▀[0m[38;2;0;0;0m▀ 
   [38;2;0;0;0m▀[38;2;0;0;0m▀[38;2;139;226;255m[48;2;0;0;0m▀[0m[38;2;139;226;255m[48;2;65;64;65m▀[0m[38;2;139;226;255m[48;2;65;64;65m▀[0m[38;2;65;64;65m[48;2;82;78;68m▀[0m[38;2;74;68;65m[48;2;76;74;68m▀[0m[38;2;74;68;65m[48;2;76;74;68m▀[0m[38;2;82;78;68m[48;2;82;78;68m▀[0m[38;2;82;78;68m[48;2;82;78;68m▀[0m[38;2;82;78;68m[48;2;79;78;68m▀[0m[38;2;82;78;68m[48;2;79;78;68m▀[0m[38;2;76;75;74m[48;2;82;80;65m▀[0m[38;2;65;64;65m[48;2;94;97;94m▀[0m[38;2;115;178;222m[48;2;98;97;98m▀[0m[38;2;74;68;57m[48;2;65;64;65m▀[0m[38;2;95;97;95m[48;2;95;97;95m▀[0m[38;2;95;97;95m[48;2;95;97;95m▀[0m[38;2;94;97;94m[48;2;90;89;82m▀[0m[38;2;82;80;65m[48;2;106;178;222m▀[0m[38;2;0;0;0m[48;2;0;0;0m▀[0m [38;2;0;0;0m▀[38;2;0;0;0m▀[38;2;0;0;0m▀[38;2;0;0;0m▀    
     [38;2;0;0;0m▄[38;2;0;0;0m[48;2;82;79;68m▀[0m[38;2;82;78;68m[48;2;106;89;57m▀[0m[38;2;82;78;68m[48;2;131;190;213m▀[0m[38;2;76;74;68m[48;2;0;0;0m▀[0m[38;2;0;0;0m▀[38;2;65;64;65m[48;2;0;0;0m▀[0m[38;2;82;78;68m[48;2;65;64;65m▀[0m[38;2;79;78;68m[48;2;95;97;95m▀[0m[38;2;93;95;95m[48;2;95;97;95m▀[0m[38;2;94;97;94m[48;2;94;97;94m▀[0m[38;2;94;97;94m[48;2;0;0;0m▀[0m[38;2;0;0;0m▀[38;2;0;0;0m▀[38;2;95;97;95m[48;2;0;0;0m▀[0m[38;2;95;97;95m[48;2;94;97;94m▀[0m[38;2;90;89;82m[48;2;82;80;65m▀[0m[38;2;106;178;222m[48;2;106;178;222m▀[0m[38;2;0;0;0m[48;2;106;178;222m▀[0m[38;2;0;0;0m▄        
    [38;2;0;0;0m▄[38;2;0;0;0m[48;2;82;79;68m▀[0m[38;2;82;79;68m[48;2;82;79;68m▀[0m[38;2;106;89;57m[48;2;76;74;63m▀[0m[38;2;115;122;109m[48;2;164;198;189m▀[0m[38;2;0;0;0m[48;2;0;0;0m▀[0m  [38;2;0;0;0m[48;2;0;0;0m▀[0m[38;2;95;97;95m[48;2;95;97;95m▀[0m[38;2;95;97;95m[48;2;95;97;95m▀[0m[38;2;94;97;94m[48;2;98;101;98m▀[0m[38;2;0;0;0m[48;2;0;4;0m▀[0m   [38;2;0;0;0m▀[38;2;106;178;222m[48;2;0;0;8m▀[0m[38;2;106;178;222m[48;2;123;198;246m▀[0m[38;2;106;178;222m[48;2;106;174;224m▀[0m[38;2;106;178;222m[48;2;106;174;224m▀[0m[38;2;0;0;0m[48;2;0;0;0m▀[0m       
   [38;2;0;0;0m[48;2;0;0;0m▀[0m[38;2;82;78;69m[48;2;65;64;65m▀[0m[38;2;82;79;68m[48;2;82;79;68m▀[0m[38;2;82;79;68m[48;2;82;79;68m▀[0m[38;2;120;136;126m[48;2;82;78;69m▀[0m[38;2;32;12;0m[48;2;0;0;0m▀[0m  [38;2;0;0;0m▄[38;2;0;0;0m[48;2;94;97;94m▀[0m[38;2;95;97;95m[48;2;94;97;94m▀[0m[38;2;95;97;95m[48;2;94;97;94m▀[0m[38;2;65;68;65m[48;2;94;97;94m▀[0m[38;2;65;68;65m[48;2;94;97;94m▀[0m[38;2;0;0;0m[48;2;0;0;0m▀[0m  [38;2;0;0;0m▀[38;2;123;198;246m[48;2;0;0;0m▀[0m[38;2;82;132;167m[48;2;0;0;0m▀[0m[38;2;139;230;255m[48;2;0;0;0m▀[0m[38;2;74;117;194m[48;2;0;0;0m▀[0m[38;2;0;0;0m▀       
    [38;2;0;0;0m▀[38;2;0;0;0m▀[38;2;0;0;0m▀[38;2;0;0;0m▀   [38;2;0;0;0m▀[38;2;94;97;94m[48;2;0;0;0m▀[0m[38;2;82;80;65m[48;2;0;0;0m▀[0m[38;2;94;97;94m[48;2;0;0;0m▀[0m[38;2;94;97;94m[48;2;0;0;0m▀[0m[38;2;0;0;0m▀                
[0m
