    [38;2;0;0;0m▄[38;2;0;0;0m[48;2;82;197;82m▀[0m[38;2;0;0;0m[48;2;82;197;82m▀[0m[38;2;0;0;0m[48;2;82;197;82m▀[0m[38;2;0;0;0m▄[38;2;0;0;0m▄[38;2;0;0;0m[48;2;74;148;82m▀[0m[38;2;0;0;0m[48;2;82;197;82m▀[0m[38;2;0;0;0m[48;2;82;197;82m▀[0m[38;2;0;0;0m▄    
  [38;2;0;0;0m▄[38;2;0;0;0m[48;2;82;197;82m▀[0m[38;2;82;197;82m[48;2;82;197;82m▀[0m[38;2;82;197;82m[48;2;82;197;82m▀[0m[38;2;82;197;82m[48;2;82;197;82m▀[0m[38;2;82;197;82m[48;2;82;197;82m▀[0m[38;2;82;197;82m[48;2;74;148;82m▀[0m[38;2;65;65;65m[48;2;74;148;82m▀[0m[38;2;74;148;82m[48;2;74;148;82m▀[0m[38;2;74;148;82m[48;2;0;0;0m▀[0m[38;2;82;197;82m[48;2;0;0;0m▀[0m[38;2;82;197;82m[48;2;82;197;82m▀[0m[38;2;0;0;0m[48;2;0;0;0m▀[0m   
   [38;2;0;0;0m▀[38;2;0;0;0m▀[38;2;82;197;82m[48;2;0;0;0m▀[0m[38;2;82;197;82m[48;2;65;65;65m▀[0m[38;2;65;65;65m[48;2;58;115;58m▀[0m[38;2;65;65;65m[48;2;58;115;58m▀[0m[38;2;74;148;82m[48;2;65;65;65m▀[0m[38;2;0;0;0m[48;2;58;115;58m▀[0m[38;2;0;0;0m▄ [38;2;0;0;0m▀[38;2;0;0;0m▀   
    [38;2;0;0;0m▄[38;2;0;0;0m▄[38;2;0;0;0m[48;2;0;0;0m▀[0m[38;2;58;115;58m[48;2;58;115;58m▀[0m[38;2;58;115;58m[48;2;0;0;0m▀[0m[38;2;0;0;0m▀[38;2;58;115;58m[48;2;0;0;0m▀[0m[38;2;58;115;58m[48;2;58;115;58m▀[0m[38;2;0;0;0m[48;2;58;115;58m▀[0m[38;2;0;0;0m[48;2;65;65;65m▀[0m[38;2;0;0;0m[48;2;247;115;156m▀[0m[38;2;0;0;0m[48;2;247;115;156m▀[0m[38;2;0;0;0m▄ 
 [38;2;0;0;0m▄[38;2;0;0;0m[48;2;247;115;156m▀[0m[38;2;0;0;0m[48;2;247;115;156m▀[0m[38;2;247;115;156m[48;2;189;66;107m▀[0m[38;2;189;66;107m[48;2;247;115;156m▀[0m[38;2;189;66;107m[48;2;247;115;156m▀[0m[38;2;0;0;0m[48;2;247;115;156m▀[0m[38;2;0;0;0m[48;2;247;115;156m▀[0m[38;2;0;0;0m▄ [38;2;0;0;0m[48;2;0;0;0m▀[0m[38;2;65;65;65m[48;2;197;99;132m▀[0m[38;2;247;115;156m[48;2;247;115;156m▀[0m[38;2;247;115;156m[48;2;247;115;156m▀[0m[38;2;247;115;156m[48;2;247;115;156m▀[0m[38;2;247;115;156m[48;2;197;99;132m▀[0m[38;2;0;0;0m[48;2;0;0;0m▀[0m
[38;2;0;0;0m▄[38;2;0;0;0m[48;2;255;255;255m▀[0m[38;2;247;115;156m[48;2;247;115;156m▀[0m[38;2;189;66;107m[48;2;189;66;107m▀[0m[38;2;247;115;156m[48;2;247;115;156m▀[0m[38;2;247;115;156m[48;2;247;115;156m▀[0m[38;2;247;115;156m[48;2;247;115;156m▀[0m[38;2;247;115;156m[48;2;247;115;156m▀[0m[38;2;247;115;156m[48;2;247;115;156m▀[0m[38;2;0;0;0m[48;2;247;115;156m▀[0m[38;2;0;0;0m▄[38;2;0;0;0m▀[38;2;197;99;132m[48;2;0;0;0m▀[0m[38;2;197;99;132m[48;2;197;99;132m▀[0m[38;2;197;99;132m[48;2;197;99;132m▀[0m[38;2;197;99;132m[48;2;197;99;132m▀[0m[38;2;197;99;132m[48;2;0;0;0m▀[0m[38;2;0;0;0m▀
[38;2;0;0;0m[48;2;0;0;0m▀[0m[38;2;0;0;0m[48;2;197;99;132m▀[0m[38;2;247;115;156m[48;2;189;66;107m▀[0m[38;2;247;115;156m[48;2;189;66;107m▀[0m[38;2;247;115;156m[48;2;247;115;156m▀[0m[38;2;255;255;255m[48;2;0;0;0m▀[0m[38;2;247;115;156m[48;2;247;115;156m▀[0m[38;2;247;115;156m[48;2;197;99;132m▀[0m[38;2;247;115;156m[48;2;197;99;132m▀[0m[38;2;197;99;132m[48;2;197;99;132m▀[0m[38;2;0;0;0m[48;2;0;0;0m▀[0m  [38;2;0;0;0m▀[38;2;0;0;0m▀[38;2;0;0;0m▀  
 [38;2;0;0;0m[48;2;0;0;0m▀[0m[38;2;197;99;132m[48;2;0;0;0m▀[0m[38;2;197;99;132m[48;2;0;0;0m▀[0m[38;2;197;99;132m[48;2;197;99;132m▀[0m[38;2;197;99;132m[48;2;197;99;132m▀[0m[38;2;197;99;132m[48;2;197;99;132m▀[0m[38;2;197;99;132m[48;2;197;99;132m▀[0m[38;2;197;99;132m[48;2;197;99;132m▀[0m[38;2;0;0;0m[48;2;0;0;0m▀[0m        
    [38;2;0;0;0m▀[38;2;0;0;0m▀[38;2;65;65;65m[48;2;0;0;0m▀[0m[38;2;197;99;132m[48;2;0;0;0m▀[0m[38;2;0;0;0m▀         
[0m
