   [38;2;0;0;0m▄[38;2;0;0;0m[48;2;206;74;115m▀[0m[38;2;0;0;0m[48;2;206;74;115m▀[0m[38;2;0;0;0m[48;2;65;65;65m▀[0m[38;2;0;0;0m▄[38;2;0;0;0m[48;2;206;74;115m▀[0m[38;2;0;0;0m[48;2;206;74;115m▀[0m[38;2;0;0;0m▄      
  [38;2;0;0;0m[48;2;0;0;0m▀[0m[38;2;206;74;115m[48;2;255;140;181m▀[0m[38;2;206;74;115m[48;2;65;65;65m▀[0m[38;2;65;65;65m[48;2;206;74;115m▀[0m[38;2;206;74;115m[48;2;206;74;115m▀[0m[38;2;206;74;115m[48;2;206;74;115m▀[0m[38;2;65;65;65m[48;2;65;65;65m▀[0m[38;2;65;65;65m[48;2;206;74;115m▀[0m[38;2;0;0;0m[48;2;206;74;115m▀[0m[38;2;0;0;0m▄     
  [38;2;0;0;0m[48;2;0;0;0m▀[0m[38;2;255;140;181m[48;2;206;99;132m▀[0m[38;2;65;65;65m[48;2;65;65;65m▀[0m[38;2;255;140;181m[48;2;255;140;181m▀[0m[38;2;255;140;181m[48;2;255;140;181m▀[0m[38;2;65;65;65m[48;2;65;65;65m▀[0m[38;2;206;74;115m[48;2;255;140;181m▀[0m[38;2;206;74;115m[48;2;206;74;115m▀[0m[38;2;206;74;115m[48;2;206;74;115m▀[0m[38;2;0;0;0m[48;2;0;0;0m▀[0m     
 [38;2;0;0;0m[48;2;0;0;0m▀[0m[38;2;255;140;181m[48;2;255;140;181m▀[0m[38;2;206;99;132m[48;2;255;140;181m▀[0m[38;2;206;99;132m[48;2;206;99;132m▀[0m[38;2;255;140;181m[48;2;206;99;132m▀[0m[38;2;65;65;65m[48;2;206;99;132m▀[0m[38;2;173;74;107m[48;2;206;99;132m▀[0m[38;2;255;140;181m[48;2;206;99;132m▀[0m[38;2;255;140;181m[48;2;65;65;65m▀[0m[38;2;0;0;0m[48;2;0;0;0m▀[0m      
[38;2;0;0;0m[48;2;0;0;0m▀[0m[38;2;247;247;41m[48;2;65;65;65m▀[0m[38;2;255;140;181m[48;2;255;140;181m▀[0m[38;2;255;140;181m[48;2;255;140;181m▀[0m[38;2;255;140;181m[48;2;255;140;181m▀[0m[38;2;255;140;181m[48;2;247;247;41m▀[0m[38;2;255;255;255m[48;2;0;0;0m▀[0m[38;2;255;140;181m[48;2;247;247;41m▀[0m[38;2;255;140;181m[48;2;255;140;181m▀[0m[38;2;255;140;181m[48;2;255;140;181m▀[0m[38;2;173;74;107m[48;2;255;140;181m▀[0m[38;2;0;0;0m[48;2;0;0;0m▀[0m[38;2;0;0;0m▄[38;2;0;0;0m▄   
[38;2;0;0;0m▀[38;2;247;247;41m[48;2;0;0;0m▀[0m[38;2;65;65;65m[48;2;247;247;41m▀[0m[38;2;189;165;66m[48;2;247;247;41m▀[0m[38;2;189;165;66m[48;2;247;247;41m▀[0m[38;2;189;165;66m[48;2;247;247;41m▀[0m[38;2;0;0;0m[48;2;189;165;66m▀[0m[38;2;247;247;41m[48;2;65;65;65m▀[0m[38;2;255;140;181m[48;2;206;99;132m▀[0m[38;2;255;140;181m[48;2;206;99;132m▀[0m[38;2;206;99;132m[48;2;65;65;65m▀[0m[38;2;65;65;65m[48;2;173;74;107m▀[0m[38;2;206;99;132m[48;2;206;99;132m▀[0m[38;2;0;0;0m[48;2;0;0;0m▀[0m[38;2;0;0;0m[48;2;255;140;181m▀[0m[38;2;0;0;0m[48;2;0;0;0m▀[0m 
  [38;2;0;0;0m▀[38;2;0;0;0m▀[38;2;189;165;66m[48;2;0;0;0m▀[0m[38;2;189;165;66m[48;2;0;0;0m▀[0m[38;2;247;247;41m[48;2;65;65;65m▀[0m[38;2;189;165;66m[48;2;189;189;197m▀[0m[38;2;206;99;132m[48;2;189;165;66m▀[0m[38;2;206;99;132m[48;2;206;99;132m▀[0m[38;2;65;65;65m[48;2;255;140;181m▀[0m[38;2;255;140;181m[48;2;255;140;181m▀[0m[38;2;65;65;65m[48;2;255;140;181m▀[0m[38;2;206;99;132m[48;2;65;65;65m▀[0m[38;2;255;140;181m[48;2;65;65;65m▀[0m[38;2;0;0;0m[48;2;206;99;132m▀[0m[38;2;0;0;0m▄
    [38;2;0;0;0m▄[38;2;0;0;0m[48;2;255;255;255m▀[0m[38;2;189;189;197m[48;2;255;255;255m▀[0m[38;2;189;189;197m[48;2;255;255;255m▀[0m[38;2;247;247;41m[48;2;189;189;197m▀[0m[38;2;206;99;132m[48;2;247;247;41m▀[0m[38;2;255;140;181m[48;2;206;99;132m▀[0m[38;2;255;140;181m[48;2;206;99;132m▀[0m[38;2;206;99;132m[48;2;206;99;132m▀[0m[38;2;206;99;132m[48;2;206;99;132m▀[0m[38;2;206;99;132m[48;2;65;65;65m▀[0m[38;2;206;99;132m[48;2;0;0;0m▀[0m[38;2;0;0;0m▀
   [38;2;0;0;0m[48;2;0;0;0m▀[0m[38;2;65;65;65m[48;2;189;189;197m▀[0m[38;2;255;255;255m[48;2;65;65;65m▀[0m[38;2;255;255;255m[48;2;255;255;255m▀[0m[38;2;255;255;255m[48;2;189;189;197m▀[0m[38;2;255;255;255m[48;2;255;255;255m▀[0m[38;2;189;189;197m[48;2;255;255;255m▀[0m[38;2;247;247;41m[48;2;189;189;197m▀[0m[38;2;247;247;41m[48;2;189;189;197m▀[0m[38;2;189;165;66m[48;2;189;189;197m▀[0m[38;2;189;165;66m[48;2;189;189;197m▀[0m[38;2;189;189;197m[48;2;0;0;0m▀[0m[38;2;0;0;0m▀ 
    [38;2;0;0;0m▀[38;2;0;0;0m▀[38;2;0;0;0m▀[38;2;0;0;0m▀[38;2;189;189;197m[48;2;0;0;0m▀[0m[38;2;255;255;255m[48;2;0;0;0m▀[0m[38;2;189;189;197m[48;2;0;0;0m▀[0m[38;2;65;65;65m[48;2;0;0;0m▀[0m[38;2;0;0;0m▀[38;2;0;0;0m▀   
[0m
