        [38;2;0;4;0m▄[38;2;0;4;0m[48;2;115;146;231m▀[0m[38;2;0;4;0m▄                        
        [38;2;0;8;8m[48;2;0;8;8m▀[0m[38;2;115;154;247m[48;2;76;105;167m▀[0m[38;2;115;150;239m[48;2;76;102;162m▀[0m[38;2;0;8;8m[48;2;115;150;239m▀[0m[38;2;0;4;0m[48;2;74;113;189m▀[0m[38;2;0;4;0m▄[38;2;0;4;0m▄                    
         [38;2;0;4;0m[48;2;0;4;0m▀[0m[38;2;74;113;192m[48;2;74;113;192m▀[0m[38;2;74;113;192m[48;2;74;113;192m▀[0m[38;2;74;113;192m[48;2;74;113;192m▀[0m[38;2;74;113;192m[48;2;74;113;192m▀[0m[38;2;76;105;172m[48;2;76;105;172m▀[0m[38;2;0;8;8m[48;2;115;154;255m▀[0m[38;2;0;4;0m[48;2;115;146;231m▀[0m[38;2;0;4;0m[48;2;115;146;231m▀[0m[38;2;0;4;0m▄[38;2;0;4;0m▄               
         [38;2;0;4;0m▄[38;2;66;65;66m[48;2;99;142;239m▀[0m[38;2;88;116;181m[48;2;66;65;66m▀[0m[38;2;74;113;192m[48;2;74;113;192m▀[0m[38;2;74;113;192m[48;2;74;113;192m▀[0m[38;2;74;113;193m[48;2;115;146;231m▀[0m[38;2;115;146;231m[48;2;115;146;231m▀[0m[38;2;112;146;231m[48;2;112;146;231m▀[0m[38;2;112;146;231m[48;2;112;146;231m▀[0m[38;2;112;146;231m[48;2;112;146;231m▀[0m[38;2;112;146;231m[48;2;112;146;231m▀[0m[38;2;0;4;0m[48;2;115;146;231m▀[0m[38;2;0;4;0m[48;2;115;146;231m▀[0m[38;2;0;4;0m▄            
        [38;2;0;4;0m▄[38;2;0;4;0m[48;2;115;146;231m▀[0m[38;2;112;146;231m[48;2;112;146;231m▀[0m[38;2;112;146;231m[48;2;112;146;231m▀[0m[38;2;112;146;231m[48;2;112;146;231m▀[0m[38;2;112;146;231m[48;2;112;146;231m▀[0m[38;2;112;146;231m[48;2;112;146;231m▀[0m[38;2;112;146;231m[48;2;112;146;231m▀[0m[38;2;115;146;231m[48;2;82;92;126m▀[0m[38;2;115;146;231m[48;2;66;65;74m▀[0m[38;2;82;74;62m[48;2;0;8;49m▀[0m[38;2;82;74;62m[48;2;247;207;90m▀[0m[38;2;66;73;90m[48;2;255;207;66m▀[0m[38;2;66;73;90m[48;2;66;73;90m▀[0m[38;2;115;146;231m[48;2;115;146;231m▀[0m[38;2;0;4;0m[48;2;115;146;231m▀[0m[38;2;0;4;0m▄[38;2;0;4;0m▄         
        [38;2;0;4;0m[48;2;0;4;0m▀[0m[38;2;66;64;66m[48;2;66;64;66m▀[0m[38;2;112;146;231m[48;2;112;146;231m▀[0m[38;2;112;146;231m[48;2;112;146;231m▀[0m[38;2;112;146;231m[48;2;112;146;231m▀[0m[38;2;112;146;231m[48;2;112;146;231m▀[0m[38;2;115;146;231m[48;2;82;92;126m▀[0m[38;2;115;146;231m[48;2;66;65;74m▀[0m[38;2;66;65;66m[48;2;66;65;66m▀[0m[38;2;255;207;66m[48;2;66;65;66m▀[0m[38;2;0;4;0m[48;2;255;207;66m▀[0m[38;2;255;207;66m[48;2;255;207;66m▀[0m[38;2;255;207;66m[48;2;66;73;90m▀[0m[38;2;66;73;90m[48;2;66;73;90m▀[0m[38;2;66;65;66m[48;2;66;65;66m▀[0m[38;2;115;146;231m[48;2;66;65;66m▀[0m[38;2;73;86;143m[48;2;107;146;231m▀[0m[38;2;90;116;187m[48;2;73;86;143m▀[0m[38;2;0;4;0m[48;2;74;113;189m▀[0m[38;2;0;4;0m▄       
        [38;2;0;4;0m▄[38;2;0;4;0m[48;2;255;97;57m▀[0m[38;2;127;93;106m[48;2;198;69;24m▀[0m[38;2;57;117;189m[48;2;127;93;106m▀[0m[38;2;57;117;189m[48;2;127;93;106m▀[0m[38;2;127;93;106m[48;2;198;69;24m▀[0m[38;2;131;107;137m[48;2;247;89;49m▀[0m[38;2;74;117;181m[48;2;247;89;49m▀[0m[38;2;115;146;231m[48;2;115;146;231m▀[0m[38;2;78;87;144m[48;2;115;146;231m▀[0m[38;2;66;65;66m[48;2;255;97;57m▀[0m[38;2;66;65;66m[48;2;255;97;57m▀[0m[38;2;189;77;41m[48;2;159;98;101m▀[0m[38;2;99;142;222m[48;2;99;142;222m▀[0m[38;2;115;146;231m[48;2;115;146;231m▀[0m[38;2;66;65;66m[48;2;115;146;231m▀[0m[38;2;66;65;66m[48;2;66;65;66m▀[0m[38;2;66;65;66m[48;2;66;65;66m▀[0m[38;2;66;65;66m[48;2;115;146;231m▀[0m[38;2;66;65;66m[48;2;115;146;231m▀[0m[38;2;0;4;0m[48;2;115;146;231m▀[0m[38;2;0;4;0m▄     
         [38;2;0;4;0m▀[38;2;255;223;206m[48;2;0;0;0m▀[0m[38;2;170;148;137m[48;2;85;74;68m▀[0m[38;2;214;97;66m[48;2;214;255;255m▀[0m[38;2;214;176;160m[48;2;214;176;160m▀[0m[38;2;239;255;255m[48;2;239;255;255m▀[0m[38;2;222;97;66m[48;2;230;176;160m▀[0m[38;2;183;111;93m[48;2;255;247;231m▀[0m[38;2;183;111;93m[48;2;148;44;24m▀[0m[38;2;66;65;66m[48;2;132;40;53m▀[0m[38;2;66;65;66m[48;2;132;40;53m▀[0m[38;2;115;146;231m[48;2;132;40;57m▀[0m[38;2;115;146;231m[48;2;115;146;231m▀[0m[38;2;112;146;231m[48;2;112;146;231m▀[0m[38;2;112;146;231m[48;2;112;146;231m▀[0m[38;2;66;65;66m[48;2;66;65;66m▀[0m[38;2;115;146;231m[48;2;115;146;231m▀[0m[38;2;112;146;231m[48;2;112;146;231m▀[0m[38;2;112;146;231m[48;2;112;146;231m▀[0m[38;2;112;146;231m[48;2;112;146;231m▀[0m[38;2;112;146;231m[48;2;112;146;231m▀[0m[38;2;0;4;0m[48;2;0;4;0m▀[0m    
  [38;2;0;4;0m▄[38;2;0;4;0m▄[38;2;0;4;0m▄[38;2;0;4;0m[48;2;115;146;231m▀[0m[38;2;8;8;0m[48;2;123;150;231m▀[0m[38;2;8;8;0m[48;2;46;55;77m▀[0m[38;2;8;8;0m[48;2;45;60;90m▀[0m[38;2;8;8;0m[48;2;82;113;181m▀[0m[38;2;66;65;66m[48;2;66;65;66m▀[0m[38;2;71;113;192m[48;2;71;113;192m▀[0m[38;2;66;65;66m[48;2;66;65;66m▀[0m[38;2;66;65;66m[48;2;192;61;88m▀[0m[38;2;66;65;66m[48;2;192;61;88m▀[0m[38;2;66;65;66m[48;2;192;61;88m▀[0m[38;2;66;65;66m[48;2;192;61;88m▀[0m[38;2;192;61;88m[48;2;192;61;88m▀[0m[38;2;192;61;90m[48;2;192;61;90m▀[0m[38;2;192;61;90m[48;2;192;61;90m▀[0m[38;2;193;60;90m[48;2;193;60;90m▀[0m[38;2;132;40;57m[48;2;193;60;90m▀[0m[38;2;99;146;239m[48;2;123;40;57m▀[0m[38;2;99;146;239m[48;2;107;110;178m▀[0m[38;2;66;65;66m[48;2;71;113;192m▀[0m[38;2;66;65;66m[48;2;66;65;66m▀[0m[38;2;115;146;231m[48;2;66;65;66m▀[0m[38;2;115;146;231m[48;2;66;65;66m▀[0m[38;2;99;142;239m[48;2;57;65;74m▀[0m[38;2;85;116;184m[48;2;85;116;184m▀[0m[38;2;82;113;189m[48;2;82;113;189m▀[0m[38;2;8;8;0m[48;2;45;60;94m▀[0m[38;2;0;4;0m▄  
[38;2;0;4;0m▄[38;2;0;4;0m[48;2;255;97;57m▀[0m[38;2;255;97;57m[48;2;255;97;57m▀[0m[38;2;255;97;57m[48;2;66;65;66m▀[0m[38;2;189;69;57m[48;2;115;146;231m▀[0m[38;2;189;69;57m[48;2;115;146;231m▀[0m[38;2;115;146;231m[48;2;115;146;231m▀[0m[38;2;115;146;231m[48;2;74;113;193m▀[0m[38;2;66;64;66m[48;2;66;64;66m▀[0m[38;2;66;64;66m[48;2;0;4;0m▀[0m[38;2;82;113;181m[48;2;8;8;0m▀[0m[38;2;45;60;90m[48;2;8;8;0m▀[0m[38;2;195;62;87m[48;2;195;62;87m▀[0m[38;2;239;130;148m[48;2;195;62;87m▀[0m[38;2;192;61;90m[48;2;192;61;90m▀[0m[38;2;192;61;90m[48;2;192;61;90m▀[0m[38;2;192;61;90m[48;2;192;61;90m▀[0m[38;2;192;61;90m[48;2;192;61;90m▀[0m[38;2;193;60;90m[48;2;193;60;90m▀[0m[38;2;193;60;90m[48;2;156;65;74m▀[0m[38;2;159;64;74m[48;2;159;64;74m▀[0m[38;2;159;64;74m[48;2;159;64;74m▀[0m[38;2;107;40;41m[48;2;93;64;90m▀[0m[38;2;66;113;189m[48;2;66;113;189m▀[0m[38;2;73;112;195m[48;2;73;112;195m▀[0m[38;2;73;112;195m[48;2;173;174;173m▀[0m[38;2;66;81;107m[48;2;66;81;107m▀[0m[38;2;66;81;107m[48;2;255;97;57m▀[0m[38;2;66;56;66m[48;2;255;89;57m▀[0m[38;2;66;56;66m[48;2;129;67;63m▀[0m[38;2;66;65;66m[48;2;115;146;231m▀[0m[38;2;115;146;231m[48;2;66;65;66m▀[0m[38;2;46;55;77m[48;2;123;150;231m▀[0m[38;2;8;8;0m[48;2;8;8;0m▀[0m 
 [38;2;0;4;0m▀[38;2;0;4;0m▀[38;2;0;4;0m▀[38;2;74;113;189m[48;2;0;4;0m▀[0m[38;2;74;113;189m[48;2;0;4;0m▀[0m[38;2;45;60;90m[48;2;8;8;0m▀[0m[38;2;82;113;181m[48;2;8;8;0m▀[0m[38;2;0;4;0m▀   [38;2;0;4;0m▀[38;2;189;60;90m[48;2;0;4;0m▀[0m[38;2;198;60;90m[48;2;66;65;66m▀[0m[38;2;198;60;90m[48;2;154;61;82m▀[0m[38;2;195;60;90m[48;2;159;64;73m▀[0m[38;2;159;64;73m[48;2;159;64;73m▀[0m[38;2;160;65;74m[48;2;160;65;74m▀[0m[38;2;160;65;74m[48;2;66;65;66m▀[0m[38;2;131;107;112m[48;2;74;52;57m▀[0m[38;2;74;52;57m[48;2;247;219;222m▀[0m[38;2;170;175;173m[48;2;231;235;239m▀[0m[38;2;170;175;173m[48;2;231;235;239m▀[0m[38;2;176;178;176m[48;2;231;235;231m▀[0m[38;2;66;65;66m[48;2;66;65;66m▀[0m[38;2;255;97;57m[48;2;66;65;66m▀[0m[38;2;255;97;57m[48;2;255;97;57m▀[0m[38;2;132;40;57m[48;2;132;40;57m▀[0m[38;2;115;146;231m[48;2;115;146;231m▀[0m[38;2;115;146;231m[48;2;115;146;231m▀[0m[38;2;115;146;231m[48;2;66;65;66m▀[0m[38;2;0;4;0m[48;2;0;4;0m▀[0m  
             [38;2;0;4;0m[48;2;0;4;0m▀[0m[38;2;78;87;144m[48;2;78;87;144m▀[0m[38;2;66;65;66m[48;2;78;87;144m▀[0m[38;2;66;65;66m[48;2;78;87;144m▀[0m[38;2;66;65;66m[48;2;78;87;144m▀[0m[38;2;66;65;66m[48;2;78;87;144m▀[0m[38;2;78;87;144m[48;2;78;87;144m▀[0m[38;2;66;64;66m[48;2;0;4;0m▀[0m[38;2;66;64;66m[48;2;0;4;0m▀[0m[38;2;173;174;173m[48;2;0;4;0m▀[0m[38;2;173;174;173m[48;2;0;4;0m▀[0m[38;2;66;64;66m[48;2;0;4;0m▀[0m[38;2;66;64;66m[48;2;66;64;66m▀[0m[38;2;115;146;231m[48;2;115;146;231m▀[0m[38;2;66;65;66m[48;2;115;146;231m▀[0m[38;2;66;65;66m[48;2;115;146;231m▀[0m[38;2;66;65;66m[48;2;115;146;231m▀[0m[38;2;46;55;77m[48;2;123;150;231m▀[0m[38;2;8;8;0m[48;2;8;8;0m▀[0m   
              [38;2;0;4;0m▀[38;2;66;64;66m[48;2;0;4;0m▀[0m[38;2;66;65;66m[48;2;78;87;144m▀[0m[38;2;78;87;144m[48;2;78;87;144m▀[0m[38;2;53;56;70m[48;2;53;56;70m▀[0m[38;2;16;16;0m[48;2;90;97;140m▀[0m[38;2;0;4;0m▄    [38;2;0;4;0m▀[38;2;115;150;239m[48;2;0;8;8m▀[0m[38;2;115;150;239m[48;2;76;102;162m▀[0m[38;2;112;146;231m[48;2;112;146;231m▀[0m[38;2;112;146;231m[48;2;112;146;231m▀[0m[38;2;115;154;247m[48;2;76;105;167m▀[0m[38;2;0;8;8m[48;2;0;8;8m▀[0m [38;2;0;4;0m▄[38;2;0;4;0m▄
             [38;2;0;4;0m▄[38;2;0;12;8m[48;2;206;113;74m▀[0m[38;2;0;12;8m[48;2;68;45;30m▀[0m[38;2;66;65;66m[48;2;78;87;144m▀[0m[38;2;66;65;66m[48;2;66;65;66m▀[0m[38;2;82;89;132m[48;2;0;4;0m▀[0m[38;2;54;60;88m[48;2;0;4;0m▀[0m[38;2;0;4;0m▀      [38;2;0;4;0m▀[38;2;66;64;66m[48;2;0;4;0m▀[0m[38;2;66;64;66m[48;2;66;64;66m▀[0m[38;2;71;113;192m[48;2;66;65;66m▀[0m[38;2;71;113;192m[48;2;66;65;66m▀[0m[38;2;8;8;0m[48;2;45;60;90m▀[0m[38;2;82;113;181m[48;2;8;8;0m▀[0m[38;2;0;4;0m▀
              [38;2;0;4;0m▀[38;2;0;4;0m▀[38;2;0;4;0m▀[38;2;0;4;0m▀         [38;2;0;4;0m▀[38;2;123;150;231m[48;2;8;8;0m▀[0m[38;2;46;55;77m[48;2;8;8;0m▀[0m[38;2;206;113;74m[48;2;0;12;8m▀[0m[38;2;68;45;30m[48;2;0;12;8m▀[0m[38;2;115;146;231m[48;2;0;4;0m▀[0m[38;2;0;4;0m▀ 
[0m
