             [38;2;0;0;0m▄[38;2;0;0;0m[48;2;255;206;65m▀[0m[38;2;0;0;0m[48;2;255;206;65m▀[0m[38;2;0;0;0m▄[38;2;0;0;0m▄                   
             [38;2;0;0;0m▄[38;2;0;0;0m[48;2;65;64;65m▀[0m[38;2;254;206;63m[48;2;254;206;63m▀[0m[38;2;254;206;63m[48;2;254;206;63m▀[0m[38;2;255;206;65m[48;2;255;206;65m▀[0m[38;2;0;0;0m[48;2;0;0;0m▀[0m                  
 [38;2;0;0;0m▄         [38;2;0;0;0m▄[38;2;0;0;0m[48;2;255;206;65m▀[0m[38;2;254;206;63m[48;2;254;206;63m▀[0m[38;2;254;206;63m[48;2;254;206;63m▀[0m[38;2;254;206;63m[48;2;254;206;63m▀[0m[38;2;254;206;63m[48;2;254;206;63m▀[0m[38;2;254;95;60m[48;2;255;206;65m▀[0m[38;2;254;95;60m[48;2;254;95;60m▀[0m[38;2;0;0;0m[48;2;0;0;0m▀[0m             [38;2;0;0;0m▄   
[38;2;0;0;0m[48;2;0;0;0m▀[0m[38;2;197;93;106m[48;2;197;93;106m▀[0m[38;2;0;0;0m[48;2;197;93;106m▀[0m[38;2;0;0;0m[48;2;197;93;106m▀[0m[38;2;0;0;0m▄      [38;2;0;0;0m▄[38;2;0;0;0m[48;2;255;206;65m▀[0m[38;2;254;206;63m[48;2;254;206;63m▀[0m[38;2;254;206;63m[48;2;254;206;63m▀[0m[38;2;255;206;65m[48;2;255;206;65m▀[0m[38;2;255;206;65m[48;2;254;98;60m▀[0m[38;2;255;97;57m[48;2;255;97;57m▀[0m[38;2;0;0;0m[48;2;255;97;57m▀[0m[38;2;0;0;0m▄[38;2;0;0;0m▄[38;2;0;0;0m[48;2;197;93;106m▀[0m[38;2;0;0;0m[48;2;197;93;106m▀[0m[38;2;0;0;0m▄   [38;2;0;0;0m▄[38;2;0;0;0m[48;2;255;129;106m▀[0m[38;2;0;0;0m[48;2;255;129;106m▀[0m[38;2;0;0;0m▄[38;2;0;0;0m▄[38;2;0;0;0m[48;2;255;97;57m▀[0m[38;2;255;97;57m[48;2;255;97;57m▀[0m[38;2;0;0;0m[48;2;0;0;0m▀[0m  
[38;2;0;0;0m▀[38;2;197;93;106m[48;2;0;0;0m▀[0m[38;2;197;93;106m[48;2;0;0;0m▀[0m[38;2;197;93;106m[48;2;197;93;106m▀[0m[38;2;0;0;0m[48;2;197;93;106m▀[0m[38;2;0;0;0m▄[38;2;0;0;0m▄  [38;2;0;0;0m▄[38;2;0;0;0m[48;2;255;206;65m▀[0m[38;2;254;206;63m[48;2;254;206;63m▀[0m[38;2;254;206;63m[48;2;254;206;63m▀[0m[38;2;254;206;63m[48;2;254;206;63m▀[0m[38;2;254;206;63m[48;2;254;206;63m▀[0m[38;2;254;206;63m[48;2;254;206;63m▀[0m[38;2;254;206;63m[48;2;254;206;63m▀[0m[38;2;254;133;65m[48;2;255;206;65m▀[0m[38;2;255;97;65m[48;2;255;97;65m▀[0m[38;2;65;64;74m[48;2;255;101;82m▀[0m[38;2;191;89;79m[48;2;65;64;74m▀[0m[38;2;197;93;106m[48;2;197;93;106m▀[0m[38;2;0;0;0m[48;2;0;0;0m▀[0m    [38;2;0;0;0m▄[38;2;0;0;0m[48;2;65;64;65m▀[0m[38;2;254;132;104m[48;2;254;98;60m▀[0m[38;2;254;98;60m[48;2;254;98;60m▀[0m[38;2;255;97;57m[48;2;255;97;57m▀[0m[38;2;255;97;57m[48;2;0;0;0m▀[0m[38;2;0;0;0m▀   
  [38;2;0;0;0m▄[38;2;0;0;0m[48;2;197;93;106m▀[0m[38;2;197;93;106m[48;2;197;93;106m▀[0m[38;2;197;95;104m[48;2;197;95;104m▀[0m[38;2;197;95;104m[48;2;197;95;104m▀[0m[38;2;0;4;0m[48;2;189;101;106m▀[0m[38;2;0;4;0m[48;2;94;52;53m▀[0m[38;2;254;98;60m[48;2;254;98;60m▀[0m[38;2;255;206;65m[48;2;255;206;65m▀[0m[38;2;254;206;63m[48;2;254;206;63m▀[0m[38;2;254;206;63m[48;2;254;206;63m▀[0m[38;2;255;206;65m[48;2;255;206;65m▀[0m[38;2;255;206;65m[48;2;255;135;86m▀[0m[38;2;255;206;65m[48;2;255;97;65m▀[0m[38;2;254;133;65m[48;2;255;97;65m▀[0m[38;2;254;97;60m[48;2;254;97;60m▀[0m[38;2;254;97;60m[48;2;254;97;60m▀[0m[38;2;255;97;74m[48;2;164;93;90m▀[0m[38;2;194;94;84m[48;2;194;94;84m▀[0m[38;2;197;93;106m[48;2;159;90;63m▀[0m[38;2;197;93;106m[48;2;197;93;106m▀[0m[38;2;0;0;0m[48;2;65;64;65m▀[0m[38;2;0;0;0m▄[38;2;0;0;0m[48;2;255;97;57m▀[0m[38;2;0;0;0m[48;2;255;97;57m▀[0m[38;2;65;64;65m[48;2;255;97;57m▀[0m[38;2;255;97;57m[48;2;255;97;57m▀[0m[38;2;254;97;60m[48;2;254;97;60m▀[0m[38;2;254;97;60m[48;2;254;97;60m▀[0m[38;2;255;97;57m[48;2;255;97;57m▀[0m[38;2;255;97;57m[48;2;0;0;0m▀[0m[38;2;0;0;0m▀   
  [38;2;0;0;0m▀[38;2;189;97;106m[48;2;0;8;8m▀[0m[38;2;189;97;106m[48;2;94;52;57m▀[0m[38;2;65;64;65m[48;2;255;97;57m▀[0m[38;2;255;97;57m[48;2;255;97;57m▀[0m[38;2;255;97;57m[48;2;255;97;57m▀[0m[38;2;65;64;65m[48;2;255;97;57m▀[0m[38;2;255;97;57m[48;2;65;64;65m▀[0m[38;2;255;97;57m[48;2;255;97;57m▀[0m[38;2;255;206;65m[48;2;254;98;60m▀[0m[38;2;255;206;65m[48;2;255;206;65m▀[0m[38;2;254;95;60m[48;2;255;206;65m▀[0m[38;2;254;95;60m[48;2;254;95;60m▀[0m[38;2;254;97;60m[48;2;254;97;60m▀[0m[38;2;254;97;60m[48;2;254;97;60m▀[0m[38;2;255;97;57m[48;2;255;97;57m▀[0m[38;2;255;97;57m[48;2;160;91;61m▀[0m[38;2;255;157;156m[48;2;255;157;156m▀[0m[38;2;156;80;65m[48;2;205;119;111m▀[0m[38;2;205;105;115m[48;2;205;105;115m▀[0m[38;2;65;64;65m[48;2;65;64;65m▀[0m[38;2;65;64;65m[48;2;255;129;106m▀[0m[38;2;255;129;106m[48;2;255;129;106m▀[0m[38;2;254;132;104m[48;2;254;132;104m▀[0m[38;2;254;98;60m[48;2;254;132;104m▀[0m[38;2;254;97;60m[48;2;254;97;60m▀[0m[38;2;254;97;60m[48;2;254;97;60m▀[0m[38;2;255;97;57m[48;2;0;0;0m▀[0m[38;2;0;0;0m▀[38;2;0;0;0m▀     
    [38;2;0;0;0m[48;2;0;0;0m▀[0m[38;2;255;97;57m[48;2;197;95;102m▀[0m[38;2;255;97;57m[48;2;255;97;57m▀[0m[38;2;255;97;57m[48;2;255;97;57m▀[0m[38;2;255;97;57m[48;2;197;95;102m▀[0m[38;2;191;117;115m[48;2;65;60;65m▀[0m[38;2;65;60;65m[48;2;255;145;139m▀[0m[38;2;255;97;57m[48;2;65;64;65m▀[0m[38;2;255;97;57m[48;2;65;64;65m▀[0m[38;2;255;97;57m[48;2;65;64;65m▀[0m[38;2;255;97;57m[48;2;65;64;65m▀[0m[38;2;169;148;137m[48;2;84;74;68m▀[0m[38;2;0;0;0m[48;2;255;222;205m▀[0m[38;2;172;85;57m[48;2;255;250;255m▀[0m[38;2;255;250;255m[48;2;213;167;156m▀[0m[38;2;255;161;148m[48;2;255;161;148m▀[0m[38;2;156;89;60m[48;2;156;89;60m▀[0m[38;2;65;64;65m[48;2;65;64;65m▀[0m[38;2;255;97;57m[48;2;255;97;57m▀[0m[38;2;254;132;104m[48;2;254;98;60m▀[0m[38;2;254;132;104m[48;2;254;132;104m▀[0m[38;2;254;132;104m[48;2;254;132;104m▀[0m[38;2;254;132;104m[48;2;254;98;60m▀[0m[38;2;254;97;60m[48;2;254;97;60m▀[0m[38;2;254;97;60m[48;2;254;97;60m▀[0m[38;2;255;97;57m[48;2;255;97;57m▀[0m[38;2;0;0;0m[48;2;0;0;0m▀[0m [38;2;0;0;0m▄[38;2;0;4;0m[48;2;94;52;53m▀[0m[38;2;0;4;0m[48;2;189;101;106m▀[0m[38;2;0;0;0m[48;2;197;93;106m▀[0m[38;2;0;0;0m▄
     [38;2;0;4;0m[48;2;0;4;0m▀[0m[38;2;189;101;106m[48;2;94;52;53m▀[0m[38;2;197;93;106m[48;2;65;64;65m▀[0m[38;2;197;93;106m[48;2;65;64;65m▀[0m[38;2;74;68;65m[48;2;74;68;65m▀[0m[38;2;255;161;148m[48;2;74;68;65m▀[0m[38;2;255;161;148m[48;2;255;161;148m▀[0m[38;2;65;64;65m[48;2;255;161;148m▀[0m[38;2;65;64;65m[48;2;255;161;148m▀[0m[38;2;65;64;65m[48;2;255;161;148m▀[0m[38;2;254;161;150m[48;2;254;161;150m▀[0m[38;2;254;161;150m[48;2;254;161;150m▀[0m[38;2;255;161;148m[48;2;255;161;148m▀[0m[38;2;255;161;148m[48;2;156;89;60m▀[0m[38;2;143;87;82m[48;2;213;105;106m▀[0m[38;2;213;105;106m[48;2;74;68;57m▀[0m[38;2;76;74;68m[48;2;76;74;68m▀[0m[38;2;76;74;68m[48;2;197;93;106m▀[0m[38;2;255;97;57m[48;2;65;64;65m▀[0m[38;2;255;97;57m[48;2;255;97;57m▀[0m[38;2;254;97;60m[48;2;254;97;60m▀[0m[38;2;254;97;60m[48;2;254;97;60m▀[0m[38;2;255;97;57m[48;2;255;97;57m▀[0m[38;2;255;97;57m[48;2;0;0;0m▀[0m[38;2;0;0;0m▀  [38;2;0;0;0m▀[38;2;197;93;106m[48;2;0;0;0m▀[0m[38;2;197;93;106m[48;2;197;93;106m▀[0m[38;2;0;0;0m[48;2;197;93;106m▀[0m[38;2;0;0;0m▄
    [38;2;0;0;0m[48;2;0;0;0m▀[0m[38;2;65;64;65m[48;2;65;64;65m▀[0m[38;2;191;156;65m[48;2;65;64;65m▀[0m[38;2;191;110;60m[48;2;65;72;65m▀[0m[38;2;65;72;65m[48;2;255;129;57m▀[0m[38;2;255;97;57m[48;2;255;97;57m▀[0m[38;2;84;78;68m[48;2;84;78;68m▀[0m[38;2;68;70;65m[48;2;68;70;65m▀[0m[38;2;205;105;115m[48;2;68;70;65m▀[0m[38;2;65;64;65m[48;2;205;105;115m▀[0m[38;2;65;64;65m[48;2;205;105;115m▀[0m[38;2;65;64;65m[48;2;205;105;98m▀[0m[38;2;159;91;87m[48;2;65;64;65m▀[0m[38;2;145;89;84m[48;2;76;72;63m▀[0m[38;2;213;105;106m[48;2;76;72;63m▀[0m[38;2;65;64;65m[48;2;82;78;68m▀[0m[38;2;82;78;68m[48;2;82;78;68m▀[0m[38;2;98;64;82m[48;2;180;118;87m▀[0m[38;2;180;118;87m[48;2;222;145;90m▀[0m[38;2;197;93;106m[48;2;65;64;65m▀[0m[38;2;65;64;65m[48;2;65;64;65m▀[0m[38;2;65;64;65m[48;2;255;206;65m▀[0m[38;2;65;64;65m[48;2;255;206;65m▀[0m[38;2;82;68;41m[48;2;246;206;74m▀[0m[38;2;0;0;24m[48;2;82;68;41m▀[0m[38;2;0;0;0m▄[38;2;0;0;0m[48;2;156;89;65m▀[0m[38;2;0;0;0m[48;2;159;89;60m▀[0m[38;2;0;0;0m[48;2;159;89;60m▀[0m[38;2;153;86;79m[48;2;153;86;79m▀[0m[38;2;197;97;90m[48;2;65;64;57m▀[0m[38;2;156;89;65m[48;2;0;0;0m▀[0m[38;2;0;0;0m▀
    [38;2;0;0;0m▄[38;2;0;4;16m[48;2;189;157;65m▀[0m[38;2;63;55;32m[48;2;189;157;65m▀[0m[38;2;65;64;65m[48;2;65;64;65m▀[0m[38;2;255;149;65m[48;2;255;149;65m▀[0m[38;2;255;135;86m[48;2;255;206;65m▀[0m[38;2;255;206;65m[48;2;255;206;65m▀[0m[38;2;82;80;65m[48;2;255;206;65m▀[0m[38;2;82;80;65m[48;2;82;80;65m▀[0m[38;2;82;79;68m[48;2;82;79;68m▀[0m[38;2;82;79;68m[48;2;82;79;68m▀[0m[38;2;82;79;68m[48;2;82;79;68m▀[0m[38;2;82;79;68m[48;2;82;79;68m▀[0m[38;2;84;78;68m[48;2;84;78;68m▀[0m[38;2;84;78;68m[48;2;255;97;57m▀[0m[38;2;82;80;65m[48;2;255;109;65m▀[0m[38;2;255;109;65m[48;2;255;109;65m▀[0m[38;2;180;97;98m[48;2;230;214;57m▀[0m[38;2;213;175;71m[48;2;213;175;71m▀[0m[38;2;65;64;65m[48;2;65;64;65m▀[0m[38;2;82;78;68m[48;2;82;78;68m▀[0m[38;2;65;64;65m[48;2;82;78;68m▀[0m[38;2;65;64;65m[48;2;82;78;68m▀[0m[38;2;65;64;57m[48;2;98;97;90m▀[0m[38;2;82;80;74m[48;2;82;80;74m▀[0m[38;2;65;64;65m[48;2;65;64;65m▀[0m[38;2;160;89;61m[48;2;160;89;61m▀[0m[38;2;159;90;63m[48;2;159;90;63m▀[0m[38;2;159;90;63m[48;2;159;90;63m▀[0m[38;2;159;90;63m[48;2;159;90;63m▀[0m[38;2;159;90;63m[48;2;159;90;63m▀[0m[38;2;0;0;0m[48;2;0;0;0m▀[0m 
   [38;2;0;0;0m▄[38;2;0;0;0m[48;2;189;157;65m▀[0m[38;2;191;156;65m[48;2;191;156;65m▀[0m[38;2;65;64;65m[48;2;65;64;65m▀[0m[38;2;205;105;115m[48;2;205;105;115m▀[0m[38;2;65;64;65m[48;2;65;64;65m▀[0m[38;2;255;206;65m[48;2;254;133;71m▀[0m[38;2;255;206;65m[48;2;255;97;74m▀[0m[38;2;255;137;82m[48;2;254;97;60m▀[0m[38;2;254;97;60m[48;2;254;97;60m▀[0m[38;2;254;97;60m[48;2;254;97;60m▀[0m[38;2;254;97;60m[48;2;254;97;60m▀[0m[38;2;254;97;60m[48;2;254;97;60m▀[0m[38;2;254;97;60m[48;2;254;97;60m▀[0m[38;2;255;97;65m[48;2;255;97;65m▀[0m[38;2;255;206;65m[48;2;254;133;65m▀[0m[38;2;254;206;63m[48;2;254;206;63m▀[0m[38;2;254;206;63m[48;2;254;206;63m▀[0m[38;2;255;182;106m[48;2;65;64;65m▀[0m[38;2;65;64;65m[48;2;255;182;106m▀[0m[38;2;255;161;148m[48;2;255;161;148m▀[0m[38;2;65;64;65m[48;2;255;161;148m▀[0m[38;2;65;64;65m[48;2;65;64;65m▀[0m[38;2;65;64;65m[48;2;255;206;65m▀[0m[38;2;65;64;65m[48;2;255;206;65m▀[0m[38;2;65;64;65m[48;2;255;206;65m▀[0m[38;2;255;206;65m[48;2;255;206;65m▀[0m[38;2;65;64;65m[48;2;65;64;65m▀[0m[38;2;159;89;60m[48;2;159;89;60m▀[0m[38;2;159;89;60m[48;2;0;0;0m▀[0m[38;2;0;0;0m▀[38;2;0;0;0m▀  
   [38;2;0;0;0m▀[38;2;189;157;65m[48;2;0;0;0m▀[0m[38;2;189;157;65m[48;2;0;4;16m▀[0m[38;2;63;55;32m[48;2;189;157;65m▀[0m[38;2;205;105;115m[48;2;65;64;65m▀[0m[38;2;205;105;115m[48;2;205;105;115m▀[0m[38;2;65;68;74m[48;2;191;93;79m▀[0m[38;2;255;105;82m[48;2;65;68;74m▀[0m[38;2;255;97;57m[48;2;65;64;65m▀[0m[38;2;255;97;57m[48;2;255;97;57m▀[0m[38;2;255;97;74m[48;2;254;133;74m▀[0m[38;2;254;133;74m[48;2;255;206;74m▀[0m[38;2;254;206;63m[48;2;254;206;63m▀[0m[38;2;254;206;63m[48;2;254;206;63m▀[0m[38;2;255;135;86m[48;2;255;206;65m▀[0m[38;2;255;206;65m[48;2;255;206;65m▀[0m[38;2;255;206;65m[48;2;255;206;65m▀[0m[38;2;65;64;65m[48;2;65;64;65m▀[0m[38;2;254;161;150m[48;2;254;161;150m▀[0m[38;2;254;161;150m[48;2;254;161;150m▀[0m[38;2;255;161;148m[48;2;255;161;148m▀[0m[38;2;65;64;65m[48;2;65;64;65m▀[0m[38;2;254;206;63m[48;2;254;206;63m▀[0m[38;2;254;206;63m[48;2;254;206;63m▀[0m[38;2;255;206;65m[48;2;145;136;54m▀[0m[38;2;255;206;65m[48;2;255;206;65m▀[0m[38;2;255;206;65m[48;2;145;136;54m▀[0m[38;2;255;206;65m[48;2;255;206;65m▀[0m[38;2;0;0;0m[48;2;0;0;0m▀[0m     
      [38;2;0;0;0m[48;2;0;0;0m▀[0m[38;2;65;64;65m[48;2;197;93;106m▀[0m[38;2;65;64;65m[48;2;65;64;65m▀[0m[38;2;65;64;65m[48;2;65;64;65m▀[0m[38;2;65;64;65m[48;2;65;64;65m▀[0m[38;2;65;64;65m[48;2;65;64;65m▀[0m[38;2;65;64;65m[48;2;197;93;106m▀[0m[38;2;82;68;30m[48;2;0;0;8m▀[0m[38;2;246;206;74m[48;2;0;0;8m▀[0m[38;2;255;206;65m[48;2;0;0;0m▀[0m[38;2;255;206;65m[48;2;0;0;0m▀[0m[38;2;255;97;57m[48;2;0;0;0m▀[0m[38;2;255;97;57m[48;2;0;0;0m▀[0m[38;2;0;0;0m▀[38;2;0;0;0m▀[38;2;82;60;57m[48;2;0;8;8m▀[0m[38;2;246;165;156m[48;2;82;60;57m▀[0m[38;2;255;161;148m[48;2;65;64;65m▀[0m[38;2;255;161;148m[48;2;65;64;65m▀[0m[38;2;65;64;65m[48;2;65;64;65m▀[0m[38;2;255;206;65m[48;2;65;64;65m▀[0m[38;2;164;137;43m[48;2;0;0;0m▀[0m[38;2;246;206;65m[48;2;0;0;0m▀[0m[38;2;0;0;0m▀[38;2;0;0;0m▀      
       [38;2;0;0;0m▀[38;2;230;234;238m[48;2;0;0;0m▀[0m[38;2;197;93;106m[48;2;0;0;0m▀[0m[38;2;197;93;106m[48;2;0;0;0m▀[0m[38;2;197;93;106m[48;2;0;0;0m▀[0m[38;2;0;0;0m▀       [38;2;0;0;0m▀[38;2;255;101;65m[48;2;0;16;16m▀[0m[38;2;84;44;32m[48;2;255;101;65m▀[0m[38;2;98;56;49m[48;2;255;246;238m▀[0m[38;2;98;56;49m[48;2;150;120;112m▀[0m[38;2;84;74;68m[48;2;169;148;137m▀[0m[38;2;0;0;0m[48;2;255;222;205m▀[0m[38;2;0;0;0m▄         
                      [38;2;0;0;0m▀[38;2;0;0;0m▀[38;2;0;0;0m▀[38;2;0;0;0m▀[38;2;0;0;0m▀          
[0m
