       [38;2;0;0;0m[48;2;0;0;0m▀[0m[38;2;0;0;0m[48;2;255;230;106m▀[0m[38;2;0;0;0m[48;2;255;230;106m▀[0m[38;2;0;0;0m▄[38;2;0;0;0m▄                    
        [38;2;0;0;0m[48;2;0;0;0m▀[0m[38;2;189;165;90m[48;2;189;165;90m▀[0m[38;2;255;230;106m[48;2;189;165;90m▀[0m[38;2;255;230;106m[48;2;255;230;106m▀[0m[38;2;0;0;0m[48;2;255;230;106m▀[0m[38;2;0;0;0m[48;2;255;230;106m▀[0m[38;2;0;0;0m▄                 
         [38;2;0;0;0m[48;2;0;0;0m▀[0m[38;2;189;165;90m[48;2;189;165;90m▀[0m[38;2;255;230;106m[48;2;189;165;90m▀[0m[38;2;254;229;109m[48;2;254;229;109m▀[0m[38;2;254;229;109m[48;2;254;229;109m▀[0m[38;2;255;230;106m[48;2;255;230;106m▀[0m[38;2;0;0;0m[48;2;255;230;106m▀[0m[38;2;0;0;0m▄               
         [38;2;0;0;0m[48;2;0;0;0m▀[0m[38;2;189;165;90m[48;2;65;64;65m▀[0m[38;2;189;165;90m[48;2;189;165;90m▀[0m[38;2;254;229;109m[48;2;254;229;109m▀[0m[38;2;254;229;109m[48;2;254;229;109m▀[0m[38;2;254;229;109m[48;2;254;229;109m▀[0m[38;2;254;229;109m[48;2;254;229;109m▀[0m[38;2;0;0;0m[48;2;255;230;106m▀[0m[38;2;0;0;0m▄  [38;2;0;0;0m▄[38;2;0;0;0m▄[38;2;0;0;0m[48;2;255;214;222m▀[0m[38;2;0;0;0m[48;2;255;214;222m▀[0m[38;2;0;0;0m[48;2;255;214;222m▀[0m[38;2;0;0;0m[48;2;255;214;222m▀[0m[38;2;0;0;0m[48;2;255;214;222m▀[0m[38;2;0;0;0m[48;2;255;214;222m▀[0m[38;2;0;0;0m▄[38;2;0;0;0m▄  
       [38;2;0;0;0m▄[38;2;0;0;0m[48;2;230;149;172m▀[0m[38;2;230;149;172m[48;2;230;149;172m▀[0m[38;2;238;145;172m[48;2;238;145;172m▀[0m[38;2;74;60;65m[48;2;183;117;137m▀[0m[38;2;255;230;106m[48;2;65;64;65m▀[0m[38;2;255;230;106m[48;2;255;230;106m▀[0m[38;2;254;229;109m[48;2;254;229;109m▀[0m[38;2;254;229;109m[48;2;254;229;109m▀[0m[38;2;255;230;106m[48;2;255;230;106m▀[0m[38;2;0;0;0m[48;2;255;230;106m▀[0m[38;2;0;0;0m▄[38;2;0;0;0m[48;2;255;214;222m▀[0m[38;2;255;214;222m[48;2;255;214;222m▀[0m[38;2;255;214;222m[48;2;238;157;183m▀[0m[38;2;255;214;222m[48;2;238;157;183m▀[0m[38;2;255;214;222m[48;2;238;157;183m▀[0m[38;2;255;214;222m[48;2;238;157;183m▀[0m[38;2;255;214;222m[48;2;238;157;183m▀[0m[38;2;255;214;222m[48;2;238;157;183m▀[0m[38;2;255;214;222m[48;2;255;214;222m▀[0m[38;2;254;214;222m[48;2;254;214;222m▀[0m[38;2;254;214;222m[48;2;254;214;222m▀[0m[38;2;0;0;0m[48;2;0;0;0m▀[0m 
      [38;2;0;0;0m▄[38;2;0;0;0m[48;2;205;105;148m▀[0m[38;2;230;148;172m[48;2;205;106;148m▀[0m[38;2;230;148;172m[48;2;205;106;148m▀[0m[38;2;205;105;148m[48;2;205;105;148m▀[0m[38;2;205;105;148m[48;2;65;64;65m▀[0m[38;2;65;64;65m[48;2;255;230;106m▀[0m[38;2;255;230;106m[48;2;65;64;65m▀[0m[38;2;254;229;109m[48;2;254;229;109m▀[0m[38;2;254;229;109m[48;2;254;229;109m▀[0m[38;2;254;229;109m[48;2;254;229;109m▀[0m[38;2;254;229;109m[48;2;254;229;109m▀[0m[38;2;65;64;65m[48;2;65;64;65m▀[0m[38;2;238;157;180m[48;2;238;157;180m▀[0m[38;2;238;157;180m[48;2;205;107;148m▀[0m[38;2;238;157;180m[48;2;205;107;148m▀[0m[38;2;238;157;180m[48;2;205;107;148m▀[0m[38;2;238;157;180m[48;2;205;107;148m▀[0m[38;2;238;157;180m[48;2;205;107;148m▀[0m[38;2;238;157;180m[48;2;238;157;180m▀[0m[38;2;238;157;183m[48;2;238;157;183m▀[0m[38;2;238;157;183m[48;2;238;157;183m▀[0m[38;2;255;214;222m[48;2;238;157;183m▀[0m[38;2;255;214;222m[48;2;255;214;222m▀[0m[38;2;255;214;222m[48;2;255;214;222m▀[0m[38;2;0;0;0m[48;2;0;0;0m▀[0m
    [38;2;0;0;0m▄[38;2;0;0;0m▄[38;2;0;20;8m[48;2;68;52;57m▀[0m[38;2;205;117;156m[48;2;68;52;57m▀[0m[38;2;191;151;112m[48;2;65;56;74m▀[0m[38;2;65;56;74m[48;2;255;198;131m▀[0m[38;2;82;32;90m[48;2;168;115;111m▀[0m[38;2;255;198;131m[48;2;168;115;111m▀[0m[38;2;255;206;123m[48;2;164;129;98m▀[0m[38;2;74;52;74m[48;2;74;52;74m▀[0m[38;2;254;229;109m[48;2;254;229;109m▀[0m[38;2;254;229;109m[48;2;254;229;109m▀[0m[38;2;254;229;109m[48;2;254;229;109m▀[0m[38;2;254;229;109m[48;2;254;229;109m▀[0m[38;2;68;52;57m[48;2;68;52;57m▀[0m[38;2;205;117;156m[48;2;0;20;8m▀[0m[38;2;205;105;148m[48;2;0;0;0m▀[0m[38;2;0;0;0m▀[38;2;0;0;0m▀[38;2;0;0;0m▀[38;2;205;105;148m[48;2;0;0;0m▀[0m[38;2;205;105;148m[48;2;205;105;148m▀[0m[38;2;205;107;148m[48;2;205;107;148m▀[0m[38;2;238;157;180m[48;2;205;107;148m▀[0m[38;2;238;157;183m[48;2;238;157;183m▀[0m[38;2;255;214;222m[48;2;255;214;222m▀[0m[38;2;255;214;222m[48;2;255;214;222m▀[0m[38;2;0;0;0m[48;2;0;0;0m▀[0m
[38;2;0;0;0m▄[38;2;0;0;0m[48;2;164;141;65m▀[0m[38;2;0;0;0m[48;2;164;140;65m▀[0m[38;2;0;0;0m[48;2;164;140;65m▀[0m[38;2;164;140;65m[48;2;164;140;65m▀[0m[38;2;164;140;65m[48;2;65;64;65m▀[0m[38;2;65;64;65m[48;2;255;230;106m▀[0m[38;2;255;230;106m[48;2;255;230;106m▀[0m[38;2;255;230;106m[48;2;194;84;134m▀[0m[38;2;194;84;134m[48;2;194;84;134m▀[0m[38;2;230;255;255m[48;2;172;85;148m▀[0m[38;2;172;85;148m[48;2;191;141;183m▀[0m[38;2;191;172;93m[48;2;65;64;65m▀[0m[38;2;65;64;65m[48;2;255;226;106m▀[0m[38;2;254;229;109m[48;2;254;229;109m▀[0m[38;2;254;229;109m[48;2;254;229;109m▀[0m[38;2;255;230;106m[48;2;255;230;106m▀[0m[38;2;255;230;106m[48;2;0;0;0m▀[0m[38;2;0;0;0m▀      [38;2;0;0;0m[48;2;0;0;0m▀[0m[38;2;205;107;148m[48;2;205;107;148m▀[0m[38;2;205;107;148m[48;2;205;107;148m▀[0m[38;2;238;157;183m[48;2;238;157;183m▀[0m[38;2;255;214;222m[48;2;255;214;222m▀[0m[38;2;255;214;222m[48;2;0;0;0m▀[0m[38;2;0;0;0m▀
 [38;2;0;0;0m▀[38;2;164;140;65m[48;2;0;0;0m▀[0m[38;2;164;140;65m[48;2;0;0;0m▀[0m[38;2;65;64;65m[48;2;160;145;82m▀[0m[38;2;255;226;98m[48;2;65;64;65m▀[0m[38;2;255;226;106m[48;2;65;60;65m▀[0m[38;2;255;226;106m[48;2;191;171;93m▀[0m[38;2;238;206;74m[48;2;197;183;117m▀[0m[38;2;115;137;205m[48;2;197;183;117m▀[0m[38;2;139;157;213m[48;2;119;121;131m▀[0m[38;2;139;157;213m[48;2;98;85;49m▀[0m[38;2;65;64;65m[48;2;255;230;106m▀[0m[38;2;255;230;106m[48;2;255;230;106m▀[0m[38;2;254;229;109m[48;2;254;229;109m▀[0m[38;2;254;229;109m[48;2;254;229;109m▀[0m[38;2;255;230;106m[48;2;0;0;0m▀[0m[38;2;0;0;0m▀       [38;2;0;0;0m[48;2;0;0;0m▀[0m[38;2;205;107;148m[48;2;205;107;148m▀[0m[38;2;238;157;180m[48;2;238;157;180m▀[0m[38;2;246;194;205m[48;2;246;194;205m▀[0m[38;2;246;194;205m[48;2;0;0;0m▀[0m[38;2;0;0;0m▀ 
    [38;2;0;0;0m▀[38;2;0;0;0m▀[38;2;0;0;0m▀[38;2;0;0;0m▀[38;2;0;0;0m▀[38;2;65;64;65m[48;2;0;0;0m▀[0m[38;2;65;64;65m[48;2;255;230;106m▀[0m[38;2;255;230;106m[48;2;255;230;106m▀[0m[38;2;255;230;106m[48;2;255;230;106m▀[0m[38;2;255;230;106m[48;2;65;64;65m▀[0m[38;2;255;230;106m[48;2;0;0;0m▀[0m[38;2;0;0;0m▀        [38;2;0;0;0m[48;2;0;0;0m▀[0m[38;2;205;105;148m[48;2;205;105;148m▀[0m[38;2;238;157;183m[48;2;238;157;183m▀[0m[38;2;238;157;183m[48;2;255;214;222m▀[0m[38;2;255;214;222m[48;2;0;0;0m▀[0m[38;2;0;0;0m▀  
         [38;2;0;0;0m▀[38;2;63;62;49m[48;2;0;8;24m▀[0m[38;2;63;62;49m[48;2;189;170;98m▀[0m[38;2;65;64;65m[48;2;123;149;222m▀[0m[38;2;123;149;222m[48;2;123;149;222m▀[0m[38;2;0;0;0m[48;2;123;149;222m▀[0m[38;2;0;0;0m▄[38;2;0;0;0m▄[38;2;0;0;0m▄[38;2;0;0;0m▄[38;2;0;0;0m▄  [38;2;0;0;0m▄[38;2;0;0;0m[48;2;205;105;148m▀[0m[38;2;205;107;148m[48;2;238;157;180m▀[0m[38;2;238;157;180m[48;2;238;157;180m▀[0m[38;2;238;157;180m[48;2;0;0;0m▀[0m[38;2;0;0;0m▀    
         [38;2;0;0;0m▄[38;2;8;4;8m[48;2;255;230;115m▀[0m[38;2;172;155;79m[48;2;255;230;115m▀[0m[38;2;123;147;222m[48;2;164;198;255m▀[0m[38;2;123;147;222m[48;2;164;198;255m▀[0m[38;2;123;148;222m[48;2;123;148;222m▀[0m[38;2;123;148;222m[48;2;123;148;222m▀[0m[38;2;65;64;65m[48;2;123;149;222m▀[0m[38;2;123;149;222m[48;2;123;149;222m▀[0m[38;2;126;151;194m[48;2;156;194;255m▀[0m[38;2;126;151;194m[48;2;65;64;74m▀[0m[38;2;0;8;8m[48;2;68;43;54m▀[0m[38;2;0;8;8m[48;2;205;113;148m▀[0m[38;2;194;116;148m[48;2;194;116;148m▀[0m[38;2;255;145;189m[48;2;74;56;65m▀[0m[38;2;65;64;65m[48;2;65;64;65m▀[0m[38;2;0;0;0m[48;2;65;64;65m▀[0m[38;2;0;0;0m▄[38;2;0;0;0m▄[38;2;0;0;0m▄   
    [38;2;0;0;0m▄[38;2;0;0;0m▄[38;2;0;0;0m[48;2;169;70;109m▀[0m[38;2;0;0;0m[48;2;169;70;109m▀[0m[38;2;0;20;8m[48;2;68;52;57m▀[0m[38;2;68;52;57m[48;2;205;117;156m▀[0m[38;2;255;230;106m[48;2;65;64;65m▀[0m[38;2;255;230;106m[48;2;65;64;65m▀[0m[38;2;164;198;255m[48;2;65;64;65m▀[0m[38;2;164;198;255m[48;2;164;198;255m▀[0m[38;2;164;198;254m[48;2;164;198;254m▀[0m[38;2;164;198;254m[48;2;164;198;254m▀[0m[38;2;164;198;254m[48;2;164;198;254m▀[0m[38;2;164;198;254m[48;2;164;198;254m▀[0m[38;2;65;64;65m[48;2;65;64;65m▀[0m[38;2;205;105;148m[48;2;65;64;65m▀[0m[38;2;205;105;148m[48;2;205;105;148m▀[0m[38;2;65;64;65m[48;2;205;105;148m▀[0m[38;2;65;64;65m[48;2;65;64;65m▀[0m[38;2;123;149;222m[48;2;65;64;65m▀[0m[38;2;123;149;222m[48;2;189;165;90m▀[0m[38;2;123;149;222m[48;2;189;165;90m▀[0m[38;2;123;149;222m[48;2;0;0;0m▀[0m[38;2;123;149;222m[48;2;0;0;0m▀[0m[38;2;123;149;222m[48;2;0;0;0m▀[0m[38;2;0;0;0m▀  
  [38;2;0;0;0m▄[38;2;0;0;0m[48;2;172;68;106m▀[0m[38;2;169;70;109m[48;2;169;70;109m▀[0m[38;2;169;70;109m[48;2;65;64;65m▀[0m[38;2;169;70;109m[48;2;65;64;65m▀[0m[38;2;65;64;65m[48;2;65;64;65m▀[0m[38;2;205;105;148m[48;2;205;105;148m▀[0m[38;2;205;105;148m[48;2;65;64;65m▀[0m[38;2;65;64;65m[48;2;246;190;139m▀[0m[38;2;246;190;139m[48;2;65;64;65m▀[0m[38;2;230;149;172m[48;2;230;149;172m▀[0m[38;2;65;64;65m[48;2;230;149;172m▀[0m[38;2;74;60;57m[48;2;156;138;178m▀[0m[38;2;197;178;238m[48;2;74;60;57m▀[0m[38;2;164;198;255m[48;2;123;147;222m▀[0m[38;2;123;147;222m[48;2;123;147;222m▀[0m[38;2;123;148;222m[48;2;123;148;222m▀[0m[38;2;123;148;222m[48;2;123;148;222m▀[0m[38;2;65;64;65m[48;2;123;149;222m▀[0m[38;2;65;64;65m[48;2;123;149;222m▀[0m[38;2;205;105;148m[48;2;0;0;0m▀[0m[38;2;205;105;148m[48;2;0;0;0m▀[0m[38;2;68;44;54m[48;2;205;109;148m▀[0m[38;2;0;12;8m[48;2;205;109;148m▀[0m[38;2;0;0;0m▄[38;2;0;0;0m▄    
  [38;2;0;0;0m▀[38;2;172;68;106m[48;2;0;0;0m▀[0m[38;2;169;70;109m[48;2;0;0;0m▀[0m[38;2;169;70;109m[48;2;0;0;0m▀[0m[38;2;172;68;106m[48;2;0;0;0m▀[0m[38;2;0;0;0m▀[38;2;0;0;0m▀[38;2;255;230;106m[48;2;0;0;0m▀[0m[38;2;255;230;106m[48;2;255;230;106m▀[0m[38;2;255;230;106m[48;2;189;165;90m▀[0m[38;2;65;64;65m[48;2;197;137;115m▀[0m[38;2;197;137;115m[48;2;65;64;65m▀[0m[38;2;152;95;119m[48;2;65;56;65m▀[0m[38;2;65;56;65m[48;2;238;133;172m▀[0m[38;2;65;64;65m[48;2;180;149;197m▀[0m[38;2;180;149;197m[48;2;65;64;65m▀[0m[38;2;123;149;222m[48;2;65;64;65m▀[0m[38;2;123;149;222m[48;2;65;64;65m▀[0m[38;2;123;149;222m[48;2;0;0;0m▀[0m[38;2;0;0;0m▀  [38;2;0;0;0m▀[38;2;205;105;148m[48;2;0;0;0m▀[0m[38;2;205;107;148m[48;2;205;107;148m▀[0m[38;2;205;107;148m[48;2;205;107;148m▀[0m[38;2;0;0;0m[48;2;205;105;148m▀[0m[38;2;0;0;0m▄  
          [38;2;0;0;0m▀[38;2;0;0;0m▀[38;2;189;165;90m[48;2;0;0;0m▀[0m[38;2;189;165;90m[48;2;0;0;0m▀[0m[38;2;189;165;98m[48;2;0;4;8m▀[0m[38;2;63;58;38m[48;2;0;4;8m▀[0m[38;2;0;0;0m▀[38;2;230;149;172m[48;2;0;0;0m▀[0m[38;2;230;149;172m[48;2;0;0;0m▀[0m[38;2;230;149;172m[48;2;230;149;172m▀[0m[38;2;230;149;172m[48;2;230;149;172m▀[0m[38;2;0;0;0m[48;2;230;149;172m▀[0m[38;2;0;0;0m[48;2;230;149;172m▀[0m[38;2;0;0;0m[48;2;230;149;172m▀[0m[38;2;0;0;0m[48;2;230;149;172m▀[0m[38;2;230;149;172m[48;2;230;149;172m▀[0m[38;2;230;148;172m[48;2;230;148;172m▀[0m[38;2;205;106;148m[48;2;230;148;172m▀[0m[38;2;205;105;148m[48;2;205;105;148m▀[0m[38;2;0;0;0m[48;2;0;0;0m▀[0m  
                   [38;2;0;0;0m▀[38;2;0;0;0m▀[38;2;0;0;0m▀[38;2;230;149;172m[48;2;0;0;0m▀[0m[38;2;230;149;172m[48;2;0;0;0m▀[0m[38;2;230;149;172m[48;2;0;0;0m▀[0m[38;2;230;149;172m[48;2;0;0;0m▀[0m[38;2;230;149;172m[48;2;0;0;0m▀[0m[38;2;0;0;0m▀[38;2;0;0;0m▀   
[0m
