                 [38;2;0;0;0m▄[38;2;0;0;0m▄[38;2;0;0;0m[48;2;164;126;98m▀[0m[38;2;0;0;0m[48;2;167;128;99m▀[0m[38;2;0;0;0m[48;2;167;128;99m▀[0m[38;2;0;0;0m[48;2;167;128;99m▀[0m[38;2;0;0;0m[48;2;167;128;99m▀[0m[38;2;0;0;0m▄[38;2;0;0;0m▄      
               [38;2;0;0;0m▄[38;2;0;0;0m[48;2;167;128;101m▀[0m[38;2;165;130;99m[48;2;167;128;101m▀[0m[38;2;164;126;98m[48;2;167;128;99m▀[0m[38;2;164;126;98m[48;2;167;128;99m▀[0m[38;2;167;128;99m[48;2;167;128;99m▀[0m[38;2;167;128;99m[48;2;167;128;99m▀[0m[38;2;167;128;99m[48;2;167;128;99m▀[0m[38;2;167;128;99m[48;2;167;128;99m▀[0m[38;2;164;126;98m[48;2;167;128;99m▀[0m[38;2;164;126;98m[48;2;167;128;99m▀[0m[38;2;0;0;0m[48;2;164;126;98m▀[0m[38;2;0;0;0m▄    
              [38;2;0;0;0m▄[38;2;0;0;0m[48;2;164;126;98m▀[0m[38;2;255;255;255m[48;2;66;65;66m▀[0m[38;2;167;128;101m[48;2;164;127;98m▀[0m[38;2;167;128;99m[48;2;145;128;115m▀[0m[38;2;167;128;99m[48;2;255;255;247m▀[0m[38;2;167;128;99m[48;2;167;128;99m▀[0m[38;2;167;128;99m[48;2;167;128;99m▀[0m[38;2;167;128;99m[48;2;167;128;99m▀[0m[38;2;167;128;99m[48;2;167;128;99m▀[0m[38;2;167;128;99m[48;2;167;128;99m▀[0m[38;2;167;128;99m[48;2;167;128;99m▀[0m[38;2;164;126;98m[48;2;167;128;99m▀[0m[38;2;0;0;0m[48;2;167;128;99m▀[0m[38;2;0;0;0m▄   
       [38;2;0;0;0m▄[38;2;0;0;0m▄[38;2;0;0;0m▄[38;2;0;0;0m▄[38;2;0;0;0m▄  [38;2;0;0;0m[48;2;41;0;0m▀[0m[38;2;164;126;98m[48;2;112;82;82m▀[0m[38;2;66;65;66m[48;2;148;73;66m▀[0m[38;2;164;127;98m[48;2;181;102;101m▀[0m[38;2;145;128;115m[48;2;173;121;99m▀[0m[38;2;90;65;49m[48;2;79;53;60m▀[0m[38;2;167;128;99m[48;2;167;128;99m▀[0m[38;2;167;128;99m[48;2;167;128;99m▀[0m[38;2;167;128;99m[48;2;167;128;99m▀[0m[38;2;167;128;99m[48;2;167;128;99m▀[0m[38;2;167;128;99m[48;2;167;128;99m▀[0m[38;2;167;128;99m[48;2;167;128;99m▀[0m[38;2;167;128;99m[48;2;167;128;101m▀[0m[38;2;167;128;99m[48;2;167;128;101m▀[0m[38;2;0;0;0m[48;2;0;0;0m▀[0m   
    [38;2;0;0;0m▄[38;2;0;0;0m[48;2;164;126;98m▀[0m[38;2;0;0;0m[48;2;167;128;99m▀[0m[38;2;165;130;99m[48;2;167;128;99m▀[0m[38;2;164;126;98m[48;2;167;128;99m▀[0m[38;2;164;126;98m[48;2;167;128;99m▀[0m[38;2;164;126;98m[48;2;167;128;99m▀[0m[38;2;164;126;98m[48;2;167;128;99m▀[0m[38;2;0;0;0m[48;2;164;127;98m▀[0m[38;2;0;0;0m[48;2;66;65;66m▀[0m[38;2;112;82;82m[48;2;255;154;173m▀[0m[38;2;255;247;247m[48;2;255;154;173m▀[0m[38;2;247;162;173m[48;2;255;154;173m▀[0m[38;2;148;73;66m[48;2;255;154;173m▀[0m[38;2;126;87;79m[48;2;211;151;154m▀[0m[38;2;173;121;99m[48;2;156;65;66m▀[0m[38;2;167;128;99m[48;2;167;128;99m▀[0m[38;2;167;128;99m[48;2;167;128;99m▀[0m[38;2;167;128;99m[48;2;167;128;99m▀[0m[38;2;167;128;99m[48;2;167;128;99m▀[0m[38;2;167;128;99m[48;2;167;128;101m▀[0m[38;2;167;128;99m[48;2;167;128;101m▀[0m[38;2;167;128;101m[48;2;137;94;88m▀[0m[38;2;140;93;90m[48;2;0;0;0m▀[0m[38;2;0;0;0m▀   
   [38;2;0;0;0m▄[38;2;0;0;0m[48;2;167;128;101m▀[0m[38;2;164;126;98m[48;2;167;128;101m▀[0m[38;2;167;128;99m[48;2;167;128;99m▀[0m[38;2;167;128;99m[48;2;167;128;99m▀[0m[38;2;167;128;99m[48;2;167;128;99m▀[0m[38;2;167;128;99m[48;2;167;128;99m▀[0m[38;2;167;128;99m[48;2;167;128;99m▀[0m[38;2;167;128;99m[48;2;167;128;99m▀[0m[38;2;164;127;98m[48;2;167;128;99m▀[0m[38;2;164;127;98m[48;2;167;128;99m▀[0m[38;2;66;65;66m[48;2;66;60;66m▀[0m[38;2;255;154;173m[48;2;142;92;82m▀[0m[38;2;255;154;173m[48;2;156;65;66m▀[0m[38;2;211;151;156m[48;2;156;65;66m▀[0m[38;2;156;65;66m[48;2;145;63;68m▀[0m[38;2;156;65;66m[48;2;156;125;107m▀[0m[38;2;167;128;99m[48;2;167;128;101m▀[0m[38;2;167;128;99m[48;2;167;128;101m▀[0m[38;2;167;128;99m[48;2;167;128;101m▀[0m[38;2;167;128;99m[48;2;140;93;90m▀[0m[38;2;167;128;101m[48;2;139;95;90m▀[0m[38;2;140;93;90m[48;2;139;95;90m▀[0m[38;2;137;94;88m[48;2;137;94;88m▀[0m[38;2;0;0;0m[48;2;0;0;0m▀[0m    
   [38;2;0;0;0m[48;2;0;0;0m▀[0m[38;2;255;255;255m[48;2;66;65;66m▀[0m[38;2;167;128;101m[48;2;164;127;98m▀[0m[38;2;167;128;99m[48;2;145;128;115m▀[0m[38;2;167;128;99m[48;2;255;255;247m▀[0m[38;2;167;128;99m[48;2;167;128;99m▀[0m[38;2;167;128;99m[48;2;167;128;99m▀[0m[38;2;167;128;99m[48;2;167;128;99m▀[0m[38;2;167;128;99m[48;2;167;128;99m▀[0m[38;2;167;128;99m[48;2;167;128;99m▀[0m[38;2;167;128;99m[48;2;167;128;99m▀[0m[38;2;181;109;90m[48;2;173;121;99m▀[0m[38;2;66;60;66m[48;2;66;65;66m▀[0m[38;2;140;94;88m[48;2;139;95;90m▀[0m[38;2;140;94;88m[48;2;139;95;90m▀[0m[38;2;150;94;87m[48;2;139;95;90m▀[0m[38;2;150;94;87m[48;2;139;95;90m▀[0m[38;2;140;93;90m[48;2;139;95;90m▀[0m[38;2;140;93;90m[48;2;139;95;90m▀[0m[38;2;140;93;90m[48;2;139;95;90m▀[0m[38;2;140;93;90m[48;2;139;95;90m▀[0m[38;2;139;95;90m[48;2;139;95;90m▀[0m[38;2;139;95;90m[48;2;139;95;90m▀[0m[38;2;137;94;88m[48;2;0;0;0m▀[0m[38;2;0;0;0m▀    
   [38;2;0;0;0m[48;2;0;0;0m▀[0m[38;2;66;65;66m[48;2;156;65;66m▀[0m[38;2;164;127;98m[48;2;156;65;66m▀[0m[38;2;145;128;115m[48;2;181;101;82m▀[0m[38;2;90;65;49m[48;2;74;52;57m▀[0m[38;2;167;128;99m[48;2;167;128;99m▀[0m[38;2;167;128;99m[48;2;167;128;99m▀[0m[38;2;167;128;99m[48;2;167;128;99m▀[0m[38;2;167;128;99m[48;2;167;128;99m▀[0m[38;2;167;128;99m[48;2;173;121;99m▀[0m[38;2;167;128;99m[48;2;137;102;88m▀[0m[38;2;137;102;88m[48;2;66;65;66m▀[0m[38;2;66;65;66m[48;2;66;65;66m▀[0m[38;2;139;95;90m[48;2;66;65;66m▀[0m[38;2;139;95;90m[48;2;66;65;66m▀[0m[38;2;139;95;90m[48;2;66;65;66m▀[0m[38;2;139;95;90m[48;2;137;102;88m▀[0m[38;2;139;95;90m[48;2;140;95;90m▀[0m[38;2;139;95;90m[48;2;140;95;90m▀[0m[38;2;139;95;90m[48;2;140;93;90m▀[0m[38;2;139;95;90m[48;2;167;128;101m▀[0m[38;2;139;95;90m[48;2;140;93;90m▀[0m[38;2;139;95;90m[48;2;167;128;101m▀[0m[38;2;0;0;0m[48;2;0;0;0m▀[0m     
  [38;2;0;0;0m[48;2;0;0;0m▀[0m[38;2;255;255;255m[48;2;255;154;173m▀[0m[38;2;255;154;173m[48;2;255;154;170m▀[0m[38;2;255;154;173m[48;2;255;154;170m▀[0m[38;2;145;84;73m[48;2;247;170;181m▀[0m[38;2;145;84;73m[48;2;216;137;145m▀[0m[38;2;167;128;99m[48;2;145;63;68m▀[0m[38;2;167;128;99m[48;2;156;125;107m▀[0m[38;2;167;128;99m[48;2;140;95;90m▀[0m[38;2;167;128;99m[48;2;66;65;66m▀[0m[38;2;66;65;66m[48;2;167;128;99m▀[0m[38;2;66;65;66m[48;2;167;128;99m▀[0m[38;2;164;127;98m[48;2;167;128;99m▀[0m[38;2;164;127;98m[48;2;167;128;99m▀[0m[38;2;164;127;98m[48;2;167;128;99m▀[0m[38;2;164;127;98m[48;2;167;128;99m▀[0m[38;2;173;121;99m[48;2;167;128;99m▀[0m[38;2;66;65;66m[48;2;167;128;99m▀[0m[38;2;66;65;66m[48;2;164;127;98m▀[0m[38;2;140;95;90m[48;2;66;65;66m▀[0m[38;2;167;128;101m[48;2;137;100;88m▀[0m[38;2;140;93;90m[48;2;173;121;99m▀[0m[38;2;167;128;101m[48;2;140;95;90m▀[0m[38;2;140;93;90m[48;2;66;65;66m▀[0m[38;2;0;0;0m[48;2;63;62;60m▀[0m[38;2;0;4;0m▄    
   [38;2;0;0;0m▀[38;2;255;154;170m[48;2;8;0;0m▀[0m[38;2;255;154;170m[48;2;128;105;110m▀[0m[38;2;216;137;145m[48;2;156;65;66m▀[0m[38;2;156;73;74m[48;2;140;94;88m▀[0m[38;2;150;94;87m[48;2;139;95;90m▀[0m[38;2;150;94;87m[48;2;139;95;90m▀[0m[38;2;140;95;90m[48;2;66;65;66m▀[0m[38;2;66;65;66m[48;2;164;127;98m▀[0m[38;2;167;128;99m[48;2;167;128;101m▀[0m[38;2;167;128;99m[48;2;167;128;101m▀[0m[38;2;167;128;99m[48;2;167;128;99m▀[0m[38;2;167;128;99m[48;2;167;128;99m▀[0m[38;2;167;128;99m[48;2;167;128;99m▀[0m[38;2;167;128;99m[48;2;167;128;99m▀[0m[38;2;167;128;99m[48;2;167;128;99m▀[0m[38;2;167;128;99m[48;2;167;128;99m▀[0m[38;2;164;127;98m[48;2;167;128;99m▀[0m[38;2;164;127;98m[48;2;167;128;99m▀[0m[38;2;66;60;66m[48;2;66;65;66m▀[0m[38;2;137;100;88m[48;2;140;95;90m▀[0m[38;2;140;95;90m[48;2;66;65;66m▀[0m[38;2;66;65;66m[48;2;66;65;66m▀[0m[38;2;126;120;120m[48;2;126;117;118m▀[0m[38;2;126;120;120m[48;2;126;117;118m▀[0m[38;2;0;0;0m[48;2;173;178;189m▀[0m[38;2;0;0;0m▄[38;2;0;0;0m▄ 
  [38;2;0;0;0m▄[38;2;0;0;0m[48;2;173;170;181m▀[0m[38;2;189;158;165m[48;2;123;117;123m▀[0m[38;2;68;52;55m[48;2;63;65;68m▀[0m[38;2;140;94;88m[48;2;140;95;90m▀[0m[38;2;140;94;88m[48;2;140;95;90m▀[0m[38;2;139;95;90m[48;2;140;95;90m▀[0m[38;2;139;95;90m[48;2;140;95;90m▀[0m[38;2;66;65;66m[48;2;66;65;66m▀[0m[38;2;164;127;98m[48;2;173;121;99m▀[0m[38;2;255;255;255m[48;2;66;65;66m▀[0m[38;2;167;128;101m[48;2;164;127;98m▀[0m[38;2;167;128;99m[48;2;167;128;99m▀[0m[38;2;167;128;99m[48;2;167;128;99m▀[0m[38;2;167;128;99m[48;2;255;255;247m▀[0m[38;2;167;128;99m[48;2;145;128;115m▀[0m[38;2;167;128;99m[48;2;167;128;99m▀[0m[38;2;167;128;99m[48;2;167;128;99m▀[0m[38;2;167;128;99m[48;2;167;128;99m▀[0m[38;2;167;128;99m[48;2;167;128;99m▀[0m[38;2;66;65;66m[48;2;140;95;90m▀[0m[38;2;66;65;66m[48;2;66;65;66m▀[0m[38;2;66;65;66m[48;2;126;117;120m▀[0m[38;2;126;117;118m[48;2;126;117;120m▀[0m[38;2;87;93;104m[48;2;87;93;104m▀[0m[38;2;87;93;104m[48;2;126;117;118m▀[0m[38;2;173;178;189m[48;2;115;113;120m▀[0m[38;2;173;178;189m[48;2;173;170;181m▀[0m[38;2;86;93;103m[48;2;173;178;189m▀[0m[38;2;0;0;0m[48;2;0;0;0m▀[0m
 [38;2;0;0;0m[48;2;0;0;0m▀[0m[38;2;115;113;120m[48;2;123;116;117m▀[0m[38;2;115;113;120m[48;2;123;116;117m▀[0m[38;2;93;91;95m[48;2;181;178;189m▀[0m[38;2;123;117;123m[48;2;120;118;129m▀[0m[38;2;66;65;66m[48;2;86;91;102m▀[0m[38;2;66;65;66m[48;2;173;178;189m▀[0m[38;2;66;65;66m[48;2;181;178;189m▀[0m[38;2;140;95;90m[48;2;66;65;66m▀[0m[38;2;66;65;66m[48;2;66;65;66m▀[0m[38;2;137;102;88m[48;2;148;81;76m▀[0m[38;2;66;65;66m[48;2;165;65;66m▀[0m[38;2;164;127;98m[48;2;165;65;66m▀[0m[38;2;167;128;99m[48;2;148;73;66m▀[0m[38;2;167;128;99m[48;2;181;102;101m▀[0m[38;2;90;65;49m[48;2;79;53;60m▀[0m[38;2;145;128;115m[48;2;173;121;99m▀[0m[38;2;167;128;99m[48;2;167;128;101m▀[0m[38;2;167;128;99m[48;2;167;128;101m▀[0m[38;2;167;128;99m[48;2;167;128;101m▀[0m[38;2;167;128;99m[48;2;140;93;90m▀[0m[38;2;140;95;90m[48;2;140;95;90m▀[0m[38;2;66;65;66m[48;2;66;65;66m▀[0m[38;2;126;117;120m[48;2;87;93;104m▀[0m[38;2;126;117;120m[48;2;87;93;104m▀[0m[38;2;126;117;118m[48;2;126;117;118m▀[0m[38;2;87;93;104m[48;2;87;93;104m▀[0m[38;2;115;113;120m[48;2;0;0;0m▀[0m[38;2;0;0;0m▀[38;2;0;0;0m▀ 
[38;2;0;0;0m▀[38;2;127;117;119m[48;2;0;0;0m▀[0m[38;2;123;116;117m[48;2;0;0;0m▀[0m[38;2;173;178;189m[48;2;173;178;189m▀[0m[38;2;181;178;189m[48;2;126;117;118m▀[0m[38;2;90;89;99m[48;2;87;93;104m▀[0m[38;2;173;178;189m[48;2;181;178;189m▀[0m[38;2;173;178;189m[48;2;181;178;189m▀[0m[38;2;181;178;189m[48;2;90;93;99m▀[0m[38;2;123;121;127m[48;2;90;93;99m▀[0m[38;2;66;65;66m[48;2;176;181;192m▀[0m[38;2;148;81;76m[48;2;66;65;66m▀[0m[38;2;255;251;255m[48;2;255;154;173m▀[0m[38;2;210;158;160m[48;2;255;154;173m▀[0m[38;2;247;162;173m[48;2;255;154;173m▀[0m[38;2;148;73;66m[48;2;255;154;173m▀[0m[38;2;126;87;79m[48;2;156;65;66m▀[0m[38;2;173;121;99m[48;2;140;94;88m▀[0m[38;2;167;128;101m[48;2;139;95;90m▀[0m[38;2;140;93;90m[48;2;139;95;90m▀[0m[38;2;140;93;90m[48;2;139;95;90m▀[0m[38;2;140;93;90m[48;2;139;95;90m▀[0m[38;2;140;95;90m[48;2;132;105;104m▀[0m[38;2;66;65;66m[48;2;66;65;66m▀[0m[38;2;126;117;118m[48;2;86;91;102m▀[0m[38;2;126;117;118m[48;2;86;91;102m▀[0m[38;2;87;93;104m[48;2;127;117;119m▀[0m[38;2;126;117;118m[48;2;0;0;0m▀[0m[38;2;0;0;0m▀   
   [38;2;0;0;0m▀[38;2;126;117;118m[48;2;0;0;0m▀[0m[38;2;126;117;118m[48;2;0;0;0m▀[0m[38;2;120;118;129m[48;2;0;0;0m▀[0m[38;2;90;89;99m[48;2;127;117;119m▀[0m[38;2;120;121;129m[48;2;123;116;117m▀[0m[38;2;181;178;189m[48;2;173;178;189m▀[0m[38;2;176;181;192m[48;2;176;180;192m▀[0m[38;2;66;65;66m[48;2;176;180;192m▀[0m[38;2;156;65;66m[48;2;66;65;66m▀[0m[38;2;156;65;66m[48;2;66;65;66m▀[0m[38;2;156;65;66m[48;2;140;95;90m▀[0m[38;2;156;65;66m[48;2;140;95;90m▀[0m[38;2;140;94;88m[48;2;140;95;90m▀[0m[38;2;140;94;88m[48;2;140;95;90m▀[0m[38;2;139;95;90m[48;2;140;95;90m▀[0m[38;2;139;95;90m[48;2;140;95;90m▀[0m[38;2;139;95;90m[48;2;66;65;66m▀[0m[38;2;139;95;90m[48;2;66;65;66m▀[0m[38;2;66;65;66m[48;2;126;117;118m▀[0m[38;2;132;105;104m[48;2;87;93;104m▀[0m[38;2;173;178;189m[48;2;173;179;192m▀[0m[38;2;86;91;102m[48;2;173;179;192m▀[0m[38;2;127;117;119m[48;2;82;82;84m▀[0m[38;2;127;117;119m[48;2;123;121;123m▀[0m[38;2;0;0;0m[48;2;0;0;0m▀[0m   
       [38;2;0;0;0m▀[38;2;123;116;117m[48;2;0;0;0m▀[0m[38;2;123;116;117m[48;2;127;117;119m▀[0m[38;2;176;180;192m[48;2;123;116;117m▀[0m[38;2;176;180;192m[48;2;173;178;189m▀[0m[38;2;176;181;192m[48;2;181;178;189m▀[0m[38;2;176;181;192m[48;2;90;93;99m▀[0m[38;2;66;65;66m[48;2;126;117;118m▀[0m[38;2;66;65;66m[48;2;126;117;118m▀[0m[38;2;66;65;66m[48;2;126;117;118m▀[0m[38;2;66;65;66m[48;2;87;93;104m▀[0m[38;2;66;65;66m[48;2;181;178;189m▀[0m[38;2;66;65;66m[48;2;90;93;99m▀[0m[38;2;126;117;118m[48;2;126;117;120m▀[0m[38;2;126;117;118m[48;2;126;117;120m▀[0m[38;2;126;117;118m[48;2;126;117;120m▀[0m[38;2;87;93;104m[48;2;126;117;120m▀[0m[38;2;123;117;115m[48;2;82;82;84m▀[0m[38;2;173;179;192m[48;2;123;121;123m▀[0m[38;2;123;121;123m[48;2;0;0;0m▀[0m[38;2;0;4;8m▀    
        [38;2;0;0;0m▀[38;2;127;117;119m[48;2;0;0;0m▀[0m[38;2;123;116;117m[48;2;0;0;0m▀[0m[38;2;123;116;117m[48;2;127;117;119m▀[0m[38;2;90;93;99m[48;2;86;93;103m▀[0m[38;2;120;121;129m[48;2;0;0;0m▀[0m[38;2;87;93;104m[48;2;82;82;84m▀[0m[38;2;126;117;118m[48;2;123;121;123m▀[0m[38;2;126;117;118m[48;2;126;117;120m▀[0m[38;2;87;93;104m[48;2;126;117;120m▀[0m[38;2;120;121;129m[48;2;87;93;104m▀[0m[38;2;90;93;99m[48;2;126;117;118m▀[0m[38;2;126;117;120m[48;2;127;117;119m▀[0m[38;2;126;117;120m[48;2;0;0;0m▀[0m[38;2;126;117;120m[48;2;127;117;119m▀[0m[38;2;126;117;120m[48;2;127;117;119m▀[0m[38;2;123;121;123m[48;2;66;65;66m▀[0m[38;2;0;4;8m[48;2;0;0;0m▀[0m      
           [38;2;0;0;0m▀[38;2;0;0;0m▀ [38;2;0;4;8m▀[38;2;123;121;123m[48;2;0;0;0m▀[0m[38;2;126;117;120m[48;2;0;0;0m▀[0m[38;2;126;117;120m[48;2;0;0;0m▀[0m[38;2;126;117;118m[48;2;0;0;0m▀[0m[38;2;126;117;118m[48;2;0;0;0m▀[0m[38;2;0;0;0m▀ [38;2;0;0;0m▀[38;2;0;0;0m▀[38;2;0;0;0m▀       
[0m
