      [38;2;0;0;0m▄[38;2;0;0;0m[48;2;255;181;214m▀[0m[38;2;0;0;0m[48;2;255;181;214m▀[0m[38;2;0;0;0m▄   
   [38;2;0;0;0m▄[38;2;0;0;0m▄[38;2;0;0;0m[48;2;255;181;214m▀[0m[38;2;255;181;214m[48;2;255;181;214m▀[0m[38;2;255;181;214m[48;2;247;148;189m▀[0m[38;2;255;181;214m[48;2;239;115;156m▀[0m[38;2;0;0;0m[48;2;0;0;0m▀[0m   
  [38;2;0;0;0m[48;2;65;65;65m▀[0m[38;2;255;181;214m[48;2;255;181;214m▀[0m[38;2;65;65;65m[48;2;132;107;132m▀[0m[38;2;255;181;214m[48;2;239;115;156m▀[0m[38;2;239;115;156m[48;2;239;115;156m▀[0m[38;2;239;115;156m[48;2;239;115;156m▀[0m[38;2;239;115;156m[48;2;0;0;0m▀[0m[38;2;0;0;0m▀   
 [38;2;0;0;0m[48;2;0;0;0m▀[0m[38;2;255;181;214m[48;2;247;148;189m▀[0m[38;2;239;115;156m[48;2;239;115;156m▀[0m[38;2;239;115;156m[48;2;239;115;156m▀[0m[38;2;239;115;156m[48;2;132;107;132m▀[0m[38;2;239;115;156m[48;2;132;107;132m▀[0m[38;2;65;65;65m[48;2;255;181;214m▀[0m[38;2;65;65;65m[48;2;239;115;156m▀[0m[38;2;0;0;0m[48;2;239;115;156m▀[0m[38;2;0;0;0m▄  
 [38;2;0;0;0m[48;2;0;0;0m▀[0m[38;2;239;115;156m[48;2;239;115;156m▀[0m[38;2;239;115;156m[48;2;132;107;132m▀[0m[38;2;132;107;132m[48;2;247;206;230m▀[0m[38;2;255;181;214m[48;2;255;181;214m▀[0m[38;2;255;181;214m[48;2;255;181;214m▀[0m[38;2;255;181;214m[48;2;255;181;214m▀[0m[38;2;255;181;214m[48;2;255;181;214m▀[0m[38;2;239;115;156m[48;2;247;148;189m▀[0m[38;2;239;115;156m[48;2;239;115;156m▀[0m[38;2;0;0;0m[48;2;0;0;0m▀[0m 
 [38;2;65;65;65m[48;2;0;0;0m▀[0m[38;2;0;0;0m[48;2;247;206;230m▀[0m[38;2;247;206;230m[48;2;247;206;230m▀[0m[38;2;255;181;214m[48;2;255;181;214m▀[0m[38;2;255;181;214m[48;2;255;181;214m▀[0m[38;2;255;181;214m[48;2;255;181;214m▀[0m[38;2;239;115;156m[48;2;239;115;156m▀[0m[38;2;247;148;189m[48;2;239;115;156m▀[0m[38;2;255;181;214m[48;2;255;181;214m▀[0m[38;2;239;115;156m[48;2;0;0;0m▀[0m[38;2;0;0;0m▀ 
[38;2;0;0;0m▄[38;2;0;0;0m[48;2;247;206;230m▀[0m[38;2;247;206;230m[48;2;255;181;214m▀[0m[38;2;255;181;214m[48;2;255;181;214m▀[0m[38;2;255;181;214m[48;2;255;181;214m▀[0m[38;2;255;181;214m[48;2;41;123;156m▀[0m[38;2;41;123;156m[48;2;41;123;156m▀[0m[38;2;255;181;214m[48;2;255;181;214m▀[0m[38;2;239;115;156m[48;2;247;148;189m▀[0m[38;2;255;181;214m[48;2;255;181;214m▀[0m[38;2;239;115;156m[48;2;239;115;156m▀[0m[38;2;0;0;0m[48;2;0;0;0m▀[0m 
[38;2;0;0;0m[48;2;0;0;0m▀[0m[38;2;247;206;230m[48;2;255;181;214m▀[0m[38;2;255;181;214m[48;2;255;181;214m▀[0m[38;2;255;181;214m[48;2;255;181;214m▀[0m[38;2;41;123;156m[48;2;41;123;156m▀[0m[38;2;0;0;0m[48;2;247;140;41m▀[0m[38;2;255;255;255m[48;2;255;255;255m▀[0m[38;2;255;181;214m[48;2;255;181;214m▀[0m[38;2;255;181;214m[48;2;255;181;214m▀[0m[38;2;247;148;189m[48;2;239;115;156m▀[0m[38;2;239;115;156m[48;2;0;0;0m▀[0m[38;2;0;0;0m▀ 
 [38;2;0;0;0m▀[38;2;255;181;214m[48;2;0;0;0m▀[0m[38;2;255;181;214m[48;2;0;0;0m▀[0m[38;2;255;181;214m[48;2;255;181;214m▀[0m[38;2;255;255;255m[48;2;255;181;214m▀[0m[38;2;255;181;214m[48;2;255;181;214m▀[0m[38;2;255;181;214m[48;2;132;107;132m▀[0m[38;2;247;148;189m[48;2;132;107;132m▀[0m[38;2;65;65;65m[48;2;239;115;156m▀[0m[38;2;239;115;156m[48;2;239;115;156m▀[0m[38;2;0;0;0m[48;2;0;0;0m▀[0m 
    [38;2;0;0;0m[48;2;0;0;0m▀[0m[38;2;132;107;132m[48;2;239;115;156m▀[0m[38;2;132;107;132m[48;2;239;115;156m▀[0m[38;2;239;115;156m[48;2;132;107;132m▀[0m[38;2;239;115;156m[48;2;239;115;156m▀[0m[38;2;239;115;156m[48;2;239;115;156m▀[0m[38;2;239;115;156m[48;2;247;148;189m▀[0m[38;2;247;148;189m[48;2;255;181;214m▀[0m[38;2;0;0;0m[48;2;0;0;0m▀[0m
     [38;2;0;0;0m▀[38;2;247;148;189m[48;2;0;0;0m▀[0m[38;2;255;181;214m[48;2;0;0;0m▀[0m[38;2;0;0;0m▀[38;2;255;181;214m[48;2;0;0;0m▀[0m[38;2;255;181;214m[48;2;0;0;0m▀[0m[38;2;255;181;214m[48;2;0;0;0m▀[0m[38;2;0;0;0m▀
[0m
