                            [38;2;0;4;0m▄[38;2;0;4;0m[48;2;57;91;74m▀[0m[38;2;0;4;0m[48;2;57;91;74m▀[0m[38;2;0;4;0m[48;2;57;91;74m▀[0m[38;2;0;4;0m[48;2;57;91;74m▀[0m[38;2;0;4;0m▄        
        [38;2;0;4;0m▄[38;2;0;4;0m▄[38;2;0;4;0m[48;2;90;174;123m▀[0m[38;2;0;4;0m[48;2;90;174;123m▀[0m[38;2;0;4;0m[48;2;90;174;123m▀[0m[38;2;0;4;0m[48;2;90;174;123m▀[0m[38;2;0;4;0m[48;2;90;174;123m▀[0m[38;2;0;4;0m▄[38;2;0;4;0m▄       [38;2;0;4;0m▄ [38;2;0;4;0m▄[38;2;0;4;0m[48;2;57;91;74m▀[0m[38;2;57;91;74m[48;2;57;91;74m▀[0m[38;2;57;91;74m[48;2;0;4;0m▀[0m[38;2;0;4;0m▀[38;2;0;4;0m▀[38;2;57;91;74m[48;2;0;4;0m▀[0m[38;2;57;91;74m[48;2;57;91;74m▀[0m[38;2;0;4;0m[48;2;0;4;0m▀[0m       
      [38;2;0;4;0m▄[38;2;0;4;0m[48;2;66;134;99m▀[0m[38;2;90;174;123m[48;2;49;89;65m▀[0m[38;2;90;174;123m[48;2;8;4;8m▀[0m[38;2;0;4;0m▀[38;2;0;4;0m▀[38;2;0;4;0m▀[38;2;0;4;0m▀[38;2;0;4;0m▀[38;2;90;174;123m[48;2;0;4;0m▀[0m[38;2;90;182;132m[48;2;0;8;0m▀[0m[38;2;0;8;0m[48;2;60;124;88m▀[0m[38;2;0;4;0m[48;2;66;134;99m▀[0m[38;2;0;4;0m▄  [38;2;0;4;0m▄[38;2;0;4;0m[48;2;66;134;99m▀[0m[38;2;90;178;123m[48;2;90;178;123m▀[0m[38;2;0;8;0m[48;2;60;121;82m▀[0m[38;2;66;65;66m[48;2;66;65;66m▀[0m[38;2;55;92;74m[48;2;55;92;74m▀[0m[38;2;0;4;0m[48;2;66;64;66m▀[0m[38;2;0;4;0m▄[38;2;0;4;0m▄[38;2;0;4;0m[48;2;90;174;123m▀[0m[38;2;66;65;66m[48;2;88;175;120m▀[0m[38;2;66;65;66m[48;2;88;175;120m▀[0m[38;2;0;4;0m[48;2;66;64;66m▀[0m[38;2;0;4;0m▄      
    [38;2;0;4;0m▄[38;2;0;4;0m[48;2;66;134;99m▀[0m[38;2;74;134;107m[48;2;49;90;71m▀[0m[38;2;49;90;71m[48;2;0;4;0m▀[0m[38;2;0;4;0m▀   [38;2;0;4;0m▄[38;2;0;4;0m▄[38;2;0;4;0m▄  [38;2;0;4;0m[48;2;0;4;0m▀[0m[38;2;70;134;99m[48;2;66;65;66m▀[0m[38;2;70;134;99m[48;2;66;65;66m▀[0m[38;2;0;4;0m[48;2;255;255;255m▀[0m[38;2;0;4;0m[48;2;255;255;255m▀[0m[38;2;71;72;68m[48;2;71;72;68m▀[0m[38;2;82;178;123m[48;2;76;125;95m▀[0m[38;2;87;175;123m[48;2;87;175;123m▀[0m[38;2;87;175;123m[48;2;68;132;98m▀[0m[38;2;66;65;66m[48;2;82;78;68m▀[0m[38;2;66;65;66m[48;2;66;65;66m▀[0m[38;2;57;60;57m[48;2;82;174;123m▀[0m[38;2;82;174;123m[48;2;65;98;79m▀[0m[38;2;90;174;123m[48;2;0;4;0m▀[0m[38;2;0;4;0m▀[38;2;0;4;0m▀[38;2;66;64;66m[48;2;0;4;0m▀[0m[38;2;65;96;79m[48;2;57;60;57m▀[0m[38;2;82;170;123m[48;2;65;96;79m▀[0m[38;2;0;4;0m[48;2;90;174;123m▀[0m[38;2;0;4;0m▄    
    [38;2;0;4;0m[48;2;0;4;0m▀[0m[38;2;74;134;99m[48;2;49;90;66m▀[0m[38;2;0;4;0m[48;2;0;4;0m▀[0m     [38;2;0;4;0m▀[38;2;173;174;173m[48;2;0;4;0m▀[0m[38;2;173;174;173m[48;2;173;174;173m▀[0m[38;2;0;4;0m[48;2;173;174;173m▀[0m[38;2;0;4;0m[48;2;66;66;66m▀[0m[38;2;99;97;99m[48;2;99;97;99m▀[0m[38;2;203;205;203m[48;2;99;105;99m▀[0m[38;2;255;255;255m[48;2;203;205;203m▀[0m[38;2;255;255;255m[48;2;255;255;255m▀[0m[38;2;255;255;255m[48;2;255;255;255m▀[0m[38;2;231;235;231m[48;2;231;235;231m▀[0m[38;2;82;81;66m[48;2;231;235;231m▀[0m[38;2;82;81;66m[48;2;222;223;222m▀[0m[38;2;82;81;66m[48;2;222;223;222m▀[0m[38;2;66;65;66m[48;2;66;65;66m▀[0m[38;2;88;175;120m[48;2;66;65;66m▀[0m[38;2;66;73;66m[48;2;66;73;66m▀[0m[38;2;66;73;66m[48;2;222;223;222m▀[0m[38;2;214;215;214m[48;2;107;107;107m▀[0m[38;2;0;0;0m[48;2;107;107;107m▀[0m[38;2;0;0;0m[48;2;222;219;214m▀[0m[38;2;74;73;71m[48;2;74;73;71m▀[0m[38;2;55;92;74m[48;2;55;92;74m▀[0m[38;2;66;65;66m[48;2;66;65;66m▀[0m[38;2;90;174;123m[48;2;49;89;65m▀[0m[38;2;8;4;8m[48;2;90;174;123m▀[0m[38;2;0;4;0m▄   
   [38;2;0;4;0m[48;2;0;4;0m▀[0m[38;2;71;134;98m[48;2;71;134;98m▀[0m[38;2;0;4;0m[48;2;0;4;0m▀[0m       [38;2;0;4;0m▀[38;2;79;81;79m[48;2;8;8;8m▀[0m[38;2;79;81;79m[48;2;222;227;222m▀[0m[38;2;90;174;123m[48;2;90;174;123m▀[0m[38;2;255;207;66m[48;2;255;207;66m▀[0m[38;2;119;101;66m[48;2;0;0;33m▀[0m[38;2;119;101;66m[48;2;239;203;99m▀[0m[38;2;84;109;96m[48;2;84;109;96m▀[0m[38;2;222;223;222m[48;2;84;109;96m▀[0m[38;2;222;223;222m[48;2;96;95;96m▀[0m[38;2;222;223;222m[48;2;96;95;96m▀[0m[38;2;222;223;222m[48;2;96;95;96m▀[0m[38;2;222;223;222m[48;2;96;95;96m▀[0m[38;2;222;223;222m[48;2;96;95;96m▀[0m[38;2;222;223;222m[48;2;96;95;96m▀[0m[38;2;84;109;96m[48;2;84;109;96m▀[0m[38;2;84;109;96m[48;2;222;223;222m▀[0m[38;2;109;113;109m[48;2;57;60;57m▀[0m[38;2;57;60;57m[48;2;214;219;214m▀[0m[38;2;66;65;66m[48;2;222;223;222m▀[0m[38;2;222;223;222m[48;2;66;65;66m▀[0m[38;2;66;65;66m[48;2;222;223;222m▀[0m[38;2;66;65;66m[48;2;66;65;66m▀[0m[38;2;66;65;66m[48;2;66;65;66m▀[0m[38;2;88;175;120m[48;2;88;175;120m▀[0m[38;2;0;4;0m[48;2;0;4;0m▀[0m   
   [38;2;0;4;0m[48;2;0;4;0m▀[0m[38;2;71;134;98m[48;2;71;134;98m▀[0m[38;2;0;4;0m[48;2;0;4;0m▀[0m       [38;2;0;4;0m[48;2;0;4;0m▀[0m[38;2;95;95;95m[48;2;175;175;175m▀[0m[38;2;255;255;255m[48;2;95;95;95m▀[0m[38;2;85;174;123m[48;2;239;215;140m▀[0m[38;2;239;215;140m[48;2;85;174;123m▀[0m[38;2;0;32;33m[48;2;255;215;74m▀[0m[38;2;255;215;74m[48;2;85;93;46m▀[0m[38;2;66;134;99m[48;2;222;223;222m▀[0m[38;2;222;223;222m[48;2;222;223;222m▀[0m[38;2;68;132;98m[48;2;68;132;98m▀[0m[38;2;87;175;123m[48;2;87;175;123m▀[0m[38;2;255;207;66m[48;2;255;207;66m▀[0m[38;2;0;4;0m[48;2;0;4;0m▀[0m[38;2;255;207;66m[48;2;255;207;66m▀[0m[38;2;90;174;123m[48;2;90;174;123m▀[0m[38;2;66;134;99m[48;2;66;134;99m▀[0m[38;2;222;223;222m[48;2;222;223;222m▀[0m[38;2;66;65;66m[48;2;222;223;222m▀[0m[38;2;222;223;222m[48;2;66;65;66m▀[0m[38;2;214;219;214m[48;2;57;60;57m▀[0m[38;2;57;60;57m[48;2;109;113;109m▀[0m[38;2;110;112;110m[48;2;165;166;165m▀[0m[38;2;55;58;55m[48;2;0;4;0m▀[0m[38;2;0;4;0m▀[38;2;57;91;74m[48;2;0;4;0m▀[0m[38;2;90;174;123m[48;2;90;174;123m▀[0m[38;2;0;4;0m[48;2;0;4;0m▀[0m  
   [38;2;0;4;0m[48;2;0;4;0m▀[0m[38;2;71;134;98m[48;2;71;134;98m▀[0m[38;2;0;4;0m[48;2;0;4;0m▀[0m      [38;2;0;4;0m▄[38;2;0;4;0m[48;2;222;223;222m▀[0m[38;2;66;65;66m[48;2;222;227;222m▀[0m[38;2;170;173;170m[48;2;66;65;66m▀[0m[38;2;94;97;94m[48;2;173;174;173m▀[0m[38;2;94;97;94m[48;2;173;174;173m▀[0m[38;2;123;148;131m[48;2;82;105;90m▀[0m[38;2;206;235;214m[48;2;82;105;90m▀[0m[38;2;222;223;222m[48;2;96;95;96m▀[0m[38;2;222;223;222m[48;2;222;223;222m▀[0m[38;2;222;223;222m[48;2;222;223;222m▀[0m[38;2;66;134;99m[48;2;222;223;222m▀[0m[38;2;126;148;112m[48;2;231;219;140m▀[0m[38;2;231;219;140m[48;2;74;113;99m▀[0m[38;2;66;134;99m[48;2;222;223;222m▀[0m[38;2;66;134;99m[48;2;222;223;222m▀[0m[38;2;222;223;222m[48;2;96;95;96m▀[0m[38;2;222;223;222m[48;2;96;95;96m▀[0m[38;2;94;97;94m[48;2;94;97;94m▀[0m[38;2;94;97;94m[48;2;173;174;173m▀[0m[38;2;94;97;94m[48;2;173;174;173m▀[0m[38;2;173;174;173m[48;2;173;174;173m▀[0m[38;2;71;70;65m[48;2;71;70;65m▀[0m[38;2;71;70;65m[48;2;57;93;74m▀[0m[38;2;0;4;0m[48;2;63;73;68m▀[0m[38;2;63;73;68m[48;2;63;73;68m▀[0m[38;2;90;174;123m[48;2;90;174;123m▀[0m[38;2;0;4;0m[48;2;0;4;0m▀[0m  
 [38;2;0;4;0m▄[38;2;8;4;8m[48;2;90;174;132m▀[0m[38;2;49;89;70m[48;2;49;89;70m▀[0m[38;2;68;133;96m[48;2;68;133;96m▀[0m[38;2;57;93;74m[48;2;57;93;74m▀[0m[38;2;0;4;0m[48;2;90;174;123m▀[0m[38;2;0;4;0m▄   [38;2;0;4;0m[48;2;0;4;0m▀[0m[38;2;222;223;222m[48;2;0;4;0m▀[0m[38;2;222;223;222m[48;2;0;4;0m▀[0m[38;2;0;4;0m▀[38;2;0;4;0m▀[38;2;173;174;173m[48;2;8;8;0m▀[0m[38;2;173;174;173m[48;2;63;63;57m▀[0m[38;2;170;175;172m[48;2;170;175;172m▀[0m[38;2;170;175;172m[48;2;170;175;172m▀[0m[38;2;165;174;173m[48;2;66;65;66m▀[0m[38;2;99;101;101m[48;2;66;65;66m▀[0m[38;2;94;97;94m[48;2;173;174;173m▀[0m[38;2;94;97;94m[48;2;173;174;173m▀[0m[38;2;94;97;94m[48;2;173;174;173m▀[0m[38;2;94;97;94m[48;2;173;174;173m▀[0m[38;2;94;97;94m[48;2;173;174;173m▀[0m[38;2;94;97;94m[48;2;173;174;173m▀[0m[38;2;170;175;172m[48;2;170;175;172m▀[0m[38;2;170;175;172m[48;2;170;175;172m▀[0m[38;2;170;173;170m[48;2;66;65;66m▀[0m[38;2;66;65;66m[48;2;222;227;222m▀[0m[38;2;94;97;94m[48;2;66;65;66m▀[0m[38;2;66;65;66m[48;2;66;65;66m▀[0m[38;2;55;92;74m[48;2;66;65;66m▀[0m[38;2;55;92;74m[48;2;66;65;66m▀[0m[38;2;55;92;74m[48;2;66;65;66m▀[0m[38;2;66;65;66m[48;2;66;65;66m▀[0m[38;2;90;174;123m[48;2;90;174;123m▀[0m[38;2;0;4;0m[48;2;0;4;0m▀[0m  
[38;2;0;12;0m[48;2;0;12;0m▀[0m[38;2;82;101;86m[48;2;165;190;173m▀[0m[38;2;87;175;123m[48;2;68;132;98m▀[0m[38;2;87;175;123m[48;2;68;132;98m▀[0m[38;2;57;93;74m[48;2;71;133;98m▀[0m[38;2;85;174;123m[48;2;71;133;98m▀[0m[38;2;99;155;123m[48;2;66;142;99m▀[0m[38;2;66;142;99m[48;2;165;182;173m▀[0m[38;2;0;4;0m[48;2;0;4;0m▀[0m        [38;2;0;4;0m[48;2;0;4;0m▀[0m[38;2;66;65;66m[48;2;94;97;94m▀[0m[38;2;66;65;66m[48;2;66;65;66m▀[0m[38;2;222;224;219m[48;2;222;224;219m▀[0m[38;2;222;224;219m[48;2;222;224;219m▀[0m[38;2;57;60;57m[48;2;0;4;0m▀[0m[38;2;173;174;173m[48;2;0;4;0m▀[0m[38;2;173;174;173m[48;2;8;8;0m▀[0m[38;2;173;174;173m[48;2;63;63;57m▀[0m[38;2;173;178;173m[48;2;63;67;63m▀[0m[38;2;63;67;63m[48;2;8;12;8m▀[0m[38;2;0;4;0m▀[38;2;0;4;0m▀[38;2;222;223;222m[48;2;0;4;0m▀[0m[38;2;222;223;222m[48;2;0;4;0m▀[0m[38;2;222;223;222m[48;2;222;223;222m▀[0m[38;2;66;65;66m[48;2;66;65;66m▀[0m[38;2;94;97;94m[48;2;66;65;66m▀[0m[38;2;94;97;94m[48;2;66;65;66m▀[0m[38;2;79;101;85m[48;2;74;65;66m▀[0m[38;2;74;65;66m[48;2;90;174;123m▀[0m[38;2;90;174;132m[48;2;45;89;66m▀[0m[38;2;0;4;0m[48;2;0;4;0m▀[0m  
 [38;2;0;4;0m[48;2;0;4;0m▀[0m[38;2;86;93;86m[48;2;173;178;173m▀[0m[38;2;173;178;173m[48;2;0;8;0m▀[0m[38;2;173;174;173m[48;2;0;4;0m▀[0m[38;2;173;174;173m[48;2;0;4;0m▀[0m[38;2;86;93;86m[48;2;173;178;173m▀[0m[38;2;0;8;0m[48;2;0;8;0m▀[0m         [38;2;0;4;0m▀[38;2;0;4;0m▀[38;2;0;4;0m▀[38;2;222;223;222m[48;2;0;4;0m▀[0m[38;2;0;4;0m▀   [38;2;0;4;0m▀[38;2;94;97;94m[48;2;0;4;0m▀[0m[38;2;0;4;0m[48;2;0;4;0m▀[0m    [38;2;0;4;0m▀[38;2;66;64;66m[48;2;0;4;0m▀[0m[38;2;66;65;66m[48;2;76;137;104m▀[0m[38;2;82;174;123m[48;2;82;174;123m▀[0m[38;2;57;93;74m[48;2;86;174;123m▀[0m[38;2;86;174;123m[48;2;57;93;74m▀[0m[38;2;57;93;74m[48;2;86;174;123m▀[0m[38;2;86;174;123m[48;2;86;174;123m▀[0m[38;2;0;4;0m[48;2;66;134;99m▀[0m[38;2;0;4;0m▄
  [38;2;0;4;0m▀   [38;2;0;4;0m▀                          [38;2;0;4;0m▀[38;2;165;186;181m[48;2;0;16;8m▀[0m[38;2;82;101;94m[48;2;82;101;94m▀[0m[38;2;68;133;95m[48;2;173;174;173m▀[0m[38;2;68;133;95m[48;2;173;174;173m▀[0m[38;2;79;120;95m[48;2;173;174;173m▀[0m[38;2;79;120;95m[48;2;79;120;95m▀[0m[38;2;173;174;173m[48;2;0;4;0m▀[0m[38;2;0;4;0m▀
                                  [38;2;0;4;0m▀[38;2;173;174;173m[48;2;0;4;0m▀[0m[38;2;0;4;0m▀[38;2;0;4;0m▀[38;2;0;4;0m▀[38;2;173;174;173m[48;2;0;4;0m▀[0m[38;2;0;4;0m▀ 
[0m
