  [38;2;0;0;0m▄[38;2;0;0;0m▄   [38;2;0;0;0m▄[38;2;0;0;0m[48;2;197;190;180m▀[0m[38;2;0;0;0m▄                           
 [38;2;0;0;0m[48;2;0;0;0m▀[0m[38;2;189;161;82m[48;2;189;161;82m▀[0m[38;2;0;0;0m[48;2;189;161;82m▀[0m[38;2;0;0;0m▄ [38;2;0;0;0m▄[38;2;0;0;0m[48;2;186;172;191m▀[0m[38;2;197;190;180m[48;2;65;64;65m▀[0m[38;2;197;190;180m[48;2;65;64;74m▀[0m[38;2;0;0;0m[48;2;142;124;167m▀[0m[38;2;0;0;0m[48;2;148;133;197m▀[0m[38;2;0;0;0m▄[38;2;0;0;0m▄  [38;2;0;0;0m▄[38;2;0;0;0m▄                   
[38;2;0;0;0m[48;2;0;0;0m▀[0m[38;2;189;161;82m[48;2;159;144;104m▀[0m[38;2;189;161;82m[48;2;159;144;104m▀[0m[38;2;0;0;0m[48;2;0;0;0m▀[0m  [38;2;0;0;0m[48;2;0;0;0m▀[0m[38;2;65;64;65m[48;2;255;255;255m▀[0m[38;2;186;172;191m[48;2;134;120;189m▀[0m[38;2;180;153;213m[48;2;134;120;189m▀[0m[38;2;180;153;213m[48;2;134;120;189m▀[0m[38;2;148;133;197m[48;2;255;255;255m▀[0m[38;2;148;133;197m[48;2;255;255;255m▀[0m[38;2;197;190;180m[48;2;65;64;65m▀[0m[38;2;0;0;0m[48;2;255;255;255m▀[0m[38;2;0;0;0m[48;2;255;255;255m▀[0m[38;2;255;255;255m[48;2;255;255;255m▀[0m[38;2;255;255;255m[48;2;255;255;255m▀[0m[38;2;0;0;0m[48;2;0;0;0m▀[0m                  
 [38;2;16;12;0m[48;2;0;0;0m▀[0m[38;2;230;210;156m[48;2;197;190;180m▀[0m[38;2;0;0;0m[48;2;0;0;0m▀[0m [38;2;0;0;0m[48;2;8;4;0m▀[0m[38;2;255;255;255m[48;2;255;255;255m▀[0m[38;2;255;255;255m[48;2;255;255;255m▀[0m[38;2;255;255;255m[48;2;255;255;255m▀[0m[38;2;255;255;255m[48;2;255;255;255m▀[0m[38;2;255;255;255m[48;2;255;255;255m▀[0m[38;2;255;255;255m[48;2;255;255;255m▀[0m[38;2;255;255;255m[48;2;255;255;255m▀[0m[38;2;255;255;255m[48;2;255;255;255m▀[0m[38;2;255;255;255m[48;2;255;255;255m▀[0m[38;2;255;255;255m[48;2;255;255;255m▀[0m[38;2;255;255;255m[48;2;172;171;169m▀[0m[38;2;0;0;0m[48;2;0;0;0m▀[0m    [38;2;0;0;0m▄[38;2;0;0;0m[48;2;238;214;139m▀[0m[38;2;0;0;0m[48;2;0;0;0m▀[0m            
  [38;2;0;0;0m▀[38;2;197;190;180m[48;2;0;0;0m▀[0m[38;2;0;0;0m[48;2;65;64;65m▀[0m[38;2;172;171;169m[48;2;238;214;139m▀[0m[38;2;255;255;255m[48;2;238;214;139m▀[0m[38;2;255;255;255m[48;2;255;246;255m▀[0m[38;2;255;255;255m[48;2;191;183;191m▀[0m[38;2;180;155;205m[48;2;205;145;205m▀[0m[38;2;180;155;205m[48;2;74;48;68m▀[0m[38;2;255;255;255m[48;2;65;64;65m▀[0m[38;2;65;64;65m[48;2;255;255;255m▀[0m[38;2;255;255;255m[48;2;255;255;255m▀[0m[38;2;255;255;255m[48;2;255;255;255m▀[0m[38;2;255;255;255m[48;2;197;190;180m▀[0m[38;2;8;4;0m[48;2;0;0;0m▀[0m  [38;2;0;0;0m▄[38;2;0;0;0m▄[38;2;0;0;0m[48;2;238;214;139m▀[0m[38;2;238;214;139m[48;2;238;214;139m▀[0m[38;2;238;214;139m[48;2;0;0;0m▀[0m[38;2;0;0;0m▀            
   [38;2;0;0;0m▄[38;2;0;0;0m[48;2;189;72;139m▀[0m[38;2;238;214;139m[48;2;189;72;139m▀[0m[38;2;238;214;139m[48;2;255;255;255m▀[0m[38;2;255;246;255m[48;2;255;255;255m▀[0m[38;2;65;56;65m[48;2;255;255;255m▀[0m[38;2;8;0;0m[48;2;255;255;255m▀[0m[38;2;139;97;137m[48;2;255;255;255m▀[0m[38;2;255;255;255m[48;2;255;255;255m▀[0m[38;2;255;255;255m[48;2;255;255;255m▀[0m[38;2;255;255;255m[48;2;191;191;191m▀[0m[38;2;194;188;180m[48;2;65;64;65m▀[0m[38;2;197;190;180m[48;2;65;64;65m▀[0m[38;2;65;63;60m[48;2;65;64;65m▀[0m[38;2;0;0;0m[48;2;255;255;255m▀[0m[38;2;0;0;0m[48;2;255;255;255m▀[0m[38;2;255;250;213m[48;2;255;255;255m▀[0m[38;2;169;167;142m[48;2;255;255;255m▀[0m[38;2;238;214;139m[48;2;189;161;82m▀[0m[38;2;238;214;139m[48;2;0;0;0m▀[0m[38;2;238;214;139m[48;2;0;0;0m▀[0m[38;2;0;0;0m▀            
    [38;2;0;0;0m▀[38;2;255;255;255m[48;2;0;0;0m▀[0m[38;2;255;255;255m[48;2;0;0;0m▀[0m[38;2;255;255;255m[48;2;0;0;0m▀[0m[38;2;255;255;255m[48;2;0;0;0m▀[0m[38;2;255;255;255m[48;2;0;0;0m▀[0m[38;2;194;188;180m[48;2;0;0;0m▀[0m[38;2;123;125;123m[48;2;0;0;0m▀[0m[38;2;57;60;57m[48;2;197;190;180m▀[0m[38;2;255;255;255m[48;2;65;64;65m▀[0m[38;2;255;255;255m[48;2;65;64;65m▀[0m[38;2;255;255;255m[48;2;65;63;60m▀[0m[38;2;255;255;255m[48;2;65;63;60m▀[0m[38;2;255;255;255m[48;2;0;0;0m▀[0m[38;2;0;0;0m▀[38;2;0;0;0m▀[38;2;0;0;0m▀[38;2;0;0;0m▀         [38;2;0;0;0m▄[38;2;0;0;0m▄[38;2;0;0;0m[48;2;180;153;213m▀[0m[38;2;0;0;0m[48;2;180;153;213m▀[0m[38;2;0;0;0m▄ 
       [38;2;0;4;0m▄[38;2;0;4;0m▄   [38;2;0;0;0m[48;2;0;0;0m▀[0m[38;2;191;188;180m[48;2;172;171;169m▀[0m[38;2;191;188;180m[48;2;172;171;169m▀[0m[38;2;197;190;180m[48;2;255;255;255m▀[0m[38;2;0;0;0m[48;2;255;255;255m▀[0m[38;2;0;0;0m▄           [38;2;0;0;0m▄[38;2;0;0;0m[48;2;156;137;197m▀[0m[38;2;180;157;205m[48;2;180;156;205m▀[0m[38;2;180;157;205m[48;2;180;156;205m▀[0m[38;2;142;124;167m[48;2;180;157;205m▀[0m[38;2;65;64;74m[48;2;180;157;205m▀[0m[38;2;0;0;0m[48;2;180;157;205m▀[0m[38;2;0;0;0m▄
     [38;2;0;0;0m▄[38;2;0;0;0m[48;2;255;255;255m▀[0m[38;2;255;255;255m[48;2;255;255;255m▀[0m[38;2;169;171;169m[48;2;255;255;255m▀[0m[38;2;0;0;0m[48;2;194;188;180m▀[0m[38;2;0;0;0m[48;2;194;188;180m▀[0m[38;2;0;0;0m▄[38;2;0;0;0m▄[38;2;8;4;0m[48;2;65;64;65m▀[0m[38;2;255;255;255m[48;2;255;255;246m▀[0m[38;2;255;255;255m[48;2;65;64;65m▀[0m[38;2;255;255;255m[48;2;65;64;65m▀[0m[38;2;197;190;180m[48;2;255;250;255m▀[0m[38;2;0;0;0m[48;2;0;0;0m▀[0m         [38;2;0;0;0m▄[38;2;0;0;0m[48;2;255;255;255m▀[0m[38;2;156;137;197m[48;2;255;255;255m▀[0m[38;2;180;156;205m[48;2;0;0;0m▀[0m[38;2;180;156;205m[48;2;0;0;0m▀[0m[38;2;0;0;0m▀[38;2;0;0;0m▀[38;2;0;0;0m▀ 
    [38;2;0;0;0m[48;2;0;0;0m▀[0m[38;2;255;255;255m[48;2;255;255;255m▀[0m[38;2;255;255;255m[48;2;255;255;255m▀[0m[38;2;255;255;255m[48;2;65;64;65m▀[0m[38;2;194;188;180m[48;2;191;188;180m▀[0m[38;2;194;188;180m[48;2;65;63;60m▀[0m[38;2;194;188;180m[48;2;197;190;180m▀[0m[38;2;197;190;180m[48;2;191;188;180m▀[0m[38;2;197;190;180m[48;2;191;188;180m▀[0m[38;2;191;191;186m[48;2;65;64;65m▀[0m[38;2;65;64;65m[48;2;255;255;255m▀[0m[38;2;255;255;255m[48;2;255;255;255m▀[0m[38;2;255;255;255m[48;2;255;255;255m▀[0m[38;2;84;83;84m[48;2;255;255;255m▀[0m[38;2;255;250;255m[48;2;65;64;65m▀[0m[38;2;0;0;0m[48;2;255;255;255m▀[0m[38;2;0;0;0m▄      [38;2;0;0;0m▄[38;2;0;0;0m[48;2;255;255;255m▀[0m[38;2;255;255;255m[48;2;255;255;255m▀[0m[38;2;0;0;0m[48;2;0;0;0m▀[0m      
   [38;2;0;0;0m[48;2;0;0;0m▀[0m[38;2;255;255;255m[48;2;255;255;255m▀[0m[38;2;255;255;255m[48;2;255;255;255m▀[0m[38;2;255;255;255m[48;2;255;255;255m▀[0m[38;2;65;64;65m[48;2;189;174;197m▀[0m[38;2;191;188;180m[48;2;0;0;8m▀[0m[38;2;0;0;0m▀[38;2;197;190;180m[48;2;0;0;0m▀[0m[38;2;191;188;180m[48;2;0;0;0m▀[0m[38;2;65;64;65m[48;2;65;64;65m▀[0m[38;2;255;255;255m[48;2;255;255;255m▀[0m[38;2;255;255;255m[48;2;255;255;255m▀[0m[38;2;255;255;255m[48;2;255;255;255m▀[0m[38;2;194;188;180m[48;2;65;64;65m▀[0m[38;2;255;255;255m[48;2;191;191;186m▀[0m[38;2;255;255;255m[48;2;255;255;246m▀[0m[38;2;84;84;84m[48;2;194;188;180m▀[0m[38;2;169;169;169m[48;2;194;188;180m▀[0m[38;2;0;0;0m[48;2;197;186;205m▀[0m[38;2;0;0;8m▄    [38;2;0;0;0m[48;2;0;4;0m▀[0m[38;2;255;255;255m[48;2;255;255;255m▀[0m[38;2;0;0;0m[48;2;0;0;0m▀[0m       
    [38;2;0;0;0m[48;2;0;0;0m▀[0m[38;2;255;255;255m[48;2;115;93;160m▀[0m[38;2;255;255;255m[48;2;115;93;160m▀[0m[38;2;126;116;134m[48;2;180;157;205m▀[0m[38;2;0;0;8m[48;2;0;0;0m▀[0m   [38;2;0;0;0m[48;2;0;0;0m▀[0m[38;2;255;255;255m[48;2;255;255;255m▀[0m[38;2;255;255;255m[48;2;255;255;255m▀[0m[38;2;255;255;255m[48;2;255;255;255m▀[0m[38;2;65;64;65m[48;2;255;255;255m▀[0m[38;2;191;191;186m[48;2;65;64;65m▀[0m[38;2;65;64;65m[48;2;191;188;180m▀[0m[38;2;194;188;180m[48;2;65;64;65m▀[0m[38;2;194;188;180m[48;2;65;64;65m▀[0m[38;2;65;62;74m[48;2;134;121;186m▀[0m[38;2;131;124;139m[48;2;134;121;186m▀[0m[38;2;0;0;0m[48;2;126;116;134m▀[0m[38;2;0;0;8m▄ [38;2;0;0;0m▄[38;2;0;4;0m[48;2;197;190;180m▀[0m[38;2;169;171;169m[48;2;197;190;180m▀[0m[38;2;0;0;0m[48;2;0;0;0m▀[0m       
   [38;2;0;0;0m▄[38;2;0;0;0m[48;2;180;149;213m▀[0m[38;2;115;93;160m[48;2;120;102;145m▀[0m[38;2;180;157;205m[48;2;180;153;213m▀[0m[38;2;0;0;0m[48;2;0;0;0m▀[0m   [38;2;0;0;16m▄[38;2;0;0;0m[48;2;189;178;213m▀[0m[38;2;65;64;65m[48;2;65;60;71m▀[0m[38;2;255;255;255m[48;2;123;105;142m▀[0m[38;2;255;255;255m[48;2;112;91;161m▀[0m[38;2;112;93;161m[48;2;142;122;183m▀[0m[38;2;65;64;65m[48;2;180;157;205m▀[0m[38;2;191;188;180m[48;2;65;64;65m▀[0m[38;2;65;64;65m[48;2;115;93;159m▀[0m[38;2;137;121;186m[48;2;115;93;159m▀[0m[38;2;134;121;186m[48;2;115;93;159m▀[0m[38;2;112;93;159m[48;2;197;190;180m▀[0m[38;2;189;174;197m[48;2;189;178;205m▀[0m[38;2;63;58;71m[48;2;65;56;90m▀[0m[38;2;0;0;0m[48;2;197;190;180m▀[0m[38;2;197;190;180m[48;2;197;190;180m▀[0m[38;2;197;190;180m[48;2;0;0;0m▀[0m[38;2;0;0;0m▀        
   [38;2;0;0;0m▀[38;2;120;99;142m[48;2;0;0;0m▀[0m[38;2;180;153;213m[48;2;0;0;0m▀[0m[38;2;0;0;8m▀   [38;2;0;0;0m[48;2;0;0;0m▀[0m[38;2;126;118;148m[48;2;139;125;189m▀[0m[38;2;126;118;148m[48;2;139;125;189m▀[0m[38;2;65;60;71m[48;2;65;56;74m▀[0m[38;2;180;149;213m[48;2;180;153;213m▀[0m[38;2;112;91;161m[48;2;115;93;160m▀[0m[38;2;172;153;205m[48;2;180;157;205m▀[0m[38;2;180;157;205m[48;2;52;49;63m▀[0m[38;2;65;64;65m[48;2;139;125;189m▀[0m[38;2;197;190;180m[48;2;112;93;159m▀[0m[38;2;197;190;180m[48;2;112;93;159m▀[0m[38;2;197;190;180m[48;2;112;93;159m▀[0m[38;2;197;190;180m[48;2;112;93;159m▀[0m[38;2;106;97;128m[48;2;139;121;189m▀[0m[38;2;148;137;167m[48;2;139;121;189m▀[0m[38;2;65;63;60m[48;2;0;0;0m▀[0m[38;2;0;0;0m▀          
          [38;2;0;0;0m▄[38;2;8;12;0m[48;2;197;190;180m▀[0m[38;2;52;49;63m[48;2;65;63;60m▀[0m[38;2;180;153;213m[48;2;0;0;0m▀[0m[38;2;123;105;143m[48;2;180;157;205m▀[0m[38;2;180;157;205m[48;2;180;157;205m▀[0m[38;2;180;157;205m[48;2;0;0;0m▀[0m[38;2;8;12;0m▀[38;2;139;125;189m[48;2;0;0;0m▀[0m[38;2;134;121;186m[48;2;63;55;76m▀[0m[38;2;134;121;186m[48;2;117;102;153m▀[0m[38;2;134;121;186m[48;2;115;93;160m▀[0m[38;2;134;121;186m[48;2;115;93;160m▀[0m[38;2;139;121;189m[48;2;65;64;65m▀[0m[38;2;0;0;0m[48;2;0;0;0m▀[0m            
           [38;2;0;0;0m▀[38;2;0;0;0m▀ [38;2;0;0;0m▀[38;2;0;0;0m▀   [38;2;8;8;0m[48;2;0;0;0m▀[0m[38;2;63;55;76m[48;2;197;190;180m▀[0m[38;2;115;93;160m[48;2;0;0;0m▀[0m[38;2;65;64;65m[48;2;197;190;180m▀[0m[38;2;0;0;0m[48;2;0;0;0m▀[0m             
                    [38;2;0;0;0m▀ [38;2;0;0;0m▀              
[0m
