       [38;2;0;0;0m▄[38;2;0;0;0m[48;2;132;197;214m▀[0m[38;2;0;0;0m[48;2;132;197;214m▀[0m[38;2;0;0;0m▄       
     [38;2;0;0;0m▄[38;2;0;0;0m[48;2;66;132;173m▀[0m[38;2;66;132;173m[48;2;66;132;173m▀[0m[38;2;132;197;214m[48;2;66;132;173m▀[0m[38;2;66;132;173m[48;2;66;132;173m▀[0m[38;2;0;0;0m[48;2;66;132;173m▀[0m[38;2;0;0;0m▄[38;2;0;0;0m▄     
  [38;2;0;0;0m▄[38;2;0;0;0m▄[38;2;0;0;0m[48;2;0;0;0m▀[0m[38;2;132;197;214m[48;2;255;255;107m▀[0m[38;2;66;132;173m[48;2;66;132;173m▀[0m[38;2;66;132;173m[48;2;66;132;173m▀[0m[38;2;66;132;173m[48;2;132;197;214m▀[0m[38;2;132;197;214m[48;2;222;214;16m▀[0m[38;2;66;132;173m[48;2;66;132;173m▀[0m[38;2;66;132;173m[48;2;66;132;173m▀[0m[38;2;132;197;214m[48;2;132;197;214m▀[0m[38;2;0;0;0m[48;2;0;0;0m▀[0m    
[38;2;0;0;0m▄[38;2;0;0;0m[48;2;132;197;214m▀[0m[38;2;132;197;214m[48;2;66;132;173m▀[0m[38;2;66;132;173m[48;2;66;132;173m▀[0m[38;2;65;65;65m[48;2;189;140;74m▀[0m[38;2;255;255;107m[48;2;65;65;65m▀[0m[38;2;132;197;214m[48;2;132;197;214m▀[0m[38;2;132;197;214m[48;2;132;197;214m▀[0m[38;2;132;197;214m[48;2;255;255;107m▀[0m[38;2;255;255;107m[48;2;255;255;107m▀[0m[38;2;132;197;214m[48;2;132;197;214m▀[0m[38;2;132;197;214m[48;2;65;65;65m▀[0m[38;2;65;65;65m[48;2;189;140;74m▀[0m[38;2;189;140;74m[48;2;189;140;74m▀[0m[38;2;0;0;0m[48;2;65;65;65m▀[0m[38;2;0;0;0m▄  
[38;2;0;0;0m[48;2;0;0;0m▀[0m[38;2;132;197;214m[48;2;132;197;214m▀[0m[38;2;66;132;173m[48;2;66;132;173m▀[0m[38;2;132;197;214m[48;2;132;197;214m▀[0m[38;2;140;107;58m[48;2;66;132;173m▀[0m[38;2;189;140;74m[48;2;65;65;65m▀[0m[38;2;65;65;65m[48;2;132;197;214m▀[0m[38;2;65;65;65m[48;2;132;197;214m▀[0m[38;2;65;65;65m[48;2;140;107;58m▀[0m[38;2;65;65;65m[48;2;189;140;74m▀[0m[38;2;65;65;65m[48;2;189;140;74m▀[0m[38;2;189;140;74m[48;2;189;140;74m▀[0m[38;2;189;140;74m[48;2;65;65;65m▀[0m[38;2;65;65;65m[48;2;132;197;214m▀[0m[38;2;132;197;214m[48;2;132;197;214m▀[0m[38;2;132;197;214m[48;2;132;197;214m▀[0m[38;2;0;0;0m[48;2;66;132;173m▀[0m[38;2;0;0;0m▄
[38;2;0;0;0m▀[38;2;132;197;214m[48;2;0;0;0m▀[0m[38;2;74;156;181m[48;2;74;156;181m▀[0m[38;2;66;132;173m[48;2;66;132;173m▀[0m[38;2;65;65;65m[48;2;65;65;65m▀[0m[38;2;132;197;214m[48;2;132;197;214m▀[0m[38;2;255;255;107m[48;2;255;255;107m▀[0m[38;2;74;156;181m[48;2;222;214;16m▀[0m[38;2;132;197;214m[48;2;132;197;214m▀[0m[38;2;140;107;58m[48;2;65;65;65m▀[0m[38;2;189;140;74m[48;2;66;132;173m▀[0m[38;2;140;107;58m[48;2;66;132;173m▀[0m[38;2;65;65;65m[48;2;65;65;65m▀[0m[38;2;132;197;214m[48;2;74;156;181m▀[0m[38;2;132;197;214m[48;2;132;197;214m▀[0m[38;2;66;132;173m[48;2;66;132;173m▀[0m[38;2;132;197;214m[48;2;132;197;214m▀[0m[38;2;0;0;0m[48;2;0;0;0m▀[0m
  [38;2;0;0;0m▀[38;2;0;0;0m[48;2;0;0;0m▀[0m[38;2;74;156;181m[48;2;132;197;214m▀[0m[38;2;65;65;65m[48;2;132;197;214m▀[0m[38;2;132;197;214m[48;2;65;65;65m▀[0m[38;2;132;197;214m[48;2;65;65;65m▀[0m[38;2;65;65;65m[48;2;66;132;173m▀[0m[38;2;189;140;74m[48;2;65;65;65m▀[0m[38;2;189;140;74m[48;2;189;140;74m▀[0m[38;2;140;107;58m[48;2;189;140;74m▀[0m[38;2;66;132;173m[48;2;140;107;58m▀[0m[38;2;65;65;65m[48;2;65;65;65m▀[0m[38;2;74;156;181m[48;2;66;132;173m▀[0m[38;2;66;132;173m[48;2;66;132;173m▀[0m[38;2;132;197;214m[48;2;0;0;0m▀[0m[38;2;0;0;0m▀
   [38;2;0;0;0m▀[38;2;132;197;214m[48;2;0;0;0m▀[0m[38;2;132;197;214m[48;2;0;0;0m▀[0m[38;2;74;156;181m[48;2;0;0;0m▀[0m[38;2;0;0;0m▀[38;2;66;132;173m[48;2;0;0;0m▀[0m[38;2;66;132;173m[48;2;0;0;0m▀[0m[38;2;65;65;65m[48;2;132;197;214m▀[0m[38;2;132;197;214m[48;2;132;197;214m▀[0m[38;2;74;156;181m[48;2;74;156;181m▀[0m[38;2;65;65;65m[48;2;0;0;0m▀[0m[38;2;0;0;0m▀[38;2;0;0;0m▀  
         [38;2;0;0;0m▀[38;2;132;197;214m[48;2;0;0;0m▀[0m[38;2;132;197;214m[48;2;0;0;0m▀[0m[38;2;132;197;214m[48;2;0;0;0m▀[0m[38;2;0;0;0m▀    
[0m
