   [38;2;0;0;0m▄[38;2;0;0;0m▄[38;2;0;0;0m[48;2;173;156;132m▀[0m[38;2;0;0;0m[48;2;255;255;206m▀[0m[38;2;0;0;0m[48;2;255;255;206m▀[0m[38;2;0;0;0m[48;2;214;197;165m▀[0m[38;2;0;0;0m[48;2;255;255;206m▀[0m[38;2;0;0;0m▄[38;2;0;0;0m▄     
 [38;2;0;0;0m▄[38;2;0;0;0m[48;2;255;255;206m▀[0m[38;2;255;255;206m[48;2;173;156;132m▀[0m[38;2;255;255;206m[48;2;255;255;206m▀[0m[38;2;255;255;206m[48;2;65;65;65m▀[0m[38;2;65;65;65m[48;2;255;255;255m▀[0m[38;2;65;65;65m[48;2;255;255;255m▀[0m[38;2;255;255;206m[48;2;65;65;65m▀[0m[38;2;255;255;206m[48;2;255;255;206m▀[0m[38;2;214;197;165m[48;2;255;255;206m▀[0m[38;2;255;255;206m[48;2;255;255;206m▀[0m[38;2;0;0;0m[48;2;255;255;206m▀[0m[38;2;0;0;0m▄   
[38;2;0;0;0m▄[38;2;0;0;0m[48;2;255;255;206m▀[0m[38;2;255;255;206m[48;2;255;255;206m▀[0m[38;2;255;255;206m[48;2;255;255;206m▀[0m[38;2;65;65;65m[48;2;65;65;65m▀[0m[38;2;255;255;255m[48;2;255;255;255m▀[0m[38;2;255;255;255m[48;2;255;255;255m▀[0m[38;2;65;65;65m[48;2;65;65;65m▀[0m[38;2;255;255;206m[48;2;255;255;206m▀[0m[38;2;255;255;206m[48;2;255;255;206m▀[0m[38;2;255;255;206m[48;2;255;255;206m▀[0m[38;2;255;255;206m[48;2;255;255;206m▀[0m[38;2;173;156;132m[48;2;255;255;206m▀[0m[38;2;255;255;206m[48;2;255;255;206m▀[0m[38;2;0;0;0m[48;2;0;0;0m▀[0m  
[38;2;0;0;0m[48;2;0;0;0m▀[0m[38;2;173;156;132m[48;2;255;255;206m▀[0m[38;2;255;255;206m[48;2;115;123;165m▀[0m[38;2;65;65;65m[48;2;65;65;65m▀[0m[38;2;255;255;255m[48;2;230;82;82m▀[0m[38;2;230;82;82m[48;2;230;82;82m▀[0m[38;2;255;255;255m[48;2;65;65;65m▀[0m[38;2;65;65;65m[48;2;255;255;206m▀[0m[38;2;255;255;206m[48;2;115;123;165m▀[0m[38;2;255;255;206m[48;2;115;123;165m▀[0m[38;2;255;255;206m[48;2;255;255;206m▀[0m[38;2;255;255;206m[48;2;255;255;206m▀[0m[38;2;255;255;206m[48;2;214;197;165m▀[0m[38;2;173;156;132m[48;2;255;255;206m▀[0m[38;2;173;156;132m[48;2;255;255;206m▀[0m[38;2;0;0;0m[48;2;0;0;0m▀[0m 
[38;2;0;0;0m▀[38;2;90;90;148m[48;2;0;0;0m▀[0m[38;2;255;255;255m[48;2;0;0;0m▀[0m[38;2;65;65;65m[48;2;65;65;65m▀[0m[38;2;230;82;82m[48;2;230;82;82m▀[0m[38;2;230;82;82m[48;2;65;65;65m▀[0m[38;2;65;65;65m[48;2;255;255;255m▀[0m[38;2;115;123;165m[48;2;255;255;255m▀[0m[38;2;115;123;165m[48;2;90;90;148m▀[0m[38;2;90;90;148m[48;2;255;255;206m▀[0m[38;2;255;255;206m[48;2;255;255;206m▀[0m[38;2;255;255;206m[48;2;255;255;206m▀[0m[38;2;255;255;206m[48;2;214;197;165m▀[0m[38;2;255;255;206m[48;2;173;156;132m▀[0m[38;2;173;156;132m[48;2;173;156;132m▀[0m[38;2;0;0;0m[48;2;0;0;0m▀[0m 
[38;2;0;0;0m▄[38;2;0;0;0m[48;2;214;197;165m▀[0m[38;2;189;189;189m[48;2;65;65;65m▀[0m[38;2;90;90;148m[48;2;255;206;90m▀[0m[38;2;65;65;65m[48;2;255;206;90m▀[0m[38;2;115;123;165m[48;2;90;90;148m▀[0m[38;2;0;0;0m[48;2;189;189;189m▀[0m[38;2;0;0;0m[48;2;0;0;0m▀[0m[38;2;255;255;255m[48;2;255;255;255m▀[0m[38;2;115;123;165m[48;2;115;123;165m▀[0m[38;2;115;123;165m[48;2;255;255;206m▀[0m[38;2;255;255;206m[48;2;255;255;206m▀[0m[38;2;255;255;206m[48;2;255;255;206m▀[0m[38;2;255;255;206m[48;2;65;65;65m▀[0m[38;2;0;0;0m[48;2;0;0;0m▀[0m  
 [38;2;0;0;0m[48;2;0;0;0m▀[0m[38;2;255;206;90m[48;2;65;65;65m▀[0m[38;2;255;206;90m[48;2;255;206;90m▀[0m[38;2;255;206;90m[48;2;65;65;65m▀[0m[38;2;214;156;41m[48;2;65;65;65m▀[0m[38;2;65;65;65m[48;2;173;156;132m▀[0m[38;2;255;255;255m[48;2;214;197;165m▀[0m[38;2;90;90;148m[48;2;214;197;165m▀[0m[38;2;255;255;206m[48;2;214;197;165m▀[0m[38;2;214;197;165m[48;2;214;197;165m▀[0m[38;2;214;197;165m[48;2;214;197;165m▀[0m[38;2;65;65;65m[48;2;255;255;206m▀[0m[38;2;173;156;132m[48;2;65;65;65m▀[0m[38;2;214;197;165m[48;2;214;197;165m▀[0m[38;2;0;0;0m[48;2;214;197;165m▀[0m[38;2;0;0;0m▄
 [38;2;0;0;0m▀[38;2;115;123;165m[48;2;0;0;0m▀[0m[38;2;65;65;65m[48;2;90;90;148m▀[0m[38;2;65;65;65m[48;2;115;123;165m▀[0m[38;2;214;197;165m[48;2;173;156;132m▀[0m[38;2;173;156;132m[48;2;115;123;165m▀[0m[38;2;255;255;206m[48;2;173;156;132m▀[0m[38;2;173;156;132m[48;2;173;156;132m▀[0m[38;2;255;255;206m[48;2;173;156;132m▀[0m[38;2;173;156;132m[48;2;115;123;165m▀[0m[38;2;255;255;206m[48;2;115;123;165m▀[0m[38;2;65;65;65m[48;2;115;123;165m▀[0m[38;2;115;123;165m[48;2;115;123;165m▀[0m[38;2;0;0;0m[48;2;0;0;0m▀[0m[38;2;0;0;0m▀ 
   [38;2;0;0;0m[48;2;0;0;0m▀[0m[38;2;90;90;148m[48;2;65;65;65m▀[0m[38;2;115;123;165m[48;2;214;156;41m▀[0m[38;2;115;123;165m[48;2;0;0;0m▀[0m[38;2;115;123;165m[48;2;90;90;148m▀[0m[38;2;90;90;148m[48;2;90;90;148m▀[0m[38;2;65;65;65m[48;2;90;90;148m▀[0m[38;2;115;123;165m[48;2;65;65;65m▀[0m[38;2;115;123;165m[48;2;65;65;65m▀[0m[38;2;90;90;148m[48;2;0;0;0m▀[0m[38;2;0;0;0m▀   
    [38;2;0;0;0m▀[38;2;0;0;0m▀ [38;2;0;0;0m[48;2;0;0;0m▀[0m[38;2;214;156;41m[48;2;65;65;65m▀[0m[38;2;214;156;41m[48;2;214;156;41m▀[0m[38;2;214;156;41m[48;2;0;0;0m▀[0m[38;2;0;0;0m[48;2;0;0;0m▀[0m     
        [38;2;0;0;0m▀[38;2;0;0;0m▀       
[0m
