               [38;2;0;0;0m▄[38;2;0;0;0m▄                    [38;2;0;0;0m▄[38;2;0;0;0m[48;2;206;235;247m▀[0m[38;2;0;0;0m[48;2;118;131;134m▀[0m[38;2;8;4;8m▄      
            [38;2;0;0;0m▄[38;2;0;0;0m[48;2;239;243;247m▀[0m[38;2;0;0;0m[48;2;79;81;82m▀[0m[38;2;206;235;255m[48;2;206;235;255m▀[0m[38;2;206;235;255m[48;2;206;235;255m▀[0m[38;2;0;0;0m[48;2;206;235;255m▀[0m[38;2;0;0;0m▄[38;2;0;0;0m[48;2;206;235;255m▀[0m[38;2;0;0;0m▄            [38;2;8;8;8m▄[38;2;0;0;0m[48;2;214;243;255m▀[0m[38;2;0;0;0m▄[38;2;0;0;0m[48;2;206;235;255m▀[0m[38;2;206;235;247m[48;2;206;235;247m▀[0m[38;2;137;156;164m[48;2;134;145;148m▀[0m[38;2;173;195;198m[48;2;172;162;111m▀[0m[38;2;173;195;198m[48;2;90;105;115m▀[0m[38;2;0;0;0m[48;2;137;156;164m▀[0m[38;2;0;0;0m▄[38;2;0;0;0m▄   
     [38;2;0;0;0m▄       [38;2;0;0;0m[48;2;0;0;0m▀[0m[38;2;159;162;164m[48;2;165;190;189m▀[0m[38;2;136;145;148m[48;2;165;190;189m▀[0m[38;2;206;235;255m[48;2;136;145;148m▀[0m[38;2;206;235;255m[48;2;206;235;255m▀[0m[38;2;206;235;255m[48;2;206;235;255m▀[0m[38;2;206;235;255m[48;2;66;65;66m▀[0m[38;2;0;0;0m[48;2;66;65;66m▀[0m[38;2;0;0;0m▄          [38;2;0;0;0m[48;2;0;0;0m▀[0m[38;2;214;243;255m[48;2;208;236;255m▀[0m[38;2;145;164;172m[48;2;208;236;255m▀[0m[38;2;206;235;255m[48;2;206;235;255m▀[0m[38;2;206;235;255m[48;2;164;190;189m▀[0m[38;2;134;145;148m[48;2;134;145;148m▀[0m[38;2;170;190;197m[48;2;170;190;197m▀[0m[38;2;90;105;115m[48;2;90;105;115m▀[0m[38;2;255;219;107m[48;2;255;219;107m▀[0m[38;2;206;235;247m[48;2;206;231;247m▀[0m[38;2;206;235;247m[48;2;74;77;82m▀[0m[38;2;255;255;255m[48;2;0;0;0m▀[0m[38;2;0;0;0m▀  
   [38;2;0;0;0m▄[38;2;0;0;0m[48;2;206;235;255m▀[0m[38;2;206;235;255m[48;2;206;235;247m▀[0m[38;2;0;0;0m[48;2;134;145;148m▀[0m[38;2;0;0;0m▄ [38;2;0;0;0m▄[38;2;0;0;0m▄ [38;2;0;0;0m▄[38;2;0;0;0m[48;2;255;255;255m▀[0m[38;2;165;190;189m[48;2;66;65;66m▀[0m[38;2;136;145;148m[48;2;66;65;66m▀[0m[38;2;165;190;189m[48;2;66;65;66m▀[0m[38;2;66;65;66m[48;2;206;235;255m▀[0m[38;2;66;65;66m[48;2;206;235;255m▀[0m[38;2;206;235;255m[48;2;132;148;148m▀[0m[38;2;206;235;255m[48;2;66;65;66m▀[0m[38;2;0;0;0m[48;2;0;0;0m▀[0m         [38;2;0;0;0m▄[38;2;66;65;66m[48;2;206;235;255m▀[0m[38;2;208;236;255m[48;2;206;235;255m▀[0m[38;2;208;236;255m[48;2;206;235;255m▀[0m[38;2;164;190;189m[48;2;164;190;189m▀[0m[38;2;206;235;255m[48;2;206;235;255m▀[0m[38;2;206;235;247m[48;2;206;235;255m▀[0m[38;2;134;145;148m[48;2;136;145;148m▀[0m[38;2;172;162;111m[48;2;164;190;189m▀[0m[38;2;90;105;115m[48;2;164;190;189m▀[0m[38;2;140;154;164m[48;2;0;0;0m▀[0m[38;2;8;0;0m▀    
  [38;2;0;0;0m▄[38;2;0;0;0m[48;2;208;236;255m▀[0m[38;2;206;235;255m[48;2;208;236;255m▀[0m[38;2;134;145;148m[48;2;136;145;148m▀[0m[38;2;170;190;197m[48;2;165;190;189m▀[0m[38;2;82;79;70m[48;2;135;145;148m▀[0m[38;2;0;0;0m[48;2;255;239;66m▀[0m[38;2;255;239;66m[48;2;231;235;165m▀[0m[38;2;0;0;0m[48;2;57;65;82m▀[0m[38;2;0;0;0m▄[38;2;0;0;0m[48;2;206;235;255m▀[0m[38;2;66;65;66m[48;2;208;236;255m▀[0m[38;2;66;65;66m[48;2;208;236;255m▀[0m[38;2;206;235;255m[48;2;206;235;247m▀[0m[38;2;206;235;255m[48;2;134;145;148m▀[0m[38;2;206;235;255m[48;2;137;149;148m▀[0m[38;2;136;145;148m[48;2;82;77;66m▀[0m[38;2;66;65;66m[48;2;165;190;189m▀[0m[38;2;165;190;189m[48;2;165;190;189m▀[0m[38;2;206;235;255m[48;2;181;195;189m▀[0m[38;2;0;0;0m[48;2;90;89;82m▀[0m[38;2;0;0;0m▄[38;2;0;0;0m▄[38;2;0;0;0m[48;2;198;195;189m▀[0m[38;2;0;0;0m[48;2;198;195;189m▀[0m[38;2;0;0;0m[48;2;198;195;189m▀[0m[38;2;0;0;0m[48;2;198;195;189m▀[0m[38;2;0;0;0m▄[38;2;0;0;0m▄[38;2;0;0;0m[48;2;66;65;66m▀[0m[38;2;206;235;255m[48;2;206;235;255m▀[0m[38;2;206;235;255m[48;2;206;235;255m▀[0m[38;2;164;190;189m[48;2;136;145;148m▀[0m[38;2;206;235;255m[48;2;136;145;148m▀[0m[38;2;206;235;255m[48;2;206;235;255m▀[0m[38;2;206;235;255m[48;2;206;235;247m▀[0m[38;2;136;145;148m[48;2;134;145;148m▀[0m[38;2;164;190;189m[48;2;172;162;111m▀[0m[38;2;164;190;189m[48;2;90;105;115m▀[0m[38;2;0;0;0m[48;2;137;156;164m▀[0m[38;2;0;0;0m▄[38;2;0;0;0m▄   
  [38;2;0;0;0m[48;2;0;0;0m▀[0m[38;2;208;236;255m[48;2;206;235;255m▀[0m[38;2;208;236;255m[48;2;206;235;255m▀[0m[38;2;136;145;148m[48;2;135;145;148m▀[0m[38;2;136;145;148m[48;2;255;239;66m▀[0m[38;2;255;239;66m[48;2;255;239;66m▀[0m[38;2;255;239;66m[48;2;135;145;148m▀[0m[38;2;144;150;123m[48;2;208;236;255m▀[0m[38;2;231;235;165m[48;2;208;236;255m▀[0m[38;2;206;235;255m[48;2;206;235;255m▀[0m[38;2;206;235;255m[48;2;206;235;255m▀[0m[38;2;208;236;255m[48;2;206;235;247m▀[0m[38;2;208;236;255m[48;2;134;145;148m▀[0m[38;2;134;145;148m[48;2;165;190;189m▀[0m[38;2;170;190;197m[48;2;82;79;68m▀[0m[38;2;82;77;66m[48;2;206;235;255m▀[0m[38;2;165;186;189m[48;2;82;81;82m▀[0m[38;2;94;97;94m[48;2;206;235;255m▀[0m[38;2;165;190;189m[48;2;82;81;66m▀[0m[38;2;90;89;82m[48;2;198;195;189m▀[0m[38;2;181;195;189m[48;2;198;195;189m▀[0m[38;2;198;195;189m[48;2;140;140;127m▀[0m[38;2;198;195;189m[48;2;140;140;127m▀[0m[38;2;140;140;127m[48;2;136;132;127m▀[0m[38;2;198;195;189m[48;2;66;65;66m▀[0m[38;2;66;65;66m[48;2;136;145;148m▀[0m[38;2;66;65;66m[48;2;206;235;255m▀[0m[38;2;198;195;189m[48;2;66;65;66m▀[0m[38;2;66;65;63m[48;2;206;235;255m▀[0m[38;2;206;235;255m[48;2;206;235;255m▀[0m[38;2;206;235;255m[48;2;136;145;148m▀[0m[38;2;136;145;148m[48;2;208;236;255m▀[0m[38;2;206;235;255m[48;2;208;236;255m▀[0m[38;2;206;235;255m[48;2;208;236;255m▀[0m[38;2;136;145;148m[48;2;208;236;255m▀[0m[38;2;134;145;148m[48;2;134;145;148m▀[0m[38;2;170;190;197m[48;2;170;190;197m▀[0m[38;2;90;105;115m[48;2;90;105;115m▀[0m[38;2;255;219;107m[48;2;255;219;107m▀[0m[38;2;206;235;247m[48;2;206;235;255m▀[0m[38;2;206;235;247m[48;2;0;0;0m▀[0m[38;2;255;255;255m[48;2;0;0;0m▀[0m[38;2;0;0;0m▀  
  [38;2;0;0;0m[48;2;0;0;0m▀[0m[38;2;206;235;255m[48;2;206;235;255m▀[0m[38;2;136;145;148m[48;2;136;145;148m▀[0m[38;2;255;239;66m[48;2;255;239;66m▀[0m[38;2;255;239;66m[48;2;161;177;186m▀[0m[38;2;255;239;66m[48;2;136;145;148m▀[0m[38;2;135;145;148m[48;2;206;235;255m▀[0m[38;2;208;236;255m[48;2;206;239;255m▀[0m[38;2;208;236;255m[48;2;206;239;255m▀[0m[38;2;206;235;255m[48;2;137;149;148m▀[0m[38;2;136;145;148m[48;2;165;186;189m▀[0m[38;2;134;145;148m[48;2;165;190;189m▀[0m[38;2;170;190;197m[48;2;165;190;189m▀[0m[38;2;165;190;189m[48;2;66;65;66m▀[0m[38;2;165;190;189m[48;2;66;65;66m▀[0m[38;2;82;81;82m[48;2;206;235;255m▀[0m[38;2;206;235;255m[48;2;206;235;255m▀[0m[38;2;206;235;255m[48;2;93;97;95m▀[0m[38;2;206;235;255m[48;2;93;97;95m▀[0m[38;2;99;101;99m[48;2;198;195;189m▀[0m[38;2;132;132;129m[48;2;198;195;189m▀[0m[38;2;198;195;189m[48;2;206;199;189m▀[0m[38;2;198;195;189m[48;2;137;134;128m▀[0m[38;2;206;199;189m[48;2;74;69;66m▀[0m[38;2;66;65;66m[48;2;140;152;156m▀[0m[38;2;206;235;255m[48;2;206;235;255m▀[0m[38;2;206;235;255m[48;2;206;235;255m▀[0m[38;2;206;235;255m[48;2;136;145;148m▀[0m[38;2;206;235;255m[48;2;136;145;148m▀[0m[38;2;136;145;148m[48;2;208;236;255m▀[0m[38;2;206;235;255m[48;2;208;236;255m▀[0m[38;2;208;236;255m[48;2;206;235;255m▀[0m[38;2;208;236;255m[48;2;0;0;0m▀[0m[38;2;208;236;255m[48;2;0;0;0m▀[0m[38;2;208;236;255m[48;2;0;0;0m▀[0m[38;2;206;235;247m[48;2;0;0;0m▀[0m[38;2;134;145;148m[48;2;206;235;255m▀[0m[38;2;172;162;111m[48;2;118;134;132m▀[0m[38;2;90;105;115m[48;2;8;4;0m▀[0m[38;2;0;0;0m▀[38;2;0;0;0m▄[38;2;0;0;0m▄[38;2;0;0;0m▄  
 [38;2;0;0;0m[48;2;0;0;0m▀[0m[38;2;206;235;255m[48;2;206;235;255m▀[0m[38;2;206;235;255m[48;2;136;145;148m▀[0m[38;2;136;145;148m[48;2;136;145;148m▀[0m[38;2;161;177;186m[48;2;208;236;255m▀[0m[38;2;161;177;186m[48;2;208;236;255m▀[0m[38;2;206;235;255m[48;2;186;173;104m▀[0m[38;2;206;235;255m[48;2;82;81;82m▀[0m[38;2;164;186;192m[48;2;82;81;66m▀[0m[38;2;82;81;66m[48;2;255;207;66m▀[0m[38;2;82;77;66m[48;2;82;79;68m▀[0m[38;2;82;77;66m[48;2;165;190;189m▀[0m[38;2;66;65;66m[48;2;66;60;66m▀[0m[38;2;66;65;66m[48;2;165;186;189m▀[0m[38;2;165;190;189m[48;2;94;97;99m▀[0m[38;2;165;190;189m[48;2;94;97;99m▀[0m[38;2;96;97;95m[48;2;198;195;189m▀[0m[38;2;96;97;95m[48;2;198;195;189m▀[0m[38;2;198;195;189m[48;2;206;199;189m▀[0m[38;2;198;195;189m[48;2;99;101;99m▀[0m[38;2;198;195;189m[48;2;94;97;99m▀[0m[38;2;140;140;127m[48;2;94;97;99m▀[0m[38;2;137;134;128m[48;2;74;69;66m▀[0m[38;2;68;69;68m[48;2;214;239;255m▀[0m[38;2;206;235;247m[48;2;165;190;189m▀[0m[38;2;74;69;66m[48;2;165;190;189m▀[0m[38;2;136;145;148m[48;2;82;79;68m▀[0m[38;2;206;235;255m[48;2;165;190;189m▀[0m[38;2;206;235;255m[48;2;206;239;255m▀[0m[38;2;206;235;255m[48;2;206;239;255m▀[0m[38;2;208;236;255m[48;2;66;65;66m▀[0m[38;2;208;236;255m[48;2;66;65;66m▀[0m[38;2;0;0;0m[48;2;198;195;189m▀[0m[38;2;0;0;0m▄  [38;2;8;0;0m▄[38;2;0;0;0m[48;2;165;190;189m▀[0m[38;2;63;69;66m[48;2;165;190;189m▀[0m[38;2;173;199;198m[48;2;165;190;189m▀[0m[38;2;0;0;0m[48;2;165;190;189m▀[0m[38;2;165;190;189m[48;2;165;190;189m▀[0m[38;2;165;190;189m[48;2;0;0;0m▀[0m[38;2;165;190;189m[48;2;0;0;0m▀[0m[38;2;0;0;0m▀ 
[38;2;0;0;0m▄[38;2;0;0;0m[48;2;206;235;255m▀[0m[38;2;206;235;255m[48;2;66;65;66m▀[0m[38;2;136;145;148m[48;2;206;235;255m▀[0m[38;2;206;235;255m[48;2;206;235;255m▀[0m[38;2;208;236;255m[48;2;231;247;255m▀[0m[38;2;208;236;255m[48;2;82;81;66m▀[0m[38;2;82;81;82m[48;2;82;81;74m▀[0m[38;2;239;219;115m[48;2;82;81;74m▀[0m[38;2;255;207;66m[48;2;82;85;74m▀[0m[38;2;82;81;66m[48;2;82;85;74m▀[0m[38;2;165;190;189m[48;2;159;182;192m▀[0m[38;2;165;190;189m[48;2;159;182;192m▀[0m[38;2;66;60;66m[48;2;110;119;120m▀[0m[38;2;99;102;107m[48;2;66;65;66m▀[0m[38;2;140;138;132m[48;2;99;97;99m▀[0m[38;2;140;138;132m[48;2;99;97;99m▀[0m[38;2;93;97;95m[48;2;140;138;132m▀[0m[38;2;93;97;95m[48;2;140;138;132m▀[0m[38;2;99;101;99m[48;2;66;65;66m▀[0m[38;2;134;133;129m[48;2;66;65;66m▀[0m[38;2;140;138;132m[48;2;94;97;99m▀[0m[38;2;140;138;132m[48;2;140;138;132m▀[0m[38;2;120;125;129m[48;2;140;140;127m▀[0m[38;2;74;69;66m[48;2;140;140;127m▀[0m[38;2;82;79;68m[48;2;66;65;66m▀[0m[38;2;82;79;68m[48;2;132;148;148m▀[0m[38;2;165;190;189m[48;2;165;190;189m▀[0m[38;2;165;190;189m[48;2;165;190;189m▀[0m[38;2;159;182;192m[48;2;136;145;148m▀[0m[38;2;66;69;66m[48;2;206;235;255m▀[0m[38;2;198;195;189m[48;2;74;73;66m▀[0m[38;2;198;195;189m[48;2;172;186;192m▀[0m[38;2;198;195;189m[48;2;198;195;189m▀[0m[38;2;198;195;189m[48;2;140;140;127m▀[0m[38;2;0;0;0m[48;2;140;138;132m▀[0m[38;2;0;0;0m[48;2;62;62;66m▀[0m[38;2;165;190;189m[48;2;101;98;96m▀[0m[38;2;60;63;63m[48;2;137;136;126m▀[0m[38;2;66;65;66m[48;2;101;101;96m▀[0m[38;2;165;190;189m[48;2;66;65;66m▀[0m[38;2;165;190;189m[48;2;165;190;189m▀[0m[38;2;0;0;0m[48;2;0;0;0m▀[0m [38;2;0;0;0m▄[38;2;0;0;0m▄ 
[38;2;0;0;0m[48;2;0;0;0m▀[0m[38;2;206;235;255m[48;2;86;95;94m▀[0m[38;2;66;65;66m[48;2;173;190;189m▀[0m[38;2;206;235;255m[48;2;66;65;66m▀[0m[38;2;82;81;66m[48;2;165;190;206m▀[0m[38;2;82;81;66m[48;2;170;189;203m▀[0m[38;2;231;247;255m[48;2;99;97;99m▀[0m[38;2;139;139;134m[48;2;96;97;95m▀[0m[38;2;255;255;255m[48;2;96;97;95m▀[0m[38;2;82;85;74m[48;2;206;235;247m▀[0m[38;2;206;235;255m[48;2;134;145;148m▀[0m[38;2;214;243;255m[48;2;99;113;123m▀[0m[38;2;104;121;129m[48;2;132;149;156m▀[0m[38;2;132;146;148m[48;2;137;143;148m▀[0m[38;2;132;146;148m[48;2;68;71;74m▀[0m[38;2;66;64;66m[48;2;0;0;0m▀[0m[38;2;0;0;0m▀[38;2;0;0;0m▀[38;2;70;69;66m[48;2;0;0;0m▀[0m[38;2;165;190;189m[48;2;165;190;189m▀[0m[38;2;66;65;66m[48;2;66;65;66m▀[0m[38;2;140;138;132m[48;2;140;140;127m▀[0m[38;2;94;97;99m[48;2;140;140;127m▀[0m[38;2;140;140;127m[48;2;66;65;66m▀[0m[38;2;66;65;66m[48;2;165;190;189m▀[0m[38;2;165;190;189m[48;2;136;145;148m▀[0m[38;2;132;148;148m[48;2;165;190;189m▀[0m[38;2;165;190;189m[48;2;165;186;189m▀[0m[38;2;94;97;94m[48;2;82;77;66m▀[0m[38;2;136;145;148m[48;2;137;145;148m▀[0m[38;2;136;145;148m[48;2;137;145;148m▀[0m[38;2;222;243;255m[48;2;206;231;247m▀[0m[38;2;74;73;66m[48;2;82;77;66m▀[0m[38;2;140;140;127m[48;2;140;138;132m▀[0m[38;2;140;140;127m[48;2;140;138;132m▀[0m[38;2;101;100;99m[48;2;94;97;99m▀[0m[38;2;140;138;132m[48;2;140;138;132m▀[0m[38;2;66;60;66m[48;2;66;65;66m▀[0m[38;2;101;98;96m[48;2;140;140;127m▀[0m[38;2;137;137;126m[48;2;86;95;94m▀[0m[38;2;66;65;66m[48;2;165;190;189m▀[0m[38;2;165;190;189m[48;2;164;190;189m▀[0m[38;2;165;190;189m[48;2;164;190;189m▀[0m[38;2;0;0;0m[48;2;173;190;189m▀[0m[38;2;165;190;189m[48;2;86;95;94m▀[0m[38;2;165;190;189m[48;2;0;0;0m▀[0m[38;2;0;0;0m▀
 [38;2;0;0;0m▀[38;2;0;0;0m▀[38;2;165;190;206m[48;2;66;65;66m▀[0m[38;2;66;65;66m[48;2;0;0;0m▀[0m[38;2;206;235;255m[48;2;0;0;0m▀[0m[38;2;206;235;255m[48;2;0;0;0m▀[0m[38;2;206;235;255m[48;2;137;146;148m▀[0m[38;2;206;235;255m[48;2;137;146;148m▀[0m[38;2;134;145;148m[48;2;165;190;189m▀[0m[38;2;170;190;197m[48;2;0;0;0m▀[0m[38;2;165;186;189m[48;2;0;0;0m▀[0m[38;2;99;113;123m[48;2;0;0;0m▀[0m[38;2;0;0;0m▀[38;2;0;0;0m▀  [38;2;0;0;0m▄[38;2;0;0;0m[48;2;99;97;99m▀[0m[38;2;132;148;148m[48;2;52;59;60m▀[0m[38;2;132;148;148m[48;2;156;178;181m▀[0m[38;2;66;65;66m[48;2;66;60;66m▀[0m[38;2;140;140;127m[48;2;99;102;107m▀[0m[38;2;66;65;66m[48;2;66;60;66m▀[0m[38;2;165;190;189m[48;2;165;186;189m▀[0m[38;2;136;145;148m[48;2;136;145;148m▀[0m[38;2;165;190;189m[48;2;165;190;189m▀[0m[38;2;82;77;66m[48;2;82;79;68m▀[0m[38;2;137;149;148m[48;2;82;79;68m▀[0m[38;2;99;97;99m[48;2;82;79;68m▀[0m[38;2;137;145;148m[48;2;140;143;137m▀[0m[38;2;144;154;156m[48;2;82;79;68m▀[0m[38;2;82;77;66m[48;2;140;139;128m▀[0m[38;2;140;138;132m[48;2;140;138;132m▀[0m[38;2;94;97;99m[48;2;94;97;99m▀[0m[38;2;140;138;132m[48;2;140;139;128m▀[0m[38;2;140;138;132m[48;2;140;139;128m▀[0m[38;2;140;140;127m[48;2;94;97;99m▀[0m[38;2;66;65;66m[48;2;140;138;132m▀[0m[38;2;165;190;189m[48;2;0;0;0m▀[0m[38;2;8;0;0m▀[38;2;164;190;189m[48;2;0;0;0m▀[0m[38;2;164;190;189m[48;2;0;0;0m▀[0m[38;2;0;0;0m▀[38;2;0;0;0m▀  
       [38;2;0;0;0m▀[38;2;0;0;0m▀[38;2;0;0;0m▀   [38;2;0;0;0m▄[38;2;0;0;0m▄[38;2;0;0;0m▄[38;2;0;0;0m[48;2;94;97;94m▀[0m[38;2;66;64;66m[48;2;94;97;94m▀[0m[38;2;99;97;99m[48;2;0;0;0m▀[0m[38;2;104;118;120m[48;2;0;0;0m▀[0m[38;2;0;0;0m▀[38;2;165;186;189m[48;2;0;0;0m▀[0m[38;2;66;60;66m[48;2;66;65;66m▀[0m[38;2;99;102;107m[48;2;66;65;66m▀[0m[38;2;66;60;66m[48;2;66;65;66m▀[0m[38;2;136;145;148m[48;2;52;54;54m▀[0m[38;2;165;190;189m[48;2;140;146;148m▀[0m[38;2;82;79;68m[48;2;165;190;189m▀[0m[38;2;140;139;128m[48;2;60;68;63m▀[0m[38;2;140;143;137m[48;2;140;139;128m▀[0m[38;2;82;79;68m[48;2;140;139;128m▀[0m[38;2;82;79;68m[48;2;52;52;49m▀[0m[38;2;140;139;128m[48;2;96;97;90m▀[0m[38;2;140;138;132m[48;2;140;138;132m▀[0m[38;2;94;97;99m[48;2;140;138;132m▀[0m[38;2;140;139;128m[48;2;101;101;96m▀[0m[38;2;140;139;128m[48;2;66;65;66m▀[0m[38;2;94;97;99m[48;2;142;140;126m▀[0m[38;2;140;138;132m[48;2;0;0;0m▀[0m[38;2;0;0;0m▀       
            [38;2;0;0;0m▀[38;2;198;195;189m[48;2;0;0;0m▀[0m[38;2;66;65;63m[48;2;198;195;189m▀[0m[38;2;94;97;94m[48;2;0;0;0m▀[0m[38;2;94;97;94m[48;2;0;0;0m▀[0m[38;2;0;0;0m▀    [38;2;0;0;0m▀[38;2;94;97;94m[48;2;0;0;0m▀[0m[38;2;94;97;94m[48;2;94;97;94m▀[0m[38;2;96;100;101m[48;2;0;0;0m▀[0m[38;2;8;8;8m▀[38;2;8;8;0m▀[38;2;165;190;189m[48;2;0;0;0m▀[0m[38;2;82;79;68m[48;2;142;140;126m▀[0m[38;2;82;79;68m[48;2;142;140;126m▀[0m[38;2;140;142;132m[48;2;0;0;0m▀[0m[38;2;8;8;8m▀[38;2;0;0;0m▀[38;2;70;69;66m[48;2;0;0;0m▀[0m[38;2;66;65;66m[48;2;140;139;128m▀[0m[38;2;137;137;126m[48;2;140;139;128m▀[0m[38;2;142;140;126m[48;2;0;0;0m▀[0m[38;2;0;0;0m▀        
             [38;2;0;0;0m▀[38;2;0;0;0m▀     [38;2;0;0;0m▄[38;2;0;0;0m[48;2;198;195;189m▀[0m[38;2;0;0;0m[48;2;93;97;95m▀[0m[38;2;94;97;94m[48;2;198;195;189m▀[0m[38;2;94;97;94m[48;2;0;0;0m▀[0m[38;2;0;0;0m▀[38;2;0;0;0m▄[38;2;0;0;0m[48;2;85;85;82m▀[0m[38;2;140;138;132m[48;2;85;85;82m▀[0m[38;2;142;140;126m[48;2;0;0;0m▀[0m[38;2;0;0;0m▀  [38;2;0;0;0m▄[38;2;0;0;0m[48;2;123;125;123m▀[0m[38;2;140;139;128m[48;2;90;93;90m▀[0m[38;2;140;139;128m[48;2;145;145;142m▀[0m[38;2;0;0;0m[48;2;0;0;0m▀[0m         
                   [38;2;0;0;0m▀[38;2;198;195;189m[48;2;0;0;0m▀[0m[38;2;93;97;95m[48;2;0;0;0m▀[0m[38;2;198;195;189m[48;2;0;0;0m▀[0m[38;2;0;0;0m▀ [38;2;0;0;0m[48;2;0;0;0m▀[0m[38;2;255;255;255m[48;2;0;0;0m▀[0m[38;2;0;0;0m▀[38;2;255;255;247m[48;2;0;0;0m▀[0m[38;2;0;0;0m▀ [38;2;0;0;0m▄[38;2;0;0;0m[48;2;255;255;255m▀[0m[38;2;247;251;247m[48;2;85;87;85m▀[0m[38;2;123;125;123m[48;2;255;255;255m▀[0m[38;2;255;251;247m[48;2;255;255;255m▀[0m[38;2;90;93;90m[48;2;0;0;0m▀[0m[38;2;255;255;255m[48;2;255;255;255m▀[0m[38;2;0;0;0m[48;2;0;0;0m▀[0m        
                                [38;2;0;0;0m▀[38;2;0;4;0m▀[38;2;0;4;0m▀[38;2;0;0;0m▀ [38;2;0;0;0m▀         
[0m
