     [38;2;0;0;0m[48;2;0;0;0m▀[0m[38;2;0;0;0m[48;2;0;0;0m▀[0m[38;2;0;0;0m▄    [38;2;0;0;0m▄[38;2;0;0;0m▄            
[38;2;0;0;0m[48;2;0;0;0m▀[0m[38;2;0;0;0m[48;2;0;0;0m▀[0m[38;2;0;0;0m[48;2;197;181;156m▀[0m[38;2;0;0;0m▄ [38;2;0;0;0m▀[38;2;197;181;156m[48;2;0;0;0m▀[0m[38;2;0;0;0m[48;2;0;0;0m▀[0m   [38;2;0;0;0m[48;2;0;0;0m▀[0m[38;2;65;65;65m[48;2;173;66;82m▀[0m[38;2;0;0;0m[48;2;65;65;65m▀[0m[38;2;0;0;0m[48;2;0;0;0m▀[0m           
 [38;2;0;0;0m▀[38;2;0;0;0m▀[38;2;0;0;0m▀[38;2;0;0;0m▄  [38;2;0;0;0m▀[38;2;0;0;0m▄ [38;2;0;0;0m▄[38;2;0;0;0m[48;2;222;99;132m▀[0m[38;2;173;66;82m[48;2;173;66;82m▀[0m[38;2;65;65;65m[48;2;123;66;82m▀[0m[38;2;0;0;0m[48;2;0;0;0m▀[0m       [38;2;0;0;0m▄[38;2;0;0;0m▄[38;2;0;0;0m▄ 
     [38;2;0;0;0m[48;2;0;0;0m▀[0m  [38;2;0;0;0m[48;2;0;0;0m▀[0m [38;2;0;0;0m[48;2;0;0;0m▀[0m[38;2;222;99;132m[48;2;222;99;132m▀[0m[38;2;123;66;82m[48;2;206;82;107m▀[0m[38;2;173;66;82m[48;2;173;66;82m▀[0m[38;2;0;0;0m[48;2;0;0;0m▀[0m   [38;2;0;0;0m▄[38;2;0;0;0m▄[38;2;0;0;0m[48;2;173;66;82m▀[0m[38;2;0;0;0m[48;2;173;66;82m▀[0m[38;2;173;66;82m[48;2;173;66;82m▀[0m[38;2;65;65;65m[48;2;65;65;65m▀[0m[38;2;65;65;65m[48;2;65;65;65m▀[0m[38;2;0;0;0m[48;2;0;0;0m▀[0m
      [38;2;0;0;0m[48;2;0;0;0m▀[0m[38;2;0;0;0m▄[38;2;0;0;0m[48;2;0;0;0m▀[0m[38;2;0;0;0m▄[38;2;0;0;0m[48;2;0;0;0m▀[0m[38;2;206;82;107m[48;2;206;82;107m▀[0m[38;2;222;99;132m[48;2;222;99;132m▀[0m[38;2;0;0;0m[48;2;0;0;0m▀[0m  [38;2;0;0;0m▄[38;2;0;0;0m[48;2;247;123;156m▀[0m[38;2;123;66;82m[48;2;247;123;156m▀[0m[38;2;173;66;82m[48;2;173;66;82m▀[0m[38;2;173;66;82m[48;2;173;66;82m▀[0m[38;2;123;66;82m[48;2;65;65;65m▀[0m[38;2;65;65;65m[48;2;65;65;65m▀[0m[38;2;65;65;65m[48;2;0;0;0m▀[0m[38;2;0;0;0m▀ 
    [38;2;0;0;0m▄[38;2;0;0;0m[48;2;181;181;189m▀[0m[38;2;65;65;65m[48;2;123;123;123m▀[0m[38;2;123;123;123m[48;2;123;123;123m▀[0m[38;2;65;65;65m[48;2;123;123;123m▀[0m[38;2;123;123;123m[48;2;123;123;123m▀[0m[38;2;65;65;65m[48;2;123;123;123m▀[0m[38;2;65;65;65m[48;2;123;123;123m▀[0m[38;2;222;99;132m[48;2;0;0;0m▀[0m[38;2;0;0;0m▀[38;2;0;0;0m▄[38;2;0;0;0m[48;2;255;255;255m▀[0m[38;2;247;123;156m[48;2;123;197;255m▀[0m[38;2;247;123;156m[48;2;206;82;107m▀[0m[38;2;247;123;156m[48;2;206;82;107m▀[0m[38;2;173;66;82m[48;2;206;82;107m▀[0m[38;2;123;66;82m[48;2;173;66;82m▀[0m[38;2;123;66;82m[48;2;173;66;82m▀[0m[38;2;123;66;82m[48;2;65;65;65m▀[0m[38;2;0;0;0m[48;2;65;65;65m▀[0m[38;2;0;0;0m▄ 
   [38;2;0;0;0m[48;2;0;0;0m▀[0m[38;2;181;181;189m[48;2;65;65;65m▀[0m[38;2;0;0;0m[48;2;65;65;65m▀[0m[38;2;123;123;123m[48;2;123;123;123m▀[0m[38;2;123;123;123m[48;2;65;65;65m▀[0m[38;2;65;65;65m[48;2;65;65;65m▀[0m[38;2;65;65;65m[48;2;255;255;255m▀[0m[38;2;65;65;65m[48;2;65;65;65m▀[0m[38;2;123;123;123m[48;2;65;65;65m▀[0m[38;2;65;65;65m[48;2;123;123;123m▀[0m[38;2;0;0;0m[48;2;65;65;65m▀[0m[38;2;255;255;255m[48;2;189;197;206m▀[0m[38;2;189;197;206m[48;2;255;255;255m▀[0m[38;2;206;82;107m[48;2;255;255;255m▀[0m[38;2;247;123;156m[48;2;123;197;255m▀[0m[38;2;247;123;156m[48;2;206;82;107m▀[0m[38;2;247;123;156m[48;2;206;82;107m▀[0m[38;2;173;66;82m[48;2;123;66;82m▀[0m[38;2;173;66;82m[48;2;123;66;82m▀[0m[38;2;65;65;65m[48;2;123;66;82m▀[0m[38;2;65;65;65m[48;2;65;65;65m▀[0m[38;2;0;0;0m[48;2;0;0;0m▀[0m 
   [38;2;0;0;0m▀[38;2;65;65;65m[48;2;0;0;0m▀[0m[38;2;123;123;123m[48;2;65;65;65m▀[0m[38;2;123;123;123m[48;2;181;181;189m▀[0m[38;2;65;65;65m[48;2;181;181;189m▀[0m[38;2;255;255;255m[48;2;65;65;65m▀[0m[38;2;0;0;0m[48;2;65;65;65m▀[0m[38;2;255;255;255m[48;2;65;65;65m▀[0m[38;2;65;65;65m[48;2;181;181;189m▀[0m[38;2;181;181;189m[48;2;65;65;65m▀[0m[38;2;65;65;65m[48;2;247;123;156m▀[0m[38;2;247;123;156m[48;2;206;82;107m▀[0m[38;2;189;197;206m[48;2;255;255;255m▀[0m[38;2;189;197;206m[48;2;255;255;255m▀[0m[38;2;206;82;107m[48;2;123;197;255m▀[0m[38;2;247;123;156m[48;2;247;123;156m▀[0m[38;2;173;66;82m[48;2;173;66;82m▀[0m[38;2;173;66;82m[48;2;173;66;82m▀[0m[38;2;65;65;65m[48;2;65;65;65m▀[0m[38;2;65;65;65m[48;2;65;65;65m▀[0m[38;2;0;0;0m[48;2;0;0;0m▀[0m  
     [38;2;0;0;0m▀[38;2;0;0;0m▀[38;2;65;65;65m[48;2;0;0;0m▀[0m[38;2;181;181;189m[48;2;0;0;0m▀[0m[38;2;181;181;189m[48;2;65;65;65m▀[0m[38;2;181;181;189m[48;2;65;65;65m▀[0m[38;2;65;65;65m[48;2;206;82;107m▀[0m[38;2;222;99;132m[48;2;65;65;65m▀[0m[38;2;65;65;65m[48;2;222;99;132m▀[0m[38;2;65;65;65m[48;2;247;123;156m▀[0m[38;2;65;65;65m[48;2;247;123;156m▀[0m[38;2;247;123;156m[48;2;65;65;65m▀[0m[38;2;247;123;156m[48;2;65;65;65m▀[0m[38;2;173;66;82m[48;2;65;65;65m▀[0m[38;2;173;66;82m[48;2;65;65;65m▀[0m[38;2;65;65;65m[48;2;0;0;0m▀[0m[38;2;0;0;0m▀[38;2;0;0;0m▀   
         [38;2;0;0;0m[48;2;0;0;0m▀[0m[38;2;181;181;189m[48;2;65;65;65m▀[0m[38;2;65;65;65m[48;2;181;181;189m▀[0m[38;2;65;65;65m[48;2;181;181;189m▀[0m[38;2;206;82;107m[48;2;65;65;65m▀[0m[38;2;206;82;107m[48;2;247;123;156m▀[0m[38;2;247;123;156m[48;2;206;82;107m▀[0m[38;2;247;123;156m[48;2;206;82;107m▀[0m[38;2;247;123;156m[48;2;255;189;230m▀[0m[38;2;255;189;230m[48;2;173;66;82m▀[0m[38;2;173;66;82m[48;2;173;66;82m▀[0m[38;2;65;65;65m[48;2;65;65;65m▀[0m[38;2;0;0;0m[48;2;0;0;0m▀[0m    
       [38;2;0;0;0m▄[38;2;0;0;0m[48;2;65;65;65m▀[0m[38;2;197;181;156m[48;2;0;0;0m▀[0m[38;2;0;0;0m▀[38;2;65;65;65m[48;2;0;0;0m▀[0m[38;2;65;65;65m[48;2;197;181;156m▀[0m[38;2;123;123;123m[48;2;0;0;0m▀[0m[38;2;0;0;0m▀[38;2;255;189;230m[48;2;0;0;0m▀[0m[38;2;255;189;230m[48;2;173;66;82m▀[0m[38;2;123;66;82m[48;2;173;66;82m▀[0m[38;2;123;66;82m[48;2;65;65;65m▀[0m[38;2;65;65;65m[48;2;65;65;65m▀[0m[38;2;65;65;65m[48;2;0;0;0m▀[0m[38;2;0;0;0m▀    
       [38;2;0;0;0m▀[38;2;0;0;0m▀  [38;2;0;0;0m[48;2;0;0;0m▀[0m[38;2;65;65;65m[48;2;65;65;65m▀[0m[38;2;0;0;0m[48;2;0;0;0m▀[0m  [38;2;0;0;0m▀[38;2;0;0;0m▀[38;2;0;0;0m▀[38;2;0;0;0m▀      
            [38;2;0;0;0m▀             
[0m
