                   [38;2;0;0;0m▄[38;2;0;0;0m[48;2;139;133;115m▀[0m[38;2;0;0;0m[48;2;139;133;115m▀[0m[38;2;0;0;0m▄              
       [38;2;0;0;0m▄[38;2;0;0;0m[48;2;139;133;115m▀[0m[38;2;0;0;0m[48;2;139;133;115m▀[0m[38;2;0;0;0m▄        [38;2;0;0;0m[48;2;0;0;0m▀[0m[38;2;137;134;120m[48;2;137;134;120m▀[0m[38;2;137;134;120m[48;2;137;134;120m▀[0m[38;2;0;0;0m[48;2;0;0;0m▀[0m              
       [38;2;0;0;0m[48;2;0;0;0m▀[0m[38;2;137;134;120m[48;2;137;134;120m▀[0m[38;2;137;134;120m[48;2;137;134;120m▀[0m[38;2;0;0;0m[48;2;0;0;0m▀[0m     [38;2;0;0;0m▄[38;2;0;0;0m▄[38;2;0;0;0m[48;2;139;133;115m▀[0m[38;2;139;135;119m[48;2;139;135;119m▀[0m[38;2;139;135;119m[48;2;74;80;74m▀[0m[38;2;137;134;120m[48;2;137;134;120m▀[0m[38;2;0;0;0m[48;2;0;0;0m▀[0m              
       [38;2;0;0;0m[48;2;0;0;0m▀[0m[38;2;137;134;120m[48;2;137;134;120m▀[0m[38;2;139;135;119m[48;2;74;80;74m▀[0m[38;2;139;135;119m[48;2;139;135;119m▀[0m[38;2;0;0;0m[48;2;137;134;120m▀[0m[38;2;0;0;0m[48;2;137;134;120m▀[0m[38;2;0;0;0m▄ [38;2;0;0;0m[48;2;0;0;0m▀[0m[38;2;137;134;120m[48;2;137;134;120m▀[0m[38;2;123;130;95m[48;2;189;230;74m▀[0m[38;2;90;80;106m[48;2;123;130;95m▀[0m[38;2;74;79;76m[48;2;139;134;120m▀[0m[38;2;74;79;76m[48;2;139;134;120m▀[0m[38;2;139;135;119m[48;2;74;80;74m▀[0m[38;2;139;135;119m[48;2;139;135;119m▀[0m[38;2;0;0;0m[48;2;0;0;0m▀[0m      [38;2;0;0;0m▄[38;2;0;0;0m[48;2;137;134;120m▀[0m[38;2;0;0;0m[48;2;137;134;120m▀[0m[38;2;0;0;0m▄   
      [38;2;0;0;0m[48;2;0;0;0m▀[0m[38;2;139;135;119m[48;2;139;135;119m▀[0m[38;2;139;135;119m[48;2;74;80;74m▀[0m[38;2;74;79;76m[48;2;139;134;120m▀[0m[38;2;74;79;76m[48;2;139;134;120m▀[0m[38;2;131;140;104m[48;2;180;226;65m▀[0m[38;2;131;140;104m[48;2;106;97;123m▀[0m[38;2;0;0;0m[48;2;0;0;0m▀[0m [38;2;0;0;0m[48;2;0;0;0m▀[0m[38;2;106;107;98m[48;2;106;107;98m▀[0m[38;2;148;178;82m[48;2;82;76;90m▀[0m[38;2;104;110;87m[48;2;104;110;87m▀[0m[38;2;106;109;98m[48;2;106;109;98m▀[0m[38;2;180;234;57m[48;2;143;172;78m▀[0m[38;2;180;226;65m[48;2;106;105;106m▀[0m[38;2;131;145;93m[48;2;106;105;106m▀[0m[38;2;0;0;0m[48;2;0;0;0m▀[0m  [38;2;0;0;0m▄[38;2;0;0;0m▄[38;2;0;0;0m▄[38;2;0;0;0m▄[38;2;0;0;0m[48;2;139;133;115m▀[0m[38;2;137;134;120m[48;2;137;134;120m▀[0m[38;2;137;134;120m[48;2;0;0;0m▀[0m[38;2;0;0;0m▀   
 [38;2;0;0;0m▄[38;2;0;0;0m▄   [38;2;0;0;0m[48;2;0;0;0m▀[0m[38;2;106;105;98m[48;2;106;105;98m▀[0m[38;2;180;230;57m[48;2;106;105;98m▀[0m[38;2;106;105;98m[48;2;145;180;76m▀[0m[38;2;106;105;98m[48;2;106;105;98m▀[0m[38;2;148;178;82m[48;2;104;110;87m▀[0m[38;2;104;110;87m[48;2;82;76;90m▀[0m[38;2;106;105;98m[48;2;106;105;98m▀[0m[38;2;0;0;0m[48;2;53;52;49m▀[0m[38;2;106;107;98m[48;2;106;107;98m▀[0m[38;2;106;107;98m[48;2;106;107;98m▀[0m[38;2;106;107;98m[48;2;106;107;98m▀[0m[38;2;106;107;98m[48;2;106;107;98m▀[0m[38;2;106;105;98m[48;2;106;105;98m▀[0m[38;2;71;78;76m[48;2;106;105;98m▀[0m[38;2;106;107;98m[48;2;106;107;98m▀[0m[38;2;0;0;0m[48;2;0;0;0m▀[0m [38;2;0;0;0m▄[38;2;8;4;8m[48;2;101;98;90m▀[0m[38;2;148;145;131m[48;2;101;98;90m▀[0m[38;2;123;130;95m[48;2;189;230;74m▀[0m[38;2;123;130;95m[48;2;90;80;106m▀[0m[38;2;139;134;120m[48;2;74;79;76m▀[0m[38;2;74;79;76m[48;2;139;134;120m▀[0m[38;2;139;133;115m[48;2;0;0;0m▀[0m[38;2;0;0;0m▀    
[38;2;0;0;0m[48;2;0;0;0m▀[0m[38;2;137;134;120m[48;2;137;134;120m▀[0m[38;2;137;134;120m[48;2;137;134;120m▀[0m[38;2;0;0;0m[48;2;139;133;115m▀[0m[38;2;0;0;0m▄[38;2;0;0;0m▄[38;2;0;0;0m▄[38;2;0;0;0m[48;2;53;52;49m▀[0m[38;2;106;105;98m[48;2;106;105;98m▀[0m[38;2;106;105;98m[48;2;106;105;98m▀[0m[38;2;71;78;76m[48;2;106;105;98m▀[0m[38;2;106;105;98m[48;2;71;78;76m▀[0m[38;2;106;105;98m[48;2;71;78;76m▀[0m[38;2;104;107;98m[48;2;76;78;74m▀[0m[38;2;49;48;49m[48;2;49;48;49m▀[0m[38;2;106;105;98m[48;2;71;78;76m▀[0m[38;2;71;78;76m[48;2;71;78;76m▀[0m[38;2;106;105;98m[48;2;71;78;76m▀[0m[38;2;106;105;98m[48;2;71;78;76m▀[0m[38;2;106;107;98m[48;2;106;107;98m▀[0m[38;2;106;107;98m[48;2;106;107;98m▀[0m[38;2;0;0;0m[48;2;49;48;49m▀[0m[38;2;0;0;0m▄[38;2;0;0;0m[48;2;106;107;98m▀[0m[38;2;106;107;98m[48;2;106;107;98m▀[0m[38;2;104;110;87m[48;2;82;76;90m▀[0m[38;2;148;178;82m[48;2;104;110;87m▀[0m[38;2;106;105;98m[48;2;106;105;98m▀[0m[38;2;137;133;117m[48;2;106;105;98m▀[0m[38;2;90;80;106m[48;2;189;230;74m▀[0m[38;2;123;130;95m[48;2;123;130;95m▀[0m[38;2;0;0;0m[48;2;0;0;0m▀[0m     
 [38;2;0;0;0m▀[38;2;139;133;115m[48;2;0;0;0m▀[0m[38;2;71;78;76m[48;2;106;105;98m▀[0m[38;2;106;105;98m[48;2;71;78;76m▀[0m[38;2;106;105;98m[48;2;71;78;76m▀[0m[38;2;106;105;98m[48;2;71;78;76m▀[0m[38;2;98;113;74m[48;2;148;178;90m▀[0m[38;2;49;48;57m[48;2;49;48;57m▀[0m[38;2;104;107;98m[48;2;49;48;49m▀[0m[38;2;76;78;74m[48;2;49;48;49m▀[0m[38;2;71;78;76m[48;2;71;78;76m▀[0m[38;2;71;78;76m[48;2;49;48;49m▀[0m[38;2;71;78;76m[48;2;49;48;49m▀[0m[38;2;49;48;49m[48;2;71;78;76m▀[0m[38;2;71;79;76m[48;2;71;79;76m▀[0m[38;2;71;79;76m[48;2;71;79;76m▀[0m[38;2;71;79;76m[48;2;71;79;76m▀[0m[38;2;71;79;76m[48;2;71;79;76m▀[0m[38;2;71;78;76m[48;2;71;78;76m▀[0m[38;2;49;48;49m[48;2;49;48;49m▀[0m[38;2;46;48;49m[48;2;76;76;74m▀[0m[38;2;106;105;98m[48;2;106;105;98m▀[0m[38;2;106;107;98m[48;2;106;107;98m▀[0m[38;2;106;107;98m[48;2;106;107;98m▀[0m[38;2;106;107;98m[48;2;106;107;98m▀[0m[38;2;106;107;98m[48;2;106;107;98m▀[0m[38;2;104;110;87m[48;2;82;76;90m▀[0m[38;2;148;178;82m[48;2;104;110;87m▀[0m[38;2;106;107;98m[48;2;106;107;98m▀[0m[38;2;106;107;98m[48;2;0;0;0m▀[0m[38;2;0;0;0m▀     
  [38;2;0;0;0m[48;2;0;0;0m▀[0m[38;2;106;105;98m[48;2;106;105;98m▀[0m[38;2;71;78;76m[48;2;106;105;98m▀[0m[38;2;106;124;79m[48;2;139;165;90m▀[0m[38;2;74;82;68m[48;2;41;40;57m▀[0m[38;2;49;48;49m[48;2;135;135;119m▀[0m[38;2;49;48;49m[48;2;135;135;119m▀[0m[38;2;134;136;117m[48;2;255;255;255m▀[0m[38;2;134;136;117m[48;2;255;255;255m▀[0m[38;2;49;48;49m[48;2;135;135;119m▀[0m[38;2;135;135;119m[48;2;135;135;119m▀[0m[38;2;135;135;119m[48;2;135;135;119m▀[0m[38;2;49;48;49m[48;2;49;48;49m▀[0m[38;2;49;48;49m[48;2;106;107;98m▀[0m[38;2;49;48;49m[48;2;106;107;98m▀[0m[38;2;71;78;76m[48;2;49;48;49m▀[0m[38;2;71;78;76m[48;2;49;48;49m▀[0m[38;2;49;48;49m[48;2;71;78;76m▀[0m[38;2;71;78;76m[48;2;71;78;76m▀[0m[38;2;71;79;76m[48;2;71;79;76m▀[0m[38;2;71;79;76m[48;2;71;79;76m▀[0m[38;2;106;105;98m[48;2;71;78;76m▀[0m[38;2;106;105;98m[48;2;106;105;98m▀[0m[38;2;106;107;98m[48;2;106;107;98m▀[0m[38;2;106;107;98m[48;2;49;48;49m▀[0m[38;2;106;107;98m[48;2;49;48;49m▀[0m[38;2;49;48;49m[48;2;106;107;98m▀[0m[38;2;0;0;0m[48;2;106;107;98m▀[0m[38;2;0;0;0m▄[38;2;0;0;0m▄  [38;2;0;0;0m▄[38;2;0;0;0m▄ 
   [38;2;0;0;0m▀[38;2;106;107;98m[48;2;0;0;0m▀[0m[38;2;57;48;82m[48;2;180;230;74m▀[0m[38;2;98;109;79m[48;2;98;109;79m▀[0m[38;2;106;105;98m[48;2;255;255;255m▀[0m[38;2;255;255;255m[48;2;106;105;98m▀[0m[38;2;106;107;98m[48;2;106;107;98m▀[0m[38;2;106;107;98m[48;2;106;107;98m▀[0m[38;2;106;105;98m[48;2;106;105;98m▀[0m[38;2;137;133;117m[48;2;106;105;98m▀[0m[38;2;131;133;115m[48;2;152;182;86m▀[0m[38;2;172;230;57m[48;2;172;230;57m▀[0m[38;2;180;230;57m[48;2;180;230;57m▀[0m[38;2;106;105;98m[48;2;180;230;57m▀[0m[38;2;106;107;98m[48;2;49;48;49m▀[0m[38;2;106;107;98m[48;2;106;107;98m▀[0m[38;2;49;48;49m[48;2;104;107;98m▀[0m[38;2;76;78;74m[48;2;49;48;49m▀[0m[38;2;71;79;76m[48;2;71;79;76m▀[0m[38;2;71;79;76m[48;2;71;79;76m▀[0m[38;2;76;78;74m[48;2;76;78;74m▀[0m[38;2;104;107;98m[48;2;49;48;49m▀[0m[38;2;49;48;49m[48;2;106;107;98m▀[0m[38;2;106;107;98m[48;2;106;107;98m▀[0m[38;2;106;109;98m[48;2;143;172;78m▀[0m[38;2;106;109;98m[48;2;180;234;57m▀[0m[38;2;106;105;98m[48;2;71;78;76m▀[0m[38;2;106;105;98m[48;2;106;105;98m▀[0m[38;2;139;137;123m[48;2;93;93;84m▀[0m[38;2;0;4;8m[48;2;139;137;123m▀[0m[38;2;0;0;0m[48;2;137;134;120m▀[0m[38;2;137;134;120m[48;2;137;134;120m▀[0m[38;2;137;134;120m[48;2;137;134;120m▀[0m[38;2;0;0;0m[48;2;0;0;0m▀[0m
   [38;2;0;0;0m▄[38;2;0;0;0m[48;2;180;230;57m▀[0m[38;2;161;168;126m[48;2;115;125;74m▀[0m[38;2;115;125;74m[48;2;255;255;230m▀[0m[38;2;255;255;255m[48;2;106;105;98m▀[0m[38;2;106;105;98m[48;2;106;105;98m▀[0m[38;2;106;105;98m[48;2;106;105;98m▀[0m[38;2;106;105;98m[48;2;255;255;255m▀[0m[38;2;255;255;255m[48;2;255;255;255m▀[0m[38;2;255;255;255m[48;2;255;255;255m▀[0m[38;2;255;255;255m[48;2;255;255;255m▀[0m[38;2;123;144;90m[48;2;123;144;90m▀[0m[38;2;180;226;57m[48;2;109;121;79m▀[0m[38;2;180;226;57m[48;2;74;68;90m▀[0m[38;2;79;76;74m[48;2;139;133;123m▀[0m[38;2;49;48;49m[48;2;139;133;123m▀[0m[38;2;106;107;98m[48;2;49;48;49m▀[0m[38;2;106;107;98m[48;2;106;107;98m▀[0m[38;2;49;48;49m[48;2;104;107;98m▀[0m[38;2;76;78;74m[48;2;49;48;49m▀[0m[38;2;49;48;49m[48;2;71;78;76m▀[0m[38;2;71;78;76m[48;2;71;78;76m▀[0m[38;2;106;105;98m[48;2;71;78;76m▀[0m[38;2;71;78;76m[48;2;106;105;98m▀[0m[38;2;106;107;98m[48;2;106;107;98m▀[0m[38;2;106;107;98m[48;2;106;107;98m▀[0m[38;2;106;105;98m[48;2;106;105;98m▀[0m[38;2;71;78;76m[48;2;71;78;76m▀[0m[38;2;71;78;76m[48;2;106;105;98m▀[0m[38;2;106;105;98m[48;2;106;105;98m▀[0m[38;2;137;134;120m[48;2;0;0;0m▀[0m[38;2;137;134;120m[48;2;0;0;0m▀[0m[38;2;0;0;0m▀ 
   [38;2;0;4;8m[48;2;0;4;8m▀[0m[38;2;189;242;74m[48;2;126;163;52m▀[0m[38;2;106;105;98m[48;2;106;105;98m▀[0m[38;2;255;255;255m[48;2;255;255;255m▀[0m[38;2;106;107;98m[48;2;106;107;98m▀[0m[38;2;106;107;98m[48;2;106;107;98m▀[0m[38;2;139;174;74m[48;2;139;174;74m▀[0m[38;2;255;255;255m[48;2;139;174;74m▀[0m[38;2;255;255;255m[48;2;123;144;90m▀[0m[38;2;255;255;255m[48;2;123;144;90m▀[0m[38;2;143;180;78m[48;2;180;230;57m▀[0m[38;2;180;230;57m[48;2;180;230;57m▀[0m[38;2;180;226;65m[48;2;74;72;82m▀[0m[38;2;74;72;82m[48;2;109;124;76m▀[0m[38;2;109;105;98m[48;2;49;48;49m▀[0m[38;2;139;133;123m[48;2;49;48;49m▀[0m[38;2;46;48;49m[48;2;76;76;74m▀[0m[38;2;106;105;98m[48;2;106;105;98m▀[0m[38;2;106;107;98m[48;2;106;107;98m▀[0m[38;2;49;48;49m[48;2;106;107;98m▀[0m[38;2;71;78;76m[48;2;49;48;49m▀[0m[38;2;71;78;76m[48;2;71;78;76m▀[0m[38;2;76;78;74m[48;2;76;78;74m▀[0m[38;2;104;107;98m[48;2;49;48;49m▀[0m[38;2;104;110;87m[48;2;82;76;90m▀[0m[38;2;148;178;82m[48;2;104;110;87m▀[0m[38;2;180;230;57m[48;2;106;105;98m▀[0m[38;2;106;105;98m[48;2;106;105;98m▀[0m[38;2;106;107;98m[48;2;106;107;98m▀[0m[38;2;0;0;0m[48;2;0;0;0m▀[0m    
  [38;2;0;0;0m▄[38;2;0;0;0m[48;2;74;76;74m▀[0m[38;2;74;76;74m[48;2;49;51;49m▀[0m[38;2;95;98;90m[48;2;95;98;90m▀[0m[38;2;255;255;255m[48;2;95;98;90m▀[0m[38;2;106;105;98m[48;2;106;105;98m▀[0m[38;2;106;105;98m[48;2;71;78;76m▀[0m[38;2;180;230;57m[48;2;106;105;98m▀[0m[38;2;180;230;57m[48;2;180;230;57m▀[0m[38;2;180;226;65m[48;2;74;72;82m▀[0m[38;2;74;72;82m[48;2;109;124;76m▀[0m[38;2;106;107;98m[48;2;106;107;98m▀[0m[38;2;106;107;98m[48;2;49;48;49m▀[0m[38;2;104;107;98m[48;2;49;48;49m▀[0m[38;2;49;48;49m[48;2;76;78;74m▀[0m[38;2;71;79;76m[48;2;71;79;76m▀[0m[38;2;71;79;76m[48;2;71;79;76m▀[0m[38;2;71;78;76m[48;2;106;105;98m▀[0m[38;2;106;105;98m[48;2;106;105;98m▀[0m[38;2;106;107;98m[48;2;106;107;98m▀[0m[38;2;106;107;98m[48;2;106;107;98m▀[0m[38;2;49;48;49m[48;2;49;48;49m▀[0m[38;2;71;78;76m[48;2;71;78;76m▀[0m[38;2;49;51;49m[48;2;74;76;74m▀[0m[38;2;74;76;74m[48;2;0;0;0m▀[0m[38;2;52;52;49m[48;2;0;0;0m▀[0m[38;2;104;105;98m[48;2;0;0;0m▀[0m[38;2;0;0;0m▀[38;2;0;0;0m▀[38;2;0;0;0m▀     
  [38;2;0;0;0m▀[38;2;74;76;74m[48;2;0;0;0m▀[0m[38;2;49;51;49m[48;2;74;76;74m▀[0m[38;2;106;107;98m[48;2;49;48;49m▀[0m[38;2;106;107;98m[48;2;106;107;98m▀[0m[38;2;71;78;76m[48;2;106;105;98m▀[0m[38;2;106;105;98m[48;2;106;105;98m▀[0m[38;2;74;78;74m[48;2;8;8;8m▀[0m[38;2;106;113;106m[48;2;41;43;41m▀[0m[38;2;76;78;74m[48;2;49;48;49m▀[0m[38;2;49;48;49m[48;2;104;107;98m▀[0m[38;2;49;48;49m[48;2;71;78;76m▀[0m[38;2;71;78;76m[48;2;71;78;76m▀[0m[38;2;71;78;76m[48;2;71;78;76m▀[0m[38;2;71;78;76m[48;2;106;105;98m▀[0m[38;2;106;105;98m[48;2;180;230;57m▀[0m[38;2;106;105;98m[48;2;180;230;57m▀[0m[38;2;106;107;98m[48;2;106;107;98m▀[0m[38;2;106;107;98m[48;2;106;107;98m▀[0m[38;2;106;107;98m[48;2;106;107;98m▀[0m[38;2;106;107;98m[48;2;106;107;98m▀[0m[38;2;49;48;49m[48;2;0;0;0m▀[0m[38;2;0;0;0m▀[38;2;0;0;0m▀           
    [38;2;0;0;0m[48;2;0;0;0m▀[0m[38;2;71;78;76m[48;2;71;78;76m▀[0m[38;2;49;48;49m[48;2;71;78;76m▀[0m[38;2;49;51;49m[48;2;74;76;74m▀[0m[38;2;0;0;0m[48;2;74;76;74m▀[0m[38;2;0;0;0m▄[38;2;0;0;0m[48;2;213;214;213m▀[0m[38;2;106;107;98m[48;2;106;107;98m▀[0m[38;2;106;107;98m[48;2;106;107;98m▀[0m[38;2;106;107;98m[48;2;106;107;98m▀[0m[38;2;106;107;98m[48;2;106;107;98m▀[0m[38;2;106;105;98m[48;2;180;230;57m▀[0m[38;2;106;105;98m[48;2;180;230;57m▀[0m[38;2;178;230;57m[48;2;178;230;57m▀[0m[38;2;178;230;57m[48;2;178;230;57m▀[0m[38;2;106;105;98m[48;2;180;230;57m▀[0m[38;2;106;105;98m[48;2;180;230;57m▀[0m[38;2;128;161;46m[48;2;189;238;65m▀[0m[38;2;8;8;8m[48;2;189;238;65m▀[0m[38;2;0;0;0m▄[38;2;0;0;0m▄[38;2;0;0;0m[48;2;180;230;57m▀[0m[38;2;0;0;0m[48;2;180;230;57m▀[0m[38;2;0;0;0m[48;2;180;230;57m▀[0m[38;2;0;0;0m▄        
     [38;2;0;0;0m▀[38;2;0;0;0m▀[38;2;49;51;49m[48;2;0;0;0m▀[0m[38;2;74;76;74m[48;2;49;51;49m▀[0m[38;2;49;64;16m[48;2;159;183;109m▀[0m[38;2;213;242;156m[48;2;159;183;109m▀[0m[38;2;106;105;98m[48;2;180;230;57m▀[0m[38;2;106;105;98m[48;2;106;105;98m▀[0m[38;2;106;109;98m[48;2;106;109;98m▀[0m[38;2;180;234;57m[48;2;143;172;78m▀[0m[38;2;148;182;74m[48;2;255;255;255m▀[0m[38;2;148;182;74m[48;2;255;255;255m▀[0m[38;2;180;230;57m[48;2;143;180;78m▀[0m[38;2;180;230;57m[48;2;180;230;57m▀[0m[38;2;180;238;74m[48;2;49;52;57m▀[0m[38;2;137;176;68m[48;2;137;176;68m▀[0m[38;2;54;67;30m[48;2;164;202;74m▀[0m[38;2;164;202;74m[48;2;0;0;8m▀[0m[38;2;180;230;57m[48;2;0;0;0m▀[0m[38;2;180;230;57m[48;2;0;0;0m▀[0m[38;2;180;230;57m[48;2;0;0;0m▀[0m[38;2;0;0;0m▀[38;2;0;0;0m▀         
    [38;2;0;0;0m▄[38;2;0;0;0m▄[38;2;0;0;0m[48;2;69;78;74m▀[0m[38;2;74;76;74m[48;2;49;51;49m▀[0m[38;2;49;51;49m[48;2;0;0;0m▀[0m[38;2;143;180;78m[48;2;143;180;78m▀[0m[38;2;180;230;57m[48;2;180;230;57m▀[0m[38;2;180;230;57m[48;2;180;230;57m▀[0m[38;2;106;105;98m[48;2;180;230;57m▀[0m[38;2;180;230;57m[48;2;180;230;57m▀[0m[38;2;143;180;78m[48;2;180;230;57m▀[0m[38;2;255;255;255m[48;2;156;198;74m▀[0m[38;2;156;198;74m[48;2;156;198;74m▀[0m[38;2;189;238;65m[48;2;128;161;46m▀[0m[38;2;189;238;65m[48;2;8;8;8m▀[0m[38;2;180;226;57m[48;2;0;0;16m▀[0m[38;2;60;75;30m[48;2;180;226;57m▀[0m[38;2;0;0;0m[48;2;180;230;57m▀[0m[38;2;0;0;0m▄[38;2;0;0;0m▄         [38;2;0;0;0m▄[38;2;0;0;0m▄  
   [38;2;0;0;0m▀[38;2;69;78;74m[48;2;0;0;0m▀[0m[38;2;71;79;76m[48;2;0;0;0m▀[0m[38;2;71;79;76m[48;2;0;0;0m▀[0m[38;2;0;0;0m▀[38;2;0;0;0m▄[38;2;0;0;16m[48;2;60;75;30m▀[0m[38;2;180;226;57m[48;2;180;226;57m▀[0m[38;2;178;230;57m[48;2;178;230;57m▀[0m[38;2;178;230;57m[48;2;178;230;57m▀[0m[38;2;178;230;57m[48;2;178;230;57m▀[0m[38;2;178;230;57m[48;2;178;230;57m▀[0m[38;2;164;202;74m[48;2;54;67;30m▀[0m[38;2;164;202;74m[48;2;0;0;8m▀[0m[38;2;0;0;0m[48;2;180;230;57m▀[0m[38;2;0;0;0m▄ [38;2;0;0;0m▀[38;2;57;74;32m[48;2;0;0;16m▀[0m[38;2;172;222;65m[48;2;57;74;32m▀[0m[38;2;172;210;82m[48;2;57;70;38m▀[0m[38;2;0;0;16m[48;2;115;140;60m▀[0m[38;2;0;0;0m[48;2;106;107;98m▀[0m[38;2;0;0;0m[48;2;106;107;98m▀[0m[38;2;0;0;0m▄[38;2;0;0;0m▄ [38;2;0;0;0m▄[38;2;0;0;0m▄[38;2;0;0;0m[48;2;148;182;74m▀[0m[38;2;148;182;74m[48;2;0;0;0m▀[0m[38;2;0;0;0m▀[38;2;0;0;0m▄ 
      [38;2;0;0;0m▄[38;2;0;0;0m[48;2;74;76;74m▀[0m[38;2;74;76;74m[48;2;49;51;49m▀[0m[38;2;49;52;57m[48;2;180;234;65m▀[0m[38;2;180;234;65m[48;2;137;174;63m▀[0m[38;2;143;180;78m[48;2;180;230;57m▀[0m[38;2;180;230;57m[48;2;143;180;78m▀[0m[38;2;180;230;57m[48;2;180;230;57m▀[0m[38;2;106;105;98m[48;2;106;105;98m▀[0m[38;2;0;0;0m[48;2;0;0;0m▀[0m [38;2;0;0;0m▀[38;2;0;0;0m▀[38;2;0;0;0m▄[38;2;0;0;0m[48;2;106;107;98m▀[0m[38;2;106;105;98m[48;2;106;105;98m▀[0m[38;2;106;105;98m[48;2;145;180;76m▀[0m[38;2;106;107;98m[48;2;106;107;98m▀[0m[38;2;106;107;98m[48;2;106;107;98m▀[0m[38;2;106;105;98m[48;2;106;105;98m▀[0m[38;2;106;105;98m[48;2;145;180;76m▀[0m[38;2;98;111;82m[48;2;148;182;82m▀[0m[38;2;74;76;82m[48;2;148;182;82m▀[0m[38;2;0;0;16m[48;2;74;87;57m▀[0m[38;2;148;174;98m[48;2;74;87;57m▀[0m[38;2;145;180;79m[48;2;145;180;79m▀[0m[38;2;74;80;74m[48;2;145;180;79m▀[0m[38;2;148;182;74m[48;2;148;182;74m▀[0m[38;2;0;0;0m[48;2;148;182;74m▀[0m[38;2;148;182;74m[48;2;0;0;0m▀[0m[38;2;0;0;0m▀
       [38;2;0;0;0m[48;2;0;0;0m▀[0m[38;2;148;182;74m[48;2;148;182;74m▀[0m[38;2;180;230;57m[48;2;74;80;82m▀[0m[38;2;145;180;65m[48;2;180;230;57m▀[0m[38;2;156;198;74m[48;2;156;198;74m▀[0m[38;2;156;198;74m[48;2;255;255;255m▀[0m[38;2;180;230;57m[48;2;143;180;78m▀[0m[38;2;180;230;57m[48;2;180;230;57m▀[0m[38;2;0;0;0m[48;2;180;230;57m▀[0m[38;2;0;0;0m▄[38;2;0;0;0m[48;2;106;107;98m▀[0m[38;2;0;0;0m[48;2;106;107;98m▀[0m[38;2;106;105;98m[48;2;106;105;98m▀[0m[38;2;145;180;76m[48;2;106;105;98m▀[0m[38;2;145;180;76m[48;2;106;105;98m▀[0m[38;2;106;105;98m[48;2;106;105;98m▀[0m[38;2;106;105;98m[48;2;145;180;76m▀[0m[38;2;106;105;98m[48;2;145;180;76m▀[0m[38;2;148;182;74m[48;2;0;0;0m▀[0m[38;2;0;0;0m▀[38;2;0;0;0m▀[38;2;0;0;0m▀[38;2;148;182;74m[48;2;0;0;0m▀[0m[38;2;148;182;74m[48;2;0;0;0m▀[0m[38;2;148;182;74m[48;2;0;0;0m▀[0m[38;2;148;182;74m[48;2;0;0;0m▀[0m[38;2;0;0;0m▀[38;2;0;0;0m▀  
       [38;2;0;0;0m▀[38;2;69;78;74m[48;2;0;0;0m▀[0m[38;2;145;180;79m[48;2;145;180;79m▀[0m[38;2;145;180;79m[48;2;74;80;74m▀[0m[38;2;255;255;255m[48;2;148;182;74m▀[0m[38;2;255;255;255m[48;2;255;255;255m▀[0m[38;2;255;255;255m[48;2;148;182;74m▀[0m[38;2;148;182;74m[48;2;148;182;74m▀[0m[38;2;143;180;78m[48;2;143;180;78m▀[0m[38;2;180;230;57m[48;2;143;180;78m▀[0m[38;2;106;105;98m[48;2;145;180;76m▀[0m[38;2;106;105;98m[48;2;106;105;98m▀[0m[38;2;106;107;98m[48;2;106;107;98m▀[0m[38;2;106;107;98m[48;2;106;107;98m▀[0m[38;2;106;105;98m[48;2;145;180;76m▀[0m[38;2;106;105;98m[48;2;145;180;76m▀[0m[38;2;148;182;74m[48;2;0;0;0m▀[0m[38;2;0;0;0m▀            
         [38;2;0;0;0m▀[38;2;148;182;74m[48;2;0;0;0m▀[0m[38;2;148;182;74m[48;2;0;0;0m▀[0m[38;2;148;182;74m[48;2;148;182;74m▀[0m[38;2;145;180;79m[48;2;74;80;74m▀[0m[38;2;74;80;74m[48;2;145;180;79m▀[0m[38;2;145;180;79m[48;2;74;80;74m▀[0m[38;2;145;180;79m[48;2;145;180;79m▀[0m[38;2;145;180;79m[48;2;145;180;79m▀[0m[38;2;145;180;79m[48;2;145;180;79m▀[0m[38;2;148;182;74m[48;2;0;0;0m▀[0m[38;2;148;182;74m[48;2;0;0;0m▀[0m[38;2;148;182;74m[48;2;0;0;0m▀[0m[38;2;0;0;0m▀              
            [38;2;0;0;0m▀[38;2;0;0;0m▀[38;2;0;0;0m▀[38;2;0;0;0m▀[38;2;0;0;0m▀[38;2;0;0;0m▀[38;2;0;0;0m▀                  
[0m
