   [38;2;0;4;0m[48;2;0;4;0m▀[0m    [38;2;0;4;0m▄[38;2;0;4;0m[48;2;181;186;181m▀[0m[38;2;0;4;0m[48;2;181;186;181m▀[0m[38;2;0;4;0m▄                  
   [38;2;0;5;0m[48;2;0;5;0m▀[0m[38;2;0;5;0m[48;2;0;5;0m▀[0m [38;2;0;4;0m▄[38;2;0;5;0m[48;2;0;5;0m▀[0m[38;2;0;5;0m[48;2;0;5;0m▀[0m[38;2;170;174;172m[48;2;200;194;189m▀[0m[38;2;200;194;189m[48;2;170;174;172m▀[0m[38;2;0;4;0m[48;2;198;195;189m▀[0m[38;2;0;4;0m▄         [38;2;0;4;0m▄[38;2;0;4;0m▄[38;2;0;4;0m[48;2;231;235;239m▀[0m[38;2;0;4;0m[48;2;247;243;247m▀[0m[38;2;0;4;0m[48;2;247;243;247m▀[0m[38;2;0;4;0m[48;2;255;255;255m▀[0m[38;2;0;4;0m▄ 
   [38;2;0;4;0m▀[38;2;0;4;0m[48;2;0;4;0m▀[0m[38;2;66;64;66m▄[38;2;0;4;0m[48;2;0;4;0m▀[0m[38;2;0;4;0m[48;2;0;4;0m▀[0m[38;2;198;195;189m[48;2;0;4;0m▀[0m[38;2;181;182;181m[48;2;0;4;0m▀[0m[38;2;181;182;181m[48;2;181;182;181m▀[0m[38;2;181;186;181m[48;2;181;186;181m▀[0m[38;2;0;4;0m[48;2;0;4;0m▀[0m      [38;2;0;4;0m▄[38;2;0;4;0m[48;2;231;235;239m▀[0m[38;2;0;4;0m[48;2;247;247;247m▀[0m[38;2;247;247;247m[48;2;247;247;247m▀[0m[38;2;233;233;236m[48;2;255;255;255m▀[0m[38;2;255;255;255m[48;2;233;233;236m▀[0m[38;2;233;233;236m[48;2;255;255;255m▀[0m[38;2;255;255;255m[48;2;233;233;236m▀[0m[38;2;233;233;236m[48;2;255;255;255m▀[0m[38;2;255;255;255m[48;2;233;233;236m▀[0m[38;2;0;4;0m[48;2;0;4;0m▀[0m
  [38;2;0;4;0m▄[38;2;82;73;49m[48;2;247;219;115m▀[0m[38;2;0;0;16m[48;2;247;219;115m▀[0m[38;2;247;219;107m[48;2;247;219;107m▀[0m[38;2;0;4;0m[48;2;247;219;107m▀[0m[38;2;247;218;107m[48;2;247;218;107m▀[0m[38;2;247;218;107m[48;2;247;218;107m▀[0m[38;2;247;219;107m[48;2;247;219;107m▀[0m[38;2;0;4;0m[48;2;247;219;107m▀[0m[38;2;0;4;0m[48;2;247;219;107m▀[0m[38;2;0;4;0m[48;2;0;4;0m▀[0m    [38;2;0;4;0m▄[38;2;0;4;0m[48;2;231;235;239m▀[0m[38;2;233;233;236m[48;2;255;255;255m▀[0m[38;2;255;255;255m[48;2;233;233;236m▀[0m[38;2;233;233;236m[48;2;255;255;255m▀[0m[38;2;255;255;255m[48;2;233;233;236m▀[0m[38;2;233;233;236m[48;2;255;255;255m▀[0m[38;2;255;255;255m[48;2;233;233;236m▀[0m[38;2;233;233;236m[48;2;255;255;255m▀[0m[38;2;255;255;255m[48;2;233;233;236m▀[0m[38;2;233;233;236m[48;2;255;255;255m▀[0m[38;2;255;255;255m[48;2;233;233;236m▀[0m[38;2;0;4;0m[48;2;0;4;0m▀[0m
 [38;2;0;4;0m[48;2;0;4;0m▀[0m[38;2;247;219;107m[48;2;247;219;107m▀[0m[38;2;247;218;107m[48;2;247;218;107m▀[0m[38;2;247;218;107m[48;2;247;218;107m▀[0m[38;2;247;218;107m[48;2;247;218;107m▀[0m[38;2;247;218;107m[48;2;247;218;107m▀[0m[38;2;247;218;107m[48;2;247;218;107m▀[0m[38;2;247;218;107m[48;2;247;218;107m▀[0m[38;2;247;218;107m[48;2;247;218;107m▀[0m[38;2;247;218;107m[48;2;247;218;107m▀[0m[38;2;247;219;107m[48;2;255;255;255m▀[0m[38;2;247;219;107m[48;2;247;219;107m▀[0m[38;2;0;4;0m[48;2;0;4;0m▀[0m  [38;2;0;4;0m[48;2;0;4;0m▀[0m[38;2;233;233;236m[48;2;255;255;255m▀[0m[38;2;255;255;255m[48;2;233;233;236m▀[0m[38;2;233;233;236m[48;2;255;255;255m▀[0m[38;2;255;255;255m[48;2;233;233;236m▀[0m[38;2;233;233;236m[48;2;255;255;255m▀[0m[38;2;255;255;255m[48;2;233;233;236m▀[0m[38;2;233;233;236m[48;2;255;255;255m▀[0m[38;2;255;255;255m[48;2;233;233;236m▀[0m[38;2;233;233;236m[48;2;255;255;255m▀[0m[38;2;255;255;255m[48;2;233;233;236m▀[0m[38;2;233;233;236m[48;2;255;255;255m▀[0m[38;2;255;255;255m[48;2;233;233;236m▀[0m[38;2;0;4;0m[48;2;0;4;0m▀[0m
[38;2;0;4;0m[48;2;0;4;0m▀[0m[38;2;255;255;255m[48;2;66;65;66m▀[0m[38;2;66;65;66m[48;2;66;65;66m▀[0m[38;2;247;219;107m[48;2;189;162;79m▀[0m[38;2;247;219;107m[48;2;247;219;107m▀[0m[38;2;247;219;107m[48;2;189;162;79m▀[0m[38;2;247;219;107m[48;2;189;162;79m▀[0m[38;2;247;219;107m[48;2;247;219;107m▀[0m[38;2;247;219;107m[48;2;131;131;103m▀[0m[38;2;255;255;231m[48;2;82;73;41m▀[0m[38;2;197;194;167m[48;2;255;255;231m▀[0m[38;2;189;162;82m[48;2;255;255;255m▀[0m[38;2;255;255;255m[48;2;189;162;82m▀[0m[38;2;255;247;214m[48;2;170;164;142m▀[0m[38;2;0;0;0m[48;2;85;82;71m▀[0m[38;2;0;12;8m[48;2;71;62;52m▀[0m[38;2;214;162;140m[48;2;142;112;96m▀[0m[38;2;173;117;90m[48;2;247;243;247m▀[0m[38;2;197;159;142m[48;2;247;243;247m▀[0m[38;2;173;117;90m[48;2;200;161;145m▀[0m[38;2;255;251;255m[48;2;173;117;90m▀[0m[38;2;233;233;236m[48;2;255;255;255m▀[0m[38;2;255;255;255m[48;2;233;233;236m▀[0m[38;2;233;233;236m[48;2;255;255;255m▀[0m[38;2;255;255;255m[48;2;233;233;236m▀[0m[38;2;233;233;236m[48;2;255;255;255m▀[0m[38;2;255;255;255m[48;2;233;233;236m▀[0m[38;2;247;247;247m[48;2;247;247;247m▀[0m[38;2;247;247;247m[48;2;0;4;0m▀[0m[38;2;0;4;0m▀
[38;2;0;4;0m[48;2;0;4;0m▀[0m[38;2;66;65;66m[48;2;206;158;140m▀[0m[38;2;66;65;66m[48;2;66;65;66m▀[0m[38;2;255;255;255m[48;2;255;255;255m▀[0m[38;2;189;162;82m[48;2;255;255;255m▀[0m[38;2;255;255;255m[48;2;255;255;255m▀[0m[38;2;255;255;255m[48;2;255;255;255m▀[0m[38;2;132;132;104m[48;2;66;65;66m▀[0m[38;2;66;65;66m[48;2;66;65;66m▀[0m[38;2;255;255;255m[48;2;66;65;66m▀[0m[38;2;66;65;66m[48;2;66;65;66m▀[0m[38;2;189;162;79m[48;2;247;219;107m▀[0m[38;2;247;219;107m[48;2;247;219;107m▀[0m[38;2;255;219;107m[48;2;74;65;66m▀[0m[38;2;74;65;66m[48;2;134;116;79m▀[0m[38;2;168;156;148m[48;2;82;65;57m▀[0m[38;2;255;247;239m[48;2;255;247;239m▀[0m[38;2;247;247;247m[48;2;247;247;247m▀[0m[38;2;247;247;247m[48;2;165;121;90m▀[0m[38;2;165;121;90m[48;2;206;158;135m▀[0m[38;2;206;158;135m[48;2;165;121;90m▀[0m[38;2;247;243;247m[48;2;197;159;142m▀[0m[38;2;247;243;247m[48;2;173;117;90m▀[0m[38;2;233;233;236m[48;2;255;255;255m▀[0m[38;2;255;255;255m[48;2;233;233;236m▀[0m[38;2;233;233;236m[48;2;255;255;255m▀[0m[38;2;255;255;255m[48;2;233;233;236m▀[0m[38;2;247;243;247m[48;2;247;243;247m▀[0m[38;2;0;4;0m[48;2;0;4;0m▀[0m 
 [38;2;0;0;0m[48;2;0;0;0m▀[0m[38;2;247;251;247m[48;2;82;83;82m▀[0m[38;2;255;255;255m[48;2;170;175;172m▀[0m[38;2;255;255;255m[48;2;255;255;255m▀[0m[38;2;255;255;255m[48;2;132;130;107m▀[0m[38;2;255;255;255m[48;2;255;255;255m▀[0m[38;2;74;65;66m[48;2;222;199;181m▀[0m[38;2;172;154;142m[48;2;74;65;66m▀[0m[38;2;66;65;66m[48;2;66;65;66m▀[0m[38;2;66;65;66m[48;2;192;162;76m▀[0m[38;2;247;215;99m[48;2;186;165;85m▀[0m[38;2;186;165;85m[48;2;66;65;57m▀[0m[38;2;66;65;66m[48;2;160;111;61m▀[0m[38;2;160;111;61m[48;2;160;111;61m▀[0m[38;2;66;65;66m[48;2;66;65;66m▀[0m[38;2;206;154;123m[48;2;159;124;104m▀[0m[38;2;181;121;90m[48;2;200;159;139m▀[0m[38;2;200;159;139m[48;2;239;235;239m▀[0m[38;2;233;233;236m[48;2;255;255;255m▀[0m[38;2;255;255;255m[48;2;233;233;236m▀[0m[38;2;247;243;247m[48;2;247;243;247m▀[0m[38;2;197;159;142m[48;2;173;117;90m▀[0m[38;2;173;117;90m[48;2;197;159;142m▀[0m[38;2;247;243;247m[48;2;247;243;247m▀[0m[38;2;233;233;236m[48;2;255;255;255m▀[0m[38;2;255;255;255m[48;2;233;233;236m▀[0m[38;2;0;4;0m[48;2;0;4;0m▀[0m  
 [38;2;0;4;0m▀[38;2;94;73;74m[48;2;0;4;0m▀[0m[38;2;66;65;66m[48;2;94;75;74m▀[0m[38;2;66;65;66m[48;2;94;75;74m▀[0m[38;2;198;195;189m[48;2;66;65;66m▀[0m[38;2;198;195;189m[48;2;66;65;66m▀[0m[38;2;198;195;189m[48;2;66;65;66m▀[0m[38;2;198;195;189m[48;2;66;65;66m▀[0m[38;2;198;154;74m[48;2;66;65;66m▀[0m[38;2;66;65;66m[48;2;154;124;71m▀[0m[38;2;66;65;66m[48;2;160;111;61m▀[0m[38;2;160;111;61m[48;2;160;111;61m▀[0m[38;2;160;111;61m[48;2;66;65;66m▀[0m[38;2;66;65;66m[48;2;66;65;66m▀[0m[38;2;165;121;90m[48;2;206;158;135m▀[0m[38;2;206;158;135m[48;2;165;121;90m▀[0m[38;2;173;117;90m[48;2;200;161;145m▀[0m[38;2;255;251;255m[48;2;173;117;90m▀[0m[38;2;247;243;247m[48;2;197;159;142m▀[0m[38;2;247;243;247m[48;2;173;117;90m▀[0m[38;2;165;121;90m[48;2;206;158;135m▀[0m[38;2;206;158;135m[48;2;165;121;90m▀[0m[38;2;165;121;90m[48;2;247;247;247m▀[0m[38;2;247;247;247m[48;2;247;247;247m▀[0m[38;2;247;243;247m[48;2;247;243;247m▀[0m[38;2;0;4;0m[48;2;0;4;0m▀[0m   
  [38;2;0;4;0m▄[38;2;0;8;8m[48;2;99;77;82m▀[0m[38;2;66;54;57m[48;2;99;77;82m▀[0m[38;2;160;111;61m[48;2;66;65;66m▀[0m[38;2;160;111;61m[48;2;160;111;61m▀[0m[38;2;154;120;71m[48;2;66;60;66m▀[0m[38;2;154;120;71m[48;2;198;150;74m▀[0m[38;2;154;120;71m[48;2;198;150;74m▀[0m[38;2;154;120;71m[48;2;66;60;66m▀[0m[38;2;134;116;79m[48;2;74;65;66m▀[0m[38;2;74;65;66m[48;2;255;219;107m▀[0m[38;2;94;75;74m[48;2;66;65;66m▀[0m[38;2;94;75;74m[48;2;94;75;74m▀[0m[38;2;71;66;57m[48;2;142;112;90m▀[0m[38;2;214;158;123m[48;2;71;66;57m▀[0m[38;2;247;243;247m[48;2;66;65;66m▀[0m[38;2;247;243;247m[48;2;66;65;66m▀[0m[38;2;173;117;90m[48;2;255;251;255m▀[0m[38;2;200;161;145m[48;2;173;117;90m▀[0m[38;2;239;243;239m[48;2;206;158;136m▀[0m[38;2;239;243;239m[48;2;239;243;239m▀[0m[38;2;247;243;247m[48;2;0;4;0m▀[0m[38;2;247;243;247m[48;2;0;4;0m▀[0m[38;2;0;4;0m▀    
  [38;2;0;4;0m▀[38;2;99;81;82m[48;2;0;8;0m▀[0m[38;2;0;8;0m[48;2;66;56;54m▀[0m[38;2;66;65;66m[48;2;160;111;61m▀[0m[38;2;160;111;61m[48;2;66;65;66m▀[0m[38;2;79;71;49m[48;2;0;0;16m▀[0m[38;2;239;215;115m[48;2;79;71;49m▀[0m[38;2;66;65;66m[48;2;214;203;165m▀[0m[38;2;214;203;165m[48;2;214;203;165m▀[0m[38;2;247;215;115m[48;2;0;4;8m▀[0m[38;2;82;74;43m[48;2;0;4;8m▀[0m[38;2;0;8;8m[48;2;77;60;41m▀[0m[38;2;154;113;74m[48;2;0;8;8m▀[0m[38;2;159;111;63m[48;2;159;111;63m▀[0m[38;2;159;111;63m[48;2;159;111;63m▀[0m[38;2;156;113;66m[48;2;78;60;41m▀[0m[38;2;156;113;66m[48;2;0;8;16m▀[0m[38;2;0;4;0m▀[38;2;0;4;0m▀[38;2;0;4;0m▀[38;2;0;4;0m▀       
[38;2;0;4;0m▄[38;2;0;5;0m[48;2;0;5;0m▀[0m[38;2;0;5;0m[48;2;0;5;0m▀[0m[38;2;0;4;0m▀[38;2;66;64;66m[48;2;0;4;0m▀[0m[38;2;156;109;66m[48;2;0;4;0m▀[0m[38;2;0;4;0m▀ [38;2;0;4;0m▀[38;2;66;64;66m[48;2;0;4;0m▀[0m[38;2;0;4;0m▀  [38;2;0;4;0m[48;2;0;4;0m▀[0m [38;2;0;4;0m▀[38;2;0;4;0m[48;2;0;4;0m▀[0m[38;2;0;4;0m[48;2;0;4;0m▀[0m[38;2;0;4;0m▄           
         [38;2;0;5;0m[48;2;0;5;0m▀[0m[38;2;0;5;0m[48;2;0;5;0m▀[0m [38;2;0;4;0m▄[38;2;0;4;0m[48;2;0;4;0m▀[0m                
          [38;2;0;4;0m▀ [38;2;0;4;0m[48;2;0;4;0m▀[0m[38;2;0;4;0m▀                
[0m
