          [38;2;0;0;0m▄[38;2;0;0;0m[48;2;197;93;106m▀[0m[38;2;0;0;0m▄     [38;2;0;0;0m▄[38;2;0;0;0m▄       
         [38;2;0;0;0m▄[38;2;0;0;0m[48;2;197;93;106m▀[0m[38;2;197;93;106m[48;2;197;93;106m▀[0m[38;2;0;0;0m[48;2;0;0;0m▀[0m   [38;2;0;0;0m▄[38;2;0;0;0m[48;2;255;121;139m▀[0m[38;2;255;121;139m[48;2;255;121;139m▀[0m[38;2;255;121;139m[48;2;255;121;139m▀[0m[38;2;0;0;0m[48;2;0;0;0m▀[0m      
         [38;2;0;0;0m[48;2;0;0;0m▀[0m[38;2;197;141;139m[48;2;98;70;69m▀[0m[38;2;205;137;148m[48;2;205;137;148m▀[0m[38;2;0;0;0m[48;2;0;0;0m▀[0m  [38;2;0;0;0m[48;2;0;0;0m▀[0m[38;2;255;206;222m[48;2;255;206;222m▀[0m[38;2;255;206;222m[48;2;255;206;222m▀[0m[38;2;254;122;139m[48;2;255;206;222m▀[0m[38;2;255;121;139m[48;2;0;0;0m▀[0m[38;2;0;0;0m▀      
        [38;2;0;0;0m[48;2;0;0;0m▀[0m[38;2;86;141;123m[48;2;86;141;123m▀[0m[38;2;65;64;65m[48;2;65;64;65m▀[0m[38;2;0;0;0m[48;2;0;0;0m▀[0m [38;2;0;0;0m▄[38;2;0;0;0m[48;2;131;202;164m▀[0m[38;2;131;202;164m[48;2;131;202;164m▀[0m[38;2;82;78;71m[48;2;82;78;71m▀[0m[38;2;255;206;222m[48;2;255;206;222m▀[0m[38;2;65;64;65m[48;2;255;206;222m▀[0m[38;2;246;206;222m[48;2;82;68;74m▀[0m[38;2;0;0;0m[48;2;0;0;0m▀[0m      
       [38;2;0;0;0m[48;2;0;0;0m▀[0m[38;2;87;140;120m[48;2;87;140;120m▀[0m[38;2;74;68;65m[48;2;74;68;65m▀[0m[38;2;74;68;65m[48;2;255;206;222m▀[0m[38;2;84;70;74m[48;2;255;210;222m▀[0m[38;2;0;0;0m[48;2;84;70;74m▀[0m[38;2;65;64;65m[48;2;131;202;164m▀[0m[38;2;131;202;164m[48;2;131;202;164m▀[0m[38;2;156;159;152m[48;2;74;89;74m▀[0m[38;2;74;89;74m[48;2;238;230;230m▀[0m[38;2;255;206;222m[48;2;0;0;0m▀[0m[38;2;0;0;0m▀[38;2;0;0;0m▀       
 [38;2;0;0;0m▄[38;2;0;0;0m▄[38;2;0;0;0m▄[38;2;0;0;0m▄[38;2;0;0;0m[48;2;205;137;148m▀[0m[38;2;0;0;0m[48;2;205;137;148m▀[0m[38;2;82;79;68m[48;2;82;79;68m▀[0m[38;2;82;79;68m[48;2;82;79;68m▀[0m[38;2;131;202;164m[48;2;131;202;164m▀[0m[38;2;82;78;71m[48;2;82;78;71m▀[0m[38;2;255;206;222m[48;2;255;206;222m▀[0m[38;2;82;80;65m[48;2;255;206;222m▀[0m[38;2;156;159;152m[48;2;74;89;74m▀[0m[38;2;74;89;74m[48;2;238;230;230m▀[0m[38;2;254;207;224m[48;2;254;207;224m▀[0m[38;2;254;207;224m[48;2;254;207;224m▀[0m[38;2;255;206;222m[48;2;255;206;222m▀[0m[38;2;0;0;0m[48;2;0;0;0m▀[0m  [38;2;0;0;0m▄[38;2;0;0;0m▄[38;2;0;0;0m[48;2;197;194;189m▀[0m[38;2;0;0;0m[48;2;197;194;189m▀[0m[38;2;0;0;0m[48;2;0;0;0m▀[0m 
[38;2;0;0;0m[48;2;0;0;0m▀[0m[38;2;200;194;189m[48;2;200;194;189m▀[0m[38;2;200;194;189m[48;2;200;194;189m▀[0m[38;2;205;136;145m[48;2;205;136;145m▀[0m[38;2;205;136;145m[48;2;205;136;145m▀[0m[38;2;205;137;148m[48;2;205;137;148m▀[0m[38;2;74;72;65m[48;2;74;72;65m▀[0m[38;2;172;93;82m[48;2;213;141;148m▀[0m[38;2;255;190;213m[48;2;255;190;213m▀[0m[38;2;82;80;65m[48;2;255;206;222m▀[0m[38;2;255;206;222m[48;2;255;206;222m▀[0m[38;2;254;207;224m[48;2;254;207;224m▀[0m[38;2;254;207;224m[48;2;254;207;224m▀[0m[38;2;255;206;222m[48;2;145;114;106m▀[0m[38;2;255;206;222m[48;2;90;68;49m▀[0m[38;2;152;99;82m[48;2;255;121;139m▀[0m[38;2;152;99;82m[48;2;255;121;139m▀[0m[38;2;255;206;222m[48;2;82;80;65m▀[0m[38;2;255;206;222m[48;2;255;206;222m▀[0m[38;2;8;0;0m[48;2;255;206;213m▀[0m[38;2;8;0;0m[48;2;131;103;106m▀[0m[38;2;150;121;120m[48;2;79;60;60m▀[0m[38;2;222;182;180m[48;2;79;60;60m▀[0m[38;2;197;194;189m[48;2;197;194;189m▀[0m[38;2;197;194;189m[48;2;0;0;0m▀[0m[38;2;0;0;0m▀ 
 [38;2;0;0;0m▀[38;2;197;194;189m[48;2;0;0;0m▀[0m[38;2;205;165;164m[48;2;0;0;0m▀[0m[38;2;205;165;164m[48;2;0;0;0m▀[0m[38;2;0;0;0m▀[38;2;0;0;0m▀[38;2;175;159;169m[48;2;16;0;0m▀[0m[38;2;175;159;169m[48;2;255;238;255m▀[0m[38;2;255;206;222m[48;2;208;168;191m▀[0m[38;2;255;206;222m[48;2;208;168;191m▀[0m[38;2;246;206;230m[48;2;216;171;180m▀[0m[38;2;156;101;82m[48;2;156;101;82m▀[0m[38;2;255;121;139m[48;2;255;121;139m▀[0m[38;2;0;0;0m[48;2;0;0;0m▀[0m[38;2;255;206;222m[48;2;254;122;139m▀[0m[38;2;254;122;139m[48;2;254;122;139m▀[0m[38;2;90;72;65m[48;2;200;151;159m▀[0m[38;2;255;190;205m[48;2;90;72;65m▀[0m[38;2;254;207;224m[48;2;254;207;224m▀[0m[38;2;254;207;224m[48;2;254;207;224m▀[0m[38;2;254;207;224m[48;2;254;207;224m▀[0m[38;2;254;207;224m[48;2;255;255;255m▀[0m[38;2;84;84;84m[48;2;255;255;255m▀[0m[38;2;0;0;0m[48;2;255;255;255m▀[0m[38;2;0;0;0m▄ 
     [38;2;0;0;0m▄[38;2;0;0;0m[48;2;255;121;139m▀[0m[38;2;65;64;65m[48;2;255;121;139m▀[0m[38;2;65;64;65m[48;2;255;121;139m▀[0m[38;2;255;255;255m[48;2;82;76;65m▀[0m[38;2;255;255;255m[48;2;197;195;191m▀[0m[38;2;255;255;255m[48;2;191;191;191m▀[0m[38;2;255;255;255m[48;2;65;64;65m▀[0m[38;2;148;109;106m[48;2;65;60;57m▀[0m[38;2;230;157;156m[48;2;230;157;156m▀[0m[38;2;238;145;156m[48;2;238;145;156m▀[0m[38;2;238;145;156m[48;2;84;78;68m▀[0m[38;2;222;178;180m[48;2;90;72;65m▀[0m[38;2;90;72;65m[48;2;156;125;123m▀[0m[38;2;74;56;57m[48;2;164;125;131m▀[0m[38;2;255;194;205m[48;2;74;56;57m▀[0m[38;2;255;255;255m[48;2;65;64;65m▀[0m[38;2;255;255;255m[48;2;255;255;255m▀[0m[38;2;255;255;255m[48;2;255;255;255m▀[0m[38;2;255;255;255m[48;2;0;0;0m▀[0m[38;2;0;0;0m[48;2;0;0;0m▀[0m 
   [38;2;0;0;0m▄[38;2;0;0;0m[48;2;255;121;139m▀[0m[38;2;254;124;139m[48;2;254;124;139m▀[0m[38;2;254;124;139m[48;2;254;124;139m▀[0m[38;2;254;124;139m[48;2;254;124;139m▀[0m[38;2;254;124;139m[48;2;254;124;139m▀[0m[38;2;255;255;255m[48;2;255;255;255m▀[0m[38;2;82;80;65m[48;2;82;80;65m▀[0m[38;2;65;64;65m[48;2;65;64;65m▀[0m[38;2;197;93;106m[48;2;197;93;106m▀[0m[38;2;191;99;109m[48;2;255;117;131m▀[0m[38;2;65;64;65m[48;2;65;64;65m▀[0m[38;2;82;78;68m[48;2;197;194;189m▀[0m[38;2;82;78;68m[48;2;82;78;68m▀[0m[38;2;197;95;104m[48;2;197;95;104m▀[0m[38;2;197;95;104m[48;2;197;95;104m▀[0m[38;2;197;93;106m[48;2;197;93;106m▀[0m[38;2;197;93;106m[48;2;0;0;0m▀[0m[38;2;0;0;0m▀[38;2;0;0;0m▀[38;2;0;0;0m▀   
  [38;2;0;0;0m▄[38;2;0;0;0m[48;2;255;121;139m▀[0m[38;2;255;121;139m[48;2;255;121;139m▀[0m[38;2;254;124;139m[48;2;254;124;139m▀[0m[38;2;254;124;139m[48;2;254;124;139m▀[0m[38;2;197;163;172m[48;2;255;218;230m▀[0m[38;2;255;218;230m[48;2;82;52;57m▀[0m[38;2;65;64;65m[48;2;197;194;189m▀[0m[38;2;65;64;65m[48;2;65;64;65m▀[0m[38;2;197;94;104m[48;2;255;121;139m▀[0m[38;2;255;121;139m[48;2;255;121;139m▀[0m[38;2;254;124;139m[48;2;254;124;139m▀[0m[38;2;254;124;139m[48;2;254;124;139m▀[0m[38;2;65;64;65m[48;2;65;64;65m▀[0m[38;2;197;194;189m[48;2;197;194;189m▀[0m[38;2;82;79;68m[48;2;82;79;68m▀[0m[38;2;197;93;106m[48;2;82;79;68m▀[0m[38;2;0;0;0m[48;2;82;78;69m▀[0m[38;2;0;0;0m▄[38;2;0;0;0m▄     
  [38;2;0;0;0m[48;2;0;0;0m▀[0m[38;2;254;124;139m[48;2;254;124;139m▀[0m[38;2;254;124;139m[48;2;254;124;139m▀[0m[38;2;254;124;139m[48;2;254;124;139m▀[0m[38;2;254;124;139m[48;2;254;124;139m▀[0m[38;2;255;255;255m[48;2;74;68;65m▀[0m[38;2;74;68;65m[48;2;74;68;65m▀[0m[38;2;68;70;65m[48;2;205;137;148m▀[0m[38;2;68;70;65m[48;2;68;70;65m▀[0m[38;2;254;124;139m[48;2;254;124;139m▀[0m[38;2;254;124;139m[48;2;254;124;139m▀[0m[38;2;254;124;139m[48;2;254;124;139m▀[0m[38;2;254;124;139m[48;2;254;124;139m▀[0m[38;2;71;70;68m[48;2;71;70;68m▀[0m[38;2;197;194;189m[48;2;71;70;68m▀[0m[38;2;90;72;65m[48;2;213;190;189m▀[0m[38;2;213;190;189m[48;2;172;151;148m▀[0m[38;2;197;149;156m[48;2;197;149;156m▀[0m[38;2;82;68;57m[48;2;255;190;205m▀[0m[38;2;189;109;115m[48;2;94;62;61m▀[0m[38;2;0;16;8m[48;2;94;62;61m▀[0m[38;2;0;0;0m▄   
   [38;2;0;0;0m[48;2;0;0;0m▀[0m[38;2;255;121;139m[48;2;255;121;139m▀[0m[38;2;255;121;139m[48;2;255;121;139m▀[0m[38;2;254;210;216m[48;2;255;255;255m▀[0m[38;2;71;68;68m[48;2;71;68;68m▀[0m[38;2;71;68;68m[48;2;197;93;106m▀[0m[38;2;71;68;68m[48;2;71;68;68m▀[0m[38;2;71;68;68m[48;2;197;93;106m▀[0m[38;2;255;121;139m[48;2;65;64;65m▀[0m[38;2;255;121;139m[48;2;255;121;139m▀[0m[38;2;255;121;139m[48;2;255;121;139m▀[0m[38;2;255;121;139m[48;2;65;64;65m▀[0m[38;2;74;72;65m[48;2;74;72;65m▀[0m[38;2;255;121;139m[48;2;255;121;139m▀[0m[38;2;90;72;65m[48;2;255;190;205m▀[0m[38;2;90;72;65m[48;2;200;151;159m▀[0m[38;2;255;206;222m[48;2;82;80;65m▀[0m[38;2;255;206;222m[48;2;82;80;65m▀[0m[38;2;255;206;222m[48;2;82;80;65m▀[0m[38;2;255;206;222m[48;2;82;80;65m▀[0m[38;2;98;56;57m[48;2;197;101;106m▀[0m[38;2;0;12;8m[48;2;197;101;106m▀[0m[38;2;0;0;0m▄ 
    [38;2;0;0;0m[48;2;0;0;0m▀[0m[38;2;134;134;120m[48;2;164;174;148m▀[0m[38;2;74;56;65m[48;2;74;56;65m▀[0m[38;2;197;93;106m[48;2;197;93;106m▀[0m[38;2;197;93;106m[48;2;65;64;65m▀[0m[38;2;65;64;65m[48;2;65;64;65m▀[0m[38;2;197;93;106m[48;2;197;93;106m▀[0m[38;2;65;64;65m[48;2;65;64;65m▀[0m[38;2;255;117;131m[48;2;191;99;109m▀[0m[38;2;230;165;156m[48;2;172;136;128m▀[0m[38;2;57;76;74m[48;2;57;76;74m▀[0m[38;2;98;64;57m[48;2;202;143;156m▀[0m[38;2;202;143;156m[48;2;255;182;205m▀[0m[38;2;255;206;222m[48;2;254;122;139m▀[0m[38;2;254;122;139m[48;2;255;206;222m▀[0m[38;2;82;76;65m[48;2;255;117;131m▀[0m[38;2;197;103;109m[48;2;82;76;65m▀[0m[38;2;197;95;104m[48;2;197;95;104m▀[0m[38;2;197;95;104m[48;2;197;95;104m▀[0m[38;2;197;94;106m[48;2;197;94;106m▀[0m[38;2;197;194;189m[48;2;197;194;189m▀[0m[38;2;0;0;0m[48;2;197;194;189m▀[0m[38;2;0;0;0m▄
    [38;2;0;0;0m▀[38;2;131;202;164m[48;2;0;0;0m▀[0m[38;2;0;0;0m▀[38;2;0;0;0m▀[38;2;65;64;65m[48;2;0;0;0m▀[0m[38;2;205;121;131m[48;2;205;121;131m▀[0m[38;2;205;121;131m[48;2;41;109;74m▀[0m[38;2;205;137;148m[48;2;57;80;65m▀[0m[38;2;57;80;65m[48;2;57;80;65m▀[0m[38;2;131;202;164m[48;2;131;202;164m▀[0m[38;2;49;67;60m[48;2;8;0;8m▀[0m[38;2;254;122;139m[48;2;254;122;139m▀[0m[38;2;255;206;222m[48;2;255;206;222m▀[0m[38;2;254;122;139m[48;2;254;122;139m▀[0m[38;2;255;206;222m[48;2;255;206;222m▀[0m[38;2;255;125;139m[48;2;255;125;139m▀[0m[38;2;84;52;52m[48;2;0;16;8m▀[0m[38;2;0;0;0m▀[38;2;0;0;0m▀[38;2;197;194;189m[48;2;0;0;0m▀[0m[38;2;197;194;189m[48;2;0;0;0m▀[0m[38;2;197;194;189m[48;2;0;0;0m▀[0m[38;2;0;0;0m[48;2;0;0;0m▀[0m
        [38;2;0;0;0m▀[38;2;54;99;82m[48;2;0;0;0m▀[0m[38;2;82;149;123m[48;2;0;0;0m▀[0m[38;2;82;149;123m[48;2;0;0;0m▀[0m[38;2;54;99;82m[48;2;0;0;0m▀[0m[38;2;0;0;0m▀ [38;2;0;0;0m[48;2;0;0;0m▀[0m[38;2;87;137;115m[48;2;131;206;172m▀[0m[38;2;82;149;123m[48;2;139;172;156m▀[0m[38;2;255;218;222m[48;2;82;149;123m▀[0m[38;2;255;121;139m[48;2;255;121;139m▀[0m[38;2;0;0;0m[48;2;0;0;0m▀[0m      
                [38;2;0;0;0m▀[38;2;0;0;0m▀[38;2;0;0;0m▀[38;2;0;0;0m▀       
[0m
