                  [38;2;0;0;0m▄[38;2;0;0;0m▄[38;2;0;0;0m[48;2;246;234;74m▀[0m[38;2;0;0;24m▄ [38;2;0;0;0m▄[38;2;0;0;0m▄[38;2;0;0;0m[48;2;255;238;65m▀[0m[38;2;0;0;0m[48;2;255;137;82m▀[0m[38;2;0;0;0m[48;2;0;0;0m▀[0m           
               [38;2;0;0;0m▄[38;2;0;0;0m▄[38;2;0;0;0m[48;2;255;238;65m▀[0m[38;2;255;238;65m[48;2;255;238;65m▀[0m[38;2;255;238;65m[48;2;65;64;65m▀[0m[38;2;82;78;41m[48;2;82;52;74m▀[0m[38;2;82;78;41m[48;2;255;226;65m▀[0m[38;2;0;0;0m[48;2;255;170;74m▀[0m[38;2;255;238;65m[48;2;255;170;74m▀[0m[38;2;255;238;65m[48;2;0;0;0m▀[0m[38;2;0;0;0m▀[38;2;0;0;0m[48;2;0;0;0m▀[0m[38;2;0;0;0m▄[38;2;0;0;0m▄[38;2;0;0;0m▄[38;2;0;0;0m▄        
             [38;2;0;0;0m▄[38;2;0;0;0m[48;2;255;238;65m▀[0m[38;2;255;238;65m[48;2;255;135;86m▀[0m[38;2;255;238;65m[48;2;255;135;86m▀[0m[38;2;255;238;65m[48;2;255;238;65m▀[0m[38;2;65;64;65m[48;2;255;238;65m▀[0m[38;2;255;238;65m[48;2;255;238;65m▀[0m[38;2;255;226;65m[48;2;254;136;84m▀[0m[38;2;197;168;68m[48;2;254;136;84m▀[0m[38;2;255;170;74m[48;2;255;137;82m▀[0m[38;2;65;64;65m[48;2;255;137;82m▀[0m[38;2;65;64;65m[48;2;159;90;63m▀[0m[38;2;0;0;0m[48;2;159;90;63m▀[0m[38;2;159;89;60m[48;2;159;89;60m▀[0m[38;2;159;89;60m[48;2;159;89;60m▀[0m[38;2;159;89;60m[48;2;0;0;0m▀[0m[38;2;159;89;60m[48;2;0;0;0m▀[0m[38;2;156;89;65m[48;2;0;0;0m▀[0m[38;2;0;0;0m▀       
             [38;2;0;0;0m▀[38;2;255;135;86m[48;2;0;0;0m▀[0m[38;2;255;135;86m[48;2;255;137;82m▀[0m[38;2;255;238;65m[48;2;254;136;84m▀[0m[38;2;255;238;65m[48;2;254;136;84m▀[0m[38;2;255;135;86m[48;2;254;136;84m▀[0m[38;2;255;135;86m[48;2;254;136;84m▀[0m[38;2;254;136;84m[48;2;254;136;84m▀[0m[38;2;254;136;84m[48;2;254;136;84m▀[0m[38;2;255;137;82m[48;2;246;137;90m▀[0m[38;2;160;91;61m[48;2;164;91;60m▀[0m[38;2;159;90;63m[48;2;0;0;0m▀[0m[38;2;159;90;63m[48;2;0;0;0m▀[0m[38;2;0;0;0m▀[38;2;0;0;0m▀           
              [38;2;0;0;0m▀[38;2;255;137;82m[48;2;0;0;0m▀[0m[38;2;254;136;84m[48;2;254;136;84m▀[0m[38;2;254;136;84m[48;2;254;136;84m▀[0m[38;2;254;136;84m[48;2;254;136;84m▀[0m[38;2;254;136;84m[48;2;254;136;84m▀[0m[38;2;254;136;84m[48;2;255;137;82m▀[0m[38;2;254;136;84m[48;2;0;0;0m▀[0m[38;2;0;0;0m▀[38;2;0;0;0m▀               
               [38;2;0;0;0m[48;2;0;0;0m▀[0m[38;2;254;136;84m[48;2;255;137;82m▀[0m[38;2;254;136;84m[48;2;255;137;82m▀[0m[38;2;254;136;84m[48;2;254;136;84m▀[0m[38;2;254;136;84m[48;2;254;136;84m▀[0m[38;2;255;137;82m[48;2;255;137;82m▀[0m[38;2;255;137;82m[48;2;0;0;0m▀[0m[38;2;0;0;0m▀                
  [38;2;0;0;0m▄[38;2;0;0;0m▄     [38;2;0;0;0m▄[38;2;0;0;16m▄[38;2;0;0;0m[48;2;148;134;60m▀[0m[38;2;0;0;0m[48;2;148;134;60m▀[0m[38;2;0;0;16m▄  [38;2;0;0;0m[48;2;0;0;0m▀[0m[38;2;255;137;82m[48;2;255;137;82m▀[0m[38;2;254;136;84m[48;2;254;136;84m▀[0m[38;2;254;136;84m[48;2;254;136;84m▀[0m[38;2;255;137;82m[48;2;255;137;82m▀[0m[38;2;255;137;82m[48;2;0;0;0m▀[0m[38;2;0;0;0m▀    [38;2;0;0;0m▄[38;2;0;0;0m▄          
 [38;2;0;0;0m[48;2;0;0;0m▀[0m[38;2;169;159;54m[48;2;191;161;79m▀[0m[38;2;255;238;82m[48;2;191;161;79m▀[0m[38;2;0;0;0m[48;2;255;238;90m▀[0m[38;2;8;0;8m▄ [38;2;0;0;0m▄[38;2;0;0;0m[48;2;200;187;142m▀[0m[38;2;255;238;65m[48;2;172;153;98m▀[0m[38;2;74;67;38m[48;2;156;136;126m▀[0m[38;2;148;134;60m[48;2;74;68;65m▀[0m[38;2;148;134;60m[48;2;65;72;65m▀[0m[38;2;74;67;38m[48;2;246;149;74m▀[0m[38;2;0;0;0m[48;2;255;137;82m▀[0m[38;2;0;0;0m▄[38;2;0;0;0m[48;2;254;136;84m▀[0m[38;2;255;137;82m[48;2;254;136;84m▀[0m[38;2;254;136;84m[48;2;255;137;82m▀[0m[38;2;254;136;84m[48;2;82;80;65m▀[0m[38;2;255;137;82m[48;2;84;84;84m▀[0m[38;2;255;137;82m[48;2;0;0;0m▀[0m[38;2;0;0;0m▀  [38;2;0;0;0m▄[38;2;0;0;0m[48;2;254;238;63m▀[0m[38;2;255;238;65m[48;2;254;238;63m▀[0m[38;2;255;238;65m[48;2;254;238;63m▀[0m[38;2;0;0;0m[48;2;254;238;63m▀[0m[38;2;0;0;0m▄   [38;2;8;4;8m▄[38;2;0;0;0m[48;2;131;123;37m▀[0m[38;2;0;0;0m[48;2;148;134;54m▀[0m[38;2;0;0;0m▄ 
[38;2;0;0;0m[48;2;0;4;0m▀[0m[38;2;148;137;57m[48;2;197;174;82m▀[0m[38;2;148;137;57m[48;2;191;161;79m▀[0m[38;2;191;161;79m[48;2;148;137;57m▀[0m[38;2;172;159;63m[48;2;148;137;57m▀[0m[38;2;172;159;63m[48;2;191;161;79m▀[0m[38;2;0;0;0m[48;2;82;80;65m▀[0m[38;2;82;78;69m[48;2;255;238;65m▀[0m[38;2;172;153;98m[48;2;145;136;128m▀[0m[38;2;255;255;230m[48;2;255;255;255m▀[0m[38;2;74;68;65m[48;2;65;64;65m▀[0m[38;2;74;68;65m[48;2;143;135;53m▀[0m[38;2;156;111;69m[48;2;134;129;63m▀[0m[38;2;65;72;65m[48;2;74;72;65m▀[0m[38;2;255;137;82m[48;2;65;97;98m▀[0m[38;2;255;137;82m[48;2;255;137;82m▀[0m[38;2;254;136;84m[48;2;255;137;82m▀[0m[38;2;254;136;84m[48;2;255;137;82m▀[0m[38;2;82;80;65m[48;2;74;72;65m▀[0m[38;2;82;80;65m[48;2;255;255;255m▀[0m[38;2;255;255;255m[48;2;71;161;175m▀[0m[38;2;255;255;255m[48;2;65;64;65m▀[0m[38;2;0;0;0m[48;2;255;238;82m▀[0m[38;2;0;0;24m▄[38;2;0;0;0m[48;2;172;153;98m▀[0m[38;2;255;238;65m[48;2;200;187;142m▀[0m[38;2;254;238;63m[48;2;254;238;63m▀[0m[38;2;254;238;63m[48;2;254;238;63m▀[0m[38;2;254;238;63m[48;2;254;238;63m▀[0m[38;2;254;238;63m[48;2;254;238;63m▀[0m[38;2;0;0;0m[48;2;255;238;74m▀[0m[38;2;8;0;8m▄[38;2;0;0;0m[48;2;255;238;65m▀[0m[38;2;0;0;0m[48;2;255;238;65m▀[0m[38;2;255;242;65m[48;2;255;238;65m▀[0m[38;2;255;242;65m[48;2;145;136;54m▀[0m[38;2;148;134;54m[48;2;145;136;54m▀[0m[38;2;0;0;0m[48;2;145;136;54m▀[0m[38;2;0;0;0m▄
[38;2;0;4;0m[48;2;0;0;0m▀[0m[38;2;131;117;54m[48;2;189;161;82m▀[0m[38;2;191;161;79m[48;2;139;121;54m▀[0m[38;2;191;161;79m[48;2;139;121;54m▀[0m[38;2;191;161;79m[48;2;191;161;76m▀[0m[38;2;191;161;79m[48;2;82;80;65m▀[0m[38;2;82;80;65m[48;2;255;238;65m▀[0m[38;2;255;238;65m[48;2;156;135;127m▀[0m[38;2;145;136;128m[48;2;255;255;255m▀[0m[38;2;90;76;65m[48;2;82;80;65m▀[0m[38;2;65;64;65m[48;2;65;64;65m▀[0m[38;2;143;135;53m[48;2;143;135;53m▀[0m[38;2;74;72;65m[48;2;74;68;65m▀[0m[38;2;255;242;57m[48;2;255;238;65m▀[0m[38;2;65;97;98m[48;2;112;130;90m▀[0m[38;2;65;97;98m[48;2;49;72;90m▀[0m[38;2;255;137;82m[48;2;255;137;82m▀[0m[38;2;82;80;65m[48;2;82;80;65m▀[0m[38;2;255;255;255m[48;2;142;167;169m▀[0m[38;2;74;72;65m[48;2;0;0;0m▀[0m[38;2;71;161;175m[48;2;112;130;90m▀[0m[38;2;65;64;65m[48;2;49;72;90m▀[0m[38;2;169;159;63m[48;2;246;234;74m▀[0m[38;2;84;79;43m[48;2;82;78;41m▀[0m[38;2;255;255;230m[48;2;255;255;230m▀[0m[38;2;172;153;98m[48;2;172;153;98m▀[0m[38;2;254;238;63m[48;2;254;238;63m▀[0m[38;2;254;238;63m[48;2;254;238;63m▀[0m[38;2;254;238;63m[48;2;145;136;54m▀[0m[38;2;254;238;63m[48;2;255;238;65m▀[0m[38;2;255;238;74m[48;2;255;238;65m▀[0m[38;2;172;159;52m[48;2;189;161;79m▀[0m[38;2;255;238;65m[48;2;255;238;65m▀[0m[38;2;145;136;54m[48;2;255;238;65m▀[0m[38;2;145;136;54m[48;2;255;238;65m▀[0m[38;2;255;238;65m[48;2;255;238;65m▀[0m[38;2;255;238;65m[48;2;145;136;54m▀[0m[38;2;145;136;54m[48;2;145;136;54m▀[0m[38;2;0;0;0m[48;2;0;0;0m▀[0m
 [38;2;0;0;0m▀[38;2;8;8;0m▀[38;2;205;178;82m[48;2;0;0;0m▀[0m[38;2;191;161;76m[48;2;0;0;0m▀[0m[38;2;82;80;65m[48;2;65;64;65m▀[0m[38;2;255;238;65m[48;2;255;238;65m▀[0m[38;2;156;135;127m[48;2;255;238;65m▀[0m[38;2;255;255;255m[48;2;139;136;128m▀[0m[38;2;82;80;65m[48;2;82;76;65m▀[0m[38;2;65;64;65m[48;2;65;64;65m▀[0m[38;2;143;135;53m[48;2;143;135;53m▀[0m[38;2;74;68;65m[48;2;143;135;53m▀[0m[38;2;74;68;65m[48;2;65;64;65m▀[0m[38;2;238;246;90m[48;2;74;68;65m▀[0m[38;2;49;72;90m[48;2;255;137;82m▀[0m[38;2;255;137;82m[48;2;255;137;82m▀[0m[38;2;82;80;65m[48;2;255;137;82m▀[0m[38;2;71;83;84m[48;2;74;68;65m▀[0m[38;2;213;250;255m[48;2;74;68;65m▀[0m[38;2;49;72;90m[48;2;71;70;65m▀[0m[38;2;238;246;90m[48;2;0;0;0m▀[0m[38;2;0;0;24m▀[38;2;82;78;41m[48;2;0;0;0m▀[0m[38;2;172;153;98m[48;2;255;255;255m▀[0m[38;2;200;187;142m[48;2;156;135;127m▀[0m[38;2;254;238;63m[48;2;255;238;65m▀[0m[38;2;254;238;63m[48;2;145;136;54m▀[0m[38;2;145;136;54m[48;2;255;137;82m▀[0m[38;2;145;136;54m[48;2;145;137;54m▀[0m[38;2;255;238;65m[48;2;156;135;127m▀[0m[38;2;255;238;65m[48;2;255;238;65m▀[0m[38;2;189;161;79m[48;2;191;175;71m▀[0m[38;2;255;238;65m[48;2;255;230;74m▀[0m[38;2;145;136;54m[48;2;255;238;65m▀[0m[38;2;145;136;54m[48;2;255;238;65m▀[0m[38;2;255;238;65m[48;2;65;64;65m▀[0m[38;2;145;136;54m[48;2;0;0;0m▀[0m[38;2;0;0;0m▀
     [38;2;0;0;0m[48;2;0;0;0m▀[0m[38;2;255;238;65m[48;2;255;238;57m▀[0m[38;2;156;135;127m[48;2;156;133;115m▀[0m[38;2;255;255;255m[48;2;255;255;255m▀[0m[38;2;82;76;65m[48;2;90;76;65m▀[0m[38;2;65;64;65m[48;2;65;60;65m▀[0m[38;2;143;135;53m[48;2;139;133;57m▀[0m[38;2;143;135;53m[48;2;65;64;65m▀[0m[38;2;143;135;53m[48;2;65;64;65m▀[0m[38;2;74;68;65m[48;2;255;238;65m▀[0m[38;2;74;68;65m[48;2;74;72;65m▀[0m[38;2;65;64;65m[48;2;74;72;65m▀[0m[38;2;255;137;82m[48;2;74;72;65m▀[0m[38;2;255;137;82m[48;2;74;72;65m▀[0m[38;2;74;68;65m[48;2;74;72;65m▀[0m[38;2;71;70;65m[48;2;65;64;65m▀[0m[38;2;71;70;65m[48;2;255;238;65m▀[0m[38;2;0;0;0m[48;2;74;68;65m▀[0m[38;2;255;255;255m[48;2;134;130;128m▀[0m[38;2;255;255;255m[48;2;156;135;127m▀[0m[38;2;156;135;127m[48;2;255;238;65m▀[0m[38;2;255;238;65m[48;2;255;238;65m▀[0m[38;2;145;136;54m[48;2;148;135;78m▀[0m[38;2;255;137;82m[48;2;255;137;82m▀[0m[38;2;145;137;54m[48;2;156;137;127m▀[0m[38;2;255;238;65m[48;2;255;238;65m▀[0m[38;2;156;135;127m[48;2;152;135;90m▀[0m[38;2;65;64;65m[48;2;189;161;82m▀[0m[38;2;65;64;65m[48;2;0;0;0m▀[0m[38;2;0;0;0m▀[38;2;0;0;0m▀[38;2;0;0;0m▀  
     [38;2;0;0;0m▀[38;2;189;168;95m[48;2;0;0;0m▀[0m[38;2;255;238;57m[48;2;189;161;82m▀[0m[38;2;145;136;128m[48;2;255;238;82m▀[0m[38;2;255;255;255m[48;2;139;133;82m▀[0m[38;2;90;84;63m[48;2;82;78;68m▀[0m[38;2;65;60;65m[48;2;82;78;68m▀[0m[38;2;82;78;68m[48;2;65;64;65m▀[0m[38;2;82;78;68m[48;2;143;135;53m▀[0m[38;2;255;238;65m[48;2;65;64;65m▀[0m[38;2;74;72;65m[48;2;143;135;53m▀[0m[38;2;255;255;255m[48;2;74;72;65m▀[0m[38;2;74;72;65m[48;2;74;72;65m▀[0m[38;2;74;72;65m[48;2;82;80;65m▀[0m[38;2;255;255;255m[48;2;82;80;65m▀[0m[38;2;65;64;65m[48;2;74;68;65m▀[0m[38;2;255;238;65m[48;2;189;160;76m▀[0m[38;2;74;68;65m[48;2;82;72;65m▀[0m[38;2;255;255;255m[48;2;255;255;255m▀[0m[38;2;156;135;127m[48;2;156;135;127m▀[0m[38;2;255;238;65m[48;2;255;238;65m▀[0m[38;2;148;135;78m[48;2;148;137;57m▀[0m[38;2;148;135;78m[48;2;255;255;255m▀[0m[38;2;156;137;127m[48;2;156;133;90m▀[0m[38;2;156;137;127m[48;2;255;238;65m▀[0m[38;2;255;238;65m[48;2;145;136;54m▀[0m[38;2;152;135;90m[48;2;189;161;82m▀[0m[38;2;189;161;82m[48;2;189;161;82m▀[0m[38;2;0;0;0m[48;2;0;0;0m▀[0m     
      [38;2;0;0;0m▀[38;2;189;161;82m[48;2;0;0;0m▀[0m[38;2;82;80;82m[48;2;131;76;49m▀[0m[38;2;82;80;82m[48;2;255;255;246m▀[0m[38;2;82;78;68m[48;2;82;78;68m▀[0m[38;2;65;64;65m[48;2;65;64;65m▀[0m[38;2;143;135;53m[48;2;142;134;68m▀[0m[38;2;143;135;53m[48;2;71;67;38m▀[0m[38;2;65;64;65m[48;2;255;137;82m▀[0m[38;2;65;64;65m[48;2;255;137;82m▀[0m[38;2;255;137;82m[48;2;255;137;82m▀[0m[38;2;255;137;82m[48;2;255;137;82m▀[0m[38;2;255;137;82m[48;2;255;137;82m▀[0m[38;2;82;80;65m[48;2;255;137;82m▀[0m[38;2;74;68;65m[48;2;255;137;82m▀[0m[38;2;74;68;65m[48;2;82;80;65m▀[0m[38;2;82;72;65m[48;2;74;68;65m▀[0m[38;2;139;133;128m[48;2;74;68;65m▀[0m[38;2;255;238;65m[48;2;90;80;57m▀[0m[38;2;255;238;65m[48;2;145;138;117m▀[0m[38;2;148;137;57m[48;2;191;161;79m▀[0m[38;2;255;255;255m[48;2;148;137;57m▀[0m[38;2;156;133;90m[48;2;191;161;79m▀[0m[38;2;189;168;82m[48;2;148;137;57m▀[0m[38;2;145;136;54m[48;2;189;161;82m▀[0m[38;2;189;161;82m[48;2;189;161;82m▀[0m[38;2;0;0;0m[48;2;0;0;0m▀[0m      
       [38;2;0;0;0m[48;2;0;0;0m▀[0m[38;2;172;136;115m[48;2;176;157;143m▀[0m[38;2;255;255;246m[48;2;255;242;230m▀[0m[38;2;82;78;68m[48;2;74;71;68m▀[0m[38;2;65;64;65m[48;2;0;0;0m▀[0m[38;2;0;0;8m▀[38;2;0;0;8m▀[38;2;65;64;65m[48;2;0;20;24m▀[0m[38;2;255;137;82m[48;2;84;62;49m▀[0m[38;2;160;91;61m[48;2;254;136;84m▀[0m[38;2;255;137;82m[48;2;254;136;84m▀[0m[38;2;160;91;61m[48;2;156;89;65m▀[0m[38;2;255;137;82m[48;2;82;78;69m▀[0m[38;2;255;137;82m[48;2;255;137;82m▀[0m[38;2;255;137;82m[48;2;255;137;82m▀[0m[38;2;74;68;65m[48;2;82;60;49m▀[0m[38;2;255;137;82m[48;2;168;153;139m▀[0m[38;2;255;255;238m[48;2;255;255;255m▀[0m[38;2;90;80;57m[48;2;82;80;65m▀[0m[38;2;191;161;79m[48;2;90;78;53m▀[0m[38;2;191;161;79m[48;2;180;157;90m▀[0m[38;2;191;161;79m[48;2;0;0;0m▀[0m[38;2;191;161;79m[48;2;0;0;0m▀[0m[38;2;189;161;82m[48;2;0;0;0m▀[0m[38;2;0;0;0m▀       
       [38;2;0;0;0m▀[38;2;98;72;57m[48;2;0;0;0m▀[0m[38;2;98;72;57m[48;2;82;79;68m▀[0m[38;2;74;71;68m[48;2;0;0;0m▀[0m[38;2;0;0;0m▀ [38;2;0;0;0m[48;2;0;0;0m▀[0m[38;2;255;145;98m[48;2;156;93;65m▀[0m[38;2;84;62;49m[48;2;104;63;46m▀[0m[38;2;254;136;84m[48;2;255;137;90m▀[0m[38;2;254;136;84m[48;2;169;91;60m▀[0m[38;2;82;78;69m[48;2;82;80;65m▀[0m[38;2;156;89;65m[48;2;160;91;61m▀[0m[38;2;65;64;65m[48;2;65;64;65m▀[0m[38;2;255;137;82m[48;2;255;133;82m▀[0m[38;2;82;60;49m[48;2;160;89;61m▀[0m[38;2;255;246;230m[48;2;65;64;65m▀[0m[38;2;82;80;65m[48;2;82;79;68m▀[0m[38;2;82;80;65m[48;2;82;79;68m▀[0m[38;2;90;78;53m[48;2;0;0;0m▀[0m[38;2;0;0;16m▀           
        [38;2;0;0;0m[48;2;0;0;0m▀[0m[38;2;82;79;68m[48;2;82;78;69m▀[0m[38;2;0;0;0m[48;2;0;0;0m▀[0m [38;2;0;0;0m[48;2;0;0;0m▀[0m[38;2;255;137;82m[48;2;156;89;65m▀[0m[38;2;156;93;65m[48;2;0;0;0m▀[0m[38;2;0;4;8m▀[38;2;255;137;90m[48;2;0;0;0m▀[0m[38;2;0;0;0m▀[38;2;160;91;61m[48;2;0;0;0m▀[0m[38;2;160;91;61m[48;2;159;89;60m▀[0m[38;2;160;99;74m[48;2;160;89;61m▀[0m[38;2;65;64;65m[48;2;65;64;65m▀[0m[38;2;160;89;61m[48;2;160;89;61m▀[0m[38;2;65;64;65m[48;2;65;64;65m▀[0m[38;2;82;79;68m[48;2;82;78;69m▀[0m[38;2;0;0;0m[48;2;0;0;0m▀[0m             
         [38;2;0;0;0m▀   [38;2;0;0;0m▀    [38;2;0;0;0m▀[38;2;159;89;60m[48;2;0;0;0m▀[0m[38;2;160;89;61m[48;2;159;89;60m▀[0m[38;2;160;89;61m[48;2;159;89;60m▀[0m[38;2;65;64;65m[48;2;159;89;60m▀[0m[38;2;160;89;61m[48;2;0;0;0m▀[0m[38;2;0;0;0m▀              
                    [38;2;0;0;0m▀[38;2;159;89;60m[48;2;0;0;0m▀[0m[38;2;159;89;60m[48;2;0;0;0m▀[0m[38;2;0;0;0m▀               
[0m
