       [38;2;0;0;0m▄[38;2;0;0;0m▄[38;2;0;0;0m[48;2;148;132;82m▀[0m[38;2;0;0;0m[48;2;148;132;82m▀[0m[38;2;0;0;0m[48;2;148;132;82m▀[0m[38;2;0;0;0m[48;2;148;132;82m▀[0m[38;2;0;4;0m[48;2;156;142;90m▀[0m[38;2;0;4;0m[48;2;104;96;60m▀[0m[38;2;0;0;0m[48;2;115;107;66m▀[0m[38;2;0;0;0m▄[38;2;0;0;0m▄                 
    [38;2;0;0;0m▄[38;2;0;0;0m[48;2;94;87;82m▀[0m[38;2;0;0;0m[48;2;94;87;82m▀[0m[38;2;148;134;82m[48;2;94;87;82m▀[0m[38;2;148;134;82m[48;2;94;87;82m▀[0m[38;2;148;132;82m[48;2;148;132;82m▀[0m[38;2;148;132;82m[48;2;115;109;66m▀[0m[38;2;148;132;82m[48;2;115;109;66m▀[0m[38;2;115;109;66m[48;2;115;109;66m▀[0m[38;2;115;108;66m[48;2;115;108;66m▀[0m[38;2;115;108;66m[48;2;115;108;66m▀[0m[38;2;115;109;66m[48;2;115;109;66m▀[0m[38;2;69;62;57m[48;2;69;62;57m▀[0m[38;2;74;60;49m[48;2;74;60;49m▀[0m[38;2;0;4;8m[48;2;148;117;90m▀[0m[38;2;0;0;0m[48;2;148;113;82m▀[0m[38;2;0;0;0m▄              
  [38;2;0;0;0m▄[38;2;0;4;8m[48;2;74;60;49m▀[0m[38;2;148;117;90m[48;2;74;60;49m▀[0m[38;2;94;87;82m[48;2;115;109;66m▀[0m[38;2;94;87;82m[48;2;115;109;66m▀[0m[38;2;71;63;57m[48;2;71;63;57m▀[0m[38;2;71;63;57m[48;2;71;63;57m▀[0m[38;2;69;62;57m[48;2;69;62;57m▀[0m[38;2;115;109;66m[48;2;69;62;57m▀[0m[38;2;115;108;66m[48;2;115;108;66m▀[0m[38;2;115;108;66m[48;2;115;108;66m▀[0m[38;2;115;109;66m[48;2;115;109;66m▀[0m[38;2;115;109;66m[48;2;69;62;57m▀[0m[38;2;115;109;66m[48;2;69;62;57m▀[0m[38;2;69;62;57m[48;2;69;62;57m▀[0m[38;2;71;61;60m[48;2;71;61;60m▀[0m[38;2;148;113;82m[48;2;148;113;82m▀[0m[38;2;148;115;82m[48;2;148;115;82m▀[0m[38;2;148;115;82m[48;2;148;115;82m▀[0m[38;2;0;0;0m[48;2;148;113;82m▀[0m[38;2;0;0;0m▄[38;2;0;0;0m▄[38;2;0;0;0m▄          
 [38;2;0;0;0m▄[38;2;0;0;0m[48;2;57;48;41m▀[0m[38;2;66;65;57m[48;2;82;79;60m▀[0m[38;2;115;109;66m[48;2;82;79;60m▀[0m[38;2;115;109;66m[48;2;79;80;55m▀[0m[38;2;79;80;55m[48;2;79;80;55m▀[0m[38;2;79;79;55m[48;2;66;65;66m▀[0m[38;2;79;79;55m[48;2;66;65;66m▀[0m[38;2;57;48;41m[48;2;65;65;65m▀[0m[38;2;57;48;41m[48;2;65;65;65m▀[0m[38;2;69;64;61m[48;2;69;64;61m▀[0m[38;2;115;109;66m[48;2;69;64;61m▀[0m[38;2;115;108;66m[48;2;115;108;66m▀[0m[38;2;115;108;66m[48;2;115;108;66m▀[0m[38;2;69;62;57m[48;2;115;109;66m▀[0m[38;2;69;62;57m[48;2;69;62;57m▀[0m[38;2;71;63;57m[48;2;71;63;57m▀[0m[38;2;71;63;57m[48;2;71;63;57m▀[0m[38;2;148;115;82m[48;2;148;115;82m▀[0m[38;2;148;115;82m[48;2;148;115;82m▀[0m[38;2;148;113;82m[48;2;71;64;60m▀[0m[38;2;71;64;60m[48;2;71;64;60m▀[0m[38;2;70;62;57m[48;2;66;65;66m▀[0m[38;2;70;62;57m[48;2;70;62;57m▀[0m[38;2;0;0;0m[48;2;70;62;57m▀[0m[38;2;0;0;0m▄        
[38;2;0;0;0m▄[38;2;0;0;0m[48;2;49;48;38m▀[0m[38;2;74;73;57m[48;2;74;73;57m▀[0m[38;2;79;79;55m[48;2;79;79;55m▀[0m[38;2;79;79;55m[48;2;66;65;66m▀[0m[38;2;71;69;60m[48;2;71;69;60m▀[0m[38;2;71;69;60m[48;2;148;113;82m▀[0m[38;2;148;113;82m[48;2;231;223;206m▀[0m[38;2;148;113;82m[48;2;231;223;206m▀[0m[38;2;231;223;206m[48;2;148;113;82m▀[0m[38;2;148;113;82m[48;2;148;113;82m▀[0m[38;2;90;77;66m[48;2;231;223;198m▀[0m[38;2;90;77;66m[48;2;184;174;154m▀[0m[38;2;115;108;66m[48;2;65;66;66m▀[0m[38;2;115;108;66m[48;2;115;108;66m▀[0m[38;2;115;108;66m[48;2;115;108;66m▀[0m[38;2;115;108;66m[48;2;115;108;66m▀[0m[38;2;71;63;57m[48;2;71;63;57m▀[0m[38;2;71;63;57m[48;2;71;63;57m▀[0m[38;2;71;63;57m[48;2;71;63;57m▀[0m[38;2;71;63;57m[48;2;71;63;57m▀[0m[38;2;69;62;57m[48;2;115;109;66m▀[0m[38;2;69;62;57m[48;2;115;109;66m▀[0m[38;2;66;65;66m[48;2;66;65;66m▀[0m[38;2;231;223;206m[48;2;231;223;206m▀[0m[38;2;71;61;60m[48;2;71;61;60m▀[0m[38;2;148;113;82m[48;2;148;113;82m▀[0m[38;2;0;0;0m[48;2;0;0;0m▀[0m       
[38;2;0;0;0m[48;2;0;0;0m▀[0m[38;2;77;74;68m[48;2;231;223;206m▀[0m[38;2;231;223;206m[48;2;0;0;0m▀[0m[38;2;77;74;68m[48;2;231;223;206m▀[0m[38;2;231;223;206m[48;2;0;0;0m▀[0m[38;2;231;223;206m[48;2;0;0;0m▀[0m[38;2;77;74;68m[48;2;231;223;206m▀[0m[38;2;134;117;98m[48;2;82;65;49m▀[0m[38;2;134;117;98m[48;2;239;223;198m▀[0m[38;2;231;222;206m[48;2;231;222;206m▀[0m[38;2;231;222;206m[48;2;231;222;206m▀[0m[38;2;231;223;206m[48;2;148;113;82m▀[0m[38;2;231;223;206m[48;2;148;113;82m▀[0m[38;2;115;89;66m[48;2;115;89;66m▀[0m[38;2;66;65;66m[48;2;66;65;66m▀[0m[38;2;115;109;66m[48;2;115;109;66m▀[0m[38;2;115;109;66m[48;2;69;62;57m▀[0m[38;2;71;63;57m[48;2;71;63;57m▀[0m[38;2;71;63;57m[48;2;71;63;57m▀[0m[38;2;69;62;57m[48;2;115;109;66m▀[0m[38;2;115;109;66m[48;2;115;109;66m▀[0m[38;2;115;108;66m[48;2;115;108;66m▀[0m[38;2;115;108;66m[48;2;115;108;66m▀[0m[38;2;115;108;66m[48;2;115;108;66m▀[0m[38;2;65;66;66m[48;2;65;66;66m▀[0m[38;2;74;65;57m[48;2;231;223;206m▀[0m[38;2;74;65;57m[48;2;74;65;57m▀[0m[38;2;148;117;84m[48;2;148;117;84m▀[0m[38;2;0;4;8m[48;2;74;60;46m▀[0m[38;2;0;0;0m▄     
[38;2;0;0;0m[48;2;0;0;0m▀[0m[38;2;231;223;206m[48;2;66;65;66m▀[0m[38;2;66;65;66m[48;2;231;223;206m▀[0m[38;2;231;223;206m[48;2;231;223;206m▀[0m[38;2;66;65;66m[48;2;231;223;206m▀[0m[38;2;66;65;66m[48;2;231;223;206m▀[0m[38;2;231;223;206m[48;2;231;223;206m▀[0m[38;2;66;65;66m[48;2;231;223;206m▀[0m[38;2;231;223;206m[48;2;231;223;206m▀[0m[38;2;161;117;76m[48;2;181;73;82m▀[0m[38;2;161;117;76m[48;2;123;207;66m▀[0m[38;2;123;123;70m[48;2;90;52;66m▀[0m[38;2;123;123;70m[48;2;156;195;74m▀[0m[38;2;96;106;66m[48;2;140;199;66m▀[0m[38;2;74;60;66m[48;2;74;60;66m▀[0m[38;2;71;63;57m[48;2;71;63;57m▀[0m[38;2;71;63;57m[48;2;71;63;57m▀[0m[38;2;69;62;57m[48;2;69;62;57m▀[0m[38;2;115;109;66m[48;2;115;109;66m▀[0m[38;2;115;108;66m[48;2;115;108;66m▀[0m[38;2;115;108;66m[48;2;115;108;66m▀[0m[38;2;115;108;66m[48;2;115;108;66m▀[0m[38;2;115;108;66m[48;2;115;108;66m▀[0m[38;2;115;108;66m[48;2;115;108;66m▀[0m[38;2;65;66;66m[48;2;65;66;66m▀[0m[38;2;231;223;206m[48;2;231;223;206m▀[0m[38;2;74;65;57m[48;2;74;65;57m▀[0m[38;2;66;65;66m[48;2;231;223;206m▀[0m[38;2;66;65;66m[48;2;66;65;66m▀[0m[38;2;148;116;82m[48;2;148;116;82m▀[0m[38;2;0;0;0m[48;2;0;0;0m▀[0m    
[38;2;0;0;0m[48;2;0;0;0m▀[0m[38;2;74;69;66m[48;2;74;69;66m▀[0m[38;2;231;223;206m[48;2;74;69;66m▀[0m[38;2;65;66;65m[48;2;181;174;148m▀[0m[38;2;65;66;65m[48;2;181;174;148m▀[0m[38;2;231;223;198m[48;2;66;65;66m▀[0m[38;2;66;65;66m[48;2;176;170;154m▀[0m[38;2;66;65;66m[48;2;176;170;154m▀[0m[38;2;231;223;198m[48;2;66;65;66m▀[0m[38;2;206;223;198m[48;2;200;173;154m▀[0m[38;2;189;73;66m[48;2;200;173;154m▀[0m[38;2;132;207;66m[48;2;198;73;74m▀[0m[38;2;132;207;66m[48;2;198;73;74m▀[0m[38;2;198;85;74m[48;2;66;77;66m▀[0m[38;2;66;77;66m[48;2;110;79;68m▀[0m[38;2;115;109;66m[48;2;115;109;66m▀[0m[38;2;69;62;57m[48;2;115;109;66m▀[0m[38;2;71;63;57m[48;2;71;63;57m▀[0m[38;2;71;63;57m[48;2;71;63;57m▀[0m[38;2;115;109;66m[48;2;69;62;57m▀[0m[38;2;115;109;66m[48;2;115;109;66m▀[0m[38;2;115;109;66m[48;2;115;109;66m▀[0m[38;2;115;109;66m[48;2;69;62;57m▀[0m[38;2;66;65;66m[48;2;66;65;66m▀[0m[38;2;231;223;198m[48;2;176;170;154m▀[0m[38;2;231;222;206m[48;2;231;222;206m▀[0m[38;2;231;222;206m[48;2;231;222;206m▀[0m[38;2;231;223;206m[48;2;66;65;66m▀[0m[38;2;66;65;66m[48;2;231;223;206m▀[0m[38;2;70;62;57m[48;2;70;62;57m▀[0m[38;2;66;65;66m[48;2;66;65;66m▀[0m[38;2;0;0;0m[48;2;181;174;148m▀[0m[38;2;0;0;0m▄  
[38;2;0;0;0m▀[38;2;79;79;55m[48;2;0;0;0m▀[0m[38;2;79;79;55m[48;2;79;79;55m▀[0m[38;2;66;65;66m[48;2;79;79;55m▀[0m[38;2;66;65;66m[48;2;79;79;55m▀[0m[38;2;181;174;148m[48;2;65;66;65m▀[0m[38;2;181;174;148m[48;2;65;66;65m▀[0m[38;2;181;174;148m[48;2;65;66;65m▀[0m[38;2;181;174;148m[48;2;65;66;65m▀[0m[38;2;65;66;65m[48;2;65;66;65m▀[0m[38;2;181;174;148m[48;2;65;66;65m▀[0m[38;2;65;66;66m[48;2;115;108;66m▀[0m[38;2;65;66;66m[48;2;115;108;66m▀[0m[38;2;115;108;66m[48;2;115;108;66m▀[0m[38;2;115;108;66m[48;2;115;108;66m▀[0m[38;2;115;108;66m[48;2;115;108;66m▀[0m[38;2;115;108;66m[48;2;115;108;66m▀[0m[38;2;115;109;66m[48;2;115;109;66m▀[0m[38;2;69;62;57m[48;2;115;109;66m▀[0m[38;2;71;63;57m[48;2;71;63;57m▀[0m[38;2;71;63;57m[48;2;71;63;57m▀[0m[38;2;70;62;57m[48;2;70;62;57m▀[0m[38;2;70;62;57m[48;2;66;65;66m▀[0m[38;2;71;63;60m[48;2;181;174;148m▀[0m[38;2;71;63;60m[48;2;71;63;60m▀[0m[38;2;181;174;148m[48;2;65;66;60m▀[0m[38;2;181;174;148m[48;2;65;66;60m▀[0m[38;2;66;65;57m[48;2;176;170;156m▀[0m[38;2;231;223;206m[48;2;66;65;57m▀[0m[38;2;181;174;148m[48;2;65;66;65m▀[0m[38;2;65;66;65m[48;2;181;174;148m▀[0m[38;2;181;174;148m[48;2;65;66;60m▀[0m[38;2;65;66;60m[48;2;181;174;148m▀[0m[38;2;0;0;0m[48;2;181;174;148m▀[0m[38;2;0;0;0m▄
 [38;2;0;0;0m▀[38;2;78;81;57m[48;2;0;0;0m▀[0m[38;2;79;79;54m[48;2;79;79;54m▀[0m[38;2;57;48;41m[48;2;57;48;41m▀[0m[38;2;57;48;41m[48;2;57;48;41m▀[0m[38;2;57;48;41m[48;2;79;79;54m▀[0m[38;2;79;80;55m[48;2;79;80;55m▀[0m[38;2;115;109;66m[48;2;79;80;55m▀[0m[38;2;115;109;66m[48;2;79;80;55m▀[0m[38;2;115;109;66m[48;2;115;109;66m▀[0m[38;2;115;108;66m[48;2;115;108;66m▀[0m[38;2;115;108;66m[48;2;115;108;66m▀[0m[38;2;115;108;66m[48;2;115;108;66m▀[0m[38;2;115;108;66m[48;2;115;108;66m▀[0m[38;2;115;108;66m[48;2;115;108;66m▀[0m[38;2;115;108;66m[48;2;115;108;66m▀[0m[38;2;115;108;66m[48;2;115;108;66m▀[0m[38;2;115;108;66m[48;2;115;108;66m▀[0m[38;2;115;108;66m[48;2;115;108;66m▀[0m[38;2;115;108;66m[48;2;115;108;66m▀[0m[38;2;115;109;66m[48;2;65;64;61m▀[0m[38;2;65;64;61m[48;2;65;64;61m▀[0m[38;2;181;170;140m[48;2;74;60;49m▀[0m[38;2;74;60;49m[48;2;109;96;79m▀[0m[38;2;115;89;66m[48;2;65;64;61m▀[0m[38;2;65;64;61m[48;2;65;64;61m▀[0m[38;2;76;59;44m[48;2;115;89;66m▀[0m[38;2;115;89;66m[48;2;0;0;0m▀[0m[38;2;60;60;54m[48;2;0;4;8m▀[0m[38;2;181;174;148m[48;2;0;4;8m▀[0m[38;2;0;0;0m▀[38;2;0;0;0m▀[38;2;0;0;0m▀ 
   [38;2;0;0;0m▀[38;2;78;81;57m[48;2;0;0;0m▀[0m[38;2;57;49;41m[48;2;57;49;41m▀[0m[38;2;57;49;41m[48;2;57;49;41m▀[0m[38;2;57;49;41m[48;2;57;49;41m▀[0m[38;2;57;49;41m[48;2;57;49;41m▀[0m[38;2;79;79;54m[48;2;57;48;41m▀[0m[38;2;57;48;41m[48;2;57;48;41m▀[0m[38;2;76;71;54m[48;2;57;52;49m▀[0m[38;2;115;109;66m[48;2;76;71;54m▀[0m[38;2;115;109;66m[48;2;79;80;55m▀[0m[38;2;115;109;66m[48;2;79;80;55m▀[0m[38;2;115;109;66m[48;2;79;80;55m▀[0m[38;2;115;109;66m[48;2;79;80;55m▀[0m[38;2;115;109;66m[48;2;79;80;55m▀[0m[38;2;115;109;66m[48;2;79;80;55m▀[0m[38;2;71;71;60m[48;2;71;71;60m▀[0m[38;2;71;71;60m[48;2;181;174;148m▀[0m[38;2;181;174;148m[48;2;65;60;54m▀[0m[38;2;65;60;54m[48;2;8;4;8m▀[0m[38;2;107;93;74m[48;2;0;0;0m▀[0m[38;2;71;62;49m[48;2;0;0;0m▀[0m[38;2;0;0;0m▀[38;2;0;0;0m▀[38;2;0;0;0m▀       
     [38;2;0;0;0m▀[38;2;0;0;0m▀[38;2;115;89;66m[48;2;0;0;0m▀[0m[38;2;115;89;66m[48;2;0;0;0m▀[0m[38;2;57;48;41m[48;2;115;88;65m▀[0m[38;2;57;48;41m[48;2;115;88;65m▀[0m[38;2;57;48;41m[48;2;115;89;65m▀[0m[38;2;57;48;41m[48;2;57;48;41m▀[0m[38;2;57;48;41m[48;2;57;48;41m▀[0m[38;2;79;79;54m[48;2;57;48;41m▀[0m[38;2;82;77;57m[48;2;0;0;0m▀[0m[38;2;54;51;38m[48;2;0;0;0m▀[0m[38;2;57;48;41m[48;2;0;0;0m▀[0m[38;2;0;0;0m▀[38;2;0;0;0m▀[38;2;0;0;0m▀[38;2;0;0;0m▀             
         [38;2;0;0;0m▀[38;2;0;0;0m▀[38;2;0;0;0m▀[38;2;0;0;0m▀[38;2;0;0;0m▀[38;2;0;0;0m▀                    
[0m
