     [38;2;0;0;0m[48;2;0;0;0m▀[0m          [38;2;0;0;0m▄                    
    [38;2;0;0;0m[48;2;0;0;0m▀[0m[38;2;247;158;41m[48;2;247;158;41m▀[0m[38;2;0;0;0m[48;2;0;0;0m▀[0m        [38;2;0;0;0m▄[38;2;0;0;0m[48;2;247;158;41m▀[0m[38;2;0;0;0m▄                   
   [38;2;0;0;0m[48;2;0;0;0m▀[0m[38;2;247;158;41m[48;2;255;247;0m▀[0m[38;2;247;158;41m[48;2;255;146;41m▀[0m[38;2;0;0;0m[48;2;8;0;0m▀[0m  [38;2;0;0;0m▄[38;2;0;0;0m▄[38;2;0;0;0m▄[38;2;0;0;0m▄[38;2;0;0;0m[48;2;198;60;49m▀[0m[38;2;0;0;0m[48;2;226;155;28m▀[0m[38;2;0;0;0m[48;2;247;158;41m▀[0m[38;2;247;158;41m[48;2;247;158;41m▀[0m[38;2;0;0;0m[48;2;181;73;57m▀[0m[38;2;0;8;8m▄[38;2;0;0;0m▄                 
   [38;2;0;0;0m[48;2;0;0;0m▀[0m[38;2;255;247;0m[48;2;247;158;41m▀[0m[38;2;255;146;41m[48;2;255;247;0m▀[0m[38;2;172;97;27m[48;2;189;56;41m▀[0m[38;2;0;0;0m[48;2;255;89;66m▀[0m[38;2;0;0;0m[48;2;255;89;66m▀[0m[38;2;255;121;57m[48;2;255;154;49m▀[0m[38;2;255;121;57m[48;2;255;154;49m▀[0m[38;2;255;134;49m[48;2;198;60;49m▀[0m[38;2;170;89;32m[48;2;226;155;28m▀[0m[38;2;226;155;28m[48;2;255;251;8m▀[0m[38;2;255;251;8m[48;2;226;155;28m▀[0m[38;2;247;158;41m[48;2;189;56;41m▀[0m[38;2;189;56;41m[48;2;255;89;66m▀[0m[38;2;120;51;40m[48;2;129;73;66m▀[0m[38;2;120;51;40m[48;2;66;65;66m▀[0m[38;2;66;67;66m[48;2;115;65;57m▀[0m[38;2;0;0;0m[48;2;66;65;66m▀[0m[38;2;0;0;0m▄               
[38;2;0;0;0m▄[38;2;0;0;0m[48;2;247;158;41m▀[0m[38;2;0;0;0m▄ [38;2;0;0;0m[48;2;0;0;0m▀[0m[38;2;255;247;0m[48;2;247;150;41m▀[0m[38;2;189;56;41m[48;2;170;82;46m▀[0m[38;2;247;156;41m[48;2;255;89;66m▀[0m[38;2;247;156;41m[48;2;255;89;66m▀[0m[38;2;227;102;49m[48;2;198;56;41m▀[0m[38;2;200;51;49m[48;2;255;247;8m▀[0m[38;2;255;251;8m[48;2;226;151;24m▀[0m[38;2;226;155;28m[48;2;198;56;41m▀[0m[38;2;226;155;28m[48;2;189;56;41m▀[0m[38;2;198;60;49m[48;2;255;247;0m▀[0m[38;2;255;89;66m[48;2;255;89;66m▀[0m[38;2;255;89;66m[48;2;255;89;66m▀[0m[38;2;255;89;66m[48;2;66;65;66m▀[0m[38;2;66;65;66m[48;2;189;56;41m▀[0m[38;2;115;65;57m[48;2;66;65;66m▀[0m[38;2;115;65;57m[48;2;66;65;66m▀[0m[38;2;66;67;66m[48;2;115;67;57m▀[0m[38;2;0;0;0m[48;2;0;0;0m▀[0m              
[38;2;0;0;0m[48;2;0;0;0m▀[0m[38;2;247;158;41m[48;2;247;186;24m▀[0m[38;2;0;0;0m[48;2;247;186;24m▀[0m[38;2;24;0;8m▄[38;2;0;0;0m[48;2;139;97;16m▀[0m[38;2;132;48;49m[48;2;198;56;41m▀[0m[38;2;247;150;41m[48;2;198;56;41m▀[0m[38;2;189;56;41m[48;2;247;158;41m▀[0m[38;2;189;56;41m[48;2;247;158;41m▀[0m[38;2;226;151;24m[48;2;198;56;41m▀[0m[38;2;198;56;41m[48;2;255;247;8m▀[0m[38;2;198;56;41m[48;2;231;81;57m▀[0m[38;2;255;247;8m[48;2;255;247;0m▀[0m[38;2;255;247;0m[48;2;255;186;24m▀[0m[38;2;255;247;0m[48;2;197;136;43m▀[0m[38;2;255;89;66m[48;2;66;65;66m▀[0m[38;2;66;65;66m[48;2;107;62;57m▀[0m[38;2;107;62;57m[48;2;107;62;57m▀[0m[38;2;66;65;66m[48;2;66;65;66m▀[0m[38;2;189;56;41m[48;2;189;56;41m▀[0m[38;2;107;62;57m[48;2;107;64;57m▀[0m[38;2;0;0;0m[48;2;76;50;46m▀[0m[38;2;0;4;8m▄              
 [38;2;0;0;0m▀[38;2;247;186;24m[48;2;0;0;0m▀[0m[38;2;255;195;24m[48;2;255;247;0m▀[0m[38;2;255;195;24m[48;2;255;247;0m▀[0m[38;2;255;247;8m[48;2;247;158;41m▀[0m[38;2;226;151;24m[48;2;0;0;0m▀[0m[38;2;189;56;41m[48;2;0;0;0m▀[0m[38;2;189;56;41m[48;2;0;0;0m▀[0m[38;2;226;151;24m[48;2;247;186;24m▀[0m[38;2;198;56;41m[48;2;247;186;24m▀[0m[38;2;231;81;57m[48;2;189;56;41m▀[0m[38;2;231;81;57m[48;2;189;56;41m▀[0m[38;2;197;136;43m[48;2;189;56;41m▀[0m[38;2;82;36;82m[48;2;189;56;41m▀[0m[38;2;66;65;66m[48;2;189;56;41m▀[0m[38;2;189;56;41m[48;2;247;158;41m▀[0m[38;2;66;65;66m[48;2;189;57;41m▀[0m[38;2;189;56;41m[48;2;189;57;41m▀[0m[38;2;189;56;41m[48;2;66;67;66m▀[0m[38;2;66;69;66m[48;2;0;0;0m▀[0m[38;2;115;73;66m[48;2;0;0;0m▀[0m[38;2;115;73;66m[48;2;115;67;57m▀[0m[38;2;0;0;0m[48;2;0;0;0m▀[0m  [38;2;0;0;0m▄[38;2;0;0;0m[48;2;247;158;41m▀[0m[38;2;0;0;0m▄    [38;2;0;0;0m▄[38;2;0;0;0m[48;2;247;158;41m▀[0m[38;2;0;0;0m▄ 
   [38;2;0;0;0m▀[38;2;0;0;0m▀[38;2;0;0;0m▀   [38;2;0;0;0m▀[38;2;247;186;24m[48;2;0;0;0m▀[0m[38;2;247;158;41m[48;2;255;247;0m▀[0m[38;2;247;158;41m[48;2;255;247;0m▀[0m[38;2;247;158;41m[48;2;255;251;8m▀[0m[38;2;247;158;41m[48;2;226;155;28m▀[0m[38;2;247;158;41m[48;2;255;130;33m▀[0m[38;2;247;158;41m[48;2;168;85;45m▀[0m[38;2;189;57;41m[48;2;181;73;57m▀[0m[38;2;189;57;41m[48;2;60;37;35m▀[0m[38;2;0;0;0m[48;2;0;0;0m▀[0m  [38;2;0;0;0m▀   [38;2;0;0;0m▀[38;2;247;158;41m[48;2;0;8;33m▀[0m[38;2;247;158;41m[48;2;239;162;57m▀[0m[38;2;0;0;0m[48;2;0;0;0m▀[0m  [38;2;0;0;0m▄[38;2;0;0;0m[48;2;247;158;41m▀[0m[38;2;247;158;41m[48;2;247;158;41m▀[0m[38;2;0;0;0m[48;2;0;0;0m▀[0m 
         [38;2;0;0;0m▄[38;2;0;0;0m[48;2;255;121;57m▀[0m[38;2;198;56;49m[48;2;227;102;49m▀[0m[38;2;226;151;24m[48;2;200;51;49m▀[0m[38;2;226;155;28m[48;2;198;48;49m▀[0m[38;2;198;60;49m[48;2;236;105;54m▀[0m[38;2;168;85;45m[48;2;247;97;74m▀[0m[38;2;82;40;57m[48;2;0;4;8m▀[0m[38;2;0;20;24m▀[38;2;120;55;46m[48;2;0;0;0m▀[0m[38;2;115;67;57m[48;2;115;67;57m▀[0m[38;2;0;0;0m[48;2;0;0;0m▀[0m   [38;2;0;0;0m▄[38;2;0;12;8m▄[38;2;0;0;0m[48;2;247;101;74m▀[0m[38;2;79;59;41m[48;2;255;89;66m▀[0m[38;2;79;59;41m[48;2;255;89;66m▀[0m[38;2;247;158;41m[48;2;66;65;66m▀[0m[38;2;0;0;0m[48;2;66;65;66m▀[0m[38;2;0;0;0m[48;2;247;150;41m▀[0m[38;2;247;158;41m[48;2;66;56;66m▀[0m[38;2;247;158;41m[48;2;0;0;0m▀[0m[38;2;0;0;0m▀[38;2;0;0;0m▄ 
        [38;2;0;0;0m▄[38;2;0;0;0m[48;2;247;156;41m▀[0m[38;2;255;121;57m[48;2;255;247;0m▀[0m[38;2;255;154;49m[48;2;255;247;0m▀[0m[38;2;255;154;49m[48;2;255;247;0m▀[0m[38;2;255;134;57m[48;2;247;156;41m▀[0m[38;2;236;105;54m[48;2;247;156;41m▀[0m[38;2;123;50;41m[48;2;115;65;57m▀[0m[38;2;0;4;8m[48;2;65;65;65m▀[0m[38;2;0;0;0m▄ [38;2;0;0;0m▀[38;2;0;0;0m▀ [38;2;0;0;0m▄[38;2;0;0;0m[48;2;82;40;41m▀[0m[38;2;115;67;57m[48;2;82;40;41m▀[0m[38;2;123;56;41m[48;2;82;40;41m▀[0m[38;2;123;56;41m[48;2;115;65;57m▀[0m[38;2;115;65;57m[48;2;115;66;57m▀[0m[38;2;115;65;57m[48;2;115;66;57m▀[0m[38;2;255;89;66m[48;2;255;89;66m▀[0m[38;2;255;89;66m[48;2;74;56;57m▀[0m[38;2;66;56;66m[48;2;115;73;66m▀[0m[38;2;126;87;57m[48;2;115;73;66m▀[0m[38;2;66;67;66m[48;2;66;65;66m▀[0m[38;2;0;0;0m[48;2;247;158;41m▀[0m[38;2;247;158;41m[48;2;247;158;41m▀[0m[38;2;0;0;0m[48;2;0;0;0m▀[0m
        [38;2;0;0;0m[48;2;0;0;0m▀[0m[38;2;255;247;0m[48;2;249;148;44m▀[0m[38;2;247;156;41m[48;2;255;251;0m▀[0m[38;2;247;156;41m[48;2;255;247;0m▀[0m[38;2;247;156;41m[48;2;255;247;0m▀[0m[38;2;255;247;0m[48;2;247;156;41m▀[0m[38;2;247;156;41m[48;2;255;89;66m▀[0m[38;2;115;65;57m[48;2;115;65;57m▀[0m[38;2;65;65;65m[48;2;66;65;66m▀[0m[38;2;115;67;57m[48;2;115;67;57m▀[0m[38;2;0;0;0m[48;2;0;0;0m▀[0m  [38;2;0;0;0m▄[38;2;0;0;0m[48;2;115;65;57m▀[0m[38;2;115;65;57m[48;2;115;65;57m▀[0m[38;2;115;65;57m[48;2;115;65;57m▀[0m[38;2;115;65;57m[48;2;126;46;35m▀[0m[38;2;82;40;41m[48;2;189;65;49m▀[0m[38;2;189;56;41m[48;2;0;0;0m▀[0m[38;2;189;56;41m[48;2;0;0;0m▀[0m[38;2;74;56;57m[48;2;82;40;41m▀[0m[38;2;74;56;57m[48;2;0;0;0m▀[0m[38;2;0;4;8m▀[38;2;76;50;46m[48;2;0;0;0m▀[0m[38;2;247;158;41m[48;2;0;0;0m▀[0m[38;2;247;158;41m[48;2;0;0;0m▀[0m[38;2;0;0;0m▀ 
        [38;2;0;0;0m▀[38;2;247;97;66m[48;2;0;0;0m▀[0m[38;2;249;148;44m[48;2;255;89;66m▀[0m[38;2;247;156;41m[48;2;255;89;66m▀[0m[38;2;247;156;41m[48;2;255;89;66m▀[0m[38;2;255;89;66m[48;2;255;89;66m▀[0m[38;2;255;89;66m[48;2;255;89;66m▀[0m[38;2;115;65;57m[48;2;247;81;57m▀[0m[38;2;115;65;57m[48;2;82;36;33m▀[0m[38;2;0;0;0m[48;2;115;67;57m▀[0m[38;2;0;0;0m▄[38;2;0;0;0m▄[38;2;0;0;0m[48;2;115;65;57m▀[0m[38;2;115;65;57m[48;2;115;66;57m▀[0m[38;2;76;43;38m[48;2;115;66;57m▀[0m[38;2;82;40;41m[48;2;117;56;49m▀[0m[38;2;115;65;57m[48;2;82;52;49m▀[0m[38;2;189;65;49m[48;2;181;60;49m▀[0m[38;2;0;8;8m[48;2;0;4;0m▀[0m  [38;2;0;0;0m▀[38;2;0;0;0m▀      
         [38;2;0;0;0m▀[38;2;170;59;44m[48;2;0;0;0m▀[0m[38;2;247;156;41m[48;2;255;195;24m▀[0m[38;2;247;156;41m[48;2;255;195;24m▀[0m[38;2;247;156;41m[48;2;255;247;0m▀[0m[38;2;247;156;41m[48;2;255;247;0m▀[0m[38;2;192;66;49m[48;2;247;158;41m▀[0m[38;2;192;66;49m[48;2;189;56;41m▀[0m[38;2;115;67;57m[48;2;189;56;41m▀[0m[38;2;115;67;57m[48;2;115;66;57m▀[0m[38;2;115;65;57m[48;2;115;65;57m▀[0m[38;2;76;43;38m[48;2;115;65;57m▀[0m[38;2;115;66;57m[48;2;82;48;49m▀[0m[38;2;115;66;57m[48;2;117;52;46m▀[0m[38;2;117;56;49m[48;2;189;56;41m▀[0m[38;2;189;65;49m[48;2;0;0;0m▀[0m[38;2;90;32;24m[48;2;0;0;0m▀[0m[38;2;0;4;0m[48;2;82;40;41m▀[0m[38;2;0;0;0m▄         
         [38;2;0;0;0m[48;2;0;0;0m▀[0m[38;2;82;40;41m[48;2;0;0;0m▀[0m[38;2;24;0;8m▀[38;2;139;97;16m[48;2;0;0;0m▀[0m[38;2;247;156;41m[48;2;0;0;0m▀[0m[38;2;247;156;41m[48;2;0;0;0m▀[0m[38;2;189;56;41m[48;2;247;158;41m▀[0m[38;2;189;56;41m[48;2;247;158;41m▀[0m[38;2;189;56;41m[48;2;247;158;57m▀[0m[38;2;189;56;41m[48;2;82;55;29m▀[0m[38;2;65;65;65m[48;2;115;67;57m▀[0m[38;2;65;65;65m[48;2;115;67;57m▀[0m[38;2;189;60;41m[48;2;66;67;66m▀[0m[38;2;189;60;41m[48;2;0;0;0m▀[0m[38;2;0;0;0m▀  [38;2;0;0;0m▀[38;2;0;0;0m▀         
               [38;2;0;0;0m▀[38;2;0;0;0m▀[38;2;0;4;16m▀[38;2;0;4;16m▀[38;2;0;0;0m▀[38;2;115;67;57m[48;2;0;0;0m▀[0m[38;2;0;0;0m[48;2;0;0;0m▀[0m               
[0m
