 [38;2;8;12;8m▄[38;2;0;0;0m[48;2;247;243;247m▀[0m[38;2;0;0;0m[48;2;222;223;222m▀[0m[38;2;0;0;0m▄[38;2;0;0;0m▄                            
[38;2;0;0;0m[48;2;0;0;0m▀[0m[38;2;167;166;167m[48;2;181;180;181m▀[0m[38;2;167;166;167m[48;2;181;180;181m▀[0m[38;2;222;223;222m[48;2;181;181;181m▀[0m[38;2;222;223;222m[48;2;181;181;181m▀[0m[38;2;222;223;222m[48;2;115;107;107m▀[0m[38;2;0;0;0m[48;2;0;0;0m▀[0m                           
[38;2;0;0;0m▀[38;2;181;180;181m[48;2;0;0;0m▀[0m[38;2;115;106;107m[48;2;181;182;181m▀[0m[38;2;181;181;181m[48;2;181;178;173m▀[0m[38;2;181;181;181m[48;2;120;118;115m▀[0m[38;2;115;107;107m[48;2;0;0;0m▀[0m[38;2;0;0;0m▀      [38;2;0;0;0m▄[38;2;0;0;0m[48;2;222;219;222m▀[0m[38;2;0;0;0m[48;2;222;223;222m▀[0m[38;2;0;0;0m[48;2;222;223;222m▀[0m[38;2;0;0;0m[48;2;181;182;181m▀[0m[38;2;0;0;0m▄         [38;2;0;0;0m▄[38;2;0;0;0m▄[38;2;0;0;0m▄[38;2;0;0;0m▄  
 [38;2;0;0;0m▄[38;2;0;0;0m[48;2;115;107;107m▀[0m[38;2;60;59;57m[48;2;115;107;107m▀[0m[38;2;0;0;0m[48;2;66;65;66m▀[0m[38;2;0;0;0m▄     [38;2;0;0;0m▄[38;2;0;0;0m[48;2;115;105;107m▀[0m[38;2;74;73;74m[48;2;140;140;140m▀[0m[38;2;74;73;74m[48;2;140;140;140m▀[0m[38;2;181;181;181m[48;2;66;65;66m▀[0m[38;2;181;181;181m[48;2;66;65;66m▀[0m[38;2;181;182;181m[48;2;66;65;66m▀[0m[38;2;0;0;0m[48;2;66;65;66m▀[0m[38;2;0;0;0m▄       [38;2;0;0;0m[48;2;0;4;0m▀[0m[38;2;115;107;107m[48;2;115;109;107m▀[0m[38;2;115;113;115m[48;2;115;107;107m▀[0m[38;2;76;75;76m[48;2;115;107;107m▀[0m[38;2;82;83;82m[48;2;82;82;82m▀[0m[38;2;0;0;0m[48;2;82;82;82m▀[0m[38;2;0;0;0m▄
 [38;2;0;0;0m▀[38;2;115;107;107m[48;2;0;0;0m▀[0m[38;2;115;107;107m[48;2;120;118;115m▀[0m[38;2;115;107;107m[48;2;60;59;57m▀[0m[38;2;66;67;66m[48;2;181;181;181m▀[0m[38;2;0;0;0m[48;2;140;139;140m▀[0m[38;2;0;4;0m▄[38;2;0;0;0m[48;2;181;182;181m▀[0m[38;2;0;0;0m[48;2;222;223;222m▀[0m[38;2;0;0;0m[48;2;222;223;222m▀[0m[38;2;76;70;71m[48;2;222;227;222m▀[0m[38;2;115;105;107m[48;2;66;69;66m▀[0m[38;2;115;106;107m[48;2;66;65;66m▀[0m[38;2;115;106;107m[48;2;66;65;66m▀[0m[38;2;140;140;140m[48;2;115;108;106m▀[0m[38;2;140;140;140m[48;2;115;108;106m▀[0m[38;2;140;138;140m[48;2;115;109;107m▀[0m[38;2;90;89;90m[48;2;82;79;79m▀[0m[38;2;82;83;82m[48;2;74;73;74m▀[0m[38;2;0;0;0m[48;2;74;73;74m▀[0m[38;2;0;0;0m▄    [38;2;0;0;0m[48;2;0;0;0m▀[0m[38;2;115;109;107m[48;2;115;107;107m▀[0m[38;2;76;74;71m[48;2;115;107;107m▀[0m[38;2;115;107;107m[48;2;115;107;107m▀[0m[38;2;115;107;107m[48;2;115;107;107m▀[0m[38;2;115;108;107m[48;2;82;82;82m▀[0m[38;2;82;82;82m[48;2;82;82;82m▀[0m[38;2;0;0;0m[48;2;0;0;0m▀[0m
   [38;2;0;0;0m▀[38;2;181;178;173m[48;2;0;0;0m▀[0m[38;2;181;181;181m[48;2;181;182;181m▀[0m[38;2;181;181;181m[48;2;60;63;60m▀[0m[38;2;60;63;60m[48;2;140;140;140m▀[0m[38;2;181;182;181m[48;2;115;106;107m▀[0m[38;2;181;181;181m[48;2;181;180;181m▀[0m[38;2;181;181;181m[48;2;255;255;255m▀[0m[38;2;170;174;170m[48;2;181;181;181m▀[0m[38;2;222;227;222m[48;2;181;181;181m▀[0m[38;2;222;223;222m[48;2;181;181;181m▀[0m[38;2;222;223;222m[48;2;181;181;181m▀[0m[38;2;65;66;65m[48;2;181;181;181m▀[0m[38;2;65;66;65m[48;2;222;223;222m▀[0m[38;2;66;65;66m[48;2;222;223;222m▀[0m[38;2;66;65;66m[48;2;222;223;222m▀[0m[38;2;74;73;74m[48;2;222;223;222m▀[0m[38;2;222;223;222m[48;2;150;144;145m▀[0m[38;2;222;223;222m[48;2;140;138;140m▀[0m[38;2;0;0;0m[48;2;140;138;140m▀[0m[38;2;0;0;0m[48;2;181;182;181m▀[0m[38;2;0;4;0m▄[38;2;0;0;0m▄[38;2;0;0;0m[48;2;181;182;181m▀[0m[38;2;66;65;66m[48;2;181;182;181m▀[0m[38;2;115;107;107m[48;2;66;65;66m▀[0m[38;2;82;81;82m[48;2;74;75;74m▀[0m[38;2;115;107;107m[48;2;74;75;74m▀[0m[38;2;82;82;82m[48;2;0;0;0m▀[0m[38;2;0;0;0m▀ 
     [38;2;0;4;0m▀[38;2;60;63;60m[48;2;0;0;0m▀[0m[38;2;115;106;107m[48;2;181;181;181m▀[0m[38;2;140;140;140m[48;2;181;181;181m▀[0m[38;2;181;180;181m[48;2;181;181;181m▀[0m[38;2;255;255;255m[48;2;181;181;181m▀[0m[38;2;181;181;181m[48;2;181;180;181m▀[0m[38;2;181;181;181m[48;2;255;255;255m▀[0m[38;2;181;181;181m[48;2;255;255;255m▀[0m[38;2;181;181;181m[48;2;181;180;181m▀[0m[38;2;181;181;181m[48;2;255;255;255m▀[0m[38;2;181;181;181m[48;2;255;255;255m▀[0m[38;2;181;181;181m[48;2;181;181;181m▀[0m[38;2;181;181;181m[48;2;181;181;181m▀[0m[38;2;115;105;107m[48;2;181;178;181m▀[0m[38;2;115;105;107m[48;2;115;110;115m▀[0m[38;2;112;109;109m[48;2;82;79;79m▀[0m[38;2;84;80;79m[48;2;66;65;66m▀[0m[38;2;60;63;60m[48;2;115;107;107m▀[0m[38;2;60;63;60m[48;2;66;65;66m▀[0m[38;2;181;182;181m[48;2;181;182;181m▀[0m[38;2;181;182;181m[48;2;181;182;181m▀[0m[38;2;181;182;181m[48;2;140;142;140m▀[0m[38;2;142;143;142m[48;2;140;142;140m▀[0m[38;2;0;0;0m[48;2;0;0;0m▀[0m    
     [38;2;0;0;0m▄[38;2;0;0;0m[48;2;120;116;115m▀[0m[38;2;66;65;66m[48;2;140;138;140m▀[0m[38;2;181;181;181m[48;2;66;65;66m▀[0m[38;2;181;181;181m[48;2;66;65;66m▀[0m[38;2;181;181;181m[48;2;66;65;66m▀[0m[38;2;181;180;181m[48;2;115;105;107m▀[0m[38;2;181;180;181m[48;2;115;105;107m▀[0m[38;2;181;180;181m[48;2;126;128;126m▀[0m[38;2;181;180;181m[48;2;189;190;189m▀[0m[38;2;255;255;255m[48;2;181;181;181m▀[0m[38;2;181;180;181m[48;2;181;181;181m▀[0m[38;2;181;181;181m[48;2;181;181;181m▀[0m[38;2;181;181;181m[48;2;181;181;181m▀[0m[38;2;181;178;181m[48;2;140;140;140m▀[0m[38;2;82;77;82m[48;2;140;140;140m▀[0m[38;2;66;65;66m[48;2;66;65;66m▀[0m[38;2;115;109;107m[48;2;90;89;90m▀[0m[38;2;115;107;107m[48;2;115;109;107m▀[0m[38;2;115;107;107m[48;2;82;82;79m▀[0m[38;2;66;65;66m[48;2;82;83;82m▀[0m[38;2;142;143;142m[48;2;0;0;0m▀[0m[38;2;140;142;140m[48;2;0;0;0m▀[0m[38;2;0;0;0m▀     
    [38;2;0;0;0m[48;2;0;0;0m▀[0m[38;2;120;116;115m[48;2;140;139;140m▀[0m[38;2;181;174;173m[48;2;181;181;181m▀[0m[38;2;115;113;115m[48;2;148;143;142m▀[0m[38;2;140;138;140m[48;2;115;105;107m▀[0m[38;2;140;140;140m[48;2;181;181;181m▀[0m[38;2;140;140;140m[48;2;140;139;140m▀[0m[38;2;76;70;71m[48;2;0;0;0m▀[0m[38;2;0;0;0m▀[38;2;0;4;0m▀[38;2;0;4;0m▀[38;2;181;181;181m[48;2;0;0;0m▀[0m[38;2;181;181;181m[48;2;0;0;0m▀[0m[38;2;181;181;181m[48;2;68;69;68m▀[0m[38;2;181;181;181m[48;2;68;69;68m▀[0m[38;2;140;140;140m[48;2;140;140;140m▀[0m[38;2;140;140;140m[48;2;140;140;140m▀[0m[38;2;140;138;140m[48;2;140;140;140m▀[0m[38;2;66;65;66m[48;2;66;65;66m▀[0m[38;2;82;82;79m[48;2;68;69;68m▀[0m[38;2;66;69;66m[48;2;0;0;0m▀[0m[38;2;0;0;0m▀        
    [38;2;0;0;0m[48;2;0;0;0m▀[0m[38;2;181;181;181m[48;2;140;140;140m▀[0m[38;2;181;181;181m[48;2;115;106;107m▀[0m[38;2;181;181;178m[48;2;181;181;181m▀[0m[38;2;181;181;178m[48;2;181;181;181m▀[0m[38;2;181;181;181m[48;2;181;178;181m▀[0m[38;2;140;139;140m[48;2;145;141;142m▀[0m[38;2;0;0;0m[48;2;0;0;0m▀[0m     [38;2;0;0;0m[48;2;0;0;0m▀[0m[38;2;137;138;137m[48;2;181;182;181m▀[0m[38;2;66;65;66m[48;2;181;180;181m▀[0m[38;2;66;65;66m[48;2;181;180;181m▀[0m[38;2;66;65;66m[48;2;181;181;181m▀[0m[38;2;140;140;140m[48;2;140;139;140m▀[0m[38;2;137;138;137m[48;2;140;140;140m▀[0m[38;2;0;0;0m[48;2;140;140;140m▀[0m[38;2;0;0;0m▄        
   [38;2;0;0;0m[48;2;0;0;8m▀[0m[38;2;181;182;181m[48;2;154;124;90m▀[0m[38;2;115;106;107m[48;2;65;66;65m▀[0m[38;2;140;140;140m[48;2;181;182;181m▀[0m[38;2;181;181;181m[48;2;181;182;181m▀[0m[38;2;181;181;181m[48;2;65;66;65m▀[0m[38;2;109;105;104m[48;2;115;107;107m▀[0m[38;2;145;141;142m[48;2;115;107;107m▀[0m[38;2;0;0;0m[48;2;140;142;140m▀[0m[38;2;0;0;0m▄   [38;2;0;0;0m▄[38;2;0;0;0m[48;2;115;106;107m▀[0m[38;2;181;182;181m[48;2;181;180;181m▀[0m[38;2;181;180;181m[48;2;181;181;181m▀[0m[38;2;115;106;107m[48;2;140;139;140m▀[0m[38;2;140;139;140m[48;2;115;106;107m▀[0m[38;2;181;181;181m[48;2;181;180;181m▀[0m[38;2;140;140;140m[48;2;139;140;139m▀[0m[38;2;140;140;140m[48;2;139;140;139m▀[0m[38;2;0;0;0m[48;2;0;0;0m▀[0m        
   [38;2;0;0;8m[48;2;0;0;8m▀[0m[38;2;77;62;49m[48;2;154;124;84m▀[0m[38;2;181;182;181m[48;2;74;69;66m▀[0m[38;2;65;66;65m[48;2;181;182;181m▀[0m[38;2;65;66;65m[48;2;181;182;181m▀[0m[38;2;181;182;181m[48;2;65;66;65m▀[0m[38;2;66;65;66m[48;2;175;179;181m▀[0m[38;2;115;107;107m[48;2;161;148;131m▀[0m[38;2;140;142;140m[48;2;148;138;123m▀[0m[38;2;0;0;0m[48;2;0;0;0m▀[0m   [38;2;0;0;0m[48;2;0;0;0m▀[0m[38;2;181;180;181m[48;2;181;181;178m▀[0m[38;2;181;180;181m[48;2;115;105;107m▀[0m[38;2;181;181;181m[48;2;142;143;142m▀[0m[38;2;181;181;181m[48;2;181;182;181m▀[0m[38;2;181;180;181m[48;2;197;181;159m▀[0m[38;2;181;180;181m[48;2;139;123;104m▀[0m[38;2;181;182;181m[48;2;156;122;82m▀[0m[38;2;139;140;139m[48;2;139;140;140m▀[0m[38;2;0;0;0m[48;2;140;142;140m▀[0m[38;2;0;0;0m▄       
  [38;2;0;0;0m[48;2;0;0;0m▀[0m[38;2;154;124;84m[48;2;156;121;82m▀[0m[38;2;77;62;46m[48;2;156;121;82m▀[0m[38;2;181;182;181m[48;2;66;65;66m▀[0m[38;2;109;106;104m[48;2;181;181;181m▀[0m[38;2;65;66;65m[48;2;194;181;167m▀[0m[38;2;181;182;181m[48;2;74;65;57m▀[0m[38;2;148;117;82m[48;2;181;182;181m▀[0m[38;2;175;179;181m[48;2;156;121;82m▀[0m[38;2;98;92;82m[48;2;115;89;57m▀[0m[38;2;0;0;0m[48;2;0;0;0m▀[0m   [38;2;0;0;0m[48;2;0;0;0m▀[0m[38;2;181;181;178m[48;2;120;106;90m▀[0m[38;2;148;143;142m[48;2;66;69;74m▀[0m[38;2;66;65;66m[48;2;181;182;181m▀[0m[38;2;181;182;181m[48;2;65;66;65m▀[0m[38;2;82;65;49m[48;2;181;182;181m▀[0m[38;2;139;123;104m[48;2;65;66;65m▀[0m[38;2;156;122;82m[48;2;173;178;181m▀[0m[38;2;139;140;140m[48;2;156;148;137m▀[0m[38;2;140;142;140m[48;2;115;89;57m▀[0m[38;2;0;0;0m[48;2;0;0;0m▀[0m       
  [38;2;0;0;0m[48;2;0;0;0m▀[0m[38;2;156;121;82m[48;2;154;124;84m▀[0m[38;2;66;65;66m[48;2;77;62;46m▀[0m[38;2;181;181;181m[48;2;66;65;66m▀[0m[38;2;181;181;181m[48;2;66;65;66m▀[0m[38;2;74;65;57m[48;2;194;181;167m▀[0m[38;2;134;123;112m[48;2;74;65;57m▀[0m[38;2;156;121;82m[48;2;156;122;82m▀[0m[38;2;156;121;82m[48;2;156;122;82m▀[0m[38;2;115;89;57m[48;2;115;89;57m▀[0m[38;2;0;0;0m[48;2;0;0;0m▀[0m   [38;2;0;0;0m[48;2;0;0;0m▀[0m[38;2;120;106;90m[48;2;156;121;82m▀[0m[38;2;148;125;99m[48;2;66;65;66m▀[0m[38;2;65;66;65m[48;2;181;182;181m▀[0m[38;2;181;182;181m[48;2;109;106;104m▀[0m[38;2;65;66;65m[48;2;181;182;181m▀[0m[38;2;181;182;181m[48;2;65;66;65m▀[0m[38;2;139;118;93m[48;2;156;122;82m▀[0m[38;2;123;89;49m[48;2;115;89;57m▀[0m[38;2;115;89;57m[48;2;115;90;57m▀[0m[38;2;0;0;0m[48;2;115;90;57m▀[0m[38;2;0;0;0m▄      
   [38;2;0;0;8m▀[38;2;154;124;84m[48;2;0;0;0m▀[0m[38;2;156;121;82m[48;2;0;0;0m▀[0m[38;2;156;121;82m[48;2;156;121;82m▀[0m[38;2;74;65;57m[48;2;156;121;82m▀[0m[38;2;134;123;112m[48;2;156;121;82m▀[0m[38;2;156;122;82m[48;2;165;125;82m▀[0m[38;2;115;89;57m[48;2;110;83;54m▀[0m[38;2;115;89;57m[48;2;0;0;0m▀[0m[38;2;0;0;0m▀   [38;2;0;0;0m[48;2;0;0;0m▀[0m[38;2;156;121;82m[48;2;156;121;82m▀[0m[38;2;66;65;66m[48;2;156;121;82m▀[0m[38;2;181;182;181m[48;2;65;66;65m▀[0m[38;2;74;69;66m[48;2;181;182;181m▀[0m[38;2;181;182;181m[48;2;74;65;57m▀[0m[38;2;65;66;65m[48;2;134;123;112m▀[0m[38;2;156;122;82m[48;2;156;123;82m▀[0m[38;2;156;122;82m[48;2;156;123;82m▀[0m[38;2;115;90;57m[48;2;115;90;57m▀[0m[38;2;115;90;57m[48;2;115;90;57m▀[0m[38;2;0;0;0m[48;2;0;0;0m▀[0m      
      [38;2;0;0;0m▀[38;2;0;0;0m▀[38;2;0;0;0m▀[38;2;0;0;0m▀[38;2;0;0;0m▀     [38;2;0;0;0m▀[38;2;156;121;82m[48;2;0;0;0m▀[0m[38;2;66;65;66m[48;2;156;121;82m▀[0m[38;2;181;182;181m[48;2;68;64;60m▀[0m[38;2;65;66;65m[48;2;156;121;82m▀[0m[38;2;194;181;167m[48;2;66;65;66m▀[0m[38;2;74;65;57m[48;2;66;65;66m▀[0m[38;2;156;123;82m[48;2;156;122;82m▀[0m[38;2;156;123;82m[48;2;156;122;82m▀[0m[38;2;115;90;57m[48;2;115;89;57m▀[0m[38;2;115;90;57m[48;2;0;0;0m▀[0m[38;2;0;0;0m▀      
                  [38;2;0;0;0m▀[38;2;156;121;82m[48;2;0;0;0m▀[0m[38;2;112;92;71m[48;2;0;0;0m▀[0m[38;2;156;121;82m[48;2;0;0;0m▀[0m[38;2;156;121;82m[48;2;0;0;0m▀[0m[38;2;156;122;82m[48;2;0;0;0m▀[0m[38;2;115;89;57m[48;2;0;0;0m▀[0m[38;2;0;0;0m▀        
[0m
