[38;2;16;16;16;48;2;16;16;16m▀[38;2;41;49;74;48;2;98;98;123m▀[38;2;0;0;0;48;2;41;49;74m▀[38;2;0;0;0;48;2;41;49;74m▀[38;2;0;0;0m▄[0m [0m [0m [0m [0m [0m [0m [0m [0m [0m [0m [0m [0m [0m [0m [0m [0m [0m [0m [0m [38;2;0;0;0m▄[38;2;0;0;0;48;2;41;49;74m▀[38;2;41;49;74;48;2;98;98;123m▀[38;2;16;16;16;48;2;16;16;16m▀[38;2;16;16;16;48;2;16;16;16m▀[38;2;0;0;0;48;2;0;0;0m▀[0m [0m [0m [0m [0m [0m [0m [0m [0m [0m [0m [0m [0m [0m [0m
[38;2;16;16;16;48;2;16;16;16m▀[38;2;98;98;123;48;2;98;98;123m▀[38;2;65;65;82;48;2;65;65;82m▀[38;2;65;65;82;48;2;65;65;82m▀[38;2;16;16;16;48;2;16;16;16m▀[38;2;0;0;0;48;2;0;0;0m▀[0m [0m [0m [0m [0m [0m [0m [0m [0m [0m [0m [0m [0m [0m [0m [0m [0m [0m [38;2;0;0;0;48;2;0;0;0m▀[38;2;16;16;16;48;2;16;16;16m▀[38;2;65;65;82;48;2;65;65;82m▀[38;2;98;98;123;48;2;98;98;123m▀[38;2;16;16;16;48;2;16;16;16m▀[38;2;16;16;16;48;2;16;16;16m▀[38;2;0;0;0;48;2;0;0;0m▀[0m [0m [0m [0m [0m [0m [0m [0m [0m [0m [0m [0m [0m [0m [0m
[38;2;16;16;16;48;2;16;16;16m▀[38;2;98;98;123;48;2;98;98;123m▀[38;2;98;98;123;48;2;98;98;123m▀[38;2;98;98;123;48;2;98;98;123m▀[38;2;65;65;82;48;2;65;65;82m▀[38;2;16;16;16;48;2;65;65;82m▀[38;2;0;0;0;48;2;16;16;16m▀[38;2;0;0;0m▄[0m [0m [0m [0m [0m [0m [0m [0m [0m [0m [0m [0m [0m [38;2;0;0;0m▄[38;2;0;0;0m▄[38;2;0;0;0;48;2;16;16;16m▀[38;2;16;16;16;48;2;65;65;82m▀[38;2;65;65;82;48;2;65;65;82m▀[38;2;98;98;123;48;2;98;98;123m▀[38;2;98;98;123;48;2;98;98;123m▀[38;2;16;16;16;48;2;16;16;16m▀[38;2;16;16;16;48;2;16;16;16m▀[38;2;0;0;0;48;2;0;0;0m▀[0m [0m [0m [0m [0m [0m [0m [0m [0m [0m [0m [0m [0m [0m [0m
[38;2;41;49;74;48;2;0;0;0m▀[38;2;98;98;123;48;2;41;49;74m▀[38;2;98;98;123;48;2;238;213;82m▀[38;2;98;98;123;48;2;238;213;82m▀[38;2;180;148;41;48;2;238;213;82m▀[38;2;180;148;41;48;2;180;148;41m▀[38;2;180;148;41;48;2;180;148;41m▀[38;2;16;16;16;48;2;180;148;41m▀[38;2;0;0;0;48;2;16;16;16m▀[38;2;0;0;0m▄[0m [0m [0m [0m [0m [0m [0m [0m [0m [38;2;0;0;0m▄[38;2;0;0;0;48;2;16;16;16m▀[38;2;16;16;16;48;2;180;148;41m▀[38;2;16;16;16;48;2;180;148;41m▀[38;2;180;148;41;48;2;180;148;41m▀[38;2;180;148;41;48;2;180;148;41m▀[38;2;180;148;41;48;2;238;213;82m▀[38;2;98;98;123;48;2;238;213;82m▀[38;2;98;98;123;48;2;41;49;74m▀[38;2;41;49;74;48;2;16;16;16m▀[38;2;41;49;74;48;2;16;16;16m▀[38;2;0;0;0;48;2;0;0;0m▀[0m [0m [0m [0m [0m [0m [0m [0m [0m [0m [0m [0m [0m [0m [0m
[38;2;0;0;0;48;2;0;0;0m▀[38;2;16;16;16;48;2;16;16;16m▀[38;2;238;213;82;48;2;238;213;82m▀[38;2;238;213;82;48;2;238;213;82m▀[38;2;238;213;82;48;2;238;213;82m▀[38;2;180;148;41;48;2;180;148;41m▀[38;2;65;65;82;48;2;65;65;82m▀[38;2;65;65;82;48;2;65;65;82m▀[38;2;16;16;16;48;2;16;16;16m▀[38;2;0;0;0;48;2;0;0;0m▀[38;2;0;0;0m▄[0m [0m [0m [0m [0m [0m [0m [0m [38;2;0;0;0;48;2;0;0;0m▀[38;2;16;16;16;48;2;16;16;16m▀[38;2;65;65;82;48;2;65;65;82m▀[38;2;65;65;82;48;2;65;65;82m▀[38;2;65;65;82;48;2;65;65;82m▀[38;2;180;148;41;48;2;180;148;41m▀[38;2;238;213;82;48;2;238;213;82m▀[38;2;238;213;82;48;2;238;213;82m▀[38;2;16;16;16;48;2;16;16;16m▀[38;2;0;0;0;48;2;0;0;0m▀[38;2;0;0;0m▀[0m [0m [0m [0m [0m [0m [0m [0m [0m [0m [0m [0m [0m [0m [0m [0m
[38;2;0;0;0m▀[38;2;16;16;16;48;2;0;0;0m▀[38;2;238;213;82;48;2;82;82;0m▀[38;2;238;213;82;48;2;82;82;0m▀[38;2;98;98;123;48;2;65;65;82m▀[38;2;65;65;82;48;2;65;65;82m▀[38;2;65;65;82;48;2;65;65;82m▀[38;2;65;65;82;48;2;41;49;74m▀[38;2;41;49;74;48;2;41;49;74m▀[38;2;16;16;16;48;2;16;16;16m▀[38;2;16;16;16;48;2;16;16;16m▀[38;2;0;0;0;48;2;0;0;0m▀[0m [0m [0m [0m [0m [0m [38;2;0;0;0;48;2;0;0;0m▀[38;2;16;16;16;48;2;16;16;16m▀[38;2;65;65;82;48;2;65;65;82m▀[38;2;65;65;82;48;2;98;98;123m▀[38;2;65;65;82;48;2;98;98;123m▀[38;2;65;65;82;48;2;65;65;82m▀[38;2;65;65;82;48;2;65;65;82m▀[38;2;98;98;123;48;2;65;65;82m▀[38;2;238;213;82;48;2;82;82;0m▀[38;2;16;16;16;48;2;16;16;16m▀[38;2;0;0;0;48;2;0;0;0m▀[0m [0m [0m [0m [0m [0m [0m [0m [0m [0m [0m [0m [0m [0m [0m [0m [0m
[0m [38;2;0;0;0m▀[38;2;82;82;0;48;2;0;0;0m▀[38;2;82;82;0;48;2;0;0;0m▀[38;2;65;65;82;48;2;16;16;16m▀[38;2;65;65;82;48;2;65;65;82m▀[38;2;65;65;82;48;2;41;49;74m▀[38;2;41;49;74;48;2;41;49;74m▀[38;2;41;49;74;48;2;16;16;16m▀[38;2;16;16;16;48;2;41;49;74m▀[38;2;16;16;16;48;2;41;49;74m▀[38;2;0;0;0;48;2;65;65;82m▀[38;2;0;0;0;48;2;65;65;82m▀[38;2;0;0;0;48;2;41;49;74m▀[38;2;0;0;0;48;2;41;49;74m▀[38;2;0;0;0;48;2;41;49;74m▀[38;2;0;0;0;48;2;41;49;74m▀[38;2;0;0;0;48;2;65;65;82m▀[38;2;65;65;82;48;2;16;16;16m▀[38;2;16;16;16;48;2;98;98;123m▀[38;2;98;98;123;48;2;98;98;123m▀[38;2;98;98;123;48;2;98;98;123m▀[38;2;98;98;123;48;2;98;98;123m▀[38;2;98;98;123;48;2;41;49;74m▀[38;2;65;65;82;48;2;65;65;82m▀[38;2;65;65;82;48;2;41;49;74m▀[38;2;82;82;0;48;2;16;16;16m▀[38;2;0;0;0;48;2;0;0;0m▀[0m [0m [0m [0m [0m [0m [0m [0m [0m [0m [0m [0m [0m [0m [0m [0m [0m [0m
[0m [0m [0m [0m [38;2;0;0;0m▀[38;2;16;16;16;48;2;0;0;0m▀[38;2;41;49;74;48;2;16;16;16m▀[38;2;16;16;16;48;2;65;65;82m▀[38;2;65;65;82;48;2;130;130;153m▀[38;2;65;65;82;48;2;98;98;123m▀[38;2;65;65;82;48;2;98;98;123m▀[38;2;98;98;123;48;2;98;98;123m▀[38;2;98;98;123;48;2;98;98;123m▀[38;2;98;98;123;48;2;98;98;123m▀[38;2;98;98;123;48;2;98;98;123m▀[38;2;98;98;123;48;2;98;98;123m▀[38;2;98;98;123;48;2;98;98;123m▀[38;2;41;49;74;48;2;98;98;123m▀[38;2;16;16;16;48;2;16;16;16m▀[38;2;98;98;123;48;2;98;98;123m▀[38;2;98;98;123;48;2;98;98;123m▀[38;2;98;98;123;48;2;41;49;74m▀[38;2;98;98;123;48;2;41;49;74m▀[38;2;41;49;74;48;2;41;49;74m▀[38;2;41;49;74;48;2;16;16;16m▀[38;2;16;16;16;48;2;0;0;0m▀[38;2;0;0;0m▀[0m [0m [0m [0m [0m [0m [0m [0m [0m [0m [0m [0m [0m [0m [0m [0m [0m [0m [0m
[0m [0m [0m [0m [0m [38;2;0;0;0;48;2;0;0;0m▀[38;2;16;16;16;48;2;65;65;82m▀[38;2;65;65;82;48;2;130;130;153m▀[38;2;130;130;153;48;2;130;130;153m▀[38;2;98;98;123;48;2;130;130;153m▀[38;2;98;98;123;48;2;130;130;153m▀[38;2;98;98;123;48;2;238;213;82m▀[38;2;98;98;123;48;2;210;177;65m▀[38;2;98;98;123;48;2;98;98;123m▀[38;2;98;98;123;48;2;98;98;123m▀[38;2;98;98;123;48;2;98;98;123m▀[38;2;98;98;123;48;2;98;98;123m▀[38;2;98;98;123;48;2;41;49;74m▀[38;2;16;16;16;48;2;98;98;123m▀[38;2;98;98;123;48;2;98;98;123m▀[38;2;98;98;123;48;2;41;49;74m▀[38;2;41;49;74;48;2;41;49;74m▀[38;2;41;49;74;48;2;41;49;74m▀[38;2;41;49;74;48;2;16;16;16m▀[38;2;16;16;16;48;2;0;0;0m▀[38;2;0;0;0m▀[0m [0m [0m [0m [0m [0m [0m [0m [0m [0m [0m [0m [0m [0m [0m [0m [0m [0m [0m [0m
[0m [0m [0m [0m [38;2;0;0;0m▄[38;2;0;0;0;48;2;65;65;82m▀[38;2;41;49;74;48;2;98;98;123m▀[38;2;130;130;153;48;2;98;98;123m▀[38;2;130;130;153;48;2;247;226;117m▀[38;2;247;226;117;48;2;98;98;123m▀[38;2;247;226;117;48;2;98;98;123m▀[38;2;98;98;123;48;2;98;98;123m▀[38;2;98;98;123;48;2;98;98;123m▀[38;2;180;148;41;48;2;180;148;41m▀[38;2;98;98;123;48;2;98;98;123m▀[38;2;98;98;123;48;2;65;65;82m▀[38;2;98;98;123;48;2;65;65;82m▀[38;2;98;98;123;48;2;98;98;123m▀[38;2;98;98;123;48;2;98;98;123m▀[38;2;98;98;123;48;2;98;98;123m▀[38;2;98;98;123;48;2;16;16;16m▀[38;2;16;16;16;48;2;41;49;74m▀[38;2;16;16;16;48;2;41;49;74m▀[38;2;41;49;74;48;2;0;0;0m▀[38;2;0;0;0m▀[0m [0m [0m [0m [0m [0m [0m [0m [0m [0m [0m [0m [0m [0m [0m [0m [0m [0m [0m [0m [0m
[0m [0m [0m [0m [38;2;0;0;0;48;2;0;0;0m▀[38;2;65;65;82;48;2;106;32;16m▀[38;2;98;98;123;48;2;65;65;82m▀[38;2;98;98;123;48;2;98;98;123m▀[38;2;238;213;82;48;2;98;98;123m▀[38;2;98;98;123;48;2;210;177;65m▀[38;2;98;98;123;48;2;210;177;65m▀[38;2;98;98;123;48;2;180;148;41m▀[38;2;180;148;41;48;2;98;98;123m▀[38;2;98;98;123;48;2;98;98;123m▀[38;2;65;65;82;48;2;65;65;82m▀[38;2;98;98;123;48;2;98;98;123m▀[38;2;98;98;123;48;2;98;98;123m▀[38;2;98;98;123;48;2;106;32;16m▀[38;2;98;98;123;48;2;106;32;16m▀[38;2;98;98;123;48;2;65;65;82m▀[38;2;65;65;82;48;2;65;65;82m▀[38;2;16;16;16;48;2;16;16;16m▀[38;2;16;16;16;48;2;16;16;16m▀[38;2;0;0;0;48;2;0;0;0m▀[0m [0m [0m [0m [0m [0m [0m [0m [0m [0m [0m [0m [0m [0m [0m [0m [0m [0m [0m [0m [0m [0m
[0m [0m [0m [0m [38;2;0;0;0;48;2;0;0;0m▀[38;2;106;32;16;48;2;172;65;74m▀[38;2;65;65;82;48;2;65;65;82m▀[38;2;98;98;123;48;2;98;98;123m▀[38;2;98;98;123;48;2;98;98;123m▀[38;2;210;177;65;48;2;98;98;123m▀[38;2;210;177;65;48;2;98;98;123m▀[38;2;180;148;41;48;2;98;98;123m▀[38;2;98;98;123;48;2;98;98;123m▀[38;2;98;98;123;48;2;98;98;123m▀[38;2;65;65;82;48;2;98;98;123m▀[38;2;98;98;123;48;2;106;32;16m▀[38;2;98;98;123;48;2;106;32;16m▀[38;2;106;32;16;48;2;106;32;16m▀[38;2;106;32;16;48;2;106;32;16m▀[38;2;65;65;82;48;2;41;49;74m▀[38;2;65;65;82;48;2;65;65;82m▀[38;2;16;16;16;48;2;16;16;16m▀[38;2;16;16;16;48;2;16;16;16m▀[38;2;0;0;0;48;2;0;0;0m▀[0m [0m [0m [0m [0m [0m [0m [0m [0m [0m [0m [0m [0m [0m [0m [0m [0m [0m [0m [0m [0m [0m
[0m [0m [0m [0m [38;2;0;0;0;48;2;0;0;0m▀[38;2;255;255;255;48;2;16;16;16m▀[38;2;98;98;123;48;2;98;98;123m▀[38;2;98;98;123;48;2;98;98;123m▀[38;2;98;98;123;48;2;98;98;123m▀[38;2;98;98;123;48;2;98;98;123m▀[38;2;98;98;123;48;2;98;98;123m▀[38;2;98;98;123;48;2;98;98;123m▀[38;2;98;98;123;48;2;98;98;123m▀[38;2;98;98;123;48;2;98;98;123m▀[38;2;98;98;123;48;2;98;98;123m▀[38;2;255;255;255;48;2;255;255;255m▀[38;2;255;255;255;48;2;255;255;255m▀[38;2;16;16;16;48;2;106;32;16m▀[38;2;172;65;74;48;2;200;103;111m▀[38;2;41;49;74;48;2;41;49;74m▀[38;2;65;65;82;48;2;65;65;82m▀[38;2;16;16;16;48;2;16;16;16m▀[38;2;16;16;16;48;2;16;16;16m▀[38;2;0;0;0;48;2;0;0;0m▀[0m [0m [0m [0m [0m [0m [0m [0m [0m [0m [0m [0m [0m [38;2;0;0;0m▄[38;2;0;0;0;48;2;180;148;41m▀[38;2;0;0;0m▄[0m [0m [0m [0m [0m [0m
[0m [0m [0m [38;2;0;0;0;48;2;0;0;0m▀[38;2;41;49;74;48;2;41;49;74m▀[38;2;106;32;16;48;2;130;130;153m▀[38;2;98;98;123;48;2;130;130;153m▀[38;2;98;98;123;48;2;130;130;153m▀[38;2;98;98;123;48;2;98;98;123m▀[38;2;98;98;123;48;2;98;98;123m▀[38;2;98;98;123;48;2;98;98;123m▀[38;2;98;98;123;48;2;98;98;123m▀[38;2;98;98;123;48;2;98;98;123m▀[38;2;98;98;123;48;2;98;98;123m▀[38;2;98;98;123;48;2;98;98;123m▀[38;2;41;49;74;48;2;98;98;123m▀[38;2;41;49;74;48;2;98;98;123m▀[38;2;172;65;74;48;2;65;65;82m▀[38;2;200;103;111;48;2;65;65;82m▀[38;2;65;65;82;48;2;65;65;82m▀[38;2;65;65;82;48;2;65;65;82m▀[38;2;16;16;16;48;2;16;16;16m▀[38;2;16;16;16;48;2;16;16;16m▀[38;2;0;0;0;48;2;0;0;0m▀[0m [0m [0m [0m [0m [0m [0m [0m [0m [0m [0m [0m [0m [38;2;0;0;0;48;2;0;0;0m▀[38;2;180;148;41;48;2;180;148;41m▀[38;2;255;213;8;48;2;255;213;8m▀[38;2;0;0;0;48;2;0;0;0m▀[0m [0m [0m [0m [0m
[0m [0m [0m [38;2;0;0;0;48;2;0;0;0m▀[38;2;41;49;74;48;2;41;49;74m▀[38;2;130;130;153;48;2;130;130;153m▀[38;2;130;130;153;48;2;65;65;82m▀[38;2;130;130;153;48;2;98;98;123m▀[38;2;98;98;123;48;2;98;98;123m▀[38;2;98;98;123;48;2;65;65;82m▀[38;2;98;98;123;48;2;65;65;82m▀[38;2;98;98;123;48;2;98;98;123m▀[38;2;98;98;123;48;2;98;98;123m▀[38;2;98;98;123;48;2;98;98;123m▀[38;2;98;98;123;48;2;98;98;123m▀[38;2;98;98;123;48;2;65;65;82m▀[38;2;98;98;123;48;2;65;65;82m▀[38;2;65;65;82;48;2;65;65;82m▀[38;2;65;65;82;48;2;65;65;82m▀[38;2;65;65;82;48;2;65;65;82m▀[38;2;65;65;82;48;2;65;65;82m▀[38;2;16;16;16;48;2;16;16;16m▀[38;2;16;16;16;48;2;16;16;16m▀[38;2;0;0;0;48;2;0;0;0m▀[0m [0m [0m [0m [0m [0m [0m [0m [0m [0m [0m [0m [38;2;0;0;0m▄[38;2;0;0;0;48;2;180;148;41m▀[38;2;180;148;41;48;2;246;164;0m▀[38;2;255;213;8;48;2;255;213;8m▀[38;2;0;0;0;48;2;0;0;0m▀[0m [0m [0m [0m [0m
[0m [0m [0m [0m [38;2;0;0;0;48;2;0;0;0m▀[38;2;41;49;74;48;2;16;16;16m▀[38;2;98;98;123;48;2;16;16;16m▀[38;2;65;65;82;48;2;98;98;123m▀[38;2;65;65;82;48;2;98;98;123m▀[38;2;98;98;123;48;2;98;98;123m▀[38;2;98;98;123;48;2;98;98;123m▀[38;2;98;98;123;48;2;98;98;123m▀[38;2;98;98;123;48;2;65;65;82m▀[38;2;98;98;123;48;2;65;65;82m▀[38;2;65;65;82;48;2;16;16;16m▀[38;2;41;49;74;48;2;16;16;16m▀[38;2;41;49;74;48;2;16;16;16m▀[38;2;65;65;82;48;2;41;49;74m▀[38;2;65;65;82;48;2;65;65;82m▀[38;2;65;65;82;48;2;65;65;82m▀[38;2;16;16;16;48;2;16;16;16m▀[38;2;0;0;0;48;2;0;0;0m▀[38;2;0;0;0;48;2;0;0;0m▀[0m [0m [0m [0m [0m [0m [0m [0m [0m [0m [0m [0m [0m [38;2;0;0;0;48;2;0;0;0m▀[38;2;180;148;41;48;2;180;148;41m▀[38;2;255;213;8;48;2;246;164;0m▀[38;2;255;213;8;48;2;255;213;8m▀[38;2;246;164;0;48;2;255;213;8m▀[38;2;0;0;0;48;2;180;148;41m▀[38;2;0;0;0;48;2;180;148;41m▀[38;2;0;0;0m▄[0m [0m
[0m [0m [0m [0m [0m [38;2;0;0;0m▀[38;2;0;0;0;48;2;0;0;0m▀[38;2;16;16;16;48;2;16;16;16m▀[38;2;16;16;16;48;2;65;65;82m▀[38;2;16;16;16;48;2;65;65;82m▀[38;2;16;16;16;48;2;65;65;82m▀[38;2;16;16;16;48;2;65;65;82m▀[38;2;16;16;16;48;2;65;65;82m▀[38;2;16;16;16;48;2;65;65;82m▀[38;2;41;49;74;48;2;65;65;82m▀[38;2;65;65;82;48;2;65;65;82m▀[38;2;65;65;82;48;2;65;65;82m▀[38;2;16;16;16;48;2;65;65;82m▀[38;2;65;65;82;48;2;65;65;82m▀[38;2;65;65;82;48;2;65;65;82m▀[38;2;41;49;74;48;2;98;98;123m▀[38;2;41;49;74;48;2;98;98;123m▀[38;2;41;49;74;48;2;98;98;123m▀[38;2;0;0;0;48;2;41;49;74m▀[38;2;0;0;0m▄[0m [0m [0m [0m [0m [0m [0m [0m [0m [0m [38;2;0;0;0m▄[38;2;0;0;0;48;2;180;148;41m▀[38;2;180;148;41;48;2;180;148;41m▀[38;2;255;213;8;48;2;180;148;41m▀[38;2;180;148;41;48;2;180;148;41m▀[38;2;255;213;8;48;2;255;213;8m▀[38;2;246;164;0;48;2;255;213;8m▀[38;2;246;164;0;48;2;255;213;8m▀[38;2;0;0;0;48;2;180;148;41m▀[38;2;0;0;0m▄[0m
[0m [0m [0m [0m [0m [0m [0m [38;2;0;0;0;48;2;0;0;0m▀[38;2;16;16;16;48;2;16;16;16m▀[38;2;16;16;16;48;2;16;16;16m▀[38;2;16;16;16;48;2;16;16;16m▀[38;2;98;98;123;48;2;98;98;123m▀[38;2;98;98;123;48;2;98;98;123m▀[38;2;65;65;82;48;2;65;65;82m▀[38;2;16;16;16;48;2;16;16;16m▀[38;2;16;16;16;48;2;16;16;16m▀[38;2;16;16;16;48;2;16;16;16m▀[38;2;16;16;16;48;2;16;16;16m▀[38;2;65;65;82;48;2;65;65;82m▀[38;2;65;65;82;48;2;65;65;82m▀[38;2;65;65;82;48;2;65;65;82m▀[38;2;98;98;123;48;2;98;98;123m▀[38;2;98;98;123;48;2;98;98;123m▀[38;2;238;213;82;48;2;238;213;82m▀[38;2;41;49;74;48;2;41;49;74m▀[38;2;0;0;0;48;2;0;0;0m▀[0m [0m [0m [0m [0m [0m [0m [0m [0m [38;2;0;0;0;48;2;0;0;0m▀[38;2;180;148;41;48;2;180;148;41m▀[38;2;180;148;41;48;2;180;148;41m▀[38;2;246;164;0;48;2;246;164;0m▀[38;2;180;148;41;48;2;180;148;41m▀[38;2;180;148;41;48;2;180;148;41m▀[38;2;255;213;8;48;2;255;213;8m▀[38;2;255;213;8;48;2;255;213;8m▀[38;2;246;164;0;48;2;246;164;0m▀[38;2;180;148;41;48;2;180;148;41m▀[0m
[0m [0m [0m [0m [0m [38;2;0;0;0m▄[38;2;0;0;0;48;2;41;49;74m▀[38;2;41;49;74;48;2;238;213;82m▀[38;2;65;65;82;48;2;65;65;82m▀[38;2;65;65;82;48;2;65;65;82m▀[38;2;65;65;82;48;2;65;65;82m▀[38;2;16;16;16;48;2;65;65;82m▀[38;2;16;16;16;48;2;65;65;82m▀[38;2;16;16;16;48;2;65;65;82m▀[38;2;65;65;82;48;2;65;65;82m▀[38;2;65;65;82;48;2;65;65;82m▀[38;2;65;65;82;48;2;65;65;82m▀[38;2;65;65;82;48;2;65;65;82m▀[38;2;65;65;82;48;2;65;65;82m▀[38;2;65;65;82;48;2;65;65;82m▀[38;2;65;65;82;48;2;65;65;82m▀[38;2;238;213;82;48;2;180;148;41m▀[38;2;238;213;82;48;2;180;148;41m▀[38;2;98;98;123;48;2;98;98;123m▀[38;2;41;49;74;48;2;98;98;123m▀[38;2;0;0;0;48;2;180;148;41m▀[38;2;0;0;0m▄[0m [0m [0m [0m [0m [0m [0m [0m [38;2;0;0;0;48;2;0;0;0m▀[38;2;180;148;41;48;2;180;148;41m▀[38;2;255;213;8;48;2;246;164;0m▀[38;2;255;213;8;48;2;255;213;8m▀[38;2;180;148;41;48;2;255;213;8m▀[38;2;255;213;8;48;2;255;213;8m▀[38;2;255;213;8;48;2;255;213;8m▀[38;2;255;213;8;48;2;255;213;8m▀[38;2;255;213;8;48;2;255;213;8m▀[38;2;180;148;41;48;2;180;148;41m▀[0m
[0m [0m [0m [0m [38;2;0;0;0m▄[38;2;0;0;0;48;2;41;49;74m▀[38;2;238;213;82;48;2;98;98;123m▀[38;2;65;65;82;48;2;65;65;82m▀[38;2;65;65;82;48;2;65;65;82m▀[38;2;65;65;82;48;2;65;65;82m▀[38;2;65;65;82;48;2;65;65;82m▀[38;2;41;49;74;48;2;41;49;74m▀[38;2;65;65;82;48;2;180;148;41m▀[38;2;180;148;41;48;2;98;98;123m▀[38;2;180;148;41;48;2;98;98;123m▀[38;2;180;148;41;48;2;98;98;123m▀[38;2;180;148;41;48;2;98;98;123m▀[38;2;65;65;82;48;2;180;148;41m▀[38;2;65;65;82;48;2;65;65;82m▀[38;2;65;65;82;48;2;16;16;16m▀[38;2;65;65;82;48;2;65;65;82m▀[38;2;65;65;82;48;2;65;65;82m▀[38;2;65;65;82;48;2;65;65;82m▀[38;2;238;213;82;48;2;65;65;82m▀[38;2;98;98;123;48;2;238;213;82m▀[38;2;180;148;41;48;2;98;98;123m▀[38;2;0;0;0;48;2;41;49;74m▀[38;2;0;0;0m▄[0m [0m [0m [0m [0m [0m [0m [38;2;0;0;0m▀[38;2;180;148;41;48;2;0;0;0m▀[38;2;246;164;0;48;2;180;148;41m▀[38;2;246;164;0;48;2;246;164;0m▀[38;2;246;164;0;48;2;180;148;41m▀[38;2;255;213;8;48;2;246;164;0m▀[38;2;255;213;8;48;2;246;164;0m▀[38;2;255;213;8;48;2;246;164;0m▀[38;2;246;164;0;48;2;180;148;41m▀[38;2;180;148;41;48;2;180;148;41m▀[0m
[0m [0m [0m [0m [38;2;0;0;0;48;2;0;0;0m▀[38;2;41;49;74;48;2;41;49;74m▀[38;2;98;98;123;48;2;98;98;123m▀[38;2;65;65;82;48;2;65;65;82m▀[38;2;65;65;82;48;2;65;65;82m▀[38;2;41;49;74;48;2;41;49;74m▀[38;2;41;49;74;48;2;41;49;74m▀[38;2;180;148;41;48;2;180;148;41m▀[38;2;130;130;153;48;2;130;130;153m▀[38;2;130;130;153;48;2;130;130;153m▀[38;2;130;130;153;48;2;130;130;153m▀[38;2;130;130;153;48;2;130;130;153m▀[38;2;130;130;153;48;2;130;130;153m▀[38;2;130;130;153;48;2;130;130;153m▀[38;2;220;188;82;48;2;220;188;82m▀[38;2;98;98;123;48;2;98;98;123m▀[38;2;16;16;16;48;2;16;16;16m▀[38;2;65;65;82;48;2;65;65;82m▀[38;2;65;65;82;48;2;65;65;82m▀[38;2;65;65;82;48;2;65;65;82m▀[38;2;98;98;123;48;2;98;98;123m▀[38;2;98;98;123;48;2;98;98;123m▀[38;2;41;49;74;48;2;41;49;74m▀[38;2;0;0;0;48;2;0;0;0m▀[0m [0m [0m [0m [0m [0m [0m [0m [0m [38;2;0;0;0;48;2;0;0;0m▀[38;2;180;148;41;48;2;180;148;41m▀[38;2;180;148;41;48;2;180;148;41m▀[38;2;41;49;74;48;2;41;49;74m▀[38;2;180;148;41;48;2;180;148;41m▀[38;2;180;148;41;48;2;180;148;41m▀[38;2;180;148;41;48;2;180;148;41m▀[38;2;0;0;0;48;2;0;0;0m▀[0m
[0m [0m [0m [38;2;0;0;0m▄[38;2;0;0;0;48;2;41;49;74m▀[38;2;41;49;74;48;2;98;98;123m▀[38;2;98;98;123;48;2;65;65;82m▀[38;2;65;65;82;48;2;65;65;82m▀[38;2;65;65;82;48;2;16;16;16m▀[38;2;41;49;74;48;2;41;49;74m▀[38;2;41;49;74;48;2;41;49;74m▀[38;2;98;98;123;48;2;130;130;153m▀[38;2;130;130;153;48;2;130;130;153m▀[38;2;130;130;153;48;2;130;130;153m▀[38;2;130;130;153;48;2;130;130;153m▀[38;2;130;130;153;48;2;130;130;153m▀[38;2;130;130;153;48;2;130;130;153m▀[38;2;130;130;153;48;2;130;130;153m▀[38;2;130;130;153;48;2;130;130;153m▀[38;2;220;188;82;48;2;220;188;82m▀[38;2;16;16;16;48;2;98;98;123m▀[38;2;65;65;82;48;2;16;16;16m▀[38;2;65;65;82;48;2;16;16;16m▀[38;2;65;65;82;48;2;65;65;82m▀[38;2;98;98;123;48;2;65;65;82m▀[38;2;98;98;123;48;2;98;98;123m▀[38;2;41;49;74;48;2;41;49;74m▀[38;2;0;0;0;48;2;0;0;0m▀[0m [0m [0m [0m [0m [0m [0m [0m [0m [0m [38;2;0;0;0;48;2;0;0;0m▀[38;2;41;49;74;48;2;41;49;74m▀[38;2;41;49;74;48;2;130;130;153m▀[38;2;180;148;41;48;2;16;16;16m▀[38;2;180;148;41;48;2;16;16;16m▀[38;2;0;0;0;48;2;0;0;0m▀[0m [0m
[0m [0m [0m [38;2;0;0;0m▀[38;2;41;49;74;48;2;0;0;0m▀[38;2;16;16;16;48;2;0;0;0m▀[38;2;16;16;16;48;2;0;0;0m▀[38;2;65;65;82;48;2;16;16;16m▀[38;2;16;16;16;48;2;41;49;74m▀[38;2;41;49;74;48;2;98;98;123m▀[38;2;41;49;74;48;2;98;98;123m▀[38;2;130;130;153;48;2;130;130;153m▀[38;2;130;130;153;48;2;130;130;153m▀[38;2;130;130;153;48;2;130;130;153m▀[38;2;130;130;153;48;2;130;130;153m▀[38;2;130;130;153;48;2;130;130;153m▀[38;2;130;130;153;48;2;130;130;153m▀[38;2;130;130;153;48;2;130;130;153m▀[38;2;130;130;153;48;2;130;130;153m▀[38;2;220;188;82;48;2;98;98;123m▀[38;2;98;98;123;48;2;180;148;41m▀[38;2;98;98;123;48;2;98;98;123m▀[38;2;98;98;123;48;2;98;98;123m▀[38;2;16;16;16;48;2;16;16;16m▀[38;2;65;65;82;48;2;65;65;82m▀[38;2;65;65;82;48;2;16;16;16m▀[38;2;65;65;82;48;2;16;16;16m▀[38;2;41;49;74;48;2;41;49;74m▀[38;2;0;0;0;48;2;0;0;0m▀[0m [0m [0m [0m [0m [0m [0m [38;2;0;0;0m▄[38;2;0;0;0m▄[38;2;0;0;0;48;2;41;49;74m▀[38;2;41;49;74;48;2;98;98;123m▀[38;2;98;98;123;48;2;98;98;123m▀[38;2;16;16;16;48;2;16;16;16m▀[38;2;16;16;16;48;2;16;16;16m▀[38;2;0;0;0;48;2;0;0;0m▀[0m [0m
[0m [0m [0m [0m [0m [0m [0m [38;2;0;0;0;48;2;0;0;0m▀[38;2;41;49;74;48;2;41;49;74m▀[38;2;130;130;153;48;2;130;130;153m▀[38;2;130;130;153;48;2;130;130;153m▀[38;2;130;130;153;48;2;130;130;153m▀[38;2;130;130;153;48;2;130;130;153m▀[38;2;130;130;153;48;2;130;130;153m▀[38;2;130;130;153;48;2;130;130;153m▀[38;2;130;130;153;48;2;130;130;153m▀[38;2;130;130;153;48;2;130;130;153m▀[38;2;130;130;153;48;2;130;130;153m▀[38;2;130;130;153;48;2;130;130;153m▀[38;2;130;130;153;48;2;130;130;153m▀[38;2;220;188;82;48;2;220;188;82m▀[38;2;98;98;123;48;2;98;98;123m▀[38;2;98;98;123;48;2;98;98;123m▀[38;2;98;98;123;48;2;98;98;123m▀[38;2;16;16;16;48;2;16;16;16m▀[38;2;16;16;16;48;2;16;16;16m▀[38;2;0;0;0;48;2;0;0;0m▀[38;2;0;0;0m▀[0m [0m [0m [0m [38;2;0;0;0m▄[38;2;0;0;0m▄[38;2;0;0;0m▄[38;2;0;0;0;48;2;0;0;0m▀[38;2;180;148;41;48;2;180;148;41m▀[38;2;180;148;41;48;2;180;148;41m▀[38;2;98;98;123;48;2;98;98;123m▀[38;2;98;98;123;48;2;98;98;123m▀[38;2;180;148;41;48;2;180;148;41m▀[38;2;16;16;16;48;2;16;16;16m▀[38;2;16;16;16;48;2;16;16;16m▀[38;2;0;0;0;48;2;0;0;0m▀[0m [0m
[0m [0m [0m [0m [0m [38;2;0;0;0m▄[38;2;0;0;0;48;2;180;148;41m▀[38;2;41;49;74;48;2;98;98;123m▀[38;2;41;49;74;48;2;180;148;41m▀[38;2;130;130;153;48;2;98;98;123m▀[38;2;130;130;153;48;2;98;98;123m▀[38;2;130;130;153;48;2;130;130;153m▀[38;2;130;130;153;48;2;130;130;153m▀[38;2;130;130;153;48;2;130;130;153m▀[38;2;130;130;153;48;2;130;130;153m▀[38;2;130;130;153;48;2;130;130;153m▀[38;2;130;130;153;48;2;130;130;153m▀[38;2;130;130;153;48;2;130;130;153m▀[38;2;130;130;153;48;2;130;130;153m▀[38;2;130;130;153;48;2;98;98;123m▀[38;2;65;65;82;48;2;65;65;82m▀[38;2;98;98;123;48;2;98;98;123m▀[38;2;98;98;123;48;2;98;98;123m▀[38;2;98;98;123;48;2;98;98;123m▀[38;2;98;98;123;48;2;98;98;123m▀[38;2;98;98;123;48;2;98;98;123m▀[38;2;16;16;16;48;2;65;65;82m▀[38;2;0;0;0;48;2;16;16;16m▀[38;2;0;0;0;48;2;41;49;74m▀[38;2;0;0;0;48;2;41;49;74m▀[38;2;0;0;0;48;2;41;49;74m▀[38;2;0;0;0;48;2;41;49;74m▀[38;2;41;49;74;48;2;98;98;123m▀[38;2;180;148;41;48;2;98;98;123m▀[38;2;180;148;41;48;2;180;148;41m▀[38;2;180;148;41;48;2;180;148;41m▀[38;2;207;175;68;48;2;220;188;82m▀[38;2;220;188;82;48;2;238;213;82m▀[38;2;238;213;82;48;2;180;148;41m▀[38;2;180;148;41;48;2;98;98;123m▀[38;2;16;16;16;48;2;16;16;16m▀[38;2;0;0;0;48;2;0;0;0m▀[38;2;0;0;0m▀[0m [0m [0m
[0m [0m [0m [0m [38;2;0;0;0m▄[38;2;0;0;0;48;2;16;16;16m▀[38;2;41;49;74;48;2;98;98;123m▀[38;2;238;213;82;48;2;238;213;82m▀[38;2;98;98;123;48;2;98;98;123m▀[38;2;180;148;41;48;2;41;49;74m▀[38;2;180;148;41;48;2;41;49;74m▀[38;2;98;98;123;48;2;98;98;123m▀[38;2;130;130;153;48;2;98;98;123m▀[38;2;130;130;153;48;2;98;98;123m▀[38;2;130;130;153;48;2;98;98;123m▀[38;2;130;130;153;48;2;98;98;123m▀[38;2;130;130;153;48;2;98;98;123m▀[38;2;98;98;123;48;2;98;98;123m▀[38;2;98;98;123;48;2;98;98;123m▀[38;2;65;65;82;48;2;65;65;82m▀[38;2;98;98;123;48;2;98;98;123m▀[38;2;98;98;123;48;2;98;98;123m▀[38;2;98;98;123;48;2;98;98;123m▀[38;2;98;98;123;48;2;238;213;82m▀[38;2;238;213;82;48;2;98;98;123m▀[38;2;238;213;82;48;2;98;98;123m▀[38;2;98;98;123;48;2;180;148;41m▀[38;2;16;16;16;48;2;65;65;82m▀[38;2;65;65;82;48;2;16;16;16m▀[38;2;65;65;82;48;2;16;16;16m▀[38;2;65;65;82;48;2;65;65;82m▀[38;2;65;65;82;48;2;65;65;82m▀[38;2;65;65;82;48;2;65;65;82m▀[38;2;98;98;123;48;2;180;148;41m▀[38;2;98;98;123;48;2;180;148;41m▀[38;2;98;98;123;48;2;180;148;41m▀[38;2;180;148;41;48;2;98;98;123m▀[38;2;98;98;123;48;2;98;98;123m▀[38;2;98;98;123;48;2;16;16;16m▀[38;2;16;16;16;48;2;0;0;0m▀[38;2;0;0;0m▀[0m [0m [0m [0m [0m
[0m [0m [0m [0m [38;2;0;0;0;48;2;0;0;0m▀[38;2;180;148;41;48;2;16;16;16m▀[38;2;238;213;82;48;2;98;98;123m▀[38;2;98;98;123;48;2;98;98;123m▀[38;2;98;98;123;48;2;98;98;123m▀[38;2;98;98;123;48;2;98;98;123m▀[38;2;98;98;123;48;2;98;98;123m▀[38;2;16;16;16;48;2;65;65;82m▀[38;2;98;98;123;48;2;16;16;16m▀[38;2;98;98;123;48;2;98;98;123m▀[38;2;98;98;123;48;2;98;98;123m▀[38;2;98;98;123;48;2;98;98;123m▀[38;2;98;98;123;48;2;98;98;123m▀[38;2;98;98;123;48;2;98;98;123m▀[38;2;98;98;123;48;2;98;98;123m▀[38;2;65;65;82;48;2;41;49;74m▀[38;2;98;98;123;48;2;65;65;82m▀[38;2;98;98;123;48;2;98;98;123m▀[38;2;98;98;123;48;2;98;98;123m▀[38;2;180;148;41;48;2;180;148;41m▀[38;2;98;98;123;48;2;98;98;123m▀[38;2;98;98;123;48;2;65;65;82m▀[38;2;180;148;41;48;2;180;148;41m▀[38;2;65;65;82;48;2;65;65;82m▀[38;2;16;16;16;48;2;16;16;16m▀[38;2;16;16;16;48;2;16;16;16m▀[38;2;180;148;41;48;2;98;98;123m▀[38;2;180;148;41;48;2;98;98;123m▀[38;2;180;148;41;48;2;98;98;123m▀[38;2;98;98;123;48;2;98;98;123m▀[38;2;98;98;123;48;2;16;16;16m▀[38;2;98;98;123;48;2;16;16;16m▀[38;2;98;98;123;48;2;16;16;16m▀[38;2;16;16;16;48;2;0;0;0m▀[38;2;0;0;0m▀[0m [0m [0m [0m [0m [0m [0m
[0m [0m [0m [0m [38;2;0;0;0m▀[38;2;16;16;16;48;2;0;0;0m▀[38;2;98;98;123;48;2;16;16;16m▀[38;2;98;98;123;48;2;98;98;123m▀[38;2;98;98;123;48;2;98;98;123m▀[38;2;98;98;123;48;2;65;65;82m▀[38;2;98;98;123;48;2;65;65;82m▀[38;2;65;65;82;48;2;65;65;82m▀[38;2;16;16;16;48;2;65;65;82m▀[38;2;98;98;123;48;2;16;16;16m▀[38;2;98;98;123;48;2;16;16;16m▀[38;2;98;98;123;48;2;98;98;123m▀[38;2;98;98;123;48;2;98;98;123m▀[38;2;98;98;123;48;2;98;98;123m▀[38;2;98;98;123;48;2;98;98;123m▀[38;2;41;49;74;48;2;41;49;74m▀[38;2;65;65;82;48;2;65;65;82m▀[38;2;98;98;123;48;2;65;65;82m▀[38;2;98;98;123;48;2;65;65;82m▀[38;2;180;148;41;48;2;65;65;82m▀[38;2;98;98;123;48;2;180;148;41m▀[38;2;65;65;82;48;2;180;148;41m▀[38;2;180;148;41;48;2;65;65;82m▀[38;2;65;65;82;48;2;65;65;82m▀[38;2;16;16;16;48;2;16;16;16m▀[38;2;16;16;16;48;2;16;16;16m▀[38;2;98;98;123;48;2;98;98;123m▀[38;2;98;98;123;48;2;98;98;123m▀[38;2;98;98;123;48;2;41;49;74m▀[38;2;98;98;123;48;2;41;49;74m▀[38;2;16;16;16;48;2;0;0;0m▀[38;2;16;16;16;48;2;0;0;0m▀[38;2;16;16;16;48;2;0;0;0m▀[38;2;0;0;0m▀[0m [0m [0m [0m [0m [0m [0m [0m
[0m [0m [0m [0m [0m [0m [38;2;0;0;0;48;2;0;0;0m▀[38;2;16;16;16;48;2;16;16;16m▀[38;2;65;65;82;48;2;65;66;82m▀[38;2;65;65;82;48;2;65;65;82m▀[38;2;65;65;82;48;2;65;65;82m▀[38;2;65;65;82;48;2;65;65;82m▀[38;2;65;65;82;48;2;65;65;82m▀[38;2;65;65;82;48;2;16;16;16m▀[38;2;65;65;82;48;2;16;16;16m▀[38;2;16;16;16;48;2;0;0;0m▀[38;2;16;16;16;48;2;0;0;0m▀[38;2;16;16;16;48;2;0;0;0m▀[38;2;16;16;16;48;2;0;0;0m▀[38;2;16;16;16;48;2;0;0;0m▀[38;2;41;49;74;48;2;0;0;0m▀[38;2;65;65;82;48;2;41;49;74m▀[38;2;65;65;82;48;2;41;49;74m▀[38;2;65;65;82;48;2;65;65;82m▀[38;2;65;65;82;48;2;65;65;82m▀[38;2;65;65;82;48;2;65;65;82m▀[38;2;65;65;82;48;2;65;66;82m▀[38;2;16;16;16;48;2;16;16;16m▀[38;2;41;49;74;48;2;0;0;0m▀[38;2;41;49;74;48;2;0;0;0m▀[38;2;41;49;74;48;2;0;0;0m▀[38;2;41;49;74;48;2;0;0;0m▀[38;2;0;0;0m▀[38;2;0;0;0m▀[0m [0m [0m [0m [0m [0m [0m [0m [0m [0m [0m [0m
[0m [0m [0m [0m [38;2;0;0;0m▄[38;2;0;0;0;48;2;16;16;16m▀[38;2;16;16;16;48;2;255;255;255m▀[38;2;65;65;82;48;2;41;49;74m▀[38;2;65;65;82;48;2;255;255;255m▀[38;2;65;65;82;48;2;65;65;82m▀[38;2;65;65;82;48;2;65;65;82m▀[38;2;66;65;82;48;2;65;65;82m▀[38;2;65;65;82;48;2;16;16;16m▀[38;2;16;16;16;48;2;0;0;0m▀[38;2;0;0;0m▀[0m [0m [0m [0m [0m [38;2;0;0;0;48;2;0;0;0m▀[38;2;41;49;74;48;2;41;49;74m▀[38;2;41;49;74;48;2;41;49;74m▀[38;2;98;98;123;48;2;65;65;82m▀[38;2;98;98;123;48;2;98;98;123m▀[38;2;98;98;123;48;2;98;98;123m▀[38;2;65;65;82;48;2;98;98;123m▀[38;2;16;16;16;48;2;65;65;82m▀[38;2;0;0;0;48;2;16;16;16m▀[38;2;0;0;0;48;2;16;16;16m▀[38;2;0;0;0m▄[0m [0m [0m [0m [0m [0m [0m [0m [0m [0m [0m [0m [0m [0m [0m
[0m [0m [0m [0m [38;2;0;0;0m▀[38;2;16;16;16;48;2;0;0;0m▀[38;2;255;255;255;48;2;16;16;16m▀[38;2;41;49;74;48;2;16;16;16m▀[38;2;255;255;255;48;2;16;16;16m▀[38;2;65;65;82;48;2;16;16;16m▀[38;2;65;65;82;48;2;16;16;16m▀[38;2;65;65;82;48;2;16;16;16m▀[38;2;16;16;16;48;2;0;0;0m▀[38;2;0;0;0m▀[0m [0m [0m [0m [0m [0m [38;2;0;0;0m▀[38;2;41;49;74;48;2;0;0;0m▀[38;2;41;49;74;48;2;0;0;0m▀[38;2;65;65;82;48;2;16;16;16m▀[38;2;98;98;123;48;2;255;255;255m▀[38;2;98;98;123;48;2;41;49;74m▀[38;2;98;98;123;48;2;255;255;255m▀[38;2;65;65;82;48;2;41;49;74m▀[38;2;16;16;16;48;2;255;255;255m▀[38;2;16;16;16;48;2;255;255;255m▀[38;2;0;0;0;48;2;16;16;16m▀[38;2;0;0;0m▄[0m [0m [0m [0m [0m [0m [0m [0m [0m [0m [0m [0m [0m [0m
