[0m [0m [0m [0m [0m [0m [0m [0m [0m [0m [0m [0m [0m [0m [0m [0m [0m [38;2;0;0;0m▄[38;2;0;0;0;48;2;16;16;16m▀[38;2;0;0;0;48;2;16;16;16m▀[38;2;0;0;0;48;2;16;16;16m▀[38;2;0;0;0m▄[38;2;0;0;0m▄[0m [0m [0m [0m [0m [0m [0m [0m [38;2;0;0;0m▄[38;2;0;0;0;48;2;98;123;180m▀[38;2;0;0;0;48;2;98;123;180m▀[38;2;98;123;180;48;2;139;180;238m▀[38;2;98;123;180;48;2;139;180;238m▀[38;2;74;65;123;48;2;139;180;238m▀[38;2;74;65;123;48;2;74;65;123m▀[38;2;0;0;0;48;2;0;0;0m▀[0m [0m [0m [0m [0m [0m [0m [0m [0m [0m [0m [0m [0m [0m [0m [0m [0m [0m [0m
[0m [0m [0m [0m [0m [0m [0m [0m [0m [0m [0m [0m [0m [0m [0m [0m [0m [38;2;0;0;0;48;2;0;0;0m▀[38;2;16;16;16;48;2;16;16;16m▀[38;2;139;180;238;48;2;139;180;238m▀[38;2;139;180;238;48;2;139;180;238m▀[38;2;16;16;16;48;2;16;16;16m▀[38;2;16;16;16;48;2;16;16;16m▀[38;2;0;0;0;48;2;0;0;0m▀[0m [38;2;0;0;0m▄[38;2;0;0;0m▄[38;2;0;0;0m▄[38;2;0;0;0m▄[38;2;0;0;0m▄[38;2;0;0;0;48;2;0;0;0m▀[38;2;74;65;123;48;2;74;65;123m▀[38;2;139;180;238;48;2;139;180;238m▀[38;2;139;180;238;48;2;139;180;238m▀[38;2;98;123;180;48;2;98;123;180m▀[38;2;98;123;180;48;2;98;123;180m▀[38;2;74;65;123;48;2;74;65;123m▀[38;2;115;32;90;48;2;115;32;90m▀[38;2;0;0;0;48;2;0;0;0m▀[0m [0m [0m [0m [0m [0m [0m [0m [0m [0m [0m [0m [0m [0m [0m [0m [0m [0m [0m
[0m [0m [0m [0m [0m [0m [0m [0m [0m [0m [0m [0m [0m [0m [0m [0m [0m [38;2;0;0;0;48;2;0;0;0m▀[38;2;115;32;90;48;2;115;32;90m▀[38;2;74;65;123;48;2;180;82;156m▀[38;2;98;123;180;48;2;74;65;123m▀[38;2;98;123;180;48;2;98;123;180m▀[38;2;98;123;180;48;2;98;123;180m▀[38;2;16;16;16;48;2;74;65;123m▀[38;2;0;0;0;48;2;98;123;180m▀[38;2;98;123;180;48;2;189;206;255m▀[38;2;98;123;180;48;2;139;180;238m▀[38;2;98;123;180;48;2;139;180;238m▀[38;2;74;65;123;48;2;98;123;180m▀[38;2;74;65;123;48;2;98;123;180m▀[38;2;74;65;123;48;2;74;65;123m▀[38;2;98;123;180;48;2;139;180;238m▀[38;2;139;180;238;48;2;139;180;238m▀[38;2;98;123;180;48;2;115;32;90m▀[38;2;115;32;90;48;2;180;82;156m▀[38;2;115;32;90;48;2;180;82;156m▀[38;2;180;82;156;48;2;180;82;156m▀[38;2;115;32;90;48;2;115;32;90m▀[38;2;0;0;0;48;2;0;0;0m▀[0m [0m [0m [0m [0m [0m [0m [0m [0m [0m [0m [0m [0m [0m [0m [0m [0m [0m [0m
[0m [0m [0m [0m [0m [0m [0m [0m [0m [0m [0m [0m [0m [0m [0m [0m [0m [38;2;0;0;0;48;2;0;0;0m▀[38;2;115;32;90;48;2;115;32;90m▀[38;2;180;82;156;48;2;180;82;156m▀[38;2;74;65;123;48;2;74;65;123m▀[38;2;98;123;180;48;2;139;180;238m▀[38;2;98;123;180;48;2;139;180;238m▀[38;2;189;206;255;48;2;189;206;255m▀[38;2;189;206;255;48;2;189;206;255m▀[38;2;189;206;255;48;2;189;206;255m▀[38;2;139;180;238;48;2;139;180;238m▀[38;2;139;180;238;48;2;139;180;238m▀[38;2;139;180;238;48;2;139;180;238m▀[38;2;139;180;238;48;2;139;180;238m▀[38;2;98;123;180;48;2;139;180;238m▀[38;2;139;180;238;48;2;139;180;238m▀[38;2;139;180;238;48;2;139;180;238m▀[38;2;115;32;90;48;2;98;123;180m▀[38;2;180;82;156;48;2;74;65;123m▀[38;2;180;82;156;48;2;74;65;123m▀[38;2;115;32;90;48;2;115;32;90m▀[38;2;0;0;0;48;2;0;0;0m▀[0m [0m [0m [0m [0m [0m [0m [0m [0m [0m [0m [0m [0m [0m [0m [0m [0m [0m [0m [0m
[0m [0m [0m [0m [0m [0m [0m [0m [0m [0m [0m [0m [0m [0m [0m [0m [0m [0m [38;2;0;0;0;48;2;0;0;0m▀[38;2;115;32;90;48;2;74;65;123m▀[38;2;74;65;123;48;2;139;180;238m▀[38;2;139;180;238;48;2;98;123;180m▀[38;2;139;180;238;48;2;98;123;180m▀[38;2;139;180;238;48;2;139;180;238m▀[38;2;189;206;255;48;2;98;123;180m▀[38;2;139;180;238;48;2;139;180;238m▀[38;2;139;180;238;48;2;139;180;238m▀[38;2;139;180;238;48;2;139;180;238m▀[38;2;139;180;238;48;2;139;180;238m▀[38;2;139;180;238;48;2;139;180;238m▀[38;2;139;180;238;48;2;139;180;238m▀[38;2;139;180;238;48;2;139;180;238m▀[38;2;139;180;238;48;2;139;180;238m▀[38;2;139;180;238;48;2;139;180;238m▀[38;2;74;65;123;48;2;139;180;238m▀[38;2;74;65;123;48;2;139;180;238m▀[38;2;0;0;0;48;2;74;65;123m▀[38;2;0;0;0m▄[0m [0m [0m [0m [0m [0m [0m [0m [0m [0m [0m [0m [0m [0m [0m [0m [0m [0m [0m [0m
[0m [0m [0m [0m [0m [0m [0m [0m [0m [38;2;0;0;0m▄[38;2;0;0;0m▄[38;2;0;0;0m▄[0m [0m [0m [0m [0m [0m [38;2;0;0;0;48;2;0;0;0m▀[38;2;74;65;123;48;2;74;65;123m▀[38;2;139;180;238;48;2;139;180;238m▀[38;2;98;123;180;48;2;139;180;238m▀[38;2;98;123;180;48;2;139;180;238m▀[38;2;139;180;238;48;2;139;180;238m▀[38;2;98;123;180;48;2;139;180;238m▀[38;2;139;180;238;48;2;139;180;238m▀[38;2;139;180;238;48;2;139;180;238m▀[38;2;139;180;238;48;2;139;180;238m▀[38;2;139;180;238;48;2;139;180;238m▀[38;2;139;180;238;48;2;139;180;238m▀[38;2;139;180;238;48;2;139;180;238m▀[38;2;139;180;238;48;2;139;180;238m▀[38;2;139;180;238;48;2;139;180;238m▀[38;2;139;180;238;48;2;139;180;238m▀[38;2;139;180;238;48;2;139;180;238m▀[38;2;139;180;238;48;2;139;180;238m▀[38;2;74;65;123;48;2;74;65;123m▀[38;2;0;0;0;48;2;0;0;0m▀[0m [0m [0m [0m [0m [0m [0m [0m [0m [0m [0m [0m [0m [0m [0m [0m [0m [0m [0m [0m
[38;2;0;0;0m▄[38;2;0;0;0;48;2;99;95;96m▀[38;2;0;0;0;48;2;99;95;96m▀[38;2;0;0;0;48;2;99;95;96m▀[38;2;0;0;0m▄[0m [0m [38;2;0;0;0m▄[38;2;0;0;0;48;2;64;64;64m▀[38;2;99;95;96;48;2;177;173;174m▀[38;2;99;95;96;48;2;177;173;174m▀[38;2;99;95;96;48;2;177;173;174m▀[38;2;0;0;0;48;2;64;64;64m▀[38;2;0;0;0m▄[0m [0m [0m [0m [38;2;0;0;0m▀[38;2;74;65;123;48;2;0;0;0m▀[38;2;98;123;180;48;2;74;65;123m▀[38;2;74;65;123;48;2;255;255;255m▀[38;2;74;65;123;48;2;255;255;255m▀[38;2;74;65;123;48;2;16;16;16m▀[38;2;74;65;123;48;2;16;16;16m▀[38;2;98;123;180;48;2;255;255;255m▀[38;2;98;123;180;48;2;74;65;123m▀[38;2;139;180;238;48;2;98;123;180m▀[38;2;139;180;238;48;2;139;180;238m▀[38;2;139;180;238;48;2;139;180;238m▀[38;2;139;180;238;48;2;139;180;238m▀[38;2;139;180;238;48;2;139;180;238m▀[38;2;139;180;238;48;2;139;180;238m▀[38;2;139;180;238;48;2;139;180;238m▀[38;2;139;180;238;48;2;98;123;180m▀[38;2;139;180;238;48;2;98;123;180m▀[38;2;16;16;16;48;2;16;16;16m▀[38;2;0;0;0;48;2;0;0;0m▀[0m [0m [0m [0m [38;2;0;0;0m▄[38;2;0;0;0m▄[0m [0m [0m [38;2;0;0;0m▄[38;2;0;0;0m▄[38;2;0;0;0m▄[38;2;0;0;0m▄[38;2;0;0;0m▄[38;2;0;0;0m▄[38;2;0;0;0m▄[38;2;0;0;0m▄[38;2;0;0;0m▄[0m [0m
[38;2;16;16;16;48;2;16;16;16m▀[38;2;177;173;174;48;2;99;95;96m▀[38;2;16;16;16;48;2;0;0;0m▀[38;2;16;16;16;48;2;0;0;0m▀[38;2;0;0;0m▀[0m [0m [38;2;0;0;0m▀[38;2;64;64;64;48;2;0;0;0m▀[38;2;16;16;16;48;2;0;0;0m▀[38;2;16;16;16;48;2;0;0;0m▀[38;2;153;144;147;48;2;16;16;16m▀[38;2;16;16;16;48;2;16;16;16m▀[38;2;0;0;0;48;2;0;0;0m▀[0m [0m [0m [0m [0m [38;2;0;0;0m▀[38;2;74;65;123;48;2;0;0;0m▀[38;2;16;16;16;48;2;16;16;16m▀[38;2;16;16;16;48;2;16;16;16m▀[38;2;99;99;99;48;2;99;99;99m▀[38;2;99;99;99;48;2;99;99;99m▀[38;2;16;16;16;48;2;99;99;99m▀[38;2;16;16;16;48;2;16;16;16m▀[38;2;74;65;123;48;2;74;65;123m▀[38;2;139;180;238;48;2;98;123;180m▀[38;2;139;180;238;48;2;98;123;180m▀[38;2;139;180;238;48;2;139;180;238m▀[38;2;139;180;238;48;2;139;180;238m▀[38;2;139;180;238;48;2;139;180;238m▀[38;2;139;180;238;48;2;98;123;180m▀[38;2;98;123;180;48;2;16;16;16m▀[38;2;98;123;180;48;2;16;16;16m▀[38;2;16;16;16;48;2;0;0;0m▀[38;2;0;0;0m▀[38;2;0;0;0m▄[38;2;0;0;0;48;2;98;123;180m▀[38;2;0;0;0;48;2;98;123;180m▀[38;2;0;0;0;48;2;98;123;180m▀[38;2;98;123;180;48;2;139;180;238m▀[38;2;98;123;180;48;2;74;65;123m▀[38;2;0;0;0;48;2;74;65;123m▀[38;2;0;0;0;48;2;16;16;16m▀[38;2;0;0;0;48;2;16;16;16m▀[38;2;16;16;16;48;2;139;180;238m▀[38;2;16;16;16;48;2;139;180;238m▀[38;2;16;16;16;48;2;139;180;238m▀[38;2;16;16;16;48;2;139;180;238m▀[38;2;16;16;16;48;2;189;206;255m▀[38;2;74;65;123;48;2;189;206;255m▀[38;2;74;65;123;48;2;189;206;255m▀[38;2;74;65;123;48;2;189;206;255m▀[38;2;74;65;123;48;2;98;123;180m▀[38;2;0;0;0;48;2;98;123;180m▀[0m
[38;2;16;16;16;48;2;0;0;0m▀[38;2;99;95;96;48;2;16;16;16m▀[38;2;0;0;0;48;2;0;0;0m▀[0m [38;2;0;0;0m▄[38;2;0;0;0;48;2;16;16;16m▀[38;2;0;0;0;48;2;64;64;64m▀[38;2;0;0;0;48;2;64;64;64m▀[38;2;0;0;0;48;2;64;64;64m▀[38;2;0;0;0m▄[38;2;0;0;0;48;2;0;0;0m▀[38;2;16;16;16;48;2;0;0;0m▀[38;2;16;16;16;48;2;0;0;0m▀[38;2;0;0;0m▀[0m [0m [0m [0m [0m [0m [38;2;0;0;0m▀[38;2;16;16;16;48;2;0;0;0m▀[38;2;16;16;16;48;2;0;0;0m▀[38;2;99;99;99;48;2;16;16;16m▀[38;2;99;99;99;48;2;99;99;99m▀[38;2;99;99;99;48;2;16;16;16m▀[38;2;16;16;16;48;2;16;16;16m▀[38;2;74;65;123;48;2;74;65;123m▀[38;2;98;123;180;48;2;98;123;180m▀[38;2;98;123;180;48;2;98;123;180m▀[38;2;139;180;238;48;2;98;123;180m▀[38;2;139;180;238;48;2;98;123;180m▀[38;2;139;180;238;48;2;98;123;180m▀[38;2;98;123;180;48;2;98;123;180m▀[38;2;16;16;16;48;2;16;16;16m▀[38;2;16;16;16;48;2;16;16;16m▀[38;2;0;0;0;48;2;74;65;123m▀[38;2;0;0;0;48;2;74;65;123m▀[38;2;0;0;0;48;2;98;123;180m▀[38;2;98;123;180;48;2;139;180;238m▀[38;2;98;123;180;48;2;139;180;238m▀[38;2;98;123;180;48;2;139;180;238m▀[38;2;139;180;238;48;2;98;123;180m▀[38;2;74;65;123;48;2;16;16;16m▀[38;2;74;65;123;48;2;98;123;180m▀[38;2;16;16;16;48;2;98;123;180m▀[38;2;16;16;16;48;2;139;180;238m▀[38;2;139;180;238;48;2;139;180;238m▀[38;2;139;180;238;48;2;139;180;238m▀[38;2;139;180;238;48;2;16;16;16m▀[38;2;139;180;238;48;2;16;16;16m▀[38;2;189;206;255;48;2;16;16;16m▀[38;2;189;206;255;48;2;16;16;16m▀[38;2;189;206;255;48;2;16;16;16m▀[38;2;189;206;255;48;2;16;16;16m▀[38;2;98;123;180;48;2;0;0;0m▀[38;2;98;123;180;48;2;0;0;0m▀[0m
[0m [38;2;0;0;0m▀[38;2;0;0;0m▄[38;2;0;0;0;48;2;0;0;0m▀[38;2;16;16;16;48;2;16;16;16m▀[38;2;153;144;147;48;2;99;95;96m▀[38;2;153;144;147;48;2;177;173;174m▀[38;2;177;173;174;48;2;177;173;174m▀[38;2;177;173;174;48;2;177;173;174m▀[38;2;64;64;64;48;2;99;95;96m▀[38;2;64;64;64;48;2;99;95;96m▀[38;2;16;16;16;48;2;153;144;147m▀[38;2;0;0;0;48;2;16;16;16m▀[38;2;0;0;0m▄[0m [0m [0m [0m [0m [0m [38;2;0;0;0m▀[38;2;99;99;99;48;2;0;0;0m▀[38;2;99;99;99;48;2;0;0;0m▀[38;2;255;255;255;48;2;16;16;16m▀[38;2;16;16;16;48;2;16;16;16m▀[38;2;16;16;16;48;2;74;65;123m▀[38;2;255;255;255;48;2;74;65;123m▀[38;2;74;65;123;48;2;98;123;180m▀[38;2;98;123;180;48;2;98;123;180m▀[38;2;98;123;180;48;2;98;123;180m▀[38;2;98;123;180;48;2;98;123;180m▀[38;2;98;123;180;48;2;74;65;123m▀[38;2;98;123;180;48;2;98;123;180m▀[38;2;98;123;180;48;2;98;123;180m▀[38;2;16;16;16;48;2;98;123;180m▀[38;2;16;16;16;48;2;98;123;180m▀[38;2;98;123;180;48;2;98;123;180m▀[38;2;139;180;238;48;2;98;123;180m▀[38;2;139;180;238;48;2;139;180;238m▀[38;2;139;180;238;48;2;139;180;238m▀[38;2;139;180;238;48;2;98;123;180m▀[38;2;139;180;238;48;2;98;123;180m▀[38;2;139;180;238;48;2;74;65;123m▀[38;2;139;180;238;48;2;74;65;123m▀[38;2;16;16;16;48;2;180;82;156m▀[38;2;16;16;16;48;2;180;82;156m▀[38;2;16;16;16;48;2;180;82;156m▀[38;2;16;16;16;48;2;180;82;156m▀[38;2;16;16;16;48;2;180;82;156m▀[38;2;180;82;156;48;2;213;115;189m▀[38;2;180;82;156;48;2;115;32;90m▀[38;2;115;32;90;48;2;0;0;0m▀[38;2;115;32;90;48;2;0;0;0m▀[38;2;0;0;0m▀[38;2;0;0;0m▀[0m [0m [0m
[0m [38;2;0;0;0;48;2;0;0;0m▀[38;2;16;16;16;48;2;16;16;16m▀[38;2;16;16;16;48;2;16;16;16m▀[38;2;99;95;96;48;2;177;173;174m▀[38;2;177;173;174;48;2;177;173;174m▀[38;2;177;173;174;48;2;153;144;147m▀[38;2;153;144;147;48;2;99;95;96m▀[38;2;99;95;96;48;2;153;144;147m▀[38;2;99;95;96;48;2;153;144;147m▀[38;2;99;95;96;48;2;153;144;147m▀[38;2;99;95;96;48;2;177;173;174m▀[38;2;177;173;174;48;2;177;173;174m▀[38;2;64;64;64;48;2;64;64;64m▀[38;2;0;0;0;48;2;0;0;0m▀[0m [0m [0m [0m [0m [0m [0m [38;2;0;0;0m▀[38;2;74;65;123;48;2;0;0;0m▀[38;2;74;65;123;48;2;16;16;16m▀[38;2;98;123;180;48;2;16;16;16m▀[38;2;98;123;180;48;2;16;16;16m▀[38;2;98;123;180;48;2;74;65;123m▀[38;2;16;16;16;48;2;98;123;180m▀[38;2;16;16;16;48;2;98;123;180m▀[38;2;74;65;123;48;2;98;123;180m▀[38;2;98;123;180;48;2;98;123;180m▀[38;2;98;123;180;48;2;98;123;180m▀[38;2;98;123;180;48;2;98;123;180m▀[38;2;98;123;180;48;2;98;123;180m▀[38;2;98;123;180;48;2;98;123;180m▀[38;2;98;123;180;48;2;16;16;16m▀[38;2;98;123;180;48;2;98;123;180m▀[38;2;98;123;180;48;2;16;16;16m▀[38;2;98;123;180;48;2;16;16;16m▀[38;2;16;16;16;48;2;98;123;180m▀[38;2;16;16;16;48;2;98;123;180m▀[38;2;115;32;90;48;2;98;123;180m▀[38;2;180;82;156;48;2;115;32;90m▀[38;2;180;82;156;48;2;180;82;156m▀[38;2;180;82;156;48;2;213;115;189m▀[38;2;213;115;189;48;2;213;115;189m▀[38;2;213;115;189;48;2;115;32;90m▀[38;2;213;115;189;48;2;115;32;90m▀[38;2;115;32;90;48;2;0;0;0m▀[38;2;0;0;0m▀[0m [0m [0m [0m [0m [0m [0m
[0m [38;2;0;0;0;48;2;0;0;0m▀[38;2;16;16;16;48;2;16;16;16m▀[38;2;16;16;16;48;2;16;16;16m▀[38;2;177;173;174;48;2;153;144;147m▀[38;2;177;173;174;48;2;177;173;174m▀[38;2;153;144;147;48;2;177;173;174m▀[38;2;99;95;96;48;2;153;144;147m▀[38;2;153;144;147;48;2;153;144;147m▀[38;2;153;144;147;48;2;153;144;147m▀[38;2;153;144;147;48;2;153;144;147m▀[38;2;177;173;174;48;2;153;144;147m▀[38;2;177;173;174;48;2;153;144;147m▀[38;2;64;64;64;48;2;16;16;16m▀[38;2;0;0;0;48;2;0;0;0m▀[0m [0m [0m [0m [0m [0m [0m [38;2;0;0;0m▄[38;2;0;0;0;48;2;98;123;180m▀[38;2;16;16;16;48;2;189;206;255m▀[38;2;16;16;16;48;2;189;206;255m▀[38;2;16;16;16;48;2;139;180;238m▀[38;2;74;65;123;48;2;139;180;238m▀[38;2;98;123;180;48;2;98;123;180m▀[38;2;98;123;180;48;2;98;123;180m▀[38;2;98;123;180;48;2;98;123;180m▀[38;2;98;123;180;48;2;98;123;180m▀[38;2;98;123;180;48;2;98;123;180m▀[38;2;98;123;180;48;2;139;180;238m▀[38;2;98;123;180;48;2;139;180;238m▀[38;2;98;123;180;48;2;139;180;238m▀[38;2;16;16;16;48;2;139;180;238m▀[38;2;98;123;180;48;2;16;16;16m▀[38;2;16;16;16;48;2;180;82;156m▀[38;2;16;16;16;48;2;180;82;156m▀[38;2;98;123;180;48;2;115;32;90m▀[38;2;98;123;180;48;2;115;32;90m▀[38;2;98;123;180;48;2;115;32;90m▀[38;2;115;32;90;48;2;98;123;180m▀[38;2;180;82;156;48;2;115;32;90m▀[38;2;213;115;189;48;2;213;115;189m▀[38;2;213;115;189;48;2;115;32;90m▀[38;2;115;32;90;48;2;0;0;0m▀[38;2;115;32;90;48;2;0;0;0m▀[38;2;0;0;0m▀[0m [0m [0m [0m [0m [0m [0m [0m
[0m [0m [38;2;0;0;0m▀[38;2;0;0;0m▀[38;2;64;64;64;48;2;0;0;0m▀[38;2;153;144;147;48;2;16;16;16m▀[38;2;153;144;147;48;2;153;144;147m▀[38;2;153;144;147;48;2;153;144;147m▀[38;2;64;64;64;48;2;64;64;64m▀[38;2;153;144;147;48;2;98;123;180m▀[38;2;153;144;147;48;2;98;123;180m▀[38;2;153;144;147;48;2;99;95;96m▀[38;2;64;64;64;48;2;16;16;16m▀[38;2;0;0;0;48;2;0;0;0m▀[0m [0m [0m [0m [0m [0m [0m [0m [38;2;0;0;0;48;2;0;0;0m▀[38;2;98;123;180;48;2;98;123;180m▀[38;2;189;206;255;48;2;139;180;238m▀[38;2;189;206;255;48;2;189;206;255m▀[38;2;189;206;255;48;2;189;206;255m▀[38;2;139;180;238;48;2;139;180;238m▀[38;2;139;180;238;48;2;139;180;238m▀[38;2;139;180;238;48;2;139;180;238m▀[38;2;74;65;123;48;2;139;180;238m▀[38;2;98;123;180;48;2;74;65;123m▀[38;2;139;180;238;48;2;74;65;123m▀[38;2;139;180;238;48;2;139;180;238m▀[38;2;139;180;238;48;2;139;180;238m▀[38;2;139;180;238;48;2;139;180;238m▀[38;2;139;180;238;48;2;139;180;238m▀[38;2;16;16;16;48;2;16;16;16m▀[38;2;180;82;156;48;2;115;32;90m▀[38;2;213;115;189;48;2;115;32;90m▀[38;2;213;115;189;48;2;115;32;90m▀[38;2;213;115;189;48;2;115;32;90m▀[38;2;213;115;189;48;2;213;115;189m▀[38;2;115;32;90;48;2;213;115;189m▀[38;2;139;180;238;48;2;16;16;16m▀[38;2;115;32;90;48;2;139;180;238m▀[38;2;115;32;90;48;2;115;32;90m▀[38;2;0;0;0;48;2;0;0;0m▀[0m [0m [0m [0m [0m [0m [0m [0m [0m [0m
[0m [0m [0m [0m [38;2;0;0;0m▀[38;2;16;16;16;48;2;0;0;0m▀[38;2;99;95;96;48;2;16;16;16m▀[38;2;98;123;180;48;2;74;65;123m▀[38;2;139;180;238;48;2;139;180;238m▀[38;2;98;123;180;48;2;98;123;180m▀[38;2;98;123;180;48;2;98;123;180m▀[38;2;16;16;16;48;2;0;0;0m▀[38;2;0;0;0m▀[0m [0m [0m [0m [0m [0m [0m [38;2;0;0;0m▄[38;2;0;0;0;48;2;16;16;16m▀[38;2;0;0;0;48;2;16;16;16m▀[38;2;115;32;90;48;2;115;32;90m▀[38;2;98;123;180;48;2;180;82;156m▀[38;2;139;180;238;48;2;74;65;123m▀[38;2;139;180;238;48;2;74;65;123m▀[38;2;139;180;238;48;2;139;180;238m▀[38;2;74;65;123;48;2;74;65;123m▀[38;2;74;65;123;48;2;74;65;123m▀[38;2;139;180;238;48;2;74;65;123m▀[38;2;74;65;123;48;2;98;123;180m▀[38;2;139;180;238;48;2;16;16;16m▀[38;2;16;16;16;48;2;16;16;16m▀[38;2;139;180;238;48;2;139;180;238m▀[38;2;139;180;238;48;2;139;180;238m▀[38;2;139;180;238;48;2;139;180;238m▀[38;2;16;16;16;48;2;139;180;238m▀[38;2;0;0;0;48;2;16;16;16m▀[38;2;0;0;0;48;2;0;0;0m▀[38;2;0;0;0m▀[38;2;0;0;0m▀[38;2;115;32;90;48;2;0;0;0m▀[38;2;115;32;90;48;2;0;0;0m▀[38;2;16;16;16;48;2;0;0;0m▀[38;2;189;206;255;48;2;98;123;180m▀[38;2;74;65;123;48;2;74;65;123m▀[38;2;0;0;0;48;2;0;0;0m▀[0m [0m [0m [0m [0m [0m [0m [0m [0m [0m
[0m [0m [0m [0m [0m [0m [38;2;0;0;0;48;2;0;0;0m▀[38;2;16;16;16;48;2;16;16;16m▀[38;2;139;180;238;48;2;139;180;238m▀[38;2;139;180;238;48;2;139;180;238m▀[38;2;139;180;238;48;2;139;180;238m▀[38;2;98;123;180;48;2;98;123;180m▀[38;2;0;0;0;48;2;0;0;0m▀[0m [0m [0m [0m [0m [0m [0m [38;2;0;0;0;48;2;0;0;0m▀[38;2;16;16;16;48;2;16;16;16m▀[38;2;16;16;16;48;2;16;16;16m▀[38;2;115;32;90;48;2;115;32;90m▀[38;2;180;82;156;48;2;180;82;156m▀[38;2;115;32;90;48;2;115;32;90m▀[38;2;98;123;180;48;2;98;123;180m▀[38;2;16;16;16;48;2;16;16;16m▀[38;2;16;16;16;48;2;16;16;16m▀[38;2;16;16;16;48;2;16;16;16m▀[38;2;16;16;16;48;2;16;16;16m▀[38;2;16;16;16;48;2;16;16;16m▀[38;2;98;123;180;48;2;98;123;180m▀[38;2;98;123;180;48;2;98;123;180m▀[38;2;74;65;123;48;2;74;65;123m▀[38;2;74;65;123;48;2;74;65;123m▀[38;2;139;180;238;48;2;139;180;238m▀[38;2;139;180;238;48;2;139;180;238m▀[38;2;16;16;16;48;2;16;16;16m▀[38;2;0;0;0;48;2;0;0;0m▀[0m [0m [0m [0m [0m [38;2;0;0;0m▀[38;2;0;0;0m▀[0m [0m [0m [0m [0m [0m [0m [0m [0m [0m [0m
[0m [0m [0m [0m [0m [0m [38;2;0;0;0m▀[38;2;16;16;16;48;2;0;0;0m▀[38;2;98;123;180;48;2;74;65;123m▀[38;2;139;180;238;48;2;139;180;238m▀[38;2;139;180;238;48;2;139;180;238m▀[38;2;139;180;238;48;2;139;180;238m▀[38;2;74;65;123;48;2;98;123;180m▀[38;2;0;0;0;48;2;74;65;123m▀[38;2;0;0;0;48;2;74;65;123m▀[38;2;0;0;0m▄[38;2;0;0;0m▄[38;2;0;0;0m▄[38;2;0;0;0m▄[38;2;0;0;0;48;2;74;65;123m▀[38;2;16;16;16;48;2;98;123;180m▀[38;2;98;123;180;48;2;98;123;180m▀[38;2;98;123;180;48;2;98;123;180m▀[38;2;115;32;90;48;2;115;32;90m▀[38;2;213;115;189;48;2;115;32;90m▀[38;2;115;32;90;48;2;98;123;180m▀[38;2;98;123;180;48;2;139;180;238m▀[38;2;115;32;90;48;2;115;32;90m▀[38;2;180;82;156;48;2;180;82;156m▀[38;2;180;82;156;48;2;180;82;156m▀[38;2;180;82;156;48;2;213;115;189m▀[38;2;180;82;156;48;2;180;82;156m▀[38;2;115;32;90;48;2;180;82;156m▀[38;2;98;123;180;48;2;115;32;90m▀[38;2;139;180;238;48;2;139;180;238m▀[38;2;139;180;238;48;2;139;180;238m▀[38;2;74;65;123;48;2;16;16;16m▀[38;2;139;180;238;48;2;139;180;238m▀[38;2;16;16;16;48;2;16;16;16m▀[38;2;74;65;123;48;2;98;123;180m▀[38;2;0;0;0;48;2;74;65;123m▀[38;2;0;0;0;48;2;74;65;123m▀[38;2;0;0;0m▄[0m [0m [0m [0m [0m [0m [0m [0m [0m [0m [0m [0m [0m [0m [0m
[0m [0m [0m [0m [0m [0m [0m [38;2;0;0;0m▀[38;2;16;16;16;48;2;0;0;0m▀[38;2;98;123;180;48;2;74;65;123m▀[38;2;98;123;180;48;2;74;65;123m▀[38;2;139;180;238;48;2;98;123;180m▀[38;2;139;180;238;48;2;98;123;180m▀[38;2;139;180;238;48;2;139;180;238m▀[38;2;98;123;180;48;2;139;180;238m▀[38;2;74;65;123;48;2;139;180;238m▀[38;2;74;65;123;48;2;139;180;238m▀[38;2;74;65;123;48;2;98;123;180m▀[38;2;74;65;123;48;2;74;65;123m▀[38;2;98;123;180;48;2;139;180;238m▀[38;2;139;180;238;48;2;139;180;238m▀[38;2;139;180;238;48;2;74;65;123m▀[38;2;139;180;238;48;2;74;65;123m▀[38;2;74;65;123;48;2;74;65;123m▀[38;2;139;180;238;48;2;74;65;123m▀[38;2;139;180;238;48;2;16;16;16m▀[38;2;115;32;90;48;2;115;32;90m▀[38;2;180;82;156;48;2;115;32;90m▀[38;2;213;115;189;48;2;115;32;90m▀[38;2;213;115;189;48;2;115;32;90m▀[38;2;213;115;189;48;2;213;115;189m▀[38;2;213;115;189;48;2;213;115;189m▀[38;2;180;82;156;48;2;180;82;156m▀[38;2;115;32;90;48;2;180;82;156m▀[38;2;98;123;180;48;2;115;32;90m▀[38;2;98;123;180;48;2;115;32;90m▀[38;2;139;180;238;48;2;189;206;255m▀[38;2;16;16;16;48;2;16;16;16m▀[38;2;98;123;180;48;2;139;180;238m▀[38;2;139;180;238;48;2;139;180;238m▀[38;2;74;65;123;48;2;139;180;238m▀[38;2;74;65;123;48;2;139;180;238m▀[38;2;0;0;0;48;2;98;123;180m▀[38;2;0;0;0m▄[0m [0m [0m [0m [0m [0m [0m [0m [0m [0m [0m [0m [0m [0m
[0m [0m [0m [0m [0m [0m [0m [0m [0m [38;2;0;0;0m▀[38;2;0;0;0;48;2;0;0;0m▀[38;2;16;16;16;48;2;16;16;16m▀[38;2;98;123;180;48;2;98;123;180m▀[38;2;98;123;180;48;2;98;123;180m▀[38;2;98;123;180;48;2;98;123;180m▀[38;2;98;123;180;48;2;98;123;180m▀[38;2;98;123;180;48;2;98;123;180m▀[38;2;98;123;180;48;2;98;123;180m▀[38;2;74;65;123;48;2;74;65;123m▀[38;2;139;180;238;48;2;139;180;238m▀[38;2;139;180;238;48;2;139;180;238m▀[38;2;139;180;238;48;2;139;180;238m▀[38;2;139;180;238;48;2;139;180;238m▀[38;2;139;180;238;48;2;139;180;238m▀[38;2;139;180;238;48;2;139;180;238m▀[38;2;139;180;238;48;2;139;180;238m▀[38;2;98;123;180;48;2;98;123;180m▀[38;2;98;123;180;48;2;98;123;180m▀[38;2;139;180;238;48;2;139;180;238m▀[38;2;139;180;238;48;2;139;180;238m▀[38;2;115;32;90;48;2;115;32;90m▀[38;2;115;32;90;48;2;115;32;90m▀[38;2;115;32;90;48;2;115;32;90m▀[38;2;180;82;156;48;2;180;82;156m▀[38;2;115;32;90;48;2;115;32;90m▀[38;2;115;32;90;48;2;115;32;90m▀[38;2;189;206;255;48;2;189;206;255m▀[38;2;74;65;123;48;2;74;65;123m▀[38;2;139;180;238;48;2;139;180;238m▀[38;2;139;180;238;48;2;139;180;238m▀[38;2;139;180;238;48;2;139;180;238m▀[38;2;139;180;238;48;2;139;180;238m▀[38;2;98;123;180;48;2;98;123;180m▀[38;2;0;0;0;48;2;0;0;0m▀[0m [0m [0m [0m [0m [0m [0m [0m [0m [0m [0m [0m [0m [0m
[0m [0m [0m [0m [0m [0m [0m [0m [0m [0m [0m [38;2;0;0;0m▀[38;2;16;16;16;48;2;0;0;0m▀[38;2;98;123;180;48;2;16;16;16m▀[38;2;98;123;180;48;2;16;16;16m▀[38;2;98;123;180;48;2;98;123;180m▀[38;2;98;123;180;48;2;98;123;180m▀[38;2;98;123;180;48;2;98;123;180m▀[38;2;16;16;16;48;2;16;16;16m▀[38;2;98;123;180;48;2;98;123;180m▀[38;2;139;180;238;48;2;98;123;180m▀[38;2;139;180;238;48;2;139;180;238m▀[38;2;139;180;238;48;2;139;180;238m▀[38;2;139;180;238;48;2;139;180;238m▀[38;2;139;180;238;48;2;139;180;238m▀[38;2;139;180;238;48;2;98;123;180m▀[38;2;98;123;180;48;2;98;123;180m▀[38;2;74;65;123;48;2;74;65;123m▀[38;2;139;180;238;48;2;139;180;238m▀[38;2;139;180;238;48;2;139;180;238m▀[38;2;139;180;238;48;2;139;180;238m▀[38;2;139;180;238;48;2;139;180;238m▀[38;2;139;180;238;48;2;16;16;16m▀[38;2;115;32;90;48;2;16;16;16m▀[38;2;115;32;90;48;2;98;123;180m▀[38;2;115;32;90;48;2;98;123;180m▀[38;2;98;123;180;48;2;74;65;123m▀[38;2;74;65;123;48;2;98;123;180m▀[38;2;98;123;180;48;2;98;123;180m▀[38;2;139;180;238;48;2;98;123;180m▀[38;2;139;180;238;48;2;16;16;16m▀[38;2;139;180;238;48;2;16;16;16m▀[38;2;74;65;123;48;2;0;0;0m▀[38;2;0;0;0m▀[0m [0m [0m [0m [0m [0m [0m [0m [0m [0m [0m [0m [0m [0m
[0m [0m [0m [0m [0m [0m [0m [0m [0m [0m [0m [0m [0m [38;2;0;0;0m▀[38;2;0;0;0m▀[38;2;16;16;16;48;2;0;0;0m▀[38;2;16;16;16;48;2;0;0;0m▀[38;2;16;16;16;48;2;0;0;0m▀[38;2;16;16;16;48;2;0;0;0m▀[38;2;16;16;16;48;2;16;16;16m▀[38;2;98;123;180;48;2;98;123;180m▀[38;2;98;123;180;48;2;98;123;180m▀[38;2;98;123;180;48;2;98;123;180m▀[38;2;98;123;180;48;2;98;123;180m▀[38;2;98;123;180;48;2;98;123;180m▀[38;2;98;123;180;48;2;74;65;123m▀[38;2;74;65;123;48;2;0;0;0m▀[38;2;16;16;16;48;2;0;0;0m▀[38;2;16;16;16;48;2;0;0;0m▀[38;2;16;16;16;48;2;0;0;0m▀[38;2;16;16;16;48;2;0;0;0m▀[38;2;16;16;16;48;2;0;0;0m▀[38;2;98;123;180;48;2;74;65;123m▀[38;2;98;123;180;48;2;98;123;180m▀[38;2;98;123;180;48;2;98;123;180m▀[38;2;98;123;180;48;2;98;123;180m▀[38;2;98;123;180;48;2;98;123;180m▀[38;2;98;123;180;48;2;98;123;180m▀[38;2;98;123;180;48;2;98;123;180m▀[38;2;16;16;16;48;2;16;16;16m▀[38;2;0;0;0;48;2;0;0;0m▀[38;2;0;0;0;48;2;0;0;0m▀[0m [0m [0m [0m [0m [0m [0m [0m [0m [0m [0m [0m [0m [0m [0m [0m
[0m [0m [0m [0m [0m [0m [0m [0m [0m [0m [0m [0m [0m [0m [0m [0m [0m [38;2;0;0;0m▄[38;2;0;0;0;48;2;16;16;16m▀[38;2;16;16;16;48;2;98;123;180m▀[38;2;139;180;238;48;2;98;123;180m▀[38;2;139;180;238;48;2;98;123;180m▀[38;2;139;180;238;48;2;98;123;180m▀[38;2;98;123;180;48;2;98;123;180m▀[38;2;98;123;180;48;2;98;123;180m▀[38;2;74;65;123;48;2;74;65;123m▀[38;2;0;0;0;48;2;0;0;0m▀[0m [0m [0m [0m [0m [38;2;0;0;0m▀[38;2;16;16;16;48;2;0;0;0m▀[38;2;98;123;180;48;2;16;16;16m▀[38;2;98;123;180;48;2;16;16;16m▀[38;2;98;123;180;48;2;98;123;180m▀[38;2;98;123;180;48;2;98;123;180m▀[38;2;98;123;180;48;2;255;255;255m▀[38;2;98;123;180;48;2;74;65;123m▀[38;2;74;65;123;48;2;255;255;255m▀[38;2;74;65;123;48;2;255;255;255m▀[38;2;0;0;0;48;2;74;65;123m▀[38;2;0;0;0m▄[0m [0m [0m [0m [0m [0m [0m [0m [0m [0m [0m [0m [0m [0m
[0m [0m [0m [0m [0m [0m [0m [0m [0m [0m [0m [0m [0m [0m [0m [0m [38;2;0;0;0m▄[38;2;0;0;0;48;2;74;65;123m▀[38;2;16;16;16;48;2;255;255;255m▀[38;2;98;123;180;48;2;74;65;123m▀[38;2;98;123;180;48;2;255;255;255m▀[38;2;98;123;180;48;2;74;65;123m▀[38;2;98;123;180;48;2;74;65;123m▀[38;2;98;123;180;48;2;255;255;255m▀[38;2;98;123;180;48;2;74;65;123m▀[38;2;74;65;123;48;2;0;0;0m▀[38;2;0;0;0m▀[0m [0m [0m [0m [0m [0m [38;2;0;0;0m▀[38;2;16;16;16;48;2;0;0;0m▀[38;2;16;16;16;48;2;0;0;0m▀[38;2;98;123;180;48;2;16;16;16m▀[38;2;98;123;180;48;2;16;16;16m▀[38;2;255;255;255;48;2;16;16;16m▀[38;2;74;65;123;48;2;16;16;16m▀[38;2;255;255;255;48;2;16;16;16m▀[38;2;255;255;255;48;2;16;16;16m▀[38;2;74;65;123;48;2;0;0;0m▀[38;2;0;0;0m▀[0m [0m [0m [0m [0m [0m [0m [0m [0m [0m [0m [0m [0m [0m
