[0m [0m [0m [0m [0m [0m [0m [0m [0m [0m [0m [38;2;0;0;0m▄[38;2;0;0;0;48;2;90;49;24m▀[38;2;90;49;24;48;2;197;115;65m▀[38;2;16;16;16;48;2;197;115;65m▀[38;2;0;0;0;48;2;16;16;16m▀[38;2;0;0;0;48;2;16;16;16m▀[38;2;0;0;0m▄[0m [0m [0m [0m [0m [0m [38;2;0;0;0m▄[38;2;0;0;0;48;2;90;49;24m▀[38;2;90;49;24;48;2;197;115;65m▀[38;2;90;49;24;48;2;197;115;65m▀[38;2;0;0;0;48;2;90;49;24m▀[38;2;0;0;0m▄[38;2;0;0;0m▄[0m [0m [0m [0m [0m [0m [0m [0m [0m [0m [0m [0m [0m [0m [0m [0m
[0m [0m [0m [0m [0m [0m [0m [0m [0m [0m [0m [38;2;0;0;0;48;2;0;0;0m▀[38;2;90;49;24;48;2;90;49;24m▀[38;2;213;57;74;48;2;213;57;74m▀[38;2;197;115;65;48;2;197;115;65m▀[38;2;197;115;65;48;2;197;115;65m▀[38;2;197;115;65;48;2;197;115;65m▀[38;2;16;16;16;48;2;16;16;16m▀[38;2;0;0;0;48;2;0;0;0m▀[38;2;0;0;0m▄[38;2;0;0;0m▄[38;2;0;0;0m▄[38;2;0;0;0m▄[38;2;0;0;0;48;2;0;0;0m▀[38;2;90;49;24;48;2;90;49;24m▀[38;2;197;115;65;48;2;197;115;65m▀[38;2;213;57;74;48;2;213;57;74m▀[38;2;164;90;90;48;2;164;90;90m▀[38;2;197;115;65;48;2;197;115;65m▀[38;2;90;49;24;48;2;90;49;24m▀[38;2;90;49;24;48;2;90;49;24m▀[38;2;0;0;0;48;2;0;0;0m▀[0m [0m [0m [0m [0m [0m [0m [0m [0m [0m [0m [0m [0m [0m [0m
[0m [0m [0m [0m [0m [0m [0m [0m [0m [0m [0m [38;2;0;0;0;48;2;0;0;0m▀[38;2;90;49;24;48;2;16;16;16m▀[38;2;213;57;74;48;2;213;57;74m▀[38;2;213;57;74;48;2;255;106;90m▀[38;2;197;115;65;48;2;197;115;65m▀[38;2;197;115;65;48;2;197;115;65m▀[38;2;197;115;65;48;2;197;115;65m▀[38;2;164;90;90;48;2;197;115;65m▀[38;2;164;90;90;48;2;222;156;90m▀[38;2;90;49;24;48;2;222;156;90m▀[38;2;90;49;24;48;2;197;115;65m▀[38;2;90;49;24;48;2;197;115;65m▀[38;2;90;49;24;48;2;197;115;65m▀[38;2;197;115;65;48;2;197;115;65m▀[38;2;213;57;74;48;2;213;57;74m▀[38;2;255;106;90;48;2;255;106;90m▀[38;2;213;57;74;48;2;255;106;90m▀[38;2;197;115;65;48;2;164;90;90m▀[38;2;90;49;24;48;2;90;49;24m▀[38;2;90;49;24;48;2;90;49;24m▀[38;2;0;0;0;48;2;0;0;0m▀[0m [0m [0m [0m [0m [0m [0m [0m [0m [0m [0m [0m [0m [0m [0m
[0m [0m [0m [0m [0m [0m [0m [0m [0m [0m [0m [38;2;0;0;0m▀[38;2;16;16;16;48;2;0;0;0m▀[38;2;213;57;74;48;2;16;16;16m▀[38;2;255;106;90;48;2;164;90;90m▀[38;2;164;90;90;48;2;222;156;90m▀[38;2;164;90;90;48;2;222;156;90m▀[38;2;222;156;90;48;2;222;156;90m▀[38;2;222;156;90;48;2;222;156;90m▀[38;2;222;156;90;48;2;222;156;90m▀[38;2;222;156;90;48;2;222;156;90m▀[38;2;222;156;90;48;2;222;156;90m▀[38;2;197;115;65;48;2;197;115;65m▀[38;2;197;115;65;48;2;197;115;65m▀[38;2;197;115;65;48;2;197;115;65m▀[38;2;164;90;90;48;2;197;115;65m▀[38;2;213;57;74;48;2;164;90;90m▀[38;2;255;106;90;48;2;164;90;90m▀[38;2;164;90;90;48;2;164;90;90m▀[38;2;90;49;24;48;2;16;16;16m▀[38;2;90;49;24;48;2;16;16;16m▀[38;2;0;0;0;48;2;0;0;0m▀[0m [0m [0m [0m [0m [0m [0m [0m [0m [0m [0m [0m [0m [0m [0m
[0m [0m [0m [0m [0m [0m [0m [0m [0m [0m [0m [0m [38;2;0;0;0;48;2;0;0;0m▀[38;2;90;49;24;48;2;90;49;24m▀[38;2;197;115;65;48;2;197;115;65m▀[38;2;197;115;65;48;2;197;115;65m▀[38;2;197;115;65;48;2;197;115;65m▀[38;2;222;156;90;48;2;255;255;255m▀[38;2;222;156;90;48;2;197;115;65m▀[38;2;222;156;90;48;2;197;115;65m▀[38;2;222;156;90;48;2;197;115;65m▀[38;2;197;115;65;48;2;255;255;255m▀[38;2;197;115;65;48;2;197;115;65m▀[38;2;197;115;65;48;2;197;115;65m▀[38;2;197;115;65;48;2;197;115;65m▀[38;2;197;115;65;48;2;197;115;65m▀[38;2;197;115;65;48;2;197;115;65m▀[38;2;197;115;65;48;2;197;115;65m▀[38;2;164;90;90;48;2;164;90;90m▀[38;2;90;49;24;48;2;197;115;65m▀[38;2;90;49;24;48;2;197;115;65m▀[38;2;0;0;0;48;2;16;16;16m▀[38;2;0;0;0m▄[0m [0m [0m [0m [38;2;0;0;0m▄[38;2;0;0;0;48;2;139;106;0m▀[38;2;0;0;0;48;2;139;106;0m▀[38;2;0;0;0;48;2;139;106;0m▀[38;2;0;0;0;48;2;139;106;0m▀[38;2;0;0;0m▄[0m [0m [0m [0m
[0m [0m [0m [0m [0m [0m [0m [0m [0m [0m [0m [0m [38;2;0;0;0;48;2;0;0;0m▀[38;2;90;49;24;48;2;90;49;24m▀[38;2;197;115;65;48;2;197;115;65m▀[38;2;197;115;65;48;2;197;115;65m▀[38;2;197;115;65;48;2;197;115;65m▀[38;2;255;255;255;48;2;16;16;16m▀[38;2;197;115;65;48;2;197;115;65m▀[38;2;197;115;65;48;2;197;115;65m▀[38;2;197;115;65;48;2;197;115;65m▀[38;2;255;255;255;48;2;16;16;16m▀[38;2;197;115;65;48;2;197;115;65m▀[38;2;197;115;65;48;2;197;115;65m▀[38;2;197;115;65;48;2;197;115;65m▀[38;2;197;115;65;48;2;197;115;65m▀[38;2;197;115;65;48;2;197;115;65m▀[38;2;197;115;65;48;2;197;115;65m▀[38;2;164;90;90;48;2;197;115;65m▀[38;2;197;115;65;48;2;164;90;90m▀[38;2;197;115;65;48;2;164;90;90m▀[38;2;16;16;16;48;2;16;16;16m▀[38;2;0;0;0;48;2;0;0;0m▀[0m [0m [38;2;0;0;0m▄[38;2;0;0;0m▄[38;2;0;0;0;48;2;139;106;0m▀[38;2;139;106;0;48;2;255;230;131m▀[38;2;139;106;0;48;2;255;230;131m▀[38;2;139;106;0;48;2;255;230;131m▀[38;2;139;106;0;48;2;255;230;131m▀[38;2;0;0;0;48;2;139;106;0m▀[38;2;0;0;0;48;2;139;106;0m▀[38;2;0;0;0m▄[0m [0m
[0m [0m [0m [0m [0m [0m [0m [0m [0m [0m [0m [38;2;0;0;0;48;2;0;0;0m▀[38;2;164;90;90;48;2;16;16;16m▀[38;2;197;115;65;48;2;197;115;65m▀[38;2;197;115;65;48;2;197;115;65m▀[38;2;197;115;65;48;2;197;115;65m▀[38;2;197;115;65;48;2;197;115;65m▀[38;2;16;16;16;48;2;197;115;65m▀[38;2;197;115;65;48;2;197;115;65m▀[38;2;197;115;65;48;2;197;115;65m▀[38;2;197;115;65;48;2;197;115;65m▀[38;2;16;16;16;48;2;197;115;65m▀[38;2;197;115;65;48;2;197;115;65m▀[38;2;197;115;65;48;2;197;115;65m▀[38;2;197;115;65;48;2;197;115;65m▀[38;2;197;115;65;48;2;197;115;65m▀[38;2;197;115;65;48;2;197;115;65m▀[38;2;197;115;65;48;2;197;115;65m▀[38;2;164;90;90;48;2;197;115;65m▀[38;2;197;115;65;48;2;164;90;90m▀[38;2;197;115;65;48;2;164;90;90m▀[38;2;164;90;90;48;2;164;90;90m▀[38;2;16;16;16;48;2;16;16;16m▀[38;2;0;0;0;48;2;0;0;0m▀[38;2;0;0;0;48;2;139;106;0m▀[38;2;139;106;0;48;2;255;230;131m▀[38;2;139;106;0;48;2;255;230;131m▀[38;2;255;230;131;48;2;255;230;131m▀[38;2;255;230;131;48;2;255;230;131m▀[38;2;255;230;131;48;2;255;230;131m▀[38;2;255;230;131;48;2;222;189;57m▀[38;2;255;230;131;48;2;222;189;57m▀[38;2;255;230;131;48;2;222;189;57m▀[38;2;255;230;131;48;2;222;189;57m▀[38;2;139;106;0;48;2;139;106;0m▀[38;2;0;0;0;48;2;0;0;0m▀[0m
[0m [0m [0m [0m [0m [0m [0m [0m [0m [0m [0m [38;2;0;0;0;48;2;0;0;0m▀[38;2;16;16;16;48;2;16;16;16m▀[38;2;197;115;65;48;2;197;115;65m▀[38;2;197;115;65;48;2;213;57;74m▀[38;2;213;57;74;48;2;255;172;148m▀[38;2;213;57;74;48;2;255;172;148m▀[38;2;115;0;24;48;2;255;172;148m▀[38;2;115;0;24;48;2;255;106;90m▀[38;2;115;0;24;48;2;255;106;90m▀[38;2;115;0;24;48;2;213;57;74m▀[38;2;197;115;65;48;2;115;0;24m▀[38;2;197;115;65;48;2;197;115;65m▀[38;2;197;115;65;48;2;197;115;65m▀[38;2;197;115;65;48;2;197;115;65m▀[38;2;197;115;65;48;2;197;115;65m▀[38;2;197;115;65;48;2;197;115;65m▀[38;2;197;115;65;48;2;164;90;90m▀[38;2;164;90;90;48;2;197;115;65m▀[38;2;197;115;65;48;2;164;90;90m▀[38;2;197;115;65;48;2;164;90;90m▀[38;2;164;90;90;48;2;164;90;90m▀[38;2;16;16;16;48;2;16;16;16m▀[38;2;0;0;0;48;2;0;0;0m▀[38;2;139;106;0;48;2;139;106;0m▀[38;2;222;189;57;48;2;222;189;57m▀[38;2;222;189;57;48;2;222;189;57m▀[38;2;222;189;57;48;2;222;189;57m▀[38;2;222;189;57;48;2;222;189;57m▀[38;2;222;189;57;48;2;139;106;0m▀[38;2;139;106;0;48;2;222;189;57m▀[38;2;139;106;0;48;2;222;189;57m▀[38;2;222;189;57;48;2;139;106;0m▀[38;2;222;189;57;48;2;139;106;0m▀[38;2;222;189;57;48;2;222;189;57m▀[38;2;139;106;0;48;2;139;106;0m▀[0m
[0m [0m [0m [0m [0m [0m [0m [0m [0m [0m [0m [38;2;0;0;0;48;2;0;0;0m▀[38;2;16;16;16;48;2;16;16;16m▀[38;2;197;115;65;48;2;197;115;65m▀[38;2;213;57;74;48;2;115;0;24m▀[38;2;255;172;148;48;2;255;172;148m▀[38;2;255;172;148;48;2;255;172;148m▀[38;2;255;172;148;48;2;255;172;148m▀[38;2;255;106;90;48;2;255;106;90m▀[38;2;255;106;90;48;2;255;106;90m▀[38;2;213;57;74;48;2;213;57;74m▀[38;2;115;0;24;48;2;213;57;74m▀[38;2;197;115;65;48;2;115;0;24m▀[38;2;197;115;65;48;2;115;0;24m▀[38;2;197;115;65;48;2;197;115;65m▀[38;2;197;115;65;48;2;197;115;65m▀[38;2;197;115;65;48;2;197;115;65m▀[38;2;164;90;90;48;2;197;115;65m▀[38;2;197;115;65;48;2;164;90;90m▀[38;2;164;90;90;48;2;164;90;90m▀[38;2;164;90;90;48;2;164;90;90m▀[38;2;164;90;90;48;2;164;90;90m▀[38;2;16;16;16;48;2;16;16;16m▀[38;2;0;0;0;48;2;0;0;0m▀[38;2;139;106;0;48;2;139;106;0m▀[38;2;222;189;57;48;2;222;189;57m▀[38;2;222;189;57;48;2;222;189;57m▀[38;2;222;189;57;48;2;222;189;57m▀[38;2;222;189;57;48;2;222;189;57m▀[38;2;139;106;0;48;2;139;106;0m▀[38;2;222;189;57;48;2;222;189;57m▀[38;2;222;189;57;48;2;222;189;57m▀[38;2;139;106;0;48;2;16;16;16m▀[38;2;139;106;0;48;2;16;16;16m▀[38;2;222;189;57;48;2;222;189;57m▀[38;2;139;106;0;48;2;16;16;16m▀[0m
[0m [0m [38;2;0;0;0m▄[38;2;0;0;0m▄[38;2;0;0;0m▄[38;2;0;0;0;48;2;90;49;24m▀[38;2;0;0;0;48;2;90;49;24m▀[38;2;0;0;0;48;2;90;49;24m▀[38;2;0;0;0m▄[0m [0m [38;2;0;0;0;48;2;0;0;0m▀[38;2;16;16;16;48;2;16;16;16m▀[38;2;197;115;65;48;2;164;90;90m▀[38;2;115;0;24;48;2;197;115;65m▀[38;2;213;57;74;48;2;115;0;24m▀[38;2;213;57;74;48;2;115;0;24m▀[38;2;255;106;90;48;2;16;16;16m▀[38;2;213;57;74;48;2;16;16;16m▀[38;2;213;57;74;48;2;16;16;16m▀[38;2;213;57;74;48;2;16;16;16m▀[38;2;115;0;24;48;2;115;0;24m▀[38;2;115;0;24;48;2;164;90;90m▀[38;2;115;0;24;48;2;164;90;90m▀[38;2;197;115;65;48;2;197;115;65m▀[38;2;197;115;65;48;2;197;115;65m▀[38;2;197;115;65;48;2;164;90;90m▀[38;2;164;90;90;48;2;164;90;90m▀[38;2;197;115;65;48;2;164;90;90m▀[38;2;164;90;90;48;2;164;90;90m▀[38;2;164;90;90;48;2;164;90;90m▀[38;2;164;90;90;48;2;164;90;90m▀[38;2;16;16;16;48;2;90;49;24m▀[38;2;0;0;0;48;2;90;49;24m▀[38;2;0;0;0;48;2;90;49;24m▀[38;2;139;106;0;48;2;0;0;0m▀[38;2;139;106;0;48;2;0;0;0m▀[38;2;222;189;57;48;2;16;16;16m▀[38;2;222;189;57;48;2;222;189;57m▀[38;2;222;189;57;48;2;222;189;57m▀[38;2;222;189;57;48;2;222;189;57m▀[38;2;222;189;57;48;2;16;16;16m▀[38;2;16;16;16;48;2;222;189;57m▀[38;2;16;16;16;48;2;222;189;57m▀[38;2;222;189;57;48;2;222;189;57m▀[38;2;16;16;16;48;2;16;16;16m▀[0m
[38;2;0;0;0m▄[38;2;0;0;0;48;2;90;49;24m▀[38;2;90;49;24;48;2;197;115;65m▀[38;2;90;49;24;48;2;197;115;65m▀[38;2;90;49;24;48;2;197;115;65m▀[38;2;197;115;65;48;2;197;115;65m▀[38;2;197;115;65;48;2;90;49;24m▀[38;2;197;115;65;48;2;197;115;65m▀[38;2;90;49;24;48;2;197;115;65m▀[38;2;0;0;0;48;2;90;49;24m▀[38;2;0;0;0;48;2;90;49;24m▀[38;2;0;0;0;48;2;0;0;0m▀[38;2;16;16;16;48;2;16;16;16m▀[38;2;164;90;90;48;2;164;90;90m▀[38;2;164;90;90;48;2;164;90;90m▀[38;2;197;115;65;48;2;164;90;90m▀[38;2;197;115;65;48;2;164;90;90m▀[38;2;164;90;90;48;2;197;115;65m▀[38;2;164;90;90;48;2;197;115;65m▀[38;2;164;90;90;48;2;197;115;65m▀[38;2;164;90;90;48;2;197;115;65m▀[38;2;164;90;90;48;2;197;115;65m▀[38;2;164;90;90;48;2;164;90;90m▀[38;2;164;90;90;48;2;164;90;90m▀[38;2;197;115;65;48;2;164;90;90m▀[38;2;164;90;90;48;2;164;90;90m▀[38;2;164;90;90;48;2;164;90;90m▀[38;2;164;90;90;48;2;164;90;90m▀[38;2;164;90;90;48;2;164;90;90m▀[38;2;164;90;90;48;2;90;49;24m▀[38;2;164;90;90;48;2;90;49;24m▀[38;2;90;49;24;48;2;197;115;65m▀[38;2;197;115;65;48;2;197;115;65m▀[38;2;197;115;65;48;2;90;49;24m▀[38;2;197;115;65;48;2;197;115;65m▀[38;2;90;49;24;48;2;197;115;65m▀[38;2;90;49;24;48;2;197;115;65m▀[38;2;90;49;24;48;2;197;115;65m▀[38;2;16;16;16;48;2;90;49;24m▀[38;2;16;16;16;48;2;0;0;0m▀[38;2;16;16;16;48;2;16;16;16m▀[38;2;222;189;57;48;2;222;189;57m▀[38;2;222;189;57;48;2;222;189;57m▀[38;2;222;189;57;48;2;222;189;57m▀[38;2;222;189;57;48;2;222;189;57m▀[38;2;16;16;16;48;2;16;16;16m▀[0m
[38;2;0;0;0;48;2;90;49;24m▀[38;2;90;49;24;48;2;197;115;65m▀[38;2;197;115;65;48;2;197;115;65m▀[38;2;197;115;65;48;2;197;115;65m▀[38;2;197;115;65;48;2;90;49;24m▀[38;2;197;115;65;48;2;197;115;65m▀[38;2;90;49;24;48;2;197;115;65m▀[38;2;197;115;65;48;2;16;16;16m▀[38;2;197;115;65;48;2;197;115;65m▀[38;2;90;49;24;48;2;16;16;16m▀[38;2;90;49;24;48;2;16;16;16m▀[38;2;0;0;0;48;2;90;49;24m▀[38;2;16;16;16;48;2;16;16;16m▀[38;2;164;90;90;48;2;164;90;90m▀[38;2;164;90;90;48;2;164;90;90m▀[38;2;164;90;90;48;2;164;90;90m▀[38;2;164;90;90;48;2;164;90;90m▀[38;2;197;115;65;48;2;164;90;90m▀[38;2;197;115;65;48;2;164;90;90m▀[38;2;197;115;65;48;2;164;90;90m▀[38;2;197;115;65;48;2;164;90;90m▀[38;2;197;115;65;48;2;164;90;90m▀[38;2;164;90;90;48;2;164;90;90m▀[38;2;164;90;90;48;2;164;90;90m▀[38;2;164;90;90;48;2;164;90;90m▀[38;2;164;90;90;48;2;164;90;90m▀[38;2;164;90;90;48;2;164;90;90m▀[38;2;164;90;90;48;2;164;90;90m▀[38;2;164;90;90;48;2;164;90;90m▀[38;2;90;49;24;48;2;16;16;16m▀[38;2;90;49;24;48;2;16;16;16m▀[38;2;197;115;65;48;2;197;115;65m▀[38;2;197;115;65;48;2;16;16;16m▀[38;2;90;49;24;48;2;197;115;65m▀[38;2;197;115;65;48;2;197;115;65m▀[38;2;197;115;65;48;2;90;49;24m▀[38;2;197;115;65;48;2;90;49;24m▀[38;2;197;115;65;48;2;197;115;65m▀[38;2;90;49;24;48;2;197;115;65m▀[38;2;0;0;0;48;2;90;49;24m▀[38;2;16;16;16;48;2;222;189;57m▀[38;2;222;189;57;48;2;222;189;57m▀[38;2;222;189;57;48;2;222;189;57m▀[38;2;222;189;57;48;2;222;189;57m▀[38;2;222;189;57;48;2;16;16;16m▀[38;2;16;16;16;48;2;0;0;0m▀[0m
[38;2;16;16;16;48;2;0;0;0m▀[38;2;164;90;90;48;2;16;16;16m▀[38;2;197;115;65;48;2;16;16;16m▀[38;2;197;115;65;48;2;16;16;16m▀[38;2;90;49;24;48;2;16;16;16m▀[38;2;197;115;65;48;2;16;16;16m▀[38;2;197;115;65;48;2;16;16;16m▀[38;2;16;16;16;48;2;164;90;90m▀[38;2;16;16;16;48;2;164;90;90m▀[38;2;197;115;65;48;2;164;90;90m▀[38;2;197;115;65;48;2;164;90;90m▀[38;2;197;115;65;48;2;197;115;65m▀[38;2;90;49;24;48;2;90;49;24m▀[38;2;164;90;90;48;2;164;90;90m▀[38;2;164;90;90;48;2;164;90;90m▀[38;2;164;90;90;48;2;164;90;90m▀[38;2;164;90;90;48;2;164;90;90m▀[38;2;164;90;90;48;2;164;90;90m▀[38;2;164;90;90;48;2;164;90;90m▀[38;2;164;90;90;48;2;164;90;90m▀[38;2;164;90;90;48;2;164;90;90m▀[38;2;164;90;90;48;2;164;90;90m▀[38;2;164;90;90;48;2;164;90;90m▀[38;2;164;90;90;48;2;164;90;90m▀[38;2;164;90;90;48;2;164;90;90m▀[38;2;164;90;90;48;2;164;90;90m▀[38;2;164;90;90;48;2;164;90;90m▀[38;2;164;90;90;48;2;164;90;90m▀[38;2;164;90;90;48;2;164;90;90m▀[38;2;164;90;90;48;2;164;90;90m▀[38;2;164;90;90;48;2;164;90;90m▀[38;2;16;16;16;48;2;164;90;90m▀[38;2;16;16;16;48;2;164;90;90m▀[38;2;197;115;65;48;2;16;16;16m▀[38;2;197;115;65;48;2;16;16;16m▀[38;2;90;49;24;48;2;16;16;16m▀[38;2;90;49;24;48;2;16;16;16m▀[38;2;197;115;65;48;2;16;16;16m▀[38;2;164;90;90;48;2;16;16;16m▀[38;2;16;16;16;48;2;197;115;65m▀[38;2;222;189;57;48;2;90;49;24m▀[38;2;222;189;57;48;2;222;189;57m▀[38;2;222;189;57;48;2;16;16;16m▀[38;2;222;189;57;48;2;16;16;16m▀[38;2;16;16;16;48;2;0;0;0m▀[38;2;0;0;0m▀[0m
[0m [38;2;0;0;0m▀[38;2;0;0;0m▀[38;2;0;0;0m▀[38;2;90;49;24;48;2;0;0;0m▀[38;2;164;90;90;48;2;90;49;24m▀[38;2;164;90;90;48;2;90;49;24m▀[38;2;164;90;90;48;2;164;90;90m▀[38;2;164;90;90;48;2;164;90;90m▀[38;2;164;90;90;48;2;164;90;90m▀[38;2;164;90;90;48;2;164;90;90m▀[38;2;164;90;90;48;2;164;90;90m▀[38;2;164;90;90;48;2;164;90;90m▀[38;2;164;90;90;48;2;164;90;90m▀[38;2;164;90;90;48;2;164;90;90m▀[38;2;164;90;90;48;2;164;90;90m▀[38;2;164;90;90;48;2;164;90;90m▀[38;2;164;90;90;48;2;164;90;90m▀[38;2;164;90;90;48;2;164;90;90m▀[38;2;164;90;90;48;2;164;90;90m▀[38;2;164;90;90;48;2;164;90;90m▀[38;2;164;90;90;48;2;164;90;90m▀[38;2;164;90;90;48;2;164;90;90m▀[38;2;164;90;90;48;2;164;90;90m▀[38;2;164;90;90;48;2;164;90;90m▀[38;2;164;90;90;48;2;164;90;90m▀[38;2;164;90;90;48;2;164;90;90m▀[38;2;164;90;90;48;2;164;90;90m▀[38;2;164;90;90;48;2;164;90;90m▀[38;2;16;16;16;48;2;164;90;90m▀[38;2;16;16;16;48;2;164;90;90m▀[38;2;90;49;24;48;2;16;16;16m▀[38;2;164;90;90;48;2;16;16;16m▀[38;2;164;90;90;48;2;16;16;16m▀[38;2;164;90;90;48;2;164;90;90m▀[38;2;90;49;24;48;2;164;90;90m▀[38;2;90;49;24;48;2;164;90;90m▀[38;2;197;115;65;48;2;164;90;90m▀[38;2;197;115;65;48;2;164;90;90m▀[38;2;197;115;65;48;2;16;16;16m▀[38;2;16;16;16;48;2;255;230;131m▀[38;2;222;189;57;48;2;16;16;16m▀[38;2;16;16;16;48;2;0;0;0m▀[38;2;16;16;16;48;2;0;0;0m▀[38;2;0;0;0m▀[0m [0m
[0m [0m [0m [0m [0m [38;2;0;0;0m▀[38;2;0;0;0;48;2;0;0;0m▀[38;2;90;49;24;48;2;90;49;24m▀[38;2;16;16;16;48;2;16;16;16m▀[38;2;16;16;16;48;2;16;16;16m▀[38;2;16;16;16;48;2;16;16;16m▀[38;2;16;16;16;48;2;16;16;16m▀[38;2;164;90;90;48;2;164;90;90m▀[38;2;164;90;90;48;2;164;90;90m▀[38;2;164;90;90;48;2;164;90;90m▀[38;2;164;90;90;48;2;164;90;90m▀[38;2;164;90;90;48;2;164;90;90m▀[38;2;164;90;90;48;2;164;90;90m▀[38;2;164;90;90;48;2;164;90;90m▀[38;2;164;90;90;48;2;164;90;90m▀[38;2;164;90;90;48;2;164;90;90m▀[38;2;164;90;90;48;2;164;90;90m▀[38;2;164;90;90;48;2;164;90;90m▀[38;2;164;90;90;48;2;164;90;90m▀[38;2;164;90;90;48;2;164;90;90m▀[38;2;164;90;90;48;2;164;90;90m▀[38;2;164;90;90;48;2;164;90;90m▀[38;2;164;90;90;48;2;164;90;90m▀[38;2;164;90;90;48;2;164;90;90m▀[38;2;164;90;90;48;2;164;90;90m▀[38;2;164;90;90;48;2;164;90;90m▀[38;2;164;90;90;48;2;164;90;90m▀[38;2;16;16;16;48;2;16;16;16m▀[38;2;90;49;24;48;2;90;49;24m▀[38;2;16;16;16;48;2;16;16;16m▀[38;2;16;16;16;48;2;16;16;16m▀[38;2;16;16;16;48;2;16;16;16m▀[38;2;16;16;16;48;2;16;16;16m▀[38;2;16;16;16;48;2;16;16;16m▀[38;2;197;115;65;48;2;197;115;65m▀[38;2;16;16;16;48;2;16;16;16m▀[38;2;0;0;0;48;2;0;0;0m▀[0m [0m [0m [0m [0m
[0m [0m [0m [0m [0m [0m [0m [38;2;0;0;0m▀[38;2;0;0;0m▀[38;2;0;0;0m▀[38;2;0;0;0m▀[38;2;0;0;0m▀[38;2;16;16;16;48;2;0;0;0m▀[38;2;164;90;90;48;2;16;16;16m▀[38;2;164;90;90;48;2;16;16;16m▀[38;2;164;90;90;48;2;164;90;90m▀[38;2;164;90;90;48;2;164;90;90m▀[38;2;164;90;90;48;2;164;90;90m▀[38;2;164;90;90;48;2;164;90;90m▀[38;2;164;90;90;48;2;164;90;90m▀[38;2;164;90;90;48;2;164;90;90m▀[38;2;164;90;90;48;2;164;90;90m▀[38;2;164;90;90;48;2;164;90;90m▀[38;2;164;90;90;48;2;164;90;90m▀[38;2;164;90;90;48;2;164;90;90m▀[38;2;164;90;90;48;2;164;90;90m▀[38;2;164;90;90;48;2;164;90;90m▀[38;2;164;90;90;48;2;164;90;90m▀[38;2;164;90;90;48;2;164;90;90m▀[38;2;164;90;90;48;2;16;16;16m▀[38;2;164;90;90;48;2;16;16;16m▀[38;2;16;16;16;48;2;164;90;90m▀[38;2;90;49;24;48;2;164;90;90m▀[38;2;197;115;65;48;2;164;90;90m▀[38;2;197;115;65;48;2;197;115;65m▀[38;2;197;115;65;48;2;164;90;90m▀[38;2;197;115;65;48;2;164;90;90m▀[38;2;197;115;65;48;2;16;16;16m▀[38;2;164;90;90;48;2;16;16;16m▀[38;2;16;16;16;48;2;0;0;0m▀[38;2;0;0;0m▀[0m [0m [0m [0m [0m [0m
[0m [0m [0m [0m [0m [0m [0m [0m [0m [0m [0m [0m [0m [38;2;0;0;0m▀[38;2;0;0;0;48;2;0;0;0m▀[38;2;16;16;16;48;2;16;16;16m▀[38;2;16;16;16;48;2;16;16;16m▀[38;2;164;90;90;48;2;164;90;90m▀[38;2;164;90;90;48;2;164;90;90m▀[38;2;164;90;90;48;2;90;49;24m▀[38;2;164;90;90;48;2;16;16;16m▀[38;2;164;90;90;48;2;16;16;16m▀[38;2;164;90;90;48;2;16;16;16m▀[38;2;164;90;90;48;2;16;16;16m▀[38;2;164;90;90;48;2;16;16;16m▀[38;2;164;90;90;48;2;90;49;24m▀[38;2;164;90;90;48;2;164;90;90m▀[38;2;164;90;90;48;2;164;90;90m▀[38;2;16;16;16;48;2;16;16;16m▀[38;2;164;90;90;48;2;16;16;16m▀[38;2;164;90;90;48;2;16;16;16m▀[38;2;164;90;90;48;2;16;16;16m▀[38;2;164;90;90;48;2;16;16;16m▀[38;2;16;16;16;48;2;0;0;0m▀[38;2;16;16;16;48;2;0;0;0m▀[38;2;16;16;16;48;2;0;0;0m▀[38;2;16;16;16;48;2;0;0;0m▀[38;2;0;0;0m▀[38;2;0;0;0m▀[0m [0m [0m [0m [0m [0m [0m [0m
[0m [0m [0m [0m [0m [0m [0m [0m [0m [0m [0m [0m [0m [38;2;0;0;0;48;2;0;0;0m▀[38;2;16;16;16;48;2;16;16;16m▀[38;2;90;49;24;48;2;90;49;24m▀[38;2;90;49;24;48;2;90;49;24m▀[38;2;164;90;90;48;2;164;90;90m▀[38;2;164;90;90;48;2;164;90;90m▀[38;2;16;16;16;48;2;16;16;16m▀[38;2;0;0;0;48;2;0;0;0m▀[38;2;0;0;0m▀[38;2;0;0;0m▀[38;2;0;0;0m▀[38;2;0;0;0;48;2;0;0;0m▀[38;2;16;16;16;48;2;16;16;16m▀[38;2;164;90;90;48;2;164;90;90m▀[38;2;164;90;90;48;2;164;90;90m▀[38;2;90;49;24;48;2;90;49;24m▀[38;2;16;16;16;48;2;16;16;16m▀[38;2;16;16;16;48;2;16;16;16m▀[38;2;0;0;0;48;2;0;0;0m▀[38;2;0;0;0m▀[0m [0m [0m [0m [0m [0m [0m [0m [0m [0m [0m [0m [0m [0m
[0m [0m [0m [0m [0m [0m [0m [38;2;0;0;0m▄[38;2;0;0;0m▄[38;2;0;0;0m▄[38;2;0;0;0m▄[38;2;0;0;0;48;2;90;49;24m▀[38;2;0;0;0;48;2;90;49;24m▀[38;2;0;0;0;48;2;90;49;24m▀[38;2;16;16;16;48;2;197;115;65m▀[38;2;164;90;90;48;2;197;115;65m▀[38;2;164;90;90;48;2;197;115;65m▀[38;2;164;90;90;48;2;164;90;90m▀[38;2;16;16;16;48;2;16;16;16m▀[38;2;0;0;0;48;2;0;0;0m▀[0m [0m [0m [0m [0m [38;2;0;0;0;48;2;0;0;0m▀[38;2;16;16;16;48;2;16;16;16m▀[38;2;164;90;90;48;2;164;90;90m▀[38;2;164;90;90;48;2;164;90;90m▀[38;2;16;16;16;48;2;164;90;90m▀[38;2;16;16;16;48;2;164;90;90m▀[38;2;0;0;0;48;2;16;16;16m▀[38;2;0;0;0m▄[38;2;0;0;0m▄[38;2;0;0;0m▄[0m [0m [0m [0m [0m [0m [0m [0m [0m [0m [0m [0m
[0m [0m [0m [0m [0m [38;2;0;0;0m▄[38;2;0;0;0;48;2;139;106;0m▀[38;2;139;106;0;48;2;222;189;57m▀[38;2;139;106;0;48;2;139;106;0m▀[38;2;139;106;0;48;2;222;189;57m▀[38;2;139;106;0;48;2;222;189;57m▀[38;2;222;189;57;48;2;139;106;0m▀[38;2;222;189;57;48;2;222;189;57m▀[38;2;197;115;65;48;2;255;230;131m▀[38;2;197;115;65;48;2;197;115;65m▀[38;2;197;115;65;48;2;197;115;65m▀[38;2;197;115;65;48;2;197;115;65m▀[38;2;164;90;90;48;2;197;115;65m▀[38;2;164;90;90;48;2;164;90;90m▀[38;2;16;16;16;48;2;16;16;16m▀[38;2;0;0;0;48;2;0;0;0m▀[0m [0m [0m [0m [38;2;0;0;0m▄[38;2;0;0;0;48;2;16;16;16m▀[38;2;16;16;16;48;2;164;90;90m▀[38;2;164;90;90;48;2;164;90;90m▀[38;2;164;90;90;48;2;197;115;65m▀[38;2;164;90;90;48;2;197;115;65m▀[38;2;164;90;90;48;2;197;115;65m▀[38;2;16;16;16;48;2;197;115;65m▀[38;2;16;16;16;48;2;222;189;57m▀[38;2;16;16;16;48;2;222;189;57m▀[38;2;0;0;0;48;2;16;16;16m▀[38;2;0;0;0;48;2;16;16;16m▀[38;2;0;0;0;48;2;16;16;16m▀[38;2;0;0;0;48;2;16;16;16m▀[38;2;0;0;0m▄[0m [0m [0m [0m [0m [0m [0m
[0m [0m [0m [0m [38;2;0;0;0;48;2;0;0;0m▀[38;2;16;16;16;48;2;16;16;16m▀[38;2;222;189;57;48;2;222;189;57m▀[38;2;139;106;0;48;2;16;16;16m▀[38;2;222;189;57;48;2;222;189;57m▀[38;2;139;106;0;48;2;16;16;16m▀[38;2;139;106;0;48;2;16;16;16m▀[38;2;222;189;57;48;2;222;189;57m▀[38;2;222;189;57;48;2;222;189;57m▀[38;2;222;189;57;48;2;16;16;16m▀[38;2;255;230;131;48;2;16;16;16m▀[38;2;16;16;16;48;2;0;0;0m▀[38;2;16;16;16;48;2;0;0;0m▀[38;2;16;16;16;48;2;0;0;0m▀[38;2;16;16;16;48;2;0;0;0m▀[38;2;0;0;0m▀[0m [0m [0m [0m [0m [38;2;0;0;0m▀[38;2;16;16;16;48;2;0;0;0m▀[38;2;164;90;90;48;2;16;16;16m▀[38;2;197;115;65;48;2;16;16;16m▀[38;2;197;115;65;48;2;16;16;16m▀[38;2;197;115;65;48;2;16;16;16m▀[38;2;197;115;65;48;2;255;230;131m▀[38;2;255;230;131;48;2;222;189;57m▀[38;2;222;189;57;48;2;222;189;57m▀[38;2;139;106;0;48;2;222;189;57m▀[38;2;222;189;57;48;2;139;106;0m▀[38;2;222;189;57;48;2;139;106;0m▀[38;2;139;106;0;48;2;222;189;57m▀[38;2;222;189;57;48;2;139;106;0m▀[38;2;16;16;16;48;2;222;189;57m▀[38;2;0;0;0;48;2;16;16;16m▀[38;2;0;0;0m▄[0m [0m [0m [0m [0m
[0m [0m [0m [0m [38;2;0;0;0m▀[38;2;16;16;16;48;2;0;0;0m▀[38;2;222;189;57;48;2;16;16;16m▀[38;2;16;16;16;48;2;16;16;16m▀[38;2;222;189;57;48;2;16;16;16m▀[38;2;16;16;16;48;2;16;16;16m▀[38;2;16;16;16;48;2;16;16;16m▀[38;2;222;189;57;48;2;16;16;16m▀[38;2;222;189;57;48;2;16;16;16m▀[38;2;16;16;16;48;2;0;0;0m▀[38;2;16;16;16;48;2;0;0;0m▀[38;2;0;0;0m▀[0m [0m [0m [0m [0m [0m [0m [0m [0m [0m [38;2;0;0;0m▀[38;2;16;16;16;48;2;0;0;0m▀[38;2;16;16;16;48;2;0;0;0m▀[38;2;16;16;16;48;2;0;0;0m▀[38;2;16;16;16;48;2;0;0;0m▀[38;2;255;230;131;48;2;16;16;16m▀[38;2;222;189;57;48;2;16;16;16m▀[38;2;222;189;57;48;2;222;189;57m▀[38;2;222;189;57;48;2;222;189;57m▀[38;2;139;106;0;48;2;16;16;16m▀[38;2;139;106;0;48;2;16;16;16m▀[38;2;222;189;57;48;2;222;189;57m▀[38;2;139;106;0;48;2;16;16;16m▀[38;2;222;189;57;48;2;222;189;57m▀[38;2;16;16;16;48;2;16;16;16m▀[38;2;0;0;0;48;2;0;0;0m▀[0m [0m [0m [0m [0m
