[0m [0m [0m [0m [0m [0m [0m [0m [0m [0m [0m [0m [38;2;0;0;0m▄[38;2;0;0;0;48;2;32;101;117m▀[38;2;32;101;117;48;2;126;185;194m▀[38;2;0;0;0;48;2;32;101;117m▀[38;2;0;0;0;48;2;32;101;117m▀[38;2;0;0;0m▄[0m [0m [0m [0m [0m [0m [0m [0m [38;2;0;0;0m▄[38;2;0;0;0;48;2;32;101;117m▀[38;2;0;0;0m▄[0m [0m [0m [0m [0m [0m [0m [0m [0m [0m [0m [0m [0m [0m [0m [0m [0m [0m
[0m [0m [0m [0m [0m [0m [0m [0m [0m [0m [0m [0m [38;2;0;0;0;48;2;0;0;0m▀[38;2;32;101;117;48;2;32;101;117m▀[38;2;126;185;194;48;2;126;185;194m▀[38;2;32;101;117;48;2;32;101;117m▀[38;2;32;101;117;48;2;32;101;117m▀[38;2;0;0;0;48;2;0;0;0m▀[0m [0m [0m [0m [0m [0m [0m [38;2;0;0;0;48;2;0;0;0m▀[38;2;32;101;117;48;2;32;101;117m▀[38;2;126;185;194;48;2;126;185;194m▀[38;2;32;101;117;48;2;32;101;117m▀[38;2;0;0;0;48;2;0;0;0m▀[0m [0m [0m [0m [0m [0m [0m [0m [0m [0m [0m [0m [0m [0m [0m [0m [0m
[0m [0m [0m [0m [0m [0m [38;2;0;0;0m▄[38;2;0;0;0;48;2;11;11;11m▀[38;2;0;0;0;48;2;11;11;11m▀[38;2;0;0;0;48;2;11;11;11m▀[38;2;0;0;0;48;2;11;11;11m▀[38;2;0;0;0m▄[38;2;0;0;0;48;2;0;0;0m▀[38;2;32;101;117;48;2;32;101;117m▀[38;2;126;185;194;48;2;126;185;194m▀[38;2;32;101;117;48;2;32;101;117m▀[38;2;32;101;117;48;2;32;101;117m▀[38;2;0;0;0;48;2;0;0;0m▀[38;2;0;0;0m▄[38;2;0;0;0m▄[38;2;0;0;0m▄[0m [0m [0m [38;2;0;0;0m▄[38;2;0;0;0;48;2;32;101;117m▀[38;2;32;101;117;48;2;126;185;194m▀[38;2;126;185;194;48;2;32;101;117m▀[38;2;32;101;117;48;2;0;0;0m▀[38;2;0;0;0;48;2;0;0;0m▀[38;2;0;0;0m▄[38;2;0;0;0m▄[38;2;0;0;0;48;2;11;11;11m▀[38;2;0;0;0;48;2;11;11;11m▀[38;2;0;0;0;48;2;11;11;11m▀[38;2;0;0;0;48;2;11;11;11m▀[38;2;0;0;0;48;2;11;11;11m▀[38;2;0;0;0m▄[0m [0m [0m [0m [0m [0m [0m [0m [0m
[0m [0m [0m [0m [0m [38;2;0;0;0;48;2;0;0;0m▀[38;2;11;11;11;48;2;11;11;11m▀[38;2;11;11;11;48;2;11;11;11m▀[38;2;11;11;11;48;2;11;11;11m▀[38;2;11;11;11;48;2;11;11;11m▀[38;2;11;11;11;48;2;11;11;11m▀[38;2;11;11;11;48;2;11;11;11m▀[38;2;11;11;11;48;2;11;11;11m▀[38;2;32;101;117;48;2;32;101;117m▀[38;2;126;185;194;48;2;126;185;194m▀[38;2;32;101;117;48;2;32;101;117m▀[38;2;32;101;117;48;2;32;101;117m▀[38;2;0;0;0;48;2;220;159;77m▀[38;2;220;159;77;48;2;247;203;93m▀[38;2;220;159;77;48;2;247;203;93m▀[38;2;220;159;77;48;2;247;220;142m▀[38;2;0;0;0;48;2;220;159;77m▀[38;2;0;0;0m▄[38;2;0;0;0m▄[38;2;0;0;0;48;2;0;0;0m▀[38;2;32;101;117;48;2;32;101;117m▀[38;2;126;185;194;48;2;126;185;194m▀[38;2;32;101;117;48;2;32;101;117m▀[38;2;0;0;0;48;2;11;11;11m▀[38;2;11;11;11;48;2;11;11;11m▀[38;2;11;11;11;48;2;11;11;11m▀[38;2;11;11;11;48;2;11;11;11m▀[38;2;11;11;11;48;2;11;11;11m▀[38;2;11;11;11;48;2;11;11;11m▀[38;2;11;11;11;48;2;11;11;11m▀[38;2;11;11;11;48;2;11;11;11m▀[38;2;11;11;11;48;2;11;11;11m▀[38;2;11;11;11;48;2;11;11;11m▀[38;2;0;0;0;48;2;0;0;0m▀[0m [0m [0m [0m [0m [0m [0m [0m
[0m [0m [0m [0m [0m [38;2;0;0;0;48;2;0;0;0m▀[38;2;11;11;11;48;2;11;11;11m▀[38;2;11;11;11;48;2;11;11;11m▀[38;2;117;32;0;48;2;117;32;0m▀[38;2;194;109;32;48;2;194;109;32m▀[38;2;194;109;32;48;2;194;109;32m▀[38;2;11;11;11;48;2;194;109;32m▀[38;2;11;11;11;48;2;11;11;11m▀[38;2;32;101;117;48;2;32;101;117m▀[38;2;126;185;194;48;2;126;185;194m▀[38;2;220;159;77;48;2;220;159;77m▀[38;2;220;159;77;48;2;220;159;77m▀[38;2;247;203;93;48;2;220;159;77m▀[38;2;247;203;93;48;2;220;159;77m▀[38;2;247;220;142;48;2;247;203;93m▀[38;2;247;220;142;48;2;247;203;93m▀[38;2;247;220;142;48;2;220;159;77m▀[38;2;220;159;77;48;2;220;159;77m▀[38;2;220;159;77;48;2;220;159;77m▀[38;2;32;101;117;48;2;32;101;117m▀[38;2;126;185;194;48;2;126;185;194m▀[38;2;32;101;117;48;2;32;101;117m▀[38;2;11;11;11;48;2;11;11;11m▀[38;2;11;11;11;48;2;11;11;11m▀[38;2;11;11;11;48;2;11;11;11m▀[38;2;11;11;11;48;2;11;11;11m▀[38;2;11;11;11;48;2;117;32;0m▀[38;2;117;32;0;48;2;194;109;32m▀[38;2;117;32;0;48;2;194;109;32m▀[38;2;11;11;11;48;2;11;11;11m▀[38;2;11;11;11;48;2;11;11;11m▀[38;2;11;11;11;48;2;11;11;11m▀[38;2;11;11;11;48;2;11;11;11m▀[38;2;0;0;0;48;2;0;0;0m▀[0m [0m [0m [0m [0m [0m [0m [0m
[0m [0m [0m [0m [0m [38;2;0;0;0m▀[38;2;11;11;11;48;2;0;0;0m▀[38;2;11;11;11;48;2;11;11;11m▀[38;2;117;32;0;48;2;11;11;11m▀[38;2;194;109;32;48;2;194;109;32m▀[38;2;194;109;32;48;2;194;109;32m▀[38;2;194;109;32;48;2;194;109;32m▀[38;2;11;11;11;48;2;194;109;32m▀[38;2;32;101;117;48;2;32;101;117m▀[38;2;126;185;194;48;2;126;185;194m▀[38;2;220;159;77;48;2;220;159;77m▀[38;2;220;159;77;48;2;220;159;77m▀[38;2;220;159;77;48;2;247;203;93m▀[38;2;220;159;77;48;2;247;220;142m▀[38;2;247;203;93;48;2;247;220;142m▀[38;2;247;203;93;48;2;247;220;142m▀[38;2;220;159;77;48;2;247;203;93m▀[38;2;220;159;77;48;2;220;159;77m▀[38;2;220;159;77;48;2;220;159;77m▀[38;2;32;101;117;48;2;32;101;117m▀[38;2;126;185;194;48;2;126;185;194m▀[38;2;32;101;117;48;2;32;101;117m▀[38;2;11;11;11;48;2;11;11;11m▀[38;2;11;11;11;48;2;11;11;11m▀[38;2;11;11;11;48;2;117;32;0m▀[38;2;11;11;11;48;2;117;32;0m▀[38;2;117;32;0;48;2;194;109;32m▀[38;2;194;109;32;48;2;194;109;32m▀[38;2;194;109;32;48;2;194;109;32m▀[38;2;11;11;11;48;2;11;11;11m▀[38;2;11;11;11;48;2;11;11;11m▀[38;2;11;11;11;48;2;11;11;11m▀[38;2;11;11;11;48;2;11;11;11m▀[38;2;0;0;0;48;2;0;0;0m▀[0m [0m [0m [0m [0m [0m [0m [0m
[0m [38;2;0;0;0m▄[38;2;0;0;0m▄[38;2;0;0;0m▄[0m [0m [38;2;0;0;0;48;2;0;0;0m▀[38;2;11;11;11;48;2;11;11;11m▀[38;2;11;11;11;48;2;11;11;11m▀[38;2;117;32;0;48;2;11;11;11m▀[38;2;117;32;0;48;2;11;11;11m▀[38;2;194;109;32;48;2;32;101;117m▀[38;2;32;101;117;48;2;126;185;194m▀[38;2;126;185;194;48;2;168;220;229m▀[38;2;126;185;194;48;2;126;185;194m▀[38;2;220;159;77;48;2;220;159;77m▀[38;2;220;159;77;48;2;220;159;77m▀[38;2;220;159;77;48;2;247;220;142m▀[38;2;247;203;93;48;2;247;220;142m▀[38;2;247;203;93;48;2;247;220;142m▀[38;2;220;159;77;48;2;247;203;93m▀[38;2;220;159;77;48;2;247;203;93m▀[38;2;194;109;32;48;2;194;109;32m▀[38;2;194;109;32;48;2;194;109;32m▀[38;2;77;142;151;48;2;126;185;194m▀[38;2;126;185;194;48;2;126;185;194m▀[38;2;32;101;117;48;2;77;142;151m▀[38;2;11;11;11;48;2;77;142;151m▀[38;2;117;32;0;48;2;77;142;151m▀[38;2;117;32;0;48;2;77;142;151m▀[38;2;117;32;0;48;2;77;142;151m▀[38;2;194;109;32;48;2;77;142;151m▀[38;2;194;109;32;48;2;194;109;32m▀[38;2;117;32;0;48;2;11;11;11m▀[38;2;11;11;11;48;2;11;11;11m▀[38;2;11;11;11;48;2;11;11;11m▀[38;2;11;11;11;48;2;11;11;11m▀[38;2;11;11;11;48;2;11;11;11m▀[38;2;0;0;0;48;2;0;0;0m▀[0m [0m [0m [0m [0m [0m [0m [0m
[38;2;0;0;0;48;2;11;11;11m▀[38;2;32;101;117;48;2;126;185;194m▀[38;2;32;101;117;48;2;126;185;194m▀[38;2;32;101;117;48;2;126;185;194m▀[38;2;0;0;0;48;2;32;101;117m▀[38;2;0;0;0;48;2;32;101;117m▀[38;2;0;0;0;48;2;32;101;117m▀[38;2;0;0;0;48;2;0;0;0m▀[38;2;11;11;11;48;2;11;11;11m▀[38;2;11;11;11;48;2;32;101;117m▀[38;2;11;11;11;48;2;32;101;117m▀[38;2;32;101;117;48;2;126;185;194m▀[38;2;126;185;194;48;2;168;220;229m▀[38;2;168;220;229;48;2;168;220;229m▀[38;2;168;220;229;48;2;168;220;229m▀[38;2;220;159;77;48;2;220;159;77m▀[38;2;220;159;77;48;2;220;159;77m▀[38;2;220;159;77;48;2;247;203;93m▀[38;2;247;203;93;48;2;247;203;93m▀[38;2;220;159;77;48;2;247;203;93m▀[38;2;220;159;77;48;2;247;203;93m▀[38;2;220;159;77;48;2;194;109;32m▀[38;2;194;109;32;48;2;126;185;194m▀[38;2;194;109;32;48;2;126;185;194m▀[38;2;168;220;229;48;2;168;220;229m▀[38;2;126;185;194;48;2;168;220;229m▀[38;2;126;185;194;48;2;126;185;194m▀[38;2;126;185;194;48;2;126;185;194m▀[38;2;77;142;151;48;2;126;185;194m▀[38;2;77;142;151;48;2;126;185;194m▀[38;2;77;142;151;48;2;126;185;194m▀[38;2;77;142;151;48;2;77;142;151m▀[38;2;77;142;151;48;2;77;142;151m▀[38;2;11;11;11;48;2;77;142;151m▀[38;2;11;11;11;48;2;11;11;11m▀[38;2;11;11;11;48;2;11;11;11m▀[38;2;11;11;11;48;2;11;11;11m▀[38;2;0;0;0;48;2;0;0;0m▀[0m [0m [0m [0m [0m [0m [0m [0m [0m
[38;2;11;11;11;48;2;0;0;0m▀[38;2;126;185;194;48;2;11;11;11m▀[38;2;126;185;194;48;2;11;11;11m▀[38;2;126;185;194;48;2;11;11;11m▀[38;2;32;101;117;48;2;126;185;194m▀[38;2;32;101;117;48;2;126;185;194m▀[38;2;32;101;117;48;2;126;185;194m▀[38;2;0;0;0;48;2;32;101;117m▀[38;2;11;11;11;48;2;32;101;117m▀[38;2;32;101;117;48;2;32;101;117m▀[38;2;32;101;117;48;2;32;101;117m▀[38;2;126;185;194;48;2;126;185;194m▀[38;2;168;220;229;48;2;126;185;194m▀[38;2;168;220;229;48;2;126;185;194m▀[38;2;168;220;229;48;2;168;220;229m▀[38;2;220;159;77;48;2;77;142;151m▀[38;2;220;159;77;48;2;77;142;151m▀[38;2;247;203;93;48;2;220;159;77m▀[38;2;247;203;93;48;2;194;109;32m▀[38;2;247;203;93;48;2;194;109;32m▀[38;2;247;203;93;48;2;194;109;32m▀[38;2;194;109;32;48;2;168;220;229m▀[38;2;126;185;194;48;2;168;220;229m▀[38;2;126;185;194;48;2;168;220;229m▀[38;2;168;220;229;48;2;77;142;151m▀[38;2;168;220;229;48;2;168;220;229m▀[38;2;126;185;194;48;2;126;185;194m▀[38;2;126;185;194;48;2;126;185;194m▀[38;2;126;185;194;48;2;126;185;194m▀[38;2;126;185;194;48;2;126;185;194m▀[38;2;126;185;194;48;2;126;185;194m▀[38;2;77;142;151;48;2;77;142;151m▀[38;2;77;142;151;48;2;77;142;151m▀[38;2;77;142;151;48;2;77;142;151m▀[38;2;11;11;11;48;2;77;142;151m▀[38;2;11;11;11;48;2;11;11;11m▀[38;2;11;11;11;48;2;11;11;11m▀[38;2;0;0;0;48;2;0;0;0m▀[38;2;0;0;0m▄[38;2;0;0;0;48;2;32;101;117m▀[38;2;0;0;0;48;2;32;101;117m▀[38;2;0;0;0;48;2;32;101;117m▀[38;2;0;0;0;48;2;32;101;117m▀[38;2;0;0;0;48;2;32;101;117m▀[38;2;0;0;0m▄[0m [0m
[0m [38;2;0;0;0;48;2;0;0;0m▀[38;2;0;0;0;48;2;0;0;0m▀[38;2;0;0;0;48;2;0;0;0m▀[38;2;11;11;11;48;2;0;0;0m▀[38;2;11;11;11;48;2;0;0;0m▀[38;2;11;11;11;48;2;0;0;0m▀[38;2;126;185;194;48;2;11;11;11m▀[38;2;32;101;117;48;2;11;11;11m▀[38;2;126;185;194;48;2;126;185;194m▀[38;2;126;185;194;48;2;126;185;194m▀[38;2;126;185;194;48;2;77;142;151m▀[38;2;77;142;151;48;2;203;194;194m▀[38;2;77;142;151;48;2;203;194;194m▀[38;2;77;142;151;48;2;11;11;11m▀[38;2;168;220;229;48;2;77;142;151m▀[38;2;168;220;229;48;2;77;142;151m▀[38;2;77;142;151;48;2;168;220;229m▀[38;2;168;220;229;48;2;168;220;229m▀[38;2;168;220;229;48;2;168;220;229m▀[38;2;168;220;229;48;2;168;220;229m▀[38;2;168;220;229;48;2;168;220;229m▀[38;2;77;142;151;48;2;168;220;229m▀[38;2;77;142;151;48;2;168;220;229m▀[38;2;168;220;229;48;2;77;142;151m▀[38;2;77;142;151;48;2;11;11;11m▀[38;2;77;142;151;48;2;203;194;194m▀[38;2;77;142;151;48;2;203;194;194m▀[38;2;126;185;194;48;2;77;142;151m▀[38;2;126;185;194;48;2;126;185;194m▀[38;2;126;185;194;48;2;126;185;194m▀[38;2;126;185;194;48;2;126;185;194m▀[38;2;77;142;151;48;2;32;101;117m▀[38;2;77;142;151;48;2;32;101;117m▀[38;2;77;142;151;48;2;32;101;117m▀[38;2;32;101;117;48;2;126;185;194m▀[38;2;32;101;117;48;2;126;185;194m▀[38;2;32;101;117;48;2;126;185;194m▀[38;2;32;101;117;48;2;126;185;194m▀[38;2;126;185;194;48;2;11;11;11m▀[38;2;126;185;194;48;2;11;11;11m▀[38;2;126;185;194;48;2;11;11;11m▀[38;2;126;185;194;48;2;11;11;11m▀[38;2;126;185;194;48;2;11;11;11m▀[38;2;11;11;11;48;2;0;0;0m▀[38;2;0;0;0m▀[0m
[38;2;0;0;0;48;2;11;11;11m▀[38;2;32;101;117;48;2;126;185;194m▀[38;2;32;101;117;48;2;126;185;194m▀[38;2;32;101;117;48;2;126;185;194m▀[38;2;32;101;117;48;2;126;185;194m▀[38;2;0;0;0;48;2;32;101;117m▀[38;2;0;0;0;48;2;32;101;117m▀[38;2;0;0;0;48;2;32;101;117m▀[38;2;32;101;117;48;2;32;101;117m▀[38;2;126;185;194;48;2;126;185;194m▀[38;2;126;185;194;48;2;126;185;194m▀[38;2;32;101;117;48;2;32;101;117m▀[38;2;203;194;194;48;2;247;247;247m▀[38;2;11;11;11;48;2;117;32;0m▀[38;2;11;11;11;48;2;11;11;11m▀[38;2;11;11;11;48;2;11;11;11m▀[38;2;11;11;11;48;2;11;11;11m▀[38;2;168;220;229;48;2;126;185;194m▀[38;2;168;220;229;48;2;126;185;194m▀[38;2;168;220;229;48;2;126;185;194m▀[38;2;168;220;229;48;2;126;185;194m▀[38;2;168;220;229;48;2;126;185;194m▀[38;2;126;185;194;48;2;126;185;194m▀[38;2;126;185;194;48;2;126;185;194m▀[38;2;11;11;11;48;2;11;11;11m▀[38;2;11;11;11;48;2;11;11;11m▀[38;2;11;11;11;48;2;117;32;0m▀[38;2;203;194;194;48;2;247;247;247m▀[38;2;32;101;117;48;2;32;101;117m▀[38;2;126;185;194;48;2;126;185;194m▀[38;2;126;185;194;48;2;126;185;194m▀[38;2;126;185;194;48;2;126;185;194m▀[38;2;126;185;194;48;2;126;185;194m▀[38;2;126;185;194;48;2;11;11;11m▀[38;2;126;185;194;48;2;11;11;11m▀[38;2;11;11;11;48;2;11;11;11m▀[38;2;11;11;11;48;2;11;11;11m▀[38;2;11;11;11;48;2;0;0;0m▀[38;2;11;11;11;48;2;0;0;0m▀[38;2;0;0;0;48;2;0;0;0m▀[38;2;0;0;0;48;2;0;0;0m▀[38;2;0;0;0;48;2;0;0;0m▀[38;2;0;0;0;48;2;0;0;0m▀[38;2;0;0;0;48;2;0;0;0m▀[0m [0m [0m
[38;2;0;0;0;48;2;0;0;0m▀[38;2;11;11;11;48;2;11;11;11m▀[38;2;11;11;11;48;2;11;11;11m▀[38;2;11;11;11;48;2;11;11;11m▀[38;2;11;11;11;48;2;11;11;11m▀[38;2;126;185;194;48;2;126;185;194m▀[38;2;126;185;194;48;2;126;185;194m▀[38;2;126;185;194;48;2;126;185;194m▀[38;2;32;101;117;48;2;32;101;117m▀[38;2;126;185;194;48;2;126;185;194m▀[38;2;126;185;194;48;2;126;185;194m▀[38;2;32;101;117;48;2;32;101;117m▀[38;2;247;247;247;48;2;247;247;247m▀[38;2;117;32;0;48;2;117;32;0m▀[38;2;11;11;11;48;2;11;11;11m▀[38;2;247;247;247;48;2;247;247;247m▀[38;2;247;247;247;48;2;247;247;247m▀[38;2;126;185;194;48;2;126;185;194m▀[38;2;126;185;194;48;2;126;185;194m▀[38;2;126;185;194;48;2;126;185;194m▀[38;2;126;185;194;48;2;126;185;194m▀[38;2;126;185;194;48;2;126;185;194m▀[38;2;126;185;194;48;2;126;185;194m▀[38;2;126;185;194;48;2;126;185;194m▀[38;2;247;247;247;48;2;247;247;247m▀[38;2;11;11;11;48;2;11;11;11m▀[38;2;117;32;0;48;2;117;32;0m▀[38;2;247;247;247;48;2;247;247;247m▀[38;2;32;101;117;48;2;32;101;117m▀[38;2;126;185;194;48;2;126;185;194m▀[38;2;126;185;194;48;2;126;185;194m▀[38;2;126;185;194;48;2;126;185;194m▀[38;2;126;185;194;48;2;126;185;194m▀[38;2;77;142;151;48;2;77;142;151m▀[38;2;77;142;151;48;2;77;142;151m▀[38;2;11;11;11;48;2;11;11;11m▀[38;2;11;11;11;48;2;11;11;11m▀[38;2;0;0;0;48;2;0;0;0m▀[38;2;0;0;0;48;2;0;0;0m▀[38;2;32;101;117;48;2;32;101;117m▀[38;2;32;101;117;48;2;32;101;117m▀[38;2;32;101;117;48;2;32;101;117m▀[38;2;32;101;117;48;2;32;101;117m▀[38;2;32;101;117;48;2;32;101;117m▀[38;2;0;0;0;48;2;0;0;0m▀[0m [0m
[0m [38;2;0;0;0m▀[38;2;0;0;0m▀[38;2;0;0;0m▀[38;2;0;0;0m▀[38;2;11;11;11;48;2;0;0;0m▀[38;2;11;11;11;48;2;0;0;0m▀[38;2;11;11;11;48;2;0;0;0m▀[38;2;11;11;11;48;2;0;0;0m▀[38;2;32;101;117;48;2;32;101;117m▀[38;2;32;101;117;48;2;32;101;117m▀[38;2;77;142;151;48;2;77;142;151m▀[38;2;247;247;247;48;2;126;185;194m▀[38;2;117;32;0;48;2;126;185;194m▀[38;2;11;11;11;48;2;32;101;117m▀[38;2;117;32;0;48;2;126;185;194m▀[38;2;117;32;0;48;2;126;185;194m▀[38;2;126;185;194;48;2;126;185;194m▀[38;2;126;185;194;48;2;126;185;194m▀[38;2;126;185;194;48;2;126;185;194m▀[38;2;126;185;194;48;2;126;185;194m▀[38;2;126;185;194;48;2;126;185;194m▀[38;2;126;185;194;48;2;126;185;194m▀[38;2;126;185;194;48;2;126;185;194m▀[38;2;117;32;0;48;2;126;185;194m▀[38;2;11;11;11;48;2;126;185;194m▀[38;2;117;32;0;48;2;126;185;194m▀[38;2;247;247;247;48;2;126;185;194m▀[38;2;77;142;151;48;2;126;185;194m▀[38;2;126;185;194;48;2;126;185;194m▀[38;2;126;185;194;48;2;126;185;194m▀[38;2;126;185;194;48;2;126;185;194m▀[38;2;32;101;117;48;2;126;185;194m▀[38;2;32;101;117;48;2;126;185;194m▀[38;2;32;101;117;48;2;126;185;194m▀[38;2;32;101;117;48;2;126;185;194m▀[38;2;32;101;117;48;2;126;185;194m▀[38;2;32;101;117;48;2;126;185;194m▀[38;2;32;101;117;48;2;126;185;194m▀[38;2;126;185;194;48;2;11;11;11m▀[38;2;126;185;194;48;2;11;11;11m▀[38;2;126;185;194;48;2;11;11;11m▀[38;2;126;185;194;48;2;11;11;11m▀[38;2;126;185;194;48;2;11;11;11m▀[38;2;11;11;11;48;2;0;0;0m▀[38;2;0;0;0m▀[0m
[0m [0m [0m [0m [0m [0m [0m [0m [0m [38;2;0;0;0m▀[38;2;0;0;0;48;2;0;0;0m▀[38;2;32;101;117;48;2;11;11;11m▀[38;2;77;142;151;48;2;77;142;151m▀[38;2;126;185;194;48;2;77;142;151m▀[38;2;77;142;151;48;2;77;142;151m▀[38;2;32;101;117;48;2;77;142;151m▀[38;2;32;101;117;48;2;77;142;151m▀[38;2;32;101;117;48;2;247;247;247m▀[38;2;11;11;11;48;2;117;32;0m▀[38;2;11;11;11;48;2;117;32;0m▀[38;2;11;11;11;48;2;194;109;32m▀[38;2;11;11;11;48;2;194;109;32m▀[38;2;32;101;117;48;2;247;247;247m▀[38;2;32;101;117;48;2;247;247;247m▀[38;2;32;101;117;48;2;11;11;11m▀[38;2;126;185;194;48;2;126;185;194m▀[38;2;126;185;194;48;2;126;185;194m▀[38;2;126;185;194;48;2;126;185;194m▀[38;2;126;185;194;48;2;32;101;117m▀[38;2;126;185;194;48;2;32;101;117m▀[38;2;126;185;194;48;2;32;101;117m▀[38;2;77;142;151;48;2;32;101;117m▀[38;2;77;142;151;48;2;77;142;151m▀[38;2;11;11;11;48;2;77;142;151m▀[38;2;11;11;11;48;2;11;11;11m▀[38;2;11;11;11;48;2;0;0;0m▀[38;2;11;11;11;48;2;0;0;0m▀[38;2;11;11;11;48;2;0;0;0m▀[38;2;11;11;11;48;2;0;0;0m▀[38;2;0;0;0m▀[38;2;0;0;0m▀[38;2;0;0;0m▀[38;2;0;0;0m▀[38;2;0;0;0m▀[0m [0m [0m
[0m [0m [0m [0m [0m [0m [0m [0m [38;2;0;0;0m▄[38;2;0;0;0m▄[38;2;0;0;0m▄[38;2;0;0;0;48;2;0;0;0m▀[38;2;11;11;11;48;2;11;11;11m▀[38;2;11;11;11;48;2;11;11;11m▀[38;2;77;142;151;48;2;77;142;151m▀[38;2;77;142;151;48;2;77;142;151m▀[38;2;77;142;151;48;2;77;142;151m▀[38;2;32;101;117;48;2;32;101;117m▀[38;2;117;32;0;48;2;117;32;0m▀[38;2;194;109;32;48;2;194;109;32m▀[38;2;194;109;32;48;2;194;109;32m▀[38;2;194;109;32;48;2;194;109;32m▀[38;2;194;109;32;48;2;194;109;32m▀[38;2;194;109;32;48;2;194;109;32m▀[38;2;32;101;117;48;2;32;101;117m▀[38;2;77;142;151;48;2;77;142;151m▀[38;2;77;142;151;48;2;77;142;151m▀[38;2;32;101;117;48;2;32;101;117m▀[38;2;126;185;194;48;2;126;185;194m▀[38;2;126;185;194;48;2;126;185;194m▀[38;2;126;185;194;48;2;126;185;194m▀[38;2;126;185;194;48;2;126;185;194m▀[38;2;32;101;117;48;2;32;101;117m▀[38;2;32;101;117;48;2;32;101;117m▀[38;2;0;0;0;48;2;0;0;0m▀[0m [0m [0m [38;2;0;0;0m▄[38;2;0;0;0m▄[38;2;0;0;0m▄[38;2;0;0;0m▄[0m [0m [0m [0m [0m
[0m [0m [0m [0m [0m [38;2;0;0;0m▄[38;2;0;0;0;48;2;32;101;117m▀[38;2;0;0;0;48;2;32;101;117m▀[38;2;32;101;117;48;2;126;185;194m▀[38;2;32;101;117;48;2;126;185;194m▀[38;2;32;101;117;48;2;126;185;194m▀[38;2;32;101;117;48;2;126;185;194m▀[38;2;0;0;0;48;2;32;101;117m▀[38;2;0;0;0;48;2;194;109;32m▀[38;2;11;11;11;48;2;194;109;32m▀[38;2;11;11;11;48;2;247;203;93m▀[38;2;11;11;11;48;2;247;203;93m▀[38;2;77;142;151;48;2;11;11;11m▀[38;2;32;101;117;48;2;77;142;151m▀[38;2;194;109;32;48;2;32;101;117m▀[38;2;194;109;32;48;2;32;101;117m▀[38;2;194;109;32;48;2;32;101;117m▀[38;2;32;101;117;48;2;77;142;151m▀[38;2;32;101;117;48;2;77;142;151m▀[38;2;77;142;151;48;2;77;142;151m▀[38;2;77;142;151;48;2;77;142;151m▀[38;2;32;101;117;48;2;11;11;11m▀[38;2;126;185;194;48;2;126;185;194m▀[38;2;126;185;194;48;2;11;11;11m▀[38;2;32;101;117;48;2;126;185;194m▀[38;2;32;101;117;48;2;126;185;194m▀[38;2;126;185;194;48;2;126;185;194m▀[38;2;126;185;194;48;2;32;101;117m▀[38;2;126;185;194;48;2;126;185;194m▀[38;2;32;101;117;48;2;126;185;194m▀[38;2;0;0;0;48;2;32;101;117m▀[38;2;0;0;0;48;2;32;101;117m▀[38;2;0;0;0;48;2;32;101;117m▀[38;2;32;101;117;48;2;126;185;194m▀[38;2;32;101;117;48;2;126;185;194m▀[38;2;32;101;117;48;2;126;185;194m▀[38;2;32;101;117;48;2;77;142;151m▀[38;2;0;0;0;48;2;32;101;117m▀[38;2;0;0;0;48;2;32;101;117m▀[38;2;0;0;0m▄[0m [0m
[0m [0m [0m [38;2;0;0;0m▄[38;2;0;0;0;48;2;32;101;117m▀[38;2;32;101;117;48;2;126;185;194m▀[38;2;126;185;194;48;2;126;185;194m▀[38;2;126;185;194;48;2;32;101;117m▀[38;2;126;185;194;48;2;126;185;194m▀[38;2;32;101;117;48;2;126;185;194m▀[38;2;32;101;117;48;2;126;185;194m▀[38;2;126;185;194;48;2;11;11;11m▀[38;2;126;185;194;48;2;126;185;194m▀[38;2;32;101;117;48;2;11;11;11m▀[38;2;247;220;142;48;2;247;220;142m▀[38;2;194;109;32;48;2;247;203;93m▀[38;2;194;109;32;48;2;247;203;93m▀[38;2;194;109;32;48;2;220;159;77m▀[38;2;11;11;11;48;2;247;220;142m▀[38;2;77;142;151;48;2;11;11;11m▀[38;2;77;142;151;48;2;11;11;11m▀[38;2;77;142;151;48;2;11;11;11m▀[38;2;11;11;11;48;2;247;203;93m▀[38;2;11;11;11;48;2;247;203;93m▀[38;2;11;11;11;48;2;247;203;93m▀[38;2;11;11;11;48;2;194;109;32m▀[38;2;77;142;151;48;2;77;142;151m▀[38;2;11;11;11;48;2;77;142;151m▀[38;2;11;11;11;48;2;77;142;151m▀[38;2;126;185;194;48;2;11;11;11m▀[38;2;126;185;194;48;2;11;11;11m▀[38;2;126;185;194;48;2;11;11;11m▀[38;2;32;101;117;48;2;11;11;11m▀[38;2;126;185;194;48;2;11;11;11m▀[38;2;77;142;151;48;2;11;11;11m▀[38;2;11;11;11;48;2;126;185;194m▀[38;2;11;11;11;48;2;126;185;194m▀[38;2;126;185;194;48;2;32;101;117m▀[38;2;126;185;194;48;2;126;185;194m▀[38;2;126;185;194;48;2;126;185;194m▀[38;2;126;185;194;48;2;126;185;194m▀[38;2;126;185;194;48;2;126;185;194m▀[38;2;77;142;151;48;2;126;185;194m▀[38;2;77;142;151;48;2;126;185;194m▀[38;2;32;101;117;48;2;32;101;117m▀[38;2;0;0;0;48;2;0;0;0m▀[0m
[0m [0m [0m [38;2;0;0;0;48;2;0;0;0m▀[38;2;11;11;11;48;2;11;11;11m▀[38;2;77;142;151;48;2;77;142;151m▀[38;2;126;185;194;48;2;126;185;194m▀[38;2;32;101;117;48;2;32;101;117m▀[38;2;126;185;194;48;2;126;185;194m▀[38;2;126;185;194;48;2;126;185;194m▀[38;2;126;185;194;48;2;126;185;194m▀[38;2;11;11;11;48;2;11;11;11m▀[38;2;11;11;11;48;2;11;11;11m▀[38;2;247;220;142;48;2;247;220;142m▀[38;2;247;220;142;48;2;247;220;142m▀[38;2;247;220;142;48;2;247;220;142m▀[38;2;247;220;142;48;2;247;220;142m▀[38;2;220;159;77;48;2;220;159;77m▀[38;2;247;220;142;48;2;247;220;142m▀[38;2;247;220;142;48;2;247;220;142m▀[38;2;247;220;142;48;2;247;220;142m▀[38;2;247;220;142;48;2;247;220;142m▀[38;2;247;203;93;48;2;247;203;93m▀[38;2;247;203;93;48;2;247;203;93m▀[38;2;220;159;77;48;2;220;159;77m▀[38;2;220;159;77;48;2;220;159;77m▀[38;2;11;11;11;48;2;11;11;11m▀[38;2;32;101;117;48;2;32;101;117m▀[38;2;77;142;151;48;2;77;142;151m▀[38;2;77;142;151;48;2;77;142;151m▀[38;2;77;142;151;48;2;77;142;151m▀[38;2;77;142;151;48;2;77;142;151m▀[38;2;32;101;117;48;2;32;101;117m▀[38;2;126;185;194;48;2;126;185;194m▀[38;2;126;185;194;48;2;126;185;194m▀[38;2;126;185;194;48;2;126;185;194m▀[38;2;126;185;194;48;2;126;185;194m▀[38;2;11;11;11;48;2;11;11;11m▀[38;2;126;185;194;48;2;126;185;194m▀[38;2;32;101;117;48;2;32;101;117m▀[38;2;32;101;117;48;2;32;101;117m▀[38;2;126;185;194;48;2;126;185;194m▀[38;2;126;185;194;48;2;126;185;194m▀[38;2;126;185;194;48;2;126;185;194m▀[38;2;77;142;151;48;2;77;142;151m▀[38;2;11;11;11;48;2;11;11;11m▀[0m
[0m [0m [0m [0m [38;2;0;0;0m▀[38;2;11;11;11;48;2;0;0;0m▀[38;2;11;11;11;48;2;0;0;0m▀[38;2;11;11;11;48;2;32;101;117m▀[38;2;11;11;11;48;2;77;142;151m▀[38;2;11;11;11;48;2;77;142;151m▀[38;2;11;11;11;48;2;77;142;151m▀[38;2;77;142;151;48;2;77;142;151m▀[38;2;194;109;32;48;2;194;109;32m▀[38;2;247;220;142;48;2;194;109;32m▀[38;2;247;220;142;48;2;247;203;93m▀[38;2;247;220;142;48;2;247;220;142m▀[38;2;247;220;142;48;2;247;220;142m▀[38;2;220;159;77;48;2;194;109;32m▀[38;2;247;220;142;48;2;247;220;142m▀[38;2;247;220;142;48;2;247;220;142m▀[38;2;247;220;142;48;2;247;220;142m▀[38;2;247;220;142;48;2;247;203;93m▀[38;2;247;203;93;48;2;194;109;32m▀[38;2;247;203;93;48;2;194;109;32m▀[38;2;194;109;32;48;2;247;203;93m▀[38;2;247;203;93;48;2;247;203;93m▀[38;2;220;159;77;48;2;220;159;77m▀[38;2;11;11;11;48;2;220;159;77m▀[38;2;11;11;11;48;2;177;93;0m▀[38;2;11;11;11;48;2;203;194;194m▀[38;2;11;11;11;48;2;203;194;194m▀[38;2;77;142;151;48;2;11;11;11m▀[38;2;77;142;151;48;2;11;11;11m▀[38;2;77;142;151;48;2;11;11;11m▀[38;2;77;142;151;48;2;11;11;11m▀[38;2;11;11;11;48;2;77;142;151m▀[38;2;11;11;11;48;2;77;142;151m▀[38;2;77;142;151;48;2;32;101;117m▀[38;2;32;101;117;48;2;77;142;151m▀[38;2;126;185;194;48;2;126;185;194m▀[38;2;126;185;194;48;2;126;185;194m▀[38;2;32;101;117;48;2;126;185;194m▀[38;2;126;185;194;48;2;77;142;151m▀[38;2;126;185;194;48;2;77;142;151m▀[38;2;77;142;151;48;2;77;142;151m▀[38;2;11;11;11;48;2;11;11;11m▀[0m
[0m [0m [0m [0m [0m [0m [0m [38;2;0;0;0m▀[38;2;32;101;117;48;2;0;0;0m▀[38;2;32;101;117;48;2;0;0;0m▀[38;2;32;101;117;48;2;0;0;0m▀[38;2;77;142;151;48;2;32;101;117m▀[38;2;194;109;32;48;2;194;109;32m▀[38;2;247;220;142;48;2;247;220;142m▀[38;2;220;159;77;48;2;247;220;142m▀[38;2;194;109;32;48;2;247;220;142m▀[38;2;194;109;32;48;2;247;220;142m▀[38;2;194;109;32;48;2;194;109;32m▀[38;2;194;109;32;48;2;247;220;142m▀[38;2;220;159;77;48;2;247;220;142m▀[38;2;220;159;77;48;2;247;220;142m▀[38;2;194;109;32;48;2;247;203;93m▀[38;2;194;109;32;48;2;220;159;77m▀[38;2;194;109;32;48;2;220;159;77m▀[38;2;247;203;93;48;2;194;109;32m▀[38;2;247;203;93;48;2;247;203;93m▀[38;2;247;203;93;48;2;247;203;93m▀[38;2;220;159;77;48;2;220;159;77m▀[38;2;194;109;32;48;2;194;109;32m▀[38;2;177;93;0;48;2;85;32;0m▀[38;2;177;93;0;48;2;85;32;0m▀[38;2;203;194;194;48;2;203;194;194m▀[38;2;203;134;69;48;2;203;194;194m▀[38;2;177;93;0;48;2;177;93;0m▀[38;2;85;32;0;48;2;11;11;11m▀[38;2;77;142;151;48;2;77;142;151m▀[38;2;77;142;151;48;2;77;142;151m▀[38;2;11;11;11;48;2;11;11;11m▀[38;2;77;142;151;48;2;77;142;151m▀[38;2;77;142;151;48;2;77;142;151m▀[38;2;77;142;151;48;2;77;142;151m▀[38;2;77;142;151;48;2;77;142;151m▀[38;2;77;142;151;48;2;77;142;151m▀[38;2;77;142;151;48;2;77;142;151m▀[38;2;11;11;11;48;2;11;11;11m▀[38;2;0;0;0;48;2;0;0;0m▀[0m
[0m [0m [0m [0m [0m [0m [0m [0m [0m [0m [0m [38;2;0;0;0m▀[38;2;194;109;32;48;2;0;0;0m▀[38;2;247;203;93;48;2;194;109;32m▀[38;2;247;220;142;48;2;247;203;93m▀[38;2;247;220;142;48;2;247;203;93m▀[38;2;247;220;142;48;2;247;203;93m▀[38;2;220;159;77;48;2;220;159;77m▀[38;2;247;220;142;48;2;247;203;93m▀[38;2;247;220;142;48;2;247;220;142m▀[38;2;247;220;142;48;2;247;220;142m▀[38;2;247;220;142;48;2;247;220;142m▀[38;2;247;203;93;48;2;247;203;93m▀[38;2;247;203;93;48;2;247;203;93m▀[38;2;220;159;77;48;2;220;159;77m▀[38;2;194;109;32;48;2;220;159;77m▀[38;2;220;159;77;48;2;194;109;32m▀[38;2;194;109;32;48;2;194;109;32m▀[38;2;194;109;32;48;2;194;109;32m▀[38;2;194;109;32;48;2;194;109;32m▀[38;2;194;109;32;48;2;194;109;32m▀[38;2;85;32;0;48;2;194;109;32m▀[38;2;203;194;194;48;2;85;32;0m▀[38;2;177;93;0;48;2;203;194;194m▀[38;2;11;11;11;48;2;11;11;11m▀[38;2;77;142;151;48;2;77;142;151m▀[38;2;77;142;151;48;2;77;142;151m▀[38;2;77;142;151;48;2;77;142;151m▀[38;2;11;11;11;48;2;77;142;151m▀[38;2;77;142;151;48;2;11;11;11m▀[38;2;77;142;151;48;2;11;11;11m▀[38;2;77;142;151;48;2;11;11;11m▀[38;2;11;11;11;48;2;0;0;0m▀[38;2;11;11;11;48;2;0;0;0m▀[38;2;0;0;0m▀[0m [0m
[0m [0m [0m [0m [0m [0m [0m [0m [0m [0m [0m [0m [38;2;0;0;0;48;2;0;0;0m▀[38;2;194;109;32;48;2;194;109;32m▀[38;2;247;203;93;48;2;220;159;77m▀[38;2;247;203;93;48;2;220;159;77m▀[38;2;247;203;93;48;2;220;159;77m▀[38;2;220;159;77;48;2;194;109;32m▀[38;2;247;203;93;48;2;194;109;32m▀[38;2;247;220;142;48;2;220;159;77m▀[38;2;247;220;142;48;2;220;159;77m▀[38;2;247;220;142;48;2;220;159;77m▀[38;2;247;203;93;48;2;220;159;77m▀[38;2;247;203;93;48;2;220;159;77m▀[38;2;220;159;77;48;2;220;159;77m▀[38;2;220;159;77;48;2;220;159;77m▀[38;2;194;109;32;48;2;220;159;77m▀[38;2;194;109;32;48;2;194;109;32m▀[38;2;194;109;32;48;2;194;109;32m▀[38;2;194;109;32;48;2;194;109;32m▀[38;2;194;109;32;48;2;194;109;32m▀[38;2;194;109;32;48;2;194;109;32m▀[38;2;85;32;0;48;2;194;109;32m▀[38;2;203;194;194;48;2;85;32;0m▀[38;2;11;11;11;48;2;77;142;151m▀[38;2;77;142;151;48;2;77;142;151m▀[38;2;77;142;151;48;2;77;142;151m▀[38;2;77;142;151;48;2;11;11;11m▀[38;2;77;142;151;48;2;11;11;11m▀[38;2;11;11;11;48;2;11;11;11m▀[38;2;11;11;11;48;2;0;0;0m▀[38;2;11;11;11;48;2;0;0;0m▀[38;2;0;0;0m▀[0m [0m [0m [0m
[0m [0m [0m [0m [0m [0m [0m [0m [0m [0m [0m [0m [0m [38;2;0;0;0m▀[38;2;194;109;32;48;2;0;0;0m▀[38;2;194;109;32;48;2;117;32;0m▀[38;2;194;109;32;48;2;117;32;0m▀[38;2;220;159;77;48;2;220;159;77m▀[38;2;220;159;77;48;2;220;159;77m▀[38;2;194;109;32;48;2;220;159;77m▀[38;2;194;109;32;48;2;220;159;77m▀[38;2;220;159;77;48;2;194;109;32m▀[38;2;220;159;77;48;2;194;109;32m▀[38;2;220;159;77;48;2;194;109;32m▀[38;2;220;159;77;48;2;194;109;32m▀[38;2;220;159;77;48;2;194;109;32m▀[38;2;194;109;32;48;2;194;109;32m▀[38;2;194;109;32;48;2;194;109;32m▀[38;2;194;109;32;48;2;194;109;32m▀[38;2;194;109;32;48;2;194;109;32m▀[38;2;194;109;32;48;2;194;109;32m▀[38;2;194;109;32;48;2;11;11;11m▀[38;2;194;109;32;48;2;11;11;11m▀[38;2;11;11;11;48;2;0;0;0m▀[38;2;11;11;11;48;2;0;0;0m▀[38;2;11;11;11;48;2;0;0;0m▀[38;2;11;11;11;48;2;0;0;0m▀[38;2;0;0;0m▀[38;2;0;0;0m▀[38;2;0;0;0m▀[0m [0m [0m [0m [0m [0m [0m
[0m [0m [0m [0m [0m [0m [0m [0m [0m [0m [0m [0m [0m [38;2;0;0;0m▄[38;2;0;0;0;48;2;11;11;11m▀[38;2;11;11;11;48;2;32;101;117m▀[38;2;11;11;11;48;2;32;101;117m▀[38;2;117;32;0;48;2;77;142;151m▀[38;2;117;32;0;48;2;77;142;151m▀[38;2;220;159;77;48;2;117;32;0m▀[38;2;220;159;77;48;2;117;32;0m▀[38;2;220;159;77;48;2;11;11;11m▀[38;2;220;159;77;48;2;11;11;11m▀[38;2;220;159;77;48;2;11;11;11m▀[38;2;194;109;32;48;2;11;11;11m▀[38;2;194;109;32;48;2;11;11;11m▀[38;2;194;109;32;48;2;11;11;11m▀[38;2;11;11;11;48;2;77;142;151m▀[38;2;11;11;11;48;2;32;101;117m▀[38;2;11;11;11;48;2;11;11;11m▀[38;2;11;11;11;48;2;11;11;11m▀[38;2;0;0;0;48;2;0;0;0m▀[38;2;0;0;0m▀[0m [0m [0m [0m [0m [0m [0m [0m [0m [0m [0m [0m [0m [0m
[0m [0m [0m [0m [0m [0m [0m [0m [0m [0m [0m [38;2;0;0;0m▄[38;2;0;0;0m▄[38;2;0;0;0;48;2;0;0;0m▀[38;2;11;11;11;48;2;11;11;11m▀[38;2;32;101;117;48;2;77;142;151m▀[38;2;32;101;117;48;2;77;142;151m▀[38;2;77;142;151;48;2;77;142;151m▀[38;2;77;142;151;48;2;11;11;11m▀[38;2;117;32;0;48;2;0;0;0m▀[38;2;117;32;0;48;2;0;0;0m▀[38;2;11;11;11;48;2;0;0;0m▀[38;2;11;11;11;48;2;0;0;0m▀[38;2;11;11;11;48;2;0;0;0m▀[38;2;11;11;11;48;2;0;0;0m▀[38;2;11;11;11;48;2;0;0;0m▀[38;2;11;11;11;48;2;11;11;11m▀[38;2;77;142;151;48;2;77;142;151m▀[38;2;32;101;117;48;2;77;142;151m▀[38;2;11;11;11;48;2;11;11;11m▀[38;2;11;11;11;48;2;11;11;11m▀[38;2;0;0;0;48;2;0;0;0m▀[0m [0m [0m [0m [0m [0m [0m [0m [0m [0m [0m [0m [0m [0m [0m
[0m [0m [0m [0m [0m [0m [38;2;0;0;0m▄[38;2;0;0;0;48;2;85;32;0m▀[38;2;0;0;0;48;2;85;32;0m▀[38;2;0;0;0;48;2;85;32;0m▀[38;2;0;0;0;48;2;85;32;0m▀[38;2;32;101;117;48;2;177;93;0m▀[38;2;32;101;117;48;2;177;93;0m▀[38;2;32;101;117;48;2;126;185;194m▀[38;2;126;185;194;48;2;126;185;194m▀[38;2;126;185;194;48;2;126;185;194m▀[38;2;126;185;194;48;2;126;185;194m▀[38;2;77;142;151;48;2;77;142;151m▀[38;2;11;11;11;48;2;77;142;151m▀[38;2;0;0;0;48;2;11;11;11m▀[38;2;0;0;0m▄[0m [0m [0m [0m [38;2;0;0;0m▀[38;2;11;11;11;48;2;0;0;0m▀[38;2;77;142;151;48;2;11;11;11m▀[38;2;77;142;151;48;2;77;142;151m▀[38;2;77;142;151;48;2;77;142;151m▀[38;2;77;142;151;48;2;77;142;151m▀[38;2;11;11;11;48;2;77;142;151m▀[38;2;0;0;0;48;2;11;11;11m▀[38;2;0;0;0;48;2;11;11;11m▀[38;2;0;0;0;48;2;11;11;11m▀[38;2;0;0;0m▄[38;2;0;0;0m▄[38;2;0;0;0m▄[38;2;0;0;0m▄[0m [0m [0m [0m [0m [0m [0m [0m
[0m [0m [0m [0m [38;2;0;0;0m▄[38;2;0;0;0;48;2;11;11;11m▀[38;2;85;32;0;48;2;177;93;0m▀[38;2;177;93;0;48;2;85;32;0m▀[38;2;85;32;0;48;2;177;93;0m▀[38;2;177;93;0;48;2;85;32;0m▀[38;2;177;93;0;48;2;85;32;0m▀[38;2;85;32;0;48;2;177;93;0m▀[38;2;177;93;0;48;2;177;93;0m▀[38;2;203;134;69;48;2;177;93;0m▀[38;2;126;185;194;48;2;203;134;69m▀[38;2;126;185;194;48;2;11;11;11m▀[38;2;126;185;194;48;2;11;11;11m▀[38;2;126;185;194;48;2;11;11;11m▀[38;2;77;142;151;48;2;11;11;11m▀[38;2;11;11;11;48;2;0;0;0m▀[38;2;0;0;0m▀[0m [0m [0m [0m [38;2;0;0;0;48;2;0;0;0m▀[38;2;11;11;11;48;2;11;11;11m▀[38;2;77;142;151;48;2;77;142;151m▀[38;2;77;142;151;48;2;126;185;194m▀[38;2;126;185;194;48;2;126;185;194m▀[38;2;126;185;194;48;2;126;185;194m▀[38;2;126;185;194;48;2;126;185;194m▀[38;2;126;185;194;48;2;203;134;69m▀[38;2;177;93;0;48;2;177;93;0m▀[38;2;177;93;0;48;2;85;32;0m▀[38;2;11;11;11;48;2;177;93;0m▀[38;2;11;11;11;48;2;177;93;0m▀[38;2;11;11;11;48;2;85;32;0m▀[38;2;11;11;11;48;2;177;93;0m▀[38;2;0;0;0;48;2;11;11;11m▀[38;2;0;0;0m▄[0m [0m [0m [0m [0m [0m
[0m [0m [0m [0m [38;2;0;0;0;48;2;0;0;0m▀[38;2;11;11;11;48;2;11;11;11m▀[38;2;177;93;0;48;2;177;93;0m▀[38;2;11;11;11;48;2;11;11;11m▀[38;2;177;93;0;48;2;177;93;0m▀[38;2;11;11;11;48;2;11;11;11m▀[38;2;11;11;11;48;2;11;11;11m▀[38;2;177;93;0;48;2;177;93;0m▀[38;2;177;93;0;48;2;177;93;0m▀[38;2;11;11;11;48;2;11;11;11m▀[38;2;11;11;11;48;2;11;11;11m▀[38;2;0;0;0;48;2;0;0;0m▀[38;2;0;0;0m▀[38;2;0;0;0m▀[38;2;0;0;0m▀[0m [0m [0m [0m [0m [0m [0m [38;2;0;0;0;48;2;0;0;0m▀[38;2;11;11;11;48;2;11;11;11m▀[38;2;11;11;11;48;2;11;11;11m▀[38;2;11;11;11;48;2;11;11;11m▀[38;2;11;11;11;48;2;11;11;11m▀[38;2;203;134;69;48;2;203;134;69m▀[38;2;177;93;0;48;2;177;93;0m▀[38;2;177;93;0;48;2;177;93;0m▀[38;2;177;93;0;48;2;177;93;0m▀[38;2;85;32;0;48;2;85;32;0m▀[38;2;85;32;0;48;2;85;32;0m▀[38;2;177;93;0;48;2;177;93;0m▀[38;2;85;32;0;48;2;85;32;0m▀[38;2;177;93;0;48;2;177;93;0m▀[38;2;11;11;11;48;2;11;11;11m▀[38;2;0;0;0;48;2;0;0;0m▀[0m [0m [0m [0m [0m
[0m [0m [0m [0m [0m [38;2;0;0;0m▀[38;2;11;11;11;48;2;0;0;0m▀[38;2;11;11;11;48;2;0;0;0m▀[38;2;11;11;11;48;2;0;0;0m▀[38;2;11;11;11;48;2;0;0;0m▀[38;2;11;11;11;48;2;0;0;0m▀[38;2;11;11;11;48;2;0;0;0m▀[38;2;11;11;11;48;2;0;0;0m▀[38;2;0;0;0m▀[38;2;0;0;0m▀[0m [0m [0m [0m [0m [0m [0m [0m [0m [0m [0m [0m [38;2;0;0;0m▀[38;2;0;0;0m▀[38;2;0;0;0m▀[38;2;0;0;0m▀[38;2;11;11;11;48;2;0;0;0m▀[38;2;11;11;11;48;2;0;0;0m▀[38;2;177;93;0;48;2;11;11;11m▀[38;2;177;93;0;48;2;11;11;11m▀[38;2;11;11;11;48;2;11;11;11m▀[38;2;11;11;11;48;2;11;11;11m▀[38;2;177;93;0;48;2;11;11;11m▀[38;2;11;11;11;48;2;11;11;11m▀[38;2;177;93;0;48;2;11;11;11m▀[38;2;11;11;11;48;2;0;0;0m▀[38;2;0;0;0m▀[0m [0m [0m [0m [0m
