[0m [0m [0m [0m [0m [0m [0m [0m [0m [0m [0m [0m [0m [0m [0m [0m [0m [0m [0m [0m [0m [0m [0m [0m [0m [0m [0m [0m [0m [0m [0m [0m [38;2;0;0;0m▄[38;2;0;0;0m▄[38;2;0;0;0;48;2;184;248;112m▀[38;2;0;0;0;48;2;184;248;112m▀[38;2;0;0;0;48;2;184;248;112m▀[38;2;0;0;0;48;2;184;248;112m▀[38;2;0;0;0;48;2;184;248;112m▀[38;2;0;0;0;48;2;184;248;112m▀[38;2;0;0;0m▄[0m [0m [0m [0m [0m [38;2;0;0;0m▄[38;2;0;0;0m▄[38;2;0;0;0m▄[38;2;0;0;0;48;2;184;248;112m▀[38;2;0;0;0m▄[38;2;0;0;0m▄[38;2;0;0;0m▄[38;2;0;0;0;48;2;184;248;112m▀[38;2;184;248;112;48;2;184;248;112m▀[38;2;184;248;112;48;2;184;248;112m▀[38;2;184;248;112;48;2;184;248;112m▀[38;2;0;0;0;48;2;184;248;112m▀[0m
[0m [0m [0m [0m [0m [0m [0m [0m [0m [0m [0m [0m [0m [0m [0m [0m [0m [0m [0m [0m [0m [0m [0m [0m [0m [0m [0m [0m [0m [0m [0m [38;2;0;0;0;48;2;0;0;0m▀[38;2;184;248;112;48;2;184;248;112m▀[38;2;184;248;112;48;2;184;248;112m▀[38;2;184;248;112;48;2;184;248;112m▀[38;2;184;248;112;48;2;184;248;112m▀[38;2;152;208;72;48;2;152;208;72m▀[38;2;152;208;72;48;2;152;208;72m▀[38;2;152;208;72;48;2;152;208;72m▀[38;2;184;248;112;48;2;184;248;112m▀[38;2;184;248;112;48;2;184;248;112m▀[38;2;0;0;0;48;2;0;0;0m▀[38;2;0;0;0m▄[0m [0m [38;2;0;0;0;48;2;0;0;0m▀[38;2;184;248;112;48;2;184;248;112m▀[38;2;184;248;112;48;2;184;248;112m▀[38;2;184;248;112;48;2;184;248;112m▀[38;2;184;248;112;48;2;184;248;112m▀[38;2;184;248;112;48;2;184;248;112m▀[38;2;184;248;112;48;2;184;248;112m▀[38;2;0;0;0;48;2;0;0;0m▀[38;2;184;248;112;48;2;184;248;112m▀[38;2;184;248;112;48;2;184;248;112m▀[38;2;184;248;112;48;2;184;248;112m▀[38;2;184;248;112;48;2;184;248;112m▀[38;2;184;248;112;48;2;184;248;112m▀[0m
[0m [0m [0m [0m [0m [0m [38;2;0;0;0m▄[38;2;0;0;0;48;2;184;248;112m▀[38;2;0;0;0m▄[38;2;0;0;0;48;2;184;248;112m▀[38;2;0;0;0;48;2;184;248;112m▀[38;2;0;0;0;48;2;184;248;112m▀[38;2;0;0;0;48;2;184;248;112m▀[38;2;0;0;0m▄[0m [0m [0m [0m [0m [0m [0m [0m [0m [0m [0m [0m [0m [0m [38;2;0;0;0m▄[38;2;0;0;0m▄[38;2;0;0;0;48;2;0;0;0m▀[38;2;184;248;112;48;2;184;248;112m▀[38;2;184;248;112;48;2;184;248;112m▀[38;2;184;248;112;48;2;152;208;72m▀[38;2;152;208;72;48;2;152;208;72m▀[38;2;152;208;72;48;2;152;208;72m▀[38;2;152;208;72;48;2;152;208;72m▀[38;2;152;208;72;48;2;152;208;72m▀[38;2;152;208;72;48;2;152;208;72m▀[38;2;152;208;72;48;2;184;248;112m▀[38;2;184;248;112;48;2;152;208;72m▀[38;2;184;248;112;48;2;184;248;112m▀[38;2;184;248;112;48;2;184;248;112m▀[38;2;0;0;0;48;2;0;0;0m▀[38;2;0;0;0;48;2;184;248;112m▀[38;2;184;248;112;48;2;184;248;112m▀[38;2;184;248;112;48;2;152;208;72m▀[38;2;152;208;72;48;2;152;208;72m▀[38;2;152;208;72;48;2;152;208;72m▀[38;2;152;208;72;48;2;152;208;72m▀[38;2;152;208;72;48;2;152;208;72m▀[38;2;184;248;112;48;2;152;208;72m▀[38;2;184;248;112;48;2;184;248;112m▀[38;2;0;0;0;48;2;184;248;112m▀[38;2;184;248;112;48;2;184;248;112m▀[38;2;184;248;112;48;2;184;248;112m▀[38;2;184;248;112;48;2;0;0;0m▀[38;2;0;0;0;48;2;184;248;112m▀[0m
[0m [0m [0m [0m [38;2;0;0;0m▄[38;2;0;0;0;48;2;184;248;112m▀[38;2;184;248;112;48;2;184;248;112m▀[38;2;184;248;112;48;2;184;248;112m▀[38;2;184;248;112;48;2;152;208;72m▀[38;2;184;248;112;48;2;184;248;112m▀[38;2;184;248;112;48;2;184;248;112m▀[38;2;184;248;112;48;2;152;208;72m▀[38;2;184;248;112;48;2;184;248;112m▀[38;2;184;248;112;48;2;184;248;112m▀[38;2;0;0;0;48;2;184;248;112m▀[38;2;0;0;0m▄[0m [0m [0m [0m [0m [38;2;0;0;0m▄[38;2;0;0;0m▄[38;2;0;0;0m▄[38;2;0;0;0;48;2;184;248;112m▀[38;2;0;0;0;48;2;184;248;112m▀[38;2;0;0;0;48;2;184;248;112m▀[38;2;0;0;0;48;2;184;248;112m▀[38;2;184;248;112;48;2;184;248;112m▀[38;2;184;248;112;48;2;184;248;112m▀[38;2;184;248;112;48;2;184;248;112m▀[38;2;184;248;112;48;2;184;248;112m▀[38;2;184;248;112;48;2;184;248;112m▀[38;2;152;208;72;48;2;184;248;112m▀[38;2;152;208;72;48;2;152;208;72m▀[38;2;152;208;72;48;2;152;208;72m▀[38;2;152;208;72;48;2;152;208;72m▀[38;2;152;208;72;48;2;184;248;112m▀[38;2;184;248;112;48;2;152;208;72m▀[38;2;152;208;72;48;2;184;248;112m▀[38;2;184;248;112;48;2;184;248;112m▀[38;2;184;248;112;48;2;184;248;112m▀[38;2;184;248;112;48;2;184;248;112m▀[38;2;0;0;0;48;2;0;0;0m▀[38;2;184;248;112;48;2;184;248;112m▀[38;2;184;248;112;48;2;184;248;112m▀[38;2;152;208;72;48;2;152;208;72m▀[38;2;152;208;72;48;2;152;208;72m▀[38;2;152;208;72;48;2;152;208;72m▀[38;2;152;208;72;48;2;152;208;72m▀[38;2;152;208;72;48;2;184;248;112m▀[38;2;184;248;112;48;2;152;208;72m▀[38;2;184;248;112;48;2;184;248;112m▀[38;2;184;248;112;48;2;184;248;112m▀[38;2;0;0;0;48;2;184;248;112m▀[38;2;0;0;0;48;2;184;248;112m▀[38;2;184;248;112;48;2;0;0;0m▀[38;2;0;0;0m▀[0m
[0m [0m [0m [0m [38;2;0;0;0;48;2;0;0;0m▀[38;2;184;248;112;48;2;184;248;112m▀[38;2;184;248;112;48;2;184;248;112m▀[38;2;152;208;72;48;2;152;208;72m▀[38;2;184;248;112;48;2;184;248;112m▀[38;2;152;208;72;48;2;152;208;72m▀[38;2;152;208;72;48;2;152;208;72m▀[38;2;152;208;72;48;2;152;208;72m▀[38;2;152;208;72;48;2;152;208;72m▀[38;2;152;208;72;48;2;152;208;72m▀[38;2;184;248;112;48;2;184;248;112m▀[38;2;0;0;0;48;2;0;0;0m▀[38;2;0;0;0m▄[0m [0m [0m [38;2;0;0;0;48;2;0;0;0m▀[38;2;184;248;112;48;2;184;248;112m▀[38;2;184;248;112;48;2;184;248;112m▀[38;2;184;248;112;48;2;184;248;112m▀[38;2;184;248;112;48;2;184;248;112m▀[38;2;184;248;112;48;2;184;248;112m▀[38;2;184;248;112;48;2;184;248;112m▀[38;2;184;248;112;48;2;184;248;112m▀[38;2;184;248;112;48;2;184;248;112m▀[38;2;184;248;112;48;2;184;248;112m▀[38;2;184;248;112;48;2;184;248;112m▀[38;2;184;248;112;48;2;184;248;112m▀[38;2;0;0;0;48;2;0;0;0m▀[38;2;184;248;112;48;2;184;248;112m▀[38;2;184;248;112;48;2;184;248;112m▀[38;2;184;248;112;48;2;184;248;112m▀[38;2;184;248;112;48;2;184;248;112m▀[38;2;184;248;112;48;2;184;248;112m▀[38;2;184;248;112;48;2;184;248;112m▀[38;2;184;248;112;48;2;184;248;112m▀[38;2;184;248;112;48;2;184;248;112m▀[38;2;0;0;0;48;2;0;0;0m▀[38;2;0;0;0;48;2;0;0;0m▀[0m [38;2;0;0;0;48;2;0;0;0m▀[38;2;184;248;112;48;2;184;248;112m▀[38;2;184;248;112;48;2;184;248;112m▀[38;2;152;208;72;48;2;152;208;72m▀[38;2;152;208;72;48;2;152;208;72m▀[38;2;152;208;72;48;2;152;208;72m▀[38;2;152;208;72;48;2;152;208;72m▀[38;2;184;248;112;48;2;184;248;112m▀[38;2;152;208;72;48;2;152;208;72m▀[38;2;184;248;112;48;2;184;248;112m▀[38;2;0;0;0;48;2;0;0;0m▀[38;2;0;0;0;48;2;0;0;0m▀[0m [0m [0m
[0m [0m [0m [38;2;0;0;0;48;2;0;0;0m▀[38;2;184;248;112;48;2;184;248;112m▀[38;2;184;248;112;48;2;184;248;112m▀[38;2;152;208;72;48;2;184;248;112m▀[38;2;184;248;112;48;2;152;208;72m▀[38;2;152;208;72;48;2;152;208;72m▀[38;2;152;208;72;48;2;152;208;72m▀[38;2;152;208;72;48;2;152;208;72m▀[38;2;152;208;72;48;2;152;208;72m▀[38;2;152;208;72;48;2;152;208;72m▀[38;2;152;208;72;48;2;152;208;72m▀[38;2;184;248;112;48;2;184;248;112m▀[38;2;184;248;112;48;2;184;248;112m▀[38;2;184;248;112;48;2;184;248;112m▀[38;2;0;0;0;48;2;0;0;0m▀[38;2;0;0;0m▄[38;2;0;0;0;48;2;184;248;112m▀[38;2;184;248;112;48;2;184;248;112m▀[38;2;184;248;112;48;2;184;248;112m▀[38;2;184;248;112;48;2;152;208;72m▀[38;2;184;248;112;48;2;152;208;72m▀[38;2;152;208;72;48;2;184;248;112m▀[38;2;184;248;112;48;2;184;248;112m▀[38;2;184;248;112;48;2;0;0;0m▀[38;2;0;0;0m▀[38;2;0;0;0m▀[38;2;0;0;0;48;2;0;0;0m▀[38;2;184;248;112;48;2;184;248;112m▀[38;2;184;248;112;48;2;184;248;112m▀[38;2;0;0;0;48;2;184;248;112m▀[38;2;184;248;112;48;2;152;208;72m▀[38;2;152;208;72;48;2;152;208;72m▀[38;2;152;208;72;48;2;152;208;72m▀[38;2;152;208;72;48;2;152;208;72m▀[38;2;152;208;72;48;2;152;208;72m▀[38;2;184;248;112;48;2;152;208;72m▀[38;2;184;248;112;48;2;184;248;112m▀[38;2;184;248;112;48;2;152;208;72m▀[38;2;184;248;112;48;2;184;248;112m▀[38;2;184;248;112;48;2;184;248;112m▀[38;2;0;0;0;48;2;184;248;112m▀[38;2;0;0;0;48;2;184;248;112m▀[38;2;184;248;112;48;2;184;248;112m▀[38;2;184;248;112;48;2;0;0;0m▀[38;2;184;248;112;48;2;0;0;0m▀[38;2;184;248;112;48;2;0;0;0m▀[38;2;184;248;112;48;2;184;248;112m▀[38;2;184;248;112;48;2;184;248;112m▀[38;2;152;208;72;48;2;184;248;112m▀[38;2;184;248;112;48;2;184;248;112m▀[38;2;0;0;0;48;2;184;248;112m▀[38;2;184;248;112;48;2;0;0;0m▀[38;2;184;248;112;48;2;0;0;0m▀[38;2;0;0;0m▀[0m [0m
[0m [0m [0m [0m [38;2;0;0;0;48;2;0;0;0m▀[38;2;184;248;112;48;2;184;248;112m▀[38;2;152;208;72;48;2;184;248;112m▀[38;2;184;248;112;48;2;152;208;72m▀[38;2;152;208;72;48;2;184;248;112m▀[38;2;152;208;72;48;2;152;208;72m▀[38;2;152;208;72;48;2;152;208;72m▀[38;2;152;208;72;48;2;152;208;72m▀[38;2;152;208;72;48;2;152;208;72m▀[38;2;152;208;72;48;2;184;248;112m▀[38;2;184;248;112;48;2;152;208;72m▀[38;2;184;248;112;48;2;0;0;0m▀[38;2;184;248;112;48;2;0;0;0m▀[38;2;0;0;0;48;2;0;0;0m▀[38;2;184;248;112;48;2;184;248;112m▀[38;2;184;248;112;48;2;184;248;112m▀[38;2;184;248;112;48;2;184;248;112m▀[38;2;184;248;112;48;2;152;208;72m▀[38;2;184;248;112;48;2;152;208;72m▀[38;2;184;248;112;48;2;152;208;72m▀[38;2;152;208;72;48;2;152;208;72m▀[38;2;184;248;112;48;2;184;248;112m▀[38;2;0;0;0;48;2;184;248;112m▀[38;2;0;0;0;48;2;184;248;112m▀[38;2;0;0;0;48;2;184;248;112m▀[38;2;0;0;0;48;2;184;248;112m▀[38;2;0;0;0;48;2;184;248;112m▀[38;2;184;248;112;48;2;184;248;112m▀[38;2;184;248;112;48;2;184;248;112m▀[38;2;152;208;72;48;2;152;208;72m▀[38;2;152;208;72;48;2;184;248;112m▀[38;2;152;208;72;48;2;184;248;112m▀[38;2;152;208;72;48;2;152;208;72m▀[38;2;152;208;72;48;2;152;208;72m▀[38;2;152;208;72;48;2;152;208;72m▀[38;2;152;208;72;48;2;152;208;72m▀[38;2;184;248;112;48;2;152;208;72m▀[38;2;152;208;72;48;2;152;208;72m▀[38;2;152;208;72;48;2;152;208;72m▀[38;2;184;248;112;48;2;184;248;112m▀[38;2;184;248;112;48;2;184;248;112m▀[38;2;0;0;0;48;2;184;248;112m▀[38;2;0;0;0m▄[38;2;0;0;0;48;2;184;248;112m▀[38;2;0;0;0;48;2;184;248;112m▀[38;2;184;248;112;48;2;184;248;112m▀[38;2;184;248;112;48;2;152;208;72m▀[38;2;184;248;112;48;2;184;248;112m▀[38;2;184;248;112;48;2;184;248;112m▀[38;2;0;0;0;48;2;0;0;0m▀[0m [0m [0m [0m [0m
[0m [0m [0m [0m [0m [38;2;0;0;0;48;2;0;0;0m▀[38;2;184;248;112;48;2;184;248;112m▀[38;2;184;248;112;48;2;184;248;112m▀[38;2;152;208;72;48;2;152;208;72m▀[38;2;184;248;112;48;2;184;248;112m▀[38;2;184;248;112;48;2;184;248;112m▀[38;2;152;208;72;48;2;152;208;72m▀[38;2;184;248;112;48;2;184;248;112m▀[38;2;152;208;72;48;2;152;208;72m▀[38;2;184;248;112;48;2;184;248;112m▀[38;2;184;248;112;48;2;184;248;112m▀[38;2;184;248;112;48;2;184;248;112m▀[38;2;184;248;112;48;2;184;248;112m▀[38;2;184;248;112;48;2;184;248;112m▀[38;2;184;248;112;48;2;184;248;112m▀[38;2;152;208;72;48;2;152;208;72m▀[38;2;152;208;72;48;2;152;208;72m▀[38;2;152;208;72;48;2;152;208;72m▀[38;2;152;208;72;48;2;152;208;72m▀[38;2;152;208;72;48;2;152;208;72m▀[38;2;152;208;72;48;2;152;208;72m▀[38;2;152;208;72;48;2;152;208;72m▀[38;2;152;208;72;48;2;152;208;72m▀[38;2;152;208;72;48;2;152;208;72m▀[38;2;152;208;72;48;2;152;208;72m▀[38;2;152;208;72;48;2;152;208;72m▀[38;2;152;208;72;48;2;152;208;72m▀[38;2;152;208;72;48;2;152;208;72m▀[38;2;152;208;72;48;2;152;208;72m▀[38;2;152;208;72;48;2;152;208;72m▀[38;2;152;208;72;48;2;152;208;72m▀[38;2;184;248;112;48;2;184;248;112m▀[38;2;152;208;72;48;2;152;208;72m▀[38;2;152;208;72;48;2;152;208;72m▀[38;2;152;208;72;48;2;152;208;72m▀[38;2;152;208;72;48;2;152;208;72m▀[38;2;184;248;112;48;2;184;248;112m▀[38;2;184;248;112;48;2;184;248;112m▀[38;2;152;208;72;48;2;152;208;72m▀[38;2;184;248;112;48;2;184;248;112m▀[38;2;184;248;112;48;2;184;248;112m▀[38;2;184;248;112;48;2;184;248;112m▀[38;2;184;248;112;48;2;184;248;112m▀[38;2;184;248;112;48;2;184;248;112m▀[38;2;152;208;72;48;2;152;208;72m▀[38;2;184;248;112;48;2;184;248;112m▀[38;2;152;208;72;48;2;152;208;72m▀[38;2;184;248;112;48;2;184;248;112m▀[38;2;184;248;112;48;2;184;248;112m▀[38;2;0;0;0;48;2;0;0;0m▀[38;2;0;0;0m▄[0m [0m [0m
[0m [0m [0m [0m [0m [0m [38;2;0;0;0m▀[38;2;184;248;112;48;2;0;0;0m▀[38;2;184;248;112;48;2;0;0;0m▀[38;2;184;248;112;48;2;0;0;0m▀[38;2;184;248;112;48;2;0;0;0m▀[38;2;184;248;112;48;2;0;0;0m▀[38;2;184;248;112;48;2;184;248;112m▀[38;2;184;248;112;48;2;152;208;72m▀[38;2;152;208;72;48;2;152;208;72m▀[38;2;152;208;72;48;2;120;168;64m▀[38;2;152;208;72;48;2;120;168;64m▀[38;2;184;248;112;48;2;152;208;72m▀[38;2;152;208;72;48;2;152;208;72m▀[38;2;152;208;72;48;2;120;168;64m▀[38;2;120;168;64;48;2;152;208;72m▀[38;2;152;208;72;48;2;120;168;64m▀[38;2;120;168;64;48;2;152;208;72m▀[38;2;120;168;64;48;2;152;208;72m▀[38;2;120;168;64;48;2;120;168;64m▀[38;2;152;208;72;48;2;120;168;64m▀[38;2;152;208;72;48;2;120;168;64m▀[38;2;120;168;64;48;2;152;208;72m▀[38;2;152;208;72;48;2;120;168;64m▀[38;2;152;208;72;48;2;120;168;64m▀[38;2;120;168;64;48;2;152;208;72m▀[38;2;152;208;72;48;2;120;168;64m▀[38;2;120;168;64;48;2;152;208;72m▀[38;2;152;208;72;48;2;152;208;72m▀[38;2;184;248;112;48;2;152;208;72m▀[38;2;184;248;112;48;2;152;208;72m▀[38;2;152;208;72;48;2;152;208;72m▀[38;2;152;208;72;48;2;152;208;72m▀[38;2;152;208;72;48;2;152;208;72m▀[38;2;152;208;72;48;2;152;208;72m▀[38;2;184;248;112;48;2;152;208;72m▀[38;2;152;208;72;48;2;184;248;112m▀[38;2;152;208;72;48;2;184;248;112m▀[38;2;184;248;112;48;2;184;248;112m▀[38;2;184;248;112;48;2;184;248;112m▀[38;2;184;248;112;48;2;184;248;112m▀[38;2;184;248;112;48;2;184;248;112m▀[38;2;152;208;72;48;2;184;248;112m▀[38;2;152;208;72;48;2;184;248;112m▀[38;2;184;248;112;48;2;152;208;72m▀[38;2;152;208;72;48;2;152;208;72m▀[38;2;152;208;72;48;2;152;208;72m▀[38;2;152;208;72;48;2;152;208;72m▀[38;2;184;248;112;48;2;152;208;72m▀[38;2;184;248;112;48;2;184;248;112m▀[38;2;184;248;112;48;2;184;248;112m▀[38;2;0;0;0;48;2;0;0;0m▀[0m [0m
[0m [0m [0m [0m [0m [0m [0m [0m [0m [0m [38;2;0;0;0;48;2;0;0;0m▀[38;2;184;248;112;48;2;184;248;112m▀[38;2;184;248;112;48;2;152;208;72m▀[38;2;152;208;72;48;2;152;208;72m▀[38;2;120;168;64;48;2;152;208;72m▀[38;2;152;208;72;48;2;120;168;64m▀[38;2;152;208;72;48;2;120;168;64m▀[38;2;120;168;64;48;2;120;168;64m▀[38;2;152;208;72;48;2;120;168;64m▀[38;2;152;208;72;48;2;152;208;72m▀[38;2;120;168;64;48;2;120;168;64m▀[38;2;152;208;72;48;2;120;168;64m▀[38;2;120;168;64;48;2;120;168;64m▀[38;2;120;168;64;48;2;120;168;64m▀[38;2;120;168;64;48;2;120;168;64m▀[38;2;120;168;64;48;2;120;168;64m▀[38;2;120;168;64;48;2;120;168;64m▀[38;2;120;168;64;48;2;120;168;64m▀[38;2;120;168;64;48;2;120;168;64m▀[38;2;120;168;64;48;2;120;168;64m▀[38;2;120;168;64;48;2;120;168;64m▀[38;2;120;168;64;48;2;120;168;64m▀[38;2;152;208;72;48;2;120;168;64m▀[38;2;152;208;72;48;2;152;208;72m▀[38;2;152;208;72;48;2;120;168;64m▀[38;2;152;208;72;48;2;120;168;64m▀[38;2;120;168;64;48;2;152;208;72m▀[38;2;152;208;72;48;2;120;168;64m▀[38;2;152;208;72;48;2;152;208;72m▀[38;2;152;208;72;48;2;152;208;72m▀[38;2;152;208;72;48;2;152;208;72m▀[38;2;152;208;72;48;2;152;208;72m▀[38;2;152;208;72;48;2;152;208;72m▀[38;2;184;248;112;48;2;184;248;112m▀[38;2;0;0;0;48;2;0;0;0m▀[38;2;0;0;0;48;2;0;0;0m▀[38;2;184;248;112;48;2;184;248;112m▀[38;2;152;208;72;48;2;184;248;112m▀[38;2;152;208;72;48;2;184;248;112m▀[38;2;152;208;72;48;2;152;208;72m▀[38;2;152;208;72;48;2;152;208;72m▀[38;2;152;208;72;48;2;152;208;72m▀[38;2;152;208;72;48;2;152;208;72m▀[38;2;152;208;72;48;2;152;208;72m▀[38;2;184;248;112;48;2;184;248;112m▀[38;2;184;248;112;48;2;184;248;112m▀[38;2;0;0;0;48;2;0;0;0m▀[0m [0m
[0m [0m [0m [0m [0m [0m [0m [0m [0m [38;2;0;0;0m▄[38;2;0;0;0;48;2;0;0;0m▀[38;2;184;248;112;48;2;184;248;112m▀[38;2;152;208;72;48;2;152;208;72m▀[38;2;152;208;72;48;2;152;208;72m▀[38;2;120;168;64;48;2;120;168;64m▀[38;2;120;168;64;48;2;120;168;64m▀[38;2;120;168;64;48;2;120;168;64m▀[38;2;120;168;64;48;2;120;168;64m▀[38;2;120;168;64;48;2;120;168;64m▀[38;2;120;168;64;48;2;120;168;64m▀[38;2;120;168;64;48;2;120;168;64m▀[38;2;120;168;64;48;2;120;168;64m▀[38;2;120;168;64;48;2;120;168;64m▀[38;2;120;168;64;48;2;120;168;64m▀[38;2;120;168;64;48;2;120;168;64m▀[38;2;120;168;64;48;2;120;168;64m▀[38;2;120;168;64;48;2;120;168;64m▀[38;2;120;168;64;48;2;120;168;64m▀[38;2;120;168;64;48;2;120;168;64m▀[38;2;120;168;64;48;2;120;168;64m▀[38;2;120;168;64;48;2;120;168;64m▀[38;2;120;168;64;48;2;120;168;64m▀[38;2;120;168;64;48;2;120;168;64m▀[38;2;120;168;64;48;2;120;168;64m▀[38;2;152;208;72;48;2;152;208;72m▀[38;2;152;208;72;48;2;152;208;72m▀[38;2;120;168;64;48;2;120;168;64m▀[38;2;152;208;72;48;2;152;208;72m▀[38;2;120;168;64;48;2;120;168;64m▀[38;2;152;208;72;48;2;152;208;72m▀[38;2;152;208;72;48;2;152;208;72m▀[38;2;152;208;72;48;2;152;208;72m▀[38;2;152;208;72;48;2;152;208;72m▀[38;2;184;248;112;48;2;184;248;112m▀[38;2;184;248;112;48;2;184;248;112m▀[38;2;184;248;112;48;2;184;248;112m▀[38;2;184;248;112;48;2;184;248;112m▀[38;2;152;208;72;48;2;152;208;72m▀[38;2;152;208;72;48;2;152;208;72m▀[38;2;152;208;72;48;2;152;208;72m▀[38;2;152;208;72;48;2;152;208;72m▀[38;2;152;208;72;48;2;152;208;72m▀[38;2;152;208;72;48;2;152;208;72m▀[38;2;184;248;112;48;2;184;248;112m▀[38;2;184;248;112;48;2;184;248;112m▀[38;2;184;248;112;48;2;184;248;112m▀[38;2;0;0;0;48;2;0;0;0m▀[0m [0m
[0m [0m [0m [0m [38;2;0;0;0m▄[38;2;0;0;0m▄[0m [0m [38;2;0;0;0;48;2;0;0;0m▀[38;2;184;248;112;48;2;184;248;112m▀[38;2;184;248;112;48;2;184;248;112m▀[38;2;184;248;112;48;2;152;208;72m▀[38;2;152;208;72;48;2;152;208;72m▀[38;2;152;208;72;48;2;120;168;64m▀[38;2;120;168;64;48;2;120;168;64m▀[38;2;120;168;64;48;2;120;168;64m▀[38;2;120;168;64;48;2;120;168;64m▀[38;2;120;168;64;48;2;120;168;64m▀[38;2;120;168;64;48;2;120;168;64m▀[38;2;120;168;64;48;2;16;16;16m▀[38;2;120;168;64;48;2;40;88;96m▀[38;2;40;88;96;48;2;96;208;160m▀[38;2;40;88;96;48;2;96;208;160m▀[38;2;40;88;96;48;2;96;208;160m▀[38;2;40;88;96;48;2;96;208;160m▀[38;2;40;88;96;48;2;96;144;152m▀[38;2;16;16;16;48;2;96;208;160m▀[38;2;16;16;16;48;2;96;144;152m▀[38;2;120;168;64;48;2;16;16;16m▀[38;2;120;168;64;48;2;16;16;16m▀[38;2;120;168;64;48;2;16;16;16m▀[38;2;120;168;64;48;2;120;168;64m▀[38;2;120;168;64;48;2;120;168;64m▀[38;2;120;168;64;48;2;120;168;64m▀[38;2;120;168;64;48;2;120;168;64m▀[38;2;120;168;64;48;2;120;168;64m▀[38;2;120;168;64;48;2;120;168;64m▀[38;2;120;168;64;48;2;120;168;64m▀[38;2;152;208;72;48;2;152;208;72m▀[38;2;152;208;72;48;2;152;208;72m▀[38;2;152;208;72;48;2;152;208;72m▀[38;2;152;208;72;48;2;184;248;112m▀[38;2;152;208;72;48;2;184;248;112m▀[38;2;184;248;112;48;2;152;208;72m▀[38;2;184;248;112;48;2;184;248;112m▀[38;2;184;248;112;48;2;184;248;112m▀[38;2;152;208;72;48;2;184;248;112m▀[38;2;184;248;112;48;2;152;208;72m▀[38;2;184;248;112;48;2;152;208;72m▀[38;2;152;208;72;48;2;184;248;112m▀[38;2;152;208;72;48;2;152;208;72m▀[38;2;152;208;72;48;2;184;248;112m▀[38;2;184;248;112;48;2;184;248;112m▀[38;2;184;248;112;48;2;184;248;112m▀[38;2;0;0;0;48;2;0;0;0m▀[38;2;0;0;0m▀[0m [0m [0m
[0m [38;2;0;0;0m▄[38;2;0;0;0;48;2;184;248;112m▀[38;2;0;0;0;48;2;184;248;112m▀[38;2;184;248;112;48;2;184;248;112m▀[38;2;184;248;112;48;2;184;248;112m▀[38;2;0;0;0;48;2;184;248;112m▀[38;2;0;0;0;48;2;0;0;0m▀[38;2;184;248;112;48;2;184;248;112m▀[38;2;184;248;112;48;2;184;248;112m▀[38;2;184;248;112;48;2;184;248;112m▀[38;2;152;208;72;48;2;152;208;72m▀[38;2;152;208;72;48;2;120;168;64m▀[38;2;120;168;64;48;2;120;168;64m▀[38;2;120;168;64;48;2;120;168;64m▀[38;2;120;168;64;48;2;40;88;96m▀[38;2;120;168;64;48;2;40;88;96m▀[38;2;16;16;16;48;2;96;144;152m▀[38;2;40;88;96;48;2;96;208;160m▀[38;2;96;208;160;48;2;96;208;160m▀[38;2;96;208;160;48;2;96;208;160m▀[38;2;96;208;160;48;2;96;208;160m▀[38;2;96;208;160;48;2;96;208;160m▀[38;2;96;208;160;48;2;96;208;160m▀[38;2;96;144;152;48;2;96;208;160m▀[38;2;96;208;160;48;2;96;144;152m▀[38;2;96;144;152;48;2;96;208;160m▀[38;2;96;144;152;48;2;96;144;152m▀[38;2;96;144;152;48;2;96;144;152m▀[38;2;96;144;152;48;2;96;144;152m▀[38;2;96;144;152;48;2;96;144;152m▀[38;2;16;16;16;48;2;40;88;96m▀[38;2;16;16;16;48;2;40;88;96m▀[38;2;120;168;64;48;2;16;16;16m▀[38;2;120;168;64;48;2;120;168;64m▀[38;2;120;168;64;48;2;120;168;64m▀[38;2;120;168;64;48;2;120;168;64m▀[38;2;120;168;64;48;2;120;168;64m▀[38;2;120;168;64;48;2;120;168;64m▀[38;2;152;208;72;48;2;120;168;64m▀[38;2;152;208;72;48;2;152;208;72m▀[38;2;120;168;64;48;2;152;208;72m▀[38;2;120;168;64;48;2;152;208;72m▀[38;2;184;248;112;48;2;184;248;112m▀[38;2;184;248;112;48;2;184;248;112m▀[38;2;184;248;112;48;2;184;248;112m▀[38;2;152;208;72;48;2;184;248;112m▀[38;2;184;248;112;48;2;184;248;112m▀[38;2;184;248;112;48;2;184;248;112m▀[38;2;152;208;72;48;2;184;248;112m▀[38;2;184;248;112;48;2;184;248;112m▀[38;2;184;248;112;48;2;0;0;0m▀[38;2;0;0;0m▀[38;2;0;0;0m▀[0m [0m [0m [0m [0m
[0m [38;2;0;0;0;48;2;0;0;0m▀[38;2;184;248;112;48;2;184;248;112m▀[38;2;184;248;112;48;2;184;248;112m▀[38;2;152;208;72;48;2;152;208;72m▀[38;2;184;248;112;48;2;184;248;112m▀[38;2;152;208;72;48;2;152;208;72m▀[38;2;184;248;112;48;2;184;248;112m▀[38;2;184;248;112;48;2;184;248;112m▀[38;2;152;208;72;48;2;152;208;72m▀[38;2;152;208;72;48;2;152;208;72m▀[38;2;120;168;64;48;2;120;168;64m▀[38;2;120;168;64;48;2;120;168;64m▀[38;2;120;168;64;48;2;120;168;64m▀[38;2;40;88;96;48;2;40;88;96m▀[38;2;96;144;152;48;2;96;144;152m▀[38;2;96;144;152;48;2;96;144;152m▀[38;2;96;144;152;48;2;96;144;152m▀[38;2;96;144;152;48;2;96;144;152m▀[38;2;96;208;160;48;2;96;208;160m▀[38;2;96;208;160;48;2;96;208;160m▀[38;2;40;88;96;48;2;40;88;96m▀[38;2;40;88;96;48;2;40;88;96m▀[38;2;40;88;96;48;2;40;88;96m▀[38;2;40;88;96;48;2;40;88;96m▀[38;2;40;88;96;48;2;40;88;96m▀[38;2;96;144;152;48;2;96;144;152m▀[38;2;96;144;152;48;2;96;144;152m▀[38;2;96;144;152;48;2;96;144;152m▀[38;2;96;144;152;48;2;96;144;152m▀[38;2;40;88;96;48;2;40;88;96m▀[38;2;40;88;96;48;2;40;88;96m▀[38;2;40;88;96;48;2;40;88;96m▀[38;2;40;88;96;48;2;40;88;96m▀[38;2;16;16;16;48;2;16;16;16m▀[38;2;16;16;16;48;2;16;16;16m▀[38;2;120;168;64;48;2;120;168;64m▀[38;2;120;168;64;48;2;120;168;64m▀[38;2;120;168;64;48;2;120;168;64m▀[38;2;152;208;72;48;2;152;208;72m▀[38;2;120;168;64;48;2;120;168;64m▀[38;2;152;208;72;48;2;152;208;72m▀[38;2;152;208;72;48;2;152;208;72m▀[38;2;152;208;72;48;2;152;208;72m▀[38;2;184;248;112;48;2;184;248;112m▀[38;2;184;248;112;48;2;184;248;112m▀[38;2;184;248;112;48;2;184;248;112m▀[38;2;184;248;112;48;2;184;248;112m▀[38;2;184;248;112;48;2;184;248;112m▀[38;2;184;248;112;48;2;184;248;112m▀[38;2;184;248;112;48;2;184;248;112m▀[38;2;0;0;0;48;2;0;0;0m▀[0m [0m [0m [0m [0m [0m [0m
[38;2;0;0;0;48;2;0;0;0m▀[38;2;184;248;112;48;2;184;248;112m▀[38;2;184;248;112;48;2;184;248;112m▀[38;2;184;248;112;48;2;184;248;112m▀[38;2;184;248;112;48;2;152;208;72m▀[38;2;152;208;72;48;2;184;248;112m▀[38;2;152;208;72;48;2;152;208;72m▀[38;2;184;248;112;48;2;152;208;72m▀[38;2;152;208;72;48;2;152;208;72m▀[38;2;152;208;72;48;2;120;168;64m▀[38;2;152;208;72;48;2;120;168;64m▀[38;2;120;168;64;48;2;120;168;64m▀[38;2;120;168;64;48;2;120;168;64m▀[38;2;40;88;96;48;2;16;16;16m▀[38;2;40;88;96;48;2;96;144;152m▀[38;2;96;144;152;48;2;96;144;152m▀[38;2;96;144;152;48;2;96;144;152m▀[38;2;96;144;152;48;2;96;144;152m▀[38;2;96;144;152;48;2;96;144;152m▀[38;2;96;144;152;48;2;96;144;152m▀[38;2;96;144;152;48;2;96;144;152m▀[38;2;96;144;152;48;2;96;144;152m▀[38;2;40;88;96;48;2;96;144;152m▀[38;2;40;88;96;48;2;96;144;152m▀[38;2;40;88;96;48;2;96;144;152m▀[38;2;96;144;152;48;2;96;144;152m▀[38;2;96;144;152;48;2;96;144;152m▀[38;2;96;144;152;48;2;96;144;152m▀[38;2;96;144;152;48;2;96;144;152m▀[38;2;96;144;152;48;2;96;144;152m▀[38;2;40;88;96;48;2;96;144;152m▀[38;2;40;88;96;48;2;40;88;96m▀[38;2;40;88;96;48;2;40;88;96m▀[38;2;40;88;96;48;2;40;88;96m▀[38;2;40;88;96;48;2;40;88;96m▀[38;2;40;88;96;48;2;40;88;96m▀[38;2;16;16;16;48;2;16;16;16m▀[38;2;120;168;64;48;2;120;168;64m▀[38;2;120;168;64;48;2;120;168;64m▀[38;2;120;168;64;48;2;152;208;72m▀[38;2;152;208;72;48;2;120;168;64m▀[38;2;120;168;64;48;2;152;208;72m▀[38;2;120;168;64;48;2;152;208;72m▀[38;2;152;208;72;48;2;152;208;72m▀[38;2;184;248;112;48;2;184;248;112m▀[38;2;184;248;112;48;2;184;248;112m▀[38;2;184;248;112;48;2;184;248;112m▀[38;2;184;248;112;48;2;184;248;112m▀[38;2;184;248;112;48;2;184;248;112m▀[38;2;184;248;112;48;2;184;248;112m▀[38;2;0;0;0;48;2;184;248;112m▀[38;2;184;248;112;48;2;0;0;0m▀[38;2;0;0;0m▀[0m [0m [0m [0m [0m [0m
[0m [38;2;0;0;0m▀[38;2;184;248;112;48;2;0;0;0m▀[38;2;184;248;112;48;2;0;0;0m▀[38;2;184;248;112;48;2;152;208;72m▀[38;2;152;208;72;48;2;184;248;112m▀[38;2;184;248;112;48;2;152;208;72m▀[38;2;152;208;72;48;2;152;208;72m▀[38;2;152;208;72;48;2;152;208;72m▀[38;2;120;168;64;48;2;120;168;64m▀[38;2;120;168;64;48;2;120;168;64m▀[38;2;120;168;64;48;2;120;168;64m▀[38;2;16;16;16;48;2;16;16;16m▀[38;2;40;88;96;48;2;40;88;96m▀[38;2;96;144;152;48;2;40;88;96m▀[38;2;96;144;152;48;2;96;144;152m▀[38;2;96;144;152;48;2;96;144;152m▀[38;2;96;144;152;48;2;96;144;152m▀[38;2;96;144;152;48;2;96;144;152m▀[38;2;40;88;96;48;2;40;88;96m▀[38;2;40;88;96;48;2;40;88;96m▀[38;2;96;144;152;48;2;96;144;152m▀[38;2;96;144;152;48;2;96;144;152m▀[38;2;96;144;152;48;2;96;144;152m▀[38;2;96;144;152;48;2;96;144;152m▀[38;2;96;144;152;48;2;40;88;96m▀[38;2;96;144;152;48;2;96;208;160m▀[38;2;96;144;152;48;2;96;208;160m▀[38;2;96;144;152;48;2;40;88;96m▀[38;2;96;144;152;48;2;40;88;96m▀[38;2;96;144;152;48;2;27;60;65m▀[38;2;96;144;152;48;2;96;144;152m▀[38;2;40;88;96;48;2;40;88;96m▀[38;2;40;88;96;48;2;40;88;96m▀[38;2;40;88;96;48;2;40;88;96m▀[38;2;40;88;96;48;2;40;88;96m▀[38;2;40;88;96;48;2;40;88;96m▀[38;2;16;16;16;48;2;16;16;16m▀[38;2;120;168;64;48;2;120;168;64m▀[38;2;120;168;64;48;2;120;168;64m▀[38;2;152;208;72;48;2;120;168;64m▀[38;2;120;168;64;48;2;120;168;64m▀[38;2;120;168;64;48;2;120;168;64m▀[38;2;152;208;72;48;2;152;208;72m▀[38;2;152;208;72;48;2;152;208;72m▀[38;2;184;248;112;48;2;184;248;112m▀[38;2;184;248;112;48;2;184;248;112m▀[38;2;184;248;112;48;2;184;248;112m▀[38;2;184;248;112;48;2;184;248;112m▀[38;2;184;248;112;48;2;0;0;0m▀[38;2;0;0;0;48;2;184;248;112m▀[38;2;184;248;112;48;2;0;0;0m▀[38;2;0;0;0m▀[0m [0m [0m [0m [0m [0m
[0m [38;2;0;0;0;48;2;0;0;0m▀[38;2;184;248;112;48;2;184;248;112m▀[38;2;184;248;112;48;2;184;248;112m▀[38;2;184;248;112;48;2;184;248;112m▀[38;2;184;248;112;48;2;152;208;72m▀[38;2;152;208;72;48;2;184;248;112m▀[38;2;152;208;72;48;2;152;208;72m▀[38;2;152;208;72;48;2;152;208;72m▀[38;2;120;168;64;48;2;120;168;64m▀[38;2;120;168;64;48;2;120;168;64m▀[38;2;16;16;16;48;2;16;16;16m▀[38;2;40;88;96;48;2;40;88;96m▀[38;2;40;88;96;48;2;40;88;96m▀[38;2;96;208;160;48;2;248;248;248m▀[38;2;40;88;96;48;2;16;16;16m▀[38;2;40;88;96;48;2;16;16;16m▀[38;2;96;144;152;48;2;96;208;160m▀[38;2;96;144;152;48;2;96;144;152m▀[38;2;96;144;152;48;2;96;144;152m▀[38;2;96;144;152;48;2;96;144;152m▀[38;2;96;144;152;48;2;96;144;152m▀[38;2;96;144;152;48;2;96;144;152m▀[38;2;96;144;152;48;2;96;144;152m▀[38;2;40;88;96;48;2;96;208;160m▀[38;2;96;208;160;48;2;96;208;160m▀[38;2;96;208;160;48;2;40;88;96m▀[38;2;40;88;96;48;2;16;16;16m▀[38;2;200;200;200;48;2;248;248;248m▀[38;2;200;200;200;48;2;248;248;248m▀[38;2;200;200;200;48;2;248;248;248m▀[38;2;27;60;65;48;2;200;200;200m▀[38;2;40;88;96;48;2;27;60;65m▀[38;2;40;88;96;48;2;40;88;96m▀[38;2;40;88;96;48;2;40;88;96m▀[38;2;40;88;96;48;2;40;88;96m▀[38;2;40;88;96;48;2;40;88;96m▀[38;2;40;88;96;48;2;40;88;96m▀[38;2;16;16;16;48;2;16;16;16m▀[38;2;120;168;64;48;2;120;168;64m▀[38;2;120;168;64;48;2;120;168;64m▀[38;2;120;168;64;48;2;152;208;72m▀[38;2;120;168;64;48;2;152;208;72m▀[38;2;152;208;72;48;2;152;208;72m▀[38;2;152;208;72;48;2;184;248;112m▀[38;2;184;248;112;48;2;184;248;112m▀[38;2;184;248;112;48;2;184;248;112m▀[38;2;0;0;0;48;2;0;0;0m▀[38;2;0;0;0m▀[38;2;184;248;112;48;2;0;0;0m▀[38;2;0;0;0;48;2;184;248;112m▀[38;2;0;0;0m▄[0m [0m [0m [0m [0m [0m [0m
[0m [38;2;0;0;0;48;2;0;0;0m▀[38;2;184;248;112;48;2;0;0;0m▀[38;2;184;248;112;48;2;0;0;0m▀[38;2;184;248;112;48;2;184;248;112m▀[38;2;152;208;72;48;2;184;248;112m▀[38;2;184;248;112;48;2;152;208;72m▀[38;2;152;208;72;48;2;152;208;72m▀[38;2;152;208;72;48;2;152;208;72m▀[38;2;120;168;64;48;2;120;168;64m▀[38;2;120;168;64;48;2;120;168;64m▀[38;2;16;16;16;48;2;16;16;16m▀[38;2;40;88;96;48;2;40;88;96m▀[38;2;40;88;96;48;2;40;88;96m▀[38;2;248;248;248;48;2;248;248;248m▀[38;2;16;16;16;48;2;184;40;32m▀[38;2;16;16;16;48;2;184;40;32m▀[38;2;96;208;160;48;2;40;88;96m▀[38;2;96;144;152;48;2;96;144;152m▀[38;2;96;144;152;48;2;96;144;152m▀[38;2;96;144;152;48;2;96;144;152m▀[38;2;96;144;152;48;2;96;144;152m▀[38;2;96;144;152;48;2;96;144;152m▀[38;2;96;144;152;48;2;96;144;152m▀[38;2;96;208;160;48;2;96;208;160m▀[38;2;96;208;160;48;2;96;144;152m▀[38;2;40;88;96;48;2;16;16;16m▀[38;2;16;16;16;48;2;184;40;32m▀[38;2;248;248;248;48;2;16;16;16m▀[38;2;248;248;248;48;2;16;16;16m▀[38;2;248;248;248;48;2;248;248;248m▀[38;2;200;200;200;48;2;200;200;200m▀[38;2;27;60;65;48;2;16;16;16m▀[38;2;40;88;96;48;2;40;88;96m▀[38;2;40;88;96;48;2;40;88;96m▀[38;2;40;88;96;48;2;40;88;96m▀[38;2;40;88;96;48;2;40;88;96m▀[38;2;40;88;96;48;2;40;88;96m▀[38;2;16;16;16;48;2;16;16;16m▀[38;2;120;168;64;48;2;120;168;64m▀[38;2;120;168;64;48;2;120;168;64m▀[38;2;152;208;72;48;2;152;208;72m▀[38;2;152;208;72;48;2;152;208;72m▀[38;2;152;208;72;48;2;152;208;72m▀[38;2;184;248;112;48;2;184;248;112m▀[38;2;184;248;112;48;2;184;248;112m▀[38;2;184;248;112;48;2;184;248;112m▀[38;2;0;0;0;48;2;0;0;0m▀[38;2;0;0;0m▄[38;2;0;0;0;48;2;184;248;112m▀[38;2;184;248;112;48;2;0;0;0m▀[38;2;0;0;0m▀[0m [0m [0m [0m [0m [0m [0m
[38;2;0;0;0;48;2;184;248;112m▀[38;2;184;248;112;48;2;152;208;72m▀[38;2;0;0;0;48;2;184;248;112m▀[38;2;0;0;0;48;2;184;248;112m▀[38;2;0;0;0;48;2;0;0;0m▀[38;2;184;248;112;48;2;0;0;0m▀[38;2;184;248;112;48;2;184;248;112m▀[38;2;152;208;72;48;2;184;248;112m▀[38;2;152;208;72;48;2;152;208;72m▀[38;2;120;168;64;48;2;120;168;64m▀[38;2;120;168;64;48;2;120;168;64m▀[38;2;16;16;16;48;2;16;16;16m▀[38;2;40;88;96;48;2;40;88;96m▀[38;2;96;144;152;48;2;96;144;152m▀[38;2;248;248;248;48;2;40;88;96m▀[38;2;248;104;96;48;2;248;104;96m▀[38;2;248;104;96;48;2;248;104;96m▀[38;2;40;88;96;48;2;96;144;152m▀[38;2;96;144;152;48;2;96;144;152m▀[38;2;96;144;152;48;2;96;144;152m▀[38;2;96;144;152;48;2;96;144;152m▀[38;2;96;144;152;48;2;96;144;152m▀[38;2;96;144;152;48;2;96;144;152m▀[38;2;96;144;152;48;2;96;144;152m▀[38;2;96;144;152;48;2;96;144;152m▀[38;2;96;144;152;48;2;96;144;152m▀[38;2;248;248;248;48;2;248;248;248m▀[38;2;248;104;96;48;2;248;104;96m▀[38;2;16;16;16;48;2;40;88;96m▀[38;2;16;16;16;48;2;40;88;96m▀[38;2;248;248;248;48;2;248;248;248m▀[38;2;200;200;200;48;2;200;200;200m▀[38;2;27;60;65;48;2;40;88;96m▀[38;2;40;88;96;48;2;40;88;96m▀[38;2;40;88;96;48;2;40;88;96m▀[38;2;40;88;96;48;2;40;88;96m▀[38;2;40;88;96;48;2;40;88;96m▀[38;2;40;88;96;48;2;40;88;96m▀[38;2;16;16;16;48;2;16;16;16m▀[38;2;120;168;64;48;2;120;168;64m▀[38;2;120;168;64;48;2;120;168;64m▀[38;2;152;208;72;48;2;152;208;72m▀[38;2;152;208;72;48;2;152;208;72m▀[38;2;184;248;112;48;2;184;248;112m▀[38;2;184;248;112;48;2;152;208;72m▀[38;2;184;248;112;48;2;184;248;112m▀[38;2;184;248;112;48;2;184;248;112m▀[38;2;184;248;112;48;2;0;0;0m▀[38;2;184;248;112;48;2;0;0;0m▀[38;2;0;0;0;48;2;184;248;112m▀[38;2;184;248;112;48;2;0;0;0m▀[38;2;0;0;0m▀[0m [0m [0m [0m [0m [0m [0m
[38;2;184;248;112;48;2;0;0;0m▀[38;2;152;208;72;48;2;184;248;112m▀[38;2;184;248;112;48;2;184;248;112m▀[38;2;184;248;112;48;2;184;248;112m▀[38;2;0;0;0;48;2;0;0;0m▀[38;2;0;0;0m▀[38;2;184;248;112;48;2;0;0;0m▀[38;2;184;248;112;48;2;184;248;112m▀[38;2;152;208;72;48;2;152;208;72m▀[38;2;120;168;64;48;2;152;208;72m▀[38;2;120;168;64;48;2;152;208;72m▀[38;2;16;16;16;48;2;120;168;64m▀[38;2;40;88;96;48;2;16;16;16m▀[38;2;40;88;96;48;2;40;88;96m▀[38;2;96;208;160;48;2;96;144;152m▀[38;2;96;208;160;48;2;96;144;152m▀[38;2;96;208;160;48;2;96;144;152m▀[38;2;96;144;152;48;2;96;144;152m▀[38;2;96;144;152;48;2;96;144;152m▀[38;2;40;88;96;48;2;96;144;152m▀[38;2;96;144;152;48;2;96;144;152m▀[38;2;96;144;152;48;2;96;144;152m▀[38;2;27;60;65;48;2;96;144;152m▀[38;2;27;60;65;48;2;96;144;152m▀[38;2;96;144;152;48;2;96;144;152m▀[38;2;96;144;152;48;2;96;144;152m▀[38;2;96;144;152;48;2;96;144;152m▀[38;2;96;144;152;48;2;96;144;152m▀[38;2;96;144;152;48;2;96;144;152m▀[38;2;96;144;152;48;2;96;144;152m▀[38;2;96;144;152;48;2;96;144;152m▀[38;2;40;88;96;48;2;96;144;152m▀[38;2;40;88;96;48;2;40;88;96m▀[38;2;40;88;96;48;2;27;60;65m▀[38;2;40;88;96;48;2;40;88;96m▀[38;2;40;88;96;48;2;40;88;96m▀[38;2;40;88;96;48;2;40;88;96m▀[38;2;40;88;96;48;2;16;16;16m▀[38;2;16;16;16;48;2;120;168;64m▀[38;2;120;168;64;48;2;120;168;64m▀[38;2;152;208;72;48;2;152;208;72m▀[38;2;152;208;72;48;2;152;208;72m▀[38;2;152;208;72;48;2;152;208;72m▀[38;2;152;208;72;48;2;184;248;112m▀[38;2;184;248;112;48;2;152;208;72m▀[38;2;184;248;112;48;2;184;248;112m▀[38;2;184;248;112;48;2;0;0;0m▀[38;2;0;0;0m▀[0m [38;2;0;0;0m▀[0m [0m [0m [0m [0m [0m [0m [0m [0m
[38;2;0;0;0m▀[38;2;184;248;112;48;2;0;0;0m▀[38;2;184;248;112;48;2;0;0;0m▀[38;2;184;248;112;48;2;0;0;0m▀[38;2;0;0;0m▀[0m [38;2;0;0;0;48;2;0;0;0m▀[38;2;184;248;112;48;2;184;248;112m▀[38;2;152;208;72;48;2;184;248;112m▀[38;2;152;208;72;48;2;152;208;72m▀[38;2;152;208;72;48;2;152;208;72m▀[38;2;120;168;64;48;2;120;168;64m▀[38;2;16;16;16;48;2;16;16;16m▀[38;2;40;88;96;48;2;40;88;96m▀[38;2;96;144;152;48;2;40;88;96m▀[38;2;96;144;152;48;2;248;248;248m▀[38;2;96;144;152;48;2;248;248;248m▀[38;2;96;144;152;48;2;184;40;32m▀[38;2;96;144;152;48;2;184;40;32m▀[38;2;96;144;152;48;2;96;144;152m▀[38;2;96;144;152;48;2;96;144;152m▀[38;2;96;144;152;48;2;96;144;152m▀[38;2;96;144;152;48;2;96;144;152m▀[38;2;96;144;152;48;2;96;144;152m▀[38;2;96;144;152;48;2;184;40;32m▀[38;2;96;144;152;48;2;184;40;32m▀[38;2;96;144;152;48;2;184;40;32m▀[38;2;96;144;152;48;2;248;248;248m▀[38;2;96;144;152;48;2;27;60;65m▀[38;2;96;144;152;48;2;27;60;65m▀[38;2;96;144;152;48;2;27;60;65m▀[38;2;96;144;152;48;2;27;60;65m▀[38;2;40;88;96;48;2;27;60;65m▀[38;2;27;60;65;48;2;40;88;96m▀[38;2;40;88;96;48;2;40;88;96m▀[38;2;40;88;96;48;2;40;88;96m▀[38;2;40;88;96;48;2;40;88;96m▀[38;2;16;16;16;48;2;16;16;16m▀[38;2;120;168;64;48;2;120;168;64m▀[38;2;120;168;64;48;2;120;168;64m▀[38;2;152;208;72;48;2;152;208;72m▀[38;2;152;208;72;48;2;184;248;112m▀[38;2;152;208;72;48;2;184;248;112m▀[38;2;184;248;112;48;2;152;208;72m▀[38;2;152;208;72;48;2;184;248;112m▀[38;2;184;248;112;48;2;0;0;0m▀[38;2;0;0;0;48;2;0;0;0m▀[38;2;0;0;0;48;2;184;248;112m▀[38;2;0;0;0;48;2;184;248;112m▀[38;2;0;0;0;48;2;184;248;112m▀[38;2;0;0;0;48;2;184;248;112m▀[38;2;0;0;0m▄[38;2;0;0;0m▄[0m [0m [0m [0m [0m [0m
[0m [0m [0m [0m [0m [38;2;0;0;0m▄[38;2;0;0;0;48;2;184;248;112m▀[38;2;184;248;112;48;2;184;248;112m▀[38;2;152;208;72;48;2;152;208;72m▀[38;2;120;168;64;48;2;120;168;64m▀[38;2;120;168;64;48;2;120;168;64m▀[38;2;120;168;64;48;2;120;168;64m▀[38;2;120;168;64;48;2;120;168;64m▀[38;2;16;16;16;48;2;16;16;16m▀[38;2;40;88;96;48;2;40;88;96m▀[38;2;96;144;152;48;2;40;88;96m▀[38;2;96;144;152;48;2;40;88;96m▀[38;2;184;40;32;48;2;96;144;152m▀[38;2;184;40;32;48;2;184;40;32m▀[38;2;184;40;32;48;2;184;40;32m▀[38;2;184;40;32;48;2;184;40;32m▀[38;2;184;40;32;48;2;184;40;32m▀[38;2;184;40;32;48;2;216;72;64m▀[38;2;184;40;32;48;2;216;72;64m▀[38;2;184;40;32;48;2;216;72;64m▀[38;2;184;40;32;48;2;216;72;64m▀[38;2;184;40;32;48;2;216;72;64m▀[38;2;184;40;32;48;2;184;40;32m▀[38;2;184;40;32;48;2;184;40;32m▀[38;2;184;40;32;48;2;184;40;32m▀[38;2;184;40;32;48;2;27;60;65m▀[38;2;27;60;65;48;2;40;88;96m▀[38;2;40;88;96;48;2;40;88;96m▀[38;2;40;88;96;48;2;40;88;96m▀[38;2;40;88;96;48;2;40;88;96m▀[38;2;40;88;96;48;2;40;88;96m▀[38;2;16;16;16;48;2;16;16;16m▀[38;2;120;168;64;48;2;120;168;64m▀[38;2;120;168;64;48;2;120;168;64m▀[38;2;120;168;64;48;2;152;208;72m▀[38;2;152;208;72;48;2;152;208;72m▀[38;2;152;208;72;48;2;184;248;112m▀[38;2;152;208;72;48;2;184;248;112m▀[38;2;184;248;112;48;2;184;248;112m▀[38;2;184;248;112;48;2;184;248;112m▀[38;2;184;248;112;48;2;184;248;112m▀[38;2;184;248;112;48;2;184;248;112m▀[38;2;184;248;112;48;2;152;208;72m▀[38;2;184;248;112;48;2;152;208;72m▀[38;2;184;248;112;48;2;152;208;72m▀[38;2;184;248;112;48;2;152;208;72m▀[38;2;184;248;112;48;2;184;248;112m▀[38;2;184;248;112;48;2;184;248;112m▀[38;2;0;0;0;48;2;184;248;112m▀[38;2;0;0;0m▄[0m [0m [0m [0m
[0m [0m [0m [0m [38;2;0;0;0;48;2;0;0;0m▀[38;2;184;248;112;48;2;184;248;112m▀[38;2;184;248;112;48;2;184;248;112m▀[38;2;152;208;72;48;2;152;208;72m▀[38;2;184;248;112;48;2;152;208;72m▀[38;2;152;208;72;48;2;152;208;72m▀[38;2;152;208;72;48;2;152;208;72m▀[38;2;120;168;64;48;2;152;208;72m▀[38;2;120;168;64;48;2;152;208;72m▀[38;2;120;168;64;48;2;120;168;64m▀[38;2;16;16;16;48;2;120;168;64m▀[38;2;40;88;96;48;2;16;16;16m▀[38;2;40;88;96;48;2;16;16;16m▀[38;2;40;88;96;48;2;40;88;96m▀[38;2;96;144;152;48;2;40;88;96m▀[38;2;96;144;152;48;2;40;88;96m▀[38;2;184;40;32;48;2;96;144;152m▀[38;2;216;72;64;48;2;96;144;152m▀[38;2;216;72;64;48;2;96;144;152m▀[38;2;216;72;64;48;2;96;144;152m▀[38;2;216;72;64;48;2;96;144;152m▀[38;2;216;72;64;48;2;96;144;152m▀[38;2;184;40;32;48;2;96;144;152m▀[38;2;96;144;152;48;2;40;88;96m▀[38;2;96;144;152;48;2;40;88;96m▀[38;2;96;144;152;48;2;40;88;96m▀[38;2;40;88;96;48;2;40;88;96m▀[38;2;40;88;96;48;2;40;88;96m▀[38;2;40;88;96;48;2;40;88;96m▀[38;2;40;88;96;48;2;16;16;16m▀[38;2;16;16;16;48;2;120;168;64m▀[38;2;16;16;16;48;2;120;168;64m▀[38;2;120;168;64;48;2;120;168;64m▀[38;2;120;168;64;48;2;152;208;72m▀[38;2;152;208;72;48;2;152;208;72m▀[38;2;152;208;72;48;2;152;208;72m▀[38;2;152;208;72;48;2;152;208;72m▀[38;2;152;208;72;48;2;152;208;72m▀[38;2;152;208;72;48;2;152;208;72m▀[38;2;184;248;112;48;2;152;208;72m▀[38;2;184;248;112;48;2;184;248;112m▀[38;2;184;248;112;48;2;152;208;72m▀[38;2;152;208;72;48;2;152;208;72m▀[38;2;152;208;72;48;2;152;208;72m▀[38;2;152;208;72;48;2;152;208;72m▀[38;2;152;208;72;48;2;152;208;72m▀[38;2;152;208;72;48;2;152;208;72m▀[38;2;152;208;72;48;2;152;208;72m▀[38;2;184;248;112;48;2;152;208;72m▀[38;2;184;248;112;48;2;184;248;112m▀[38;2;0;0;0;48;2;0;0;0m▀[0m [0m [0m [0m
[0m [0m [0m [0m [38;2;0;0;0m▀[38;2;184;248;112;48;2;0;0;0m▀[38;2;184;248;112;48;2;184;248;112m▀[38;2;152;208;72;48;2;184;248;112m▀[38;2;152;208;72;48;2;152;208;72m▀[38;2;152;208;72;48;2;152;208;72m▀[38;2;152;208;72;48;2;152;208;72m▀[38;2;152;208;72;48;2;184;248;112m▀[38;2;152;208;72;48;2;152;208;72m▀[38;2;120;168;64;48;2;152;208;72m▀[38;2;120;168;64;48;2;120;168;64m▀[38;2;16;16;16;48;2;120;168;64m▀[38;2;16;16;16;48;2;120;168;64m▀[38;2;40;88;96;48;2;16;16;16m▀[38;2;40;88;96;48;2;16;16;16m▀[38;2;40;88;96;48;2;40;88;96m▀[38;2;96;144;152;48;2;40;88;96m▀[38;2;96;144;152;48;2;40;88;96m▀[38;2;96;144;152;48;2;40;88;96m▀[38;2;96;144;152;48;2;40;88;96m▀[38;2;96;144;152;48;2;40;88;96m▀[38;2;96;144;152;48;2;40;88;96m▀[38;2;96;144;152;48;2;40;88;96m▀[38;2;40;88;96;48;2;40;88;96m▀[38;2;40;88;96;48;2;40;88;96m▀[38;2;40;88;96;48;2;40;88;96m▀[38;2;40;88;96;48;2;40;88;96m▀[38;2;40;88;96;48;2;16;16;16m▀[38;2;40;88;96;48;2;16;16;16m▀[38;2;16;16;16;48;2;120;168;64m▀[38;2;120;168;64;48;2;120;168;64m▀[38;2;120;168;64;48;2;120;168;64m▀[38;2;120;168;64;48;2;152;208;72m▀[38;2;152;208;72;48;2;152;208;72m▀[38;2;152;208;72;48;2;152;208;72m▀[38;2;152;208;72;48;2;152;208;72m▀[38;2;152;208;72;48;2;184;248;112m▀[38;2;152;208;72;48;2;184;248;112m▀[38;2;152;208;72;48;2;184;248;112m▀[38;2;152;208;72;48;2;184;248;112m▀[38;2;184;248;112;48;2;184;248;112m▀[38;2;152;208;72;48;2;152;208;72m▀[38;2;152;208;72;48;2;152;208;72m▀[38;2;152;208;72;48;2;152;208;72m▀[38;2;152;208;72;48;2;152;208;72m▀[38;2;152;208;72;48;2;152;208;72m▀[38;2;152;208;72;48;2;184;248;112m▀[38;2;152;208;72;48;2;152;208;72m▀[38;2;152;208;72;48;2;184;248;112m▀[38;2;184;248;112;48;2;184;248;112m▀[38;2;0;0;0;48;2;184;248;112m▀[38;2;0;0;0;48;2;184;248;112m▀[38;2;0;0;0m▄[0m [0m
[0m [0m [0m [0m [38;2;0;0;0m▀[38;2;184;248;112;48;2;0;0;0m▀[38;2;0;0;0;48;2;184;248;112m▀[38;2;184;248;112;48;2;0;0;0m▀[38;2;184;248;112;48;2;184;248;112m▀[38;2;184;248;112;48;2;184;248;112m▀[38;2;184;248;112;48;2;184;248;112m▀[38;2;184;248;112;48;2;0;0;0m▀[38;2;184;248;112;48;2;184;248;112m▀[38;2;152;208;72;48;2;184;248;112m▀[38;2;152;208;72;48;2;152;208;72m▀[38;2;120;168;64;48;2;120;168;64m▀[38;2;120;168;64;48;2;120;168;64m▀[38;2;120;168;64;48;2;152;208;72m▀[38;2;120;168;64;48;2;120;168;64m▀[38;2;16;16;16;48;2;120;168;64m▀[38;2;16;16;16;48;2;120;168;64m▀[38;2;40;88;96;48;2;16;16;16m▀[38;2;40;88;96;48;2;16;16;16m▀[38;2;40;88;96;48;2;16;16;16m▀[38;2;40;88;96;48;2;16;16;16m▀[38;2;40;88;96;48;2;16;16;16m▀[38;2;40;88;96;48;2;16;16;16m▀[38;2;40;88;96;48;2;16;16;16m▀[38;2;16;16;16;48;2;120;168;64m▀[38;2;16;16;16;48;2;120;168;64m▀[38;2;16;16;16;48;2;120;168;64m▀[38;2;120;168;64;48;2;120;168;64m▀[38;2;120;168;64;48;2;120;168;64m▀[38;2;120;168;64;48;2;152;208;72m▀[38;2;152;208;72;48;2;152;208;72m▀[38;2;152;208;72;48;2;152;208;72m▀[38;2;152;208;72;48;2;152;208;72m▀[38;2;152;208;72;48;2;152;208;72m▀[38;2;152;208;72;48;2;184;248;112m▀[38;2;184;248;112;48;2;184;248;112m▀[38;2;184;248;112;48;2;184;248;112m▀[38;2;184;248;112;48;2;0;0;0m▀[38;2;184;248;112;48;2;0;0;0m▀[38;2;0;0;0m▀[38;2;184;248;112;48;2;0;0;0m▀[38;2;152;208;72;48;2;184;248;112m▀[38;2;152;208;72;48;2;152;208;72m▀[38;2;152;208;72;48;2;152;208;72m▀[38;2;152;208;72;48;2;152;208;72m▀[38;2;184;248;112;48;2;152;208;72m▀[38;2;152;208;72;48;2;184;248;112m▀[38;2;184;248;112;48;2;152;208;72m▀[38;2;152;208;72;48;2;184;248;112m▀[38;2;184;248;112;48;2;184;248;112m▀[38;2;0;0;0;48;2;184;248;112m▀[38;2;0;0;0;48;2;184;248;112m▀[38;2;0;0;0m▄[0m [0m
[0m [0m [0m [0m [0m [0m [38;2;0;0;0m▀[0m [38;2;0;0;0m▀[38;2;0;0;0m▀[38;2;0;0;0m▀[38;2;0;0;0m▄[38;2;0;0;0;48;2;184;248;112m▀[38;2;184;248;112;48;2;184;248;112m▀[38;2;120;168;64;48;2;152;208;72m▀[38;2;152;208;72;48;2;120;168;64m▀[38;2;152;208;72;48;2;120;168;64m▀[38;2;120;168;64;48;2;152;208;72m▀[38;2;152;208;72;48;2;120;168;64m▀[38;2;120;168;64;48;2;152;208;72m▀[38;2;120;168;64;48;2;120;168;64m▀[38;2;120;168;64;48;2;152;208;72m▀[38;2;120;168;64;48;2;120;168;64m▀[38;2;120;168;64;48;2;120;168;64m▀[38;2;120;168;64;48;2;152;208;72m▀[38;2;120;168;64;48;2;120;168;64m▀[38;2;120;168;64;48;2;152;208;72m▀[38;2;120;168;64;48;2;120;168;64m▀[38;2;120;168;64;48;2;152;208;72m▀[38;2;120;168;64;48;2;152;208;72m▀[38;2;152;208;72;48;2;120;168;64m▀[38;2;120;168;64;48;2;152;208;72m▀[38;2;152;208;72;48;2;184;248;112m▀[38;2;152;208;72;48;2;184;248;112m▀[38;2;152;208;72;48;2;184;248;112m▀[38;2;152;208;72;48;2;184;248;112m▀[38;2;184;248;112;48;2;184;248;112m▀[38;2;184;248;112;48;2;184;248;112m▀[38;2;184;248;112;48;2;184;248;112m▀[38;2;184;248;112;48;2;0;0;0m▀[38;2;0;0;0m▀[0m [38;2;0;0;0m▄[38;2;0;0;0;48;2;184;248;112m▀[38;2;0;0;0;48;2;0;0;0m▀[38;2;184;248;112;48;2;0;0;0m▀[38;2;184;248;112;48;2;184;248;112m▀[38;2;152;208;72;48;2;184;248;112m▀[38;2;152;208;72;48;2;184;248;112m▀[38;2;184;248;112;48;2;184;248;112m▀[38;2;152;208;72;48;2;184;248;112m▀[38;2;184;248;112;48;2;184;248;112m▀[38;2;184;248;112;48;2;184;248;112m▀[38;2;184;248;112;48;2;0;0;0m▀[38;2;0;0;0m▀[38;2;0;0;0m▀[0m [0m [0m
[0m [0m [0m [0m [0m [0m [0m [0m [0m [0m [38;2;0;0;0m▄[38;2;0;0;0;48;2;184;248;112m▀[38;2;184;248;112;48;2;184;248;112m▀[38;2;184;248;112;48;2;152;208;72m▀[38;2;152;208;72;48;2;152;208;72m▀[38;2;120;168;64;48;2;152;208;72m▀[38;2;120;168;64;48;2;152;208;72m▀[38;2;152;208;72;48;2;152;208;72m▀[38;2;120;168;64;48;2;152;208;72m▀[38;2;152;208;72;48;2;152;208;72m▀[38;2;120;168;64;48;2;152;208;72m▀[38;2;152;208;72;48;2;120;168;64m▀[38;2;120;168;64;48;2;152;208;72m▀[38;2;120;168;64;48;2;152;208;72m▀[38;2;152;208;72;48;2;152;208;72m▀[38;2;120;168;64;48;2;152;208;72m▀[38;2;152;208;72;48;2;152;208;72m▀[38;2;120;168;64;48;2;152;208;72m▀[38;2;152;208;72;48;2;120;168;64m▀[38;2;152;208;72;48;2;120;168;64m▀[38;2;120;168;64;48;2;152;208;72m▀[38;2;152;208;72;48;2;184;248;112m▀[38;2;184;248;112;48;2;184;248;112m▀[38;2;184;248;112;48;2;184;248;112m▀[38;2;184;248;112;48;2;184;248;112m▀[38;2;184;248;112;48;2;184;248;112m▀[38;2;184;248;112;48;2;184;248;112m▀[38;2;184;248;112;48;2;0;0;0m▀[38;2;184;248;112;48;2;0;0;0m▀[38;2;0;0;0;48;2;0;0;0m▀[38;2;0;0;0;48;2;184;248;112m▀[38;2;0;0;0;48;2;184;248;112m▀[38;2;0;0;0;48;2;184;248;112m▀[38;2;184;248;112;48;2;0;0;0m▀[38;2;0;0;0;48;2;184;248;112m▀[38;2;0;0;0;48;2;0;0;0m▀[38;2;184;248;112;48;2;0;0;0m▀[38;2;184;248;112;48;2;0;0;0m▀[38;2;184;248;112;48;2;0;0;0m▀[38;2;184;248;112;48;2;184;248;112m▀[38;2;184;248;112;48;2;0;0;0m▀[38;2;184;248;112;48;2;184;248;112m▀[38;2;184;248;112;48;2;0;0;0m▀[38;2;0;0;0m▀[0m [0m [0m [0m [0m
[0m [0m [0m [0m [0m [0m [0m [0m [0m [0m [38;2;0;0;0m▀[38;2;184;248;112;48;2;0;0;0m▀[38;2;184;248;112;48;2;184;248;112m▀[38;2;152;208;72;48;2;152;208;72m▀[38;2;152;208;72;48;2;152;208;72m▀[38;2;152;208;72;48;2;184;248;112m▀[38;2;152;208;72;48;2;184;248;112m▀[38;2;184;248;112;48;2;184;248;112m▀[38;2;184;248;112;48;2;0;0;0m▀[38;2;184;248;112;48;2;184;248;112m▀[38;2;152;208;72;48;2;184;248;112m▀[38;2;152;208;72;48;2;184;248;112m▀[38;2;152;208;72;48;2;184;248;112m▀[38;2;152;208;72;48;2;184;248;112m▀[38;2;184;248;112;48;2;184;248;112m▀[38;2;184;248;112;48;2;184;248;112m▀[38;2;184;248;112;48;2;184;248;112m▀[38;2;152;208;72;48;2;184;248;112m▀[38;2;152;208;72;48;2;184;248;112m▀[38;2;152;208;72;48;2;184;248;112m▀[38;2;152;208;72;48;2;152;208;72m▀[38;2;152;208;72;48;2;152;208;72m▀[38;2;184;248;112;48;2;152;208;72m▀[38;2;184;248;112;48;2;184;248;112m▀[38;2;0;0;0;48;2;184;248;112m▀[38;2;0;0;0;48;2;184;248;112m▀[38;2;0;0;0;48;2;184;248;112m▀[38;2;184;248;112;48;2;0;0;0m▀[38;2;0;0;0;48;2;184;248;112m▀[38;2;184;248;112;48;2;184;248;112m▀[38;2;184;248;112;48;2;184;248;112m▀[38;2;184;248;112;48;2;184;248;112m▀[38;2;184;248;112;48;2;184;248;112m▀[38;2;184;248;112;48;2;0;0;0m▀[38;2;0;0;0;48;2;184;248;112m▀[38;2;184;248;112;48;2;0;0;0m▀[38;2;0;0;0m▀[0m [0m [38;2;0;0;0m▀[0m [38;2;0;0;0m▀[0m [0m [0m [0m [0m [0m [0m
[0m [0m [0m [0m [0m [0m [0m [0m [0m [0m [0m [0m [38;2;0;0;0m▀[38;2;184;248;112;48;2;0;0;0m▀[38;2;184;248;112;48;2;0;0;0m▀[38;2;184;248;112;48;2;0;0;0m▀[38;2;184;248;112;48;2;0;0;0m▀[38;2;0;0;0m▀[38;2;0;0;0m▀[38;2;184;248;112;48;2;0;0;0m▀[38;2;184;248;112;48;2;184;248;112m▀[38;2;184;248;112;48;2;184;248;112m▀[38;2;184;248;112;48;2;0;0;0m▀[38;2;184;248;112;48;2;0;0;0m▀[38;2;0;0;0;48;2;184;248;112m▀[38;2;184;248;112;48;2;0;0;0m▀[38;2;0;0;0m▀[38;2;0;0;0m▀[38;2;184;248;112;48;2;0;0;0m▀[38;2;184;248;112;48;2;0;0;0m▀[38;2;184;248;112;48;2;184;248;112m▀[38;2;184;248;112;48;2;0;0;0m▀[38;2;184;248;112;48;2;184;248;112m▀[38;2;184;248;112;48;2;0;0;0m▀[38;2;184;248;112;48;2;184;248;112m▀[38;2;184;248;112;48;2;184;248;112m▀[38;2;184;248;112;48;2;184;248;112m▀[38;2;184;248;112;48;2;184;248;112m▀[38;2;0;0;0;48;2;0;0;0m▀[38;2;0;0;0m▀[38;2;184;248;112;48;2;0;0;0m▀[38;2;184;248;112;48;2;0;0;0m▀[38;2;184;248;112;48;2;0;0;0m▀[38;2;184;248;112;48;2;0;0;0m▀[38;2;0;0;0m▀[0m [0m [0m [0m [0m [0m [0m [0m [0m [0m [0m [0m [0m [0m
[0m [0m [0m [0m [0m [0m [0m [0m [0m [0m [0m [0m [0m [0m [0m [0m [0m [0m [0m [38;2;0;0;0m▀[38;2;184;248;112;48;2;0;0;0m▀[38;2;184;248;112;48;2;0;0;0m▀[38;2;0;0;0;48;2;184;248;112m▀[38;2;0;0;0;48;2;184;248;112m▀[38;2;184;248;112;48;2;0;0;0m▀[38;2;0;0;0;48;2;184;248;112m▀[38;2;0;0;0m▄[0m [0m [38;2;0;0;0m▀[38;2;184;248;112;48;2;0;0;0m▀[38;2;0;0;0;48;2;184;248;112m▀[38;2;184;248;112;48;2;0;0;0m▀[38;2;0;0;0;48;2;184;248;112m▀[38;2;184;248;112;48;2;0;0;0m▀[38;2;184;248;112;48;2;0;0;0m▀[38;2;184;248;112;48;2;184;248;112m▀[38;2;184;248;112;48;2;0;0;0m▀[38;2;0;0;0m▀[0m [0m [0m [0m [0m [0m [0m [0m [0m [0m [0m [0m [0m [0m [0m [0m [0m [0m [0m [0m
