[0m [0m [0m [0m [0m [0m [0m [0m [0m [0m [0m [0m [0m [0m [0m [0m [0m [0m [0m [0m [0m [0m [0m [0m [0m [0m [0m [0m [0m [0m [0m [0m [0m [0m [0m [0m [0m [0m [0m [0m [0m [0m [0m [0m [0m [38;2;0;0;0m▄[38;2;0;0;0;48;2;88;96;184m▀[38;2;88;96;184;48;2;88;96;184m▀[38;2;88;96;184;48;2;88;96;184m▀[38;2;88;96;184;48;2;88;96;184m▀[38;2;88;96;184;48;2;88;96;184m▀[38;2;88;96;184;48;2;88;96;184m▀[38;2;0;0;0;48;2;88;96;184m▀[38;2;0;0;0m▄[0m [0m [0m [0m [0m [0m [0m [0m [0m [0m [0m [0m [0m [0m [0m [0m [0m [0m [0m [0m [0m [0m [0m [0m [0m
[0m [0m [0m [0m [0m [0m [0m [0m [0m [0m [0m [0m [0m [0m [0m [0m [0m [0m [38;2;0;0;0m▄[38;2;0;0;0m▄[0m [0m [0m [0m [0m [0m [0m [0m [0m [0m [0m [0m [0m [0m [0m [0m [0m [0m [0m [0m [0m [0m [0m [0m [0m [38;2;0;0;0;48;2;0;0;0m▀[38;2;88;96;184;48;2;88;96;184m▀[38;2;88;96;184;48;2;88;96;184m▀[38;2;88;96;184;48;2;88;96;184m▀[38;2;112;128;208;48;2;112;128;208m▀[38;2;112;128;208;48;2;112;128;208m▀[38;2;112;128;208;48;2;112;128;208m▀[38;2;88;96;184;48;2;88;96;184m▀[38;2;0;0;0;48;2;0;0;0m▀[0m [0m [0m [0m [0m [0m [0m [0m [0m [0m [0m [0m [0m [0m [0m [0m [0m [0m [0m [0m [0m [0m [0m [0m [0m
[0m [0m [0m [0m [0m [0m [0m [0m [0m [0m [0m [0m [0m [0m [0m [0m [38;2;0;0;0m▄[38;2;0;0;0;48;2;88;96;184m▀[38;2;88;96;184;48;2;112;128;208m▀[38;2;88;96;184;48;2;112;128;208m▀[38;2;0;0;0;48;2;88;96;184m▀[38;2;0;0;0;48;2;88;96;184m▀[38;2;0;0;0m▄[0m [0m [0m [0m [0m [0m [0m [0m [38;2;0;0;0m▄[38;2;0;0;0m▄[38;2;0;0;0m▄[0m [38;2;0;0;0m▄[0m [38;2;0;0;0m▄[0m [0m [0m [0m [0m [0m [0m [38;2;0;0;0;48;2;0;0;0m▀[38;2;88;96;184;48;2;88;96;184m▀[38;2;88;96;184;48;2;88;96;184m▀[38;2;112;128;208;48;2;112;128;208m▀[38;2;112;128;208;48;2;112;128;208m▀[38;2;112;128;208;48;2;88;96;184m▀[38;2;112;128;208;48;2;88;96;184m▀[38;2;88;96;184;48;2;88;96;184m▀[38;2;0;0;0;48;2;0;0;0m▀[0m [0m [0m [0m [0m [0m [0m [0m [38;2;0;0;0m▄[38;2;0;0;0m▄[38;2;0;0;0m▄[0m [0m [0m [0m [0m [0m [0m [0m [0m [0m [0m [0m [0m [0m
[0m [0m [0m [0m [0m [0m [0m [0m [0m [0m [0m [0m [0m [0m [0m [0m [38;2;0;0;0m▀[38;2;88;96;184;48;2;0;0;0m▀[38;2;112;128;208;48;2;88;96;184m▀[38;2;112;128;208;48;2;88;96;184m▀[38;2;88;96;184;48;2;0;0;0m▀[38;2;88;96;184;48;2;0;0;0m▀[38;2;0;0;0m▀[0m [0m [0m [0m [0m [38;2;0;0;0m▄[38;2;0;0;0;48;2;88;96;184m▀[38;2;0;0;0;48;2;88;96;184m▀[38;2;88;96;184;48;2;88;96;184m▀[38;2;88;96;184;48;2;88;96;184m▀[38;2;88;96;184;48;2;88;96;184m▀[38;2;0;0;0;48;2;88;96;184m▀[38;2;88;96;184;48;2;0;0;0m▀[38;2;0;0;0;48;2;88;96;184m▀[38;2;88;96;184;48;2;0;0;0m▀[38;2;0;0;0;48;2;88;96;184m▀[38;2;0;0;0;48;2;88;96;184m▀[38;2;0;0;0m▄[0m [0m [0m [0m [0m [38;2;0;0;0m▀[38;2;88;96;184;48;2;0;0;0m▀[38;2;88;96;184;48;2;0;0;0m▀[38;2;88;96;184;48;2;0;0;0m▀[38;2;88;96;184;48;2;0;0;0m▀[38;2;88;96;184;48;2;0;0;0m▀[38;2;0;0;0m▀[0m [0m [0m [0m [0m [0m [0m [0m [38;2;0;0;0;48;2;0;0;0m▀[38;2;88;96;184;48;2;88;96;184m▀[38;2;88;96;184;48;2;88;96;184m▀[38;2;88;96;184;48;2;88;96;184m▀[38;2;0;0;0;48;2;0;0;0m▀[0m [0m [0m [0m [0m [0m [0m [0m [0m [0m [0m [0m [0m
[0m [0m [0m [0m [0m [0m [0m [0m [0m [0m [0m [0m [0m [0m [0m [0m [0m [0m [38;2;0;0;0m▀[38;2;0;0;0m▀[0m [0m [0m [0m [0m [38;2;0;0;0m▄[38;2;0;0;0m▄[38;2;0;0;0m▄[38;2;0;0;0;48;2;0;0;0m▀[38;2;88;96;184;48;2;88;96;184m▀[38;2;88;96;184;48;2;88;96;184m▀[38;2;88;96;184;48;2;88;96;184m▀[38;2;88;96;184;48;2;88;96;184m▀[38;2;88;96;184;48;2;88;96;184m▀[38;2;88;96;184;48;2;88;96;184m▀[38;2;88;96;184;48;2;88;96;184m▀[38;2;0;0;0;48;2;0;0;0m▀[38;2;88;96;184;48;2;88;96;184m▀[38;2;0;0;0;48;2;0;0;0m▀[38;2;0;0;0;48;2;0;0;0m▀[38;2;88;96;184;48;2;88;96;184m▀[38;2;0;0;0;48;2;0;0;0m▀[0m [38;2;0;0;0m▄[38;2;0;0;0m▄[38;2;0;0;0m▄[38;2;0;0;0m▄[38;2;0;0;0m▄[0m [0m [0m [0m [0m [0m [0m [0m [0m [0m [0m [0m [0m [0m [38;2;0;0;0m▀[38;2;0;0;0m▀[38;2;0;0;0m▀[0m [0m [0m [0m [0m [0m [0m [0m [0m [0m [0m [0m [0m [0m
[0m [0m [0m [0m [0m [0m [0m [0m [0m [0m [0m [0m [0m [0m [0m [0m [0m [0m [0m [0m [0m [0m [0m [38;2;0;0;0m▄[38;2;0;0;0;48;2;88;96;184m▀[38;2;88;96;184;48;2;88;96;184m▀[38;2;88;96;184;48;2;88;96;184m▀[38;2;88;96;184;48;2;88;96;184m▀[38;2;88;96;184;48;2;88;96;184m▀[38;2;88;96;184;48;2;88;96;184m▀[38;2;88;96;184;48;2;88;96;184m▀[38;2;88;96;184;48;2;88;96;184m▀[38;2;88;96;184;48;2;88;96;184m▀[38;2;88;96;184;48;2;88;96;184m▀[38;2;88;96;184;48;2;88;96;184m▀[38;2;88;96;184;48;2;88;96;184m▀[38;2;88;96;184;48;2;88;96;184m▀[38;2;88;96;184;48;2;88;96;184m▀[38;2;88;96;184;48;2;88;96;184m▀[38;2;88;96;184;48;2;88;96;184m▀[38;2;0;0;0;48;2;88;96;184m▀[38;2;0;0;0m▄[38;2;0;0;0;48;2;88;96;184m▀[38;2;88;96;184;48;2;88;96;184m▀[38;2;88;96;184;48;2;88;96;184m▀[38;2;88;96;184;48;2;88;96;184m▀[38;2;88;96;184;48;2;88;96;184m▀[38;2;88;96;184;48;2;88;96;184m▀[38;2;0;0;0;48;2;88;96;184m▀[38;2;0;0;0;48;2;88;96;184m▀[38;2;0;0;0m▄[38;2;0;0;0m▄[38;2;0;0;0m▄[0m [38;2;0;0;0m▄[0m [0m [0m [0m [0m [0m [0m [0m [0m [0m [0m [0m [0m [0m [0m [0m [0m [0m [0m [0m [0m [0m [0m [0m
[0m [0m [0m [0m [0m [0m [0m [0m [0m [0m [0m [0m [0m [0m [0m [0m [0m [0m [38;2;0;0;0m▄[38;2;0;0;0;48;2;88;96;184m▀[38;2;0;0;0m▄[38;2;0;0;0m▄[38;2;0;0;0;48;2;88;96;184m▀[38;2;88;96;184;48;2;88;96;184m▀[38;2;88;96;184;48;2;88;96;184m▀[38;2;112;128;208;48;2;88;96;184m▀[38;2;88;96;184;48;2;112;128;208m▀[38;2;88;96;184;48;2;112;128;208m▀[38;2;88;96;184;48;2;112;128;208m▀[38;2;112;128;208;48;2;112;128;208m▀[38;2;112;128;208;48;2;112;128;208m▀[38;2;112;128;208;48;2;112;128;208m▀[38;2;112;128;208;48;2;160;176;240m▀[38;2;112;128;208;48;2;160;176;240m▀[38;2;112;128;208;48;2;160;176;240m▀[38;2;112;128;208;48;2;160;176;240m▀[38;2;88;96;184;48;2;160;176;240m▀[38;2;88;96;184;48;2;88;96;184m▀[38;2;88;96;184;48;2;88;96;184m▀[38;2;88;96;184;48;2;88;96;184m▀[38;2;88;96;184;48;2;88;96;184m▀[38;2;88;96;184;48;2;88;96;184m▀[38;2;88;96;184;48;2;88;96;184m▀[38;2;88;96;184;48;2;88;96;184m▀[38;2;88;96;184;48;2;88;96;184m▀[38;2;88;96;184;48;2;88;96;184m▀[38;2;88;96;184;48;2;88;96;184m▀[38;2;88;96;184;48;2;88;96;184m▀[38;2;88;96;184;48;2;88;96;184m▀[38;2;88;96;184;48;2;88;96;184m▀[38;2;88;96;184;48;2;88;96;184m▀[38;2;88;96;184;48;2;88;96;184m▀[38;2;88;96;184;48;2;0;0;0m▀[38;2;0;0;0;48;2;88;96;184m▀[38;2;88;96;184;48;2;0;0;0m▀[38;2;0;0;0;48;2;88;96;184m▀[38;2;0;0;0m▄[38;2;0;0;0m▄[0m [0m [0m [0m [0m [0m [0m [0m [0m [0m [0m [0m [0m [0m [0m [0m [0m [0m [0m [0m [0m
[0m [38;2;0;0;0m▄[38;2;0;0;0m▄[38;2;0;0;0m▄[0m [0m [0m [0m [0m [0m [0m [0m [0m [0m [0m [0m [0m [38;2;0;0;0m▄[38;2;0;0;0m▄[38;2;0;0;0;48;2;0;0;0m▀[38;2;88;96;184;48;2;88;96;184m▀[38;2;88;96;184;48;2;88;96;184m▀[38;2;0;0;0;48;2;0;0;0m▀[38;2;160;176;240;48;2;160;176;240m▀[38;2;88;96;184;48;2;88;96;184m▀[38;2;160;176;240;48;2;160;176;240m▀[38;2;112;128;208;48;2;112;128;208m▀[38;2;112;128;208;48;2;112;128;208m▀[38;2;112;128;208;48;2;112;128;208m▀[38;2;160;176;240;48;2;160;176;240m▀[38;2;160;176;240;48;2;160;176;240m▀[38;2;160;176;240;48;2;160;176;240m▀[38;2;160;176;240;48;2;160;176;240m▀[38;2;160;176;240;48;2;160;176;240m▀[38;2;160;176;240;48;2;160;176;240m▀[38;2;160;176;240;48;2;160;176;240m▀[38;2;160;176;240;48;2;160;176;240m▀[38;2;160;176;240;48;2;160;176;240m▀[38;2;160;176;240;48;2;160;176;240m▀[38;2;160;176;240;48;2;160;176;240m▀[38;2;112;128;208;48;2;112;128;208m▀[38;2;112;128;208;48;2;112;128;208m▀[38;2;160;176;240;48;2;160;176;240m▀[38;2;88;96;184;48;2;88;96;184m▀[38;2;160;176;240;48;2;160;176;240m▀[38;2;160;176;240;48;2;160;176;240m▀[38;2;88;96;184;48;2;88;96;184m▀[38;2;160;176;240;48;2;160;176;240m▀[38;2;112;128;208;48;2;112;128;208m▀[38;2;112;128;208;48;2;112;128;208m▀[38;2;88;96;184;48;2;88;96;184m▀[38;2;88;96;184;48;2;88;96;184m▀[38;2;88;96;184;48;2;88;96;184m▀[38;2;88;96;184;48;2;88;96;184m▀[38;2;88;96;184;48;2;88;96;184m▀[38;2;0;0;0;48;2;0;0;0m▀[38;2;88;96;184;48;2;88;96;184m▀[38;2;88;96;184;48;2;88;96;184m▀[38;2;0;0;0;48;2;0;0;0m▀[0m [0m [0m [38;2;0;0;0m▄[38;2;0;0;0m▄[38;2;0;0;0m▄[0m [0m [0m [0m [0m [0m [0m [0m [0m [0m [0m [0m [0m [0m
[38;2;0;0;0;48;2;88;96;184m▀[38;2;88;96;184;48;2;88;96;184m▀[38;2;88;96;184;48;2;88;96;184m▀[38;2;88;96;184;48;2;88;96;184m▀[38;2;0;0;0;48;2;88;96;184m▀[38;2;0;0;0m▄[0m [0m [0m [0m [0m [0m [0m [38;2;0;0;0m▄[38;2;0;0;0;48;2;88;96;184m▀[38;2;0;0;0;48;2;88;96;184m▀[38;2;0;0;0;48;2;88;96;184m▀[38;2;88;96;184;48;2;88;96;184m▀[38;2;88;96;184;48;2;88;96;184m▀[38;2;88;96;184;48;2;88;96;184m▀[38;2;88;96;184;48;2;88;96;184m▀[38;2;88;96;184;48;2;88;96;184m▀[38;2;160;176;240;48;2;88;96;184m▀[38;2;88;96;184;48;2;160;176;240m▀[38;2;160;176;240;48;2;112;128;208m▀[38;2;112;128;208;48;2;160;176;240m▀[38;2;160;176;240;48;2;160;176;240m▀[38;2;160;176;240;48;2;160;176;240m▀[38;2;160;176;240;48;2;160;176;240m▀[38;2;160;176;240;48;2;160;176;240m▀[38;2;160;176;240;48;2;160;176;240m▀[38;2;160;176;240;48;2;40;48;128m▀[38;2;160;176;240;48;2;40;48;128m▀[38;2;160;176;240;48;2;40;48;128m▀[38;2;160;176;240;48;2;40;48;128m▀[38;2;160;176;240;48;2;40;48;128m▀[38;2;160;176;240;48;2;40;48;128m▀[38;2;160;176;240;48;2;40;48;128m▀[38;2;160;176;240;48;2;40;48;128m▀[38;2;160;176;240;48;2;40;48;128m▀[38;2;160;176;240;48;2;160;176;240m▀[38;2;112;128;208;48;2;160;176;240m▀[38;2;112;128;208;48;2;160;176;240m▀[38;2;160;176;240;48;2;160;176;240m▀[38;2;88;96;184;48;2;160;176;240m▀[38;2;88;96;184;48;2;160;176;240m▀[38;2;160;176;240;48;2;112;128;208m▀[38;2;112;128;208;48;2;160;176;240m▀[38;2;160;176;240;48;2;112;128;208m▀[38;2;112;128;208;48;2;112;128;208m▀[38;2;112;128;208;48;2;112;128;208m▀[38;2;112;128;208;48;2;112;128;208m▀[38;2;112;128;208;48;2;112;128;208m▀[38;2;88;96;184;48;2;112;128;208m▀[38;2;88;96;184;48;2;88;96;184m▀[38;2;88;96;184;48;2;88;96;184m▀[38;2;0;0;0;48;2;0;0;0m▀[38;2;0;0;0m▀[0m [0m [38;2;0;0;0m▄[38;2;0;0;0;48;2;88;96;184m▀[38;2;88;96;184;48;2;112;128;208m▀[38;2;88;96;184;48;2;112;128;208m▀[38;2;88;96;184;48;2;112;128;208m▀[38;2;0;0;0;48;2;88;96;184m▀[38;2;0;0;0m▄[0m [0m [0m [0m [0m [0m [0m [0m [0m [0m [0m [0m
[38;2;88;96;184;48;2;0;0;0m▀[38;2;88;96;184;48;2;88;96;184m▀[38;2;88;96;184;48;2;88;96;184m▀[38;2;88;96;184;48;2;88;96;184m▀[38;2;88;96;184;48;2;0;0;0m▀[38;2;0;0;0m▀[0m [0m [0m [0m [0m [0m [38;2;0;0;0;48;2;0;0;0m▀[38;2;88;96;184;48;2;88;96;184m▀[38;2;88;96;184;48;2;156;148;139m▀[38;2;88;96;184;48;2;156;148;139m▀[38;2;88;96;184;48;2;156;148;139m▀[38;2;88;96;184;48;2;112;128;208m▀[38;2;88;96;184;48;2;160;176;240m▀[38;2;160;176;240;48;2;112;128;208m▀[38;2;112;128;208;48;2;160;176;240m▀[38;2;112;128;208;48;2;160;176;240m▀[38;2;160;176;240;48;2;112;128;208m▀[38;2;112;128;208;48;2;160;176;240m▀[38;2;160;176;240;48;2;160;176;240m▀[38;2;160;176;240;48;2;160;176;240m▀[38;2;160;176;240;48;2;40;48;128m▀[38;2;160;176;240;48;2;40;48;128m▀[38;2;160;176;240;48;2;40;48;128m▀[38;2;40;48;128;48;2;88;96;184m▀[38;2;40;48;128;48;2;112;128;208m▀[38;2;88;96;184;48;2;160;176;240m▀[38;2;112;128;208;48;2;112;128;208m▀[38;2;112;128;208;48;2;112;128;208m▀[38;2;112;128;208;48;2;160;176;240m▀[38;2;160;176;240;48;2;160;176;240m▀[38;2;160;176;240;48;2;160;176;240m▀[38;2;160;176;240;48;2;160;176;240m▀[38;2;160;176;240;48;2;160;176;240m▀[38;2;160;176;240;48;2;160;176;240m▀[38;2;40;48;128;48;2;160;176;240m▀[38;2;40;48;128;48;2;112;128;208m▀[38;2;40;48;128;48;2;88;96;184m▀[38;2;160;176;240;48;2;40;48;128m▀[38;2;160;176;240;48;2;16;16;16m▀[38;2;160;176;240;48;2;16;16;16m▀[38;2;160;176;240;48;2;160;176;240m▀[38;2;160;176;240;48;2;160;176;240m▀[38;2;160;176;240;48;2;160;176;240m▀[38;2;160;176;240;48;2;160;176;240m▀[38;2;112;128;208;48;2;160;176;240m▀[38;2;112;128;208;48;2;160;176;240m▀[38;2;112;128;208;48;2;112;128;208m▀[38;2;112;128;208;48;2;112;128;208m▀[38;2;112;128;208;48;2;112;128;208m▀[38;2;88;96;184;48;2;88;96;184m▀[38;2;0;0;0;48;2;88;96;184m▀[38;2;0;0;0;48;2;88;96;184m▀[38;2;0;0;0m▄[0m [38;2;0;0;0;48;2;0;0;0m▀[38;2;88;96;184;48;2;0;0;0m▀[38;2;112;128;208;48;2;88;96;184m▀[38;2;112;128;208;48;2;88;96;184m▀[38;2;112;128;208;48;2;88;96;184m▀[38;2;88;96;184;48;2;0;0;0m▀[38;2;0;0;0m▀[0m [0m [0m [0m [0m [0m [0m [0m [0m [0m [0m [0m
[0m [38;2;0;0;0m▀[38;2;0;0;0m▀[38;2;0;0;0m▀[0m [0m [0m [0m [0m [0m [0m [38;2;0;0;0;48;2;0;0;0m▀[38;2;88;96;184;48;2;88;96;184m▀[38;2;16;16;16;48;2;16;16;16m▀[38;2;255;255;255;48;2;255;255;255m▀[38;2;255;255;255;48;2;255;255;255m▀[38;2;255;255;255;48;2;255;255;255m▀[38;2;156;148;139;48;2;156;148;139m▀[38;2;112;128;208;48;2;112;128;208m▀[38;2;160;176;240;48;2;160;176;240m▀[38;2;112;128;208;48;2;112;128;208m▀[38;2;112;128;208;48;2;112;128;208m▀[38;2;160;176;240;48;2;160;176;240m▀[38;2;160;176;240;48;2;160;176;240m▀[38;2;160;176;240;48;2;160;176;240m▀[38;2;40;48;128;48;2;40;48;128m▀[38;2;88;96;184;48;2;88;96;184m▀[38;2;88;96;184;48;2;88;96;184m▀[38;2;88;96;184;48;2;88;96;184m▀[38;2;112;128;208;48;2;112;128;208m▀[38;2;112;128;208;48;2;112;128;208m▀[38;2;112;128;208;48;2;112;128;208m▀[38;2;160;176;240;48;2;160;176;240m▀[38;2;160;176;240;48;2;160;176;240m▀[38;2;112;128;208;48;2;112;128;208m▀[38;2;160;176;240;48;2;160;176;240m▀[38;2;160;176;240;48;2;160;176;240m▀[38;2;160;176;240;48;2;160;176;240m▀[38;2;160;176;240;48;2;160;176;240m▀[38;2;160;176;240;48;2;160;176;240m▀[38;2;160;176;240;48;2;160;176;240m▀[38;2;160;176;240;48;2;160;176;240m▀[38;2;112;128;208;48;2;112;128;208m▀[38;2;88;96;184;48;2;88;96;184m▀[38;2;88;96;184;48;2;88;96;184m▀[38;2;88;96;184;48;2;88;96;184m▀[38;2;16;16;16;48;2;16;16;16m▀[38;2;160;176;240;48;2;160;176;240m▀[38;2;160;176;240;48;2;160;176;240m▀[38;2;160;176;240;48;2;160;176;240m▀[38;2;160;176;240;48;2;160;176;240m▀[38;2;160;176;240;48;2;160;176;240m▀[38;2;112;128;208;48;2;112;128;208m▀[38;2;112;128;208;48;2;112;128;208m▀[38;2;112;128;208;48;2;112;128;208m▀[38;2;88;96;184;48;2;88;96;184m▀[38;2;88;96;184;48;2;88;96;184m▀[38;2;88;96;184;48;2;88;96;184m▀[38;2;88;96;184;48;2;88;96;184m▀[38;2;0;0;0;48;2;0;0;0m▀[38;2;88;96;184;48;2;88;96;184m▀[38;2;0;0;0;48;2;0;0;0m▀[38;2;88;96;184;48;2;88;96;184m▀[38;2;88;96;184;48;2;88;96;184m▀[38;2;0;0;0;48;2;0;0;0m▀[0m [0m [0m [0m [0m [0m [0m [0m [0m [0m [0m [0m [0m [0m
[0m [0m [38;2;0;0;0m▄[38;2;0;0;0m▄[38;2;0;0;0;48;2;88;96;184m▀[38;2;0;0;0;48;2;88;96;184m▀[38;2;0;0;0;48;2;88;96;184m▀[38;2;0;0;0m▄[0m [0m [0m [38;2;0;0;0;48;2;0;0;0m▀[38;2;88;96;184;48;2;88;96;184m▀[38;2;16;16;16;48;2;88;96;184m▀[38;2;222;213;222;48;2;16;16;16m▀[38;2;222;213;222;48;2;16;16;16m▀[38;2;255;255;255;48;2;222;213;222m▀[38;2;255;255;255;48;2;255;255;255m▀[38;2;156;148;139;48;2;255;255;255m▀[38;2;160;176;240;48;2;156;148;139m▀[38;2;160;176;240;48;2;160;176;240m▀[38;2;160;176;240;48;2;160;176;240m▀[38;2;160;176;240;48;2;160;176;240m▀[38;2;160;176;240;48;2;40;48;128m▀[38;2;40;48;128;48;2;88;96;184m▀[38;2;88;96;184;48;2;88;96;184m▀[38;2;88;96;184;48;2;88;96;184m▀[38;2;88;96;184;48;2;88;96;184m▀[38;2;88;96;184;48;2;88;96;184m▀[38;2;112;128;208;48;2;88;96;184m▀[38;2;112;128;208;48;2;112;128;208m▀[38;2;160;176;240;48;2;112;128;208m▀[38;2;112;128;208;48;2;112;128;208m▀[38;2;112;128;208;48;2;112;128;208m▀[38;2;160;176;240;48;2;112;128;208m▀[38;2;160;176;240;48;2;160;176;240m▀[38;2;160;176;240;48;2;160;176;240m▀[38;2;160;176;240;48;2;160;176;240m▀[38;2;160;176;240;48;2;160;176;240m▀[38;2;160;176;240;48;2;160;176;240m▀[38;2;160;176;240;48;2;160;176;240m▀[38;2;160;176;240;48;2;112;128;208m▀[38;2;112;128;208;48;2;88;96;184m▀[38;2;88;96;184;48;2;88;96;184m▀[38;2;88;96;184;48;2;88;96;184m▀[38;2;88;96;184;48;2;88;96;184m▀[38;2;88;96;184;48;2;88;96;184m▀[38;2;16;16;16;48;2;88;96;184m▀[38;2;160;176;240;48;2;16;16;16m▀[38;2;160;176;240;48;2;160;176;240m▀[38;2;112;128;208;48;2;160;176;240m▀[38;2;112;128;208;48;2;160;176;240m▀[38;2;112;128;208;48;2;160;176;240m▀[38;2;112;128;208;48;2;112;128;208m▀[38;2;88;96;184;48;2;112;128;208m▀[38;2;88;96;184;48;2;156;148;139m▀[38;2;156;148;139;48;2;255;255;255m▀[38;2;156;148;139;48;2;255;255;255m▀[38;2;156;148;139;48;2;255;255;255m▀[38;2;88;96;184;48;2;16;16;16m▀[38;2;88;96;184;48;2;88;96;184m▀[38;2;88;96;184;48;2;88;96;184m▀[38;2;0;0;0;48;2;88;96;184m▀[38;2;0;0;0;48;2;88;96;184m▀[38;2;88;96;184;48;2;0;0;0m▀[38;2;0;0;0m▀[0m [0m [0m [0m [0m [0m [0m [0m [0m [0m [0m [0m [0m
[0m [38;2;0;0;0;48;2;0;0;0m▀[38;2;88;96;184;48;2;88;96;184m▀[38;2;88;96;184;48;2;88;96;184m▀[38;2;88;96;184;48;2;88;96;184m▀[38;2;88;96;184;48;2;112;128;208m▀[38;2;88;96;184;48;2;112;128;208m▀[38;2;88;96;184;48;2;88;96;184m▀[38;2;0;0;0;48;2;0;0;0m▀[0m [0m [38;2;0;0;0m▀[38;2;88;96;184;48;2;0;0;0m▀[38;2;88;96;184;48;2;88;96;184m▀[38;2;16;16;16;48;2;156;148;139m▀[38;2;16;16;16;48;2;156;148;139m▀[38;2;222;213;222;48;2;222;213;222m▀[38;2;255;255;255;48;2;222;213;222m▀[38;2;255;255;255;48;2;255;255;255m▀[38;2;255;255;255;48;2;255;255;255m▀[38;2;156;148;139;48;2;255;255;255m▀[38;2;156;148;139;48;2;255;255;255m▀[38;2;40;48;128;48;2;40;48;128m▀[38;2;88;96;184;48;2;88;96;184m▀[38;2;88;96;184;48;2;88;96;184m▀[38;2;88;96;184;48;2;88;96;184m▀[38;2;88;96;184;48;2;88;96;184m▀[38;2;88;96;184;48;2;88;96;184m▀[38;2;88;96;184;48;2;88;96;184m▀[38;2;88;96;184;48;2;88;96;184m▀[38;2;88;96;184;48;2;88;96;184m▀[38;2;88;96;184;48;2;40;48;128m▀[38;2;40;48;128;48;2;248;248;248m▀[38;2;40;48;128;48;2;248;248;248m▀[38;2;40;48;128;48;2;248;248;248m▀[38;2;112;128;208;48;2;40;48;128m▀[38;2;112;128;208;48;2;88;96;184m▀[38;2;112;128;208;48;2;88;96;184m▀[38;2;112;128;208;48;2;88;96;184m▀[38;2;112;128;208;48;2;88;96;184m▀[38;2;88;96;184;48;2;88;96;184m▀[38;2;88;96;184;48;2;88;96;184m▀[38;2;88;96;184;48;2;88;96;184m▀[38;2;88;96;184;48;2;88;96;184m▀[38;2;88;96;184;48;2;88;96;184m▀[38;2;88;96;184;48;2;88;96;184m▀[38;2;88;96;184;48;2;88;96;184m▀[38;2;88;96;184;48;2;88;96;184m▀[38;2;16;16;16;48;2;88;96;184m▀[38;2;160;176;240;48;2;16;16;16m▀[38;2;160;176;240;48;2;160;176;240m▀[38;2;160;176;240;48;2;160;176;240m▀[38;2;160;176;240;48;2;160;176;240m▀[38;2;160;176;240;48;2;156;148;139m▀[38;2;156;148;139;48;2;255;255;255m▀[38;2;255;255;255;48;2;255;255;255m▀[38;2;255;255;255;48;2;222;213;222m▀[38;2;255;255;255;48;2;222;213;222m▀[38;2;222;213;222;48;2;16;16;16m▀[38;2;16;16;16;48;2;112;128;208m▀[38;2;88;96;184;48;2;88;96;184m▀[38;2;88;96;184;48;2;88;96;184m▀[38;2;88;96;184;48;2;88;96;184m▀[38;2;88;96;184;48;2;88;96;184m▀[38;2;0;0;0;48;2;88;96;184m▀[38;2;0;0;0m▄[0m [0m [0m [0m [0m [0m [0m [0m [0m [0m [0m [0m [0m
[0m [38;2;0;0;0;48;2;0;0;0m▀[38;2;88;96;184;48;2;88;96;184m▀[38;2;88;96;184;48;2;88;96;184m▀[38;2;88;96;184;48;2;88;96;184m▀[38;2;112;128;208;48;2;112;128;208m▀[38;2;112;128;208;48;2;112;128;208m▀[38;2;88;96;184;48;2;88;96;184m▀[38;2;0;0;0;48;2;0;0;0m▀[0m [0m [0m [38;2;0;0;0;48;2;0;0;0m▀[38;2;88;96;184;48;2;88;96;184m▀[38;2;88;96;184;48;2;88;96;184m▀[38;2;88;96;184;48;2;88;96;184m▀[38;2;16;16;16;48;2;16;16;16m▀[38;2;222;213;222;48;2;222;213;222m▀[38;2;222;213;222;48;2;222;213;222m▀[38;2;255;255;255;48;2;255;255;255m▀[38;2;255;255;255;48;2;255;255;255m▀[38;2;255;255;255;48;2;255;255;255m▀[38;2;40;48;128;48;2;40;48;128m▀[38;2;88;96;184;48;2;88;96;184m▀[38;2;40;48;128;48;2;40;48;128m▀[38;2;40;48;128;48;2;40;48;128m▀[38;2;88;96;184;48;2;88;96;184m▀[38;2;88;96;184;48;2;88;96;184m▀[38;2;88;96;184;48;2;88;96;184m▀[38;2;88;96;184;48;2;88;96;184m▀[38;2;88;96;184;48;2;88;96;184m▀[38;2;112;128;208;48;2;112;128;208m▀[38;2;248;248;248;48;2;248;248;248m▀[38;2;248;248;248;48;2;248;248;248m▀[38;2;248;248;248;48;2;248;248;248m▀[38;2;40;48;128;48;2;40;48;128m▀[38;2;88;96;184;48;2;88;96;184m▀[38;2;88;96;184;48;2;88;96;184m▀[38;2;88;96;184;48;2;88;96;184m▀[38;2;88;96;184;48;2;88;96;184m▀[38;2;88;96;184;48;2;88;96;184m▀[38;2;88;96;184;48;2;88;96;184m▀[38;2;88;96;184;48;2;88;96;184m▀[38;2;88;96;184;48;2;88;96;184m▀[38;2;88;96;184;48;2;88;96;184m▀[38;2;88;96;184;48;2;88;96;184m▀[38;2;88;96;184;48;2;88;96;184m▀[38;2;88;96;184;48;2;88;96;184m▀[38;2;88;96;184;48;2;88;96;184m▀[38;2;16;16;16;48;2;16;16;16m▀[38;2;160;176;240;48;2;160;176;240m▀[38;2;160;176;240;48;2;160;176;240m▀[38;2;156;148;139;48;2;156;148;139m▀[38;2;255;255;255;48;2;255;255;255m▀[38;2;255;255;255;48;2;255;255;255m▀[38;2;255;255;255;48;2;255;255;255m▀[38;2;222;213;222;48;2;222;213;222m▀[38;2;222;213;222;48;2;222;213;222m▀[38;2;16;16;16;48;2;16;16;16m▀[38;2;88;96;184;48;2;88;96;184m▀[38;2;112;128;208;48;2;112;128;208m▀[38;2;88;96;184;48;2;88;96;184m▀[38;2;88;96;184;48;2;88;96;184m▀[38;2;88;96;184;48;2;88;96;184m▀[38;2;88;96;184;48;2;88;96;184m▀[38;2;0;0;0;48;2;0;0;0m▀[0m [0m [0m [0m [0m [0m [0m [0m [0m [0m [0m [0m [0m
[0m [38;2;0;0;0m▀[38;2;88;96;184;48;2;0;0;0m▀[38;2;88;96;184;48;2;0;0;0m▀[38;2;88;96;184;48;2;88;96;184m▀[38;2;88;96;184;48;2;88;96;184m▀[38;2;88;96;184;48;2;88;96;184m▀[38;2;88;96;184;48;2;0;0;0m▀[38;2;0;0;0m▀[0m [0m [0m [0m [38;2;0;0;0;48;2;0;0;0m▀[38;2;88;96;184;48;2;156;148;139m▀[38;2;88;96;184;48;2;156;148;139m▀[38;2;16;16;16;48;2;156;148;139m▀[38;2;222;213;222;48;2;156;148;139m▀[38;2;156;148;139;48;2;255;255;255m▀[38;2;156;148;139;48;2;255;255;255m▀[38;2;40;48;128;48;2;40;48;128m▀[38;2;40;48;128;48;2;40;48;128m▀[38;2;88;96;184;48;2;88;96;184m▀[38;2;40;48;128;48;2;40;48;128m▀[38;2;248;248;248;48;2;248;248;248m▀[38;2;0;0;0;48;2;72;24;104m▀[38;2;0;0;0;48;2;0;0;0m▀[38;2;0;0;0;48;2;0;0;0m▀[38;2;88;96;184;48;2;88;96;184m▀[38;2;88;96;184;48;2;88;96;184m▀[38;2;88;96;184;48;2;88;96;184m▀[38;2;88;96;184;48;2;88;96;184m▀[38;2;40;48;128;48;2;88;96;184m▀[38;2;40;48;128;48;2;88;96;184m▀[38;2;40;48;128;48;2;88;96;184m▀[38;2;88;96;184;48;2;88;96;184m▀[38;2;88;96;184;48;2;88;96;184m▀[38;2;88;96;184;48;2;88;96;184m▀[38;2;88;96;184;48;2;88;96;184m▀[38;2;88;96;184;48;2;88;96;184m▀[38;2;88;96;184;48;2;88;96;184m▀[38;2;88;96;184;48;2;88;96;184m▀[38;2;88;96;184;48;2;88;96;184m▀[38;2;88;96;184;48;2;40;48;128m▀[38;2;88;96;184;48;2;40;48;128m▀[38;2;88;96;184;48;2;40;48;128m▀[38;2;88;96;184;48;2;88;96;184m▀[38;2;88;96;184;48;2;88;96;184m▀[38;2;88;96;184;48;2;88;96;184m▀[38;2;16;16;16;48;2;88;96;184m▀[38;2;156;148;139;48;2;16;16;16m▀[38;2;156;148;139;48;2;16;16;16m▀[38;2;255;255;255;48;2;255;255;255m▀[38;2;255;255;255;48;2;255;255;255m▀[38;2;255;255;255;48;2;222;213;222m▀[38;2;222;213;222;48;2;222;213;222m▀[38;2;222;213;222;48;2;16;16;16m▀[38;2;222;213;222;48;2;16;16;16m▀[38;2;156;148;139;48;2;160;176;240m▀[38;2;112;128;208;48;2;88;96;184m▀[38;2;88;96;184;48;2;112;128;208m▀[38;2;88;96;184;48;2;88;96;184m▀[38;2;88;96;184;48;2;88;96;184m▀[38;2;88;96;184;48;2;88;96;184m▀[38;2;88;96;184;48;2;88;96;184m▀[38;2;0;0;0;48;2;88;96;184m▀[38;2;0;0;0m▄[0m [38;2;0;0;0m▄[38;2;0;0;0m▄[38;2;0;0;0;48;2;88;96;184m▀[38;2;0;0;0;48;2;88;96;184m▀[38;2;0;0;0;48;2;88;96;184m▀[38;2;0;0;0m▄[0m [0m [0m [0m [0m
[0m [0m [0m [0m [38;2;0;0;0m▀[38;2;0;0;0m▀[38;2;0;0;0m▀[0m [0m [0m [0m [0m [38;2;0;0;0;48;2;0;0;0m▀[38;2;16;16;16;48;2;88;96;184m▀[38;2;255;255;255;48;2;16;16;16m▀[38;2;255;255;255;48;2;16;16;16m▀[38;2;255;255;255;48;2;222;213;222m▀[38;2;255;255;255;48;2;222;213;222m▀[38;2;255;255;255;48;2;222;213;222m▀[38;2;255;255;255;48;2;222;213;222m▀[38;2;40;48;128;48;2;40;48;128m▀[38;2;40;48;128;48;2;40;48;128m▀[38;2;88;96;184;48;2;88;96;184m▀[38;2;0;0;0;48;2;0;0;0m▀[38;2;0;0;0;48;2;96;56;120m▀[38;2;72;24;104;48;2;96;56;120m▀[38;2;0;0;0;48;2;0;0;0m▀[38;2;0;0;0;48;2;0;0;0m▀[38;2;88;96;184;48;2;88;96;184m▀[38;2;88;96;184;48;2;88;96;184m▀[38;2;88;96;184;48;2;88;96;184m▀[38;2;88;96;184;48;2;88;96;184m▀[38;2;88;96;184;48;2;88;96;184m▀[38;2;88;96;184;48;2;88;96;184m▀[38;2;88;96;184;48;2;88;96;184m▀[38;2;88;96;184;48;2;88;96;184m▀[38;2;88;96;184;48;2;88;96;184m▀[38;2;88;96;184;48;2;88;96;184m▀[38;2;88;96;184;48;2;88;96;184m▀[38;2;88;96;184;48;2;88;96;184m▀[38;2;88;96;184;48;2;88;96;184m▀[38;2;88;96;184;48;2;88;96;184m▀[38;2;40;48;128;48;2;40;48;128m▀[38;2;248;248;248;48;2;248;248;248m▀[38;2;0;0;0;48;2;72;24;104m▀[38;2;0;0;0;48;2;72;24;104m▀[38;2;0;0;0;48;2;0;0;0m▀[38;2;88;96;184;48;2;88;96;184m▀[38;2;88;96;184;48;2;88;96;184m▀[38;2;88;96;184;48;2;88;96;184m▀[38;2;16;16;16;48;2;16;16;16m▀[38;2;16;16;16;48;2;16;16;16m▀[38;2;255;255;255;48;2;255;255;255m▀[38;2;156;148;139;48;2;255;255;255m▀[38;2;156;148;139;48;2;255;255;255m▀[38;2;156;148;139;48;2;255;255;255m▀[38;2;156;148;139;48;2;255;255;255m▀[38;2;156;148;139;48;2;255;255;255m▀[38;2;156;148;139;48;2;255;255;255m▀[38;2;112;128;208;48;2;16;16;16m▀[38;2;88;96;184;48;2;88;96;184m▀[38;2;88;96;184;48;2;88;96;184m▀[38;2;88;96;184;48;2;88;96;184m▀[38;2;88;96;184;48;2;88;96;184m▀[38;2;88;96;184;48;2;0;0;0m▀[38;2;88;96;184;48;2;0;0;0m▀[38;2;0;0;0;48;2;0;0;0m▀[38;2;0;0;0;48;2;88;96;184m▀[38;2;88;96;184;48;2;88;96;184m▀[38;2;88;96;184;48;2;88;96;184m▀[38;2;88;96;184;48;2;88;96;184m▀[38;2;88;96;184;48;2;112;128;208m▀[38;2;88;96;184;48;2;112;128;208m▀[38;2;88;96;184;48;2;88;96;184m▀[38;2;0;0;0;48;2;88;96;184m▀[38;2;0;0;0;48;2;88;96;184m▀[38;2;0;0;0m▄[0m [0m
[0m [0m [0m [0m [0m [0m [0m [0m [0m [0m [0m [0m [38;2;0;0;0;48;2;0;0;0m▀[38;2;88;96;184;48;2;88;96;184m▀[38;2;88;96;184;48;2;88;96;184m▀[38;2;88;96;184;48;2;88;96;184m▀[38;2;16;16;16;48;2;16;16;16m▀[38;2;222;213;222;48;2;222;213;222m▀[38;2;222;213;222;48;2;222;213;222m▀[38;2;222;213;222;48;2;222;213;222m▀[38;2;40;48;128;48;2;40;48;128m▀[38;2;40;48;128;48;2;40;48;128m▀[38;2;88;96;184;48;2;88;96;184m▀[38;2;88;96;184;48;2;88;96;184m▀[38;2;0;0;0;48;2;0;0;0m▀[38;2;0;0;0;48;2;0;0;0m▀[38;2;88;96;184;48;2;88;96;184m▀[38;2;88;96;184;48;2;88;96;184m▀[38;2;88;96;184;48;2;88;96;184m▀[38;2;88;96;184;48;2;88;96;184m▀[38;2;88;96;184;48;2;88;96;184m▀[38;2;88;96;184;48;2;88;96;184m▀[38;2;88;96;184;48;2;88;96;184m▀[38;2;88;96;184;48;2;88;96;184m▀[38;2;88;96;184;48;2;88;96;184m▀[38;2;88;96;184;48;2;88;96;184m▀[38;2;88;96;184;48;2;88;96;184m▀[38;2;88;96;184;48;2;88;96;184m▀[38;2;88;96;184;48;2;88;96;184m▀[38;2;88;96;184;48;2;88;96;184m▀[38;2;88;96;184;48;2;88;96;184m▀[38;2;88;96;184;48;2;88;96;184m▀[38;2;0;0;0;48;2;0;0;0m▀[38;2;0;0;0;48;2;0;0;0m▀[38;2;72;24;104;48;2;72;24;104m▀[38;2;72;24;104;48;2;72;24;104m▀[38;2;0;0;0;48;2;0;0;0m▀[38;2;88;96;184;48;2;88;96;184m▀[38;2;88;96;184;48;2;88;96;184m▀[38;2;88;96;184;48;2;88;96;184m▀[38;2;16;16;16;48;2;16;16;16m▀[38;2;16;16;16;48;2;16;16;16m▀[38;2;255;255;255;48;2;255;255;255m▀[38;2;255;255;255;48;2;255;255;255m▀[38;2;255;255;255;48;2;255;255;255m▀[38;2;255;255;255;48;2;255;255;255m▀[38;2;222;213;222;48;2;222;213;222m▀[38;2;222;213;222;48;2;222;213;222m▀[38;2;16;16;16;48;2;16;16;16m▀[38;2;88;96;184;48;2;88;96;184m▀[38;2;88;96;184;48;2;88;96;184m▀[38;2;88;96;184;48;2;88;96;184m▀[38;2;0;0;0;48;2;0;0;0m▀[38;2;0;0;0m▀[38;2;0;0;0m▄[0m [38;2;0;0;0;48;2;0;0;0m▀[38;2;88;96;184;48;2;88;96;184m▀[38;2;88;96;184;48;2;88;96;184m▀[38;2;88;96;184;48;2;88;96;184m▀[38;2;112;128;208;48;2;112;128;208m▀[38;2;112;128;208;48;2;112;128;208m▀[38;2;112;128;208;48;2;112;128;208m▀[38;2;88;96;184;48;2;88;96;184m▀[38;2;88;96;184;48;2;88;96;184m▀[38;2;88;96;184;48;2;88;96;184m▀[38;2;0;0;0;48;2;0;0;0m▀[0m [0m
[0m [0m [0m [0m [0m [0m [0m [0m [0m [0m [0m [38;2;0;0;0m▄[38;2;0;0;0;48;2;88;96;184m▀[38;2;88;96;184;48;2;88;96;184m▀[38;2;88;96;184;48;2;90;90;90m▀[38;2;88;96;184;48;2;90;90;90m▀[38;2;16;16;16;48;2;222;213;222m▀[38;2;222;213;222;48;2;222;213;222m▀[38;2;222;213;222;48;2;222;213;222m▀[38;2;222;213;222;48;2;222;213;222m▀[38;2;40;48;128;48;2;40;48;128m▀[38;2;40;48;128;48;2;40;48;128m▀[38;2;88;96;184;48;2;88;96;184m▀[38;2;88;96;184;48;2;88;96;184m▀[38;2;88;96;184;48;2;88;96;184m▀[38;2;88;96;184;48;2;88;96;184m▀[38;2;88;96;184;48;2;88;96;184m▀[38;2;88;96;184;48;2;88;96;184m▀[38;2;88;96;184;48;2;88;96;184m▀[38;2;88;96;184;48;2;88;88;88m▀[38;2;88;88;88;48;2;248;248;248m▀[38;2;88;88;88;48;2;248;248;248m▀[38;2;88;88;88;48;2;248;248;248m▀[38;2;88;88;88;48;2;248;248;248m▀[38;2;88;88;88;48;2;248;248;248m▀[38;2;88;88;88;48;2;248;248;248m▀[38;2;88;96;184;48;2;88;88;88m▀[38;2;88;96;184;48;2;88;96;184m▀[38;2;88;96;184;48;2;88;96;184m▀[38;2;88;96;184;48;2;88;96;184m▀[38;2;88;96;184;48;2;88;96;184m▀[38;2;88;96;184;48;2;88;96;184m▀[38;2;0;0;0;48;2;88;96;184m▀[38;2;96;56;120;48;2;0;0;0m▀[38;2;96;56;120;48;2;0;0;0m▀[38;2;96;56;120;48;2;0;0;0m▀[38;2;0;0;0;48;2;88;96;184m▀[38;2;88;96;184;48;2;88;96;184m▀[38;2;88;96;184;48;2;88;96;184m▀[38;2;88;96;184;48;2;88;96;184m▀[38;2;16;16;16;48;2;16;16;16m▀[38;2;16;16;16;48;2;16;16;16m▀[38;2;255;255;255;48;2;222;213;222m▀[38;2;222;213;222;48;2;222;213;222m▀[38;2;222;213;222;48;2;222;213;222m▀[38;2;222;213;222;48;2;222;213;222m▀[38;2;16;16;16;48;2;16;16;16m▀[38;2;16;16;16;48;2;16;16;16m▀[38;2;112;128;208;48;2;112;128;208m▀[38;2;88;96;184;48;2;112;128;208m▀[38;2;112;128;208;48;2;88;96;184m▀[38;2;88;96;184;48;2;88;96;184m▀[38;2;0;0;0;48;2;88;96;184m▀[38;2;0;0;0;48;2;88;96;184m▀[38;2;88;96;184;48;2;0;0;0m▀[38;2;0;0;0;48;2;88;96;184m▀[38;2;0;0;0;48;2;0;0;0m▀[38;2;88;96;184;48;2;0;0;0m▀[38;2;88;96;184;48;2;88;96;184m▀[38;2;88;96;184;48;2;88;96;184m▀[38;2;112;128;208;48;2;88;96;184m▀[38;2;112;128;208;48;2;88;96;184m▀[38;2;88;96;184;48;2;88;96;184m▀[38;2;88;96;184;48;2;88;96;184m▀[38;2;88;96;184;48;2;0;0;0m▀[38;2;88;96;184;48;2;0;0;0m▀[38;2;0;0;0m▀[0m [0m
[0m [0m [0m [0m [0m [0m [0m [0m [0m [0m [38;2;0;0;0m▄[38;2;0;0;0;48;2;88;96;184m▀[38;2;88;96;184;48;2;88;96;184m▀[38;2;88;96;184;48;2;16;16;16m▀[38;2;90;90;90;48;2;222;213;222m▀[38;2;90;90;90;48;2;222;213;222m▀[38;2;222;213;222;48;2;222;213;222m▀[38;2;222;213;222;48;2;16;16;16m▀[38;2;222;213;222;48;2;16;16;16m▀[38;2;16;16;16;48;2;160;176;240m▀[38;2;40;48;128;48;2;160;176;240m▀[38;2;40;48;128;48;2;160;176;240m▀[38;2;88;96;184;48;2;40;48;128m▀[38;2;88;96;184;48;2;88;96;184m▀[38;2;88;96;184;48;2;88;96;184m▀[38;2;88;96;184;48;2;88;96;184m▀[38;2;88;96;184;48;2;88;96;184m▀[38;2;88;96;184;48;2;88;96;184m▀[38;2;88;88;88;48;2;0;0;0m▀[38;2;248;248;248;48;2;248;248;248m▀[38;2;248;248;248;48;2;248;248;248m▀[38;2;248;248;248;48;2;248;248;248m▀[38;2;248;248;248;48;2;248;248;248m▀[38;2;248;248;248;48;2;248;248;248m▀[38;2;248;248;248;48;2;248;248;248m▀[38;2;248;248;248;48;2;248;248;248m▀[38;2;248;248;248;48;2;208;200;208m▀[38;2;88;88;88;48;2;88;88;88m▀[38;2;88;96;184;48;2;88;96;184m▀[38;2;88;96;184;48;2;88;96;184m▀[38;2;88;96;184;48;2;88;96;184m▀[38;2;88;96;184;48;2;88;96;184m▀[38;2;88;96;184;48;2;88;96;184m▀[38;2;88;96;184;48;2;88;96;184m▀[38;2;88;96;184;48;2;88;96;184m▀[38;2;88;96;184;48;2;88;96;184m▀[38;2;88;96;184;48;2;88;96;184m▀[38;2;88;96;184;48;2;88;96;184m▀[38;2;88;96;184;48;2;88;96;184m▀[38;2;16;16;16;48;2;16;16;16m▀[38;2;90;90;90;48;2;160;176;240m▀[38;2;90;90;90;48;2;160;176;240m▀[38;2;222;213;222;48;2;90;90;90m▀[38;2;222;213;222;48;2;222;213;222m▀[38;2;222;213;222;48;2;222;213;222m▀[38;2;222;213;222;48;2;222;213;222m▀[38;2;90;90;90;48;2;222;213;222m▀[38;2;90;90;90;48;2;222;213;222m▀[38;2;112;128;208;48;2;90;90;90m▀[38;2;88;96;184;48;2;112;128;208m▀[38;2;112;128;208;48;2;88;96;184m▀[38;2;88;96;184;48;2;112;128;208m▀[38;2;88;96;184;48;2;88;96;184m▀[38;2;88;96;184;48;2;88;96;184m▀[38;2;88;96;184;48;2;88;96;184m▀[38;2;0;0;0;48;2;88;96;184m▀[38;2;88;96;184;48;2;88;96;184m▀[38;2;0;0;0;48;2;0;0;0m▀[38;2;0;0;0m▀[38;2;0;0;0m▀[38;2;88;96;184;48;2;0;0;0m▀[38;2;88;96;184;48;2;0;0;0m▀[38;2;88;96;184;48;2;0;0;0m▀[38;2;0;0;0m▀[0m [0m [0m [0m [0m
[0m [0m [0m [0m [0m [0m [0m [0m [0m [0m [38;2;0;0;0;48;2;0;0;0m▀[38;2;88;96;184;48;2;88;96;184m▀[38;2;88;96;184;48;2;88;96;184m▀[38;2;90;90;90;48;2;90;90;90m▀[38;2;16;16;16;48;2;16;16;16m▀[38;2;16;16;16;48;2;16;16;16m▀[38;2;16;16;16;48;2;16;16;16m▀[38;2;160;176;240;48;2;160;176;240m▀[38;2;112;128;208;48;2;112;128;208m▀[38;2;160;176;240;48;2;160;176;240m▀[38;2;160;176;240;48;2;160;176;240m▀[38;2;160;176;240;48;2;160;176;240m▀[38;2;40;48;128;48;2;40;48;128m▀[38;2;88;96;184;48;2;88;96;184m▀[38;2;88;96;184;48;2;88;96;184m▀[38;2;88;96;184;48;2;88;96;184m▀[38;2;88;96;184;48;2;88;96;184m▀[38;2;88;96;184;48;2;88;96;184m▀[38;2;0;0;0;48;2;0;0;0m▀[38;2;248;248;248;48;2;248;248;248m▀[38;2;248;248;248;48;2;248;248;248m▀[38;2;248;248;248;48;2;248;248;248m▀[38;2;248;248;248;48;2;248;248;248m▀[38;2;248;248;248;48;2;248;248;248m▀[38;2;248;248;248;48;2;248;248;248m▀[38;2;208;200;208;48;2;208;200;208m▀[38;2;208;200;208;48;2;208;200;208m▀[38;2;0;0;0;48;2;0;0;0m▀[38;2;88;96;184;48;2;88;96;184m▀[38;2;88;96;184;48;2;88;96;184m▀[38;2;88;96;184;48;2;88;96;184m▀[38;2;88;96;184;48;2;88;96;184m▀[38;2;88;96;184;48;2;88;96;184m▀[38;2;88;96;184;48;2;88;96;184m▀[38;2;88;96;184;48;2;88;96;184m▀[38;2;88;96;184;48;2;88;96;184m▀[38;2;88;96;184;48;2;88;96;184m▀[38;2;88;96;184;48;2;88;96;184m▀[38;2;88;96;184;48;2;88;96;184m▀[38;2;16;16;16;48;2;16;16;16m▀[38;2;160;176;240;48;2;160;176;240m▀[38;2;160;176;240;48;2;160;176;240m▀[38;2;112;128;208;48;2;112;128;208m▀[38;2;16;16;16;48;2;16;16;16m▀[38;2;222;213;222;48;2;222;213;222m▀[38;2;222;213;222;48;2;222;213;222m▀[38;2;222;213;222;48;2;222;213;222m▀[38;2;222;213;222;48;2;222;213;222m▀[38;2;222;213;222;48;2;222;213;222m▀[38;2;16;16;16;48;2;16;16;16m▀[38;2;88;96;184;48;2;88;96;184m▀[38;2;88;96;184;48;2;88;96;184m▀[38;2;88;96;184;48;2;88;96;184m▀[38;2;88;96;184;48;2;88;96;184m▀[38;2;0;0;0;48;2;0;0;0m▀[38;2;88;96;184;48;2;88;96;184m▀[38;2;88;96;184;48;2;88;96;184m▀[38;2;88;96;184;48;2;88;96;184m▀[38;2;0;0;0;48;2;0;0;0m▀[0m [38;2;0;0;0m▄[38;2;0;0;0m▄[0m [0m [0m [0m [0m [0m [0m
[0m [0m [0m [0m [0m [0m [0m [0m [0m [0m [38;2;0;0;0m▀[38;2;88;96;184;48;2;0;0;0m▀[38;2;88;96;184;48;2;88;96;184m▀[38;2;88;96;184;48;2;88;96;184m▀[38;2;112;128;208;48;2;88;96;184m▀[38;2;112;128;208;48;2;88;96;184m▀[38;2;112;128;208;48;2;88;96;184m▀[38;2;112;128;208;48;2;112;128;208m▀[38;2;160;176;240;48;2;112;128;208m▀[38;2;112;128;208;48;2;112;128;208m▀[38;2;160;176;240;48;2;160;176;240m▀[38;2;160;176;240;48;2;160;176;240m▀[38;2;40;48;128;48;2;160;176;240m▀[38;2;88;96;184;48;2;40;48;128m▀[38;2;88;96;184;48;2;88;96;184m▀[38;2;88;96;184;48;2;88;96;184m▀[38;2;88;96;184;48;2;88;96;184m▀[38;2;88;96;184;48;2;88;96;184m▀[38;2;88;96;184;48;2;88;96;184m▀[38;2;0;0;0;48;2;88;96;184m▀[38;2;248;248;248;48;2;0;0;0m▀[38;2;248;248;248;48;2;0;0;0m▀[38;2;248;248;248;48;2;0;0;0m▀[38;2;248;248;248;48;2;0;0;0m▀[38;2;208;200;208;48;2;0;0;0m▀[38;2;208;200;208;48;2;0;0;0m▀[38;2;0;0;0;48;2;40;48;128m▀[38;2;40;48;128;48;2;88;96;184m▀[38;2;88;96;184;48;2;88;96;184m▀[38;2;88;96;184;48;2;88;96;184m▀[38;2;88;96;184;48;2;88;96;184m▀[38;2;88;96;184;48;2;88;96;184m▀[38;2;88;96;184;48;2;88;96;184m▀[38;2;88;96;184;48;2;88;96;184m▀[38;2;88;96;184;48;2;88;96;184m▀[38;2;88;96;184;48;2;88;96;184m▀[38;2;88;96;184;48;2;88;96;184m▀[38;2;88;96;184;48;2;88;96;184m▀[38;2;16;16;16;48;2;16;16;16m▀[38;2;160;176;240;48;2;160;176;240m▀[38;2;160;176;240;48;2;160;176;240m▀[38;2;160;176;240;48;2;160;176;240m▀[38;2;160;176;240;48;2;112;128;208m▀[38;2;112;128;208;48;2;160;176;240m▀[38;2;16;16;16;48;2;112;128;208m▀[38;2;16;16;16;48;2;112;128;208m▀[38;2;16;16;16;48;2;112;128;208m▀[38;2;16;16;16;48;2;112;128;208m▀[38;2;16;16;16;48;2;112;128;208m▀[38;2;90;90;90;48;2;88;96;184m▀[38;2;88;96;184;48;2;88;96;184m▀[38;2;88;96;184;48;2;88;96;184m▀[38;2;0;0;0;48;2;88;96;184m▀[38;2;0;0;0;48;2;88;96;184m▀[38;2;88;96;184;48;2;0;0;0m▀[38;2;0;0;0;48;2;88;96;184m▀[38;2;88;96;184;48;2;88;96;184m▀[38;2;88;96;184;48;2;88;96;184m▀[38;2;0;0;0;48;2;88;96;184m▀[38;2;0;0;0;48;2;88;96;184m▀[38;2;88;96;184;48;2;112;128;208m▀[38;2;88;96;184;48;2;112;128;208m▀[38;2;0;0;0;48;2;88;96;184m▀[38;2;0;0;0m▄[0m [0m [0m [0m [0m
[0m [0m [0m [0m [0m [0m [0m [0m [0m [0m [0m [0m [38;2;0;0;0m▀[38;2;0;0;0m▀[38;2;88;96;184;48;2;0;0;0m▀[38;2;88;96;184;48;2;0;0;0m▀[38;2;88;96;184;48;2;88;96;184m▀[38;2;88;96;184;48;2;88;96;184m▀[38;2;88;96;184;48;2;88;96;184m▀[38;2;160;176;240;48;2;112;128;208m▀[38;2;160;176;240;48;2;160;176;240m▀[38;2;160;176;240;48;2;160;176;240m▀[38;2;160;176;240;48;2;160;176;240m▀[38;2;40;48;128;48;2;160;176;240m▀[38;2;88;96;184;48;2;40;48;128m▀[38;2;88;96;184;48;2;88;96;184m▀[38;2;88;96;184;48;2;88;96;184m▀[38;2;88;96;184;48;2;88;96;184m▀[38;2;88;96;184;48;2;88;96;184m▀[38;2;88;96;184;48;2;88;96;184m▀[38;2;88;96;184;48;2;208;200;208m▀[38;2;88;96;184;48;2;208;200;208m▀[38;2;88;96;184;48;2;208;200;208m▀[38;2;88;96;184;48;2;208;200;208m▀[38;2;88;96;184;48;2;208;200;208m▀[38;2;88;96;184;48;2;208;200;208m▀[38;2;88;96;184;48;2;208;200;208m▀[38;2;88;96;184;48;2;88;96;184m▀[38;2;88;96;184;48;2;88;96;184m▀[38;2;88;96;184;48;2;88;96;184m▀[38;2;88;96;184;48;2;88;96;184m▀[38;2;88;96;184;48;2;88;96;184m▀[38;2;88;96;184;48;2;88;96;184m▀[38;2;88;96;184;48;2;88;96;184m▀[38;2;88;96;184;48;2;88;96;184m▀[38;2;88;96;184;48;2;88;96;184m▀[38;2;88;96;184;48;2;16;16;16m▀[38;2;16;16;16;48;2;160;176;240m▀[38;2;160;176;240;48;2;160;176;240m▀[38;2;160;176;240;48;2;160;176;240m▀[38;2;160;176;240;48;2;160;176;240m▀[38;2;160;176;240;48;2;160;176;240m▀[38;2;160;176;240;48;2;112;128;208m▀[38;2;112;128;208;48;2;112;128;208m▀[38;2;112;128;208;48;2;112;128;208m▀[38;2;112;128;208;48;2;112;128;208m▀[38;2;112;128;208;48;2;88;96;184m▀[38;2;112;128;208;48;2;88;96;184m▀[38;2;112;128;208;48;2;112;128;208m▀[38;2;112;128;208;48;2;112;128;208m▀[38;2;88;96;184;48;2;112;128;208m▀[38;2;88;96;184;48;2;88;96;184m▀[38;2;88;96;184;48;2;88;96;184m▀[38;2;88;96;184;48;2;88;96;184m▀[38;2;88;96;184;48;2;0;0;0m▀[38;2;88;96;184;48;2;0;0;0m▀[38;2;88;96;184;48;2;0;0;0m▀[38;2;0;0;0m▀[38;2;88;96;184;48;2;0;0;0m▀[38;2;88;96;184;48;2;0;0;0m▀[38;2;112;128;208;48;2;88;96;184m▀[38;2;112;128;208;48;2;88;96;184m▀[38;2;88;96;184;48;2;0;0;0m▀[38;2;0;0;0m▀[0m [0m [0m [0m [0m
[0m [0m [0m [0m [0m [0m [0m [0m [0m [0m [0m [0m [0m [0m [0m [38;2;0;0;0;48;2;0;0;0m▀[38;2;88;96;184;48;2;88;96;184m▀[38;2;88;96;184;48;2;88;96;184m▀[38;2;88;96;184;48;2;88;96;184m▀[38;2;88;96;184;48;2;88;96;184m▀[38;2;160;176;240;48;2;160;176;240m▀[38;2;160;176;240;48;2;160;176;240m▀[38;2;160;176;240;48;2;160;176;240m▀[38;2;160;176;240;48;2;160;176;240m▀[38;2;160;176;240;48;2;160;176;240m▀[38;2;40;48;128;48;2;40;48;128m▀[38;2;16;16;16;48;2;16;16;16m▀[38;2;16;16;16;48;2;16;16;16m▀[38;2;88;96;184;48;2;88;96;184m▀[38;2;208;200;208;48;2;208;200;208m▀[38;2;208;200;208;48;2;208;200;208m▀[38;2;208;200;208;48;2;208;200;208m▀[38;2;208;200;208;48;2;208;200;208m▀[38;2;208;200;208;48;2;208;200;208m▀[38;2;208;200;208;48;2;208;200;208m▀[38;2;208;200;208;48;2;208;200;208m▀[38;2;208;200;208;48;2;208;200;208m▀[38;2;208;200;208;48;2;208;200;208m▀[38;2;88;96;184;48;2;88;96;184m▀[38;2;88;96;184;48;2;88;96;184m▀[38;2;88;96;184;48;2;88;96;184m▀[38;2;88;96;184;48;2;88;96;184m▀[38;2;88;96;184;48;2;88;96;184m▀[38;2;16;16;16;48;2;16;16;16m▀[38;2;16;16;16;48;2;16;16;16m▀[38;2;16;16;16;48;2;16;16;16m▀[38;2;160;176;240;48;2;160;176;240m▀[38;2;160;176;240;48;2;160;176;240m▀[38;2;160;176;240;48;2;160;176;240m▀[38;2;160;176;240;48;2;160;176;240m▀[38;2;160;176;240;48;2;160;176;240m▀[38;2;160;176;240;48;2;160;176;240m▀[38;2;112;128;208;48;2;112;128;208m▀[38;2;112;128;208;48;2;112;128;208m▀[38;2;112;128;208;48;2;112;128;208m▀[38;2;112;128;208;48;2;112;128;208m▀[38;2;112;128;208;48;2;112;128;208m▀[38;2;112;128;208;48;2;112;128;208m▀[38;2;88;96;184;48;2;88;96;184m▀[38;2;112;128;208;48;2;112;128;208m▀[38;2;88;96;184;48;2;88;96;184m▀[38;2;88;96;184;48;2;88;96;184m▀[38;2;0;0;0;48;2;0;0;0m▀[38;2;0;0;0;48;2;0;0;0m▀[38;2;0;0;0m▄[0m [0m [0m [0m [0m [38;2;0;0;0m▀[38;2;0;0;0m▀[0m [0m [0m [0m [0m [0m [0m
[0m [0m [0m [0m [0m [0m [0m [0m [0m [0m [0m [0m [0m [0m [0m [0m [38;2;0;0;0;48;2;0;0;0m▀[38;2;88;96;184;48;2;88;96;184m▀[38;2;88;96;184;48;2;88;96;184m▀[38;2;88;96;184;48;2;88;96;184m▀[38;2;112;128;208;48;2;112;128;208m▀[38;2;112;128;208;48;2;112;128;208m▀[38;2;112;128;208;48;2;112;128;208m▀[38;2;160;176;240;48;2;160;176;240m▀[38;2;160;176;240;48;2;160;176;240m▀[38;2;160;176;240;48;2;160;176;240m▀[38;2;160;176;240;48;2;112;128;208m▀[38;2;160;176;240;48;2;112;128;208m▀[38;2;16;16;16;48;2;160;176;240m▀[38;2;16;16;16;48;2;160;176;240m▀[38;2;208;200;208;48;2;16;16;16m▀[38;2;208;200;208;48;2;16;16;16m▀[38;2;208;200;208;48;2;16;16;16m▀[38;2;208;200;208;48;2;16;16;16m▀[38;2;208;200;208;48;2;16;16;16m▀[38;2;208;200;208;48;2;16;16;16m▀[38;2;208;200;208;48;2;16;16;16m▀[38;2;208;200;208;48;2;16;16;16m▀[38;2;208;200;208;48;2;88;88;88m▀[38;2;208;200;208;48;2;88;88;88m▀[38;2;16;16;16;48;2;160;176;240m▀[38;2;16;16;16;48;2;160;176;240m▀[38;2;88;88;88;48;2;160;176;240m▀[38;2;160;176;240;48;2;160;176;240m▀[38;2;160;176;240;48;2;160;176;240m▀[38;2;160;176;240;48;2;160;176;240m▀[38;2;160;176;240;48;2;112;128;208m▀[38;2;160;176;240;48;2;160;176;240m▀[38;2;160;176;240;48;2;112;128;208m▀[38;2;112;128;208;48;2;112;128;208m▀[38;2;112;128;208;48;2;112;128;208m▀[38;2;112;128;208;48;2;112;128;208m▀[38;2;112;128;208;48;2;112;128;208m▀[38;2;112;128;208;48;2;112;128;208m▀[38;2;88;96;184;48;2;88;96;184m▀[38;2;112;128;208;48;2;88;96;184m▀[38;2;88;96;184;48;2;88;96;184m▀[38;2;88;96;184;48;2;88;96;184m▀[38;2;112;128;208;48;2;88;96;184m▀[38;2;88;96;184;48;2;88;96;184m▀[38;2;112;128;208;48;2;88;96;184m▀[38;2;88;96;184;48;2;88;96;184m▀[38;2;88;96;184;48;2;88;96;184m▀[38;2;88;96;184;48;2;88;96;184m▀[38;2;88;96;184;48;2;88;96;184m▀[38;2;0;0;0;48;2;0;0;0m▀[0m [0m [0m [0m [0m [0m [0m [0m [0m [0m [0m [0m [0m
[0m [0m [0m [0m [0m [0m [0m [0m [0m [0m [0m [0m [0m [0m [0m [0m [38;2;0;0;0;48;2;0;0;0m▀[38;2;88;96;184;48;2;88;96;184m▀[38;2;88;96;184;48;2;0;0;0m▀[38;2;88;96;184;48;2;88;96;184m▀[38;2;88;96;184;48;2;88;96;184m▀[38;2;88;96;184;48;2;88;96;184m▀[38;2;112;128;208;48;2;112;128;208m▀[38;2;160;176;240;48;2;112;128;208m▀[38;2;112;128;208;48;2;160;176;240m▀[38;2;160;176;240;48;2;112;128;208m▀[38;2;112;128;208;48;2;160;176;240m▀[38;2;112;128;208;48;2;160;176;240m▀[38;2;160;176;240;48;2;88;96;184m▀[38;2;160;176;240;48;2;112;128;208m▀[38;2;160;176;240;48;2;112;128;208m▀[38;2;160;176;240;48;2;160;176;240m▀[38;2;160;176;240;48;2;112;128;208m▀[38;2;160;176;240;48;2;112;128;208m▀[38;2;160;176;240;48;2;160;176;240m▀[38;2;160;176;240;48;2;160;176;240m▀[38;2;160;176;240;48;2;160;176;240m▀[38;2;160;176;240;48;2;160;176;240m▀[38;2;160;176;240;48;2;160;176;240m▀[38;2;160;176;240;48;2;160;176;240m▀[38;2;160;176;240;48;2;160;176;240m▀[38;2;160;176;240;48;2;112;128;208m▀[38;2;160;176;240;48;2;160;176;240m▀[38;2;160;176;240;48;2;160;176;240m▀[38;2;160;176;240;48;2;160;176;240m▀[38;2;160;176;240;48;2;160;176;240m▀[38;2;160;176;240;48;2;160;176;240m▀[38;2;112;128;208;48;2;112;128;208m▀[38;2;160;176;240;48;2;112;128;208m▀[38;2;112;128;208;48;2;112;128;208m▀[38;2;112;128;208;48;2;88;96;184m▀[38;2;112;128;208;48;2;88;96;184m▀[38;2;112;128;208;48;2;88;96;184m▀[38;2;88;96;184;48;2;88;96;184m▀[38;2;88;96;184;48;2;88;96;184m▀[38;2;88;96;184;48;2;88;96;184m▀[38;2;88;96;184;48;2;88;96;184m▀[38;2;88;96;184;48;2;88;96;184m▀[38;2;88;96;184;48;2;88;96;184m▀[38;2;88;96;184;48;2;88;96;184m▀[38;2;88;96;184;48;2;88;96;184m▀[38;2;88;96;184;48;2;88;96;184m▀[38;2;88;96;184;48;2;88;96;184m▀[38;2;88;96;184;48;2;88;96;184m▀[38;2;88;96;184;48;2;0;0;0m▀[38;2;0;0;0m▀[0m [0m [0m [0m [0m [0m [0m [0m [0m [0m [0m [0m [0m
[0m [0m [0m [0m [0m [0m [0m [0m [0m [0m [0m [0m [0m [0m [0m [0m [0m [38;2;0;0;0;48;2;0;0;0m▀[38;2;88;96;184;48;2;88;96;184m▀[38;2;88;96;184;48;2;88;96;184m▀[38;2;88;96;184;48;2;88;96;184m▀[38;2;88;96;184;48;2;88;96;184m▀[38;2;112;128;208;48;2;112;128;208m▀[38;2;112;128;208;48;2;112;128;208m▀[38;2;112;128;208;48;2;112;128;208m▀[38;2;112;128;208;48;2;112;128;208m▀[38;2;88;96;184;48;2;88;96;184m▀[38;2;88;96;184;48;2;88;96;184m▀[38;2;112;128;208;48;2;112;128;208m▀[38;2;88;96;184;48;2;88;96;184m▀[38;2;88;96;184;48;2;88;96;184m▀[38;2;112;128;208;48;2;112;128;208m▀[38;2;112;128;208;48;2;112;128;208m▀[38;2;112;128;208;48;2;112;128;208m▀[38;2;112;128;208;48;2;112;128;208m▀[38;2;112;128;208;48;2;112;128;208m▀[38;2;160;176;240;48;2;160;176;240m▀[38;2;160;176;240;48;2;160;176;240m▀[38;2;160;176;240;48;2;160;176;240m▀[38;2;160;176;240;48;2;160;176;240m▀[38;2;112;128;208;48;2;112;128;208m▀[38;2;160;176;240;48;2;160;176;240m▀[38;2;112;128;208;48;2;112;128;208m▀[38;2;160;176;240;48;2;160;176;240m▀[38;2;112;128;208;48;2;112;128;208m▀[38;2;112;128;208;48;2;112;128;208m▀[38;2;160;176;240;48;2;160;176;240m▀[38;2;112;128;208;48;2;112;128;208m▀[38;2;112;128;208;48;2;112;128;208m▀[38;2;88;96;184;48;2;88;96;184m▀[38;2;88;96;184;48;2;88;96;184m▀[38;2;88;96;184;48;2;88;96;184m▀[38;2;88;96;184;48;2;88;96;184m▀[38;2;0;0;0;48;2;0;0;0m▀[38;2;0;0;0;48;2;0;0;0m▀[38;2;88;96;184;48;2;88;96;184m▀[38;2;88;96;184;48;2;88;96;184m▀[38;2;88;96;184;48;2;88;96;184m▀[38;2;88;96;184;48;2;88;96;184m▀[38;2;88;96;184;48;2;88;96;184m▀[38;2;0;0;0;48;2;0;0;0m▀[38;2;88;96;184;48;2;88;96;184m▀[38;2;0;0;0;48;2;0;0;0m▀[38;2;0;0;0;48;2;0;0;0m▀[38;2;88;96;184;48;2;88;96;184m▀[38;2;0;0;0;48;2;0;0;0m▀[0m [0m [0m [0m [0m [0m [0m [0m [0m [0m [0m [0m [0m
[0m [0m [0m [0m [0m [0m [0m [0m [0m [0m [0m [0m [0m [0m [0m [0m [38;2;0;0;0m▀[38;2;88;96;184;48;2;0;0;0m▀[38;2;0;0;0;48;2;88;96;184m▀[38;2;88;96;184;48;2;0;0;0m▀[38;2;88;96;184;48;2;88;96;184m▀[38;2;88;96;184;48;2;88;96;184m▀[38;2;88;96;184;48;2;88;96;184m▀[38;2;88;96;184;48;2;88;96;184m▀[38;2;112;128;208;48;2;88;96;184m▀[38;2;88;96;184;48;2;88;96;184m▀[38;2;112;128;208;48;2;88;96;184m▀[38;2;112;128;208;48;2;88;96;184m▀[38;2;88;96;184;48;2;88;96;184m▀[38;2;88;96;184;48;2;88;96;184m▀[38;2;88;96;184;48;2;88;96;184m▀[38;2;88;96;184;48;2;88;96;184m▀[38;2;88;96;184;48;2;88;96;184m▀[38;2;88;96;184;48;2;88;96;184m▀[38;2;112;128;208;48;2;88;96;184m▀[38;2;112;128;208;48;2;112;128;208m▀[38;2;112;128;208;48;2;112;128;208m▀[38;2;160;176;240;48;2;112;128;208m▀[38;2;160;176;240;48;2;160;176;240m▀[38;2;160;176;240;48;2;160;176;240m▀[38;2;160;176;240;48;2;112;128;208m▀[38;2;112;128;208;48;2;160;176;240m▀[38;2;160;176;240;48;2;112;128;208m▀[38;2;112;128;208;48;2;160;176;240m▀[38;2;160;176;240;48;2;112;128;208m▀[38;2;160;176;240;48;2;112;128;208m▀[38;2;112;128;208;48;2;112;128;208m▀[38;2;112;128;208;48;2;112;128;208m▀[38;2;112;128;208;48;2;88;96;184m▀[38;2;88;96;184;48;2;88;96;184m▀[38;2;88;96;184;48;2;0;0;0m▀[38;2;88;96;184;48;2;0;0;0m▀[38;2;0;0;0m▀[0m [0m [38;2;0;0;0m▀[38;2;0;0;0m▀[38;2;0;0;0m▀[38;2;88;96;184;48;2;0;0;0m▀[38;2;0;0;0m▀[38;2;88;96;184;48;2;0;0;0m▀[38;2;0;0;0;48;2;88;96;184m▀[38;2;88;96;184;48;2;0;0;0m▀[38;2;88;96;184;48;2;0;0;0m▀[38;2;0;0;0m▀[0m [0m [0m [0m [0m [38;2;0;0;0m▄[38;2;0;0;0m▄[38;2;0;0;0m▄[0m [0m [0m [0m [0m [0m
[0m [0m [0m [0m [0m [0m [0m [0m [0m [0m [0m [0m [0m [0m [0m [0m [0m [0m [38;2;0;0;0;48;2;0;0;0m▀[38;2;0;0;0;48;2;88;96;184m▀[38;2;0;0;0;48;2;88;96;184m▀[38;2;0;0;0;48;2;88;96;184m▀[38;2;0;0;0;48;2;0;0;0m▀[38;2;88;96;184;48;2;0;0;0m▀[38;2;88;96;184;48;2;0;0;0m▀[38;2;88;96;184;48;2;0;0;0m▀[38;2;88;96;184;48;2;0;0;0m▀[38;2;88;96;184;48;2;0;0;0m▀[38;2;88;96;184;48;2;0;0;0m▀[38;2;0;0;0m▀[38;2;0;0;0m▀[38;2;0;0;0m▀[38;2;88;96;184;48;2;0;0;0m▀[38;2;88;96;184;48;2;0;0;0m▀[38;2;88;96;184;48;2;88;96;184m▀[38;2;88;96;184;48;2;88;96;184m▀[38;2;88;96;184;48;2;88;96;184m▀[38;2;112;128;208;48;2;88;96;184m▀[38;2;112;128;208;48;2;88;96;184m▀[38;2;112;128;208;48;2;88;96;184m▀[38;2;112;128;208;48;2;112;128;208m▀[38;2;112;128;208;48;2;112;128;208m▀[38;2;112;128;208;48;2;112;128;208m▀[38;2;112;128;208;48;2;112;128;208m▀[38;2;112;128;208;48;2;88;96;184m▀[38;2;112;128;208;48;2;88;96;184m▀[38;2;112;128;208;48;2;88;96;184m▀[38;2;88;96;184;48;2;88;96;184m▀[38;2;88;96;184;48;2;88;96;184m▀[38;2;88;96;184;48;2;0;0;0m▀[38;2;0;0;0m▀[0m [0m [0m [0m [0m [0m [0m [0m [0m [0m [38;2;0;0;0m▀[0m [0m [0m [0m [38;2;0;0;0m▄[38;2;0;0;0;48;2;88;96;184m▀[38;2;0;0;0;48;2;88;96;184m▀[38;2;0;0;0;48;2;88;96;184m▀[38;2;88;96;184;48;2;88;96;184m▀[38;2;88;96;184;48;2;88;96;184m▀[38;2;88;96;184;48;2;88;96;184m▀[38;2;0;0;0;48;2;88;96;184m▀[38;2;0;0;0;48;2;88;96;184m▀[38;2;0;0;0;48;2;88;96;184m▀[38;2;0;0;0m▄[0m [0m
[0m [0m [0m [0m [0m [0m [0m [0m [0m [0m [0m [0m [0m [0m [0m [0m [0m [38;2;0;0;0;48;2;0;0;0m▀[38;2;88;96;184;48;2;88;96;184m▀[38;2;88;96;184;48;2;88;96;184m▀[38;2;88;96;184;48;2;88;96;184m▀[38;2;88;96;184;48;2;88;96;184m▀[38;2;88;96;184;48;2;88;96;184m▀[38;2;0;0;0;48;2;0;0;0m▀[0m [0m [0m [0m [0m [0m [0m [0m [0m [0m [38;2;0;0;0;48;2;0;0;0m▀[38;2;88;96;184;48;2;88;96;184m▀[38;2;88;96;184;48;2;88;96;184m▀[38;2;88;96;184;48;2;88;96;184m▀[38;2;88;96;184;48;2;88;96;184m▀[38;2;88;96;184;48;2;88;96;184m▀[38;2;88;96;184;48;2;88;96;184m▀[38;2;88;96;184;48;2;88;96;184m▀[38;2;88;96;184;48;2;88;96;184m▀[38;2;88;96;184;48;2;88;96;184m▀[38;2;88;96;184;48;2;88;96;184m▀[38;2;88;96;184;48;2;88;96;184m▀[38;2;88;96;184;48;2;88;96;184m▀[38;2;0;0;0;48;2;0;0;0m▀[38;2;88;96;184;48;2;88;96;184m▀[38;2;0;0;0;48;2;0;0;0m▀[0m [0m [0m [0m [38;2;0;0;0m▄[38;2;0;0;0m▄[38;2;0;0;0m▄[38;2;0;0;0m▄[0m [0m [0m [0m [0m [0m [0m [38;2;0;0;0;48;2;0;0;0m▀[38;2;88;96;184;48;2;88;96;184m▀[38;2;88;96;184;48;2;88;96;184m▀[38;2;88;96;184;48;2;88;96;184m▀[38;2;88;96;184;48;2;88;96;184m▀[38;2;88;96;184;48;2;88;96;184m▀[38;2;88;96;184;48;2;88;96;184m▀[38;2;88;96;184;48;2;88;96;184m▀[38;2;88;96;184;48;2;88;96;184m▀[38;2;88;96;184;48;2;88;96;184m▀[38;2;88;96;184;48;2;88;96;184m▀[38;2;88;96;184;48;2;88;96;184m▀[38;2;0;0;0;48;2;0;0;0m▀[0m
[0m [0m [0m [0m [0m [0m [0m [0m [0m [0m [0m [0m [0m [0m [0m [0m [0m [38;2;0;0;0m▀[38;2;88;96;184;48;2;0;0;0m▀[38;2;88;96;184;48;2;88;96;184m▀[38;2;88;96;184;48;2;88;96;184m▀[38;2;88;96;184;48;2;88;96;184m▀[38;2;88;96;184;48;2;0;0;0m▀[38;2;0;0;0m▀[0m [0m [0m [0m [0m [0m [0m [0m [0m [0m [0m [38;2;0;0;0m▀[38;2;0;0;0m▀[38;2;88;96;184;48;2;0;0;0m▀[38;2;88;96;184;48;2;0;0;0m▀[38;2;88;96;184;48;2;0;0;0m▀[38;2;88;96;184;48;2;0;0;0m▀[38;2;88;96;184;48;2;88;96;184m▀[38;2;88;96;184;48;2;0;0;0m▀[38;2;88;96;184;48;2;88;96;184m▀[38;2;88;96;184;48;2;0;0;0m▀[38;2;88;96;184;48;2;0;0;0m▀[38;2;0;0;0;48;2;88;96;184m▀[38;2;88;96;184;48;2;0;0;0m▀[38;2;0;0;0;48;2;88;96;184m▀[38;2;88;96;184;48;2;0;0;0m▀[38;2;0;0;0m▀[0m [38;2;0;0;0m▄[38;2;0;0;0;48;2;88;96;184m▀[38;2;88;96;184;48;2;88;96;184m▀[38;2;88;96;184;48;2;112;128;208m▀[38;2;88;96;184;48;2;88;96;184m▀[38;2;88;96;184;48;2;88;96;184m▀[38;2;0;0;0;48;2;88;96;184m▀[38;2;0;0;0m▄[0m [0m [0m [0m [38;2;0;0;0m▄[38;2;0;0;0;48;2;88;96;184m▀[38;2;88;96;184;48;2;88;96;184m▀[38;2;88;96;184;48;2;88;96;184m▀[38;2;88;96;184;48;2;112;128;208m▀[38;2;88;96;184;48;2;112;128;208m▀[38;2;112;128;208;48;2;112;128;208m▀[38;2;112;128;208;48;2;112;128;208m▀[38;2;112;128;208;48;2;112;128;208m▀[38;2;88;96;184;48;2;112;128;208m▀[38;2;88;96;184;48;2;88;96;184m▀[38;2;88;96;184;48;2;88;96;184m▀[38;2;88;96;184;48;2;88;96;184m▀[38;2;0;0;0;48;2;88;96;184m▀[0m
[0m [0m [0m [0m [0m [0m [0m [0m [0m [0m [0m [0m [0m [0m [0m [0m [0m [0m [0m [38;2;0;0;0m▀[38;2;0;0;0m▀[38;2;0;0;0m▀[0m [0m [0m [0m [0m [0m [0m [0m [0m [0m [0m [0m [0m [0m [0m [0m [0m [0m [0m [38;2;0;0;0m▀[0m [38;2;0;0;0m▀[38;2;88;96;184;48;2;0;0;0m▀[38;2;88;96;184;48;2;0;0;0m▀[38;2;0;0;0m▀[38;2;88;96;184;48;2;0;0;0m▀[38;2;0;0;0m▀[0m [0m [0m [38;2;0;0;0;48;2;0;0;0m▀[38;2;88;96;184;48;2;88;96;184m▀[38;2;112;128;208;48;2;88;96;184m▀[38;2;112;128;208;48;2;112;128;208m▀[38;2;112;128;208;48;2;88;96;184m▀[38;2;112;128;208;48;2;88;96;184m▀[38;2;88;96;184;48;2;88;96;184m▀[38;2;0;0;0;48;2;0;0;0m▀[0m [0m [0m [0m [38;2;0;0;0m▀[38;2;88;96;184;48;2;0;0;0m▀[38;2;88;96;184;48;2;88;96;184m▀[38;2;88;96;184;48;2;88;96;184m▀[38;2;112;128;208;48;2;112;128;208m▀[38;2;112;128;208;48;2;112;128;208m▀[38;2;112;128;208;48;2;112;128;208m▀[38;2;112;128;208;48;2;112;128;208m▀[38;2;112;128;208;48;2;112;128;208m▀[38;2;112;128;208;48;2;112;128;208m▀[38;2;88;96;184;48;2;88;96;184m▀[38;2;88;96;184;48;2;88;96;184m▀[38;2;88;96;184;48;2;88;96;184m▀[38;2;88;96;184;48;2;0;0;0m▀[0m
[0m [0m [0m [0m [0m [0m [0m [0m [0m [0m [0m [0m [0m [0m [0m [0m [0m [0m [0m [0m [0m [0m [0m [0m [0m [0m [0m [0m [0m [0m [0m [0m [0m [0m [0m [0m [0m [0m [0m [0m [0m [0m [0m [0m [0m [0m [0m [0m [0m [0m [0m [0m [0m [38;2;0;0;0;48;2;0;0;0m▀[38;2;88;96;184;48;2;88;96;184m▀[38;2;88;96;184;48;2;88;96;184m▀[38;2;88;96;184;48;2;88;96;184m▀[38;2;88;96;184;48;2;88;96;184m▀[38;2;0;0;0;48;2;0;0;0m▀[0m [0m [0m [0m [0m [0m [38;2;0;0;0;48;2;0;0;0m▀[38;2;88;96;184;48;2;88;96;184m▀[38;2;88;96;184;48;2;88;96;184m▀[38;2;88;96;184;48;2;88;96;184m▀[38;2;88;96;184;48;2;88;96;184m▀[38;2;112;128;208;48;2;112;128;208m▀[38;2;112;128;208;48;2;112;128;208m▀[38;2;112;128;208;48;2;112;128;208m▀[38;2;88;96;184;48;2;88;96;184m▀[38;2;88;96;184;48;2;88;96;184m▀[38;2;88;96;184;48;2;88;96;184m▀[38;2;88;96;184;48;2;88;96;184m▀[38;2;0;0;0;48;2;0;0;0m▀[0m
[0m [0m [0m [0m [0m [0m [0m [0m [0m [0m [0m [0m [0m [0m [0m [0m [0m [0m [0m [0m [0m [0m [0m [0m [0m [0m [0m [0m [0m [0m [0m [0m [0m [0m [0m [0m [0m [0m [0m [0m [0m [0m [0m [0m [0m [0m [0m [0m [0m [0m [0m [0m [0m [0m [38;2;0;0;0m▀[38;2;0;0;0m▀[38;2;0;0;0m▀[38;2;0;0;0m▀[0m [0m [0m [0m [0m [0m [0m [0m [38;2;0;0;0m▀[38;2;88;96;184;48;2;0;0;0m▀[38;2;88;96;184;48;2;88;96;184m▀[38;2;88;96;184;48;2;88;96;184m▀[38;2;88;96;184;48;2;88;96;184m▀[38;2;88;96;184;48;2;88;96;184m▀[38;2;88;96;184;48;2;88;96;184m▀[38;2;88;96;184;48;2;88;96;184m▀[38;2;88;96;184;48;2;0;0;0m▀[38;2;88;96;184;48;2;0;0;0m▀[38;2;0;0;0m▀[0m [0m
