[0m [0m [0m [0m [0m [0m [0m [0m [0m [0m [0m [0m [0m [0m [0m [0m [0m [0m [0m [0m [0m [0m [0m [0m [0m [0m [0m [0m [0m [0m [0m [0m [0m [0m [0m [0m [0m [0m [0m [0m [0m [0m [0m [0m [38;2;0;0;0m▄[38;2;0;0;0;48;2;239;214;82m▀[38;2;239;214;82;48;2;239;214;82m▀[38;2;239;214;82;48;2;239;214;82m▀[38;2;239;214;82;48;2;239;214;82m▀[38;2;239;214;82;48;2;239;214;82m▀[38;2;239;214;82;48;2;239;214;82m▀[38;2;0;0;0;48;2;239;214;82m▀[38;2;0;0;0m▄[0m [0m [0m [0m [0m [0m [0m [0m [0m [0m [0m [0m [0m [0m [0m [0m [0m [0m [0m [0m [0m [0m [0m [0m
[0m [0m [0m [0m [0m [0m [0m [0m [0m [0m [0m [0m [0m [0m [0m [0m [0m [0m [38;2;0;0;0m▄[38;2;0;0;0m▄[0m [0m [0m [0m [0m [0m [0m [0m [0m [0m [0m [0m [0m [0m [0m [0m [0m [0m [0m [0m [0m [0m [0m [0m [38;2;0;0;0;48;2;0;0;0m▀[38;2;239;214;82;48;2;239;214;82m▀[38;2;239;214;82;48;2;239;214;82m▀[38;2;0;0;0;48;2;0;0;0m▀[38;2;0;0;0m▀[38;2;0;0;0;48;2;0;0;0m▀[38;2;239;214;82;48;2;239;214;82m▀[38;2;239;214;82;48;2;239;214;82m▀[38;2;0;0;0;48;2;0;0;0m▀[0m [0m [0m [0m [0m [0m [0m [0m [0m [0m [0m [0m [0m [0m [0m [0m [0m [0m [0m [0m [0m [0m [0m [0m
[0m [0m [0m [0m [0m [0m [0m [0m [0m [0m [0m [0m [0m [0m [0m [0m [38;2;0;0;0m▄[38;2;0;0;0;48;2;239;214;82m▀[38;2;239;214;82;48;2;0;0;0m▀[38;2;239;214;82;48;2;0;0;0m▀[38;2;0;0;0;48;2;239;214;82m▀[38;2;0;0;0m▄[0m [0m [0m [0m [0m [0m [0m [0m [0m [0m [0m [0m [0m [0m [0m [0m [0m [0m [0m [0m [0m [0m [38;2;0;0;0;48;2;0;0;0m▀[38;2;239;214;82;48;2;239;214;82m▀[38;2;239;214;82;48;2;239;214;82m▀[38;2;0;0;0;48;2;239;214;82m▀[38;2;0;0;0;48;2;239;214;82m▀[38;2;0;0;0;48;2;239;214;82m▀[38;2;239;214;82;48;2;239;214;82m▀[38;2;239;214;82;48;2;239;214;82m▀[38;2;0;0;0;48;2;0;0;0m▀[0m [0m [0m [0m [0m [0m [0m [0m [0m [0m [0m [0m [0m [0m [0m [0m [0m [0m [0m [0m [0m [0m [0m [0m
[0m [0m [0m [0m [0m [0m [0m [0m [0m [0m [0m [0m [0m [0m [0m [0m [38;2;0;0;0m▀[38;2;239;214;82;48;2;0;0;0m▀[38;2;0;0;0;48;2;239;214;82m▀[38;2;0;0;0;48;2;239;214;82m▀[38;2;239;214;82;48;2;0;0;0m▀[38;2;0;0;0m▀[0m [0m [0m [0m [0m [0m [0m [0m [0m [0m [0m [0m [0m [0m [0m [0m [0m [0m [0m [0m [0m [0m [0m [38;2;0;0;0m▀[38;2;239;214;82;48;2;0;0;0m▀[38;2;239;214;82;48;2;0;0;0m▀[38;2;239;214;82;48;2;0;0;0m▀[38;2;239;214;82;48;2;0;0;0m▀[38;2;239;214;82;48;2;0;0;0m▀[38;2;0;0;0m▀[0m [0m [0m [0m [0m [0m [0m [0m [0m [0m [0m [0m [0m [0m [0m [0m [0m [0m [0m [0m [0m [0m [0m [0m [0m
[0m [0m [0m [0m [0m [0m [0m [0m [0m [0m [0m [0m [0m [0m [0m [0m [0m [0m [38;2;0;0;0m▀[38;2;0;0;0m▀[0m [0m [0m [0m [0m [0m [0m [0m [0m [0m [0m [0m [0m [0m [0m [0m [0m [0m [0m [0m [0m [0m [0m [0m [0m [0m [0m [0m [0m [0m [0m [0m [0m [0m [0m [0m [0m [0m [0m [0m [0m [0m [0m [0m [0m [0m [0m [0m [0m [0m [0m [0m [0m [0m [0m [0m [0m
[0m [0m [0m [0m [0m [0m [0m [0m [0m [0m [0m [0m [0m [0m [0m [0m [0m [0m [0m [38;2;0;0;0m▄[38;2;0;0;0m▄[0m [0m [0m [0m [0m [0m [0m [0m [0m [0m [38;2;0;0;0m▄[38;2;0;0;0m▄[38;2;0;0;0m▄[38;2;0;0;0m▄[38;2;0;0;0m▄[38;2;0;0;0m▄[38;2;0;0;0m▄[38;2;0;0;0m▄[38;2;0;0;0m▄[38;2;0;0;0m▄[38;2;0;0;0m▄[0m [0m [0m [0m [0m [0m [0m [0m [0m [0m [0m [0m [0m [0m [0m [0m [0m [0m [0m [0m [0m [0m [0m [0m [0m [0m [0m [0m [0m [0m [0m [0m [0m [0m [0m
[0m [0m [0m [0m [0m [0m [0m [0m [0m [0m [0m [0m [0m [0m [0m [0m [0m [0m [38;2;0;0;0;48;2;0;0;0m▀[38;2;41;49;74;48;2;41;49;74m▀[38;2;41;49;74;48;2;99;99;123m▀[38;2;0;0;0;48;2;41;49;74m▀[38;2;0;0;0;48;2;41;49;74m▀[38;2;0;0;0m▄[0m [38;2;0;0;0m▄[38;2;0;0;0m▄[38;2;0;0;0;48;2;239;214;82m▀[38;2;0;0;0;48;2;239;214;82m▀[38;2;0;0;0;48;2;239;214;82m▀[38;2;0;0;0;48;2;239;214;82m▀[38;2;239;214;82;48;2;239;214;82m▀[38;2;239;214;82;48;2;239;214;82m▀[38;2;239;214;82;48;2;239;214;82m▀[38;2;239;214;82;48;2;239;214;82m▀[38;2;239;214;82;48;2;239;214;82m▀[38;2;239;214;82;48;2;239;214;82m▀[38;2;239;214;82;48;2;239;214;82m▀[38;2;239;214;82;48;2;239;214;82m▀[38;2;239;214;82;48;2;239;214;82m▀[38;2;239;214;82;48;2;239;214;82m▀[38;2;239;214;82;48;2;239;214;82m▀[38;2;0;0;0;48;2;239;214;82m▀[38;2;0;0;0;48;2;239;214;82m▀[38;2;0;0;0;48;2;239;214;82m▀[38;2;0;0;0m▄[38;2;0;0;0m▄[38;2;0;0;0m▄[38;2;0;0;0m▄[0m [0m [0m [0m [0m [0m [0m [0m [0m [0m [0m [0m [0m [0m [0m [0m [0m [0m [0m [0m [0m [0m [0m [0m [0m [0m [0m [0m
[0m [38;2;0;0;0m▄[38;2;0;0;0m▄[38;2;0;0;0m▄[0m [0m [0m [0m [0m [0m [0m [0m [0m [0m [0m [0m [0m [0m [38;2;0;0;0;48;2;0;0;0m▀[38;2;41;49;74;48;2;41;49;74m▀[38;2;99;99;123;48;2;99;99;123m▀[38;2;99;99;123;48;2;99;99;123m▀[38;2;99;99;123;48;2;99;99;123m▀[38;2;41;49;74;48;2;41;49;74m▀[38;2;0;0;0;48;2;0;0;0m▀[38;2;239;214;82;48;2;239;214;82m▀[38;2;239;214;82;48;2;239;214;82m▀[38;2;239;214;82;48;2;239;214;82m▀[38;2;239;214;82;48;2;239;214;82m▀[38;2;239;214;82;48;2;239;214;82m▀[38;2;239;214;82;48;2;239;214;82m▀[38;2;239;214;82;48;2;239;214;82m▀[38;2;239;214;82;48;2;239;214;82m▀[38;2;239;214;82;48;2;239;214;82m▀[38;2;239;214;82;48;2;239;214;82m▀[38;2;239;214;82;48;2;239;214;82m▀[38;2;239;214;82;48;2;239;214;82m▀[38;2;239;214;82;48;2;239;214;82m▀[38;2;239;214;82;48;2;239;214;82m▀[38;2;239;214;82;48;2;239;214;82m▀[38;2;239;214;82;48;2;239;214;82m▀[38;2;239;214;82;48;2;239;214;82m▀[38;2;239;214;82;48;2;239;214;82m▀[38;2;239;214;82;48;2;239;214;82m▀[38;2;239;214;82;48;2;239;214;82m▀[38;2;239;214;82;48;2;239;214;82m▀[38;2;239;214;82;48;2;239;214;82m▀[38;2;239;214;82;48;2;239;214;82m▀[38;2;239;214;82;48;2;239;214;82m▀[38;2;0;0;0;48;2;0;0;0m▀[0m [0m [0m [0m [0m [0m [0m [0m [0m [0m [0m [0m [38;2;0;0;0m▄[38;2;0;0;0m▄[0m [0m [0m [0m [0m [0m [0m [0m [0m [0m [0m [0m [0m
[38;2;0;0;0;48;2;239;214;82m▀[38;2;239;214;82;48;2;0;0;0m▀[38;2;239;214;82;48;2;0;0;0m▀[38;2;239;214;82;48;2;0;0;0m▀[38;2;0;0;0;48;2;239;214;82m▀[38;2;0;0;0m▄[0m [0m [0m [0m [0m [0m [0m [0m [0m [0m [0m [0m [38;2;0;0;0;48;2;0;0;0m▀[38;2;41;49;74;48;2;41;49;74m▀[38;2;99;99;123;48;2;99;99;123m▀[38;2;99;99;123;48;2;99;99;123m▀[38;2;99;99;123;48;2;99;99;123m▀[38;2;99;99;123;48;2;99;99;123m▀[38;2;16;16;16;48;2;99;99;123m▀[38;2;239;214;82;48;2;16;16;16m▀[38;2;239;214;82;48;2;239;214;82m▀[38;2;239;214;82;48;2;239;214;82m▀[38;2;239;214;82;48;2;239;214;82m▀[38;2;239;214;82;48;2;239;214;82m▀[38;2;239;214;82;48;2;239;214;82m▀[38;2;239;214;82;48;2;239;214;82m▀[38;2;239;214;82;48;2;239;214;82m▀[38;2;239;214;82;48;2;239;214;82m▀[38;2;239;214;82;48;2;239;214;82m▀[38;2;239;214;82;48;2;239;214;82m▀[38;2;239;214;82;48;2;239;214;82m▀[38;2;239;214;82;48;2;239;214;82m▀[38;2;239;214;82;48;2;239;214;82m▀[38;2;239;214;82;48;2;239;214;82m▀[38;2;239;214;82;48;2;239;214;82m▀[38;2;239;214;82;48;2;239;214;82m▀[38;2;239;214;82;48;2;239;214;82m▀[38;2;239;214;82;48;2;239;214;82m▀[38;2;239;214;82;48;2;239;214;82m▀[38;2;239;214;82;48;2;239;214;82m▀[38;2;239;214;82;48;2;239;214;82m▀[38;2;239;214;82;48;2;239;214;82m▀[38;2;239;214;82;48;2;239;214;82m▀[38;2;239;214;82;48;2;239;214;82m▀[38;2;0;0;0;48;2;239;214;82m▀[38;2;0;0;0;48;2;239;214;82m▀[38;2;0;0;0m▄[0m [0m [0m [0m [0m [0m [0m [38;2;0;0;0m▄[38;2;0;0;0;48;2;239;214;82m▀[38;2;239;214;82;48;2;0;0;0m▀[38;2;239;214;82;48;2;0;0;0m▀[38;2;0;0;0;48;2;239;214;82m▀[38;2;0;0;0m▄[0m [0m [0m [0m [0m [0m [0m [0m [0m [0m [0m
[38;2;239;214;82;48;2;0;0;0m▀[38;2;0;0;0;48;2;239;214;82m▀[38;2;0;0;0;48;2;239;214;82m▀[38;2;0;0;0;48;2;239;214;82m▀[38;2;239;214;82;48;2;0;0;0m▀[38;2;0;0;0m▀[0m [0m [0m [0m [0m [0m [0m [0m [0m [0m [0m [38;2;0;0;0m▄[38;2;0;0;0;48;2;239;214;82m▀[38;2;16;16;16;48;2;239;214;82m▀[38;2;99;99;123;48;2;16;16;16m▀[38;2;99;99;123;48;2;99;99;123m▀[38;2;99;99;123;48;2;99;99;123m▀[38;2;99;99;123;48;2;99;99;123m▀[38;2;99;99;123;48;2;181;148;41m▀[38;2;66;66;82;48;2;239;214;82m▀[38;2;16;16;16;48;2;82;82;0m▀[38;2;239;214;82;48;2;239;214;82m▀[38;2;239;214;82;48;2;181;148;41m▀[38;2;239;214;82;48;2;181;148;41m▀[38;2;239;214;82;48;2;181;148;41m▀[38;2;239;214;82;48;2;181;148;41m▀[38;2;181;148;41;48;2;181;148;41m▀[38;2;181;148;41;48;2;181;148;41m▀[38;2;181;148;41;48;2;181;148;41m▀[38;2;181;148;41;48;2;181;148;41m▀[38;2;181;148;41;48;2;181;148;41m▀[38;2;181;148;41;48;2;181;148;41m▀[38;2;181;148;41;48;2;181;148;41m▀[38;2;181;148;41;48;2;181;148;41m▀[38;2;181;148;41;48;2;181;148;41m▀[38;2;181;148;41;48;2;181;148;41m▀[38;2;239;214;82;48;2;181;148;41m▀[38;2;239;214;82;48;2;181;148;41m▀[38;2;239;214;82;48;2;239;214;82m▀[38;2;239;214;82;48;2;239;214;82m▀[38;2;239;214;82;48;2;239;214;82m▀[38;2;239;214;82;48;2;239;214;82m▀[38;2;239;214;82;48;2;239;214;82m▀[38;2;239;214;82;48;2;239;214;82m▀[38;2;239;214;82;48;2;239;214;82m▀[38;2;239;214;82;48;2;239;214;82m▀[38;2;239;214;82;48;2;239;214;82m▀[38;2;0;0;0;48;2;239;214;82m▀[38;2;0;0;0;48;2;239;214;82m▀[38;2;0;0;0m▄[38;2;0;0;0m▄[38;2;0;0;0m▄[38;2;0;0;0m▄[38;2;0;0;0m▄[38;2;0;0;0;48;2;0;0;0m▀[38;2;239;214;82;48;2;0;0;0m▀[38;2;0;0;0;48;2;239;214;82m▀[38;2;0;0;0;48;2;239;214;82m▀[38;2;239;214;82;48;2;0;0;0m▀[38;2;0;0;0m▀[0m [0m [0m [0m [0m [0m [0m [0m [0m [0m [0m
[0m [38;2;0;0;0m▀[38;2;0;0;0m▀[38;2;0;0;0m▀[0m [0m [0m [0m [0m [0m [0m [0m [0m [0m [0m [38;2;0;0;0m▄[38;2;0;0;0;48;2;0;0;0m▀[38;2;239;214;82;48;2;239;214;82m▀[38;2;239;214;82;48;2;239;214;82m▀[38;2;239;214;82;48;2;239;214;82m▀[38;2;16;16;16;48;2;16;16;16m▀[38;2;99;99;123;48;2;99;99;123m▀[38;2;99;99;123;48;2;99;99;123m▀[38;2;239;214;82;48;2;239;214;82m▀[38;2;239;214;82;48;2;239;214;82m▀[38;2;239;214;82;48;2;239;214;82m▀[38;2;239;214;82;48;2;239;214;82m▀[38;2;16;16;16;48;2;16;16;16m▀[38;2;181;148;41;48;2;181;148;41m▀[38;2;181;148;41;48;2;181;148;41m▀[38;2;181;148;41;48;2;181;148;41m▀[38;2;181;148;41;48;2;181;148;41m▀[38;2;181;148;41;48;2;181;148;41m▀[38;2;181;148;41;48;2;181;148;41m▀[38;2;181;148;41;48;2;181;148;41m▀[38;2;181;148;41;48;2;181;148;41m▀[38;2;181;148;41;48;2;181;148;41m▀[38;2;181;148;41;48;2;181;148;41m▀[38;2;181;148;41;48;2;181;148;41m▀[38;2;181;148;41;48;2;181;148;41m▀[38;2;181;148;41;48;2;181;148;41m▀[38;2;181;148;41;48;2;181;148;41m▀[38;2;181;148;41;48;2;181;148;41m▀[38;2;181;148;41;48;2;181;148;41m▀[38;2;181;148;41;48;2;181;148;41m▀[38;2;181;148;41;48;2;181;148;41m▀[38;2;239;214;82;48;2;239;214;82m▀[38;2;239;214;82;48;2;239;214;82m▀[38;2;239;214;82;48;2;239;214;82m▀[38;2;239;214;82;48;2;239;214;82m▀[38;2;239;214;82;48;2;239;214;82m▀[38;2;239;214;82;48;2;239;214;82m▀[38;2;239;214;82;48;2;239;214;82m▀[38;2;239;214;82;48;2;239;214;82m▀[38;2;239;214;82;48;2;239;214;82m▀[38;2;41;49;74;48;2;41;49;74m▀[38;2;16;16;16;48;2;16;16;16m▀[38;2;16;16;16;48;2;16;16;16m▀[38;2;16;16;16;48;2;16;16;16m▀[38;2;16;16;16;48;2;16;16;16m▀[38;2;16;16;16;48;2;16;16;16m▀[38;2;16;16;16;48;2;16;16;16m▀[38;2;0;0;0;48;2;0;0;0m▀[38;2;0;0;0m▀[0m [0m [0m [0m [0m [0m [0m [0m [0m [0m [0m [0m [0m
[0m [0m [0m [0m [38;2;0;0;0m▄[38;2;0;0;0m▄[38;2;0;0;0m▄[0m [0m [0m [0m [0m [0m [0m [38;2;0;0;0;48;2;0;0;0m▀[38;2;239;214;82;48;2;239;214;82m▀[38;2;239;214;82;48;2;239;214;82m▀[38;2;239;214;82;48;2;239;214;82m▀[38;2;239;214;82;48;2;239;214;82m▀[38;2;239;214;82;48;2;239;214;82m▀[38;2;16;16;16;48;2;239;214;82m▀[38;2;82;82;0;48;2;16;16;16m▀[38;2;82;82;0;48;2;16;16;16m▀[38;2;239;214;82;48;2;181;148;41m▀[38;2;239;214;82;48;2;66;66;82m▀[38;2;66;66;82;48;2;66;66;82m▀[38;2;66;66;82;48;2;66;66;82m▀[38;2;16;16;16;48;2;16;16;16m▀[38;2;181;148;41;48;2;181;148;41m▀[38;2;181;148;41;48;2;181;148;41m▀[38;2;181;148;41;48;2;181;148;41m▀[38;2;181;148;41;48;2;181;148;41m▀[38;2;181;148;41;48;2;181;148;41m▀[38;2;181;148;41;48;2;181;148;41m▀[38;2;181;148;41;48;2;181;148;41m▀[38;2;181;148;41;48;2;181;148;41m▀[38;2;181;148;41;48;2;181;148;41m▀[38;2;181;148;41;48;2;181;148;41m▀[38;2;181;148;41;48;2;181;148;41m▀[38;2;181;148;41;48;2;181;148;41m▀[38;2;181;148;41;48;2;181;148;41m▀[38;2;181;148;41;48;2;181;148;41m▀[38;2;181;148;41;48;2;181;148;41m▀[38;2;181;148;41;48;2;181;148;41m▀[38;2;181;148;41;48;2;181;148;41m▀[38;2;181;148;41;48;2;181;148;41m▀[38;2;181;148;41;48;2;181;148;41m▀[38;2;181;148;41;48;2;181;148;41m▀[38;2;181;148;41;48;2;181;148;41m▀[38;2;239;214;82;48;2;82;82;0m▀[38;2;239;214;82;48;2;82;82;0m▀[38;2;16;16;16;48;2;239;214;82m▀[38;2;16;16;16;48;2;239;214;82m▀[38;2;41;49;74;48;2;239;214;82m▀[38;2;41;49;74;48;2;239;214;82m▀[38;2;99;99;123;48;2;99;99;123m▀[38;2;99;99;123;48;2;99;99;123m▀[38;2;99;99;123;48;2;99;99;123m▀[38;2;99;99;123;48;2;66;66;82m▀[38;2;99;99;123;48;2;41;49;74m▀[38;2;99;99;123;48;2;41;49;74m▀[38;2;41;49;74;48;2;0;0;0m▀[38;2;0;0;0m▀[0m [0m [0m [0m [0m [0m [0m [0m [0m [0m [0m [0m [0m [0m
[0m [38;2;0;0;0m▄[38;2;0;0;0;48;2;239;214;82m▀[38;2;0;0;0;48;2;239;214;82m▀[38;2;239;214;82;48;2;239;214;82m▀[38;2;239;214;82;48;2;0;0;0m▀[38;2;239;214;82;48;2;239;214;82m▀[38;2;0;0;0;48;2;239;214;82m▀[38;2;0;0;0m▄[0m [0m [0m [38;2;0;0;0m▄[38;2;0;0;0;48;2;239;214;82m▀[38;2;239;214;82;48;2;239;214;82m▀[38;2;239;214;82;48;2;239;214;82m▀[38;2;239;214;82;48;2;239;214;82m▀[38;2;239;214;82;48;2;239;214;82m▀[38;2;239;214;82;48;2;239;214;82m▀[38;2;239;214;82;48;2;239;214;82m▀[38;2;239;214;82;48;2;181;148;41m▀[38;2;16;16;16;48;2;181;148;41m▀[38;2;16;16;16;48;2;181;148;41m▀[38;2;41;49;74;48;2;16;16;16m▀[38;2;66;66;82;48;2;41;49;74m▀[38;2;66;66;82;48;2;41;49;74m▀[38;2;41;49;74;48;2;41;49;74m▀[38;2;41;49;74;48;2;41;49;74m▀[38;2;16;16;16;48;2;16;16;16m▀[38;2;16;16;16;48;2;16;16;16m▀[38;2;181;148;41;48;2;181;148;41m▀[38;2;181;148;41;48;2;41;49;74m▀[38;2;181;148;41;48;2;41;49;74m▀[38;2;181;148;41;48;2;41;49;74m▀[38;2;181;148;41;48;2;41;49;74m▀[38;2;181;148;41;48;2;41;49;74m▀[38;2;181;148;41;48;2;41;49;74m▀[38;2;181;148;41;48;2;41;49;74m▀[38;2;181;148;41;48;2;41;49;74m▀[38;2;181;148;41;48;2;181;148;41m▀[38;2;181;148;41;48;2;181;148;41m▀[38;2;181;148;41;48;2;181;148;41m▀[38;2;181;148;41;48;2;181;148;41m▀[38;2;181;148;41;48;2;181;148;41m▀[38;2;181;148;41;48;2;181;148;41m▀[38;2;181;148;41;48;2;181;148;41m▀[38;2;181;148;41;48;2;16;16;16m▀[38;2;16;16;16;48;2;66;66;82m▀[38;2;16;16;16;48;2;66;66;82m▀[38;2;66;66;82;48;2;66;66;82m▀[38;2;66;66;82;48;2;66;66;82m▀[38;2;99;99;123;48;2;66;66;82m▀[38;2;239;214;82;48;2;181;148;41m▀[38;2;239;214;82;48;2;181;148;41m▀[38;2;239;214;82;48;2;181;148;41m▀[38;2;181;148;41;48;2;181;148;41m▀[38;2;66;66;82;48;2;66;66;82m▀[38;2;66;66;82;48;2;16;16;16m▀[38;2;16;16;16;48;2;239;214;82m▀[38;2;0;0;0;48;2;0;0;0m▀[38;2;0;0;0m▀[0m [0m [0m [0m [0m [0m [0m [0m [0m [0m [0m [0m [0m [0m [0m [0m
[0m [38;2;0;0;0;48;2;0;0;0m▀[38;2;239;214;82;48;2;239;214;82m▀[38;2;239;214;82;48;2;239;214;82m▀[38;2;0;0;0;48;2;0;0;0m▀[0m [38;2;0;0;0;48;2;0;0;0m▀[38;2;239;214;82;48;2;239;214;82m▀[38;2;0;0;0;48;2;0;0;0m▀[0m [0m [0m [38;2;0;0;0;48;2;0;0;0m▀[38;2;239;214;82;48;2;239;214;82m▀[38;2;239;214;82;48;2;239;214;82m▀[38;2;239;214;82;48;2;239;214;82m▀[38;2;239;214;82;48;2;239;214;82m▀[38;2;239;214;82;48;2;239;214;82m▀[38;2;239;214;82;48;2;239;214;82m▀[38;2;239;214;82;48;2;239;214;82m▀[38;2;181;148;41;48;2;181;148;41m▀[38;2;181;148;41;48;2;181;148;41m▀[38;2;181;148;41;48;2;181;148;41m▀[38;2;181;148;41;48;2;181;148;41m▀[38;2;16;16;16;48;2;16;16;16m▀[38;2;41;49;74;48;2;41;49;74m▀[38;2;41;49;74;48;2;41;49;74m▀[38;2;41;49;74;48;2;41;49;74m▀[38;2;16;16;16;48;2;16;16;16m▀[38;2;16;16;16;48;2;16;16;16m▀[38;2;16;16;16;48;2;16;16;16m▀[38;2;66;66;82;48;2;66;66;82m▀[38;2;66;66;82;48;2;66;66;82m▀[38;2;66;66;82;48;2;66;66;82m▀[38;2;99;99;123;48;2;99;99;123m▀[38;2;99;99;123;48;2;99;99;123m▀[38;2;99;99;123;48;2;99;99;123m▀[38;2;99;99;123;48;2;99;99;123m▀[38;2;99;99;123;48;2;99;99;123m▀[38;2;41;49;74;48;2;41;49;74m▀[38;2;41;49;74;48;2;41;49;74m▀[38;2;41;49;74;48;2;41;49;74m▀[38;2;41;49;74;48;2;41;49;74m▀[38;2;181;148;41;48;2;181;148;41m▀[38;2;181;148;41;48;2;181;148;41m▀[38;2;16;16;16;48;2;16;16;16m▀[38;2;41;49;74;48;2;41;49;74m▀[38;2;41;49;74;48;2;41;49;74m▀[38;2;41;49;74;48;2;41;49;74m▀[38;2;66;66;82;48;2;66;66;82m▀[38;2;66;66;82;48;2;66;66;82m▀[38;2;66;66;82;48;2;66;66;82m▀[38;2;66;66;82;48;2;66;66;82m▀[38;2;181;148;41;48;2;181;148;41m▀[38;2;181;148;41;48;2;181;148;41m▀[38;2;181;148;41;48;2;181;148;41m▀[38;2;16;16;16;48;2;16;16;16m▀[38;2;239;214;82;48;2;239;214;82m▀[38;2;239;214;82;48;2;239;214;82m▀[38;2;0;0;0;48;2;0;0;0m▀[38;2;0;0;0m▄[0m [0m [0m [0m [0m [0m [0m [0m [0m [0m [0m [0m [0m [0m [0m [0m
[0m [38;2;0;0;0m▀[38;2;239;214;82;48;2;0;0;0m▀[38;2;239;214;82;48;2;0;0;0m▀[38;2;239;214;82;48;2;239;214;82m▀[38;2;0;0;0;48;2;239;214;82m▀[38;2;239;214;82;48;2;239;214;82m▀[38;2;239;214;82;48;2;0;0;0m▀[38;2;0;0;0m▀[0m [0m [38;2;0;0;0;48;2;0;0;0m▀[38;2;239;214;82;48;2;239;214;82m▀[38;2;239;214;82;48;2;239;214;82m▀[38;2;239;214;82;48;2;239;214;82m▀[38;2;239;214;82;48;2;239;214;82m▀[38;2;239;214;82;48;2;239;214;82m▀[38;2;239;214;82;48;2;239;214;82m▀[38;2;239;214;82;48;2;181;148;41m▀[38;2;181;148;41;48;2;181;148;41m▀[38;2;181;148;41;48;2;181;148;41m▀[38;2;181;148;41;48;2;181;148;41m▀[38;2;181;148;41;48;2;181;148;41m▀[38;2;181;148;41;48;2;181;148;41m▀[38;2;181;148;41;48;2;181;148;41m▀[38;2;16;16;16;48;2;16;16;16m▀[38;2;16;16;16;48;2;41;49;74m▀[38;2;16;16;16;48;2;66;66;82m▀[38;2;66;66;82;48;2;66;66;82m▀[38;2;66;66;82;48;2;66;66;82m▀[38;2;66;66;82;48;2;239;214;82m▀[38;2;239;214;82;48;2;66;66;82m▀[38;2;239;214;82;48;2;99;99;123m▀[38;2;239;214;82;48;2;181;148;41m▀[38;2;99;99;123;48;2;239;214;82m▀[38;2;99;99;123;48;2;239;214;82m▀[38;2;99;99;123;48;2;99;99;123m▀[38;2;99;99;123;48;2;99;99;123m▀[38;2;99;99;123;48;2;99;99;123m▀[38;2;99;99;123;48;2;99;99;123m▀[38;2;66;66;82;48;2;99;99;123m▀[38;2;66;66;82;48;2;99;99;123m▀[38;2;41;49;74;48;2;66;66;82m▀[38;2;41;49;74;48;2;66;66;82m▀[38;2;16;16;16;48;2;41;49;74m▀[38;2;41;49;74;48;2;41;49;74m▀[38;2;41;49;74;48;2;41;49;74m▀[38;2;41;49;74;48;2;41;49;74m▀[38;2;41;49;74;48;2;41;49;74m▀[38;2;41;49;74;48;2;41;49;74m▀[38;2;41;49;74;48;2;41;49;74m▀[38;2;66;66;82;48;2;41;49;74m▀[38;2;66;66;82;48;2;16;16;16m▀[38;2;181;148;41;48;2;16;16;16m▀[38;2;181;148;41;48;2;16;16;16m▀[38;2;16;16;16;48;2;239;214;82m▀[38;2;239;214;82;48;2;239;214;82m▀[38;2;239;214;82;48;2;239;214;82m▀[38;2;239;214;82;48;2;239;214;82m▀[38;2;239;214;82;48;2;239;214;82m▀[38;2;239;214;82;48;2;239;214;82m▀[38;2;0;0;0;48;2;0;0;0m▀[0m [0m [0m [0m [0m [0m [0m [0m [0m [0m [0m [0m [0m [0m [0m
[0m [0m [0m [0m [38;2;0;0;0m▀[38;2;0;0;0m▀[38;2;0;0;0m▀[0m [0m [0m [38;2;0;0;0;48;2;0;0;0m▀[38;2;239;214;82;48;2;239;214;82m▀[38;2;239;214;82;48;2;239;214;82m▀[38;2;239;214;82;48;2;239;214;82m▀[38;2;239;214;82;48;2;239;214;82m▀[38;2;239;214;82;48;2;239;214;82m▀[38;2;239;214;82;48;2;239;214;82m▀[38;2;239;214;82;48;2;181;148;41m▀[38;2;181;148;41;48;2;181;148;41m▀[38;2;181;148;41;48;2;181;148;41m▀[38;2;181;148;41;48;2;181;148;41m▀[38;2;181;148;41;48;2;181;148;41m▀[38;2;181;148;41;48;2;181;148;41m▀[38;2;181;148;41;48;2;16;16;16m▀[38;2;16;16;16;48;2;41;49;74m▀[38;2;41;49;74;48;2;41;49;74m▀[38;2;41;49;74;48;2;41;49;74m▀[38;2;66;66;82;48;2;66;66;82m▀[38;2;239;214;82;48;2;239;214;82m▀[38;2;239;214;82;48;2;239;214;82m▀[38;2;181;148;41;48;2;66;66;82m▀[38;2;66;66;82;48;2;66;66;82m▀[38;2;66;66;82;48;2;66;66;82m▀[38;2;99;99;123;48;2;66;66;82m▀[38;2;239;214;82;48;2;239;214;82m▀[38;2;239;214;82;48;2;239;214;82m▀[38;2;239;214;82;48;2;181;148;41m▀[38;2;99;99;123;48;2;99;99;123m▀[38;2;99;99;123;48;2;99;99;123m▀[38;2;99;99;123;48;2;99;99;123m▀[38;2;99;99;123;48;2;66;66;82m▀[38;2;99;99;123;48;2;66;66;82m▀[38;2;66;66;82;48;2;66;66;82m▀[38;2;41;49;74;48;2;41;49;74m▀[38;2;41;49;74;48;2;16;16;16m▀[38;2;41;49;74;48;2;16;16;16m▀[38;2;41;49;74;48;2;16;16;16m▀[38;2;41;49;74;48;2;16;16;16m▀[38;2;41;49;74;48;2;16;16;16m▀[38;2;16;16;16;48;2;181;148;41m▀[38;2;16;16;16;48;2;181;148;41m▀[38;2;16;16;16;48;2;181;148;41m▀[38;2;181;148;41;48;2;181;148;41m▀[38;2;181;148;41;48;2;181;148;41m▀[38;2;181;148;41;48;2;181;148;41m▀[38;2;239;214;82;48;2;181;148;41m▀[38;2;239;214;82;48;2;239;214;82m▀[38;2;239;214;82;48;2;239;214;82m▀[38;2;239;214;82;48;2;239;214;82m▀[38;2;239;214;82;48;2;239;214;82m▀[38;2;239;214;82;48;2;239;214;82m▀[38;2;239;214;82;48;2;239;214;82m▀[38;2;0;0;0;48;2;0;0;0m▀[0m [0m [0m [0m [0m [0m [0m [0m [0m [0m [0m [0m [0m [0m
[0m [0m [0m [0m [0m [0m [0m [0m [0m [38;2;0;0;0m▄[38;2;0;0;0;48;2;0;0;0m▀[38;2;239;214;82;48;2;239;214;82m▀[38;2;239;214;82;48;2;239;214;82m▀[38;2;239;214;82;48;2;239;214;82m▀[38;2;239;214;82;48;2;239;214;82m▀[38;2;239;214;82;48;2;239;214;82m▀[38;2;239;214;82;48;2;239;214;82m▀[38;2;181;148;41;48;2;181;148;41m▀[38;2;181;148;41;48;2;181;148;41m▀[38;2;181;148;41;48;2;181;148;41m▀[38;2;181;148;41;48;2;181;148;41m▀[38;2;16;16;16;48;2;16;16;16m▀[38;2;16;16;16;48;2;16;16;16m▀[38;2;41;49;74;48;2;41;49;74m▀[38;2;41;49;74;48;2;41;49;74m▀[38;2;41;49;74;48;2;41;49;74m▀[38;2;41;49;74;48;2;41;49;74m▀[38;2;41;49;74;48;2;41;49;74m▀[38;2;66;66;82;48;2;66;66;82m▀[38;2;66;66;82;48;2;66;66;82m▀[38;2;181;148;41;48;2;181;148;41m▀[38;2;66;66;82;48;2;66;66;82m▀[38;2;66;66;82;48;2;66;66;82m▀[38;2;66;66;82;48;2;66;66;82m▀[38;2;239;214;82;48;2;239;214;82m▀[38;2;239;214;82;48;2;239;214;82m▀[38;2;66;66;82;48;2;66;66;82m▀[38;2;66;66;82;48;2;66;66;82m▀[38;2;66;66;82;48;2;66;66;82m▀[38;2;66;66;82;48;2;66;66;82m▀[38;2;66;66;82;48;2;66;66;82m▀[38;2;66;66;82;48;2;66;66;82m▀[38;2;66;66;82;48;2;66;66;82m▀[38;2;41;49;74;48;2;41;49;74m▀[38;2;41;49;74;48;2;41;49;74m▀[38;2;41;49;74;48;2;41;49;74m▀[38;2;41;49;74;48;2;41;49;74m▀[38;2;16;16;16;48;2;16;16;16m▀[38;2;16;16;16;48;2;16;16;16m▀[38;2;181;148;41;48;2;181;148;41m▀[38;2;181;148;41;48;2;181;148;41m▀[38;2;181;148;41;48;2;181;148;41m▀[38;2;181;148;41;48;2;181;148;41m▀[38;2;181;148;41;48;2;181;148;41m▀[38;2;181;148;41;48;2;181;148;41m▀[38;2;181;148;41;48;2;181;148;41m▀[38;2;239;214;82;48;2;239;214;82m▀[38;2;239;214;82;48;2;239;214;82m▀[38;2;239;214;82;48;2;239;214;82m▀[38;2;239;214;82;48;2;239;214;82m▀[38;2;239;214;82;48;2;239;214;82m▀[38;2;239;214;82;48;2;239;214;82m▀[38;2;0;0;0;48;2;0;0;0m▀[0m [0m [0m [0m [0m [0m [0m [0m [0m [0m [0m [0m [0m [0m
[0m [0m [0m [0m [0m [0m [0m [0m [38;2;0;0;0;48;2;0;0;0m▀[38;2;239;214;82;48;2;239;214;82m▀[38;2;239;214;82;48;2;239;214;82m▀[38;2;239;214;82;48;2;239;214;82m▀[38;2;239;214;82;48;2;239;214;82m▀[38;2;239;214;82;48;2;239;214;82m▀[38;2;239;214;82;48;2;239;214;82m▀[38;2;239;214;82;48;2;181;148;41m▀[38;2;239;214;82;48;2;181;148;41m▀[38;2;181;148;41;48;2;181;148;41m▀[38;2;181;148;41;48;2;181;148;41m▀[38;2;181;148;41;48;2;181;148;41m▀[38;2;181;148;41;48;2;16;16;16m▀[38;2;16;16;16;48;2;173;66;74m▀[38;2;16;16;16;48;2;173;66;74m▀[38;2;16;16;16;48;2;173;66;74m▀[38;2;16;16;16;48;2;255;239;222m▀[38;2;41;49;74;48;2;255;239;222m▀[38;2;41;49;74;48;2;41;49;74m▀[38;2;41;49;74;48;2;41;49;74m▀[38;2;41;49;74;48;2;41;49;74m▀[38;2;41;49;74;48;2;41;49;74m▀[38;2;239;214;82;48;2;41;49;74m▀[38;2;181;148;41;48;2;239;214;82m▀[38;2;66;66;82;48;2;181;148;41m▀[38;2;239;214;82;48;2;181;148;41m▀[38;2;181;148;41;48;2;66;66;82m▀[38;2;181;148;41;48;2;66;66;82m▀[38;2;66;66;82;48;2;66;66;82m▀[38;2;66;66;82;48;2;66;66;82m▀[38;2;66;66;82;48;2;41;49;74m▀[38;2;66;66;82;48;2;41;49;74m▀[38;2;66;66;82;48;2;16;16;16m▀[38;2;66;66;82;48;2;16;16;16m▀[38;2;41;49;74;48;2;16;16;16m▀[38;2;41;49;74;48;2;16;16;16m▀[38;2;41;49;74;48;2;16;16;16m▀[38;2;41;49;74;48;2;16;16;16m▀[38;2;41;49;74;48;2;41;49;74m▀[38;2;41;49;74;48;2;41;49;74m▀[38;2;41;49;74;48;2;41;49;74m▀[38;2;16;16;16;48;2;16;16;16m▀[38;2;181;148;41;48;2;181;148;41m▀[38;2;181;148;41;48;2;181;148;41m▀[38;2;181;148;41;48;2;181;148;41m▀[38;2;181;148;41;48;2;181;148;41m▀[38;2;181;148;41;48;2;181;148;41m▀[38;2;181;148;41;48;2;181;148;41m▀[38;2;239;214;82;48;2;181;148;41m▀[38;2;239;214;82;48;2;239;214;82m▀[38;2;239;214;82;48;2;239;214;82m▀[38;2;239;214;82;48;2;239;214;82m▀[38;2;239;214;82;48;2;239;214;82m▀[38;2;239;214;82;48;2;239;214;82m▀[38;2;239;214;82;48;2;239;214;82m▀[38;2;0;0;0;48;2;0;0;0m▀[0m [0m [0m [0m [0m [38;2;0;0;0m▄[38;2;0;0;0;48;2;239;214;82m▀[38;2;0;0;0;48;2;239;214;82m▀[38;2;0;0;0;48;2;239;214;82m▀[38;2;0;0;0;48;2;239;214;82m▀[38;2;0;0;0m▄[0m [0m
[0m [0m [0m [0m [0m [0m [0m [0m [38;2;0;0;0;48;2;0;0;0m▀[38;2;239;214;82;48;2;239;214;82m▀[38;2;239;214;82;48;2;239;214;82m▀[38;2;239;214;82;48;2;239;214;82m▀[38;2;239;214;82;48;2;239;214;82m▀[38;2;239;214;82;48;2;239;214;82m▀[38;2;239;214;82;48;2;239;214;82m▀[38;2;181;148;41;48;2;181;148;41m▀[38;2;181;148;41;48;2;181;148;41m▀[38;2;181;148;41;48;2;181;148;41m▀[38;2;181;148;41;48;2;181;148;41m▀[38;2;181;148;41;48;2;181;148;41m▀[38;2;16;16;16;48;2;16;16;16m▀[38;2;173;66;74;48;2;173;66;74m▀[38;2;173;66;74;48;2;173;66;74m▀[38;2;173;66;74;48;2;107;33;16m▀[38;2;107;33;16;48;2;107;33;16m▀[38;2;255;239;222;48;2;16;16;16m▀[38;2;255;239;222;48;2;173;66;74m▀[38;2;107;33;16;48;2;107;33;16m▀[38;2;41;49;74;48;2;107;33;16m▀[38;2;41;49;74;48;2;107;33;16m▀[38;2;41;49;74;48;2;41;49;74m▀[38;2;41;49;74;48;2;41;49;74m▀[38;2;41;49;74;48;2;41;49;74m▀[38;2;41;49;74;48;2;41;49;74m▀[38;2;41;49;74;48;2;41;49;74m▀[38;2;41;49;74;48;2;41;49;74m▀[38;2;41;49;74;48;2;107;33;16m▀[38;2;41;49;74;48;2;107;33;16m▀[38;2;173;66;74;48;2;255;239;222m▀[38;2;255;239;222;48;2;255;239;222m▀[38;2;255;239;222;48;2;107;33;16m▀[38;2;255;239;222;48;2;107;33;16m▀[38;2;173;66;74;48;2;173;66;74m▀[38;2;173;66;74;48;2;173;66;74m▀[38;2;16;16;16;48;2;16;16;16m▀[38;2;41;49;74;48;2;41;49;74m▀[38;2;41;49;74;48;2;41;49;74m▀[38;2;41;49;74;48;2;41;49;74m▀[38;2;41;49;74;48;2;41;49;74m▀[38;2;16;16;16;48;2;41;49;74m▀[38;2;181;148;41;48;2;16;16;16m▀[38;2;181;148;41;48;2;181;148;41m▀[38;2;181;148;41;48;2;181;148;41m▀[38;2;181;148;41;48;2;181;148;41m▀[38;2;181;148;41;48;2;181;148;41m▀[38;2;181;148;41;48;2;181;148;41m▀[38;2;181;148;41;48;2;181;148;41m▀[38;2;239;214;82;48;2;239;214;82m▀[38;2;239;214;82;48;2;239;214;82m▀[38;2;239;214;82;48;2;239;214;82m▀[38;2;239;214;82;48;2;239;214;82m▀[38;2;239;214;82;48;2;239;214;82m▀[38;2;239;214;82;48;2;239;214;82m▀[38;2;0;0;0;48;2;0;0;0m▀[0m [0m [0m [38;2;0;0;0m▄[38;2;0;0;0;48;2;239;214;82m▀[38;2;239;214;82;48;2;239;214;82m▀[38;2;239;214;82;48;2;239;214;82m▀[38;2;239;214;82;48;2;0;0;0m▀[38;2;239;214;82;48;2;239;214;82m▀[38;2;239;214;82;48;2;239;214;82m▀[38;2;239;214;82;48;2;239;214;82m▀[38;2;0;0;0;48;2;239;214;82m▀[0m
[0m [0m [0m [0m [0m [0m [0m [0m [38;2;0;0;0;48;2;0;0;0m▀[38;2;239;214;82;48;2;239;214;82m▀[38;2;239;214;82;48;2;239;214;82m▀[38;2;239;214;82;48;2;239;214;82m▀[38;2;239;214;82;48;2;239;214;82m▀[38;2;239;214;82;48;2;239;214;82m▀[38;2;239;214;82;48;2;239;214;82m▀[38;2;181;148;41;48;2;181;148;41m▀[38;2;181;148;41;48;2;181;148;41m▀[38;2;181;148;41;48;2;181;148;41m▀[38;2;181;148;41;48;2;181;148;41m▀[38;2;16;16;16;48;2;16;16;16m▀[38;2;41;49;74;48;2;41;49;74m▀[38;2;16;16;16;48;2;16;16;16m▀[38;2;16;16;16;48;2;16;16;16m▀[38;2;107;33;16;48;2;107;33;16m▀[38;2;107;33;16;48;2;173;66;74m▀[38;2;16;16;16;48;2;16;16;16m▀[38;2;16;16;16;48;2;16;16;16m▀[38;2;107;33;16;48;2;107;33;16m▀[38;2;107;33;16;48;2;41;49;74m▀[38;2;107;33;16;48;2;41;49;74m▀[38;2;41;49;74;48;2;41;49;74m▀[38;2;41;49;74;48;2;41;49;74m▀[38;2;41;49;74;48;2;41;49;74m▀[38;2;41;49;74;48;2;41;49;74m▀[38;2;107;33;16;48;2;107;33;16m▀[38;2;107;33;16;48;2;107;33;16m▀[38;2;107;33;16;48;2;107;33;16m▀[38;2;173;66;74;48;2;16;16;16m▀[38;2;16;16;16;48;2;16;16;16m▀[38;2;107;33;16;48;2;107;33;16m▀[38;2;107;33;16;48;2;107;33;16m▀[38;2;107;33;16;48;2;107;33;16m▀[38;2;107;33;16;48;2;107;33;16m▀[38;2;173;66;74;48;2;16;16;16m▀[38;2;16;16;16;48;2;41;49;74m▀[38;2;41;49;74;48;2;41;49;74m▀[38;2;41;49;74;48;2;41;49;74m▀[38;2;41;49;74;48;2;41;49;74m▀[38;2;41;49;74;48;2;41;49;74m▀[38;2;41;49;74;48;2;41;49;74m▀[38;2;16;16;16;48;2;16;16;16m▀[38;2;181;148;41;48;2;181;148;41m▀[38;2;181;148;41;48;2;181;148;41m▀[38;2;181;148;41;48;2;181;148;41m▀[38;2;181;148;41;48;2;181;148;41m▀[38;2;181;148;41;48;2;181;148;41m▀[38;2;181;148;41;48;2;181;148;41m▀[38;2;239;214;82;48;2;239;214;82m▀[38;2;239;214;82;48;2;239;214;82m▀[38;2;239;214;82;48;2;239;214;82m▀[38;2;239;214;82;48;2;239;214;82m▀[38;2;239;214;82;48;2;239;214;82m▀[38;2;239;214;82;48;2;239;214;82m▀[38;2;0;0;0;48;2;0;0;0m▀[0m [0m [0m [38;2;0;0;0;48;2;0;0;0m▀[38;2;239;214;82;48;2;239;214;82m▀[38;2;239;214;82;48;2;239;214;82m▀[38;2;0;0;0;48;2;239;214;82m▀[38;2;0;0;0m▄[38;2;0;0;0;48;2;239;214;82m▀[38;2;0;0;0;48;2;239;214;82m▀[38;2;239;214;82;48;2;239;214;82m▀[38;2;239;214;82;48;2;239;214;82m▀[0m
[0m [0m [0m [0m [0m [0m [0m [0m [38;2;0;0;0;48;2;0;0;0m▀[38;2;239;214;82;48;2;239;214;82m▀[38;2;239;214;82;48;2;239;214;82m▀[38;2;239;214;82;48;2;239;214;82m▀[38;2;239;214;82;48;2;239;214;82m▀[38;2;239;214;82;48;2;239;214;82m▀[38;2;239;214;82;48;2;239;214;82m▀[38;2;181;148;41;48;2;181;148;41m▀[38;2;181;148;41;48;2;181;148;41m▀[38;2;181;148;41;48;2;181;148;41m▀[38;2;181;148;41;48;2;181;148;41m▀[38;2;16;16;16;48;2;16;16;16m▀[38;2;41;49;74;48;2;41;49;74m▀[38;2;16;16;16;48;2;41;49;74m▀[38;2;16;16;16;48;2;41;49;74m▀[38;2;107;33;16;48;2;16;16;16m▀[38;2;173;66;74;48;2;173;66;74m▀[38;2;16;16;16;48;2;16;16;16m▀[38;2;16;16;16;48;2;107;33;16m▀[38;2;107;33;16;48;2;16;16;16m▀[38;2;41;49;74;48;2;41;49;74m▀[38;2;41;49;74;48;2;41;49;74m▀[38;2;41;49;74;48;2;41;49;74m▀[38;2;41;49;74;48;2;41;49;74m▀[38;2;41;49;74;48;2;41;49;74m▀[38;2;41;49;74;48;2;41;49;74m▀[38;2;107;33;16;48;2;41;49;74m▀[38;2;107;33;16;48;2;41;49;74m▀[38;2;107;33;16;48;2;107;33;16m▀[38;2;16;16;16;48;2;16;16;16m▀[38;2;16;16;16;48;2;16;16;16m▀[38;2;107;33;16;48;2;107;33;16m▀[38;2;107;33;16;48;2;173;66;74m▀[38;2;107;33;16;48;2;173;66;74m▀[38;2;107;33;16;48;2;107;33;16m▀[38;2;16;16;16;48;2;16;16;16m▀[38;2;41;49;74;48;2;41;49;74m▀[38;2;41;49;74;48;2;41;49;74m▀[38;2;41;49;74;48;2;41;49;74m▀[38;2;41;49;74;48;2;41;49;74m▀[38;2;41;49;74;48;2;41;49;74m▀[38;2;41;49;74;48;2;41;49;74m▀[38;2;16;16;16;48;2;16;16;16m▀[38;2;181;148;41;48;2;181;148;41m▀[38;2;181;148;41;48;2;181;148;41m▀[38;2;181;148;41;48;2;181;148;41m▀[38;2;181;148;41;48;2;181;148;41m▀[38;2;181;148;41;48;2;181;148;41m▀[38;2;181;148;41;48;2;181;148;41m▀[38;2;239;214;82;48;2;239;214;82m▀[38;2;239;214;82;48;2;239;214;82m▀[38;2;239;214;82;48;2;239;214;82m▀[38;2;239;214;82;48;2;239;214;82m▀[38;2;239;214;82;48;2;239;214;82m▀[38;2;239;214;82;48;2;239;214;82m▀[38;2;0;0;0;48;2;0;0;0m▀[0m [0m [0m [38;2;0;0;0m▀[38;2;239;214;82;48;2;0;0;0m▀[38;2;239;214;82;48;2;239;214;82m▀[38;2;239;214;82;48;2;239;214;82m▀[38;2;0;0;0;48;2;239;214;82m▀[38;2;239;214;82;48;2;239;214;82m▀[38;2;239;214;82;48;2;239;214;82m▀[38;2;239;214;82;48;2;239;214;82m▀[38;2;239;214;82;48;2;0;0;0m▀[0m
[0m [0m [0m [0m [0m [0m [0m [0m [38;2;0;0;0;48;2;0;0;0m▀[38;2;239;214;82;48;2;239;214;82m▀[38;2;239;214;82;48;2;239;214;82m▀[38;2;239;214;82;48;2;239;214;82m▀[38;2;239;214;82;48;2;239;214;82m▀[38;2;239;214;82;48;2;239;214;82m▀[38;2;239;214;82;48;2;239;214;82m▀[38;2;181;148;41;48;2;181;148;41m▀[38;2;181;148;41;48;2;181;148;41m▀[38;2;181;148;41;48;2;181;148;41m▀[38;2;181;148;41;48;2;181;148;41m▀[38;2;16;16;16;48;2;16;16;16m▀[38;2;41;49;74;48;2;41;49;74m▀[38;2;41;49;74;48;2;41;49;74m▀[38;2;41;49;74;48;2;41;49;74m▀[38;2;41;49;74;48;2;41;49;74m▀[38;2;16;16;16;48;2;41;49;74m▀[38;2;16;16;16;48;2;41;49;74m▀[38;2;16;16;16;48;2;41;49;74m▀[38;2;41;49;74;48;2;41;49;74m▀[38;2;41;49;74;48;2;41;49;74m▀[38;2;41;49;74;48;2;41;49;74m▀[38;2;41;49;74;48;2;41;49;74m▀[38;2;41;49;74;48;2;41;49;74m▀[38;2;41;49;74;48;2;41;49;74m▀[38;2;41;49;74;48;2;41;49;74m▀[38;2;41;49;74;48;2;41;49;74m▀[38;2;41;49;74;48;2;41;49;74m▀[38;2;16;16;16;48;2;41;49;74m▀[38;2;107;33;16;48;2;16;16;16m▀[38;2;16;16;16;48;2;16;16;16m▀[38;2;107;33;16;48;2;16;16;16m▀[38;2;173;66;74;48;2;16;16;16m▀[38;2;173;66;74;48;2;16;16;16m▀[38;2;16;16;16;48;2;41;49;74m▀[38;2;41;49;74;48;2;41;49;74m▀[38;2;41;49;74;48;2;41;49;74m▀[38;2;41;49;74;48;2;41;49;74m▀[38;2;41;49;74;48;2;41;49;74m▀[38;2;41;49;74;48;2;41;49;74m▀[38;2;41;49;74;48;2;41;49;74m▀[38;2;41;49;74;48;2;41;49;74m▀[38;2;16;16;16;48;2;16;16;16m▀[38;2;181;148;41;48;2;181;148;41m▀[38;2;181;148;41;48;2;181;148;41m▀[38;2;181;148;41;48;2;181;148;41m▀[38;2;181;148;41;48;2;181;148;41m▀[38;2;181;148;41;48;2;181;148;41m▀[38;2;181;148;41;48;2;181;148;41m▀[38;2;239;214;82;48;2;239;214;82m▀[38;2;239;214;82;48;2;239;214;82m▀[38;2;239;214;82;48;2;239;214;82m▀[38;2;239;214;82;48;2;239;214;82m▀[38;2;239;214;82;48;2;239;214;82m▀[38;2;239;214;82;48;2;239;214;82m▀[38;2;0;0;0;48;2;0;0;0m▀[0m [0m [0m [0m [0m [38;2;0;0;0m▀[38;2;239;214;82;48;2;0;0;0m▀[38;2;239;214;82;48;2;0;0;0m▀[38;2;239;214;82;48;2;0;0;0m▀[38;2;239;214;82;48;2;0;0;0m▀[38;2;0;0;0m▀[0m [0m
[0m [0m [0m [0m [0m [0m [0m [0m [38;2;0;0;0m▀[38;2;239;214;82;48;2;0;0;0m▀[38;2;239;214;82;48;2;0;0;0m▀[38;2;239;214;82;48;2;239;214;82m▀[38;2;239;214;82;48;2;239;214;82m▀[38;2;239;214;82;48;2;239;214;82m▀[38;2;239;214;82;48;2;239;214;82m▀[38;2;239;214;82;48;2;239;214;82m▀[38;2;239;214;82;48;2;239;214;82m▀[38;2;181;148;41;48;2;181;148;41m▀[38;2;181;148;41;48;2;181;148;41m▀[38;2;181;148;41;48;2;181;148;41m▀[38;2;16;16;16;48;2;16;16;16m▀[38;2;41;49;74;48;2;41;49;74m▀[38;2;41;49;74;48;2;41;49;74m▀[38;2;41;49;74;48;2;41;49;74m▀[38;2;41;49;74;48;2;41;49;74m▀[38;2;41;49;74;48;2;41;49;74m▀[38;2;41;49;74;48;2;41;49;74m▀[38;2;41;49;74;48;2;41;49;74m▀[38;2;16;16;16;48;2;41;49;74m▀[38;2;16;16;16;48;2;41;49;74m▀[38;2;16;16;16;48;2;16;16;16m▀[38;2;16;16;16;48;2;16;16;16m▀[38;2;16;16;16;48;2;41;49;74m▀[38;2;41;49;74;48;2;41;49;74m▀[38;2;41;49;74;48;2;41;49;74m▀[38;2;41;49;74;48;2;41;49;74m▀[38;2;41;49;74;48;2;41;49;74m▀[38;2;41;49;74;48;2;41;49;74m▀[38;2;41;49;74;48;2;41;49;74m▀[38;2;41;49;74;48;2;41;49;74m▀[38;2;41;49;74;48;2;41;49;74m▀[38;2;41;49;74;48;2;41;49;74m▀[38;2;41;49;74;48;2;41;49;74m▀[38;2;41;49;74;48;2;41;49;74m▀[38;2;41;49;74;48;2;41;49;74m▀[38;2;41;49;74;48;2;41;49;74m▀[38;2;41;49;74;48;2;41;49;74m▀[38;2;41;49;74;48;2;41;49;74m▀[38;2;41;49;74;48;2;41;49;74m▀[38;2;16;16;16;48;2;16;16;16m▀[38;2;181;148;41;48;2;181;148;41m▀[38;2;181;148;41;48;2;181;148;41m▀[38;2;181;148;41;48;2;181;148;41m▀[38;2;181;148;41;48;2;181;148;41m▀[38;2;181;148;41;48;2;181;148;41m▀[38;2;181;148;41;48;2;181;148;41m▀[38;2;239;214;82;48;2;239;214;82m▀[38;2;239;214;82;48;2;239;214;82m▀[38;2;239;214;82;48;2;239;214;82m▀[38;2;239;214;82;48;2;239;214;82m▀[38;2;239;214;82;48;2;239;214;82m▀[38;2;239;214;82;48;2;239;214;82m▀[38;2;239;214;82;48;2;0;0;0m▀[38;2;0;0;0m▀[0m [0m [0m [0m [0m [0m [0m [0m [0m [0m [0m [0m [0m
[0m [0m [0m [0m [0m [0m [0m [0m [0m [0m [38;2;0;0;0;48;2;0;0;0m▀[38;2;239;214;82;48;2;239;214;82m▀[38;2;239;214;82;48;2;239;214;82m▀[38;2;239;214;82;48;2;239;214;82m▀[38;2;239;214;82;48;2;239;214;82m▀[38;2;239;214;82;48;2;239;214;82m▀[38;2;239;214;82;48;2;239;214;82m▀[38;2;181;148;41;48;2;181;148;41m▀[38;2;181;148;41;48;2;181;148;41m▀[38;2;181;148;41;48;2;181;148;41m▀[38;2;16;16;16;48;2;16;16;16m▀[38;2;41;49;74;48;2;41;49;74m▀[38;2;41;49;74;48;2;41;49;74m▀[38;2;41;49;74;48;2;41;49;74m▀[38;2;41;49;74;48;2;41;49;74m▀[38;2;41;49;74;48;2;41;49;74m▀[38;2;41;49;74;48;2;41;49;74m▀[38;2;41;49;74;48;2;41;49;74m▀[38;2;41;49;74;48;2;41;49;74m▀[38;2;41;49;74;48;2;41;49;74m▀[38;2;16;16;16;48;2;41;49;74m▀[38;2;16;16;16;48;2;41;49;74m▀[38;2;41;49;74;48;2;41;49;74m▀[38;2;41;49;74;48;2;41;49;74m▀[38;2;41;49;74;48;2;41;49;74m▀[38;2;41;49;74;48;2;41;49;74m▀[38;2;41;49;74;48;2;41;49;74m▀[38;2;41;49;74;48;2;41;49;74m▀[38;2;41;49;74;48;2;41;49;74m▀[38;2;41;49;74;48;2;41;49;74m▀[38;2;41;49;74;48;2;41;49;74m▀[38;2;41;49;74;48;2;41;49;74m▀[38;2;41;49;74;48;2;41;49;74m▀[38;2;41;49;74;48;2;41;49;74m▀[38;2;41;49;74;48;2;41;49;74m▀[38;2;41;49;74;48;2;41;49;74m▀[38;2;41;49;74;48;2;41;49;74m▀[38;2;41;49;74;48;2;41;49;74m▀[38;2;41;49;74;48;2;41;49;74m▀[38;2;16;16;16;48;2;16;16;16m▀[38;2;181;148;41;48;2;181;148;41m▀[38;2;181;148;41;48;2;181;148;41m▀[38;2;181;148;41;48;2;181;148;41m▀[38;2;181;148;41;48;2;181;148;41m▀[38;2;181;148;41;48;2;181;148;41m▀[38;2;181;148;41;48;2;181;148;41m▀[38;2;239;214;82;48;2;239;214;82m▀[38;2;239;214;82;48;2;239;214;82m▀[38;2;239;214;82;48;2;239;214;82m▀[38;2;239;214;82;48;2;239;214;82m▀[38;2;239;214;82;48;2;239;214;82m▀[38;2;239;214;82;48;2;239;214;82m▀[38;2;0;0;0;48;2;0;0;0m▀[0m [0m [0m [0m [0m [0m [0m [0m [0m [0m [0m [0m [0m [0m
[0m [0m [0m [0m [0m [0m [0m [0m [0m [0m [38;2;0;0;0m▀[38;2;239;214;82;48;2;0;0;0m▀[38;2;239;214;82;48;2;239;214;82m▀[38;2;239;214;82;48;2;239;214;82m▀[38;2;239;214;82;48;2;239;214;82m▀[38;2;239;214;82;48;2;239;214;82m▀[38;2;239;214;82;48;2;239;214;82m▀[38;2;239;214;82;48;2;239;214;82m▀[38;2;181;148;41;48;2;181;148;41m▀[38;2;181;148;41;48;2;181;148;41m▀[38;2;181;148;41;48;2;181;148;41m▀[38;2;16;16;16;48;2;16;16;16m▀[38;2;16;16;16;48;2;16;16;16m▀[38;2;41;49;74;48;2;41;49;74m▀[38;2;41;49;74;48;2;41;49;74m▀[38;2;41;49;74;48;2;41;49;74m▀[38;2;41;49;74;48;2;41;49;74m▀[38;2;41;49;74;48;2;41;49;74m▀[38;2;41;49;74;48;2;41;49;74m▀[38;2;41;49;74;48;2;41;49;74m▀[38;2;41;49;74;48;2;41;49;74m▀[38;2;41;49;74;48;2;41;49;74m▀[38;2;41;49;74;48;2;41;49;74m▀[38;2;41;49;74;48;2;41;49;74m▀[38;2;41;49;74;48;2;41;49;74m▀[38;2;41;49;74;48;2;41;49;74m▀[38;2;41;49;74;48;2;41;49;74m▀[38;2;41;49;74;48;2;41;49;74m▀[38;2;41;49;74;48;2;41;49;74m▀[38;2;41;49;74;48;2;41;49;74m▀[38;2;41;49;74;48;2;41;49;74m▀[38;2;41;49;74;48;2;41;49;74m▀[38;2;41;49;74;48;2;41;49;74m▀[38;2;41;49;74;48;2;41;49;74m▀[38;2;41;49;74;48;2;41;49;74m▀[38;2;41;49;74;48;2;41;49;74m▀[38;2;41;49;74;48;2;41;49;74m▀[38;2;16;16;16;48;2;16;16;16m▀[38;2;16;16;16;48;2;16;16;16m▀[38;2;181;148;41;48;2;181;148;41m▀[38;2;181;148;41;48;2;181;148;41m▀[38;2;181;148;41;48;2;181;148;41m▀[38;2;181;148;41;48;2;181;148;41m▀[38;2;181;148;41;48;2;181;148;41m▀[38;2;181;148;41;48;2;181;148;41m▀[38;2;239;214;82;48;2;239;214;82m▀[38;2;239;214;82;48;2;239;214;82m▀[38;2;239;214;82;48;2;239;214;82m▀[38;2;239;214;82;48;2;239;214;82m▀[38;2;239;214;82;48;2;239;214;82m▀[38;2;239;214;82;48;2;239;214;82m▀[38;2;239;214;82;48;2;0;0;0m▀[38;2;0;0;0m▀[0m [0m [0m [0m [0m [0m [0m [0m [0m [0m [0m [0m [0m [0m
[0m [0m [0m [0m [0m [0m [0m [0m [0m [0m [0m [38;2;0;0;0m▀[38;2;239;214;82;48;2;0;0;0m▀[38;2;239;214;82;48;2;239;214;82m▀[38;2;239;214;82;48;2;239;214;82m▀[38;2;239;214;82;48;2;239;214;82m▀[38;2;239;214;82;48;2;239;214;82m▀[38;2;239;214;82;48;2;239;214;82m▀[38;2;239;214;82;48;2;239;214;82m▀[38;2;181;148;41;48;2;181;148;41m▀[38;2;181;148;41;48;2;181;148;41m▀[38;2;181;148;41;48;2;181;148;41m▀[38;2;181;148;41;48;2;181;148;41m▀[38;2;16;16;16;48;2;181;148;41m▀[38;2;41;49;74;48;2;16;16;16m▀[38;2;41;49;74;48;2;41;49;74m▀[38;2;41;49;74;48;2;41;49;74m▀[38;2;41;49;74;48;2;41;49;74m▀[38;2;41;49;74;48;2;41;49;74m▀[38;2;41;49;74;48;2;41;49;74m▀[38;2;41;49;74;48;2;41;49;74m▀[38;2;41;49;74;48;2;41;49;74m▀[38;2;41;49;74;48;2;41;49;74m▀[38;2;41;49;74;48;2;41;49;74m▀[38;2;41;49;74;48;2;41;49;74m▀[38;2;41;49;74;48;2;41;49;74m▀[38;2;41;49;74;48;2;41;49;74m▀[38;2;41;49;74;48;2;41;49;74m▀[38;2;41;49;74;48;2;41;49;74m▀[38;2;41;49;74;48;2;41;49;74m▀[38;2;41;49;74;48;2;41;49;74m▀[38;2;41;49;74;48;2;41;49;74m▀[38;2;41;49;74;48;2;41;49;74m▀[38;2;41;49;74;48;2;41;49;74m▀[38;2;41;49;74;48;2;41;49;74m▀[38;2;41;49;74;48;2;16;16;16m▀[38;2;16;16;16;48;2;181;148;41m▀[38;2;181;148;41;48;2;181;148;41m▀[38;2;181;148;41;48;2;181;148;41m▀[38;2;181;148;41;48;2;181;148;41m▀[38;2;181;148;41;48;2;181;148;41m▀[38;2;181;148;41;48;2;181;148;41m▀[38;2;181;148;41;48;2;181;148;41m▀[38;2;239;214;82;48;2;239;214;82m▀[38;2;239;214;82;48;2;239;214;82m▀[38;2;239;214;82;48;2;239;214;82m▀[38;2;239;214;82;48;2;239;214;82m▀[38;2;239;214;82;48;2;239;214;82m▀[38;2;239;214;82;48;2;239;214;82m▀[38;2;239;214;82;48;2;0;0;0m▀[38;2;239;214;82;48;2;0;0;0m▀[38;2;0;0;0m▀[0m [0m [0m [0m [0m [0m [0m [0m [0m [0m [0m [0m [0m [0m [0m
[0m [0m [0m [0m [0m [0m [0m [0m [0m [0m [0m [0m [38;2;0;0;0;48;2;0;0;0m▀[38;2;239;214;82;48;2;239;214;82m▀[38;2;239;214;82;48;2;239;214;82m▀[38;2;239;214;82;48;2;239;214;82m▀[38;2;239;214;82;48;2;239;214;82m▀[38;2;239;214;82;48;2;239;214;82m▀[38;2;239;214;82;48;2;239;214;82m▀[38;2;181;148;41;48;2;239;214;82m▀[38;2;181;148;41;48;2;181;148;41m▀[38;2;181;148;41;48;2;181;148;41m▀[38;2;181;148;41;48;2;181;148;41m▀[38;2;181;148;41;48;2;181;148;41m▀[38;2;16;16;16;48;2;181;148;41m▀[38;2;41;49;74;48;2;16;16;16m▀[38;2;41;49;74;48;2;16;16;16m▀[38;2;41;49;74;48;2;41;49;74m▀[38;2;41;49;74;48;2;41;49;74m▀[38;2;41;49;74;48;2;41;49;74m▀[38;2;41;49;74;48;2;41;49;74m▀[38;2;41;49;74;48;2;41;49;74m▀[38;2;41;49;74;48;2;41;49;74m▀[38;2;41;49;74;48;2;41;49;74m▀[38;2;41;49;74;48;2;41;49;74m▀[38;2;41;49;74;48;2;41;49;74m▀[38;2;41;49;74;48;2;41;49;74m▀[38;2;41;49;74;48;2;41;49;74m▀[38;2;41;49;74;48;2;41;49;74m▀[38;2;41;49;74;48;2;41;49;74m▀[38;2;41;49;74;48;2;41;49;74m▀[38;2;41;49;74;48;2;41;49;74m▀[38;2;41;49;74;48;2;41;49;74m▀[38;2;41;49;74;48;2;16;16;16m▀[38;2;41;49;74;48;2;16;16;16m▀[38;2;16;16;16;48;2;181;148;41m▀[38;2;181;148;41;48;2;181;148;41m▀[38;2;181;148;41;48;2;181;148;41m▀[38;2;181;148;41;48;2;181;148;41m▀[38;2;181;148;41;48;2;181;148;41m▀[38;2;181;148;41;48;2;181;148;41m▀[38;2;181;148;41;48;2;181;148;41m▀[38;2;181;148;41;48;2;239;214;82m▀[38;2;239;214;82;48;2;239;214;82m▀[38;2;239;214;82;48;2;239;214;82m▀[38;2;239;214;82;48;2;239;214;82m▀[38;2;239;214;82;48;2;239;214;82m▀[38;2;239;214;82;48;2;239;214;82m▀[38;2;239;214;82;48;2;239;214;82m▀[38;2;0;0;0;48;2;0;0;0m▀[0m [0m [0m [0m [0m [0m [0m [0m [0m [0m [0m [0m [0m [0m [0m [0m [0m
[0m [0m [0m [0m [0m [0m [0m [0m [0m [0m [0m [0m [0m [38;2;0;0;0;48;2;0;0;0m▀[38;2;239;214;82;48;2;239;214;82m▀[38;2;239;214;82;48;2;239;214;82m▀[38;2;239;214;82;48;2;239;214;82m▀[38;2;239;214;82;48;2;239;214;82m▀[38;2;239;214;82;48;2;239;214;82m▀[38;2;239;214;82;48;2;239;214;82m▀[38;2;239;214;82;48;2;239;214;82m▀[38;2;181;148;41;48;2;239;214;82m▀[38;2;181;148;41;48;2;239;214;82m▀[38;2;181;148;41;48;2;181;148;41m▀[38;2;181;148;41;48;2;181;148;41m▀[38;2;181;148;41;48;2;181;148;41m▀[38;2;181;148;41;48;2;181;148;41m▀[38;2;16;16;16;48;2;181;148;41m▀[38;2;16;16;16;48;2;181;148;41m▀[38;2;16;16;16;48;2;181;148;41m▀[38;2;16;16;16;48;2;181;148;41m▀[38;2;41;49;74;48;2;16;16;16m▀[38;2;41;49;74;48;2;16;16;16m▀[38;2;41;49;74;48;2;16;16;16m▀[38;2;41;49;74;48;2;16;16;16m▀[38;2;41;49;74;48;2;16;16;16m▀[38;2;41;49;74;48;2;16;16;16m▀[38;2;41;49;74;48;2;16;16;16m▀[38;2;41;49;74;48;2;16;16;16m▀[38;2;16;16;16;48;2;181;148;41m▀[38;2;16;16;16;48;2;181;148;41m▀[38;2;16;16;16;48;2;181;148;41m▀[38;2;16;16;16;48;2;181;148;41m▀[38;2;181;148;41;48;2;181;148;41m▀[38;2;181;148;41;48;2;181;148;41m▀[38;2;181;148;41;48;2;181;148;41m▀[38;2;181;148;41;48;2;181;148;41m▀[38;2;181;148;41;48;2;181;148;41m▀[38;2;181;148;41;48;2;181;148;41m▀[38;2;181;148;41;48;2;181;148;41m▀[38;2;181;148;41;48;2;239;214;82m▀[38;2;239;214;82;48;2;239;214;82m▀[38;2;239;214;82;48;2;239;214;82m▀[38;2;239;214;82;48;2;239;214;82m▀[38;2;239;214;82;48;2;239;214;82m▀[38;2;239;214;82;48;2;239;214;82m▀[38;2;239;214;82;48;2;239;214;82m▀[38;2;239;214;82;48;2;0;0;0m▀[38;2;0;0;0m▀[0m [0m [0m [0m [0m [0m [0m [0m [38;2;0;0;0m▄[38;2;0;0;0m▄[38;2;0;0;0m▄[0m [0m [0m [0m [0m [0m [0m
[0m [0m [0m [0m [0m [0m [0m [0m [0m [0m [0m [0m [0m [0m [38;2;0;0;0m▀[38;2;239;214;82;48;2;0;0;0m▀[38;2;239;214;82;48;2;0;0;0m▀[38;2;239;214;82;48;2;239;214;82m▀[38;2;239;214;82;48;2;239;214;82m▀[38;2;239;214;82;48;2;239;214;82m▀[38;2;239;214;82;48;2;239;214;82m▀[38;2;239;214;82;48;2;239;214;82m▀[38;2;239;214;82;48;2;239;214;82m▀[38;2;239;214;82;48;2;239;214;82m▀[38;2;181;148;41;48;2;239;214;82m▀[38;2;181;148;41;48;2;239;214;82m▀[38;2;181;148;41;48;2;181;148;41m▀[38;2;181;148;41;48;2;181;148;41m▀[38;2;181;148;41;48;2;181;148;41m▀[38;2;181;148;41;48;2;181;148;41m▀[38;2;181;148;41;48;2;181;148;41m▀[38;2;181;148;41;48;2;181;148;41m▀[38;2;181;148;41;48;2;181;148;41m▀[38;2;181;148;41;48;2;181;148;41m▀[38;2;181;148;41;48;2;181;148;41m▀[38;2;181;148;41;48;2;181;148;41m▀[38;2;181;148;41;48;2;181;148;41m▀[38;2;181;148;41;48;2;181;148;41m▀[38;2;181;148;41;48;2;181;148;41m▀[38;2;181;148;41;48;2;181;148;41m▀[38;2;181;148;41;48;2;181;148;41m▀[38;2;181;148;41;48;2;181;148;41m▀[38;2;181;148;41;48;2;181;148;41m▀[38;2;181;148;41;48;2;181;148;41m▀[38;2;181;148;41;48;2;181;148;41m▀[38;2;181;148;41;48;2;181;148;41m▀[38;2;181;148;41;48;2;239;214;82m▀[38;2;181;148;41;48;2;239;214;82m▀[38;2;181;148;41;48;2;239;214;82m▀[38;2;239;214;82;48;2;239;214;82m▀[38;2;239;214;82;48;2;239;214;82m▀[38;2;239;214;82;48;2;239;214;82m▀[38;2;239;214;82;48;2;239;214;82m▀[38;2;239;214;82;48;2;239;214;82m▀[38;2;239;214;82;48;2;239;214;82m▀[38;2;239;214;82;48;2;239;214;82m▀[38;2;239;214;82;48;2;0;0;0m▀[38;2;0;0;0m▀[0m [0m [0m [0m [0m [38;2;0;0;0m▄[38;2;0;0;0;48;2;239;214;82m▀[38;2;0;0;0;48;2;239;214;82m▀[38;2;0;0;0;48;2;239;214;82m▀[38;2;239;214;82;48;2;239;214;82m▀[38;2;239;214;82;48;2;239;214;82m▀[38;2;239;214;82;48;2;239;214;82m▀[38;2;0;0;0;48;2;239;214;82m▀[38;2;0;0;0;48;2;239;214;82m▀[38;2;0;0;0m▄[0m [0m [0m [0m
[0m [0m [0m [0m [0m [0m [0m [0m [0m [0m [0m [0m [0m [0m [0m [0m [38;2;0;0;0m▀[38;2;239;214;82;48;2;0;0;0m▀[38;2;239;214;82;48;2;239;214;82m▀[38;2;239;214;82;48;2;239;214;82m▀[38;2;239;214;82;48;2;239;214;82m▀[38;2;239;214;82;48;2;239;214;82m▀[38;2;239;214;82;48;2;239;214;82m▀[38;2;239;214;82;48;2;239;214;82m▀[38;2;239;214;82;48;2;239;214;82m▀[38;2;239;214;82;48;2;239;214;82m▀[38;2;181;148;41;48;2;239;214;82m▀[38;2;181;148;41;48;2;239;214;82m▀[38;2;181;148;41;48;2;181;148;41m▀[38;2;181;148;41;48;2;181;148;41m▀[38;2;181;148;41;48;2;181;148;41m▀[38;2;181;148;41;48;2;181;148;41m▀[38;2;181;148;41;48;2;181;148;41m▀[38;2;181;148;41;48;2;181;148;41m▀[38;2;181;148;41;48;2;181;148;41m▀[38;2;181;148;41;48;2;181;148;41m▀[38;2;181;148;41;48;2;181;148;41m▀[38;2;181;148;41;48;2;181;148;41m▀[38;2;181;148;41;48;2;181;148;41m▀[38;2;181;148;41;48;2;181;148;41m▀[38;2;181;148;41;48;2;181;148;41m▀[38;2;181;148;41;48;2;181;148;41m▀[38;2;181;148;41;48;2;181;148;41m▀[38;2;181;148;41;48;2;181;148;41m▀[38;2;181;148;41;48;2;239;214;82m▀[38;2;181;148;41;48;2;239;214;82m▀[38;2;239;214;82;48;2;239;214;82m▀[38;2;239;214;82;48;2;239;214;82m▀[38;2;239;214;82;48;2;239;214;82m▀[38;2;239;214;82;48;2;239;214;82m▀[38;2;239;214;82;48;2;239;214;82m▀[38;2;239;214;82;48;2;239;214;82m▀[38;2;239;214;82;48;2;239;214;82m▀[38;2;239;214;82;48;2;239;214;82m▀[38;2;239;214;82;48;2;239;214;82m▀[38;2;239;214;82;48;2;0;0;0m▀[38;2;0;0;0m▀[0m [0m [0m [0m [0m [38;2;0;0;0m▄[38;2;0;0;0;48;2;239;214;82m▀[38;2;239;214;82;48;2;239;214;82m▀[38;2;239;214;82;48;2;239;214;82m▀[38;2;239;214;82;48;2;239;214;82m▀[38;2;239;214;82;48;2;239;214;82m▀[38;2;239;214;82;48;2;239;214;82m▀[38;2;239;214;82;48;2;239;214;82m▀[38;2;239;214;82;48;2;239;214;82m▀[38;2;239;214;82;48;2;239;214;82m▀[38;2;0;0;0;48;2;239;214;82m▀[38;2;0;0;0;48;2;239;214;82m▀[38;2;0;0;0m▄[0m [0m
[0m [0m [0m [0m [0m [0m [0m [0m [0m [0m [0m [0m [0m [0m [0m [0m [0m [0m [38;2;0;0;0m▀[38;2;239;214;82;48;2;0;0;0m▀[38;2;239;214;82;48;2;239;214;82m▀[38;2;239;214;82;48;2;239;214;82m▀[38;2;239;214;82;48;2;239;214;82m▀[38;2;239;214;82;48;2;239;214;82m▀[38;2;239;214;82;48;2;239;214;82m▀[38;2;239;214;82;48;2;239;214;82m▀[38;2;239;214;82;48;2;239;214;82m▀[38;2;239;214;82;48;2;239;214;82m▀[38;2;239;214;82;48;2;239;214;82m▀[38;2;239;214;82;48;2;239;214;82m▀[38;2;239;214;82;48;2;239;214;82m▀[38;2;239;214;82;48;2;239;214;82m▀[38;2;181;148;41;48;2;239;214;82m▀[38;2;181;148;41;48;2;239;214;82m▀[38;2;181;148;41;48;2;239;214;82m▀[38;2;181;148;41;48;2;239;214;82m▀[38;2;181;148;41;48;2;239;214;82m▀[38;2;181;148;41;48;2;239;214;82m▀[38;2;181;148;41;48;2;239;214;82m▀[38;2;181;148;41;48;2;239;214;82m▀[38;2;239;214;82;48;2;239;214;82m▀[38;2;239;214;82;48;2;239;214;82m▀[38;2;239;214;82;48;2;239;214;82m▀[38;2;239;214;82;48;2;239;214;82m▀[38;2;239;214;82;48;2;239;214;82m▀[38;2;239;214;82;48;2;239;214;82m▀[38;2;239;214;82;48;2;239;214;82m▀[38;2;239;214;82;48;2;239;214;82m▀[38;2;239;214;82;48;2;239;214;82m▀[38;2;239;214;82;48;2;239;214;82m▀[38;2;239;214;82;48;2;239;214;82m▀[38;2;239;214;82;48;2;239;214;82m▀[38;2;239;214;82;48;2;0;0;0m▀[38;2;0;0;0m▀[38;2;0;0;0m▀[0m [0m [0m [0m [0m [0m [38;2;0;0;0m▄[38;2;0;0;0;48;2;239;214;82m▀[38;2;239;214;82;48;2;239;214;82m▀[38;2;239;214;82;48;2;239;214;82m▀[38;2;239;214;82;48;2;0;0;0m▀[38;2;239;214;82;48;2;0;0;0m▀[38;2;0;0;0m▀[38;2;0;0;0m▀[38;2;0;0;0m▀[38;2;239;214;82;48;2;0;0;0m▀[38;2;239;214;82;48;2;239;214;82m▀[38;2;239;214;82;48;2;239;214;82m▀[38;2;239;214;82;48;2;239;214;82m▀[38;2;0;0;0;48;2;239;214;82m▀[38;2;0;0;0m▄[0m
[0m [0m [0m [0m [0m [0m [0m [0m [0m [0m [0m [0m [0m [0m [0m [0m [0m [0m [0m [0m [38;2;0;0;0m▀[38;2;0;0;0m▀[38;2;0;0;0m▀[38;2;239;214;82;48;2;0;0;0m▀[38;2;239;214;82;48;2;0;0;0m▀[38;2;239;214;82;48;2;239;214;82m▀[38;2;239;214;82;48;2;239;214;82m▀[38;2;239;214;82;48;2;239;214;82m▀[38;2;239;214;82;48;2;239;214;82m▀[38;2;239;214;82;48;2;239;214;82m▀[38;2;239;214;82;48;2;239;214;82m▀[38;2;239;214;82;48;2;239;214;82m▀[38;2;239;214;82;48;2;239;214;82m▀[38;2;239;214;82;48;2;239;214;82m▀[38;2;239;214;82;48;2;239;214;82m▀[38;2;239;214;82;48;2;239;214;82m▀[38;2;239;214;82;48;2;239;214;82m▀[38;2;239;214;82;48;2;239;214;82m▀[38;2;239;214;82;48;2;239;214;82m▀[38;2;239;214;82;48;2;239;214;82m▀[38;2;239;214;82;48;2;239;214;82m▀[38;2;239;214;82;48;2;239;214;82m▀[38;2;239;214;82;48;2;239;214;82m▀[38;2;239;214;82;48;2;239;214;82m▀[38;2;239;214;82;48;2;239;214;82m▀[38;2;239;214;82;48;2;239;214;82m▀[38;2;239;214;82;48;2;239;214;82m▀[38;2;239;214;82;48;2;0;0;0m▀[38;2;239;214;82;48;2;0;0;0m▀[38;2;239;214;82;48;2;0;0;0m▀[38;2;0;0;0m▀[38;2;0;0;0m▀[0m [0m [0m [0m [0m [0m [0m [0m [0m [38;2;0;0;0;48;2;0;0;0m▀[38;2;239;214;82;48;2;239;214;82m▀[38;2;239;214;82;48;2;239;214;82m▀[38;2;239;214;82;48;2;239;214;82m▀[38;2;0;0;0;48;2;0;0;0m▀[0m [0m [0m [0m [38;2;0;0;0;48;2;0;0;0m▀[38;2;239;214;82;48;2;239;214;82m▀[38;2;239;214;82;48;2;239;214;82m▀[38;2;239;214;82;48;2;239;214;82m▀[38;2;239;214;82;48;2;239;214;82m▀[38;2;0;0;0;48;2;0;0;0m▀[0m
[0m [0m [0m [0m [0m [0m [0m [0m [0m [38;2;0;0;0m▄[38;2;0;0;0m▄[38;2;0;0;0;48;2;239;214;82m▀[38;2;0;0;0;48;2;239;214;82m▀[38;2;0;0;0m▄[0m [0m [0m [0m [0m [0m [0m [0m [0m [0m [38;2;0;0;0m▀[38;2;239;214;82;48;2;0;0;0m▀[38;2;239;214;82;48;2;0;0;0m▀[38;2;239;214;82;48;2;239;214;82m▀[38;2;239;214;82;48;2;239;214;82m▀[38;2;239;214;82;48;2;239;214;82m▀[38;2;239;214;82;48;2;239;214;82m▀[38;2;239;214;82;48;2;239;214;82m▀[38;2;239;214;82;48;2;239;214;82m▀[38;2;239;214;82;48;2;239;214;82m▀[38;2;239;214;82;48;2;239;214;82m▀[38;2;239;214;82;48;2;239;214;82m▀[38;2;239;214;82;48;2;239;214;82m▀[38;2;239;214;82;48;2;239;214;82m▀[38;2;239;214;82;48;2;239;214;82m▀[38;2;239;214;82;48;2;239;214;82m▀[38;2;239;214;82;48;2;239;214;82m▀[38;2;239;214;82;48;2;239;214;82m▀[38;2;239;214;82;48;2;239;214;82m▀[38;2;239;214;82;48;2;239;214;82m▀[38;2;239;214;82;48;2;239;214;82m▀[38;2;239;214;82;48;2;0;0;0m▀[38;2;239;214;82;48;2;0;0;0m▀[38;2;0;0;0m▀[0m [0m [0m [0m [0m [0m [0m [0m [0m [0m [0m [0m [0m [38;2;0;0;0m▀[38;2;239;214;82;48;2;0;0;0m▀[38;2;239;214;82;48;2;239;214;82m▀[38;2;239;214;82;48;2;239;214;82m▀[38;2;0;0;0;48;2;239;214;82m▀[38;2;0;0;0;48;2;239;214;82m▀[38;2;0;0;0m▄[38;2;0;0;0m▄[38;2;0;0;0m▄[38;2;0;0;0;48;2;239;214;82m▀[38;2;239;214;82;48;2;239;214;82m▀[38;2;239;214;82;48;2;239;214;82m▀[38;2;239;214;82;48;2;239;214;82m▀[38;2;239;214;82;48;2;0;0;0m▀[38;2;0;0;0m▀[0m
[0m [0m [0m [0m [0m [0m [0m [0m [38;2;0;0;0;48;2;0;0;0m▀[38;2;239;214;82;48;2;239;214;82m▀[38;2;239;214;82;48;2;239;214;82m▀[38;2;0;0;0;48;2;0;0;0m▀[38;2;0;0;0;48;2;0;0;0m▀[38;2;239;214;82;48;2;239;214;82m▀[38;2;0;0;0;48;2;0;0;0m▀[0m [0m [0m [0m [0m [0m [0m [0m [0m [0m [0m [0m [38;2;0;0;0m▀[38;2;0;0;0m▀[38;2;0;0;0m▀[38;2;0;0;0m▀[38;2;239;214;82;48;2;0;0;0m▀[38;2;239;214;82;48;2;0;0;0m▀[38;2;239;214;82;48;2;0;0;0m▀[38;2;239;214;82;48;2;0;0;0m▀[38;2;239;214;82;48;2;0;0;0m▀[38;2;239;214;82;48;2;0;0;0m▀[38;2;239;214;82;48;2;0;0;0m▀[38;2;239;214;82;48;2;0;0;0m▀[38;2;239;214;82;48;2;0;0;0m▀[38;2;239;214;82;48;2;0;0;0m▀[38;2;239;214;82;48;2;0;0;0m▀[38;2;0;0;0m▀[38;2;0;0;0m▀[38;2;0;0;0m▀[0m [0m [0m [0m [0m [0m [38;2;0;0;0m▄[38;2;0;0;0;48;2;239;214;82m▀[38;2;0;0;0;48;2;239;214;82m▀[38;2;0;0;0;48;2;239;214;82m▀[38;2;0;0;0;48;2;239;214;82m▀[38;2;0;0;0m▄[0m [0m [0m [0m [0m [38;2;0;0;0m▀[38;2;239;214;82;48;2;0;0;0m▀[38;2;239;214;82;48;2;239;214;82m▀[38;2;239;214;82;48;2;239;214;82m▀[38;2;239;214;82;48;2;239;214;82m▀[38;2;239;214;82;48;2;239;214;82m▀[38;2;239;214;82;48;2;239;214;82m▀[38;2;239;214;82;48;2;239;214;82m▀[38;2;239;214;82;48;2;239;214;82m▀[38;2;239;214;82;48;2;239;214;82m▀[38;2;239;214;82;48;2;0;0;0m▀[38;2;239;214;82;48;2;0;0;0m▀[38;2;0;0;0m▀[0m [0m
[0m [0m [0m [0m [0m [0m [0m [0m [0m [38;2;0;0;0m▀[38;2;0;0;0m▀[38;2;239;214;82;48;2;0;0;0m▀[38;2;239;214;82;48;2;0;0;0m▀[38;2;0;0;0m▀[0m [0m [0m [0m [0m [0m [0m [0m [0m [0m [0m [0m [0m [0m [0m [0m [0m [0m [0m [0m [0m [0m [0m [0m [0m [0m [0m [0m [0m [0m [0m [0m [0m [0m [0m [0m [38;2;0;0;0;48;2;0;0;0m▀[38;2;239;214;82;48;2;239;214;82m▀[38;2;239;214;82;48;2;0;0;0m▀[38;2;0;0;0m▀[38;2;0;0;0m▀[38;2;239;214;82;48;2;0;0;0m▀[38;2;239;214;82;48;2;239;214;82m▀[38;2;0;0;0;48;2;0;0;0m▀[0m [0m [0m [0m [0m [0m [38;2;0;0;0m▀[38;2;0;0;0m▀[38;2;0;0;0m▀[38;2;239;214;82;48;2;0;0;0m▀[38;2;239;214;82;48;2;0;0;0m▀[38;2;239;214;82;48;2;0;0;0m▀[38;2;0;0;0m▀[38;2;0;0;0m▀[0m [0m [0m [0m [0m
[0m [0m [0m [0m [0m [0m [0m [0m [0m [0m [0m [0m [0m [0m [0m [0m [0m [0m [0m [0m [0m [0m [0m [0m [0m [0m [0m [0m [0m [0m [0m [0m [0m [0m [0m [0m [0m [0m [0m [0m [0m [0m [0m [0m [0m [0m [0m [0m [0m [0m [38;2;0;0;0;48;2;0;0;0m▀[38;2;239;214;82;48;2;239;214;82m▀[38;2;0;0;0;48;2;239;214;82m▀[38;2;0;0;0m▄[38;2;0;0;0m▄[38;2;0;0;0;48;2;239;214;82m▀[38;2;239;214;82;48;2;239;214;82m▀[38;2;0;0;0;48;2;0;0;0m▀[0m [0m [0m [0m [0m [0m [0m [0m [0m [0m [0m [0m [0m [0m [0m [0m [0m [0m [0m
