  [38;2;181;173;90m▄[38;2;181;173;90m[48;2;247;247;148m▀[0m[38;2;181;173;90m[48;2;247;247;148m▀[0m[38;2;181;173;90m[48;2;247;247;148m▀[0m[38;2;181;173;90m▄      [38;2;181;173;90m▄[38;2;181;173;90m[48;2;247;247;148m▀[0m[38;2;181;173;90m[48;2;247;247;148m▀[0m[38;2;181;173;90m▄  [38;2;181;173;90m▄[38;2;181;173;90m[48;2;214;214;115m▀[0m[38;2;181;173;90m[48;2;247;247;148m▀[0m[38;2;181;173;90m[48;2;247;247;148m▀[0m[38;2;181;173;90m▄ 
 [38;2;181;173;90m[48;2;181;173;90m▀[0m[38;2;214;214;115m[48;2;214;214;115m▀[0m[38;2;247;247;148m[48;2;214;214;115m▀[0m[38;2;247;247;148m[48;2;247;247;148m▀[0m[38;2;247;247;148m[48;2;247;247;148m▀[0m[38;2;247;247;148m[48;2;247;247;148m▀[0m[38;2;181;173;90m[48;2;181;173;90m▀[0m     [38;2;181;173;90m▀[38;2;247;247;148m[48;2;181;173;90m▀[0m[38;2;247;247;148m[48;2;181;173;90m▀[0m[38;2;181;173;90m▀[38;2;181;173;90m▄[38;2;181;173;90m[48;2;214;214;115m▀[0m[38;2;181;173;90m[48;2;214;214;115m▀[0m[38;2;247;247;148m[48;2;247;247;148m▀[0m[38;2;247;247;148m[48;2;247;247;148m▀[0m[38;2;247;247;148m[48;2;247;247;148m▀[0m[38;2;247;247;148m[48;2;247;247;148m▀[0m[38;2;181;173;90m[48;2;181;173;90m▀[0m
  [38;2;181;173;90m▀[38;2;181;173;90m▀[38;2;214;214;115m[48;2;181;173;90m▀[0m[38;2;214;214;115m[48;2;181;173;90m▀[0m[38;2;181;173;90m▀   [38;2;0;0;0m▄[38;2;0;0;0m[48;2;156;156;255m▀[0m[38;2;0;0;0m[48;2;156;156;255m▀[0m[38;2;0;0;0m▄   [38;2;181;173;90m▀[38;2;214;214;115m[48;2;181;173;90m▀[0m[38;2;214;214;115m[48;2;214;214;115m▀[0m[38;2;247;247;148m[48;2;214;214;115m▀[0m[38;2;247;247;148m[48;2;247;247;148m▀[0m[38;2;247;247;148m[48;2;247;247;148m▀[0m[38;2;181;173;90m[48;2;247;247;148m▀[0m[38;2;181;173;90m▄
[38;2;181;173;90m▄[38;2;181;173;90m[48;2;214;214;115m▀[0m[38;2;181;173;90m[48;2;214;214;115m▀[0m[38;2;181;173;90m▄ [38;2;0;0;0m▄[38;2;0;0;0m[48;2;107;115;189m▀[0m[38;2;0;0;0m[48;2;82;90;123m▀[0m[38;2;0;0;0m▄[38;2;0;0;0m[48;2;156;156;255m▀[0m[38;2;65;65;65m[48;2;156;156;255m▀[0m[38;2;107;115;189m[48;2;107;115;189m▀[0m[38;2;107;115;189m[48;2;107;115;189m▀[0m[38;2;65;65;65m[48;2;156;156;255m▀[0m[38;2;0;0;0m[48;2;156;156;255m▀[0m[38;2;0;0;0m▄[38;2;0;0;0m▄[38;2;0;0;0m▄ [38;2;181;173;90m▀[38;2;181;173;90m▀[38;2;247;247;148m[48;2;181;173;90m▀[0m[38;2;247;247;148m[48;2;181;173;90m▀[0m[38;2;181;173;90m[48;2;181;173;90m▀[0m[38;2;181;173;90m▀
[38;2;181;173;90m▀[38;2;214;214;115m[48;2;181;173;90m▀[0m[38;2;214;214;115m[48;2;181;173;90m▀[0m[38;2;181;173;90m▀ [38;2;0;0;0m▀[38;2;82;90;123m[48;2;0;0;0m▀[0m[38;2;107;115;189m[48;2;214;206;214m▀[0m[38;2;156;156;255m[48;2;156;156;255m▀[0m[38;2;156;156;255m[48;2;156;156;255m▀[0m[38;2;156;156;255m[48;2;156;156;255m▀[0m[38;2;156;156;255m[48;2;156;156;255m▀[0m[38;2;156;156;255m[48;2;156;156;255m▀[0m[38;2;156;156;255m[48;2;156;156;255m▀[0m[38;2;156;156;255m[48;2;156;156;255m▀[0m[38;2;156;156;255m[48;2;156;156;255m▀[0m[38;2;107;115;189m[48;2;156;156;255m▀[0m[38;2;156;156;255m[48;2;107;115;189m▀[0m[38;2;0;0;0m[48;2;0;0;0m▀[0m      
     [38;2;0;0;0m[48;2;0;0;0m▀[0m[38;2;156;156;255m[48;2;156;156;255m▀[0m[38;2;255;255;255m[48;2;156;156;255m▀[0m[38;2;156;156;255m[48;2;156;156;255m▀[0m[38;2;156;156;255m[48;2;156;156;255m▀[0m[38;2;156;156;255m[48;2;156;156;255m▀[0m[38;2;156;156;255m[48;2;156;156;255m▀[0m[38;2;156;156;255m[48;2;0;0;0m▀[0m[38;2;156;156;255m[48;2;255;255;255m▀[0m[38;2;156;156;255m[48;2;107;115;189m▀[0m[38;2;156;156;255m[48;2;156;156;255m▀[0m[38;2;156;156;255m[48;2;156;156;255m▀[0m[38;2;0;0;0m[48;2;65;65;65m▀[0m[38;2;0;0;0m▄  [38;2;181;173;90m▄[38;2;181;173;90m[48;2;247;247;148m▀[0m[38;2;181;173;90m▄ 
    [38;2;0;0;0m[48;2;0;0;0m▀[0m[38;2;107;115;189m[48;2;107;115;189m▀[0m[38;2;65;65;65m[48;2;214;206;214m▀[0m[38;2;156;156;255m[48;2;65;65;65m▀[0m[38;2;156;156;255m[48;2;65;65;65m▀[0m[38;2;156;156;255m[48;2;156;156;255m▀[0m[38;2;156;156;255m[48;2;156;156;255m▀[0m[38;2;255;255;255m[48;2;156;156;255m▀[0m[38;2;255;255;255m[48;2;156;156;255m▀[0m[38;2;255;255;255m[48;2;156;156;255m▀[0m[38;2;255;255;255m[48;2;65;65;65m▀[0m[38;2;156;156;255m[48;2;107;115;189m▀[0m[38;2;107;115;189m[48;2;107;115;189m▀[0m[38;2;107;115;189m[48;2;107;115;189m▀[0m[38;2;82;90;123m[48;2;107;115;189m▀[0m[38;2;0;0;0m[48;2;0;0;0m▀[0m  [38;2;181;173;90m▀  
     [38;2;0;0;0m▀[38;2;82;90;123m[48;2;0;0;0m▀[0m[38;2;197;99;123m[48;2;107;115;189m▀[0m[38;2;197;99;123m[48;2;197;99;123m▀[0m[38;2;65;65;65m[48;2;197;99;123m▀[0m[38;2;65;65;65m[48;2;197;99;123m▀[0m[38;2;65;65;65m[48;2;197;99;123m▀[0m[38;2;65;65;65m[48;2;255;255;255m▀[0m[38;2;65;65;65m[48;2;82;90;123m▀[0m[38;2;107;115;189m[48;2;107;115;189m▀[0m[38;2;107;115;189m[48;2;107;115;189m▀[0m[38;2;107;115;189m[48;2;107;115;189m▀[0m[38;2;82;90;123m[48;2;0;0;0m▀[0m[38;2;0;0;0m▀      
  [38;2;181;173;90m▄[38;2;181;173;90m[48;2;214;214;115m▀[0m[38;2;181;173;90m[48;2;214;214;115m▀[0m[38;2;0;0;0m[48;2;0;0;0m▀[0m[38;2;82;90;123m[48;2;107;115;189m▀[0m[38;2;107;115;189m[48;2;65;65;65m▀[0m[38;2;214;206;214m[48;2;107;115;189m▀[0m[38;2;214;206;214m[48;2;156;156;255m▀[0m[38;2;107;115;189m[48;2;156;156;255m▀[0m[38;2;107;115;189m[48;2;214;206;214m▀[0m[38;2;107;115;189m[48;2;214;206;214m▀[0m[38;2;107;115;189m[48;2;107;115;189m▀[0m[38;2;107;115;189m[48;2;107;115;189m▀[0m[38;2;107;115;189m[48;2;107;115;189m▀[0m[38;2;107;115;189m[48;2;65;65;65m▀[0m[38;2;0;0;0m[48;2;82;90;123m▀[0m[38;2;0;0;0m▄      
 [38;2;181;173;90m▄[38;2;181;173;90m[48;2;214;214;115m▀[0m[38;2;214;214;115m[48;2;214;214;115m▀[0m[38;2;214;214;115m[48;2;214;214;115m▀[0m[38;2;214;214;115m[48;2;214;214;115m▀[0m[38;2;0;0;0m[48;2;181;173;90m▀[0m[38;2;0;0;0m▀[38;2;0;0;0m▀[38;2;214;206;214m[48;2;0;0;0m▀[0m[38;2;214;206;214m[48;2;0;0;0m▀[0m[38;2;156;156;255m[48;2;107;115;189m▀[0m[38;2;107;115;189m[48;2;214;206;214m▀[0m[38;2;107;115;189m[48;2;0;0;0m▀[0m[38;2;107;115;189m[48;2;0;0;0m▀[0m[38;2;0;0;0m▀[38;2;82;90;123m[48;2;0;0;0m▀[0m[38;2;82;90;123m[48;2;0;0;0m▀[0m[38;2;0;0;0m▀      
 [38;2;181;173;90m▀[38;2;181;173;90m[48;2;181;173;90m▀[0m[38;2;214;214;115m[48;2;181;173;90m▀[0m[38;2;214;214;115m[48;2;181;173;90m▀[0m[38;2;181;173;90m▀ [38;2;181;173;90m▄[38;2;181;173;90m[48;2;214;214;115m▀[0m[38;2;181;173;90m▄ [38;2;0;0;0m▀[38;2;0;0;0m▀   [38;2;181;173;90m▄[38;2;181;173;90m▄[38;2;181;173;90m[48;2;247;247;148m▀[0m[38;2;181;173;90m[48;2;247;247;148m▀[0m[38;2;181;173;90m▄    
        [38;2;181;173;90m▀      [38;2;181;173;90m[48;2;181;173;90m▀[0m[38;2;247;247;148m[48;2;247;247;148m▀[0m[38;2;247;247;148m[48;2;247;247;148m▀[0m[38;2;247;247;148m[48;2;247;247;148m▀[0m[38;2;247;247;148m[48;2;214;214;115m▀[0m[38;2;214;214;115m[48;2;214;214;115m▀[0m[38;2;181;173;90m[48;2;181;173;90m▀[0m   
                [38;2;181;173;90m▀[38;2;247;247;148m[48;2;181;173;90m▀[0m[38;2;247;247;148m[48;2;181;173;90m▀[0m[38;2;181;173;90m▀[38;2;181;173;90m▀    
[0m
