      [38;2;0;0;0m▄[38;2;0;0;0m▄ [38;2;0;0;0m▄[38;2;0;0;0m[48;2;123;206;255m▀[0m[38;2;0;0;0m[48;2;0;0;0m▀[0m            
    [38;2;0;0;0m▄[38;2;0;0;0m[48;2;74;156;247m▀[0m[38;2;74;156;247m[48;2;66;123;214m▀[0m[38;2;0;0;0m[48;2;123;206;255m▀[0m[38;2;0;0;0m[48;2;123;206;255m▀[0m[38;2;123;206;255m[48;2;123;206;255m▀[0m[38;2;123;206;255m[48;2;66;123;214m▀[0m[38;2;0;0;0m[48;2;74;156;247m▀[0m[38;2;0;0;0m[48;2;123;206;255m▀[0m[38;2;0;0;0m[48;2;123;206;255m▀[0m[38;2;0;0;0m▄         
   [38;2;0;0;0m▄[38;2;0;0;0m[48;2;66;123;214m▀[0m[38;2;66;123;214m[48;2;123;206;255m▀[0m[38;2;123;206;255m[48;2;123;206;255m▀[0m[38;2;123;206;255m[48;2;66;123;214m▀[0m[38;2;66;123;214m[48;2;74;156;247m▀[0m[38;2;66;123;214m[48;2;123;206;255m▀[0m[38;2;123;206;255m[48;2;123;206;255m▀[0m[38;2;123;206;255m[48;2;123;206;255m▀[0m[38;2;66;123;214m[48;2;123;206;255m▀[0m[38;2;0;0;0m[48;2;123;206;255m▀[0m[38;2;0;0;0m▄[38;2;0;0;0m▄[38;2;0;0;0m[48;2;123;206;255m▀[0m[38;2;0;0;0m[48;2;123;206;255m▀[0m[38;2;0;0;0m[48;2;0;0;0m▀[0m     
   [38;2;0;0;0m▀[38;2;123;206;255m[48;2;0;0;0m▀[0m[38;2;123;206;255m[48;2;123;206;255m▀[0m[38;2;66;123;214m[48;2;66;123;214m▀[0m[38;2;123;206;255m[48;2;123;206;255m▀[0m[38;2;123;206;255m[48;2;123;206;255m▀[0m[38;2;123;206;255m[48;2;66;123;214m▀[0m[38;2;123;206;255m[48;2;65;65;65m▀[0m[38;2;74;156;247m[48;2;123;206;255m▀[0m[38;2;123;206;255m[48;2;66;123;214m▀[0m[38;2;65;65;65m[48;2;123;206;255m▀[0m[38;2;123;206;255m[48;2;123;206;255m▀[0m[38;2;123;206;255m[48;2;65;65;65m▀[0m[38;2;74;156;247m[48;2;65;65;65m▀[0m[38;2;65;65;65m[48;2;123;206;255m▀[0m[38;2;0;0;0m[48;2;123;206;255m▀[0m[38;2;0;0;0m▄[38;2;0;0;0m▄[38;2;0;0;0m[48;2;206;189;132m▀[0m[38;2;0;0;0m[48;2;247;230;173m▀[0m[38;2;0;0;0m[48;2;0;0;0m▀[0m
 [38;2;0;0;0m▄[38;2;0;0;0m▄[38;2;0;0;0m[48;2;123;206;255m▀[0m[38;2;123;206;255m[48;2;123;206;255m▀[0m[38;2;123;206;255m[48;2;123;206;255m▀[0m[38;2;123;206;255m[48;2;123;206;255m▀[0m[38;2;0;0;0m[48;2;255;255;255m▀[0m[38;2;0;0;0m[48;2;65;65;65m▀[0m[38;2;255;255;255m[48;2;255;255;255m▀[0m[38;2;255;255;255m[48;2;123;206;255m▀[0m[38;2;123;206;255m[48;2;123;206;255m▀[0m[38;2;123;206;255m[48;2;66;123;214m▀[0m[38;2;123;206;255m[48;2;74;156;247m▀[0m[38;2;123;206;255m[48;2;123;206;255m▀[0m[38;2;123;206;255m[48;2;74;156;247m▀[0m[38;2;123;206;255m[48;2;65;65;65m▀[0m[38;2;74;156;247m[48;2;65;65;65m▀[0m[38;2;65;65;65m[48;2;247;230;173m▀[0m[38;2;65;65;65m[48;2;247;230;173m▀[0m[38;2;247;230;173m[48;2;165;148;99m▀[0m[38;2;247;230;173m[48;2;165;148;99m▀[0m[38;2;0;0;0m[48;2;0;0;0m▀[0m[38;2;0;0;0m▄
[38;2;0;0;0m[48;2;0;0;0m▀[0m[38;2;74;156;247m[48;2;123;206;255m▀[0m[38;2;123;206;255m[48;2;65;65;65m▀[0m[38;2;123;206;255m[48;2;65;65;65m▀[0m[38;2;123;206;255m[48;2;123;206;255m▀[0m[38;2;123;206;255m[48;2;123;206;255m▀[0m[38;2;123;206;255m[48;2;66;123;214m▀[0m[38;2;123;206;255m[48;2;66;123;214m▀[0m[38;2;123;206;255m[48;2;123;206;255m▀[0m[38;2;123;206;255m[48;2;123;206;255m▀[0m[38;2;123;206;255m[48;2;74;156;247m▀[0m[38;2;74;156;247m[48;2;65;65;65m▀[0m[38;2;65;65;65m[48;2;74;156;247m▀[0m[38;2;65;65;65m[48;2;74;156;247m▀[0m[38;2;65;65;65m[48;2;74;156;247m▀[0m[38;2;74;156;247m[48;2;65;65;65m▀[0m[38;2;74;156;247m[48;2;65;65;65m▀[0m[38;2;65;65;65m[48;2;65;65;65m▀[0m[38;2;247;230;173m[48;2;74;156;247m▀[0m[38;2;247;230;173m[48;2;247;230;173m▀[0m[38;2;247;230;173m[48;2;206;189;132m▀[0m[38;2;247;230;173m[48;2;165;148;99m▀[0m[38;2;247;230;173m[48;2;0;0;0m▀[0m[38;2;0;0;0m▀
 [38;2;0;0;0m▀[38;2;123;206;255m[48;2;0;0;0m▀[0m[38;2;123;206;255m[48;2;0;0;0m▀[0m[38;2;123;206;255m[48;2;0;0;0m▀[0m[38;2;0;0;0m▀[38;2;0;0;0m[48;2;0;0;0m▀[0m[38;2;65;65;65m[48;2;247;230;173m▀[0m[38;2;65;65;65m[48;2;206;189;132m▀[0m[38;2;65;65;65m[48;2;206;189;132m▀[0m[38;2;65;65;65m[48;2;247;230;173m▀[0m[38;2;74;156;247m[48;2;123;206;255m▀[0m[38;2;74;156;247m[48;2;74;156;247m▀[0m[38;2;74;156;247m[48;2;66;123;214m▀[0m[38;2;74;156;247m[48;2;65;65;65m▀[0m[38;2;74;156;247m[48;2;65;65;65m▀[0m[38;2;74;156;247m[48;2;74;156;247m▀[0m[38;2;74;156;247m[48;2;206;189;132m▀[0m[38;2;206;189;132m[48;2;206;189;132m▀[0m[38;2;165;148;99m[48;2;206;189;132m▀[0m[38;2;165;148;99m[48;2;206;189;132m▀[0m[38;2;0;0;0m[48;2;206;189;132m▀[0m[38;2;0;0;0m▄ 
       [38;2;65;65;65m▀[38;2;247;230;173m[48;2;65;65;65m▀[0m[38;2;65;65;65m[48;2;123;206;255m▀[0m[38;2;65;65;65m[48;2;123;206;255m▀[0m[38;2;65;65;65m[48;2;66;123;214m▀[0m[38;2;123;206;255m[48;2;65;65;65m▀[0m[38;2;74;156;247m[48;2;74;156;247m▀[0m[38;2;74;156;247m[48;2;74;156;247m▀[0m[38;2;65;65;65m[48;2;0;0;0m▀[0m[38;2;0;0;0m▀[38;2;0;0;0m▀[38;2;0;0;0m▀[38;2;0;0;0m▀[38;2;0;0;0m▀[38;2;0;0;0m▀  
       [38;2;0;0;0m[48;2;0;0;0m▀[0m[38;2;123;206;255m[48;2;66;123;214m▀[0m[38;2;123;206;255m[48;2;74;156;247m▀[0m[38;2;74;156;247m[48;2;66;123;214m▀[0m[38;2;74;156;247m[48;2;65;65;65m▀[0m[38;2;65;65;65m[48;2;74;156;247m▀[0m[38;2;74;156;247m[48;2;66;123;214m▀[0m[38;2;0;0;0m[48;2;0;0;0m▀[0m         
        [38;2;0;0;0m▀[38;2;66;123;214m[48;2;0;0;0m▀[0m[38;2;74;156;247m[48;2;0;0;0m▀[0m[38;2;74;156;247m[48;2;0;0;0m▀[0m[38;2;66;123;214m[48;2;0;0;0m▀[0m[38;2;0;0;0m▀          
[0m
