              [38;2;0;0;0m▄[38;2;0;0;0m[48;2;246;246;238m▀[0m[38;2;0;0;0m▄              [38;2;0;0;0m▄[38;2;0;0;0m[48;2;246;246;238m▀[0m[38;2;0;0;0m▄            
             [38;2;0;0;0m▄[38;2;0;0;0m[48;2;200;194;186m▀[0m[38;2;246;246;238m[48;2;246;246;238m▀[0m[38;2;0;0;0m[48;2;169;169;169m▀[0m[38;2;0;0;0m▄            [38;2;0;0;0m▄[38;2;0;0;0m[48;2;246;246;238m▀[0m[38;2;246;246;238m[48;2;193;196;193m▀[0m[38;2;246;246;238m[48;2;246;246;238m▀[0m[38;2;0;0;0m[48;2;0;0;0m▀[0m           
            [38;2;0;0;0m▄[38;2;0;0;0m[48;2;197;194;189m▀[0m[38;2;200;194;186m[48;2;139;145;148m▀[0m[38;2;246;246;238m[48;2;200;194;186m▀[0m[38;2;255;255;255m[48;2;246;246;238m▀[0m[38;2;84;84;84m[48;2;135;145;148m▀[0m[38;2;0;0;0m[48;2;246;246;238m▀[0m[38;2;0;0;0m▄           [38;2;0;0;0m[48;2;0;0;0m▀[0m[38;2;139;145;148m[48;2;246;246;241m▀[0m[38;2;246;246;238m[48;2;246;246;241m▀[0m[38;2;246;246;238m[48;2;197;194;189m▀[0m[38;2;0;0;0m[48;2;197;194;189m▀[0m[38;2;0;0;0m▄         
             [38;2;0;0;0m▀[38;2;200;194;186m[48;2;0;0;0m▀[0m[38;2;200;194;186m[48;2;197;194;189m▀[0m[38;2;246;246;238m[48;2;197;195;191m▀[0m[38;2;246;246;238m[48;2;255;246;238m▀[0m[38;2;0;0;0m[48;2;153;156;153m▀[0m[38;2;0;0;0m▄          [38;2;0;0;0m▄[38;2;0;0;0m[48;2;246;246;238m▀[0m[38;2;246;246;241m[48;2;246;246;238m▀[0m[38;2;246;246;241m[48;2;135;145;148m▀[0m[38;2;197;194;189m[48;2;200;194;186m▀[0m[38;2;0;0;0m[48;2;200;194;186m▀[0m[38;2;0;0;0m▄         
              [38;2;0;0;0m▀[38;2;197;194;189m[48;2;0;0;0m▀[0m[38;2;197;195;191m[48;2;200;194;186m▀[0m[38;2;139;144;145m[48;2;200;194;186m▀[0m[38;2;230;234;230m[48;2;139;144;145m▀[0m[38;2;153;156;153m[48;2;255;246;238m▀[0m[38;2;0;0;0m[48;2;197;194;189m▀[0m[38;2;0;0;0m▄  [38;2;0;0;0m▄[38;2;0;0;0m▄[38;2;0;0;0m▄[38;2;0;0;0m▄ [38;2;0;0;0m▄[38;2;0;0;0m[48;2;246;246;241m▀[0m[38;2;246;246;238m[48;2;246;246;241m▀[0m[38;2;135;145;148m[48;2;246;246;238m▀[0m[38;2;246;246;238m[48;2;139;145;148m▀[0m[38;2;139;145;148m[48;2;197;194;189m▀[0m[38;2;200;194;186m[48;2;197;194;189m▀[0m[38;2;0;0;0m[48;2;0;0;0m▀[0m         
              [38;2;0;0;0m▀[38;2;197;194;189m[48;2;0;0;0m▀[0m[38;2;139;145;148m[48;2;0;0;0m▀[0m[38;2;200;194;186m[48;2;197;194;189m▀[0m[38;2;197;195;191m[48;2;197;194;189m▀[0m[38;2;197;195;191m[48;2;197;194;189m▀[0m[38;2;197;194;189m[48;2;65;64;65m▀[0m[38;2;65;64;63m[48;2;65;64;65m▀[0m[38;2;0;0;0m[48;2;235;213;178m▀[0m[38;2;0;0;0m[48;2;235;213;178m▀[0m[38;2;205;178;148m[48;2;238;213;175m▀[0m[38;2;205;178;148m[48;2;205;178;148m▀[0m[38;2;205;178;148m[48;2;202;180;148m▀[0m[38;2;205;178;148m[48;2;202;180;148m▀[0m[38;2;0;0;0m[48;2;65;64;65m▀[0m[38;2;65;64;65m[48;2;246;246;238m▀[0m[38;2;246;246;241m[48;2;246;246;241m▀[0m[38;2;246;246;241m[48;2;246;246;241m▀[0m[38;2;246;246;238m[48;2;200;194;189m▀[0m[38;2;193;196;193m[48;2;200;194;189m▀[0m[38;2;197;194;189m[48;2;197;198;197m▀[0m[38;2;0;0;0m[48;2;0;4;8m▀[0m   [38;2;0;0;0m▄[38;2;0;0;0m▄[38;2;0;0;0m[48;2;246;238;238m▀[0m[38;2;0;0;0m▄ [38;2;0;0;0m▄ 
                 [38;2;0;0;0m▀[38;2;197;194;189m[48;2;0;0;0m▀[0m[38;2;65;64;65m[48;2;68;60;52m▀[0m[38;2;65;64;65m[48;2;202;180;148m▀[0m[38;2;238;214;180m[48;2;202;180;148m▀[0m[38;2;235;213;178m[48;2;238;213;175m▀[0m[38;2;235;213;178m[48;2;238;213;175m▀[0m[38;2;238;213;175m[48;2;238;213;175m▀[0m[38;2;238;213;175m[48;2;205;178;148m▀[0m[38;2;202;180;148m[48;2;205;178;148m▀[0m[38;2;202;180;148m[48;2;205;178;148m▀[0m[38;2;65;64;65m[48;2;205;178;148m▀[0m[38;2;246;246;238m[48;2;65;64;65m▀[0m[38;2;246;246;241m[48;2;255;250;246m▀[0m[38;2;246;246;241m[48;2;194;190;186m▀[0m[38;2;200;194;189m[48;2;197;194;189m▀[0m[38;2;200;194;189m[48;2;197;194;189m▀[0m[38;2;131;133;134m[48;2;65;64;65m▀[0m[38;2;197;198;197m[48;2;0;0;0m▀[0m[38;2;0;0;0m▀ [38;2;0;0;0m[48;2;8;0;0m▀[0m[38;2;255;255;255m[48;2;255;255;255m▀[0m[38;2;82;79;79m[48;2;156;135;127m▀[0m[38;2;164;159;159m[48;2;205;178;148m▀[0m[38;2;156;137;131m[48;2;90;72;74m▀[0m[38;2;0;0;0m[48;2;161;140;123m▀[0m[38;2;255;255;255m[48;2;255;255;255m▀[0m[38;2;0;0;0m[48;2;0;0;0m▀[0m
 [38;2;0;0;0m▄[38;2;0;0;0m[48;2;255;255;255m▀[0m[38;2;0;0;0m[48;2;255;255;255m▀[0m[38;2;0;0;0m[48;2;90;83;84m▀[0m[38;2;8;0;0m▄[38;2;0;0;0m▄          [38;2;0;0;0m▄[38;2;0;0;0m[48;2;255;255;255m▀[0m[38;2;205;182;156m[48;2;65;64;65m▀[0m[38;2;202;180;148m[48;2;205;178;148m▀[0m[38;2;202;180;148m[48;2;205;178;148m▀[0m[38;2;205;178;148m[48;2;202;180;148m▀[0m[38;2;205;178;148m[48;2;202;180;148m▀[0m[38;2;205;178;148m[48;2;213;186;164m▀[0m[38;2;205;178;148m[48;2;142;125;112m▀[0m[38;2;205;178;148m[48;2;156;135;127m▀[0m[38;2;65;64;65m[48;2;255;255;255m▀[0m[38;2;65;64;65m[48;2;156;135;127m▀[0m[38;2;205;178;148m[48;2;205;178;148m▀[0m[38;2;74;68;65m[48;2;205;178;148m▀[0m[38;2;194;190;186m[48;2;65;64;65m▀[0m[38;2;197;194;189m[48;2;76;67;63m▀[0m[38;2;65;64;65m[48;2;0;0;0m▀[0m[38;2;0;0;0m▀   [38;2;8;0;0m▀[38;2;131;127;127m[48;2;0;0;0m▀[0m[38;2;205;178;148m[48;2;74;63;63m▀[0m[38;2;205;178;148m[48;2;74;63;63m▀[0m[38;2;197;174;148m[48;2;197;170;148m▀[0m[38;2;161;140;123m[48;2;98;85;74m▀[0m[38;2;0;0;0m[48;2;0;0;0m▀[0m 
[38;2;0;0;0m▀[38;2;222;222;222m[48;2;0;0;0m▀[0m[38;2;112;87;84m[48;2;0;0;0m▀[0m[38;2;112;87;84m[48;2;0;0;0m▀[0m[38;2;90;83;84m[48;2;131;105;98m▀[0m[38;2;255;250;255m[48;2;87;70;65m▀[0m[38;2;172;157;139m[48;2;131;99;94m▀[0m[38;2;0;0;0m[48;2;65;64;65m▀[0m[38;2;0;0;0m▄       [38;2;0;4;8m▄[38;2;0;0;0m[48;2;68;63;57m▀[0m[38;2;255;255;255m[48;2;164;137;115m▀[0m[38;2;65;64;65m[48;2;255;255;246m▀[0m[38;2;0;0;0m[48;2;0;0;0m▀[0m[38;2;205;178;148m[48;2;205;178;148m▀[0m[38;2;202;180;148m[48;2;205;178;148m▀[0m[38;2;202;180;148m[48;2;65;64;65m▀[0m[38;2;71;64;60m[48;2;255;255;255m▀[0m[38;2;0;4;8m[48;2;82;68;65m▀[0m[38;2;255;255;255m[48;2;255;255;255m▀[0m[38;2;255;255;255m[48;2;255;255;255m▀[0m[38;2;156;135;127m[48;2;202;180;148m▀[0m[38;2;205;178;148m[48;2;202;180;148m▀[0m[38;2;205;178;148m[48;2;205;178;148m▀[0m[38;2;159;140;120m[48;2;156;135;127m▀[0m[38;2;153;134;126m[48;2;156;135;127m▀[0m[38;2;153;134;126m[48;2;156;135;127m▀[0m[38;2;0;0;0m[48;2;68;63;54m▀[0m[38;2;0;4;8m▄    [38;2;8;4;16m[48;2;0;0;0m▀[0m[38;2;205;182;156m[48;2;205;178;148m▀[0m[38;2;98;85;74m[48;2;205;178;148m▀[0m[38;2;0;0;0m[48;2;0;0;0m▀[0m  
    [38;2;0;0;0m▀[38;2;0;0;0m▀[38;2;65;64;65m[48;2;0;0;0m▀[0m[38;2;65;64;65m[48;2;156;137;131m▀[0m[38;2;156;137;131m[48;2;159;134;126m▀[0m[38;2;0;0;0m[48;2;159;134;126m▀[0m[38;2;0;0;0m▄[38;2;0;0;0m▄  [38;2;0;0;0m▄[38;2;0;0;0m[48;2;109;91;82m▀[0m[38;2;205;182;156m[48;2;205;178;148m▀[0m[38;2;68;63;57m[48;2;65;64;65m▀[0m[38;2;194;176;159m[48;2;205;178;148m▀[0m[38;2;194;176;159m[48;2;205;178;148m▀[0m[38;2;205;178;148m[48;2;197;186;164m▀[0m[38;2;205;178;148m[48;2;65;64;65m▀[0m[38;2;205;178;148m[48;2;65;64;65m▀[0m[38;2;205;178;148m[48;2;65;64;65m▀[0m[38;2;139;130;128m[48;2;205;178;148m▀[0m[38;2;139;130;128m[48;2;205;178;148m▀[0m[38;2;164;137;115m[48;2;202;180;148m▀[0m[38;2;194;176;161m[48;2;202;180;148m▀[0m[38;2;202;180;148m[48;2;205;178;148m▀[0m[38;2;202;180;148m[48;2;205;178;148m▀[0m[38;2;156;135;127m[48;2;156;136;128m▀[0m[38;2;156;135;127m[48;2;156;136;128m▀[0m[38;2;156;135;127m[48;2;65;64;65m▀[0m[38;2;65;64;65m[48;2;205;178;148m▀[0m[38;2;205;182;148m[48;2;238;213;175m▀[0m[38;2;205;182;148m[48;2;205;178;148m▀[0m[38;2;0;0;0m[48;2;197;170;148m▀[0m[38;2;0;0;0m▄   [38;2;0;0;0m[48;2;0;0;0m▀[0m[38;2;205;178;148m[48;2;205;178;148m▀[0m[38;2;0;0;0m[48;2;205;178;148m▀[0m[38;2;0;0;0m▄ 
       [38;2;0;0;0m▀[38;2;0;0;0m▀[38;2;159;134;126m[48;2;0;0;0m▀[0m[38;2;159;134;126m[48;2;0;0;0m▀[0m[38;2;159;134;126m[48;2;156;137;131m▀[0m[38;2;0;0;0m[48;2;153;134;126m▀[0m[38;2;0;0;0m[48;2;76;67;63m▀[0m[38;2;164;137;123m[48;2;156;137;131m▀[0m[38;2;109;91;82m[48;2;0;0;0m▀[0m[38;2;159;140;120m[48;2;0;0;0m▀[0m[38;2;205;178;148m[48;2;156;137;131m▀[0m[38;2;65;64;65m[48;2;68;63;57m▀[0m[38;2;205;178;148m[48;2;205;182;156m▀[0m[38;2;65;64;65m[48;2;65;64;65m▀[0m[38;2;197;186;164m[48;2;65;64;65m▀[0m[38;2;65;64;65m[48;2;65;64;65m▀[0m[38;2;246;246;238m[48;2;65;64;65m▀[0m[38;2;65;64;65m[48;2;65;64;65m▀[0m[38;2;65;64;65m[48;2;65;64;65m▀[0m[38;2;202;180;148m[48;2;65;60;57m▀[0m[38;2;202;180;148m[48;2;205;178;139m▀[0m[38;2;205;178;148m[48;2;156;135;127m▀[0m[38;2;156;135;127m[48;2;156;135;127m▀[0m[38;2;156;136;128m[48;2;156;135;127m▀[0m[38;2;156;136;128m[48;2;115;93;74m▀[0m[38;2;65;64;65m[48;2;101;89;79m▀[0m[38;2;205;178;148m[48;2;156;137;123m▀[0m[38;2;205;178;148m[48;2;205;178;148m▀[0m[38;2;205;178;148m[48;2;156;135;127m▀[0m[38;2;98;85;74m[48;2;82;70;65m▀[0m[38;2;98;85;74m[48;2;156;137;131m▀[0m[38;2;0;0;0m[48;2;159;134;126m▀[0m[38;2;0;0;0m▄[38;2;8;4;0m▄[38;2;0;0;0m[48;2;156;137;131m▀[0m[38;2;205;178;148m[48;2;159;134;126m▀[0m[38;2;156;135;127m[48;2;0;0;0m▀[0m[38;2;0;0;0m▀ 
           [38;2;0;0;0m▀[38;2;0;0;0m▀[38;2;0;0;0m▀[38;2;0;0;0m▀  [38;2;0;0;0m▀[38;2;0;4;8m▀[38;2;68;63;57m[48;2;0;0;0m▀[0m[38;2;65;64;65m[48;2;148;133;131m▀[0m[38;2;197;194;189m[48;2;74;66;65m▀[0m[38;2;65;64;65m[48;2;65;64;65m▀[0m[38;2;65;64;65m[48;2;65;64;65m▀[0m[38;2;246;246;238m[48;2;65;64;65m▀[0m[38;2;246;246;238m[48;2;65;64;65m▀[0m[38;2;65;60;57m[48;2;65;64;65m▀[0m[38;2;112;99;84m[48;2;65;64;65m▀[0m[38;2;115;93;74m[48;2;156;136;128m▀[0m[38;2;115;93;74m[48;2;156;136;128m▀[0m[38;2;115;93;74m[48;2;156;136;128m▀[0m[38;2;156;135;127m[48;2;156;136;128m▀[0m[38;2;156;137;123m[48;2;156;135;127m▀[0m[38;2;74;64;57m[48;2;156;135;127m▀[0m[38;2;156;135;127m[48;2;74;66;65m▀[0m[38;2;156;135;127m[48;2;74;66;65m▀[0m[38;2;156;137;131m[48;2;0;0;0m▀[0m[38;2;8;4;0m▀[38;2;0;0;0m▀[38;2;159;134;126m[48;2;0;0;0m▀[0m[38;2;82;70;65m[48;2;0;0;0m▀[0m[38;2;156;137;131m[48;2;0;0;0m▀[0m[38;2;159;134;126m[48;2;0;0;0m▀[0m[38;2;0;0;0m▀  
                   [38;2;0;0;0m▄[38;2;0;0;0m[48;2;65;64;65m▀[0m[38;2;74;66;65m[48;2;156;135;127m▀[0m[38;2;197;194;189m[48;2;65;64;65m▀[0m[38;2;65;64;65m[48;2;112;91;71m▀[0m[38;2;65;64;65m[48;2;112;91;71m▀[0m[38;2;246;246;238m[48;2;112;91;71m▀[0m[38;2;246;246;238m[48;2;65;64;65m▀[0m[38;2;65;64;65m[48;2;65;64;65m▀[0m[38;2;156;136;128m[48;2;156;135;127m▀[0m[38;2;156;136;128m[48;2;115;93;74m▀[0m[38;2;156;136;128m[48;2;115;93;74m▀[0m[38;2;156;136;128m[48;2;115;93;74m▀[0m[38;2;115;93;74m[48;2;159;136;126m▀[0m[38;2;115;93;74m[48;2;95;74;71m▀[0m[38;2;148;133;131m[48;2;82;68;65m▀[0m[38;2;0;0;0m[48;2;0;0;0m▀[0m          
                 [38;2;0;0;0m▄[38;2;0;0;0m[48;2;156;135;127m▀[0m[38;2;156;137;131m[48;2;205;178;148m▀[0m[38;2;156;135;127m[48;2;159;136;126m▀[0m[38;2;65;64;65m[48;2;159;136;126m▀[0m[38;2;112;91;71m[48;2;65;60;65m▀[0m[38;2;65;64;65m[48;2;156;133;123m▀[0m[38;2;65;64;65m[48;2;159;134;126m▀[0m[38;2;65;64;65m[48;2;159;134;126m▀[0m[38;2;65;64;65m[48;2;156;135;127m▀[0m[38;2;112;91;71m[48;2;156;135;127m▀[0m[38;2;115;93;74m[48;2;156;135;127m▀[0m[38;2;156;135;127m[48;2;156;135;127m▀[0m[38;2;156;135;127m[48;2;161;143;123m▀[0m[38;2;156;135;127m[48;2;90;72;74m▀[0m[38;2;95;74;71m[48;2;205;178;148m▀[0m[38;2;159;136;126m[48;2;205;178;148m▀[0m[38;2;164;137;131m[48;2;205;178;148m▀[0m[38;2;0;0;0m[48;2;156;135;127m▀[0m[38;2;0;0;0m▄         
                 [38;2;0;0;0m▀[38;2;156;135;127m[48;2;0;0;0m▀[0m[38;2;156;135;127m[48;2;79;68;65m▀[0m[38;2;159;136;126m[48;2;95;74;71m▀[0m[38;2;95;74;71m[48;2;95;74;71m▀[0m[38;2;95;84;84m[48;2;159;134;126m▀[0m[38;2;65;60;65m[48;2;0;0;0m▀[0m[38;2;0;0;0m▀[38;2;159;134;126m[48;2;0;0;0m▀[0m[38;2;156;135;127m[48;2;0;0;0m▀[0m[38;2;115;93;74m[48;2;156;137;131m▀[0m[38;2;115;93;74m[48;2;159;134;126m▀[0m[38;2;115;93;74m[48;2;159;134;126m▀[0m[38;2;90;72;74m[48;2;102;89;74m▀[0m[38;2;197;178;148m[48;2;102;89;74m▀[0m[38;2;205;178;148m[48;2;205;178;148m▀[0m[38;2;238;213;175m[48;2;205;178;148m▀[0m[38;2;205;178;148m[48;2;205;178;148m▀[0m[38;2;205;178;148m[48;2;112;91;71m▀[0m[38;2;0;0;0m[48;2;0;0;0m▀[0m         
                [38;2;0;0;0m▄[38;2;0;0;0m[48;2;197;194;189m▀[0m[38;2;79;68;65m[48;2;197;194;189m▀[0m[38;2;159;137;131m[48;2;65;64;63m▀[0m[38;2;159;136;126m[48;2;164;159;159m▀[0m[38;2;159;136;126m[48;2;82;79;79m▀[0m[38;2;159;134;126m[48;2;82;79;79m▀[0m[38;2;159;134;126m[48;2;164;159;159m▀[0m[38;2;0;0;0m[48;2;0;0;0m▀[0m  [38;2;0;0;0m▀[38;2;0;0;0m▀[38;2;0;0;0m▀[38;2;0;0;0m▀[38;2;205;178;148m[48;2;0;0;0m▀[0m[38;2;112;91;71m[48;2;202;180;150m▀[0m[38;2;112;91;71m[48;2;202;180;150m▀[0m[38;2;112;91;71m[48;2;202;180;150m▀[0m[38;2;205;178;148m[48;2;202;180;150m▀[0m[38;2;0;0;0m[48;2;197;174;148m▀[0m[38;2;0;0;0m▄        
                 [38;2;0;0;0m▀[38;2;0;0;0m▀[38;2;0;0;0m▀[38;2;0;0;0m▀[38;2;246;238;238m[48;2;0;0;0m▀[0m[38;2;246;238;238m[48;2;0;0;0m▀[0m[38;2;0;0;0m▀      [38;2;0;0;0m▄[38;2;0;0;0m[48;2;255;255;255m▀[0m[38;2;98;72;74m[48;2;255;255;255m▀[0m[38;2;202;180;150m[48;2;0;0;0m▀[0m[38;2;202;180;150m[48;2;0;0;0m▀[0m[38;2;98;72;74m[48;2;255;255;255m▀[0m[38;2;98;87;74m[48;2;255;255;255m▀[0m[38;2;0;0;0m[48;2;0;0;0m▀[0m        
                               [38;2;0;0;0m▀[38;2;0;0;0m▀  [38;2;0;0;0m▀[38;2;0;0;0m▀         
[0m
