   [38;2;0;0;0m[48;2;0;0;0m▀[0m[38;2;0;0;0m[48;2;255;255;255m▀[0m[38;2;0;0;0m▄[38;2;0;0;0m▄[38;2;0;0;0m▄        
  [38;2;0;0;0m▄[38;2;0;0;0m[48;2;181;132;58m▀[0m[38;2;255;255;255m[48;2;255;255;255m▀[0m[38;2;255;255;255m[48;2;189;189;189m▀[0m[38;2;148;99;58m[48;2;148;99;58m▀[0m[38;2;214;173;74m[48;2;214;173;74m▀[0m[38;2;0;0;0m[48;2;214;173;74m▀[0m[38;2;0;0;0m[48;2;181;132;58m▀[0m[38;2;0;0;0m▄     
 [38;2;0;0;0m▄[38;2;0;0;0m[48;2;214;173;74m▀[0m[38;2;214;173;74m[48;2;214;173;74m▀[0m[38;2;148;99;58m[48;2;214;173;74m▀[0m[38;2;148;99;58m[48;2;214;173;74m▀[0m[38;2;214;173;74m[48;2;214;173;74m▀[0m[38;2;214;173;74m[48;2;214;173;74m▀[0m[38;2;214;173;74m[48;2;214;173;74m▀[0m[38;2;214;173;74m[48;2;214;173;74m▀[0m[38;2;0;0;0m[48;2;214;173;74m▀[0m[38;2;0;0;0m▄    
[38;2;0;0;0m▄[38;2;0;0;0m[48;2;239;115;156m▀[0m[38;2;148;99;58m[48;2;214;74;115m▀[0m[38;2;214;173;74m[48;2;65;65;65m▀[0m[38;2;214;173;74m[48;2;214;173;74m▀[0m[38;2;214;173;74m[48;2;214;173;74m▀[0m[38;2;255;255;255m[48;2;0;0;0m▀[0m[38;2;0;0;0m[48;2;65;65;65m▀[0m[38;2;214;173;74m[48;2;214;173;74m▀[0m[38;2;214;173;74m[48;2;214;173;74m▀[0m[38;2;214;173;74m[48;2;181;132;58m▀[0m[38;2;0;0;0m[48;2;0;0;0m▀[0m    
[38;2;0;0;0m▀[38;2;214;74;115m[48;2;0;0;0m▀[0m[38;2;214;74;115m[48;2;214;74;115m▀[0m[38;2;214;74;115m[48;2;214;74;115m▀[0m[38;2;65;65;65m[48;2;65;65;65m▀[0m[38;2;214;173;74m[48;2;181;132;58m▀[0m[38;2;214;173;74m[48;2;181;132;58m▀[0m[38;2;214;173;74m[48;2;181;132;58m▀[0m[38;2;181;132;58m[48;2;181;132;58m▀[0m[38;2;181;132;58m[48;2;148;99;58m▀[0m[38;2;0;0;0m[48;2;0;0;0m▀[0m   [38;2;0;0;0m▄ 
  [38;2;0;0;0m▀[38;2;0;0;0m▀[38;2;181;132;58m[48;2;0;0;0m▀[0m[38;2;181;132;58m[48;2;65;65;65m▀[0m[38;2;181;132;58m[48;2;65;65;65m▀[0m[38;2;181;132;58m[48;2;65;65;65m▀[0m[38;2;65;65;65m[48;2;181;132;58m▀[0m[38;2;0;0;0m[48;2;181;132;58m▀[0m[38;2;0;0;0m▄ [38;2;0;0;0m▄[38;2;0;0;0m[48;2;189;189;189m▀[0m[38;2;189;189;189m[48;2;189;189;189m▀[0m[38;2;0;0;0m[48;2;0;0;0m▀[0m
    [38;2;0;0;0m▀[38;2;214;74;115m[48;2;0;0;0m▀[0m[38;2;214;173;74m[48;2;181;132;58m▀[0m[38;2;214;173;74m[48;2;181;132;58m▀[0m[38;2;214;74;115m[48;2;181;132;58m▀[0m[38;2;181;132;58m[48;2;65;65;65m▀[0m[38;2;0;0;0m[48;2;181;132;58m▀[0m[38;2;0;0;0m▄[38;2;0;0;0m[48;2;181;132;58m▀[0m[38;2;189;189;189m[48;2;0;0;0m▀[0m[38;2;0;0;0m▀ 
      [38;2;0;0;0m▀[38;2;65;65;65m[48;2;0;0;0m▀[0m[38;2;65;65;65m[48;2;181;132;58m▀[0m[38;2;181;132;58m[48;2;214;74;115m▀[0m[38;2;181;132;58m[48;2;181;132;58m▀[0m[38;2;181;132;58m[48;2;0;0;0m▀[0m[38;2;65;65;65m[48;2;0;0;0m▀[0m[38;2;0;0;0m▀  
        [38;2;0;0;0m▀[38;2;0;0;0m▀[38;2;0;0;0m▀     
[0m
