     [38;2;0;0;0m[48;2;0;0;0m▀[0m[38;2;0;0;0m▄          
     [38;2;0;0;0m[48;2;0;0;0m▀[0m[38;2;0;0;0m[48;2;0;0;0m▀[0m[38;2;0;0;0m[48;2;0;0;0m▀[0m   [38;2;0;0;0m▄[38;2;0;0;0m▄[38;2;0;0;0m[48;2;0;0;0m▀[0m[38;2;0;0;0m[48;2;0;0;0m▀[0m  
    [38;2;0;0;0m▄[38;2;0;0;0m▄[38;2;0;0;0m[48;2;65;65;65m▀[0m[38;2;0;0;0m[48;2;156;107;82m▀[0m[38;2;0;0;0m[48;2;197;148;90m▀[0m[38;2;0;0;0m[48;2;197;148;90m▀[0m[38;2;0;0;0m[48;2;65;65;65m▀[0m[38;2;0;0;0m[48;2;0;0;0m▀[0m[38;2;0;0;0m[48;2;0;0;0m▀[0m[38;2;0;0;0m▀   
   [38;2;0;0;0m[48;2;0;0;0m▀[0m[38;2;65;65;65m[48;2;247;99;82m▀[0m[38;2;247;99;82m[48;2;247;99;82m▀[0m[38;2;65;65;65m[48;2;65;65;65m▀[0m[38;2;197;148;90m[48;2;197;148;90m▀[0m[38;2;197;148;90m[48;2;65;65;65m▀[0m[38;2;65;65;65m[48;2;65;65;65m▀[0m[38;2;65;65;65m[48;2;65;65;65m▀[0m[38;2;197;148;90m[48;2;65;65;65m▀[0m[38;2;197;148;90m[48;2;197;148;90m▀[0m[38;2;0;0;0m[48;2;197;148;90m▀[0m[38;2;0;0;0m▄  
[38;2;0;0;0m▄[38;2;0;0;0m[48;2;197;148;90m▀[0m[38;2;0;0;0m[48;2;0;0;0m▀[0m[38;2;65;65;65m[48;2;65;65;65m▀[0m[38;2;0;0;0m[48;2;247;99;82m▀[0m[38;2;247;99;82m[48;2;239;197;230m▀[0m[38;2;65;65;65m[48;2;222;156;206m▀[0m[38;2;65;65;65m[48;2;65;65;65m▀[0m[38;2;65;65;65m[48;2;247;99;82m▀[0m[38;2;247;99;82m[48;2;247;99;82m▀[0m[38;2;247;99;82m[48;2;247;99;82m▀[0m[38;2;65;65;65m[48;2;247;99;82m▀[0m[38;2;65;65;65m[48;2;65;65;65m▀[0m[38;2;197;148;90m[48;2;197;148;90m▀[0m[38;2;0;0;0m[48;2;197;148;90m▀[0m[38;2;0;0;0m▄ 
 [38;2;0;0;0m▀[38;2;0;0;0m[48;2;0;0;0m▀[0m[38;2;255;222;156m[48;2;255;222;156m▀[0m[38;2;65;65;65m[48;2;255;222;156m▀[0m[38;2;222;156;206m[48;2;65;65;65m▀[0m[38;2;65;65;65m[48;2;255;222;156m▀[0m[38;2;65;65;65m[48;2;65;65;65m▀[0m[38;2;247;99;82m[48;2;65;65;65m▀[0m[38;2;0;0;0m[48;2;247;99;82m▀[0m[38;2;247;99;82m[48;2;247;99;82m▀[0m[38;2;247;99;82m[48;2;65;65;65m▀[0m[38;2;65;65;65m[48;2;65;65;65m▀[0m[38;2;197;148;90m[48;2;197;148;90m▀[0m[38;2;197;148;90m[48;2;65;65;65m▀[0m[38;2;0;0;0m[48;2;0;0;0m▀[0m 
   [38;2;0;0;0m[48;2;0;0;0m▀[0m[38;2;255;222;156m[48;2;255;222;156m▀[0m[38;2;255;222;156m[48;2;255;222;156m▀[0m[38;2;255;222;156m[48;2;255;222;156m▀[0m[38;2;255;222;156m[48;2;255;222;156m▀[0m[38;2;65;65;65m[48;2;255;222;156m▀[0m[38;2;65;65;65m[48;2;255;222;156m▀[0m[38;2;65;65;65m[48;2;214;173;132m▀[0m[38;2;65;65;65m[48;2;156;107;82m▀[0m[38;2;156;107;82m[48;2;156;107;82m▀[0m[38;2;65;65;65m[48;2;156;107;82m▀[0m[38;2;197;148;90m[48;2;0;0;0m▀[0m[38;2;197;148;90m[48;2;0;0;0m▀[0m[38;2;0;0;0m▀
    [38;2;0;0;0m▀[38;2;255;222;156m[48;2;0;0;0m▀[0m[38;2;255;222;156m[48;2;197;148;90m▀[0m[38;2;255;222;156m[48;2;214;173;132m▀[0m[38;2;255;222;156m[48;2;214;173;132m▀[0m[38;2;214;173;132m[48;2;214;173;132m▀[0m[38;2;214;173;132m[48;2;156;107;82m▀[0m[38;2;156;107;82m[48;2;156;107;82m▀[0m[38;2;156;107;82m[48;2;0;0;0m▀[0m[38;2;0;0;0m▀   
     [38;2;0;0;0m▄[38;2;0;0;0m[48;2;255;255;255m▀[0m[38;2;65;65;65m[48;2;156;107;140m▀[0m[38;2;65;65;65m[48;2;222;156;206m▀[0m[38;2;65;65;65m[48;2;222;156;206m▀[0m[38;2;65;65;65m[48;2;222;156;206m▀[0m[38;2;0;0;0m[48;2;156;107;140m▀[0m[38;2;0;0;0m▄    
     [38;2;0;0;0m▀[38;2;0;0;0m▀[38;2;255;255;255m[48;2;0;0;0m▀[0m[38;2;222;156;206m[48;2;0;0;0m▀[0m[38;2;0;0;0m▀[38;2;222;156;206m[48;2;0;0;0m▀[0m[38;2;255;255;255m[48;2;0;0;0m▀[0m[38;2;0;0;0m▀    
[0m
