  [38;2;0;0;0m▄[38;2;0;0;0m[48;2;0;0;0m▀[0m      [38;2;0;0;0m▄        
[38;2;0;0;0m▄[38;2;0;0;0m[48;2;0;0;0m▀[0m[38;2;0;0;0m[48;2;0;0;0m▀[0m     [38;2;0;0;0m▄[38;2;0;0;0m[48;2;0;0;0m▀[0m[38;2;0;0;0m[48;2;0;0;0m▀[0m        
[38;2;0;0;0m[48;2;0;0;0m▀[0m[38;2;0;0;0m[48;2;0;0;0m▀[0m [38;2;0;0;0m▄[38;2;0;0;0m▄[38;2;0;0;0m[48;2;255;123;115m▀[0m[38;2;0;0;0m[48;2;0;0;0m▀[0m[38;2;0;0;0m[48;2;0;0;0m▀[0m[38;2;0;0;0m[48;2;0;0;0m▀[0m[38;2;0;0;0m[48;2;0;0;0m▀[0m         
 [38;2;0;0;0m[48;2;0;0;0m▀[0m[38;2;0;0;0m[48;2;65;65;65m▀[0m[38;2;255;123;115m[48;2;65;65;65m▀[0m[38;2;255;123;115m[48;2;255;123;115m▀[0m[38;2;255;123;115m[48;2;0;0;0m▀[0m[38;2;0;0;0m[48;2;65;65;65m▀[0m[38;2;0;0;0m[48;2;255;123;115m▀[0m[38;2;255;123;115m[48;2;255;123;115m▀[0m[38;2;173;49;58m[48;2;255;123;115m▀[0m[38;2;0;0;0m[48;2;173;49;58m▀[0m[38;2;0;0;0m▄       
[38;2;0;0;0m[48;2;0;0;0m▀[0m[38;2;255;255;255m[48;2;206;239;230m▀[0m[38;2;65;65;65m[48;2;255;123;115m▀[0m[38;2;65;65;65m[48;2;255;123;115m▀[0m[38;2;255;123;115m[48;2;255;123;115m▀[0m[38;2;0;0;0m[48;2;255;255;255m▀[0m[38;2;58;132;247m[48;2;255;255;255m▀[0m[38;2;0;0;0m[48;2;41;82;156m▀[0m[38;2;255;123;115m[48;2;0;0;0m▀[0m[38;2;255;123;115m[48;2;255;123;115m▀[0m[38;2;222;82;99m[48;2;222;82;99m▀[0m[38;2;0;0;0m[48;2;65;65;65m▀[0m[38;2;0;0;0m▄[38;2;0;0;0m[48;2;222;82;99m▀[0m[38;2;0;0;0m[48;2;222;82;99m▀[0m[38;2;0;0;0m[48;2;222;82;99m▀[0m[38;2;0;0;0m▄  
[38;2;0;0;0m[48;2;0;0;0m▀[0m[38;2;58;132;247m[48;2;41;82;156m▀[0m[38;2;255;123;115m[48;2;255;123;115m▀[0m[38;2;255;123;115m[48;2;255;123;115m▀[0m[38;2;255;123;115m[48;2;255;123;115m▀[0m[38;2;206;239;230m[48;2;41;82;156m▀[0m[38;2;123;181;255m[48;2;58;132;247m▀[0m[38;2;41;82;156m[48;2;41;82;156m▀[0m[38;2;0;0;0m[48;2;239;239;123m▀[0m[38;2;222;82;99m[48;2;222;82;99m▀[0m[38;2;222;82;99m[48;2;65;65;65m▀[0m[38;2;65;65;65m[48;2;222;82;99m▀[0m[38;2;222;82;99m[48;2;189;165;66m▀[0m[38;2;189;165;66m[48;2;189;165;66m▀[0m[38;2;189;165;66m[48;2;123;181;255m▀[0m[38;2;189;165;66m[48;2;123;181;255m▀[0m[38;2;173;49;58m[48;2;206;239;230m▀[0m[38;2;0;0;0m[48;2;206;239;230m▀[0m[38;2;0;0;0m▄
 [38;2;0;0;0m▀[38;2;255;123;115m[48;2;0;0;0m▀[0m[38;2;255;123;115m[48;2;239;239;123m▀[0m[38;2;239;239;123m[48;2;239;239;123m▀[0m[38;2;0;0;0m[48;2;239;239;123m▀[0m[38;2;41;82;156m[48;2;189;165;66m▀[0m[38;2;239;239;123m[48;2;65;65;65m▀[0m[38;2;189;165;66m[48;2;65;65;65m▀[0m[38;2;173;49;58m[48;2;65;65;65m▀[0m[38;2;65;65;65m[48;2;255;255;255m▀[0m[38;2;65;65;65m[48;2;255;255;255m▀[0m[38;2;189;165;66m[48;2;65;65;65m▀[0m[38;2;123;181;255m[48;2;206;239;230m▀[0m[38;2;206;239;230m[48;2;206;239;230m▀[0m[38;2;206;239;230m[48;2;206;239;230m▀[0m[38;2;206;239;230m[48;2;206;239;230m▀[0m[38;2;206;239;230m[48;2;206;239;230m▀[0m[38;2;0;0;0m[48;2;0;0;0m▀[0m
   [38;2;0;0;0m▀[38;2;0;0;0m[48;2;0;0;0m▀[0m[38;2;65;65;65m[48;2;189;189;189m▀[0m[38;2;65;65;65m[48;2;65;65;65m▀[0m[38;2;189;165;66m[48;2;239;239;123m▀[0m[38;2;189;165;66m[48;2;189;165;66m▀[0m[38;2;65;65;65m[48;2;239;239;123m▀[0m[38;2;255;255;255m[48;2;65;65;65m▀[0m[38;2;189;189;189m[48;2;65;65;65m▀[0m[38;2;65;65;65m[48;2;189;189;189m▀[0m[38;2;173;49;58m[48;2;173;49;58m▀[0m[38;2;206;239;230m[48;2;65;65;65m▀[0m[38;2;206;239;230m[48;2;0;0;0m▀[0m[38;2;206;239;230m[48;2;0;0;0m▀[0m[38;2;0;0;0m▀ 
     [38;2;0;0;0m▀[38;2;0;0;0m▀[38;2;123;107;49m[48;2;0;0;0m▀[0m[38;2;239;239;123m[48;2;65;65;65m▀[0m[38;2;189;165;66m[48;2;123;107;49m▀[0m[38;2;0;0;0m[48;2;65;65;65m▀[0m[38;2;189;189;189m[48;2;0;0;0m▀[0m[38;2;189;189;189m[48;2;0;0;0m▀[0m[38;2;65;65;65m[48;2;65;65;65m▀[0m[38;2;0;0;0m[48;2;173;49;58m▀[0m[38;2;0;0;0m▄   
       [38;2;0;0;0m▀[38;2;222;82;99m[48;2;0;0;0m▀[0m[38;2;173;49;58m[48;2;0;0;0m▀[0m[38;2;0;0;0m▀ [38;2;0;0;0m[48;2;0;0;0m▀[0m[38;2;65;65;65m[48;2;222;82;99m▀[0m[38;2;173;49;58m[48;2;173;49;58m▀[0m[38;2;0;0;0m[48;2;0;0;0m▀[0m   
             [38;2;0;0;0m▀[38;2;0;0;0m▀    
[0m
