[38;2;0;0;0m▄[38;2;0;0;0m[48;2;123;101;156m▀[0m[38;2;0;0;0m[48;2;123;101;156m▀[0m[38;2;0;0;0m▄[38;2;0;0;0m▄                                         
 [38;2;0;0;0m▀[38;2;71;74;109m[48;2;0;4;0m▀[0m[38;2;106;109;164m[48;2;71;74;109m▀[0m[38;2;123;101;156m[48;2;123;101;156m▀[0m[38;2;0;0;0m[48;2;123;101;156m▀[0m[38;2;0;0;0m▄[38;2;0;0;0m[48;2;123;101;156m▀[0m[38;2;0;0;0m[48;2;123;101;156m▀[0m[38;2;0;0;0m▄                                    
  [38;2;0;0;0m▀[38;2;49;141;148m[48;2;0;0;0m▀[0m[38;2;57;84;112m[48;2;57;84;112m▀[0m[38;2;123;101;156m[48;2;123;101;156m▀[0m[38;2;123;99;156m[48;2;123;99;156m▀[0m[38;2;65;64;65m[48;2;123;99;156m▀[0m[38;2;0;0;0m[48;2;123;101;156m▀[0m[38;2;0;0;0m▄                    [38;2;0;0;0m▄[38;2;0;0;0m[48;2;156;137;222m▀[0m[38;2;0;0;0m[48;2;123;101;156m▀[0m[38;2;0;0;0m▄ [38;2;0;0;0m▄[38;2;0;0;0m▄[38;2;0;0;0m[48;2;156;137;222m▀[0m[38;2;0;0;0m[48;2;156;137;222m▀[0m[38;2;0;0;0m[48;2;156;137;222m▀[0m[38;2;0;0;0m[48;2;156;137;222m▀[0m[38;2;0;0;0m[48;2;156;137;222m▀[0m[38;2;0;0;0m▄[38;2;0;0;0m▄[38;2;0;0;0m▄ 
   [38;2;0;0;0m[48;2;0;0;0m▀[0m[38;2;52;141;148m[48;2;52;141;148m▀[0m[38;2;57;85;115m[48;2;57;85;115m▀[0m[38;2;123;101;156m[48;2;123;101;156m▀[0m[38;2;123;101;156m[48;2;0;0;0m▀[0m[38;2;0;0;0m▀     [38;2;0;0;0m▄             [38;2;0;0;0m▄[38;2;0;0;0m[48;2;156;137;222m▀[0m[38;2;65;64;65m[48;2;123;99;156m▀[0m[38;2;123;99;156m[48;2;65;64;65m▀[0m[38;2;156;137;222m[48;2;156;137;222m▀[0m[38;2;65;64;65m[48;2;156;137;222m▀[0m[38;2;0;12;0m[48;2;148;149;222m▀[0m[38;2;148;149;222m[48;2;98;103;148m▀[0m[38;2;159;138;219m[48;2;49;141;148m▀[0m[38;2;159;138;219m[48;2;49;141;148m▀[0m[38;2;49;141;148m[48;2;120;206;191m▀[0m[38;2;49;141;148m[48;2;120;206;191m▀[0m[38;2;49;141;148m[48;2;120;206;191m▀[0m[38;2;49;141;148m[48;2;120;206;191m▀[0m[38;2;148;161;213m[48;2;148;161;213m▀[0m[38;2;148;161;213m[48;2;0;0;0m▀[0m[38;2;156;137;222m[48;2;0;0;0m▀[0m[38;2;0;0;0m▀
  [38;2;0;0;0m[48;2;0;0;0m▀[0m[38;2;65;137;156m[48;2;43;91;104m▀[0m[38;2;57;85;115m[48;2;52;141;148m▀[0m[38;2;57;85;115m[48;2;57;85;115m▀[0m[38;2;123;101;156m[48;2;123;101;156m▀[0m[38;2;0;0;0m[48;2;0;0;0m▀[0m    [38;2;0;0;0m▄[38;2;0;0;0m[48;2;123;101;156m▀[0m[38;2;123;101;156m[48;2;123;101;156m▀[0m[38;2;0;0;0m[48;2;0;0;0m▀[0m      [38;2;0;0;0m▄[38;2;0;0;0m▄    [38;2;0;0;0m▀[38;2;123;101;156m[48;2;0;0;0m▀[0m[38;2;159;138;219m[48;2;159;138;219m▀[0m[38;2;159;138;219m[48;2;49;141;148m▀[0m[38;2;49;141;148m[48;2;120;206;191m▀[0m[38;2;49;141;148m[48;2;120;206;191m▀[0m[38;2;49;141;148m[48;2;120;206;191m▀[0m[38;2;120;206;191m[48;2;120;206;191m▀[0m[38;2;123;206;191m[48;2;123;206;191m▀[0m[38;2;123;206;191m[48;2;123;206;191m▀[0m[38;2;123;206;191m[48;2;123;206;191m▀[0m[38;2;123;206;191m[48;2;123;206;191m▀[0m[38;2;123;206;189m[48;2;0;0;0m▀[0m[38;2;0;0;0m▀[38;2;0;0;0m▀   
   [38;2;0;0;0m▀[38;2;49;143;148m[48;2;0;0;0m▀[0m[38;2;49;143;148m[48;2;49;143;148m▀[0m[38;2;57;84;112m[48;2;57;84;112m▀[0m[38;2;123;101;156m[48;2;123;101;156m▀[0m[38;2;0;0;0m[48;2;0;0;0m▀[0m  [38;2;0;0;0m▄[38;2;0;0;0m[48;2;123;101;156m▀[0m[38;2;123;101;156m[48;2;123;101;156m▀[0m[38;2;120;101;153m[48;2;120;101;153m▀[0m[38;2;0;4;0m[48;2;60;52;76m▀[0m[38;2;0;0;0m▄[38;2;0;0;0m▄ [38;2;0;0;0m▄[38;2;0;0;0m[48;2;156;137;222m▀[0m[38;2;0;0;0m[48;2;156;137;222m▀[0m[38;2;156;137;222m[48;2;0;0;0m▀[0m[38;2;0;0;0m▀    [38;2;0;0;0m[48;2;0;0;0m▀[0m[38;2;156;137;222m[48;2;156;137;222m▀[0m[38;2;156;170;222m[48;2;49;149;148m▀[0m[38;2;49;149;148m[48;2;120;163;197m▀[0m[38;2;49;141;148m[48;2;120;206;191m▀[0m[38;2;120;206;191m[48;2;49;141;148m▀[0m[38;2;123;206;191m[48;2;123;206;191m▀[0m[38;2;123;206;191m[48;2;123;206;191m▀[0m[38;2;123;206;191m[48;2;123;206;191m▀[0m[38;2;123;206;191m[48;2;123;206;191m▀[0m[38;2;123;206;189m[48;2;0;0;0m▀[0m[38;2;0;0;0m▀      
    [38;2;0;0;0m▀[38;2;49;141;148m[48;2;0;0;0m▀[0m[38;2;57;84;112m[48;2;57;84;112m▀[0m[38;2;123;101;156m[48;2;123;101;156m▀[0m[38;2;0;0;0m[48;2;0;0;0m▀[0m [38;2;0;0;0m▄[38;2;0;0;0m[48;2;123;101;156m▀[0m[38;2;123;99;156m[48;2;123;99;156m▀[0m[38;2;123;99;156m[48;2;156;137;222m▀[0m[38;2;65;64;65m[48;2;156;137;222m▀[0m[38;2;156;137;222m[48;2;156;137;222m▀[0m[38;2;156;137;222m[48;2;156;137;222m▀[0m[38;2;156;137;222m[48;2;102;85;115m▀[0m[38;2;0;0;0m[48;2;156;137;222m▀[0m[38;2;156;137;222m[48;2;156;137;222m▀[0m[38;2;156;137;222m[48;2;156;137;222m▀[0m[38;2;156;137;222m[48;2;0;0;0m▀[0m[38;2;0;0;0m▀    [38;2;0;0;0m[48;2;0;0;0m▀[0m[38;2;159;138;219m[48;2;159;138;219m▀[0m[38;2;159;138;219m[48;2;49;141;148m▀[0m[38;2;49;141;148m[48;2;120;206;191m▀[0m[38;2;120;206;191m[48;2;120;206;191m▀[0m[38;2;120;206;191m[48;2;120;206;191m▀[0m[38;2;49;141;148m[48;2;120;206;191m▀[0m[38;2;120;206;191m[48;2;49;141;148m▀[0m[38;2;120;206;191m[48;2;120;206;191m▀[0m[38;2;123;206;189m[48;2;123;206;189m▀[0m[38;2;0;0;0m[48;2;0;0;0m▀[0m        
     [38;2;0;0;0m▀[38;2;123;101;156m[48;2;0;0;0m▀[0m[38;2;123;101;156m[48;2;123;101;156m▀[0m[38;2;0;0;0m[48;2;123;101;156m▀[0m[38;2;0;0;0m▄[38;2;0;0;0m[48;2;172;149;230m▀[0m[38;2;172;149;230m[48;2;172;149;230m▀[0m[38;2;189;169;244m[48;2;189;169;244m▀[0m[38;2;189;169;244m[48;2;189;169;244m▀[0m[38;2;159;138;222m[48;2;189;170;246m▀[0m[38;2;159;138;222m[48;2;159;138;222m▀[0m[38;2;156;137;222m[48;2;102;85;115m▀[0m[38;2;102;85;115m[48;2;156;137;222m▀[0m[38;2;159;138;219m[48;2;159;138;219m▀[0m[38;2;159;138;219m[48;2;159;138;219m▀[0m[38;2;164;141;222m[48;2;60;52;74m▀[0m[38;2;8;8;0m[48;2;164;141;222m▀[0m[38;2;0;0;0m▄  [38;2;0;0;0m▄[38;2;0;0;0m[48;2;109;94;148m▀[0m[38;2;164;141;222m[48;2;164;141;222m▀[0m[38;2;156;170;222m[48;2;49;149;148m▀[0m[38;2;49;149;148m[48;2;120;163;197m▀[0m[38;2;123;206;191m[48;2;123;206;191m▀[0m[38;2;123;206;191m[48;2;123;206;191m▀[0m[38;2;123;206;191m[48;2;123;206;191m▀[0m[38;2;123;206;191m[48;2;123;206;191m▀[0m[38;2;49;141;148m[48;2;120;206;191m▀[0m[38;2;120;206;191m[48;2;49;141;148m▀[0m[38;2;0;0;0m[48;2;0;0;0m▀[0m         
       [38;2;0;0;0m▀[38;2;142;71;95m[48;2;0;4;8m▀[0m[38;2;0;4;8m[48;2;213;105;139m▀[0m[38;2;161;138;222m[48;2;123;101;156m▀[0m[38;2;161;138;222m[48;2;161;138;222m▀[0m[38;2;189;169;244m[48;2;156;137;222m▀[0m[38;2;189;169;244m[48;2;156;137;222m▀[0m[38;2;159;138;219m[48;2;159;138;219m▀[0m[38;2;159;138;219m[48;2;159;138;219m▀[0m[38;2;159;138;219m[48;2;159;138;219m▀[0m[38;2;159;138;219m[48;2;159;138;219m▀[0m[38;2;102;85;115m[48;2;156;137;222m▀[0m[38;2;102;85;115m[48;2;156;137;222m▀[0m[38;2;159;138;219m[48;2;159;138;219m▀[0m[38;2;159;138;219m[48;2;159;138;219m▀[0m[38;2;164;145;213m[48;2;60;56;71m▀[0m[38;2;8;12;0m[48;2;60;56;71m▀[0m[38;2;0;0;0m[48;2;123;101;156m▀[0m[38;2;123;101;156m[48;2;123;101;156m▀[0m[38;2;74;129;148m[48;2;74;129;148m▀[0m[38;2;74;129;148m[48;2;0;0;0m▀[0m[38;2;123;206;189m[48;2;0;0;0m▀[0m[38;2;123;206;189m[48;2;0;0;0m▀[0m[38;2;0;0;0m▀[38;2;0;0;0m▀[38;2;0;0;0m▀[38;2;0;0;0m▀[38;2;0;0;0m▀[38;2;0;0;0m▀          
        [38;2;0;0;0m[48;2;0;0;0m▀[0m[38;2;205;182;139m[48;2;205;182;139m▀[0m[38;2;106;85;115m[48;2;123;102;150m▀[0m[38;2;156;137;222m[48;2;156;137;222m▀[0m[38;2;159;138;219m[48;2;159;138;219m▀[0m[38;2;159;138;219m[48;2;159;138;219m▀[0m[38;2;156;137;222m[48;2;156;137;222m▀[0m[38;2;156;137;222m[48;2;102;85;115m▀[0m[38;2;139;97;164m[48;2;197;147;111m▀[0m[38;2;139;97;164m[48;2;255;198;57m▀[0m[38;2;106;85;115m[48;2;123;102;150m▀[0m[38;2;156;137;222m[48;2;156;137;222m▀[0m[38;2;161;138;222m[48;2;161;138;222m▀[0m[38;2;161;138;222m[48;2;123;101;156m▀[0m[38;2;123;101;156m[48;2;123;101;156m▀[0m[38;2;123;101;156m[48;2;0;0;0m▀[0m[38;2;123;101;156m[48;2;0;0;0m▀[0m[38;2;0;0;0m▀[38;2;0;0;0m▀                   
        [38;2;0;0;0m▀[38;2;123;101;156m[48;2;0;0;0m▀[0m[38;2;168;157;193m[48;2;90;72;131m▀[0m[38;2;90;72;131m[48;2;246;242;255m▀[0m[38;2;90;72;131m[48;2;246;242;255m▀[0m[38;2;168;157;193m[48;2;90;72;131m▀[0m[38;2;255;214;65m[48;2;115;56;123m▀[0m[38;2;185;135;94m[48;2;255;214;65m▀[0m[38;2;183;125;120m[48;2;255;222;65m▀[0m[38;2;255;222;65m[48;2;148;76;148m▀[0m[38;2;123;99;156m[48;2;123;99;156m▀[0m[38;2;156;137;222m[48;2;123;99;156m▀[0m[38;2;123;99;156m[48;2;123;99;156m▀[0m[38;2;123;99;156m[48;2;65;64;65m▀[0m[38;2;0;0;0m[48;2;65;64;65m▀[0m[38;2;0;0;0m▄                      
      [38;2;0;0;0m▄[38;2;0;0;0m[48;2;123;101;156m▀[0m[38;2;0;4;0m[48;2;120;101;153m▀[0m[38;2;60;52;76m[48;2;120;101;153m▀[0m[38;2;255;255;255m[48;2;8;0;16m▀[0m[38;2;172;169;175m[48;2;90;84;95m▀[0m[38;2;255;255;255m[48;2;255;255;255m▀[0m[38;2;255;255;255m[48;2;255;255;255m▀[0m[38;2;255;255;255m[48;2;172;169;189m▀[0m[38;2;90;84;123m[48;2;255;255;255m▀[0m[38;2;82;68;123m[48;2;246;246;255m▀[0m[38;2;137;128;167m[48;2;82;68;123m▀[0m[38;2;123;99;156m[48;2;123;99;156m▀[0m[38;2;123;99;156m[48;2;123;99;156m▀[0m[38;2;123;99;156m[48;2;65;64;65m▀[0m[38;2;123;99;156m[48;2;65;64;65m▀[0m[38;2;123;99;156m[48;2;123;99;156m▀[0m[38;2;156;137;222m[48;2;123;99;156m▀[0m[38;2;0;0;0m[48;2;109;94;148m▀[0m[38;2;0;0;0m[48;2;164;141;222m▀[0m[38;2;0;0;0m[48;2;156;137;222m▀[0m[38;2;0;0;0m▄                  
     [38;2;0;0;0m[48;2;0;0;0m▀[0m[38;2;123;99;156m[48;2;123;99;156m▀[0m[38;2;123;99;156m[48;2;123;99;156m▀[0m[38;2;123;101;156m[48;2;0;0;0m▀[0m[38;2;0;0;0m▀ [38;2;0;0;0m▀[38;2;102;85;115m[48;2;0;0;0m▀[0m[38;2;102;85;115m[48;2;0;0;0m▀[0m[38;2;102;85;115m[48;2;123;101;156m▀[0m[38;2;102;85;115m[48;2;123;101;156m▀[0m[38;2;102;85;115m[48;2;123;101;156m▀[0m[38;2;123;101;156m[48;2;123;101;156m▀[0m[38;2;123;101;156m[48;2;123;101;156m▀[0m[38;2;123;101;156m[48;2;0;0;0m▀[0m[38;2;123;101;156m[48;2;0;0;0m▀[0m[38;2;0;0;0m▀[38;2;0;0;0m▀[38;2;123;101;156m[48;2;0;0;0m▀[0m[38;2;123;99;156m[48;2;123;99;156m▀[0m[38;2;123;99;156m[48;2;123;99;156m▀[0m[38;2;123;99;156m[48;2;123;99;156m▀[0m[38;2;156;137;222m[48;2;123;99;156m▀[0m[38;2;0;0;0m[48;2;123;101;156m▀[0m[38;2;0;0;0m▄                
     [38;2;0;0;0m▀[38;2;123;101;156m[48;2;0;0;0m▀[0m[38;2;123;101;156m[48;2;123;101;156m▀[0m[38;2;0;0;0m[48;2;0;0;0m▀[0m     [38;2;0;0;0m▀[38;2;0;0;0m▀[38;2;0;0;0m▀[38;2;0;0;0m▀[38;2;0;0;0m▀     [38;2;0;0;0m[48;2;0;0;0m▀[0m[38;2;123;101;156m[48;2;123;101;156m▀[0m[38;2;123;101;156m[48;2;0;0;0m▀[0m[38;2;123;101;156m[48;2;0;0;0m▀[0m[38;2;123;101;156m[48;2;123;101;156m▀[0m[38;2;0;0;0m[48;2;123;101;156m▀[0m[38;2;0;0;0m▄               
       [38;2;0;0;0m▀                 [38;2;0;0;0m▀  [38;2;0;0;0m▀[38;2;123;101;156m[48;2;0;0;0m▀[0m[38;2;0;0;0m[48;2;0;0;0m▀[0m               
[0m
