     [38;2;0;0;0m▄[38;2;0;0;0m▄[38;2;0;0;0m[48;2;181;156;66m▀[0m[38;2;0;0;0m[48;2;247;230;41m▀[0m[38;2;0;0;0m[48;2;247;230;41m▀[0m[38;2;0;0;0m[48;2;247;230;41m▀[0m[38;2;0;0;0m[48;2;247;230;41m▀[0m[38;2;0;0;0m[48;2;181;156;66m▀[0m[38;2;0;0;0m▄[38;2;0;0;0m▄    
   [38;2;0;0;0m▄[38;2;0;0;0m[48;2;247;230;41m▀[0m[38;2;181;156;66m[48;2;247;230;41m▀[0m[38;2;247;230;41m[48;2;181;156;66m▀[0m[38;2;239;181;8m[48;2;181;156;66m▀[0m[38;2;181;156;66m[48;2;115;115;165m▀[0m[38;2;115;115;165m[48;2;255;255;255m▀[0m[38;2;115;115;165m[48;2;255;255;255m▀[0m[38;2;181;156;66m[48;2;115;115;165m▀[0m[38;2;247;230;41m[48;2;181;156;66m▀[0m[38;2;247;230;41m[48;2;181;156;66m▀[0m[38;2;181;156;66m[48;2;247;230;41m▀[0m[38;2;0;0;0m[48;2;239;181;8m▀[0m[38;2;0;0;0m▄  
[38;2;0;0;0m▄[38;2;0;0;0m[48;2;148;247;74m▀[0m[38;2;0;0;0m[48;2;148;247;74m▀[0m[38;2;65;65;65m[48;2;148;247;74m▀[0m[38;2;247;230;41m[48;2;65;65;65m▀[0m[38;2;181;156;66m[48;2;247;230;41m▀[0m[38;2;247;230;41m[48;2;247;230;41m▀[0m[38;2;239;181;8m[48;2;181;156;66m▀[0m[38;2;115;115;165m[48;2;239;181;8m▀[0m[38;2;115;115;165m[48;2;247;230;41m▀[0m[38;2;115;115;165m[48;2;247;230;41m▀[0m[38;2;115;115;165m[48;2;247;230;41m▀[0m[38;2;239;181;8m[48;2;181;156;66m▀[0m[38;2;247;230;41m[48;2;247;230;41m▀[0m[38;2;181;156;66m[48;2;247;230;41m▀[0m[38;2;247;230;41m[48;2;0;0;0m▀[0m[38;2;0;0;0m▀  
[38;2;0;0;0m▀[38;2;148;247;74m[48;2;0;0;0m▀[0m[38;2;148;247;74m[48;2;148;247;74m▀[0m[38;2;148;247;74m[48;2;66;148;49m▀[0m[38;2;66;148;49m[48;2;148;247;74m▀[0m[38;2;65;65;65m[48;2;148;247;74m▀[0m[38;2;65;65;65m[48;2;148;247;74m▀[0m[38;2;65;65;65m[48;2;66;148;49m▀[0m[38;2;247;230;41m[48;2;65;65;65m▀[0m[38;2;247;230;41m[48;2;65;65;65m▀[0m[38;2;247;230;41m[48;2;65;65;65m▀[0m[38;2;239;181;8m[48;2;65;65;65m▀[0m[38;2;65;65;65m[48;2;66;148;49m▀[0m[38;2;65;65;65m[48;2;107;197;58m▀[0m[38;2;65;65;65m[48;2;107;197;58m▀[0m[38;2;0;0;0m[48;2;0;0;0m▀[0m   
 [38;2;0;0;0m▄[38;2;0;0;0m[48;2;148;247;74m▀[0m[38;2;255;90;132m[48;2;148;247;74m▀[0m[38;2;148;247;74m[48;2;148;247;74m▀[0m[38;2;148;247;74m[48;2;148;247;74m▀[0m[38;2;148;247;74m[48;2;148;247;74m▀[0m[38;2;148;247;74m[48;2;148;247;74m▀[0m[38;2;107;197;58m[48;2;148;247;74m▀[0m[38;2;107;197;58m[48;2;148;247;74m▀[0m[38;2;107;197;58m[48;2;66;148;49m▀[0m[38;2;107;197;58m[48;2;148;247;74m▀[0m[38;2;107;197;58m[48;2;148;247;74m▀[0m[38;2;148;247;74m[48;2;148;247;74m▀[0m[38;2;148;247;74m[48;2;148;247;74m▀[0m[38;2;148;247;74m[48;2;148;247;74m▀[0m[38;2;0;0;0m[48;2;148;247;74m▀[0m[38;2;0;0;0m▄ 
[38;2;0;0;0m▄[38;2;0;0;0m[48;2;107;197;58m▀[0m[38;2;66;148;49m[48;2;0;0;0m▀[0m[38;2;148;247;74m[48;2;66;148;49m▀[0m[38;2;148;247;74m[48;2;66;148;49m▀[0m[38;2;148;247;74m[48;2;148;247;74m▀[0m[38;2;255;90;132m[48;2;148;247;74m▀[0m[38;2;148;247;74m[48;2;148;247;74m▀[0m[38;2;148;247;74m[48;2;148;247;74m▀[0m[38;2;148;247;74m[48;2;148;247;74m▀[0m[38;2;66;148;49m[48;2;148;247;74m▀[0m[38;2;107;197;58m[48;2;65;65;65m▀[0m[38;2;148;247;74m[48;2;148;247;74m▀[0m[38;2;148;247;74m[48;2;148;247;74m▀[0m[38;2;148;247;74m[48;2;148;247;74m▀[0m[38;2;148;247;74m[48;2;148;247;74m▀[0m[38;2;148;247;74m[48;2;148;247;74m▀[0m[38;2;0;0;0m[48;2;65;65;65m▀[0m[38;2;0;0;0m▄
 [38;2;0;0;0m▀[38;2;0;0;0m▀[38;2;0;0;0m▀[38;2;107;197;58m[48;2;0;0;0m▀[0m[38;2;66;148;49m[48;2;0;0;0m▀[0m[38;2;66;148;49m[48;2;107;197;58m▀[0m[38;2;148;247;74m[48;2;107;197;58m▀[0m[38;2;148;247;74m[48;2;107;197;58m▀[0m[38;2;148;247;74m[48;2;107;197;58m▀[0m[38;2;107;197;58m[48;2;107;197;58m▀[0m[38;2;107;197;58m[48;2;107;197;58m▀[0m[38;2;65;65;65m[48;2;107;197;58m▀[0m[38;2;107;197;58m[48;2;65;65;65m▀[0m[38;2;148;247;74m[48;2;65;65;65m▀[0m[38;2;148;247;74m[48;2;65;65;65m▀[0m[38;2;65;65;65m[48;2;107;197;58m▀[0m[38;2;66;148;49m[48;2;0;0;0m▀[0m[38;2;0;0;0m▀
      [38;2;0;0;0m▀[38;2;0;0;0m[48;2;0;0;0m▀[0m[38;2;65;65;65m[48;2;107;197;58m▀[0m[38;2;66;148;49m[48;2;107;197;58m▀[0m[38;2;66;148;49m[48;2;0;0;0m▀[0m[38;2;65;65;65m[48;2;0;0;0m▀[0m[38;2;0;0;0m▀[38;2;0;0;0m▀[38;2;0;0;0m▀[38;2;107;197;58m[48;2;0;0;0m▀[0m[38;2;107;197;58m[48;2;0;0;0m▀[0m[38;2;0;0;0m▀ 
        [38;2;0;0;0m▀[38;2;0;0;0m▀         
[0m
