  [38;2;0;0;0m▄[38;2;0;0;0m[48;2;255;165;165m▀[0m[38;2;0;0;0m▄[38;2;0;0;0m▄               
 [38;2;0;0;0m[48;2;0;0;0m▀[0m[38;2;0;0;0m[48;2;255;165;165m▀[0m[38;2;255;165;165m[48;2;255;107;123m▀[0m[38;2;181;82;99m[48;2;255;165;165m▀[0m[38;2;255;107;123m[48;2;0;0;0m▀[0m[38;2;0;0;0m▀        [38;2;0;0;0m▄     
  [38;2;0;0;0m▀[38;2;181;82;99m[48;2;0;0;0m▀[0m[38;2;255;165;165m[48;2;255;107;123m▀[0m[38;2;255;165;165m[48;2;255;165;165m▀[0m[38;2;0;0;0m[48;2;255;107;123m▀[0m[38;2;0;0;0m▄[38;2;0;0;0m▄[38;2;0;0;0m▄[38;2;0;0;0m▄[38;2;0;0;0m[48;2;0;0;0m▀[0m[38;2;0;0;0m[48;2;255;165;165m▀[0m[38;2;0;0;0m▄[38;2;0;0;0m[48;2;255;206;214m▀[0m[38;2;255;206;214m[48;2;255;107;123m▀[0m[38;2;0;0;0m[48;2;0;0;0m▀[0m    
 [38;2;0;0;0m▄[38;2;0;0;0m▄[38;2;0;0;0m[48;2;0;0;0m▀[0m[38;2;255;107;123m[48;2;65;65;65m▀[0m[38;2;65;65;65m[48;2;255;107;123m▀[0m[38;2;65;65;65m[48;2;255;165;165m▀[0m[38;2;255;107;123m[48;2;255;165;165m▀[0m[38;2;255;165;165m[48;2;255;165;165m▀[0m[38;2;255;165;165m[48;2;255;165;165m▀[0m[38;2;255;107;123m[48;2;255;165;165m▀[0m[38;2;65;65;65m[48;2;65;65;65m▀[0m[38;2;255;107;123m[48;2;255;165;165m▀[0m[38;2;255;165;165m[48;2;255;165;165m▀[0m[38;2;255;165;165m[48;2;255;107;123m▀[0m[38;2;181;82;99m[48;2;255;165;165m▀[0m[38;2;0;0;0m[48;2;255;165;165m▀[0m[38;2;0;0;0m▄   
 [38;2;0;0;0m▀[38;2;255;206;214m[48;2;0;0;0m▀[0m[38;2;255;206;214m[48;2;255;165;165m▀[0m[38;2;181;82;99m[48;2;255;165;165m▀[0m[38;2;65;65;65m[48;2;255;107;123m▀[0m[38;2;255;165;165m[48;2;255;107;123m▀[0m[38;2;255;165;165m[48;2;255;165;165m▀[0m[38;2;255;165;165m[48;2;255;107;123m▀[0m[38;2;255;165;165m[48;2;181;82;99m▀[0m[38;2;65;65;65m[48;2;255;165;165m▀[0m[38;2;255;165;165m[48;2;255;165;165m▀[0m[38;2;255;165;165m[48;2;255;165;165m▀[0m[38;2;255;165;165m[48;2;65;65;65m▀[0m[38;2;65;65;65m[48;2;255;165;165m▀[0m[38;2;0;0;0m[48;2;255;107;123m▀[0m[38;2;0;0;0m[48;2;0;0;0m▀[0m[38;2;0;0;0m▄[38;2;0;0;0m[48;2;255;107;123m▀[0m[38;2;0;0;0m▄ 
  [38;2;0;0;0m▄[38;2;0;0;0m[48;2;255;255;255m▀[0m[38;2;255;107;123m[48;2;181;82;99m▀[0m[38;2;255;107;123m[48;2;255;165;165m▀[0m[38;2;255;165;165m[48;2;255;165;165m▀[0m[38;2;255;165;165m[48;2;255;165;165m▀[0m[38;2;255;165;165m[48;2;255;165;165m▀[0m[38;2;255;165;165m[48;2;255;165;165m▀[0m[38;2;255;165;165m[48;2;255;165;165m▀[0m[38;2;255;165;165m[48;2;255;165;165m▀[0m[38;2;181;82;99m[48;2;181;82;99m▀[0m[38;2;255;165;165m[48;2;255;165;165m▀[0m[38;2;255;165;165m[48;2;255;165;165m▀[0m[38;2;255;165;165m[48;2;255;165;165m▀[0m[38;2;181;82;99m[48;2;255;107;123m▀[0m[38;2;255;107;123m[48;2;181;82;99m▀[0m[38;2;255;165;165m[48;2;0;0;0m▀[0m[38;2;255;165;165m[48;2;255;107;123m▀[0m[38;2;0;0;0m[48;2;0;0;0m▀[0m
[38;2;0;0;0m▄[38;2;0;0;0m[48;2;255;107;123m▀[0m[38;2;65;65;65m[48;2;181;82;99m▀[0m[38;2;0;0;0m[48;2;255;165;165m▀[0m[38;2;255;165;165m[48;2;214;99;66m▀[0m[38;2;255;165;165m[48;2;214;99;66m▀[0m[38;2;255;255;255m[48;2;0;0;0m▀[0m[38;2;255;165;165m[48;2;255;165;165m▀[0m[38;2;255;165;165m[48;2;255;107;123m▀[0m[38;2;255;165;165m[48;2;255;165;165m▀[0m[38;2;255;165;165m[48;2;255;165;165m▀[0m[38;2;255;165;165m[48;2;255;165;165m▀[0m[38;2;255;165;165m[48;2;156;197;214m▀[0m[38;2;255;165;165m[48;2;255;107;123m▀[0m[38;2;255;165;165m[48;2;156;197;214m▀[0m[38;2;255;107;123m[48;2;156;197;214m▀[0m[38;2;255;107;123m[48;2;255;107;123m▀[0m[38;2;0;0;0m[48;2;0;0;0m▀[0m [38;2;0;0;0m▀ 
 [38;2;0;0;0m▀[38;2;0;0;0m▀[38;2;181;82;99m[48;2;0;0;0m▀[0m[38;2;255;165;165m[48;2;65;65;65m▀[0m[38;2;214;99;66m[48;2;255;165;165m▀[0m[38;2;255;165;165m[48;2;255;165;165m▀[0m[38;2;255;165;165m[48;2;181;82;99m▀[0m[38;2;181;82;99m[48;2;255;165;165m▀[0m[38;2;255;165;165m[48;2;255;165;165m▀[0m[38;2;255;107;123m[48;2;65;65;65m▀[0m[38;2;181;82;99m[48;2;156;197;214m▀[0m[38;2;255;107;123m[48;2;156;197;214m▀[0m[38;2;255;107;123m[48;2;156;197;214m▀[0m[38;2;156;197;214m[48;2;156;197;214m▀[0m[38;2;156;197;214m[48;2;65;65;65m▀[0m[38;2;0;0;0m[48;2;0;0;0m▀[0m    
   [38;2;0;0;0m▀[38;2;156;197;214m[48;2;0;0;0m▀[0m[38;2;123;148;165m[48;2;0;0;0m▀[0m[38;2;0;0;0m▀[38;2;65;65;65m[48;2;0;0;0m▀[0m[38;2;255;165;165m[48;2;65;65;65m▀[0m[38;2;181;82;99m[48;2;65;65;65m▀[0m[38;2;123;148;165m[48;2;156;197;214m▀[0m[38;2;156;197;214m[48;2;0;0;0m▀[0m[38;2;156;197;214m[48;2;0;0;0m▀[0m[38;2;0;0;0m▀[38;2;123;148;165m[48;2;0;0;0m▀[0m[38;2;156;197;214m[48;2;0;0;0m▀[0m[38;2;0;0;0m▀    
        [38;2;0;0;0m▀[38;2;156;197;214m[48;2;0;0;0m▀[0m[38;2;156;197;214m[48;2;0;0;0m▀[0m[38;2;0;0;0m▀         
[0m
