[38;2;0;0;0m▄[38;2;0;0;0m[48;2;57;97;148m▀[0m[38;2;0;0;0m[48;2;57;97;148m▀[0m[38;2;0;0;0m▄     [38;2;0;0;0m▄[38;2;0;0;0m[48;2;57;85;111m▀[0m[38;2;0;0;0m[48;2;82;130;181m▀[0m[38;2;0;0;0m[48;2;54;86;120m▀[0m[38;2;0;0;0m▄                               
[38;2;0;0;0m▀[38;2;165;182;222m[48;2;0;4;24m▀[0m[38;2;82;93;123m[48;2;82;93;123m▀[0m[38;2;57;97;148m[48;2;57;97;148m▀[0m[38;2;0;0;0m[48;2;57;97;148m▀[0m[38;2;0;0;0m[48;2;57;97;148m▀[0m[38;2;0;0;0m▄  [38;2;0;0;0m[48;2;0;0;0m▀[0m[38;2;74;130;189m[48;2;74;130;189m▀[0m[38;2;79;130;192m[48;2;79;130;192m▀[0m[38;2;79;130;192m[48;2;79;130;192m▀[0m[38;2;0;0;0m[48;2;0;0;0m▀[0m     [38;2;0;0;0m▄[38;2;0;0;0m[48;2;74;130;189m▀[0m[38;2;0;0;0m[48;2;82;130;181m▀[0m[38;2;0;0;0m[48;2;54;86;120m▀[0m[38;2;0;0;0m▄        [38;2;0;0;0m▄[38;2;0;0;0m▄[38;2;0;0;0m[48;2;214;215;247m▀[0m[38;2;0;0;0m[48;2;214;215;247m▀[0m[38;2;0;0;0m▄        
 [38;2;0;0;0m▀[38;2;181;174;206m[48;2;0;0;0m▀[0m[38;2;57;97;148m[48;2;57;97;148m▀[0m[38;2;57;97;148m[48;2;57;97;148m▀[0m[38;2;66;65;66m[48;2;66;65;66m▀[0m[38;2;66;65;66m[48;2;57;97;148m▀[0m[38;2;0;0;0m[48;2;66;65;66m▀[0m[38;2;0;0;0m▄[38;2;0;0;0m▀[38;2;74;130;189m[48;2;0;0;0m▀[0m[38;2;79;129;192m[48;2;79;129;192m▀[0m[38;2;79;129;192m[48;2;57;97;148m▀[0m[38;2;0;0;0m[48;2;57;97;148m▀[0m[38;2;0;0;0m▄  [38;2;0;0;0m▄[38;2;0;0;0m▄[38;2;16;8;0m[48;2;38;54;66m▀[0m[38;2;82;146;198m[48;2;82;146;198m▀[0m[38;2;79;130;192m[48;2;79;130;192m▀[0m[38;2;79;130;192m[48;2;79;130;192m▀[0m[38;2;0;0;0m[48;2;57;85;111m▀[0m[38;2;0;0;0m▄[38;2;0;0;0m▄[38;2;0;0;0m▄   [38;2;0;0;0m▄[38;2;0;0;0m[48;2;206;203;231m▀[0m[38;2;206;203;231m[48;2;206;203;231m▀[0m[38;2;186;177;203m[48;2;214;215;247m▀[0m[38;2;186;177;203m[48;2;214;215;247m▀[0m[38;2;0;0;0m[48;2;0;0;0m▀[0m      [38;2;0;0;0m▄[38;2;0;0;0m▄ 
  [38;2;0;0;0m▀[38;2;181;178;214m[48;2;0;4;16m▀[0m[38;2;90;91;115m[48;2;181;178;214m▀[0m[38;2;57;97;148m[48;2;57;97;148m▀[0m[38;2;66;65;66m[48;2;57;97;148m▀[0m[38;2;57;97;148m[48;2;66;65;66m▀[0m[38;2;66;65;66m[48;2;66;65;66m▀[0m[38;2;16;4;0m[48;2;66;101;148m▀[0m[38;2;41;52;74m[48;2;66;101;148m▀[0m[38;2;66;65;66m[48;2;66;65;66m▀[0m[38;2;57;97;148m[48;2;66;65;66m▀[0m[38;2;57;97;148m[48;2;57;97;148m▀[0m[38;2;66;65;66m[48;2;57;97;148m▀[0m[38;2;8;4;0m[48;2;35;55;68m▀[0m[38;2;8;4;0m[48;2;90;158;206m▀[0m[38;2;79;154;203m[48;2;79;154;203m▀[0m[38;2;79;154;203m[48;2;79;154;203m▀[0m[38;2;66;65;66m[48;2;82;154;206m▀[0m[38;2;66;65;66m[48;2;66;65;66m▀[0m[38;2;79;129;192m[48;2;57;97;148m▀[0m[38;2;79;129;192m[48;2;79;129;192m▀[0m[38;2;74;125;189m[48;2;71;105;148m▀[0m[38;2;66;65;66m[48;2;66;65;66m▀[0m[38;2;76;131;192m[48;2;82;85;115m▀[0m[38;2;76;131;192m[48;2;82;85;115m▀[0m[38;2;0;0;0m[48;2;60;86;126m▀[0m[38;2;0;0;0m[48;2;90;130;189m▀[0m[38;2;0;4;0m[48;2;63;62;68m▀[0m[38;2;189;178;206m[48;2;63;62;68m▀[0m[38;2;206;203;231m[48;2;206;203;231m▀[0m[38;2;206;203;231m[48;2;0;0;0m▀[0m[38;2;214;215;247m[48;2;0;0;0m▀[0m[38;2;0;0;0m▀    [38;2;0;0;0m▄[38;2;0;0;0m[48;2;57;97;148m▀[0m[38;2;0;0;8m[48;2;82;87;107m▀[0m[38;2;82;87;107m[48;2;165;174;206m▀[0m[38;2;86;87;103m[48;2;173;174;206m▀[0m[38;2;0;0;0m[48;2;0;0;0m▀[0m
    [38;2;0;0;0m▀[38;2;173;178;222m[48;2;0;0;8m▀[0m[38;2;86;89;115m[48;2;0;0;8m▀[0m[38;2;57;97;148m[48;2;183;175;203m▀[0m[38;2;57;97;148m[48;2;183;175;203m▀[0m[38;2;57;97;148m[48;2;57;97;148m▀[0m[38;2;57;97;148m[48;2;57;83;112m▀[0m[38;2;57;85;115m[48;2;79;131;192m▀[0m[38;2;79;131;192m[48;2;79;131;192m▀[0m[38;2;57;60;66m[48;2;66;121;189m▀[0m[38;2;63;100;148m[48;2;63;100;148m▀[0m[38;2;63;100;148m[48;2;63;100;148m▀[0m[38;2;57;60;66m[48;2;66;121;189m▀[0m[38;2;79;153;203m[48;2;76;129;192m▀[0m[38;2;79;153;203m[48;2;76;129;192m▀[0m[38;2;79;153;203m[48;2;76;129;192m▀[0m[38;2;76;129;192m[48;2;76;129;192m▀[0m[38;2;66;65;66m[48;2;66;65;66m▀[0m[38;2;57;97;148m[48;2;57;97;148m▀[0m[38;2;71;105;148m[48;2;66;65;66m▀[0m[38;2;66;65;66m[48;2;74;125;189m▀[0m[38;2;79;130;192m[48;2;79;130;192m▀[0m[38;2;79;130;192m[48;2;79;130;192m▀[0m[38;2;79;130;192m[48;2;79;130;192m▀[0m[38;2;79;130;192m[48;2;79;130;192m▀[0m[38;2;79;130;192m[48;2;79;130;192m▀[0m[38;2;79;130;192m[48;2;79;130;192m▀[0m[38;2;0;0;0m[48;2;74;130;189m▀[0m[38;2;0;0;0m▄[38;2;0;0;0m▄[38;2;0;0;0m▄[38;2;0;0;0m▄[38;2;0;0;0m[48;2;74;130;189m▀[0m[38;2;0;4;0m[48;2;66;105;156m▀[0m[38;2;0;4;0m[48;2;44;71;104m▀[0m[38;2;57;97;148m[48;2;57;83;112m▀[0m[38;2;57;97;148m[48;2;57;83;112m▀[0m[38;2;57;85;115m[48;2;183;177;203m▀[0m[38;2;183;177;203m[48;2;183;177;203m▀[0m[38;2;0;0;0m[48;2;0;0;0m▀[0m 
       [38;2;0;0;0m▀[38;2;0;0;0m▀[38;2;181;182;206m[48;2;0;12;16m▀[0m[38;2;60;68;79m[48;2;120;125;142m▀[0m[38;2;57;77;99m[48;2;57;77;99m▀[0m[38;2;57;77;99m[48;2;214;215;247m▀[0m[38;2;79;131;192m[48;2;57;85;115m▀[0m[38;2;79;131;192m[48;2;79;131;192m▀[0m[38;2;79;130;192m[48;2;79;130;192m▀[0m[38;2;79;130;192m[48;2;79;130;192m▀[0m[38;2;79;130;192m[48;2;79;130;192m▀[0m[38;2;79;130;192m[48;2;79;130;192m▀[0m[38;2;79;131;192m[48;2;57;85;115m▀[0m[38;2;79;131;192m[48;2;57;85;115m▀[0m[38;2;79;131;192m[48;2;57;85;115m▀[0m[38;2;79;131;192m[48;2;57;85;115m▀[0m[38;2;79;130;192m[48;2;79;130;192m▀[0m[38;2;79;130;192m[48;2;79;130;192m▀[0m[38;2;79;130;192m[48;2;79;130;192m▀[0m[38;2;79;130;192m[48;2;79;130;192m▀[0m[38;2;79;130;192m[48;2;79;130;192m▀[0m[38;2;79;130;192m[48;2;79;130;192m▀[0m[38;2;66;65;66m[48;2;76;129;192m▀[0m[38;2;66;65;66m[48;2;76;129;192m▀[0m[38;2;66;65;66m[48;2;76;129;192m▀[0m[38;2;66;65;66m[48;2;76;129;192m▀[0m[38;2;74;130;189m[48;2;62;97;139m▀[0m[38;2;74;130;189m[48;2;57;81;115m▀[0m[38;2;57;97;148m[48;2;57;83;112m▀[0m[38;2;57;97;148m[48;2;57;83;112m▀[0m[38;2;57;85;115m[48;2;57;85;115m▀[0m[38;2;183;177;203m[48;2;183;177;203m▀[0m[38;2;186;176;203m[48;2;186;176;203m▀[0m[38;2;186;176;203m[48;2;186;176;203m▀[0m[38;2;181;174;206m[48;2;0;0;0m▀[0m[38;2;0;0;0m▀  
         [38;2;0;0;0m▀[38;2;66;65;66m[48;2;0;0;0m▀[0m[38;2;231;227;247m[48;2;66;65;66m▀[0m[38;2;231;227;247m[48;2;231;227;247m▀[0m[38;2;57;85;115m[48;2;214;215;247m▀[0m[38;2;57;85;115m[48;2;57;85;115m▀[0m[38;2;79;131;192m[48;2;57;85;115m▀[0m[38;2;79;131;192m[48;2;57;85;115m▀[0m[38;2;57;85;115m[48;2;214;215;247m▀[0m[38;2;57;85;115m[48;2;214;215;247m▀[0m[38;2;214;219;247m[48;2;115;121;131m▀[0m[38;2;214;219;247m[48;2;66;73;74m▀[0m[38;2;214;215;247m[48;2;120;131;137m▀[0m[38;2;214;215;247m[48;2;214;215;247m▀[0m[38;2;57;85;115m[48;2;214;215;247m▀[0m[38;2;57;85;115m[48;2;214;215;247m▀[0m[38;2;79;131;192m[48;2;57;85;115m▀[0m[38;2;79;131;192m[48;2;79;131;192m▀[0m[38;2;79;130;192m[48;2;79;130;192m▀[0m[38;2;79;130;192m[48;2;79;130;192m▀[0m[38;2;111;129;164m[48;2;49;85;115m▀[0m[38;2;49;85;115m[48;2;173;174;214m▀[0m[38;2;57;89;123m[48;2;183;175;200m▀[0m[38;2;57;89;123m[48;2;57;89;123m▀[0m[38;2;57;89;123m[48;2;57;89;123m▀[0m[38;2;57;89;123m[48;2;183;175;200m▀[0m[38;2;186;176;203m[48;2;186;176;203m▀[0m[38;2;186;176;203m[48;2;186;176;203m▀[0m[38;2;181;174;206m[48;2;0;0;0m▀[0m[38;2;181;174;206m[48;2;0;0;0m▀[0m[38;2;0;0;0m▀[38;2;0;0;0m▀    
          [38;2;0;0;0m▀[38;2;214;215;247m[48;2;0;0;0m▀[0m[38;2;214;215;247m[48;2;214;215;247m▀[0m[38;2;214;215;247m[48;2;82;85;115m▀[0m[38;2;214;215;247m[48;2;214;215;247m▀[0m[38;2;217;215;244m[48;2;217;215;244m▀[0m[38;2;217;215;244m[48;2;217;215;244m▀[0m[38;2;214;215;247m[48;2;82;85;115m▀[0m[38;2;214;215;247m[48;2;214;215;247m▀[0m[38;2;77;79;79m[48;2;154;159;159m▀[0m[38;2;231;239;239m[48;2;0;0;0m▀[0m[38;2;8;8;8m[48;2;115;113;127m▀[0m[38;2;222;219;247m[48;2;222;219;247m▀[0m[38;2;217;215;244m[48;2;217;215;244m▀[0m[38;2;217;215;244m[48;2;217;215;244m▀[0m[38;2;231;219;247m[48;2;176;174;203m▀[0m[38;2;66;85;115m[48;2;176;174;203m▀[0m[38;2;57;85;115m[48;2;183;177;203m▀[0m[38;2;57;85;115m[48;2;183;177;203m▀[0m[38;2;189;178;206m[48;2;63;62;68m▀[0m[38;2;189;178;206m[48;2;0;4;0m▀[0m[38;2;181;174;206m[48;2;0;0;0m▀[0m[38;2;181;174;206m[48;2;0;0;0m▀[0m[38;2;181;174;206m[48;2;0;0;0m▀[0m[38;2;0;0;0m▀[38;2;0;0;0m▀[38;2;0;0;0m▀        
            [38;2;0;0;0m▀[38;2;206;207;239m[48;2;0;0;0m▀[0m[38;2;103;103;119m[48;2;0;0;0m▀[0m[38;2;93;91;112m[48;2;49;52;66m▀[0m[38;2;93;91;112m[48;2;181;170;206m▀[0m[38;2;214;215;247m[48;2;186;177;203m▀[0m[38;2;214;215;247m[48;2;186;177;203m▀[0m[38;2;214;215;247m[48;2;186;177;203m▀[0m[38;2;214;215;247m[48;2;186;177;203m▀[0m[38;2;214;215;247m[48;2;186;177;203m▀[0m[38;2;214;215;247m[48;2;186;177;203m▀[0m[38;2;186;177;203m[48;2;82;85;115m▀[0m[38;2;186;177;203m[48;2;186;177;203m▀[0m[38;2;186;176;203m[48;2;186;176;203m▀[0m[38;2;186;176;203m[48;2;186;176;203m▀[0m[38;2;181;174;206m[48;2;0;0;0m▀[0m[38;2;0;0;0m▀[38;2;0;0;0m▀               
               [38;2;0;0;0m▀[38;2;0;0;0m▀[38;2;0;0;0m▀[38;2;181;174;206m[48;2;0;0;0m▀[0m[38;2;181;174;206m[48;2;0;0;0m▀[0m[38;2;181;174;206m[48;2;0;0;0m▀[0m[38;2;86;85;115m[48;2;0;0;0m▀[0m[38;2;86;85;115m[48;2;0;0;0m▀[0m[38;2;181;174;206m[48;2;0;0;0m▀[0m[38;2;0;0;0m▀[38;2;0;0;0m▀[38;2;0;0;0m▀                  
[0m
