               [38;2;0;0;0m▄[38;2;0;0;0m▄[38;2;0;0;0m[48;2;82;165;180m▀[0m[38;2;0;0;0m[48;2;54;110;120m▀[0m[38;2;0;0;0m▄                      
             [38;2;0;0;0m▄[38;2;0;0;0m[48;2;65;161;172m▀[0m[38;2;69;161;176m[48;2;69;161;176m▀[0m[38;2;69;161;176m[48;2;74;121;123m▀[0m[38;2;68;161;175m[48;2;68;161;175m▀[0m[38;2;68;161;175m[48;2;68;161;175m▀[0m[38;2;0;0;0m[48;2;74;121;123m▀[0m[38;2;0;0;0m▄                  [38;2;0;0;0m▄[38;2;0;0;0m[48;2;205;149;213m▀[0m[38;2;0;0;0m▄
           [38;2;0;0;0m▄[38;2;0;0;0m[48;2;65;161;172m▀[0m[38;2;69;161;176m[48;2;69;161;176m▀[0m[38;2;69;161;176m[48;2;74;121;123m▀[0m[38;2;74;121;123m[48;2;74;121;123m▀[0m[38;2;74;121;123m[48;2;0;0;0m▀[0m[38;2;69;161;176m[48;2;74;121;123m▀[0m[38;2;69;161;176m[48;2;69;161;176m▀[0m[38;2;74;165;172m[48;2;74;165;172m▀[0m[38;2;8;4;0m[48;2;52;111;115m▀[0m[38;2;0;0;0m▄    [38;2;0;0;0m▄[38;2;0;0;0m▄[38;2;0;0;0m▄         [38;2;0;0;0m▄[38;2;0;0;0m[48;2;205;149;213m▀[0m[38;2;205;149;213m[48;2;205;149;213m▀[0m[38;2;0;0;0m[48;2;0;0;0m▀[0m
           [38;2;0;0;0m[48;2;0;0;0m▀[0m[38;2;65;161;172m[48;2;65;161;172m▀[0m[38;2;74;165;172m[48;2;74;165;172m▀[0m[38;2;52;111;115m[48;2;8;4;0m▀[0m[38;2;0;0;0m▀ [38;2;0;0;0m[48;2;0;0;0m▀[0m[38;2;65;161;172m[48;2;65;161;172m▀[0m[38;2;69;161;176m[48;2;74;121;123m▀[0m[38;2;74;121;123m[48;2;74;121;123m▀[0m[38;2;0;0;0m[48;2;65;64;65m▀[0m[38;2;0;0;0m▄[38;2;0;0;0m▄[38;2;0;0;0m[48;2;205;149;213m▀[0m[38;2;0;0;0m[48;2;205;149;213m▀[0m[38;2;205;149;213m[48;2;205;149;213m▀[0m[38;2;208;149;213m[48;2;208;149;213m▀[0m[38;2;208;149;213m[48;2;208;149;213m▀[0m[38;2;0;0;0m[48;2;205;149;213m▀[0m[38;2;0;0;0m▄ [38;2;0;0;0m▄[38;2;0;0;0m[48;2;205;149;213m▀[0m[38;2;0;0;0m[48;2;205;149;213m▀[0m[38;2;0;0;0m[48;2;148;101;148m▀[0m[38;2;0;0;0m▄[38;2;0;0;0m[48;2;153;99;153m▀[0m[38;2;153;99;153m[48;2;153;99;153m▀[0m[38;2;197;145;213m[48;2;131;97;142m▀[0m[38;2;131;97;142m[48;2;0;0;0m▀[0m[38;2;0;0;0m▀
          [38;2;0;0;0m[48;2;0;0;0m▀[0m[38;2;68;161;175m[48;2;68;161;175m▀[0m[38;2;68;161;175m[48;2;68;161;175m▀[0m[38;2;74;121;123m[48;2;0;0;0m▀[0m[38;2;0;0;0m▀[38;2;0;0;0m▄[38;2;0;0;0m[48;2;65;64;65m▀[0m[38;2;68;161;175m[48;2;68;161;175m▀[0m[38;2;68;161;175m[48;2;68;161;175m▀[0m[38;2;71;121;123m[48;2;71;121;123m▀[0m[38;2;65;64;65m[48;2;65;64;65m▀[0m[38;2;208;149;213m[48;2;208;149;213m▀[0m[38;2;208;149;213m[48;2;208;149;213m▀[0m[38;2;208;149;213m[48;2;208;149;213m▀[0m[38;2;208;149;213m[48;2;208;149;213m▀[0m[38;2;208;149;213m[48;2;208;149;213m▀[0m[38;2;208;149;213m[48;2;148;101;148m▀[0m[38;2;208;149;213m[48;2;148;101;148m▀[0m[38;2;208;149;213m[48;2;208;149;213m▀[0m[38;2;208;149;213m[48;2;208;149;213m▀[0m[38;2;208;149;213m[48;2;148;101;148m▀[0m[38;2;0;4;8m[48;2;102;76;111m▀[0m[38;2;205;149;213m[48;2;205;149;213m▀[0m[38;2;208;149;213m[48;2;208;149;213m▀[0m[38;2;208;149;213m[48;2;208;149;213m▀[0m[38;2;213;145;213m[48;2;142;102;153m▀[0m[38;2;142;102;153m[48;2;106;80;123m▀[0m[38;2;137;105;153m[48;2;98;85;123m▀[0m[38;2;98;85;123m[48;2;213;145;213m▀[0m[38;2;205;149;213m[48;2;0;0;0m▀[0m[38;2;0;0;0m▀ 
         [38;2;0;0;0m▄[38;2;0;0;0m[48;2;65;161;172m▀[0m[38;2;69;161;176m[48;2;69;161;176m▀[0m[38;2;69;161;176m[48;2;74;121;123m▀[0m[38;2;68;56;71m[48;2;68;56;71m▀[0m[38;2;0;8;0m[48;2;205;153;213m▀[0m[38;2;180;170;222m[48;2;57;76;74m▀[0m[38;2;57;76;74m[48;2;119;123;148m▀[0m[38;2;69;161;176m[48;2;69;161;176m▀[0m[38;2;74;121;123m[48;2;74;121;123m▀[0m[38;2;98;93;112m[48;2;57;72;68m▀[0m[38;2;57;72;68m[48;2;139;113;156m▀[0m[38;2;208;149;213m[48;2;148;101;148m▀[0m[38;2;208;149;213m[48;2;208;149;213m▀[0m[38;2;205;149;213m[48;2;150;101;153m▀[0m[38;2;205;149;213m[48;2;150;101;153m▀[0m[38;2;150;99;150m[48;2;150;99;150m▀[0m[38;2;150;99;150m[48;2;150;99;150m▀[0m[38;2;150;99;150m[48;2;150;99;150m▀[0m[38;2;150;99;150m[48;2;150;99;150m▀[0m[38;2;150;99;150m[48;2;150;99;150m▀[0m[38;2;150;99;150m[48;2;150;99;150m▀[0m[38;2;150;99;150m[48;2;150;99;150m▀[0m[38;2;98;85;123m[48;2;150;99;150m▀[0m[38;2;150;99;150m[48;2;150;99;150m▀[0m[38;2;150;99;150m[48;2;150;99;150m▀[0m[38;2;95;84;120m[48;2;205;149;213m▀[0m[38;2;205;149;213m[48;2;205;149;213m▀[0m[38;2;205;149;213m[48;2;205;149;213m▀[0m[38;2;205;149;213m[48;2;0;0;0m▀[0m[38;2;0;0;0m▀  
         [38;2;0;0;0m[48;2;0;0;0m▀[0m[38;2;65;161;172m[48;2;65;161;172m▀[0m[38;2;71;161;175m[48;2;71;161;175m▀[0m[38;2;65;64;65m[48;2;65;64;65m▀[0m[38;2;152;99;152m[48;2;152;99;152m▀[0m[38;2;152;99;152m[48;2;65;64;65m▀[0m[38;2;65;64;65m[48;2;71;161;175m▀[0m[38;2;71;161;175m[48;2;71;161;175m▀[0m[38;2;71;165;175m[48;2;68;117;120m▀[0m[38;2;68;117;120m[48;2;65;68;65m▀[0m[38;2;65;64;65m[48;2;152;99;152m▀[0m[38;2;152;99;152m[48;2;152;99;152m▀[0m[38;2;150;99;150m[48;2;150;99;150m▀[0m[38;2;150;99;150m[48;2;150;99;150m▀[0m[38;2;150;99;150m[48;2;150;99;150m▀[0m[38;2;150;99;150m[48;2;150;99;150m▀[0m[38;2;150;99;150m[48;2;98;85;123m▀[0m[38;2;150;99;150m[48;2;98;85;123m▀[0m[38;2;95;84;120m[48;2;205;149;213m▀[0m[38;2;95;84;120m[48;2;205;149;213m▀[0m[38;2;98;85;123m[48;2;213;145;213m▀[0m[38;2;137;105;153m[48;2;98;85;123m▀[0m[38;2;150;99;150m[48;2;150;99;150m▀[0m[38;2;150;99;150m[48;2;98;85;123m▀[0m[38;2;137;105;153m[48;2;98;85;123m▀[0m[38;2;98;85;123m[48;2;213;145;213m▀[0m[38;2;208;149;213m[48;2;208;149;213m▀[0m[38;2;208;149;213m[48;2;208;149;213m▀[0m[38;2;213;149;213m[48;2;142;99;142m▀[0m[38;2;0;0;0m[48;2;0;0;0m▀[0m   
       [38;2;0;0;0m▄[38;2;0;0;0m[48;2;74;121;123m▀[0m[38;2;65;64;65m[48;2;65;64;65m▀[0m[38;2;71;121;123m[48;2;71;121;123m▀[0m[38;2;71;163;175m[48;2;71;163;175m▀[0m[38;2;68;116;120m[48;2;65;68;65m▀[0m[38;2;65;64;65m[48;2;71;161;175m▀[0m[38;2;71;161;175m[48;2;71;161;175m▀[0m[38;2;69;161;176m[48;2;74;121;123m▀[0m[38;2;74;121;123m[48;2;74;121;123m▀[0m[38;2;98;93;112m[48;2;57;72;68m▀[0m[38;2;57;72;68m[48;2;139;113;156m▀[0m[38;2;152;99;152m[48;2;65;64;65m▀[0m[38;2;152;99;152m[48;2;65;64;65m▀[0m[38;2;150;99;150m[48;2;150;99;150m▀[0m[38;2;150;99;150m[48;2;98;85;123m▀[0m[38;2;137;105;153m[48;2;98;85;123m▀[0m[38;2;98;85;123m[48;2;213;145;213m▀[0m[38;2;208;149;213m[48;2;208;149;213m▀[0m[38;2;208;149;213m[48;2;208;149;213m▀[0m[38;2;208;149;213m[48;2;208;149;213m▀[0m[38;2;208;149;213m[48;2;208;149;213m▀[0m[38;2;208;149;213m[48;2;208;149;213m▀[0m[38;2;208;149;213m[48;2;148;101;148m▀[0m[38;2;95;84;120m[48;2;205;149;213m▀[0m[38;2;205;149;213m[48;2;205;149;213m▀[0m[38;2;205;149;213m[48;2;65;64;65m▀[0m[38;2;205;149;213m[48;2;65;64;65m▀[0m[38;2;205;149;213m[48;2;150;101;153m▀[0m[38;2;150;101;153m[48;2;150;101;153m▀[0m[38;2;0;0;0m[48;2;0;0;0m▀[0m    
       [38;2;0;0;0m▄[38;2;0;0;0m[48;2;65;64;65m▀[0m[38;2;71;121;123m[48;2;71;121;123m▀[0m[38;2;65;64;65m[48;2;71;121;123m▀[0m[38;2;68;161;175m[48;2;68;161;175m▀[0m[38;2;68;161;175m[48;2;68;161;175m▀[0m[38;2;71;165;175m[48;2;68;117;120m▀[0m[38;2;68;117;120m[48;2;65;68;65m▀[0m[38;2;68;114;120m[48;2;65;64;65m▀[0m[38;2;65;64;65m[48;2;71;164;175m▀[0m[38;2;65;64;65m[48;2;71;161;175m▀[0m[38;2;65;64;65m[48;2;71;161;175m▀[0m[38;2;71;161;175m[48;2;65;64;65m▀[0m[38;2;71;161;175m[48;2;65;64;65m▀[0m[38;2;65;64;65m[48;2;205;149;213m▀[0m[38;2;205;149;213m[48;2;205;149;213m▀[0m[38;2;208;149;213m[48;2;208;149;213m▀[0m[38;2;208;149;213m[48;2;208;149;213m▀[0m[38;2;208;149;213m[48;2;208;149;213m▀[0m[38;2;208;149;213m[48;2;148;101;148m▀[0m[38;2;150;99;150m[48;2;150;99;150m▀[0m[38;2;150;99;150m[48;2;150;99;150m▀[0m[38;2;139;105;139m[48;2;65;64;65m▀[0m[38;2;213;145;213m[48;2;65;64;65m▀[0m[38;2;65;64;65m[48;2;230;242;255m▀[0m[38;2;65;64;65m[48;2;230;242;255m▀[0m[38;2;227;244;254m[48;2;227;244;254m▀[0m[38;2;227;244;254m[48;2;227;244;254m▀[0m[38;2;63;70;74m[48;2;189;210;222m▀[0m[38;2;0;0;0m[48;2;63;70;74m▀[0m[38;2;0;0;0m▄[38;2;0;0;0m▄[38;2;0;0;0m▄  
    [38;2;0;0;0m▄[38;2;0;0;0m[48;2;189;210;222m▀[0m[38;2;0;0;0m[48;2;189;210;222m▀[0m[38;2;189;210;222m[48;2;189;210;222m▀[0m[38;2;189;210;222m[48;2;0;0;0m▀[0m[38;2;41;78;86m[48;2;8;0;0m▀[0m[38;2;74;157;172m[48;2;74;157;172m▀[0m[38;2;68;161;175m[48;2;68;161;175m▀[0m[38;2;68;161;175m[48;2;68;161;175m▀[0m[38;2;71;161;175m[48;2;71;161;175m▀[0m[38;2;71;161;175m[48;2;65;64;65m▀[0m[38;2;71;164;175m[48;2;65;64;65m▀[0m[38;2;68;114;120m[48;2;65;64;65m▀[0m[38;2;65;64;65m[48;2;60;94;126m▀[0m[38;2;65;64;65m[48;2;65;64;65m▀[0m[38;2;152;99;152m[48;2;65;64;65m▀[0m[38;2;152;99;152m[48;2;152;99;152m▀[0m[38;2;150;101;153m[48;2;150;101;153m▀[0m[38;2;205;149;213m[48;2;150;101;153m▀[0m[38;2;205;149;213m[48;2;150;101;153m▀[0m[38;2;150;101;153m[48;2;150;101;153m▀[0m[38;2;152;99;152m[48;2;152;99;152m▀[0m[38;2;152;99;152m[48;2;65;64;65m▀[0m[38;2;128;120;134m[48;2;74;60;74m▀[0m[38;2;74;60;74m[48;2;238;238;255m▀[0m[38;2;230;242;255m[48;2;230;242;255m▀[0m[38;2;230;242;255m[48;2;65;64;65m▀[0m[38;2;230;242;255m[48;2;0;0;0m▀[0m[38;2;0;0;0m▀[38;2;86;103;119m[48;2;0;0;8m▀[0m[38;2;86;103;119m[48;2;172;206;230m▀[0m[38;2;189;214;230m[48;2;63;76;87m▀[0m[38;2;63;76;87m[48;2;0;8;16m▀[0m[38;2;189;210;222m[48;2;0;0;0m▀[0m[38;2;189;210;222m[48;2;0;0;0m▀[0m[38;2;86;103;119m[48;2;172;206;230m▀[0m[38;2;0;0;8m[48;2;86;103;119m▀[0m[38;2;0;0;0m▄
  [38;2;0;0;0m▄[38;2;0;0;0m[48;2;230;242;255m▀[0m[38;2;230;242;255m[48;2;230;242;255m▀[0m[38;2;189;210;222m[48;2;0;0;0m▀[0m[38;2;0;0;0m▀[38;2;0;0;0m▀  [38;2;0;0;0m[48;2;0;0;0m▀[0m[38;2;71;161;175m[48;2;65;64;65m▀[0m[38;2;71;161;175m[48;2;65;64;65m▀[0m[38;2;82;62;65m[48;2;230;186;197m▀[0m[38;2;8;0;0m[48;2;156;124;131m▀[0m[38;2;145;84;95m[48;2;145;84;95m▀[0m[38;2;255;255;255m[48;2;145;84;95m▀[0m[38;2;57;93;123m[48;2;95;182;194m▀[0m[38;2;95;182;194m[48;2;95;182;194m▀[0m[38;2;93;180;191m[48;2;93;180;191m▀[0m[38;2;65;64;65m[48;2;93;180;191m▀[0m[38;2;152;99;152m[48;2;65;64;65m▀[0m[38;2;152;99;152m[48;2;65;64;65m▀[0m[38;2;152;99;152m[48;2;152;99;152m▀[0m[38;2;152;99;152m[48;2;65;64;65m▀[0m[38;2;65;64;65m[48;2;230;242;255m▀[0m[38;2;230;242;255m[48;2;230;242;255m▀[0m[38;2;230;242;255m[48;2;65;64;65m▀[0m[38;2;230;242;255m[48;2;65;64;65m▀[0m[38;2;57;68;65m[48;2;128;168;180m▀[0m[38;2;57;68;65m[48;2;164;218;238m▀[0m[38;2;189;210;222m[48;2;63;70;74m▀[0m[38;2;0;0;0m[48;2;189;210;222m▀[0m[38;2;189;210;222m[48;2;189;210;222m▀[0m[38;2;189;210;222m[48;2;0;0;0m▀[0m[38;2;0;0;0m▀   [38;2;0;0;0m[48;2;0;0;0m▀[0m[38;2;230;242;255m[48;2;230;242;255m▀[0m[38;2;0;0;0m[48;2;0;0;0m▀[0m
 [38;2;0;0;0m▄[38;2;0;0;0m[48;2;230;242;255m▀[0m[38;2;230;242;255m[48;2;230;242;255m▀[0m[38;2;0;0;0m[48;2;0;0;0m▀[0m    [38;2;0;0;0m▄[38;2;0;0;0m[48;2;230;242;255m▀[0m[38;2;227;244;254m[48;2;227;244;254m▀[0m[38;2;227;244;254m[48;2;227;244;254m▀[0m[38;2;230;242;255m[48;2;230;242;255m▀[0m[38;2;230;242;255m[48;2;135;145;148m▀[0m[38;2;189;210;222m[48;2;126;151;169m▀[0m[38;2;63;91;117m[48;2;189;210;222m▀[0m[38;2;95;182;194m[48;2;57;93;123m▀[0m[38;2;95;182;194m[48;2;57;93;123m▀[0m[38;2;98;182;197m[48;2;142;219;224m▀[0m[38;2;142;219;224m[48;2;142;219;224m▀[0m[38;2;148;222;222m[48;2;148;222;222m▀[0m[38;2;148;222;222m[48;2;65;64;65m▀[0m[38;2;65;64;65m[48;2;230;242;255m▀[0m[38;2;230;242;255m[48;2;230;242;255m▀[0m[38;2;230;242;255m[48;2;65;64;65m▀[0m[38;2;65;64;65m[48;2;230;242;255m▀[0m[38;2;93;180;194m[48;2;230;242;255m▀[0m[38;2;93;180;194m[48;2;93;180;194m▀[0m[38;2;189;210;222m[48;2;95;180;194m▀[0m[38;2;95;180;194m[48;2;95;180;194m▀[0m[38;2;57;60;65m[48;2;57;60;65m▀[0m[38;2;180;206;222m[48;2;98;109;117m▀[0m[38;2;63;70;74m[48;2;189;210;222m▀[0m[38;2;0;0;0m[48;2;63;70;74m▀[0m[38;2;0;0;0m▄[38;2;0;0;0m▄[38;2;0;0;0m[48;2;230;242;255m▀[0m[38;2;0;0;0m[48;2;230;242;255m▀[0m[38;2;230;242;255m[48;2;0;0;0m▀[0m[38;2;0;0;0m▀ 
[38;2;0;0;0m▄[38;2;0;0;0m[48;2;230;242;255m▀[0m[38;2;230;242;255m[48;2;230;242;255m▀[0m[38;2;0;0;0m[48;2;0;0;0m▀[0m     [38;2;0;0;0m▀[38;2;139;145;148m[48;2;0;0;0m▀[0m[38;2;230;242;255m[48;2;0;0;0m▀[0m[38;2;230;242;255m[48;2;76;80;84m▀[0m[38;2;127;139;143m[48;2;189;210;222m▀[0m[38;2;189;210;222m[48;2;65;68;65m▀[0m[38;2;52;63;65m[48;2;24;4;0m▀[0m[38;2;52;63;65m[48;2;106;182;197m▀[0m[38;2;189;210;222m[48;2;57;93;123m▀[0m[38;2;189;210;222m[48;2;189;210;222m▀[0m[38;2;60;95;123m[48;2;164;214;222m▀[0m[38;2;164;214;222m[48;2;60;95;123m▀[0m[38;2;164;192;191m[48;2;65;68;65m▀[0m[38;2;65;68;65m[48;2;213;255;255m▀[0m[38;2;230;242;255m[48;2;230;242;255m▀[0m[38;2;65;64;65m[48;2;65;64;65m▀[0m[38;2;143;220;222m[48;2;143;220;222m▀[0m[38;2;230;242;255m[48;2;143;220;222m▀[0m[38;2;120;152;161m[48;2;180;222;238m▀[0m[38;2;180;222;238m[48;2;0;12;8m▀[0m[38;2;172;206;230m[48;2;0;0;8m▀[0m[38;2;86;103;119m[48;2;86;103;119m▀[0m[38;2;148;222;222m[48;2;148;222;222m▀[0m[38;2;65;64;65m[48;2;148;222;222m▀[0m[38;2;65;76;82m[48;2;65;76;82m▀[0m[38;2;230;242;255m[48;2;65;76;82m▀[0m[38;2;230;242;255m[48;2;76;80;84m▀[0m[38;2;230;242;255m[48;2;0;0;0m▀[0m[38;2;0;0;0m▀[38;2;0;0;0m▀   
[38;2;0;0;0m[48;2;0;0;0m▀[0m[38;2;189;210;222m[48;2;189;210;222m▀[0m[38;2;0;0;0m[48;2;0;0;0m▀[0m         [38;2;0;0;0m▀[38;2;230;242;255m[48;2;0;0;0m▀[0m[38;2;0;0;0m[48;2;0;0;0m▀[0m [38;2;0;0;0m[48;2;0;0;0m▀[0m[38;2;95;180;194m[48;2;95;180;194m▀[0m[38;2;189;210;222m[48;2;189;210;222m▀[0m[38;2;180;206;222m[48;2;98;109;117m▀[0m[38;2;57;60;65m[48;2;57;60;65m▀[0m[38;2;230;242;255m[48;2;230;242;255m▀[0m[38;2;230;242;255m[48;2;65;64;65m▀[0m[38;2;57;76;74m[48;2;156;195;194m▀[0m[38;2;156;195;194m[48;2;205;255;255m▀[0m[38;2;230;242;255m[48;2;230;242;255m▀[0m[38;2;143;220;222m[48;2;230;242;255m▀[0m[38;2;0;0;0m[48;2;0;0;0m▀[0m  [38;2;0;0;0m▀[38;2;93;156;161m[48;2;0;8;8m▀[0m[38;2;139;230;238m[48;2;139;230;238m▀[0m[38;2;142;219;224m[48;2;142;219;224m▀[0m[38;2;142;219;224m[48;2;98;182;197m▀[0m[38;2;0;0;0m[48;2;98;182;197m▀[0m[38;2;0;0;0m▄     
[38;2;0;0;0m[48;2;0;0;0m▀[0m[38;2;189;210;222m[48;2;189;210;222m▀[0m[38;2;0;0;0m[48;2;0;0;0m▀[0m             [38;2;0;0;0m[48;2;0;0;0m▀[0m[38;2;95;180;194m[48;2;95;180;194m▀[0m[38;2;189;210;222m[48;2;189;210;222m▀[0m[38;2;65;64;65m[48;2;65;64;65m▀[0m[38;2;189;210;222m[48;2;189;210;222m▀[0m[38;2;189;210;222m[48;2;63;70;74m▀[0m[38;2;63;70;74m[48;2;0;0;0m▀[0m[38;2;148;222;222m[48;2;60;95;123m▀[0m[38;2;148;222;222m[48;2;148;222;222m▀[0m[38;2;230;242;255m[48;2;143;220;222m▀[0m[38;2;143;220;222m[48;2;143;220;222m▀[0m[38;2;0;0;0m[48;2;0;0;0m▀[0m    [38;2;0;0;0m▀[38;2;0;0;0m▀[38;2;98;182;197m[48;2;0;0;0m▀[0m[38;2;98;182;197m[48;2;98;182;197m▀[0m[38;2;0;0;0m[48;2;0;0;0m▀[0m     
[38;2;0;0;0m▀[38;2;189;210;222m[48;2;0;0;0m▀[0m[38;2;0;0;0m▀            [38;2;0;0;0m[48;2;0;0;0m▀[0m[38;2;98;182;197m[48;2;98;182;197m▀[0m[38;2;93;180;191m[48;2;93;180;191m▀[0m[38;2;65;64;65m[48;2;65;64;65m▀[0m[38;2;189;210;224m[48;2;189;210;224m▀[0m[38;2;189;210;224m[48;2;189;210;224m▀[0m[38;2;0;0;0m[48;2;0;0;0m▀[0m [38;2;0;0;0m[48;2;0;0;0m▀[0m[38;2;148;222;222m[48;2;148;222;222m▀[0m[38;2;189;230;238m[48;2;189;230;238m▀[0m[38;2;0;0;0m[48;2;0;0;0m▀[0m      [38;2;0;0;0m▄[38;2;0;0;0m[48;2;57;95;127m▀[0m[38;2;95;182;194m[48;2;95;182;194m▀[0m[38;2;95;182;194m[48;2;95;182;194m▀[0m[38;2;0;0;0m[48;2;0;0;0m▀[0m    
             [38;2;0;0;0m▄[38;2;0;0;0m[48;2;115;210;213m▀[0m[38;2;95;182;194m[48;2;95;182;194m▀[0m[38;2;95;182;194m[48;2;95;182;194m▀[0m[38;2;106;182;197m[48;2;52;63;65m▀[0m[38;2;52;63;65m[48;2;24;4;0m▀[0m[38;2;189;210;222m[48;2;189;210;222m▀[0m[38;2;0;0;0m[48;2;0;0;0m▀[0m [38;2;0;0;0m▄[38;2;0;0;0m[48;2;148;222;222m▀[0m[38;2;148;222;222m[48;2;148;222;222m▀[0m[38;2;148;222;222m[48;2;148;222;222m▀[0m[38;2;0;0;0m[48;2;0;0;0m▀[0m      [38;2;0;0;0m▀[38;2;65;161;172m[48;2;0;0;0m▀[0m[38;2;60;113;126m[48;2;0;0;0m▀[0m[38;2;90;170;189m[48;2;0;0;0m▀[0m[38;2;0;0;0m▀    
             [38;2;0;0;0m▀[38;2;65;161;172m[48;2;0;0;0m▀[0m[38;2;41;60;65m[48;2;8;0;0m▀[0m[38;2;106;182;197m[48;2;8;0;0m▀[0m[38;2;0;0;0m▀ [38;2;0;0;0m▀ [38;2;0;0;0m▄[38;2;0;0;0m[48;2;115;210;213m▀[0m[38;2;142;221;222m[48;2;65;161;172m▀[0m[38;2;142;221;222m[48;2;142;221;222m▀[0m[38;2;0;0;0m[48;2;0;0;0m▀[0m                
                     [38;2;0;0;0m▀[38;2;57;95;127m[48;2;0;0;0m▀[0m[38;2;115;206;222m[48;2;0;0;0m▀[0m[38;2;57;103;111m[48;2;0;0;0m▀[0m[38;2;0;0;0m▀                
[0m
