                      [38;2;0;0;0m▄[38;2;0;0;0m[48;2;255;255;255m▀[0m[38;2;0;0;0m▄   
        [38;2;0;0;0m▄[38;2;0;0;0m[48;2;214;173;156m▀[0m[38;2;0;0;0m[48;2;214;173;156m▀[0m[38;2;0;0;0m[48;2;173;132;115m▀[0m[38;2;0;0;0m▄    [38;2;0;0;0m▄[38;2;0;0;0m▄[38;2;0;0;0m▄[38;2;0;0;0m▄[38;2;0;0;0m[48;2;115;115;115m▀[0m[38;2;255;255;255m[48;2;255;255;255m▀[0m[38;2;255;255;255m[48;2;115;115;115m▀[0m[38;2;0;0;0m[48;2;189;197;206m▀[0m[38;2;0;0;0m[48;2;255;255;255m▀[0m[38;2;0;0;0m[48;2;255;255;255m▀[0m[38;2;0;0;0m▄
      [38;2;0;0;0m▄[38;2;0;0;0m[48;2;173;132;115m▀[0m[38;2;214;173;156m[48;2;214;173;156m▀[0m[38;2;214;173;156m[48;2;214;173;156m▀[0m[38;2;214;173;156m[48;2;214;173;156m▀[0m[38;2;214;173;156m[48;2;214;173;156m▀[0m[38;2;173;132;115m[48;2;173;132;115m▀[0m[38;2;0;0;0m[48;2;173;132;115m▀[0m[38;2;0;0;0m▄[38;2;0;0;0m[48;2;197;173;140m▀[0m[38;2;0;0;0m[48;2;197;173;140m▀[0m[38;2;255;214;173m[48;2;255;214;173m▀[0m[38;2;255;214;173m[48;2;197;173;140m▀[0m[38;2;197;173;140m[48;2;255;214;173m▀[0m[38;2;197;173;140m[48;2;255;214;173m▀[0m[38;2;255;255;255m[48;2;197;173;140m▀[0m[38;2;115;115;115m[48;2;255;255;255m▀[0m[38;2;189;197;206m[48;2;189;197;206m▀[0m[38;2;255;255;255m[48;2;0;0;0m▀[0m[38;2;255;255;255m[48;2;0;0;0m▀[0m[38;2;0;0;0m▀ 
   [38;2;0;0;0m▄[38;2;0;0;0m[48;2;140;107;99m▀[0m[38;2;0;0;0m[48;2;65;65;65m▀[0m[38;2;65;65;65m[48;2;214;173;156m▀[0m[38;2;214;173;156m[48;2;214;173;156m▀[0m[38;2;214;173;156m[48;2;214;173;156m▀[0m[38;2;214;173;156m[48;2;214;173;156m▀[0m[38;2;214;173;156m[48;2;214;173;156m▀[0m[38;2;214;173;156m[48;2;173;132;115m▀[0m[38;2;173;132;115m[48;2;173;132;115m▀[0m[38;2;65;65;65m[48;2;65;65;65m▀[0m[38;2;156;132;107m[48;2;255;255;255m▀[0m[38;2;255;214;173m[48;2;156;132;107m▀[0m[38;2;255;214;173m[48;2;255;214;173m▀[0m[38;2;197;173;140m[48;2;197;173;140m▀[0m[38;2;255;214;173m[48;2;255;214;173m▀[0m[38;2;255;214;173m[48;2;197;173;140m▀[0m[38;2;255;214;173m[48;2;197;173;140m▀[0m[38;2;255;214;173m[48;2;255;214;173m▀[0m[38;2;156;132;107m[48;2;197;173;140m▀[0m[38;2;255;255;255m[48;2;255;255;255m▀[0m[38;2;0;0;0m[48;2;189;197;206m▀[0m[38;2;0;0;0m▄  
  [38;2;0;0;0m[48;2;0;0;0m▀[0m[38;2;140;107;99m[48;2;140;107;99m▀[0m[38;2;140;107;99m[48;2;65;65;65m▀[0m[38;2;65;65;65m[48;2;214;173;156m▀[0m[38;2;214;173;156m[48;2;173;132;115m▀[0m[38;2;173;132;115m[48;2;197;173;140m▀[0m[38;2;214;173;156m[48;2;173;132;115m▀[0m[38;2;173;132;115m[48;2;255;214;173m▀[0m[38;2;115;115;115m[48;2;255;214;173m▀[0m[38;2;173;132;115m[48;2;65;65;65m▀[0m[38;2;65;65;65m[48;2;255;255;255m▀[0m[38;2;140;107;99m[48;2;173;82;132m▀[0m[38;2;0;0;0m[48;2;239;115;156m▀[0m[38;2;255;255;255m[48;2;239;115;156m▀[0m[38;2;156;132;107m[48;2;173;82;132m▀[0m[38;2;140;107;99m[48;2;173;82;132m▀[0m[38;2;140;107;99m[48;2;255;255;255m▀[0m[38;2;255;214;173m[48;2;156;132;107m▀[0m[38;2;255;214;173m[48;2;255;214;173m▀[0m[38;2;197;173;140m[48;2;255;214;173m▀[0m[38;2;255;214;173m[48;2;197;173;140m▀[0m[38;2;156;132;107m[48;2;156;132;107m▀[0m[38;2;255;255;255m[48;2;255;255;255m▀[0m[38;2;0;0;0m[48;2;0;0;0m▀[0m  
 [38;2;0;0;0m▄[38;2;0;0;0m[48;2;156;132;107m▀[0m[38;2;140;107;99m[48;2;65;65;65m▀[0m[38;2;65;65;65m[48;2;65;65;65m▀[0m[38;2;65;65;65m[48;2;197;173;140m▀[0m[38;2;197;173;140m[48;2;255;214;173m▀[0m[38;2;255;214;173m[48;2;115;115;115m▀[0m[38;2;255;214;173m[48;2;255;214;173m▀[0m[38;2;156;132;107m[48;2;65;65;65m▀[0m[38;2;65;65;65m[48;2;255;255;255m▀[0m[38;2;65;65;65m[48;2;115;115;115m▀[0m[38;2;156;132;107m[48;2;255;214;173m▀[0m[38;2;173;82;132m[48;2;255;214;173m▀[0m[38;2;65;65;65m[48;2;173;82;132m▀[0m[38;2;239;115;156m[48;2;239;115;156m▀[0m[38;2;239;115;156m[48;2;65;65;65m▀[0m[38;2;239;115;156m[48;2;239;115;156m▀[0m[38;2;0;0;0m[48;2;173;82;132m▀[0m[38;2;255;255;255m[48;2;140;107;99m▀[0m[38;2;140;107;99m[48;2;140;107;99m▀[0m[38;2;255;214;173m[48;2;156;132;107m▀[0m[38;2;197;173;140m[48;2;156;132;107m▀[0m[38;2;156;132;107m[48;2;189;197;206m▀[0m[38;2;189;197;206m[48;2;189;197;206m▀[0m[38;2;0;0;0m[48;2;0;0;0m▀[0m  
[38;2;0;0;0m[48;2;0;0;0m▀[0m[38;2;255;214;173m[48;2;255;214;173m▀[0m[38;2;65;65;65m[48;2;197;173;140m▀[0m[38;2;173;132;115m[48;2;65;65;65m▀[0m[38;2;173;132;115m[48;2;173;132;115m▀[0m[38;2;65;65;65m[48;2;173;132;115m▀[0m[38;2;255;214;173m[48;2;65;65;65m▀[0m[38;2;115;115;115m[48;2;65;65;65m▀[0m[38;2;65;65;65m[48;2;115;115;115m▀[0m[38;2;65;65;65m[48;2;255;255;255m▀[0m[38;2;255;255;255m[48;2;189;197;206m▀[0m[38;2;115;115;115m[48;2;189;197;206m▀[0m[38;2;255;214;173m[48;2;115;115;115m▀[0m[38;2;255;214;173m[48;2;255;214;173m▀[0m[38;2;255;214;173m[48;2;255;214;173m▀[0m[38;2;173;82;132m[48;2;255;214;173m▀[0m[38;2;173;82;132m[48;2;255;214;173m▀[0m[38;2;173;82;132m[48;2;156;132;107m▀[0m[38;2;197;173;140m[48;2;255;255;255m▀[0m[38;2;197;173;140m[48;2;197;173;140m▀[0m[38;2;156;132;107m[48;2;197;173;140m▀[0m[38;2;189;197;206m[48;2;65;65;65m▀[0m[38;2;189;197;206m[48;2;65;65;65m▀[0m[38;2;189;197;206m[48;2;65;65;65m▀[0m[38;2;65;65;65m[48;2;255;214;173m▀[0m[38;2;255;214;173m[48;2;255;214;173m▀[0m[38;2;0;0;0m[48;2;0;0;0m▀[0m 
[38;2;0;0;0m▀[38;2;197;173;140m[48;2;0;0;0m▀[0m[38;2;65;65;65m[48;2;0;0;0m▀[0m[38;2;173;132;115m[48;2;65;65;65m▀[0m[38;2;173;132;115m[48;2;173;132;115m▀[0m[38;2;173;132;115m[48;2;140;107;99m▀[0m[38;2;65;65;65m[48;2;65;65;65m▀[0m[38;2;197;173;140m[48;2;255;214;173m▀[0m[38;2;255;214;173m[48;2;115;115;115m▀[0m[38;2;115;115;115m[48;2;255;255;255m▀[0m[38;2;255;255;255m[48;2;255;255;255m▀[0m[38;2;255;255;255m[48;2;189;197;206m▀[0m[38;2;115;115;115m[48;2;255;255;255m▀[0m[38;2;197;173;140m[48;2;115;115;115m▀[0m[38;2;255;214;173m[48;2;115;115;115m▀[0m[38;2;255;214;173m[48;2;197;173;140m▀[0m[38;2;255;214;173m[48;2;255;214;173m▀[0m[38;2;255;214;173m[48;2;255;214;173m▀[0m[38;2;156;132;107m[48;2;197;173;140m▀[0m[38;2;197;173;140m[48;2;115;115;115m▀[0m[38;2;65;65;65m[48;2;255;214;173m▀[0m[38;2;255;214;173m[48;2;115;115;115m▀[0m[38;2;255;214;173m[48;2;255;214;173m▀[0m[38;2;255;214;173m[48;2;115;115;115m▀[0m[38;2;255;214;173m[48;2;197;173;140m▀[0m[38;2;0;0;0m[48;2;0;0;0m▀[0m[38;2;0;0;0m▄ 
  [38;2;0;0;0m▀[38;2;173;132;115m[48;2;0;0;0m▀[0m[38;2;140;107;99m[48;2;0;0;0m▀[0m[38;2;140;107;99m[48;2;140;107;99m▀[0m[38;2;65;65;65m[48;2;140;107;99m▀[0m[38;2;197;173;140m[48;2;65;65;65m▀[0m[38;2;255;214;173m[48;2;255;214;173m▀[0m[38;2;115;115;115m[48;2;197;173;140m▀[0m[38;2;115;115;115m[48;2;115;115;115m▀[0m[38;2;255;255;255m[48;2;255;255;255m▀[0m[38;2;255;255;255m[48;2;255;255;255m▀[0m[38;2;255;255;255m[48;2;255;255;255m▀[0m[38;2;189;197;206m[48;2;255;255;255m▀[0m[38;2;115;115;115m[48;2;255;255;255m▀[0m[38;2;115;115;115m[48;2;189;197;206m▀[0m[38;2;115;115;115m[48;2;189;197;206m▀[0m[38;2;115;115;115m[48;2;189;197;206m▀[0m[38;2;115;115;115m[48;2;65;65;65m▀[0m[38;2;65;65;65m[48;2;214;173;156m▀[0m[38;2;214;173;156m[48;2;214;173;156m▀[0m[38;2;115;115;115m[48;2;214;173;156m▀[0m[38;2;214;173;156m[48;2;214;173;156m▀[0m[38;2;115;115;115m[48;2;214;173;156m▀[0m[38;2;214;173;156m[48;2;0;0;0m▀[0m[38;2;0;0;0m▀ 
     [38;2;0;0;0m▀[38;2;0;0;0m▀[38;2;0;0;0m▀[38;2;197;173;140m[48;2;0;0;0m▀[0m[38;2;255;214;173m[48;2;197;173;140m▀[0m[38;2;115;115;115m[48;2;197;173;140m▀[0m[38;2;115;115;115m[48;2;197;173;140m▀[0m[38;2;189;197;206m[48;2;115;115;115m▀[0m[38;2;255;255;255m[48;2;255;255;255m▀[0m[38;2;255;255;255m[48;2;115;115;115m▀[0m[38;2;255;255;255m[48;2;255;255;255m▀[0m[38;2;255;255;255m[48;2;115;115;115m▀[0m[38;2;189;197;206m[48;2;115;115;115m▀[0m[38;2;189;197;206m[48;2;255;255;255m▀[0m[38;2;255;255;255m[48;2;115;115;115m▀[0m[38;2;65;65;65m[48;2;65;65;65m▀[0m[38;2;173;132;115m[48;2;173;132;115m▀[0m[38;2;214;173;156m[48;2;173;132;115m▀[0m[38;2;214;173;156m[48;2;214;173;156m▀[0m[38;2;214;173;156m[48;2;214;173;156m▀[0m[38;2;214;173;156m[48;2;173;132;115m▀[0m[38;2;0;0;0m[48;2;0;0;0m▀[0m 
         [38;2;0;0;0m▀[38;2;0;0;0m▀[38;2;197;173;140m[48;2;0;0;0m▀[0m[38;2;197;173;140m[48;2;0;0;0m▀[0m[38;2;115;115;115m[48;2;197;173;140m▀[0m[38;2;197;173;140m[48;2;197;173;140m▀[0m[38;2;115;115;115m[48;2;197;173;140m▀[0m[38;2;197;173;140m[48;2;197;173;140m▀[0m[38;2;197;173;140m[48;2;65;65;65m▀[0m[38;2;65;65;65m[48;2;65;65;65m▀[0m[38;2;140;107;99m[48;2;140;107;99m▀[0m[38;2;140;107;99m[48;2;140;107;99m▀[0m[38;2;65;65;65m[48;2;65;65;65m▀[0m[38;2;173;132;115m[48;2;173;132;115m▀[0m[38;2;173;132;115m[48;2;173;132;115m▀[0m[38;2;173;132;115m[48;2;173;132;115m▀[0m[38;2;173;132;115m[48;2;173;132;115m▀[0m[38;2;173;132;115m[48;2;173;132;115m▀[0m[38;2;0;0;0m[48;2;0;0;0m▀[0m
             [38;2;0;0;0m▀[38;2;0;0;0m▀[38;2;0;0;0m▀[38;2;0;0;0m▀[38;2;0;0;0m▀[38;2;140;107;99m[48;2;0;0;0m▀[0m[38;2;140;107;99m[48;2;0;0;0m▀[0m[38;2;140;107;99m[48;2;0;0;0m▀[0m[38;2;140;107;99m[48;2;0;0;0m▀[0m[38;2;140;107;99m[48;2;140;107;99m▀[0m[38;2;173;132;115m[48;2;140;107;99m▀[0m[38;2;173;132;115m[48;2;173;132;115m▀[0m[38;2;173;132;115m[48;2;173;132;115m▀[0m[38;2;173;132;115m[48;2;0;0;0m▀[0m[38;2;0;0;0m▀
                      [38;2;0;0;0m▀[38;2;0;0;0m▀[38;2;0;0;0m▀[38;2;0;0;0m▀  
[0m
