     [38;2;0;0;0m▄[38;2;0;0;0m[48;2;247;239;115m▀[0m[38;2;0;0;0m▄    [38;2;0;0;0m▄     
     [38;2;0;0;0m[48;2;0;0;0m▀[0m[38;2;247;239;115m[48;2;247;239;115m▀[0m[38;2;247;239;115m[48;2;65;65;65m▀[0m[38;2;0;0;0m[48;2;247;239;115m▀[0m[38;2;0;0;0m[48;2;247;239;115m▀[0m[38;2;0;0;0m▄[38;2;0;0;0m[48;2;247;239;115m▀[0m[38;2;247;239;115m[48;2;247;239;115m▀[0m[38;2;0;0;0m[48;2;0;0;0m▀[0m    
     [38;2;0;0;0m▄[38;2;0;0;0m[48;2;65;65;65m▀[0m[38;2;173;132;66m[48;2;247;239;115m▀[0m[38;2;247;239;115m[48;2;173;132;66m▀[0m[38;2;230;189;74m[48;2;173;132;66m▀[0m[38;2;173;132;66m[48;2;247;239;115m▀[0m[38;2;247;239;115m[48;2;65;65;65m▀[0m[38;2;173;132;66m[48;2;0;0;0m▀[0m[38;2;0;0;0m▀    
   [38;2;0;0;0m▄[38;2;0;0;0m[48;2;247;239;115m▀[0m[38;2;247;239;115m[48;2;0;0;0m▀[0m[38;2;247;239;115m[48;2;247;239;115m▀[0m[38;2;247;239;115m[48;2;247;239;115m▀[0m[38;2;247;239;115m[48;2;247;239;115m▀[0m[38;2;247;239;115m[48;2;247;239;115m▀[0m[38;2;247;239;115m[48;2;247;239;115m▀[0m[38;2;247;239;115m[48;2;247;239;115m▀[0m[38;2;0;0;0m[48;2;230;189;74m▀[0m[38;2;0;0;0m▄    
 [38;2;0;0;0m▄[38;2;0;0;0m[48;2;0;0;0m▀[0m[38;2;247;115;123m[48;2;247;115;123m▀[0m[38;2;247;239;115m[48;2;230;189;74m▀[0m[38;2;0;0;0m[48;2;247;239;115m▀[0m[38;2;247;239;115m[48;2;247;239;115m▀[0m[38;2;247;239;115m[48;2;247;239;115m▀[0m[38;2;247;239;115m[48;2;0;0;0m▀[0m[38;2;0;0;0m[48;2;247;239;115m▀[0m[38;2;0;0;0m[48;2;247;239;115m▀[0m[38;2;247;239;115m[48;2;247;239;115m▀[0m[38;2;247;239;115m[48;2;247;115;123m▀[0m[38;2;0;0;0m[48;2;247;115;123m▀[0m[38;2;0;0;0m▄   
[38;2;0;0;0m[48;2;0;0;0m▀[0m[38;2;156;156;189m[48;2;156;156;189m▀[0m[38;2;115;115;123m[48;2;156;156;189m▀[0m[38;2;65;65;65m[48;2;65;65;65m▀[0m[38;2;230;189;74m[48;2;173;132;66m▀[0m[38;2;65;65;65m[48;2;230;189;74m▀[0m[38;2;247;239;115m[48;2;65;65;65m▀[0m[38;2;247;239;115m[48;2;65;65;65m▀[0m[38;2;247;239;115m[48;2;65;65;65m▀[0m[38;2;247;239;115m[48;2;65;65;65m▀[0m[38;2;65;65;65m[48;2;230;189;74m▀[0m[38;2;247;115;123m[48;2;247;115;123m▀[0m[38;2;230;189;74m[48;2;247;115;123m▀[0m[38;2;247;115;123m[48;2;65;65;65m▀[0m[38;2;0;0;0m[48;2;230;189;74m▀[0m[38;2;0;0;0m▄  
[38;2;0;0;0m▀[38;2;115;115;123m[48;2;0;0;0m▀[0m[38;2;65;65;65m[48;2;0;0;0m▀[0m[38;2;247;239;115m[48;2;247;239;115m▀[0m[38;2;65;65;65m[48;2;247;239;115m▀[0m[38;2;65;65;65m[48;2;173;132;66m▀[0m[38;2;230;189;74m[48;2;65;65;65m▀[0m[38;2;230;189;74m[48;2;65;65;65m▀[0m[38;2;230;189;74m[48;2;65;65;65m▀[0m[38;2;230;189;74m[48;2;65;65;65m▀[0m[38;2;230;189;74m[48;2;65;65;65m▀[0m[38;2;65;65;65m[48;2;173;132;66m▀[0m[38;2;65;65;65m[48;2;230;189;74m▀[0m[38;2;230;189;74m[48;2;65;65;65m▀[0m[38;2;65;65;65m[48;2;156;156;189m▀[0m[38;2;65;65;65m[48;2;156;156;189m▀[0m[38;2;0;0;0m[48;2;0;0;0m▀[0m 
  [38;2;0;0;0m▄[38;2;0;0;0m[48;2;230;189;74m▀[0m[38;2;247;239;115m[48;2;65;65;65m▀[0m[38;2;247;239;115m[48;2;173;132;66m▀[0m[38;2;65;65;65m[48;2;247;239;115m▀[0m[38;2;65;65;65m[48;2;247;239;115m▀[0m[38;2;65;65;65m[48;2;247;239;115m▀[0m[38;2;230;189;74m[48;2;230;189;74m▀[0m[38;2;230;189;74m[48;2;230;189;74m▀[0m[38;2;230;189;74m[48;2;230;189;74m▀[0m[38;2;65;65;65m[48;2;65;65;65m▀[0m[38;2;156;156;189m[48;2;156;156;189m▀[0m[38;2;156;156;189m[48;2;156;156;189m▀[0m[38;2;156;156;189m[48;2;115;115;123m▀[0m[38;2;115;115;123m[48;2;115;115;123m▀[0m[38;2;0;0;0m[48;2;0;0;0m▀[0m
   [38;2;0;0;0m▀[38;2;0;0;0m▀[38;2;0;0;0m▀[38;2;0;0;0m▀[38;2;0;0;0m▀[38;2;230;189;74m[48;2;0;0;0m▀[0m[38;2;230;189;74m[48;2;0;0;0m▀[0m[38;2;173;132;66m[48;2;247;239;115m▀[0m[38;2;65;65;65m[48;2;247;239;115m▀[0m[38;2;173;132;66m[48;2;230;189;74m▀[0m[38;2;65;65;65m[48;2;0;0;0m▀[0m[38;2;115;115;123m[48;2;0;0;0m▀[0m[38;2;115;115;123m[48;2;0;0;0m▀[0m[38;2;0;0;0m▀ 
          [38;2;0;0;0m▀[38;2;0;0;0m▀[38;2;0;0;0m▀     
[0m
