          [38;2;0;0;0m▄[38;2;0;0;0m▄[38;2;0;0;0m[48;2;255;222;173m▀[0m[38;2;0;0;0m[48;2;255;222;173m▀[0m[38;2;0;0;0m[48;2;255;222;173m▀[0m[38;2;0;0;0m▄        
   [38;2;0;0;0m▄[38;2;0;0;0m▄[38;2;0;0;0m▄[38;2;0;0;0m[48;2;99;90;156m▀[0m[38;2;0;0;0m[48;2;65;65;65m▀[0m[38;2;0;0;0m[48;2;255;222;173m▀[0m[38;2;0;0;0m[48;2;255;222;173m▀[0m[38;2;255;222;173m[48;2;255;222;173m▀[0m[38;2;255;222;173m[48;2;255;222;173m▀[0m[38;2;255;222;173m[48;2;255;222;173m▀[0m[38;2;255;222;173m[48;2;214;189;140m▀[0m[38;2;214;189;140m[48;2;65;65;65m▀[0m[38;2;0;0;0m[48;2;0;0;0m▀[0m        
  [38;2;0;0;0m[48;2;0;0;0m▀[0m[38;2;230;132;107m[48;2;230;132;107m▀[0m[38;2;230;132;107m[48;2;230;132;107m▀[0m[38;2;65;65;65m[48;2;65;65;65m▀[0m[38;2;99;90;156m[48;2;99;90;156m▀[0m[38;2;255;222;173m[48;2;255;222;173m▀[0m[38;2;255;222;173m[48;2;255;222;173m▀[0m[38;2;255;222;173m[48;2;214;189;140m▀[0m[38;2;255;222;173m[48;2;65;65;65m▀[0m[38;2;214;189;140m[48;2;65;65;65m▀[0m[38;2;65;65;65m[48;2;99;90;156m▀[0m[38;2;65;65;65m[48;2;99;90;156m▀[0m[38;2;99;90;156m[48;2;99;90;156m▀[0m[38;2;99;90;156m[48;2;99;90;156m▀[0m[38;2;0;0;0m[48;2;0;0;0m▀[0m       
[38;2;0;0;0m▄[38;2;0;0;0m[48;2;230;132;107m▀[0m[38;2;65;65;65m[48;2;206;99;74m▀[0m[38;2;230;132;107m[48;2;230;132;107m▀[0m[38;2;230;132;107m[48;2;206;99;74m▀[0m[38;2;65;65;65m[48;2;65;65;65m▀[0m[38;2;99;90;156m[48;2;65;65;65m▀[0m[38;2;255;222;173m[48;2;255;222;173m▀[0m[38;2;255;222;173m[48;2;99;90;156m▀[0m[38;2;65;65;65m[48;2;99;90;156m▀[0m[38;2;99;90;156m[48;2;99;90;156m▀[0m[38;2;99;90;156m[48;2;65;65;65m▀[0m[38;2;99;90;156m[48;2;65;65;65m▀[0m[38;2;65;65;65m[48;2;165;140;82m▀[0m[38;2;65;65;65m[48;2;255;222;173m▀[0m[38;2;255;222;173m[48;2;165;140;82m▀[0m[38;2;255;222;173m[48;2;214;189;140m▀[0m[38;2;0;0;0m[48;2;0;0;0m▀[0m      
[38;2;0;0;0m▀[38;2;230;132;107m[48;2;0;0;0m▀[0m[38;2;230;132;107m[48;2;230;132;107m▀[0m[38;2;230;132;107m[48;2;65;65;65m▀[0m[38;2;65;65;65m[48;2;255;222;173m▀[0m[38;2;255;222;173m[48;2;255;222;173m▀[0m[38;2;65;65;65m[48;2;214;189;140m▀[0m[38;2;99;90;156m[48;2;65;65;65m▀[0m[38;2;99;90;156m[48;2;65;65;65m▀[0m[38;2;65;65;65m[48;2;214;189;140m▀[0m[38;2;0;0;0m[48;2;214;189;140m▀[0m[38;2;255;255;255m[48;2;214;189;140m▀[0m[38;2;214;189;140m[48;2;165;140;82m▀[0m[38;2;214;189;140m[48;2;65;65;65m▀[0m[38;2;214;189;140m[48;2;65;65;65m▀[0m[38;2;214;189;140m[48;2;65;65;65m▀[0m[38;2;65;65;65m[48;2;214;189;140m▀[0m[38;2;0;0;0m[48;2;214;189;140m▀[0m[38;2;0;0;0m▄[38;2;0;0;0m[48;2;230;132;107m▀[0m[38;2;0;0;0m[48;2;230;132;107m▀[0m[38;2;0;0;0m▄  
  [38;2;0;0;0m▀[38;2;0;0;0m[48;2;0;0;0m▀[0m[38;2;255;222;173m[48;2;214;189;140m▀[0m[38;2;255;222;173m[48;2;255;222;173m▀[0m[38;2;255;222;173m[48;2;255;222;173m▀[0m[38;2;255;222;173m[48;2;255;222;173m▀[0m[38;2;214;189;140m[48;2;255;222;173m▀[0m[38;2;65;65;65m[48;2;255;222;173m▀[0m[38;2;65;65;65m[48;2;255;222;173m▀[0m[38;2;65;65;65m[48;2;255;222;173m▀[0m[38;2;65;65;65m[48;2;255;222;173m▀[0m[38;2;214;189;140m[48;2;255;222;173m▀[0m[38;2;214;189;140m[48;2;214;189;140m▀[0m[38;2;214;189;140m[48;2;65;65;65m▀[0m[38;2;214;189;140m[48;2;65;65;65m▀[0m[38;2;165;140;82m[48;2;65;65;65m▀[0m[38;2;65;65;65m[48;2;230;132;107m▀[0m[38;2;230;132;107m[48;2;230;132;107m▀[0m[38;2;230;132;107m[48;2;206;99;74m▀[0m[38;2;0;0;0m[48;2;65;65;65m▀[0m[38;2;0;0;0m▄ 
 [38;2;0;0;0m▄[38;2;0;0;0m[48;2;189;148;49m▀[0m[38;2;189;148;49m[48;2;189;148;49m▀[0m[38;2;65;65;65m[48;2;65;65;65m▀[0m[38;2;230;132;107m[48;2;230;132;107m▀[0m[38;2;214;189;140m[48;2;230;132;107m▀[0m[38;2;255;222;173m[48;2;230;132;107m▀[0m[38;2;255;222;173m[48;2;206;99;74m▀[0m[38;2;255;222;173m[48;2;214;189;140m▀[0m[38;2;255;222;173m[48;2;214;189;140m▀[0m[38;2;255;222;173m[48;2;65;65;65m▀[0m[38;2;255;222;173m[48;2;65;65;65m▀[0m[38;2;214;189;140m[48;2;65;65;65m▀[0m[38;2;65;65;65m[48;2;65;65;65m▀[0m[38;2;230;132;107m[48;2;230;132;107m▀[0m[38;2;230;132;107m[48;2;230;132;107m▀[0m[38;2;65;65;65m[48;2;230;132;107m▀[0m[38;2;230;132;107m[48;2;230;132;107m▀[0m[38;2;230;132;107m[48;2;230;132;107m▀[0m[38;2;65;65;65m[48;2;230;132;107m▀[0m[38;2;230;132;107m[48;2;230;132;107m▀[0m[38;2;230;132;107m[48;2;230;132;107m▀[0m[38;2;0;0;0m[48;2;0;0;0m▀[0m
 [38;2;0;0;0m▀[38;2;189;148;49m[48;2;0;0;0m▀[0m[38;2;65;65;65m[48;2;255;206;74m▀[0m[38;2;255;206;74m[48;2;189;148;49m▀[0m[38;2;65;65;65m[48;2;255;206;74m▀[0m[38;2;230;132;107m[48;2;65;65;65m▀[0m[38;2;206;99;74m[48;2;65;65;65m▀[0m[38;2;65;65;65m[48;2;189;148;49m▀[0m[38;2;65;65;65m[48;2;189;148;49m▀[0m[38;2;65;65;65m[48;2;189;148;49m▀[0m[38;2;189;148;49m[48;2;189;148;49m▀[0m[38;2;189;148;49m[48;2;189;148;49m▀[0m[38;2;189;148;49m[48;2;189;148;49m▀[0m[38;2;65;65;65m[48;2;255;206;74m▀[0m[38;2;206;99;74m[48;2;65;65;65m▀[0m[38;2;230;132;107m[48;2;230;132;107m▀[0m[38;2;230;132;107m[48;2;230;132;107m▀[0m[38;2;230;132;107m[48;2;230;132;107m▀[0m[38;2;230;132;107m[48;2;206;99;74m▀[0m[38;2;230;132;107m[48;2;65;65;65m▀[0m[38;2;65;65;65m[48;2;0;0;0m▀[0m[38;2;0;0;0m▀ 
  [38;2;0;0;0m▀[38;2;255;206;74m[48;2;0;0;0m▀[0m[38;2;255;206;74m[48;2;65;65;65m▀[0m[38;2;255;206;74m[48;2;255;206;74m▀[0m[38;2;189;148;49m[48;2;255;206;74m▀[0m[38;2;255;206;74m[48;2;255;206;74m▀[0m[38;2;255;206;74m[48;2;65;65;65m▀[0m[38;2;65;65;65m[48;2;99;90;156m▀[0m[38;2;255;206;74m[48;2;255;206;74m▀[0m[38;2;189;148;49m[48;2;255;206;74m▀[0m[38;2;255;206;74m[48;2;255;206;74m▀[0m[38;2;189;148;49m[48;2;255;206;74m▀[0m[38;2;255;206;74m[48;2;99;90;156m▀[0m[38;2;255;206;74m[48;2;255;206;74m▀[0m[38;2;65;65;65m[48;2;255;206;74m▀[0m[38;2;65;65;65m[48;2;255;206;74m▀[0m[38;2;65;65;65m[48;2;255;206;74m▀[0m[38;2;65;65;65m[48;2;99;90;156m▀[0m[38;2;99;90;156m[48;2;99;90;156m▀[0m[38;2;0;0;0m[48;2;0;0;0m▀[0m  
   [38;2;0;0;0m▀[38;2;206;99;74m[48;2;0;0;0m▀[0m[38;2;65;65;65m[48;2;206;99;74m▀[0m[38;2;65;65;65m[48;2;206;99;74m▀[0m[38;2;65;65;65m[48;2;0;0;0m▀[0m[38;2;99;90;156m[48;2;0;0;0m▀[0m[38;2;0;0;0m▀[38;2;65;65;65m[48;2;0;0;0m▀[0m[38;2;255;206;74m[48;2;0;0;0m▀[0m[38;2;255;206;74m[48;2;99;90;156m▀[0m[38;2;255;206;74m[48;2;99;90;156m▀[0m[38;2;99;90;156m[48;2;99;90;156m▀[0m[38;2;99;90;156m[48;2;99;90;156m▀[0m[38;2;255;206;74m[48;2;99;90;156m▀[0m[38;2;255;206;74m[48;2;99;90;156m▀[0m[38;2;255;206;74m[48;2;65;65;65m▀[0m[38;2;99;90;156m[48;2;0;0;0m▀[0m[38;2;0;0;0m▀   
     [38;2;0;0;0m▀[38;2;0;0;0m▀     [38;2;0;0;0m▀[38;2;0;0;0m▀[38;2;0;0;0m▀[38;2;65;65;65m[48;2;0;0;0m▀[0m[38;2;65;65;65m[48;2;206;99;74m▀[0m[38;2;65;65;65m[48;2;206;99;74m▀[0m[38;2;206;99;74m[48;2;0;0;0m▀[0m[38;2;0;0;0m▀    
                [38;2;0;0;0m▀[38;2;0;0;0m▀      
[0m
