   [38;2;0;0;0m▄[38;2;0;0;0m[48;2;255;181;165m▀[0m[38;2;0;0;0m[48;2;0;0;0m▀[0m[38;2;0;0;0m▄[38;2;0;0;0m▄            
  [38;2;0;0;0m▄[38;2;0;0;0m[48;2;255;181;165m▀[0m[38;2;255;181;165m[48;2;255;181;165m▀[0m[38;2;65;65;65m[48;2;255;181;165m▀[0m[38;2;255;181;165m[48;2;0;0;0m▀[0m[38;2;0;0;0m▀      [38;2;0;0;0m▄[38;2;0;0;0m▄    
 [38;2;0;0;0m▄[38;2;0;0;0m[48;2;123;99;181m▀[0m[38;2;255;181;165m[48;2;239;132;132m▀[0m[38;2;255;181;165m[48;2;239;132;132m▀[0m[38;2;255;181;165m[48;2;65;65;65m▀[0m[38;2;0;0;0m[48;2;0;0;0m▀[0m[38;2;0;0;0m▄   [38;2;0;0;0m▄[38;2;0;0;0m▄[38;2;0;0;0m▄[38;2;0;0;0m[48;2;255;181;165m▀[0m[38;2;255;181;165m[48;2;65;65;65m▀[0m[38;2;0;0;0m[48;2;239;132;132m▀[0m[38;2;0;0;0m[48;2;0;0;0m▀[0m[38;2;0;0;0m▄ 
 [38;2;0;0;0m[48;2;0;0;0m▀[0m[38;2;123;99;181m[48;2;65;65;65m▀[0m[38;2;65;65;65m[48;2;255;181;165m▀[0m[38;2;255;181;165m[48;2;255;181;165m▀[0m[38;2;255;181;165m[48;2;255;181;165m▀[0m[38;2;255;181;165m[48;2;255;181;165m▀[0m[38;2;239;132;132m[48;2;255;181;165m▀[0m[38;2;0;0;0m[48;2;255;181;165m▀[0m[38;2;0;0;0m[48;2;65;65;65m▀[0m[38;2;0;0;0m[48;2;255;181;165m▀[0m[38;2;255;181;165m[48;2;255;181;165m▀[0m[38;2;255;181;165m[48;2;255;181;165m▀[0m[38;2;255;181;165m[48;2;239;132;132m▀[0m[38;2;239;132;132m[48;2;239;132;132m▀[0m[38;2;239;132;132m[48;2;65;65;65m▀[0m[38;2;65;65;65m[48;2;65;65;65m▀[0m[38;2;247;247;140m[48;2;197;90;74m▀[0m[38;2;0;0;0m[48;2;247;247;140m▀[0m[38;2;0;0;0m[48;2;0;0;0m▀[0m
[38;2;0;0;0m▄[38;2;0;0;0m[48;2;65;65;65m▀[0m[38;2;189;165;66m[48;2;247;247;140m▀[0m[38;2;247;247;140m[48;2;255;181;165m▀[0m[38;2;255;181;165m[48;2;255;181;165m▀[0m[38;2;255;181;165m[48;2;255;181;165m▀[0m[38;2;255;181;165m[48;2;255;181;165m▀[0m[38;2;255;181;165m[48;2;255;181;165m▀[0m[38;2;255;181;165m[48;2;255;181;165m▀[0m[38;2;239;132;132m[48;2;255;181;165m▀[0m[38;2;255;181;165m[48;2;255;181;165m▀[0m[38;2;255;181;165m[48;2;123;99;181m▀[0m[38;2;239;132;132m[48;2;123;99;181m▀[0m[38;2;123;99;181m[48;2;123;99;181m▀[0m[38;2;123;99;181m[48;2;65;65;65m▀[0m[38;2;65;65;65m[48;2;239;132;132m▀[0m[38;2;239;132;132m[48;2;239;132;132m▀[0m[38;2;239;132;132m[48;2;239;132;132m▀[0m[38;2;0;0;0m[48;2;0;0;0m▀[0m 
[38;2;0;0;0m[48;2;0;0;0m▀[0m[38;2;247;247;140m[48;2;247;247;140m▀[0m[38;2;65;65;65m[48;2;189;165;66m▀[0m[38;2;247;247;140m[48;2;247;247;140m▀[0m[38;2;255;181;165m[48;2;247;247;140m▀[0m[38;2;255;181;165m[48;2;247;247;140m▀[0m[38;2;247;247;140m[48;2;65;65;65m▀[0m[38;2;247;247;140m[48;2;65;65;65m▀[0m[38;2;247;247;140m[48;2;189;165;66m▀[0m[38;2;255;181;165m[48;2;247;247;140m▀[0m[38;2;255;181;165m[48;2;255;181;165m▀[0m[38;2;65;65;65m[48;2;239;132;132m▀[0m[38;2;123;99;181m[48;2;0;0;0m▀[0m[38;2;0;0;0m▀[38;2;0;0;0m[48;2;0;0;0m▀[0m[38;2;239;132;132m[48;2;197;90;74m▀[0m[38;2;239;132;132m[48;2;239;132;132m▀[0m[38;2;239;132;132m[48;2;0;0;0m▀[0m[38;2;0;0;0m▀ 
 [38;2;0;0;0m▀[38;2;247;247;140m[48;2;0;0;0m▀[0m[38;2;247;247;140m[48;2;247;247;140m▀[0m[38;2;247;247;140m[48;2;247;247;140m▀[0m[38;2;65;65;65m[48;2;247;247;140m▀[0m[38;2;247;247;140m[48;2;247;247;140m▀[0m[38;2;247;247;140m[48;2;247;247;140m▀[0m[38;2;247;247;140m[48;2;247;247;140m▀[0m[38;2;247;247;140m[48;2;255;181;165m▀[0m[38;2;255;181;165m[48;2;239;132;132m▀[0m[38;2;239;132;132m[48;2;65;65;65m▀[0m[38;2;0;0;0m[48;2;197;90;74m▀[0m[38;2;0;0;0m▄[38;2;0;0;0m▄[38;2;0;0;0m▀[38;2;0;0;0m▀   
   [38;2;0;0;0m[48;2;0;0;0m▀[0m[38;2;132;132;115m[48;2;197;90;74m▀[0m[38;2;247;247;140m[48;2;65;65;65m▀[0m[38;2;247;247;140m[48;2;65;65;65m▀[0m[38;2;247;247;140m[48;2;65;65;65m▀[0m[38;2;189;165;66m[48;2;65;65;65m▀[0m[38;2;65;65;65m[48;2;239;132;132m▀[0m[38;2;65;65;65m[48;2;239;132;132m▀[0m[38;2;239;132;132m[48;2;239;132;132m▀[0m[38;2;239;132;132m[48;2;239;132;132m▀[0m[38;2;0;0;0m[48;2;0;0;0m▀[0m      
    [38;2;0;0;0m[48;2;0;0;0m▀[0m[38;2;189;165;66m[48;2;247;247;140m▀[0m[38;2;189;165;66m[48;2;65;65;65m▀[0m[38;2;189;165;66m[48;2;132;132;115m▀[0m[38;2;189;165;66m[48;2;189;165;66m▀[0m[38;2;189;165;66m[48;2;189;165;66m▀[0m[38;2;239;132;132m[48;2;189;165;66m▀[0m[38;2;239;132;132m[48;2;0;0;0m▀[0m[38;2;247;247;140m[48;2;0;0;0m▀[0m[38;2;0;0;0m▀      
     [38;2;0;0;0m▀[38;2;0;0;0m▀[38;2;0;0;0m▀[38;2;65;65;65m[48;2;0;0;0m▀[0m[38;2;247;247;140m[48;2;0;0;0m▀[0m[38;2;0;0;0m▀         
[0m
