      [38;2;0;0;0m▄[38;2;0;0;0m▄     [38;2;0;0;0m▄[38;2;0;0;0m[48;2;107;197;115m▀[0m[38;2;0;0;0m[48;2;0;0;0m▀[0m         
      [38;2;0;0;0m[48;2;0;0;0m▀[0m[38;2;74;148;74m[48;2;74;148;74m▀[0m[38;2;0;0;0m[48;2;74;148;74m▀[0m[38;2;0;0;0m[48;2;65;65;65m▀[0m[38;2;0;0;0m▄[38;2;0;0;0m[48;2;74;148;74m▀[0m[38;2;0;0;0m[48;2;107;197;115m▀[0m[38;2;107;197;115m[48;2;107;197;115m▀[0m[38;2;107;197;115m[48;2;107;197;115m▀[0m[38;2;0;0;0m[48;2;0;0;0m▀[0m         
      [38;2;0;0;0m▀[38;2;74;148;74m[48;2;0;0;0m▀[0m[38;2;74;148;74m[48;2;107;197;115m▀[0m[38;2;107;197;115m[48;2;107;197;115m▀[0m[38;2;107;197;115m[48;2;107;197;115m▀[0m[38;2;107;197;115m[48;2;107;197;115m▀[0m[38;2;74;148;74m[48;2;107;197;115m▀[0m[38;2;74;148;74m[48;2;107;197;115m▀[0m[38;2;107;197;115m[48;2;107;197;115m▀[0m[38;2;0;0;0m[48;2;107;197;115m▀[0m[38;2;0;0;0m▄[38;2;0;0;0m▄[38;2;0;0;0m▄[38;2;0;0;0m▄[38;2;0;0;0m▄    
    [38;2;0;0;0m▄[38;2;0;0;0m▄[38;2;65;65;65m▄[38;2;0;0;0m[48;2;74;148;74m▀[0m[38;2;107;197;115m[48;2;107;197;115m▀[0m[38;2;107;197;115m[48;2;74;148;74m▀[0m[38;2;74;148;74m[48;2;189;239;181m▀[0m[38;2;107;197;115m[48;2;107;197;115m▀[0m[38;2;107;197;115m[48;2;107;197;115m▀[0m[38;2;107;197;115m[48;2;107;197;115m▀[0m[38;2;107;197;115m[48;2;107;197;115m▀[0m[38;2;65;65;65m[48;2;107;197;115m▀[0m[38;2;74;148;74m[48;2;107;197;115m▀[0m[38;2;107;197;115m[48;2;107;197;115m▀[0m[38;2;107;197;115m[48;2;107;197;115m▀[0m[38;2;107;197;115m[48;2;0;0;0m▀[0m[38;2;0;0;0m▀    
 [38;2;0;0;0m▄[38;2;0;0;0m[48;2;239;115;156m▀[0m[38;2;0;0;0m[48;2;255;181;165m▀[0m[38;2;255;181;165m[48;2;239;115;156m▀[0m[38;2;255;181;165m[48;2;255;181;165m▀[0m[38;2;65;65;65m[48;2;0;0;0m▀[0m[38;2;189;239;181m[48;2;189;239;181m▀[0m[38;2;74;148;74m[48;2;189;239;181m▀[0m[38;2;189;239;181m[48;2;189;239;181m▀[0m[38;2;189;239;181m[48;2;189;239;181m▀[0m[38;2;74;148;74m[48;2;74;148;74m▀[0m[38;2;107;197;115m[48;2;74;148;74m▀[0m[38;2;74;148;74m[48;2;189;239;181m▀[0m[38;2;107;197;115m[48;2;74;148;74m▀[0m[38;2;65;65;65m[48;2;74;148;74m▀[0m[38;2;107;197;115m[48;2;65;65;65m▀[0m[38;2;107;197;115m[48;2;0;0;0m▀[0m[38;2;0;0;0m▀      
[38;2;0;0;0m▄[38;2;0;0;0m[48;2;239;115;156m▀[0m[38;2;255;181;165m[48;2;197;74;90m▀[0m[38;2;255;181;165m[48;2;255;181;165m▀[0m[38;2;255;181;165m[48;2;255;181;165m▀[0m[38;2;255;181;165m[48;2;255;181;165m▀[0m[38;2;255;181;165m[48;2;255;181;165m▀[0m[38;2;0;0;0m[48;2;65;65;65m▀[0m[38;2;189;239;181m[48;2;189;239;181m▀[0m[38;2;189;239;181m[48;2;189;239;181m▀[0m[38;2;189;239;181m[48;2;189;239;181m▀[0m[38;2;189;239;181m[48;2;65;65;65m▀[0m[38;2;189;239;181m[48;2;189;239;181m▀[0m[38;2;189;239;181m[48;2;189;239;181m▀[0m[38;2;189;239;181m[48;2;0;0;0m▀[0m[38;2;74;148;74m[48;2;74;148;74m▀[0m[38;2;0;0;0m[48;2;0;0;0m▀[0m [38;2;0;0;0m▄[38;2;0;0;0m[48;2;148;206;239m▀[0m[38;2;0;0;0m[48;2;82;115;181m▀[0m[38;2;0;0;0m[48;2;148;206;239m▀[0m[38;2;0;0;0m▄  
[38;2;0;0;0m▀[38;2;239;115;156m[48;2;0;0;0m▀[0m[38;2;239;115;156m[48;2;239;115;156m▀[0m[38;2;197;74;90m[48;2;239;115;156m▀[0m[38;2;197;74;90m[48;2;239;115;156m▀[0m[38;2;239;115;156m[48;2;197;74;90m▀[0m[38;2;65;65;65m[48;2;65;65;65m▀[0m[38;2;74;148;74m[48;2;65;65;65m▀[0m[38;2;65;65;65m[48;2;65;65;65m▀[0m[38;2;189;239;181m[48;2;65;65;65m▀[0m[38;2;189;239;181m[48;2;156;197;148m▀[0m[38;2;189;239;181m[48;2;156;197;148m▀[0m[38;2;0;0;0m[48;2;156;197;148m▀[0m[38;2;0;0;0m[48;2;156;197;148m▀[0m[38;2;156;197;148m[48;2;65;65;65m▀[0m[38;2;0;0;0m[48;2;0;0;0m▀[0m[38;2;0;0;0m▄[38;2;0;0;0m[48;2;148;206;239m▀[0m[38;2;148;206;239m[48;2;148;206;239m▀[0m[38;2;82;115;181m[48;2;82;115;181m▀[0m[38;2;148;206;239m[48;2;148;206;239m▀[0m[38;2;90;181;255m[48;2;82;115;181m▀[0m[38;2;82;115;181m[48;2;148;206;239m▀[0m[38;2;0;0;0m[48;2;0;0;0m▀[0m 
  [38;2;0;0;0m▀[38;2;0;0;0m▀[38;2;0;0;0m▀[38;2;0;0;0m▀[38;2;156;197;148m[48;2;0;0;0m▀[0m[38;2;156;197;148m[48;2;0;0;0m▀[0m[38;2;65;65;65m[48;2;107;197;115m▀[0m[38;2;189;165;66m[48;2;247;247;41m▀[0m[38;2;65;65;65m[48;2;247;247;41m▀[0m[38;2;65;65;65m[48;2;107;197;115m▀[0m[38;2;65;65;65m[48;2;65;65;65m▀[0m[38;2;65;65;65m[48;2;74;148;74m▀[0m[38;2;107;197;115m[48;2;74;148;74m▀[0m[38;2;107;197;115m[48;2;65;65;65m▀[0m[38;2;65;65;65m[48;2;65;65;65m▀[0m[38;2;148;206;239m[48;2;90;181;255m▀[0m[38;2;90;181;255m[48;2;82;115;181m▀[0m[38;2;82;115;181m[48;2;82;115;181m▀[0m[38;2;148;206;239m[48;2;90;181;255m▀[0m[38;2;82;115;181m[48;2;148;206;239m▀[0m[38;2;148;206;239m[48;2;82;115;181m▀[0m[38;2;82;115;181m[48;2;90;181;255m▀[0m[38;2;0;0;0m[48;2;0;0;0m▀[0m
       [38;2;0;0;0m▀[38;2;107;197;115m[48;2;0;0;0m▀[0m[38;2;247;247;41m[48;2;247;247;41m▀[0m[38;2;107;197;115m[48;2;107;197;115m▀[0m[38;2;107;197;115m[48;2;107;197;115m▀[0m[38;2;107;197;115m[48;2;107;197;115m▀[0m[38;2;65;65;65m[48;2;65;65;65m▀[0m[38;2;65;65;65m[48;2;189;239;181m▀[0m[38;2;189;239;181m[48;2;65;65;65m▀[0m[38;2;189;239;181m[48;2;189;239;181m▀[0m[38;2;65;65;65m[48;2;189;239;181m▀[0m[38;2;90;181;255m[48;2;0;0;0m▀[0m[38;2;90;181;255m[48;2;0;0;0m▀[0m[38;2;82;115;181m[48;2;90;181;255m▀[0m[38;2;90;181;255m[48;2;82;115;181m▀[0m[38;2;90;181;255m[48;2;90;181;255m▀[0m[38;2;90;181;255m[48;2;0;0;0m▀[0m[38;2;0;0;0m▀
        [38;2;0;0;0m▀[38;2;107;197;115m[48;2;0;0;0m▀[0m[38;2;107;197;115m[48;2;107;197;115m▀[0m[38;2;107;197;115m[48;2;65;65;65m▀[0m[38;2;65;65;65m[48;2;156;197;148m▀[0m[38;2;189;239;181m[48;2;156;197;148m▀[0m[38;2;189;239;181m[48;2;0;0;0m▀[0m[38;2;0;0;0m▀[38;2;0;0;0m▀[38;2;0;0;0m▀  [38;2;0;0;0m▀[38;2;0;0;0m▀[38;2;0;0;0m▀  
          [38;2;0;0;0m▀[38;2;0;0;0m▀[38;2;65;65;65m[48;2;0;0;0m▀[0m[38;2;156;197;148m[48;2;0;0;0m▀[0m[38;2;0;0;0m▀          
[0m
