                [38;2;0;0;0m▄[38;2;0;0;0m[48;2;115;115;107m▀[0m[38;2;0;0;0m[48;2;206;206;189m▀[0m[38;2;0;0;0m[48;2;206;206;189m▀[0m[38;2;0;0;0m[48;2;206;206;189m▀[0m[38;2;0;0;0m[48;2;115;115;107m▀[0m[38;2;0;0;0m▄    
         [38;2;0;0;0m▄[38;2;0;0;0m[48;2;115;115;107m▀[0m[38;2;0;0;0m[48;2;206;206;189m▀[0m[38;2;0;0;0m[48;2;206;206;189m▀[0m[38;2;0;0;0m[48;2;206;206;189m▀[0m[38;2;0;0;0m[48;2;115;115;107m▀[0m[38;2;0;0;0m▄[38;2;0;0;0m[48;2;156;156;140m▀[0m[38;2;206;206;189m[48;2;156;156;140m▀[0m[38;2;65;65;65m[48;2;206;206;189m▀[0m[38;2;65;65;65m[48;2;206;206;189m▀[0m[38;2;65;65;65m[48;2;206;206;189m▀[0m[38;2;206;206;189m[48;2;156;156;140m▀[0m[38;2;0;0;0m[48;2;156;156;140m▀[0m[38;2;0;0;0m▄   
     [38;2;0;0;0m▄[38;2;0;0;0m▄ [38;2;0;0;0m▄[38;2;0;0;0m[48;2;0;0;0m▀[0m[38;2;206;206;189m[48;2;156;156;140m▀[0m[38;2;65;65;65m[48;2;206;206;189m▀[0m[38;2;65;65;65m[48;2;206;206;189m▀[0m[38;2;65;65;65m[48;2;206;206;189m▀[0m[38;2;206;206;189m[48;2;156;156;140m▀[0m[38;2;65;65;65m[48;2;65;65;65m▀[0m[38;2;156;156;140m[48;2;156;156;140m▀[0m[38;2;156;156;140m[48;2;156;156;140m▀[0m[38;2;115;115;107m[48;2;115;115;107m▀[0m[38;2;115;115;107m[48;2;115;115;107m▀[0m[38;2;115;115;107m[48;2;115;115;107m▀[0m[38;2;156;156;140m[48;2;156;156;140m▀[0m[38;2;156;156;140m[48;2;156;156;140m▀[0m[38;2;0;0;0m[48;2;247;140;90m▀[0m[38;2;0;0;0m▄  
   [38;2;0;0;0m[48;2;0;0;0m▀[0m[38;2;0;0;0m[48;2;214;107;90m▀[0m[38;2;0;0;0m[48;2;65;65;65m▀[0m[38;2;247;140;90m[48;2;247;140;90m▀[0m[38;2;0;0;0m[48;2;247;140;90m▀[0m[38;2;0;0;0m[48;2;65;65;65m▀[0m[38;2;156;156;140m[48;2;65;65;65m▀[0m[38;2;156;156;140m[48;2;156;156;140m▀[0m[38;2;115;115;107m[48;2;115;115;107m▀[0m[38;2;115;115;107m[48;2;115;115;107m▀[0m[38;2;115;115;107m[48;2;115;115;107m▀[0m[38;2;156;156;140m[48;2;156;156;140m▀[0m[38;2;156;156;140m[48;2;156;156;140m▀[0m[38;2;65;65;65m[48;2;247;140;90m▀[0m[38;2;115;115;107m[48;2;65;65;65m▀[0m[38;2;115;115;107m[48;2;247;140;90m▀[0m[38;2;115;115;107m[48;2;115;115;107m▀[0m[38;2;115;115;107m[48;2;247;140;90m▀[0m[38;2;115;115;107m[48;2;247;140;90m▀[0m[38;2;247;140;90m[48;2;247;140;90m▀[0m[38;2;247;140;90m[48;2;74;165;255m▀[0m[38;2;247;140;90m[48;2;247;140;90m▀[0m[38;2;0;0;0m[48;2;0;0;0m▀[0m 
 [38;2;0;0;0m▄[38;2;0;0;0m▄[38;2;0;0;0m[48;2;214;107;90m▀[0m[38;2;214;107;90m[48;2;65;65;65m▀[0m[38;2;65;65;65m[48;2;214;107;90m▀[0m[38;2;214;107;90m[48;2;65;65;65m▀[0m[38;2;247;140;90m[48;2;247;140;90m▀[0m[38;2;65;65;65m[48;2;65;65;65m▀[0m[38;2;247;140;90m[48;2;247;140;90m▀[0m[38;2;65;65;65m[48;2;65;65;65m▀[0m[38;2;115;115;107m[48;2;247;140;90m▀[0m[38;2;115;115;107m[48;2;115;115;107m▀[0m[38;2;115;115;107m[48;2;247;140;90m▀[0m[38;2;115;115;107m[48;2;247;140;90m▀[0m[38;2;247;140;90m[48;2;247;140;90m▀[0m[38;2;247;140;90m[48;2;247;140;90m▀[0m[38;2;247;140;90m[48;2;247;140;90m▀[0m[38;2;247;140;90m[48;2;247;140;90m▀[0m[38;2;247;140;90m[48;2;247;140;90m▀[0m[38;2;247;140;90m[48;2;74;165;255m▀[0m[38;2;74;165;255m[48;2;247;140;90m▀[0m[38;2;165;156;173m[48;2;74;165;255m▀[0m[38;2;247;140;90m[48;2;247;140;90m▀[0m[38;2;74;165;255m[48;2;74;165;255m▀[0m[38;2;247;140;90m[48;2;214;107;90m▀[0m[38;2;0;0;0m[48;2;0;0;0m▀[0m
[38;2;0;0;0m▀[38;2;214;107;90m[48;2;0;0;0m▀[0m[38;2;214;107;90m[48;2;0;0;0m▀[0m[38;2;214;107;90m[48;2;65;65;65m▀[0m[38;2;65;65;65m[48;2;247;140;90m▀[0m[38;2;65;65;65m[48;2;247;140;90m▀[0m[38;2;247;140;90m[48;2;247;140;90m▀[0m[38;2;247;140;90m[48;2;247;140;90m▀[0m[38;2;247;140;90m[48;2;247;140;90m▀[0m[38;2;247;140;90m[48;2;247;140;90m▀[0m[38;2;247;140;90m[48;2;247;140;90m▀[0m[38;2;65;65;65m[48;2;247;140;90m▀[0m[38;2;65;65;65m[48;2;247;140;90m▀[0m[38;2;65;65;65m[48;2;214;107;90m▀[0m[38;2;247;140;90m[48;2;65;65;65m▀[0m[38;2;247;140;90m[48;2;247;140;90m▀[0m[38;2;247;140;90m[48;2;247;140;90m▀[0m[38;2;247;140;90m[48;2;74;165;255m▀[0m[38;2;74;165;255m[48;2;247;140;90m▀[0m[38;2;247;140;90m[48;2;74;165;255m▀[0m[38;2;74;165;255m[48;2;165;156;173m▀[0m[38;2;247;140;90m[48;2;247;140;90m▀[0m[38;2;74;165;255m[48;2;165;156;173m▀[0m[38;2;247;140;90m[48;2;247;140;90m▀[0m[38;2;74;165;255m[48;2;74;165;255m▀[0m[38;2;214;107;90m[48;2;214;107;90m▀[0m[38;2;0;0;0m[48;2;0;0;0m▀[0m
  [38;2;0;0;0m[48;2;0;0;0m▀[0m[38;2;214;107;90m[48;2;255;255;255m▀[0m[38;2;247;140;90m[48;2;247;140;90m▀[0m[38;2;247;140;90m[48;2;247;140;90m▀[0m[38;2;247;140;90m[48;2;247;140;90m▀[0m[38;2;247;140;90m[48;2;214;107;90m▀[0m[38;2;247;140;90m[48;2;247;140;90m▀[0m[38;2;247;140;90m[48;2;214;107;90m▀[0m[38;2;247;140;90m[48;2;247;140;90m▀[0m[38;2;65;65;65m[48;2;214;107;90m▀[0m[38;2;247;140;90m[48;2;65;65;65m▀[0m[38;2;247;140;90m[48;2;65;65;65m▀[0m[38;2;247;140;90m[48;2;65;65;65m▀[0m[38;2;65;65;65m[48;2;65;65;65m▀[0m[38;2;247;140;90m[48;2;247;140;90m▀[0m[38;2;74;165;255m[48;2;74;165;255m▀[0m[38;2;247;140;90m[48;2;247;140;90m▀[0m[38;2;74;165;255m[48;2;74;165;255m▀[0m[38;2;165;156;173m[48;2;165;156;173m▀[0m[38;2;247;140;90m[48;2;247;140;90m▀[0m[38;2;165;156;173m[48;2;74;165;255m▀[0m[38;2;74;165;255m[48;2;214;107;90m▀[0m[38;2;214;107;90m[48;2;214;107;90m▀[0m[38;2;0;0;0m[48;2;0;0;0m▀[0m 
  [38;2;0;0;0m▀[38;2;255;255;255m[48;2;0;0;0m▀[0m[38;2;206;206;189m[48;2;206;206;189m▀[0m[38;2;214;107;90m[48;2;206;206;189m▀[0m[38;2;206;206;189m[48;2;206;206;189m▀[0m[38;2;156;156;140m[48;2;156;156;140m▀[0m[38;2;247;140;90m[48;2;255;255;255m▀[0m[38;2;0;0;0m[48;2;255;255;255m▀[0m[38;2;255;255;255m[48;2;255;255;255m▀[0m[38;2;65;65;65m[48;2;65;65;65m▀[0m[38;2;214;107;90m[48;2;214;107;90m▀[0m[38;2;214;107;90m[48;2;214;107;90m▀[0m[38;2;214;107;90m[48;2;214;107;90m▀[0m[38;2;214;107;90m[48;2;214;107;90m▀[0m[38;2;247;140;90m[48;2;214;107;90m▀[0m[38;2;74;165;255m[48;2;214;107;90m▀[0m[38;2;247;140;90m[48;2;74;165;255m▀[0m[38;2;74;165;255m[48;2;214;107;90m▀[0m[38;2;214;107;90m[48;2;214;107;90m▀[0m[38;2;74;165;255m[48;2;214;107;90m▀[0m[38;2;214;107;90m[48;2;65;65;65m▀[0m[38;2;214;107;90m[48;2;214;107;90m▀[0m[38;2;214;107;90m[48;2;214;107;90m▀[0m[38;2;115;115;107m[48;2;214;107;90m▀[0m[38;2;0;0;0m[48;2;0;0;0m▀[0m
  [38;2;0;0;0m▄[38;2;0;0;0m[48;2;206;206;189m▀[0m[38;2;206;206;189m[48;2;206;206;189m▀[0m[38;2;206;206;189m[48;2;206;206;189m▀[0m[38;2;206;206;189m[48;2;206;206;189m▀[0m[38;2;206;206;189m[48;2;206;206;189m▀[0m[38;2;156;156;140m[48;2;206;206;189m▀[0m[38;2;255;255;255m[48;2;156;156;140m▀[0m[38;2;156;156;140m[48;2;156;156;140m▀[0m[38;2;156;156;140m[48;2;156;156;140m▀[0m[38;2;65;65;65m[48;2;65;65;65m▀[0m[38;2;214;107;90m[48;2;214;107;90m▀[0m[38;2;214;107;90m[48;2;214;107;90m▀[0m[38;2;214;107;90m[48;2;214;107;90m▀[0m[38;2;214;107;90m[48;2;214;107;90m▀[0m[38;2;214;107;90m[48;2;65;65;65m▀[0m[38;2;214;107;90m[48;2;214;107;90m▀[0m[38;2;214;107;90m[48;2;0;0;0m▀[0m[38;2;214;107;90m[48;2;0;0;0m▀[0m[38;2;65;65;65m[48;2;214;107;90m▀[0m[38;2;214;107;90m[48;2;214;107;90m▀[0m[38;2;214;107;90m[48;2;65;65;65m▀[0m[38;2;214;107;90m[48;2;214;107;90m▀[0m[38;2;214;107;90m[48;2;0;0;0m▀[0m[38;2;0;0;0m▀
  [38;2;0;0;0m▀[38;2;65;65;65m[48;2;0;0;0m▀[0m[38;2;206;206;189m[48;2;0;0;0m▀[0m[38;2;206;206;189m[48;2;156;156;140m▀[0m[38;2;206;206;189m[48;2;115;115;107m▀[0m[38;2;65;65;65m[48;2;156;156;140m▀[0m[38;2;156;156;140m[48;2;156;156;140m▀[0m[38;2;156;156;140m[48;2;156;156;140m▀[0m[38;2;156;156;140m[48;2;0;0;0m▀[0m[38;2;65;65;65m[48;2;65;65;65m▀[0m[38;2;214;107;90m[48;2;214;107;90m▀[0m[38;2;214;107;90m[48;2;247;140;90m▀[0m[38;2;247;140;90m[48;2;247;140;90m▀[0m[38;2;247;140;90m[48;2;247;140;90m▀[0m[38;2;214;107;90m[48;2;214;107;90m▀[0m[38;2;65;65;65m[48;2;214;107;90m▀[0m[38;2;0;0;0m[48;2;0;0;0m▀[0m  [38;2;0;0;0m▀[38;2;0;0;0m▀[38;2;0;0;0m▀[38;2;0;0;0m▀  
     [38;2;0;0;0m▀[38;2;0;0;0m▀[38;2;0;0;0m▀[38;2;0;0;0m▀[38;2;0;0;0m▀ [38;2;0;0;0m▀[38;2;65;65;65m[48;2;0;0;0m▀[0m[38;2;214;107;90m[48;2;0;0;0m▀[0m[38;2;65;65;65m[48;2;0;0;0m▀[0m[38;2;214;107;90m[48;2;0;0;0m▀[0m[38;2;214;107;90m[48;2;0;0;0m▀[0m[38;2;65;65;65m[48;2;0;0;0m▀[0m[38;2;0;0;0m▀        
[0m
