     [38;2;0;0;0m▄[38;2;0;0;0m▄[38;2;0;0;0m[48;2;206;178;57m▀[0m[38;2;0;0;0m[48;2;206;178;57m▀[0m[38;2;0;0;0m[48;2;206;178;57m▀[0m[38;2;0;0;0m[48;2;206;178;57m▀[0m[38;2;0;0;0m▄        [38;2;0;0;0m▄[38;2;0;0;0m▄[38;2;0;0;0m▄           
   [38;2;0;0;0m▄[38;2;0;0;0m[48;2;206;178;57m▀[0m[38;2;206;178;57m[48;2;0;0;0m▀[0m[38;2;206;178;57m[48;2;0;0;0m▀[0m[38;2;66;65;66m[48;2;66;65;66m▀[0m[38;2;66;65;66m[48;2;0;0;0m▀[0m[38;2;0;0;0m▀[38;2;206;178;57m[48;2;0;0;0m▀[0m[38;2;206;178;57m[48;2;206;178;57m▀[0m[38;2;0;0;0m[48;2;0;0;0m▀[0m     [38;2;0;0;0m▄[38;2;0;0;0m[48;2;115;190;255m▀[0m[38;2;115;190;255m[48;2;115;190;255m▀[0m[38;2;107;190;255m[48;2;66;65;74m▀[0m[38;2;93;148;194m[48;2;93;148;194m▀[0m[38;2;0;0;0m[48;2;0;0;0m▀[0m          
 [38;2;0;0;0m▄[38;2;0;0;0m[48;2;206;178;57m▀[0m[38;2;206;178;57m[48;2;0;0;0m▀[0m[38;2;0;0;0m▀  [38;2;0;0;0m▀[38;2;206;178;57m[48;2;0;0;0m▀[0m[38;2;0;4;24m[48;2;206;178;66m▀[0m[38;2;68;62;38m[48;2;206;178;66m▀[0m[38;2;206;182;74m[48;2;68;63;46m▀[0m[38;2;0;4;33m[48;2;68;63;46m▀[0m[38;2;0;0;0m▄[38;2;0;0;0m▄[38;2;0;0;0m▄ [38;2;0;0;0m▄[38;2;0;0;0m[48;2;115;190;255m▀[0m[38;2;107;190;255m[48;2;66;65;74m▀[0m[38;2;93;148;194m[48;2;93;148;194m▀[0m[38;2;66;65;66m[48;2;74;121;181m▀[0m[38;2;74;121;181m[48;2;74;121;181m▀[0m[38;2;0;0;0m[48;2;0;0;0m▀[0m  [38;2;0;0;0m▄[38;2;0;0;0m[48;2;247;223;123m▀[0m[38;2;0;0;0m[48;2;247;223;123m▀[0m[38;2;0;0;0m[48;2;247;223;123m▀[0m[38;2;0;0;0m▄   
[38;2;0;0;0m▄[38;2;0;0;0m[48;2;206;178;57m▀[0m[38;2;206;178;57m[48;2;0;0;0m▀[0m[38;2;0;0;0m▀  [38;2;0;0;0m▄[38;2;0;0;0m▄[38;2;0;0;0m[48;2;90;105;189m▀[0m[38;2;66;65;66m[48;2;88;105;186m▀[0m[38;2;66;65;66m[48;2;88;105;186m▀[0m[38;2;88;104;186m[48;2;88;104;186m▀[0m[38;2;88;104;186m[48;2;88;104;186m▀[0m[38;2;88;104;186m[48;2;88;104;186m▀[0m[38;2;88;104;186m[48;2;88;104;186m▀[0m[38;2;90;105;189m[48;2;90;105;189m▀[0m[38;2;0;0;0m[48;2;90;105;189m▀[0m[38;2;8;0;0m[48;2;84;121;170m▀[0m[38;2;123;182;255m[48;2;46;60;85m▀[0m[38;2;90;150;231m[48;2;66;65;66m▀[0m[38;2;66;65;66m[48;2;82;121;176m▀[0m[38;2;90;150;222m[48;2;0;0;0m▀[0m[38;2;0;0;0m▀ [38;2;0;0;0m▄[38;2;0;0;8m[48;2;247;223;132m▀[0m[38;2;247;223;132m[48;2;82;74;49m▀[0m[38;2;66;65;66m[48;2;0;0;0m▀[0m[38;2;0;0;0m▀[38;2;85;78;43m[48;2;0;0;8m▀[0m[38;2;255;235;115m[48;2;170;156;79m▀[0m[38;2;0;0;0m[48;2;0;0;0m▀[0m  
[38;2;0;0;0m[48;2;0;0;0m▀[0m[38;2;206;178;57m[48;2;206;178;57m▀[0m[38;2;0;0;0m[48;2;0;0;0m▀[0m [38;2;0;0;0m▄[38;2;0;0;0m[48;2;90;105;189m▀[0m[38;2;90;105;189m[48;2;90;105;189m▀[0m[38;2;87;105;184m[48;2;87;105;184m▀[0m[38;2;231;203;90m[48;2;231;203;90m▀[0m[38;2;87;103;183m[48;2;87;103;183m▀[0m[38;2;87;103;183m[48;2;247;223;123m▀[0m[38;2;88;104;186m[48;2;88;104;186m▀[0m[38;2;88;104;186m[48;2;88;104;186m▀[0m[38;2;84;102;183m[48;2;206;178;57m▀[0m[38;2;84;102;183m[48;2;84;102;183m▀[0m[38;2;88;104;186m[48;2;88;104;186m▀[0m[38;2;88;104;186m[48;2;88;104;186m▀[0m[38;2;88;104;186m[48;2;88;104;186m▀[0m[38;2;88;104;186m[48;2;88;104;186m▀[0m[38;2;73;89;156m[48;2;82;101;198m▀[0m[38;2;57;65;74m[48;2;73;89;156m▀[0m[38;2;0;0;0m[48;2;66;85;165m▀[0m[38;2;0;0;0m▄[38;2;0;0;0m▄[38;2;0;0;0m[48;2;247;223;123m▀[0m[38;2;247;223;123m[48;2;0;0;0m▀[0m[38;2;0;0;0m▀[38;2;206;178;57m[48;2;0;0;0m▀[0m[38;2;0;0;0m[48;2;206;178;57m▀[0m[38;2;66;65;66m[48;2;206;178;57m▀[0m[38;2;206;178;57m[48;2;66;65;66m▀[0m[38;2;46;59;79m[48;2;107;170;239m▀[0m[38;2;16;4;0m[48;2;107;170;239m▀[0m[38;2;0;0;0m▄
[38;2;0;0;0m▀[38;2;206;178;66m[48;2;0;4;24m▀[0m[38;2;68;62;38m[48;2;206;178;66m▀[0m[38;2;0;0;0m[48;2;82;83;85m▀[0m[38;2;247;251;255m[48;2;164;167;170m▀[0m[38;2;88;104;186m[48;2;88;104;186m▀[0m[38;2;88;104;186m[48;2;88;104;186m▀[0m[38;2;231;211;99m[48;2;231;211;99m▀[0m[38;2;231;211;99m[48;2;87;105;187m▀[0m[38;2;247;223;123m[48;2;87;103;183m▀[0m[38;2;247;223;123m[48;2;247;223;123m▀[0m[38;2;231;211;99m[48;2;231;211;99m▀[0m[38;2;231;211;99m[48;2;87;105;187m▀[0m[38;2;88;104;186m[48;2;88;104;186m▀[0m[38;2;88;104;186m[48;2;88;104;186m▀[0m[38;2;88;104;186m[48;2;88;104;186m▀[0m[38;2;88;104;186m[48;2;88;104;186m▀[0m[38;2;88;104;186m[48;2;88;104;186m▀[0m[38;2;88;104;186m[48;2;88;104;186m▀[0m[38;2;87;105;186m[48;2;87;105;186m▀[0m[38;2;68;85;167m[48;2;68;85;167m▀[0m[38;2;66;84;167m[48;2;66;84;167m▀[0m[38;2;66;84;167m[48;2;66;84;167m▀[0m[38;2;66;65;66m[48;2;66;65;66m▀[0m[38;2;247;223;123m[48;2;247;223;123m▀[0m[38;2;49;54;78m[48;2;49;54;78m▀[0m[38;2;16;12;0m[48;2;82;97;156m▀[0m[38;2;66;65;66m[48;2;66;83;170m▀[0m[38;2;66;65;66m[48;2;66;65;66m▀[0m[38;2;66;65;66m[48;2;90;150;222m▀[0m[38;2;90;150;222m[48;2;90;150;222m▀[0m[38;2;99;170;239m[48;2;0;0;0m▀[0m[38;2;99;170;239m[48;2;0;0;0m▀[0m[38;2;0;0;0m▀
 [38;2;0;0;0m▀[38;2;206;178;57m[48;2;0;0;0m▀[0m[38;2;66;65;66m[48;2;98;148;192m▀[0m[38;2;66;65;66m[48;2;115;190;255m▀[0m[38;2;88;105;186m[48;2;66;65;66m▀[0m[38;2;88;105;186m[48;2;88;105;186m▀[0m[38;2;88;104;186m[48;2;88;104;186m▀[0m[38;2;88;104;186m[48;2;88;104;186m▀[0m[38;2;84;102;183m[48;2;84;102;183m▀[0m[38;2;206;178;57m[48;2;84;102;183m▀[0m[38;2;88;104;186m[48;2;88;104;186m▀[0m[38;2;88;104;186m[48;2;88;104;186m▀[0m[38;2;90;105;181m[48;2;90;105;181m▀[0m[38;2;145;155;203m[48;2;255;255;247m▀[0m[38;2;255;255;255m[48;2;0;0;8m▀[0m[38;2;170;170;172m[48;2;255;255;255m▀[0m[38;2;87;105;186m[48;2;68;85;167m▀[0m[38;2;87;105;186m[48;2;68;85;167m▀[0m[38;2;66;84;167m[48;2;66;84;167m▀[0m[38;2;66;84;167m[48;2;66;84;167m▀[0m[38;2;66;83;170m[48;2;66;83;170m▀[0m[38;2;66;65;66m[48;2;66;65;66m▀[0m[38;2;247;223;123m[48;2;247;223;123m▀[0m[38;2;66;65;66m[48;2;66;65;66m▀[0m[38;2;66;84;167m[48;2;66;84;167m▀[0m[38;2;66;84;167m[48;2;66;84;167m▀[0m[38;2;66;83;170m[48;2;66;83;170m▀[0m[38;2;66;83;170m[48;2;0;0;0m▀[0m[38;2;0;0;0m▀[38;2;0;0;0m▀   
  [38;2;0;0;0m[48;2;0;0;0m▀[0m[38;2;115;190;255m[48;2;98;146;222m▀[0m[38;2;82;103;189m[48;2;115;190;255m▀[0m[38;2;115;186;255m[48;2;90;121;164m▀[0m[38;2;66;56;74m[48;2;115;186;255m▀[0m[38;2;66;65;66m[48;2;115;190;255m▀[0m[38;2;66;65;66m[48;2;115;190;255m▀[0m[38;2;88;105;186m[48;2;66;65;66m▀[0m[38;2;88;105;186m[48;2;66;65;66m▀[0m[38;2;88;105;186m[48;2;66;65;66m▀[0m[38;2;88;105;186m[48;2;66;65;66m▀[0m[38;2;98;106;140m[48;2;57;59;74m▀[0m[38;2;140;154;206m[48;2;57;59;74m▀[0m[38;2;231;239;255m[48;2;41;44;82m▀[0m[38;2;167;174;197m[48;2;104;109;139m▀[0m[38;2;66;84;167m[48;2;66;84;167m▀[0m[38;2;66;84;167m[48;2;66;84;167m▀[0m[38;2;66;83;170m[48;2;66;65;66m▀[0m[38;2;66;83;170m[48;2;66;65;66m▀[0m[38;2;66;65;66m[48;2;247;223;123m▀[0m[38;2;247;223;123m[48;2;66;65;66m▀[0m[38;2;66;65;66m[48;2;66;83;170m▀[0m[38;2;66;83;170m[48;2;66;83;170m▀[0m[38;2;66;83;170m[48;2;0;0;0m▀[0m[38;2;66;83;170m[48;2;0;0;0m▀[0m[38;2;66;65;66m[48;2;66;83;170m▀[0m[38;2;66;83;170m[48;2;66;83;170m▀[0m[38;2;0;0;0m[48;2;0;0;0m▀[0m    
   [38;2;0;0;0m[48;2;0;0;0m▀[0m[38;2;90;150;222m[48;2;90;150;222m▀[0m[38;2;115;186;255m[48;2;66;56;74m▀[0m[38;2;90;121;164m[48;2;115;186;255m▀[0m[38;2;86;105;185m[48;2;115;190;255m▀[0m[38;2;86;105;185m[48;2;115;190;255m▀[0m[38;2;115;190;255m[48;2;86;105;185m▀[0m[38;2;115;190;255m[48;2;86;105;185m▀[0m[38;2;115;190;255m[48;2;86;105;185m▀[0m[38;2;115;190;255m[48;2;86;105;185m▀[0m[38;2;115;190;255m[48;2;86;105;185m▀[0m[38;2;115;190;255m[48;2;86;105;185m▀[0m[38;2;115;190;255m[48;2;115;190;255m▀[0m[38;2;66;65;66m[48;2;115;190;255m▀[0m[38;2;66;83;170m[48;2;66;65;66m▀[0m[38;2;66;65;66m[48;2;66;83;170m▀[0m[38;2;247;223;123m[48;2;66;65;66m▀[0m[38;2;247;223;123m[48;2;66;65;66m▀[0m[38;2;66;65;66m[48;2;66;83;170m▀[0m[38;2;66;83;170m[48;2;66;83;170m▀[0m[38;2;74;89;165m[48;2;74;89;165m▀[0m[38;2;8;8;0m[48;2;41;48;82m▀[0m[38;2;0;0;0m▄ [38;2;0;0;0m▀[38;2;0;0;0m▀     
  [38;2;0;0;0m[48;2;0;0;0m▀[0m[38;2;90;150;222m[48;2;90;150;222m▀[0m[38;2;40;55;74m[48;2;16;8;0m▀[0m[38;2;0;0;0m▀[38;2;66;65;66m[48;2;0;0;0m▀[0m[38;2;66;65;66m[48;2;206;178;57m▀[0m[38;2;66;65;66m[48;2;206;178;57m▀[0m[38;2;115;190;255m[48;2;66;65;66m▀[0m[38;2;115;190;255m[48;2;66;65;66m▀[0m[38;2;115;190;255m[48;2;66;65;66m▀[0m[38;2;115;190;255m[48;2;66;65;66m▀[0m[38;2;115;190;255m[48;2;66;65;74m▀[0m[38;2;115;190;255m[48;2;98;148;194m▀[0m[38;2;148;207;239m[48;2;99;85;49m▀[0m[38;2;99;85;49m[48;2;115;125;112m▀[0m[38;2;206;178;57m[48;2;206;178;57m▀[0m[38;2;66;65;66m[48;2;206;178;57m▀[0m[38;2;68;66;74m[48;2;206;182;90m▀[0m[38;2;68;66;74m[48;2;0;8;66m▀[0m[38;2;45;52;86m[48;2;8;8;0m▀[0m[38;2;82;97;173m[48;2;82;97;173m▀[0m[38;2;66;84;167m[48;2;66;84;167m▀[0m[38;2;66;84;167m[48;2;66;84;167m▀[0m[38;2;66;83;170m[48;2;66;83;170m▀[0m[38;2;0;0;0m[48;2;0;0;0m▀[0m       
   [38;2;0;0;0m▀   [38;2;0;0;0m▀[38;2;0;0;0m▀[38;2;0;0;0m▀[38;2;206;178;57m[48;2;0;0;0m▀[0m[38;2;206;178;57m[48;2;0;0;0m▀[0m[38;2;206;178;57m[48;2;0;0;0m▀[0m[38;2;49;56;74m[48;2;24;8;0m▀[0m[38;2;99;154;222m[48;2;49;56;74m▀[0m[38;2;115;190;255m[48;2;115;190;255m▀[0m[38;2;66;65;66m[48;2;115;190;255m▀[0m[38;2;206;178;57m[48;2;0;0;0m▀[0m[38;2;0;0;0m▀[38;2;0;0;0m▀  [38;2;0;0;0m▀[38;2;90;105;189m[48;2;0;0;0m▀[0m[38;2;90;105;189m[48;2;0;0;0m▀[0m[38;2;90;105;189m[48;2;0;0;0m▀[0m[38;2;0;0;0m▀       
              [38;2;0;0;0m▀[38;2;115;190;255m[48;2;0;0;0m▀[0m[38;2;115;190;255m[48;2;0;0;0m▀[0m[38;2;0;0;0m▀                
[0m
