      [38;2;0;0;0m▄[38;2;0;0;0m[48;2;255;222;140m▀[0m[38;2;0;0;0m[48;2;255;222;140m▀[0m[38;2;0;0;0m▄     
    [38;2;0;0;0m▄[38;2;0;0;0m[48;2;247;132;74m▀[0m[38;2;247;132;74m[48;2;247;132;74m▀[0m[38;2;255;222;140m[48;2;247;132;74m▀[0m[38;2;255;222;140m[48;2;255;222;140m▀[0m[38;2;0;0;0m[48;2;255;222;140m▀[0m[38;2;0;0;0m▄    
   [38;2;0;0;0m▄[38;2;0;0;0m[48;2;247;132;74m▀[0m[38;2;247;132;74m[48;2;65;65;65m▀[0m[38;2;65;65;65m[48;2;65;65;65m▀[0m[38;2;247;132;74m[48;2;65;65;65m▀[0m[38;2;255;222;140m[48;2;247;132;74m▀[0m[38;2;255;222;140m[48;2;255;222;140m▀[0m[38;2;0;0;0m[48;2;255;222;140m▀[0m[38;2;0;0;0m▄   
  [38;2;0;0;0m▄[38;2;0;0;0m[48;2;247;132;74m▀[0m[38;2;247;132;74m[48;2;65;65;65m▀[0m[38;2;65;65;65m[48;2;65;65;65m▀[0m[38;2;65;65;65m[48;2;65;65;65m▀[0m[38;2;65;65;65m[48;2;65;65;65m▀[0m[38;2;247;132;74m[48;2;65;65;65m▀[0m[38;2;255;222;140m[48;2;247;132;74m▀[0m[38;2;255;222;140m[48;2;255;222;140m▀[0m[38;2;0;0;0m[48;2;255;222;140m▀[0m[38;2;0;0;0m▄  
 [38;2;0;0;0m[48;2;0;0;0m▀[0m[38;2;247;132;74m[48;2;247;132;74m▀[0m[38;2;65;65;65m[48;2;65;65;65m▀[0m[38;2;107;189;255m[48;2;65;65;65m▀[0m[38;2;65;65;65m[48;2;65;65;65m▀[0m[38;2;65;65;65m[48;2;65;65;65m▀[0m[38;2;65;65;65m[48;2;65;65;65m▀[0m[38;2;65;65;65m[48;2;107;189;255m▀[0m[38;2;247;132;74m[48;2;65;65;65m▀[0m[38;2;255;222;140m[48;2;247;132;74m▀[0m[38;2;255;222;140m[48;2;255;222;140m▀[0m[38;2;0;0;0m[48;2;255;222;140m▀[0m[38;2;0;0;0m▄ 
[38;2;0;0;0m[48;2;0;0;0m▀[0m[38;2;230;189;107m[48;2;230;189;107m▀[0m[38;2;247;132;74m[48;2;247;132;74m▀[0m[38;2;65;65;65m[48;2;65;65;65m▀[0m[38;2;255;255;255m[48;2;65;65;65m▀[0m[38;2;189;189;181m[48;2;65;65;65m▀[0m[38;2;255;255;255m[48;2;255;255;255m▀[0m[38;2;65;65;65m[48;2;189;189;181m▀[0m[38;2;65;65;65m[48;2;255;255;255m▀[0m[38;2;65;65;65m[48;2;65;65;65m▀[0m[38;2;247;132;74m[48;2;247;132;74m▀[0m[38;2;255;222;140m[48;2;255;222;140m▀[0m[38;2;255;222;140m[48;2;255;222;140m▀[0m[38;2;0;0;0m[48;2;255;222;140m▀[0m[38;2;0;0;0m▄
[38;2;0;0;0m▀[38;2;230;189;107m[48;2;0;0;0m▀[0m[38;2;230;189;107m[48;2;230;189;107m▀[0m[38;2;65;65;65m[48;2;65;65;65m▀[0m[38;2;123;123;123m[48;2;65;65;65m▀[0m[38;2;65;65;65m[48;2;65;65;65m▀[0m[38;2;65;65;65m[48;2;123;123;123m▀[0m[38;2;65;65;65m[48;2;65;65;65m▀[0m[38;2;65;65;65m[48;2;255;222;140m▀[0m[38;2;247;132;74m[48;2;255;222;140m▀[0m[38;2;255;222;140m[48;2;255;222;140m▀[0m[38;2;255;222;140m[48;2;255;222;140m▀[0m[38;2;197;132;66m[48;2;197;132;66m▀[0m[38;2;255;222;140m[48;2;255;222;140m▀[0m[38;2;0;0;0m[48;2;0;0;0m▀[0m
  [38;2;0;0;0m▀[38;2;230;189;107m[48;2;0;0;0m▀[0m[38;2;247;132;74m[48;2;65;65;65m▀[0m[38;2;65;65;65m[48;2;65;65;65m▀[0m[38;2;65;65;65m[48;2;247;132;74m▀[0m[38;2;65;65;65m[48;2;255;222;140m▀[0m[38;2;255;222;140m[48;2;255;222;140m▀[0m[38;2;197;132;66m[48;2;197;132;66m▀[0m[38;2;255;222;140m[48;2;255;222;140m▀[0m[38;2;255;222;140m[48;2;0;0;0m▀[0m[38;2;197;132;66m[48;2;0;0;0m▀[0m[38;2;0;0;0m▀ 
   [38;2;0;0;0m▀[38;2;123;123;123m[48;2;0;0;0m▀[0m[38;2;123;123;123m[48;2;0;0;0m▀[0m[38;2;0;0;0m▀[38;2;0;0;0m▀[38;2;0;0;0m[48;2;0;0;0m▀[0m[38;2;65;65;65m[48;2;123;123;123m▀[0m[38;2;65;65;65m[48;2;123;123;123m▀[0m[38;2;0;0;0m[48;2;0;0;0m▀[0m   
         [38;2;0;0;0m▀[38;2;0;0;0m▀    
[0m
