 [38;2;0;0;0m▄[38;2;0;0;0m[48;2;123;130;140m▀[0m[38;2;0;0;0m[48;2;82;86;93m▀[0m[38;2;0;0;0m▄                         
 [38;2;0;0;0m[48;2;0;0;0m▀[0m[38;2;86;87;90m[48;2;86;87;90m▀[0m[38;2;123;130;140m[48;2;86;87;90m▀[0m[38;2;106;117;123m[48;2;156;174;181m▀[0m[38;2;8;4;8m[48;2;156;174;181m▀[0m[38;2;0;0;0m[48;2;86;87;90m▀[0m[38;2;0;0;0m▄                      
  [38;2;0;0;0m[48;2;0;0;0m▀[0m[38;2;86;87;90m[48;2;86;87;90m▀[0m[38;2;86;85;90m[48;2;86;85;90m▀[0m[38;2;156;170;181m[48;2;86;85;90m▀[0m[38;2;156;170;181m[48;2;86;85;90m▀[0m[38;2;86;85;90m[48;2;86;85;90m▀[0m[38;2;0;0;0m[48;2;66;65;66m▀[0m[38;2;0;0;0m▄[38;2;0;0;0m[48;2;173;178;189m▀[0m[38;2;0;0;0m[48;2;173;178;189m▀[0m[38;2;0;0;0m[48;2;173;178;189m▀[0m[38;2;0;0;0m[48;2;173;178;189m▀[0m[38;2;0;0;0m▄[38;2;0;0;0m▄[38;2;0;0;0m▄[38;2;0;0;0m▄       [38;2;0;0;0m▄[38;2;0;0;0m▄[38;2;0;0;0m▄[38;2;0;0;0m▄ 
  [38;2;0;0;0m▀[38;2;86;87;90m[48;2;0;0;0m▀[0m[38;2;74;73;74m[48;2;255;255;255m▀[0m[38;2;74;73;74m[48;2;74;73;74m▀[0m[38;2;74;73;74m[48;2;74;73;74m▀[0m[38;2;74;73;74m[48;2;255;255;255m▀[0m[38;2;255;255;255m[48;2;255;255;255m▀[0m[38;2;255;255;255m[48;2;255;255;255m▀[0m[38;2;255;255;255m[48;2;74;73;74m▀[0m[38;2;74;73;74m[48;2;74;73;74m▀[0m[38;2;66;65;66m[48;2;86;87;90m▀[0m[38;2;86;87;90m[48;2;66;65;66m▀[0m[38;2;74;73;74m[48;2;74;73;74m▀[0m[38;2;74;73;74m[48;2;255;255;255m▀[0m[38;2;176;180;192m[48;2;176;180;192m▀[0m[38;2;176;180;192m[48;2;176;180;192m▀[0m[38;2;0;0;0m[48;2;181;182;189m▀[0m[38;2;0;0;0m[48;2;60;60;63m▀[0m[38;2;0;0;0m▄[38;2;0;0;0m▄[38;2;0;0;0m[48;2;82;86;93m▀[0m[38;2;0;0;0m[48;2;123;130;140m▀[0m[38;2;0;0;0m[48;2;120;130;137m▀[0m[38;2;120;130;137m[48;2;120;130;137m▀[0m[38;2;123;130;140m[48;2;86;87;90m▀[0m[38;2;86;87;90m[48;2;86;87;90m▀[0m[38;2;86;87;90m[48;2;0;0;0m▀[0m[38;2;0;0;0m▀
  [38;2;0;0;0m[48;2;0;0;0m▀[0m[38;2;173;178;189m[48;2;173;178;189m▀[0m[38;2;255;255;255m[48;2;255;255;255m▀[0m[38;2;123;131;134m[48;2;255;255;255m▀[0m[38;2;255;255;255m[48;2;255;255;255m▀[0m[38;2;255;255;255m[48;2;255;255;255m▀[0m[38;2;255;255;255m[48;2;255;255;255m▀[0m[38;2;66;65;66m[48;2;255;255;255m▀[0m[38;2;86;87;90m[48;2;66;65;66m▀[0m[38;2;86;87;90m[48;2;66;65;66m▀[0m[38;2;66;65;66m[48;2;255;255;255m▀[0m[38;2;255;255;255m[48;2;255;255;255m▀[0m[38;2;255;255;255m[48;2;255;255;255m▀[0m[38;2;255;255;255m[48;2;255;255;255m▀[0m[38;2;255;255;255m[48;2;255;255;255m▀[0m[38;2;255;255;255m[48;2;66;65;66m▀[0m[38;2;66;65;66m[48;2;86;87;90m▀[0m[38;2;86;87;90m[48;2;86;87;90m▀[0m[38;2;86;85;90m[48;2;156;170;181m▀[0m[38;2;156;170;181m[48;2;156;170;181m▀[0m[38;2;156;174;181m[48;2;123;130;137m▀[0m[38;2;123;130;137m[48;2;90;87;93m▀[0m[38;2;87;87;90m[48;2;87;87;90m▀[0m[38;2;87;87;90m[48;2;87;87;90m▀[0m[38;2;90;89;90m[48;2;60;59;60m▀[0m[38;2;0;0;0m[48;2;0;0;0m▀[0m  
 [38;2;0;0;0m▄[38;2;0;0;0m[48;2;255;255;255m▀[0m[38;2;255;255;255m[48;2;255;255;255m▀[0m[38;2;255;255;255m[48;2;255;255;255m▀[0m[38;2;255;255;255m[48;2;255;255;255m▀[0m[38;2;255;255;255m[48;2;255;255;255m▀[0m[38;2;255;255;255m[48;2;123;131;134m▀[0m[38;2;255;255;255m[48;2;66;65;66m▀[0m[38;2;255;255;255m[48;2;255;255;255m▀[0m[38;2;255;255;255m[48;2;255;255;255m▀[0m[38;2;255;255;255m[48;2;255;255;255m▀[0m[38;2;255;255;255m[48;2;255;255;255m▀[0m[38;2;255;255;255m[48;2;255;255;255m▀[0m[38;2;255;255;255m[48;2;255;255;255m▀[0m[38;2;255;255;255m[48;2;255;255;255m▀[0m[38;2;173;174;189m[48;2;66;60;66m▀[0m[38;2;66;60;66m[48;2;101;98;107m▀[0m[38;2;86;87;90m[48;2;86;87;90m▀[0m[38;2;86;87;90m[48;2;66;65;66m▀[0m[38;2;87;87;90m[48;2;87;87;90m▀[0m[38;2;87;87;90m[48;2;87;87;90m▀[0m[38;2;87;87;90m[48;2;87;87;90m▀[0m[38;2;87;87;90m[48;2;87;87;90m▀[0m[38;2;86;87;90m[48;2;66;65;66m▀[0m[38;2;66;65;66m[48;2;66;65;66m▀[0m[38;2;0;0;0m[48;2;0;0;0m▀[0m   
[38;2;0;0;0m[48;2;0;0;0m▀[0m[38;2;173;178;189m[48;2;173;178;189m▀[0m[38;2;255;255;255m[48;2;66;65;66m▀[0m[38;2;255;255;255m[48;2;255;255;255m▀[0m[38;2;255;255;255m[48;2;255;255;255m▀[0m[38;2;255;255;255m[48;2;123;131;134m▀[0m[38;2;123;130;140m[48;2;66;65;66m▀[0m[38;2;66;65;66m[48;2;85;86;90m▀[0m[38;2;66;65;66m[48;2;86;87;90m▀[0m[38;2;66;65;66m[48;2;66;65;66m▀[0m[38;2;255;255;255m[48;2;255;255;255m▀[0m[38;2;255;255;255m[48;2;255;255;255m▀[0m[38;2;255;255;255m[48;2;255;255;255m▀[0m[38;2;255;255;255m[48;2;255;255;255m▀[0m[38;2;255;255;255m[48;2;255;255;255m▀[0m[38;2;255;255;255m[48;2;175;179;192m▀[0m[38;2;255;251;255m[48;2;192;187;192m▀[0m[38;2;66;60;66m[48;2;255;251;255m▀[0m[38;2;66;65;66m[48;2;176;181;192m▀[0m[38;2;176;181;192m[48;2;176;181;192m▀[0m[38;2;66;60;66m[48;2;173;174;189m▀[0m[38;2;101;98;107m[48;2;66;60;66m▀[0m[38;2;86;87;90m[48;2;66;65;66m▀[0m[38;2;66;65;66m[48;2;66;65;66m▀[0m[38;2;66;64;66m[48;2;66;64;66m▀[0m[38;2;0;0;0m[48;2;0;0;0m▀[0m    
 [38;2;0;0;0m[48;2;0;0;0m▀[0m[38;2;66;65;66m[48;2;66;65;66m▀[0m[38;2;66;65;66m[48;2;66;65;66m▀[0m[38;2;255;255;255m[48;2;255;255;255m▀[0m[38;2;66;65;66m[48;2;255;255;255m▀[0m[38;2;86;87;90m[48;2;66;65;66m▀[0m[38;2;86;87;90m[48;2;86;87;90m▀[0m[38;2;87;87;90m[48;2;87;87;90m▀[0m[38;2;87;87;90m[48;2;87;87;90m▀[0m[38;2;66;65;66m[48;2;66;65;66m▀[0m[38;2;255;255;255m[48;2;255;255;255m▀[0m[38;2;255;255;255m[48;2;255;255;255m▀[0m[38;2;255;255;255m[48;2;255;255;255m▀[0m[38;2;255;255;255m[48;2;255;255;255m▀[0m[38;2;255;255;255m[48;2;66;65;66m▀[0m[38;2;255;251;255m[48;2;66;60;66m▀[0m[38;2;255;251;255m[48;2;192;187;192m▀[0m[38;2;255;255;255m[48;2;175;179;192m▀[0m[38;2;175;179;192m[48;2;175;179;192m▀[0m[38;2;66;65;66m[48;2;176;181;192m▀[0m[38;2;66;65;66m[48;2;66;65;66m▀[0m[38;2;66;65;66m[48;2;66;65;66m▀[0m[38;2;66;65;66m[48;2;66;65;66m▀[0m[38;2;57;60;66m[48;2;247;247;255m▀[0m[38;2;183;184;192m[48;2;183;184;192m▀[0m[38;2;0;0;0m[48;2;0;0;0m▀[0m   
[38;2;0;0;0m[48;2;0;0;0m▀[0m[38;2;170;170;170m[48;2;255;255;255m▀[0m[38;2;66;65;66m[48;2;66;65;66m▀[0m[38;2;82;154;206m[48;2;82;154;206m▀[0m[38;2;66;65;66m[48;2;66;65;66m▀[0m[38;2;255;255;255m[48;2;255;255;255m▀[0m[38;2;74;73;74m[48;2;255;255;255m▀[0m[38;2;74;73;74m[48;2;74;73;74m▀[0m[38;2;101;98;107m[48;2;66;60;66m▀[0m[38;2;66;60;66m[48;2;173;174;189m▀[0m[38;2;255;255;255m[48;2;255;255;255m▀[0m[38;2;255;255;255m[48;2;66;65;66m▀[0m[38;2;214;247;255m[48;2;0;0;0m▀[0m[38;2;71;82;85m[48;2;142;164;170m▀[0m[38;2;57;60;66m[48;2;90;158;192m▀[0m[38;2;90;158;192m[48;2;107;207;255m▀[0m[38;2;86;87;90m[48;2;86;87;90m▀[0m[38;2;66;65;66m[48;2;66;65;66m▀[0m[38;2;177;180;193m[48;2;123;130;140m▀[0m[38;2;177;180;193m[48;2;177;180;193m▀[0m[38;2;176;180;192m[48;2;176;180;192m▀[0m[38;2;176;180;192m[48;2;176;180;192m▀[0m[38;2;255;255;255m[48;2;175;179;192m▀[0m[38;2;255;255;255m[48;2;175;179;192m▀[0m[38;2;173;178;189m[48;2;173;178;189m▀[0m[38;2;173;178;189m[48;2;0;0;0m▀[0m[38;2;0;0;0m▀   
[38;2;0;0;0m▀[38;2;173;178;189m[48;2;0;0;0m▀[0m[38;2;255;251;255m[48;2;192;187;192m▀[0m[38;2;66;60;66m[48;2;255;251;255m▀[0m[38;2;126;144;164m[48;2;49;69;82m▀[0m[38;2;165;182;206m[48;2;165;182;206m▀[0m[38;2;255;255;255m[48;2;175;179;192m▀[0m[38;2;255;255;255m[48;2;255;255;255m▀[0m[38;2;255;251;255m[48;2;255;251;255m▀[0m[38;2;192;187;192m[48;2;66;60;66m▀[0m[38;2;57;65;66m[48;2;115;211;255m▀[0m[38;2;95;162;192m[48;2;115;211;255m▀[0m[38;2;0;0;0m[48;2;123;211;255m▀[0m[38;2;123;211;255m[48;2;123;211;255m▀[0m[38;2;123;211;255m[48;2;123;211;255m▀[0m[38;2;123;211;255m[48;2;123;211;255m▀[0m[38;2;87;87;90m[48;2;87;87;90m▀[0m[38;2;87;87;90m[48;2;87;87;90m▀[0m[38;2;66;65;66m[48;2;66;65;66m▀[0m[38;2;176;181;192m[48;2;176;181;192m▀[0m[38;2;176;180;192m[48;2;176;180;192m▀[0m[38;2;176;180;192m[48;2;176;180;192m▀[0m[38;2;176;181;192m[48;2;66;65;66m▀[0m[38;2;176;181;192m[48;2;66;65;66m▀[0m[38;2;0;0;0m[48;2;0;0;0m▀[0m     
 [38;2;0;0;0m▀[38;2;173;178;189m[48;2;0;0;0m▀[0m[38;2;173;178;189m[48;2;173;178;189m▀[0m[38;2;176;181;192m[48;2;176;181;192m▀[0m[38;2;176;181;192m[48;2;66;65;66m▀[0m[38;2;176;181;192m[48;2;66;65;66m▀[0m[38;2;176;181;192m[48;2;176;181;192m▀[0m[38;2;176;181;192m[48;2;176;181;192m▀[0m[38;2;66;65;66m[48;2;176;181;192m▀[0m[38;2;82;81;82m[48;2;82;81;82m▀[0m[38;2;123;211;255m[48;2;82;81;82m▀[0m[38;2;123;211;255m[48;2;85;86;90m▀[0m[38;2;123;211;255m[48;2;85;86;90m▀[0m[38;2;123;211;255m[48;2;85;86;90m▀[0m[38;2;85;86;90m[48;2;85;86;90m▀[0m[38;2;85;87;90m[48;2;255;255;255m▀[0m[38;2;85;87;90m[48;2;255;255;255m▀[0m[38;2;255;255;255m[48;2;175;179;192m▀[0m[38;2;175;179;192m[48;2;175;179;192m▀[0m[38;2;176;182;192m[48;2;176;182;192m▀[0m[38;2;66;69;66m[48;2;121;125;129m▀[0m[38;2;101;98;107m[48;2;66;60;66m▀[0m[38;2;66;60;66m[48;2;173;174;189m▀[0m[38;2;0;0;0m[48;2;0;0;0m▀[0m     
  [38;2;0;0;0m▀[38;2;173;178;189m[48;2;0;0;0m▀[0m[38;2;85;83;85m[48;2;0;0;0m▀[0m[38;2;255;251;255m[48;2;255;251;255m▀[0m[38;2;183;184;192m[48;2;183;184;192m▀[0m[38;2;57;60;66m[48;2;247;247;255m▀[0m[38;2;66;65;66m[48;2;176;181;192m▀[0m[38;2;176;181;192m[48;2;66;65;66m▀[0m[38;2;177;180;193m[48;2;177;180;193m▀[0m[38;2;123;130;140m[48;2;177;180;193m▀[0m[38;2;255;255;255m[48;2;175;179;192m▀[0m[38;2;255;255;255m[48;2;175;179;192m▀[0m[38;2;255;255;255m[48;2;175;179;192m▀[0m[38;2;255;255;255m[48;2;175;179;192m▀[0m[38;2;176;180;192m[48;2;176;180;192m▀[0m[38;2;176;180;192m[48;2;176;180;192m▀[0m[38;2;176;180;192m[48;2;176;180;192m▀[0m[38;2;176;180;192m[48;2;176;180;192m▀[0m[38;2;176;181;192m[48;2;66;65;66m▀[0m[38;2;176;181;192m[48;2;66;65;66m▀[0m[38;2;173;178;189m[48;2;0;0;0m▀[0m[38;2;0;0;0m▀      
    [38;2;0;0;0m▀[38;2;86;87;90m[48;2;0;0;0m▀[0m[38;2;172;172;177m[48;2;90;89;99m▀[0m[38;2;255;255;255m[48;2;255;255;255m▀[0m[38;2;175;179;192m[48;2;175;179;192m▀[0m[38;2;255;255;255m[48;2;255;255;255m▀[0m[38;2;66;60;66m[48;2;101;98;107m▀[0m[38;2;173;174;189m[48;2;66;60;66m▀[0m[38;2;176;180;192m[48;2;176;180;192m▀[0m[38;2;176;180;192m[48;2;176;180;192m▀[0m[38;2;176;181;192m[48;2;176;181;192m▀[0m[38;2;176;181;192m[48;2;66;65;66m▀[0m[38;2;66;65;66m[48;2;86;87;90m▀[0m[38;2;66;65;66m[48;2;86;87;90m▀[0m[38;2;173;182;189m[48;2;57;63;63m▀[0m[38;2;173;182;189m[48;2;0;4;0m▀[0m[38;2;173;178;189m[48;2;0;0;0m▀[0m[38;2;0;0;0m▀        
      [38;2;0;0;0m▀[38;2;0;0;0m▀[38;2;86;87;90m[48;2;0;0;0m▀[0m[38;2;86;87;90m[48;2;0;0;0m▀[0m[38;2;86;89;94m[48;2;0;0;0m▀[0m[38;2;173;178;189m[48;2;0;0;0m▀[0m[38;2;173;178;189m[48;2;0;0;0m▀[0m[38;2;0;0;0m▀[38;2;173;178;189m[48;2;0;0;0m▀[0m[38;2;173;178;189m[48;2;0;0;0m▀[0m[38;2;0;0;0m▀[38;2;0;0;0m▀[38;2;0;0;0m▀           
[0m
