      [38;2;0;0;0m▄[38;2;0;0;0m▄[38;2;0;0;0m[48;2;107;197;247m▀[0m[38;2;0;0;0m[48;2;107;197;247m▀[0m[38;2;0;0;0m[48;2;107;197;247m▀[0m[38;2;0;0;0m[48;2;107;197;247m▀[0m[38;2;0;0;0m▄[38;2;0;0;0m▄            
[38;2;0;0;0m▄[38;2;0;0;0m▄[38;2;0;0;0m▄ [38;2;0;0;0m▄[38;2;0;0;0m[48;2;65;65;65m▀[0m[38;2;255;255;255m[48;2;0;0;0m▀[0m[38;2;107;197;247m[48;2;107;197;247m▀[0m[38;2;107;197;247m[48;2;107;197;247m▀[0m[38;2;107;197;247m[48;2;107;197;247m▀[0m[38;2;107;197;247m[48;2;66;156;206m▀[0m[38;2;107;197;247m[48;2;107;197;247m▀[0m[38;2;107;197;247m[48;2;107;197;247m▀[0m[38;2;107;197;247m[48;2;107;197;247m▀[0m[38;2;0;0;0m[48;2;0;0;0m▀[0m           
[38;2;0;0;0m▀[38;2;206;206;206m[48;2;0;0;0m▀[0m[38;2;206;206;206m[48;2;123;123;123m▀[0m[38;2;0;0;0m[48;2;206;206;206m▀[0m[38;2;65;65;65m[48;2;206;206;206m▀[0m[38;2;123;123;123m[48;2;206;206;206m▀[0m[38;2;107;197;247m[48;2;123;123;123m▀[0m[38;2;107;197;247m[48;2;107;197;247m▀[0m[38;2;123;123;123m[48;2;107;197;247m▀[0m[38;2;107;197;247m[48;2;107;197;247m▀[0m[38;2;255;255;255m[48;2;0;0;0m▀[0m[38;2;65;65;65m[48;2;0;0;0m▀[0m[38;2;107;197;247m[48;2;107;197;247m▀[0m[38;2;107;197;247m[48;2;66;156;206m▀[0m[38;2;66;156;206m[48;2;66;156;206m▀[0m[38;2;0;0;0m[48;2;0;0;0m▀[0m    [38;2;0;0;0m▄[38;2;0;0;0m[48;2;66;156;206m▀[0m[38;2;0;0;0m[48;2;65;65;65m▀[0m[38;2;0;0;0m▄  
[38;2;0;0;0m▀[38;2;206;206;206m[48;2;0;0;0m▀[0m[38;2;206;206;206m[48;2;123;123;123m▀[0m[38;2;123;123;123m[48;2;206;206;206m▀[0m[38;2;123;123;123m[48;2;206;206;206m▀[0m[38;2;65;65;65m[48;2;65;65;65m▀[0m[38;2;247;222;165m[48;2;247;222;165m▀[0m[38;2;123;123;123m[48;2;247;222;165m▀[0m[38;2;123;123;123m[48;2;65;65;65m▀[0m[38;2;65;65;65m[48;2;255;255;255m▀[0m[38;2;65;65;65m[48;2;255;255;255m▀[0m[38;2;65;65;65m[48;2;255;255;255m▀[0m[38;2;66;156;206m[48;2;65;65;65m▀[0m[38;2;66;156;206m[48;2;65;65;65m▀[0m[38;2;66;156;206m[48;2;65;65;65m▀[0m[38;2;66;156;206m[48;2;66;156;206m▀[0m[38;2;0;0;0m[48;2;107;197;247m▀[0m[38;2;0;0;0m[48;2;65;65;65m▀[0m[38;2;0;0;0m▄[38;2;0;0;0m[48;2;66;156;206m▀[0m[38;2;66;156;206m[48;2;66;156;206m▀[0m[38;2;65;65;65m[48;2;66;156;206m▀[0m[38;2;66;156;206m[48;2;65;65;65m▀[0m[38;2;0;0;0m[48;2;65;65;65m▀[0m[38;2;0;0;0m▄ 
 [38;2;0;0;0m▀[38;2;206;206;206m[48;2;0;0;0m▀[0m[38;2;206;206;206m[48;2;0;0;0m▀[0m[38;2;65;65;65m[48;2;65;65;65m▀[0m[38;2;247;222;165m[48;2;247;222;165m▀[0m[38;2;247;222;165m[48;2;247;222;165m▀[0m[38;2;247;222;165m[48;2;247;222;165m▀[0m[38;2;65;65;65m[48;2;247;222;165m▀[0m[38;2;255;255;255m[48;2;65;65;65m▀[0m[38;2;255;255;255m[48;2;255;255;255m▀[0m[38;2;123;123;123m[48;2;255;255;255m▀[0m[38;2;255;255;255m[48;2;123;123;123m▀[0m[38;2;255;255;255m[48;2;123;123;123m▀[0m[38;2;255;255;255m[48;2;65;65;65m▀[0m[38;2;65;65;65m[48;2;65;65;65m▀[0m[38;2;107;197;247m[48;2;66;156;206m▀[0m[38;2;107;197;247m[48;2;107;197;247m▀[0m[38;2;66;156;206m[48;2;107;197;247m▀[0m[38;2;65;65;65m[48;2;66;156;206m▀[0m[38;2;66;156;206m[48;2;65;65;65m▀[0m[38;2;66;156;206m[48;2;66;156;206m▀[0m[38;2;66;156;206m[48;2;66;156;206m▀[0m[38;2;66;156;206m[48;2;0;0;0m▀[0m[38;2;66;156;206m[48;2;0;0;0m▀[0m[38;2;0;0;0m[48;2;0;0;0m▀[0m
    [38;2;0;0;0m▀[38;2;247;222;165m[48;2;0;0;0m▀[0m[38;2;247;222;165m[48;2;247;222;165m▀[0m[38;2;247;222;165m[48;2;247;222;165m▀[0m[38;2;247;222;165m[48;2;247;222;165m▀[0m[38;2;65;65;65m[48;2;247;222;165m▀[0m[38;2;255;255;255m[48;2;65;65;65m▀[0m[38;2;123;123;123m[48;2;255;255;255m▀[0m[38;2;255;255;255m[48;2;65;65;65m▀[0m[38;2;255;255;255m[48;2;65;65;65m▀[0m[38;2;65;65;65m[48;2;214;181;132m▀[0m[38;2;66;156;206m[48;2;214;181;132m▀[0m[38;2;66;156;206m[48;2;66;156;206m▀[0m[38;2;66;156;206m[48;2;214;181;132m▀[0m[38;2;66;156;206m[48;2;66;156;206m▀[0m[38;2;66;156;206m[48;2;66;156;206m▀[0m[38;2;65;65;65m[48;2;0;0;0m▀[0m[38;2;0;0;0m▀[38;2;0;0;0m▀   
   [38;2;0;0;0m▄[38;2;0;0;0m[48;2;66;156;206m▀[0m[38;2;65;65;65m[48;2;66;156;206m▀[0m[38;2;66;156;206m[48;2;65;65;65m▀[0m[38;2;247;222;165m[48;2;66;156;206m▀[0m[38;2;247;222;165m[48;2;66;156;206m▀[0m[38;2;214;181;132m[48;2;214;181;132m▀[0m[38;2;65;65;65m[48;2;214;181;132m▀[0m[38;2;65;65;65m[48;2;214;181;132m▀[0m[38;2;214;181;132m[48;2;66;156;206m▀[0m[38;2;66;156;206m[48;2;66;156;206m▀[0m[38;2;214;181;132m[48;2;66;156;206m▀[0m[38;2;214;181;132m[48;2;66;156;206m▀[0m[38;2;66;156;206m[48;2;66;156;206m▀[0m[38;2;66;156;206m[48;2;66;156;206m▀[0m[38;2;66;156;206m[48;2;66;156;206m▀[0m[38;2;0;0;0m[48;2;0;0;0m▀[0m      
    [38;2;0;0;0m▀[38;2;0;0;0m▀[38;2;0;0;0m▀[38;2;0;0;0m▀[38;2;66;156;206m[48;2;0;0;0m▀[0m[38;2;66;156;206m[48;2;0;0;0m▀[0m[38;2;66;156;206m[48;2;66;156;206m▀[0m[38;2;66;156;206m[48;2;65;65;65m▀[0m[38;2;66;156;206m[48;2;66;156;206m▀[0m[38;2;66;156;206m[48;2;107;197;247m▀[0m[38;2;66;156;206m[48;2;107;197;247m▀[0m[38;2;65;65;65m[48;2;107;197;247m▀[0m[38;2;66;156;206m[48;2;65;65;65m▀[0m[38;2;66;156;206m[48;2;0;0;0m▀[0m[38;2;0;0;0m▀       
          [38;2;0;0;0m▀[38;2;0;0;0m▀[38;2;0;0;0m▀[38;2;66;156;206m[48;2;0;0;0m▀[0m[38;2;107;197;247m[48;2;0;0;0m▀[0m[38;2;66;156;206m[48;2;0;0;0m▀[0m[38;2;107;197;247m[48;2;0;0;0m▀[0m[38;2;0;0;0m▀        
[0m
