          [38;2;0;0;0m▄[38;2;0;0;0m▄[38;2;0;0;0m[48;2;140;132;255m▀[0m[38;2;0;0;0m[48;2;0;0;0m▀[0m            
       [38;2;0;0;0m▄[38;2;0;0;0m[48;2;255;156;189m▀[0m[38;2;0;0;0m[48;2;140;132;255m▀[0m[38;2;140;132;255m[48;2;140;132;255m▀[0m[38;2;140;132;255m[48;2;0;0;0m▀[0m[38;2;0;0;0m▀             
     [38;2;0;0;0m▄[38;2;0;0;0m[48;2;255;156;189m▀[0m[38;2;255;156;189m[48;2;255;156;189m▀[0m[38;2;255;156;189m[48;2;0;0;0m▀[0m[38;2;255;156;189m[48;2;0;0;0m▀[0m[38;2;0;0;0m▀               
    [38;2;0;0;0m▄[38;2;0;0;0m[48;2;255;156;189m▀[0m[38;2;255;156;189m[48;2;214;115;156m▀[0m[38;2;0;0;0m[48;2;0;0;0m▀[0m[38;2;0;0;0m▄[38;2;0;0;0m[48;2;255;156;189m▀[0m[38;2;0;0;0m[48;2;255;156;189m▀[0m[38;2;0;0;0m[48;2;255;156;189m▀[0m[38;2;0;0;0m▄[38;2;0;0;0m▄       [38;2;0;0;0m▄[38;2;0;0;0m[48;2;65;65;65m▀[0m[38;2;0;0;0m[48;2;140;132;255m▀[0m[38;2;0;0;0m[48;2;65;65;65m▀[0m[38;2;0;0;0m▄
   [38;2;0;0;0m▄[38;2;0;0;0m[48;2;255;156;189m▀[0m[38;2;255;156;189m[48;2;255;156;189m▀[0m[38;2;255;156;189m[48;2;255;156;189m▀[0m[38;2;255;156;189m[48;2;65;65;65m▀[0m[38;2;255;156;189m[48;2;255;156;189m▀[0m[38;2;255;156;189m[48;2;255;156;189m▀[0m[38;2;255;156;189m[48;2;255;156;189m▀[0m[38;2;255;156;189m[48;2;255;156;189m▀[0m[38;2;255;156;189m[48;2;255;156;189m▀[0m[38;2;255;156;189m[48;2;255;156;189m▀[0m[38;2;0;0;0m[48;2;255;156;189m▀[0m[38;2;0;0;0m▄     [38;2;0;0;0m[48;2;0;0;0m▀[0m[38;2;115;99;206m[48;2;140;132;255m▀[0m[38;2;140;132;255m[48;2;140;132;255m▀[0m[38;2;115;99;206m[48;2;140;132;255m▀[0m[38;2;0;0;0m[48;2;0;0;0m▀[0m
 [38;2;0;0;0m▄[38;2;0;0;0m▄[38;2;0;0;0m[48;2;255;156;189m▀[0m[38;2;255;156;189m[48;2;255;156;189m▀[0m[38;2;255;156;189m[48;2;255;156;189m▀[0m[38;2;255;156;189m[48;2;255;255;255m▀[0m[38;2;255;255;255m[48;2;0;0;0m▀[0m[38;2;214;115;156m[48;2;255;255;255m▀[0m[38;2;65;65;65m[48;2;255;156;189m▀[0m[38;2;255;156;189m[48;2;255;156;189m▀[0m[38;2;255;156;189m[48;2;255;156;189m▀[0m[38;2;255;156;189m[48;2;255;156;189m▀[0m[38;2;255;156;189m[48;2;255;156;189m▀[0m[38;2;255;156;189m[48;2;255;156;189m▀[0m[38;2;0;0;0m[48;2;255;156;189m▀[0m[38;2;0;0;0m▄   [38;2;0;0;0m▄[38;2;0;0;0m[48;2;214;115;156m▀[0m[38;2;115;99;206m[48;2;65;65;65m▀[0m[38;2;140;132;255m[48;2;140;132;255m▀[0m[38;2;115;99;206m[48;2;65;65;65m▀[0m[38;2;0;0;0m[48;2;0;0;0m▀[0m
[38;2;0;0;0m▀[38;2;255;156;189m[48;2;0;0;0m▀[0m[38;2;255;156;189m[48;2;0;0;0m▀[0m[38;2;255;156;189m[48;2;0;0;0m▀[0m[38;2;255;156;189m[48;2;255;156;189m▀[0m[38;2;255;156;189m[48;2;255;156;189m▀[0m[38;2;255;255;255m[48;2;255;156;189m▀[0m[38;2;0;0;0m[48;2;255;255;255m▀[0m[38;2;255;255;255m[48;2;255;156;189m▀[0m[38;2;255;156;189m[48;2;255;156;189m▀[0m[38;2;255;156;189m[48;2;214;115;156m▀[0m[38;2;255;156;189m[48;2;214;115;156m▀[0m[38;2;255;156;189m[48;2;255;156;189m▀[0m[38;2;255;156;189m[48;2;255;156;189m▀[0m[38;2;255;156;189m[48;2;255;156;189m▀[0m[38;2;255;156;189m[48;2;255;156;189m▀[0m[38;2;0;0;0m[48;2;255;156;189m▀[0m[38;2;0;0;0m▄ [38;2;0;0;0m[48;2;0;0;0m▀[0m[38;2;214;115;156m[48;2;206;206;206m▀[0m[38;2;0;0;0m[48;2;0;0;0m▀[0m[38;2;0;0;0m▀[38;2;0;0;0m▀[38;2;0;0;0m▀ 
    [38;2;0;0;0m▀[38;2;65;65;65m[48;2;0;0;0m▀[0m[38;2;214;115;156m[48;2;0;0;0m▀[0m[38;2;255;156;189m[48;2;0;0;0m▀[0m[38;2;255;156;189m[48;2;214;115;156m▀[0m[38;2;65;65;65m[48;2;214;115;156m▀[0m[38;2;65;65;65m[48;2;65;65;65m▀[0m[38;2;115;99;206m[48;2;115;99;206m▀[0m[38;2;214;115;156m[48;2;65;65;65m▀[0m[38;2;65;65;65m[48;2;140;132;255m▀[0m[38;2;65;65;65m[48;2;140;132;255m▀[0m[38;2;255;156;189m[48;2;65;65;65m▀[0m[38;2;255;156;189m[48;2;255;156;189m▀[0m[38;2;255;156;189m[48;2;255;156;189m▀[0m[38;2;0;0;0m[48;2;214;115;156m▀[0m[38;2;214;115;156m[48;2;206;206;206m▀[0m[38;2;214;115;156m[48;2;0;0;0m▀[0m[38;2;0;0;0m▀    
        [38;2;0;0;0m▀[38;2;214;115;156m[48;2;0;0;0m▀[0m[38;2;0;0;0m▀[38;2;0;0;0m▀[38;2;0;0;0m▀[38;2;140;132;255m[48;2;0;0;0m▀[0m[38;2;140;132;255m[48;2;65;65;65m▀[0m[38;2;65;65;65m[48;2;214;115;156m▀[0m[38;2;255;156;189m[48;2;255;156;189m▀[0m[38;2;255;156;189m[48;2;255;156;189m▀[0m[38;2;255;156;189m[48;2;255;156;189m▀[0m[38;2;214;115;156m[48;2;0;0;0m▀[0m[38;2;0;0;0m▀     
              [38;2;0;0;0m▀[38;2;214;115;156m[48;2;0;0;0m▀[0m[38;2;214;115;156m[48;2;214;115;156m▀[0m[38;2;255;156;189m[48;2;214;115;156m▀[0m[38;2;255;156;189m[48;2;0;0;0m▀[0m[38;2;0;0;0m▀      
                [38;2;0;0;0m▀[38;2;0;0;0m▀        
[0m
