         [38;2;0;0;0m▄[38;2;0;0;0m[48;2;255;247;115m▀[0m[38;2;0;0;0m[48;2;206;189;58m▀[0m[38;2;0;0;0m▄         
       [38;2;0;0;0m▄[38;2;0;0;0m[48;2;65;65;65m▀[0m[38;2;65;65;65m[48;2;107;173;156m▀[0m[38;2;65;65;65m[48;2;65;65;65m▀[0m[38;2;255;247;115m[48;2;255;247;115m▀[0m[38;2;0;0;0m[48;2;206;189;58m▀[0m[38;2;0;0;0m▄        
   [38;2;0;0;0m▄[38;2;0;0;0m▄[38;2;0;0;0m[48;2;206;189;58m▀[0m[38;2;0;0;0m[48;2;206;189;58m▀[0m[38;2;165;140;49m[48;2;165;140;49m▀[0m[38;2;65;65;65m[48;2;65;65;65m▀[0m[38;2;107;173;156m[48;2;107;173;156m▀[0m[38;2;65;65;65m[48;2;65;65;65m▀[0m[38;2;255;247;115m[48;2;255;247;115m▀[0m[38;2;255;247;115m[48;2;255;247;115m▀[0m[38;2;0;0;0m[48;2;165;140;49m▀[0m[38;2;0;0;0m▄       
[38;2;65;65;65m▄[38;2;65;65;65m[48;2;107;173;156m▀[0m[38;2;0;0;0m[48;2;65;65;65m▀[0m[38;2;206;189;58m[48;2;0;0;0m▀[0m[38;2;206;189;58m[48;2;206;189;58m▀[0m[38;2;206;189;58m[48;2;206;189;58m▀[0m[38;2;206;189;58m[48;2;206;189;58m▀[0m[38;2;255;247;115m[48;2;255;247;115m▀[0m[38;2;65;65;65m[48;2;255;247;115m▀[0m[38;2;65;65;65m[48;2;255;247;115m▀[0m[38;2;255;247;115m[48;2;255;247;115m▀[0m[38;2;255;247;115m[48;2;255;247;115m▀[0m[38;2;165;140;49m[48;2;255;247;115m▀[0m[38;2;255;247;115m[48;2;255;247;115m▀[0m[38;2;255;247;115m[48;2;255;247;115m▀[0m[38;2;0;0;0m[48;2;255;247;115m▀[0m[38;2;0;0;0m▄[38;2;0;0;0m▄    
[38;2;65;65;65m[48;2;65;65;65m▀[0m[38;2;107;173;156m[48;2;107;173;156m▀[0m[38;2;65;65;65m[48;2;65;65;65m▀[0m[38;2;0;0;0m▄[38;2;0;0;0m[48;2;206;189;58m▀[0m[38;2;206;189;58m[48;2;206;189;58m▀[0m[38;2;165;140;49m[48;2;0;0;0m▀[0m[38;2;206;189;58m[48;2;230;230;230m▀[0m[38;2;255;247;115m[48;2;165;140;49m▀[0m[38;2;255;247;115m[48;2;165;140;49m▀[0m[38;2;165;140;49m[48;2;230;230;230m▀[0m[38;2;206;189;58m[48;2;230;230;230m▀[0m[38;2;255;247;115m[48;2;206;189;58m▀[0m[38;2;255;247;115m[48;2;255;247;115m▀[0m[38;2;255;247;115m[48;2;255;247;115m▀[0m[38;2;255;247;115m[48;2;255;247;115m▀[0m[38;2;255;247;115m[48;2;255;247;115m▀[0m[38;2;165;140;49m[48;2;255;247;115m▀[0m[38;2;0;0;0m[48;2;65;65;65m▀[0m[38;2;0;0;0m▄  
[38;2;65;65;65m▀[38;2;65;65;65m▀ [38;2;0;0;0m▀[38;2;206;189;58m[48;2;0;0;0m▀[0m[38;2;165;140;49m[48;2;0;0;0m▀[0m[38;2;65;65;65m[48;2;230;230;230m▀[0m[38;2;230;230;230m[48;2;230;230;230m▀[0m[38;2;230;230;230m[48;2;230;230;230m▀[0m[38;2;230;230;230m[48;2;230;230;230m▀[0m[38;2;0;0;0m[48;2;65;65;65m▀[0m[38;2;230;230;230m[48;2;230;230;230m▀[0m[38;2;165;140;49m[48;2;165;140;49m▀[0m[38;2;255;247;115m[48;2;255;247;115m▀[0m[38;2;165;140;49m[48;2;165;140;49m▀[0m[38;2;255;247;115m[48;2;0;0;0m▀[0m[38;2;206;189;58m[48;2;0;0;0m▀[0m[38;2;65;65;65m[48;2;65;65;65m▀[0m[38;2;107;173;156m[48;2;107;173;156m▀[0m[38;2;65;65;65m[48;2;65;65;65m▀[0m  
      [38;2;0;0;0m[48;2;0;0;0m▀[0m[38;2;230;230;230m[48;2;65;65;65m▀[0m[38;2;65;65;65m[48;2;181;181;173m▀[0m[38;2;230;230;230m[48;2;230;230;230m▀[0m[38;2;230;230;230m[48;2;230;230;230m▀[0m[38;2;230;230;230m[48;2;181;181;173m▀[0m[38;2;230;230;230m[48;2;65;65;65m▀[0m[38;2;65;65;65m[48;2;65;65;65m▀[0m[38;2;0;0;0m[48;2;206;189;58m▀[0m[38;2;0;0;0m▄[38;2;0;0;0m▄[38;2;65;65;65m[48;2;65;65;65m▀[0m[38;2;107;173;156m[48;2;65;65;65m▀[0m[38;2;65;65;65m▀  
   [38;2;0;0;0m▄[38;2;0;0;0m[48;2;206;189;58m▀[0m[38;2;0;0;0m[48;2;206;189;58m▀[0m[38;2;206;189;58m[48;2;206;189;58m▀[0m[38;2;206;189;58m[48;2;65;65;65m▀[0m[38;2;65;65;65m[48;2;230;230;230m▀[0m[38;2;65;65;65m[48;2;0;0;0m▀[0m[38;2;181;181;173m[48;2;230;230;230m▀[0m[38;2;230;230;230m[48;2;230;230;230m▀[0m[38;2;230;230;230m[48;2;65;65;65m▀[0m[38;2;181;181;173m[48;2;230;230;230m▀[0m[38;2;65;65;65m[48;2;230;230;230m▀[0m[38;2;206;189;58m[48;2;65;65;65m▀[0m[38;2;206;189;58m[48;2;206;189;58m▀[0m[38;2;0;0;0m[48;2;255;247;115m▀[0m[38;2;0;0;0m[48;2;255;247;115m▀[0m[38;2;0;0;0m▄[38;2;0;0;0m▄ 
    [38;2;0;0;0m▀[38;2;206;189;58m[48;2;0;0;0m▀[0m[38;2;206;189;58m[48;2;0;0;0m▀[0m[38;2;0;0;0m▀[38;2;0;0;0m▀ [38;2;0;0;0m▀[38;2;181;181;173m[48;2;0;0;0m▀[0m[38;2;181;181;173m[48;2;0;0;0m▀[0m[38;2;0;0;0m▀[38;2;65;65;65m[48;2;0;0;0m▀[0m[38;2;206;189;58m[48;2;255;247;115m▀[0m[38;2;255;247;115m[48;2;255;247;115m▀[0m[38;2;255;247;115m[48;2;206;189;58m▀[0m[38;2;255;247;115m[48;2;255;247;115m▀[0m[38;2;255;247;115m[48;2;255;247;115m▀[0m[38;2;255;247;115m[48;2;0;0;0m▀[0m[38;2;0;0;0m▀
               [38;2;0;0;0m▀[38;2;255;247;115m[48;2;0;0;0m▀[0m[38;2;255;247;115m[48;2;0;0;0m▀[0m[38;2;0;0;0m▀[38;2;0;0;0m▀  
[0m
