        [38;2;0;0;0m▄[38;2;0;0;0m[48;2;115;115;115m▀[0m[38;2;0;0;0m[48;2;0;0;0m▀[0m      
       [38;2;0;0;0m[48;2;0;0;0m▀[0m[38;2;115;115;115m[48;2;65;65;65m▀[0m[38;2;115;115;115m[48;2;65;65;65m▀[0m[38;2;0;0;0m[48;2;0;0;0m▀[0m      
    [38;2;0;0;0m▄[38;2;0;0;0m▄[38;2;0;0;0m[48;2;65;65;65m▀[0m[38;2;0;0;0m[48;2;115;115;115m▀[0m[38;2;115;115;115m[48;2;65;65;65m▀[0m[38;2;115;115;115m[48;2;65;65;65m▀[0m[38;2;0;0;0m[48;2;115;115;115m▀[0m[38;2;0;0;0m▄     
 [38;2;0;0;0m▄[38;2;0;0;0m[48;2;99;181;74m▀[0m[38;2;0;0;0m[48;2;99;181;74m▀[0m[38;2;99;181;74m[48;2;99;181;74m▀[0m[38;2;99;181;74m[48;2;99;181;74m▀[0m[38;2;99;181;74m[48;2;65;65;65m▀[0m[38;2;65;65;65m[48;2;115;115;115m▀[0m[38;2;115;115;115m[48;2;65;65;65m▀[0m[38;2;115;115;115m[48;2;65;65;65m▀[0m[38;2;65;65;65m[48;2;65;65;65m▀[0m[38;2;0;0;0m[48;2;115;115;115m▀[0m[38;2;0;0;0m▄    
  [38;2;0;0;0m▀[38;2;99;181;74m[48;2;0;0;0m▀[0m[38;2;99;181;74m[48;2;65;65;65m▀[0m[38;2;65;65;65m[48;2;115;115;115m▀[0m[38;2;115;115;115m[48;2;115;115;115m▀[0m[38;2;115;115;115m[48;2;115;115;115m▀[0m[38;2;115;115;115m[48;2;115;115;115m▀[0m[38;2;65;65;65m[48;2;65;65;65m▀[0m[38;2;99;181;74m[48;2;99;181;74m▀[0m[38;2;65;65;65m[48;2;99;181;74m▀[0m[38;2;0;0;0m[48;2;99;181;74m▀[0m[38;2;0;0;0m▄   
  [38;2;0;0;0m▄[38;2;0;0;0m[48;2;65;65;65m▀[0m[38;2;247;230;41m[48;2;115;115;115m▀[0m[38;2;115;115;115m[48;2;65;65;65m▀[0m[38;2;115;115;115m[48;2;115;115;115m▀[0m[38;2;115;115;115m[48;2;115;115;115m▀[0m[38;2;115;115;115m[48;2;115;115;115m▀[0m[38;2;65;65;65m[48;2;247;230;41m▀[0m[38;2;99;181;74m[48;2;65;65;65m▀[0m[38;2;99;181;74m[48;2;99;181;74m▀[0m[38;2;99;181;74m[48;2;99;181;74m▀[0m[38;2;0;0;0m[48;2;99;181;74m▀[0m[38;2;0;0;0m▄  
 [38;2;0;0;0m[48;2;0;0;0m▀[0m[38;2;99;181;74m[48;2;99;181;74m▀[0m[38;2;99;181;74m[48;2;99;181;74m▀[0m[38;2;115;115;115m[48;2;0;0;0m▀[0m[38;2;0;0;0m[48;2;115;115;115m▀[0m[38;2;65;65;65m[48;2;115;115;115m▀[0m[38;2;115;115;115m[48;2;115;115;115m▀[0m[38;2;115;115;115m[48;2;115;115;115m▀[0m[38;2;0;0;0m[48;2;247;230;41m▀[0m[38;2;189;165;90m[48;2;115;115;115m▀[0m[38;2;65;65;65m[48;2;115;115;115m▀[0m[38;2;65;65;65m[48;2;65;65;65m▀[0m[38;2;65;65;65m[48;2;82;132;74m▀[0m[38;2;0;0;0m[48;2;65;65;65m▀[0m[38;2;0;0;0m▄ 
[38;2;0;0;0m[48;2;0;0;0m▀[0m[38;2;99;181;74m[48;2;0;0;0m▀[0m[38;2;99;181;74m[48;2;65;65;65m▀[0m[38;2;65;65;65m[48;2;99;181;74m▀[0m[38;2;99;181;74m[48;2;99;181;74m▀[0m[38;2;0;0;0m[48;2;65;65;65m▀[0m[38;2;65;65;65m[48;2;99;181;74m▀[0m[38;2;115;115;115m[48;2;65;65;65m▀[0m[38;2;115;115;115m[48;2;65;65;65m▀[0m[38;2;65;65;65m[48;2;99;181;74m▀[0m[38;2;65;65;65m[48;2;99;181;74m▀[0m[38;2;65;65;65m[48;2;65;65;65m▀[0m[38;2;82;132;74m[48;2;65;65;65m▀[0m[38;2;82;132;74m[48;2;82;132;74m▀[0m[38;2;82;132;74m[48;2;82;132;74m▀[0m[38;2;0;0;0m[48;2;82;132;74m▀[0m[38;2;0;0;0m▄
 [38;2;0;0;0m▄[38;2;0;0;0m[48;2;65;65;65m▀[0m[38;2;99;181;74m[48;2;65;65;65m▀[0m[38;2;99;181;74m[48;2;99;181;74m▀[0m[38;2;65;65;65m[48;2;65;65;65m▀[0m[38;2;99;181;74m[48;2;82;132;74m▀[0m[38;2;99;181;74m[48;2;99;181;74m▀[0m[38;2;65;65;65m[48;2;99;181;74m▀[0m[38;2;99;181;74m[48;2;65;65;65m▀[0m[38;2;99;181;74m[48;2;99;181;74m▀[0m[38;2;99;181;74m[48;2;99;181;74m▀[0m[38;2;99;181;74m[48;2;99;181;74m▀[0m[38;2;65;65;65m[48;2;65;65;65m▀[0m[38;2;0;0;0m[48;2;0;0;0m▀[0m[38;2;0;0;0m▀ 
 [38;2;0;0;0m[48;2;0;0;0m▀[0m[38;2;189;165;90m[48;2;0;0;0m▀[0m[38;2;0;0;0m▀[38;2;0;0;0m[48;2;0;0;0m▀[0m[38;2;82;132;74m[48;2;82;132;74m▀[0m[38;2;65;65;65m[48;2;82;132;74m▀[0m[38;2;99;181;74m[48;2;65;65;65m▀[0m[38;2;99;181;74m[48;2;65;65;65m▀[0m[38;2;65;65;65m[48;2;65;65;65m▀[0m[38;2;65;65;65m[48;2;189;165;90m▀[0m[38;2;99;181;74m[48;2;65;65;65m▀[0m[38;2;99;181;74m[48;2;0;0;0m▀[0m[38;2;0;0;0m▀   
     [38;2;0;0;0m▀[38;2;82;132;74m[48;2;0;0;0m▀[0m[38;2;0;0;0m▀[38;2;82;132;74m[48;2;0;0;0m▀[0m[38;2;82;132;74m[48;2;0;0;0m▀[0m[38;2;0;0;0m▀[38;2;189;165;90m[48;2;0;0;0m▀[0m[38;2;0;0;0m[48;2;0;0;0m▀[0m    
[0m
