    [38;2;0;0;0m▄[38;2;0;0;0m▄[38;2;0;0;0m[48;2;247;148;41m▀[0m[38;2;0;0;0m[48;2;247;148;41m▀[0m[38;2;0;0;0m[48;2;0;0;0m▀[0m                
  [38;2;0;0;0m▄[38;2;0;0;0m[48;2;189;189;189m▀[0m[38;2;255;255;255m[48;2;255;255;255m▀[0m[38;2;247;148;41m[48;2;255;255;255m▀[0m[38;2;247;148;41m[48;2;65;65;65m▀[0m[38;2;0;0;0m[48;2;0;0;0m▀[0m  [38;2;0;0;0m▄[38;2;0;0;0m▄[38;2;0;0;0m[48;2;247;148;41m▀[0m[38;2;0;0;0m[48;2;247;148;41m▀[0m[38;2;0;0;0m[48;2;0;0;0m▀[0m          
  [38;2;0;0;0m[48;2;0;0;0m▀[0m[38;2;255;255;255m[48;2;255;255;255m▀[0m[38;2;255;255;255m[48;2;255;255;255m▀[0m[38;2;255;255;255m[48;2;65;65;65m▀[0m[38;2;0;0;0m[48;2;65;65;65m▀[0m[38;2;0;0;0m▄[38;2;0;0;0m▄[38;2;0;0;0m[48;2;255;255;255m▀[0m[38;2;247;148;41m[48;2;255;255;255m▀[0m[38;2;247;148;41m[48;2;247;148;41m▀[0m[38;2;247;148;41m[48;2;247;148;41m▀[0m[38;2;247;148;41m[48;2;0;0;0m▀[0m[38;2;0;0;0m▀    [38;2;0;0;0m▄[38;2;0;0;0m[48;2;247;148;41m▀[0m[38;2;0;0;0m[48;2;247;148;41m▀[0m[38;2;0;0;0m▄[38;2;0;0;0m▄ 
 [38;2;0;0;0m▄[38;2;0;0;0m[48;2;189;189;189m▀[0m[38;2;255;255;255m[48;2;132;132;115m▀[0m[38;2;65;65;65m[48;2;132;132;115m▀[0m[38;2;132;132;115m[48;2;132;132;115m▀[0m[38;2;132;132;115m[48;2;132;132;115m▀[0m[38;2;65;65;65m[48;2;255;255;255m▀[0m[38;2;255;255;255m[48;2;255;255;255m▀[0m[38;2;255;255;255m[48;2;255;255;255m▀[0m[38;2;255;255;255m[48;2;189;189;189m▀[0m[38;2;255;255;255m[48;2;0;0;0m▀[0m[38;2;247;148;41m[48;2;0;0;0m▀[0m[38;2;0;0;0m▀[38;2;0;0;0m▄[38;2;0;0;0m▄[38;2;0;0;0m[48;2;247;239;107m▀[0m[38;2;0;0;0m[48;2;247;239;107m▀[0m[38;2;0;0;0m[48;2;247;239;107m▀[0m[38;2;247;239;107m[48;2;247;239;107m▀[0m[38;2;247;239;107m[48;2;247;239;107m▀[0m[38;2;65;65;65m[48;2;247;239;107m▀[0m[38;2;247;148;41m[48;2;247;239;107m▀[0m[38;2;247;148;41m[48;2;65;65;65m▀[0m[38;2;0;0;0m[48;2;0;0;0m▀[0m
[38;2;0;0;0m▄[38;2;0;0;0m[48;2;189;189;189m▀[0m[38;2;132;132;115m[48;2;132;132;115m▀[0m[38;2;132;132;115m[48;2;132;132;115m▀[0m[38;2;132;132;115m[48;2;132;132;115m▀[0m[38;2;132;132;115m[48;2;255;255;255m▀[0m[38;2;255;255;255m[48;2;247;148;41m▀[0m[38;2;255;255;255m[48;2;247;148;41m▀[0m[38;2;65;65;65m[48;2;132;132;115m▀[0m[38;2;65;65;65m[48;2;132;132;115m▀[0m[38;2;0;0;0m[48;2;0;0;0m▀[0m [38;2;0;0;0m▄[38;2;0;0;0m[48;2;247;239;107m▀[0m[38;2;247;239;107m[48;2;247;239;107m▀[0m[38;2;247;239;107m[48;2;247;239;107m▀[0m[38;2;247;239;107m[48;2;247;239;107m▀[0m[38;2;247;239;107m[48;2;247;239;107m▀[0m[38;2;247;239;107m[48;2;247;239;107m▀[0m[38;2;247;239;107m[48;2;247;239;107m▀[0m[38;2;247;239;107m[48;2;247;239;107m▀[0m[38;2;247;239;107m[48;2;247;239;107m▀[0m[38;2;65;65;65m[48;2;247;239;107m▀[0m[38;2;247;148;41m[48;2;247;148;41m▀[0m[38;2;0;0;0m[48;2;0;0;0m▀[0m
[38;2;0;0;0m[48;2;0;0;0m▀[0m[38;2;132;132;115m[48;2;132;132;115m▀[0m[38;2;132;132;115m[48;2;65;65;65m▀[0m[38;2;132;132;115m[48;2;132;132;115m▀[0m[38;2;132;132;115m[48;2;255;255;255m▀[0m[38;2;255;255;255m[48;2;247;148;41m▀[0m[38;2;0;0;0m[48;2;0;0;0m▀[0m[38;2;247;148;41m[48;2;247;148;41m▀[0m[38;2;132;132;115m[48;2;132;132;115m▀[0m[38;2;132;132;115m[48;2;132;132;115m▀[0m[38;2;0;0;0m[48;2;65;65;65m▀[0m[38;2;0;0;0m[48;2;247;148;41m▀[0m[38;2;247;239;107m[48;2;247;148;41m▀[0m[38;2;247;197;74m[48;2;247;148;41m▀[0m[38;2;247;148;41m[48;2;247;148;41m▀[0m[38;2;247;148;41m[48;2;247;148;41m▀[0m[38;2;247;148;41m[48;2;247;197;74m▀[0m[38;2;247;239;107m[48;2;247;239;107m▀[0m[38;2;247;239;107m[48;2;247;239;107m▀[0m[38;2;247;239;107m[48;2;247;239;107m▀[0m[38;2;247;239;107m[48;2;0;0;0m▀[0m[38;2;0;0;0m▀[38;2;0;0;0m▀[38;2;0;0;0m▀ 
 [38;2;0;0;0m[48;2;0;0;0m▀[0m[38;2;132;132;115m[48;2;132;132;115m▀[0m[38;2;132;132;115m[48;2;65;65;65m▀[0m[38;2;189;189;189m[48;2;0;0;0m▀[0m[38;2;247;148;41m[48;2;0;0;0m▀[0m[38;2;247;148;41m[48;2;65;65;65m▀[0m[38;2;132;132;115m[48;2;65;65;65m▀[0m[38;2;132;132;115m[48;2;255;255;255m▀[0m[38;2;65;65;65m[48;2;189;189;189m▀[0m[38;2;214;99;66m[48;2;65;65;65m▀[0m[38;2;247;148;41m[48;2;65;65;65m▀[0m[38;2;247;148;41m[48;2;189;165;66m▀[0m[38;2;247;148;41m[48;2;247;239;107m▀[0m[38;2;247;148;41m[48;2;247;239;107m▀[0m[38;2;247;197;74m[48;2;247;239;107m▀[0m[38;2;247;239;107m[48;2;65;65;65m▀[0m[38;2;247;239;107m[48;2;0;0;0m▀[0m[38;2;189;165;66m[48;2;0;0;0m▀[0m[38;2;0;0;0m▀     
  [38;2;0;0;0m▀[38;2;0;0;0m▀ [38;2;0;0;0m[48;2;0;0;0m▀[0m[38;2;214;99;66m[48;2;214;99;66m▀[0m[38;2;65;65;65m[48;2;214;99;66m▀[0m[38;2;189;189;189m[48;2;65;65;65m▀[0m[38;2;255;255;255m[48;2;65;65;65m▀[0m[38;2;65;65;65m[48;2;65;65;65m▀[0m[38;2;214;99;66m[48;2;189;165;66m▀[0m[38;2;65;65;65m[48;2;214;99;66m▀[0m[38;2;65;65;65m[48;2;214;99;66m▀[0m[38;2;65;65;65m[48;2;189;165;66m▀[0m[38;2;65;65;65m[48;2;189;165;66m▀[0m[38;2;0;0;0m[48;2;65;65;65m▀[0m[38;2;0;0;0m▄       
    [38;2;0;0;0m[48;2;0;0;0m▀[0m[38;2;189;189;189m[48;2;0;0;0m▀[0m[38;2;65;65;65m[48;2;0;0;0m▀[0m[38;2;214;99;66m[48;2;65;65;65m▀[0m[38;2;214;99;66m[48;2;255;255;255m▀[0m[38;2;214;99;66m[48;2;65;65;65m▀[0m[38;2;65;65;65m[48;2;0;0;0m▀[0m[38;2;0;0;0m▀[38;2;189;165;66m[48;2;0;0;0m▀[0m[38;2;189;165;66m[48;2;0;0;0m▀[0m[38;2;189;165;66m[48;2;214;99;66m▀[0m[38;2;65;65;65m[48;2;214;99;66m▀[0m[38;2;214;99;66m[48;2;0;0;0m▀[0m[38;2;0;0;0m▀       
       [38;2;0;0;0m[48;2;0;0;0m▀[0m[38;2;65;65;65m[48;2;0;0;0m▀[0m[38;2;0;0;0m▀[38;2;65;65;65m[48;2;0;0;0m▀[0m[38;2;0;0;0m[48;2;0;0;0m▀[0m  [38;2;0;0;0m▀[38;2;0;0;0m▀         
[0m
