       [38;2;0;0;0m[48;2;0;0;0m▀[0m[38;2;0;0;0m[48;2;0;0;0m▀[0m    [38;2;0;0;0m▄[38;2;0;0;0m▄          
 [38;2;0;0;0m▄[38;2;0;0;0m▄   [38;2;0;0;0m[48;2;0;0;0m▀[0m     [38;2;0;0;0m▄[38;2;0;0;0m▀[38;2;0;0;0m▀          
[38;2;0;0;0m[48;2;0;0;0m▀[0m[38;2;189;197;239m[48;2;189;197;239m▀[0m[38;2;189;197;239m[48;2;189;197;239m▀[0m[38;2;0;0;0m[48;2;189;197;239m▀[0m[38;2;0;0;0m▄[38;2;0;0;0m[48;2;247;148;41m▀[0m[38;2;0;0;0m[48;2;247;148;41m▀[0m[38;2;0;0;0m[48;2;65;65;65m▀[0m[38;2;0;0;0m[48;2;189;165;66m▀[0m[38;2;0;0;0m[48;2;189;165;66m▀[0m[38;2;0;0;0m▄[38;2;0;0;0m▄[38;2;0;0;0m[48;2;0;0;0m▀[0m[38;2;0;0;0m▄[38;2;0;0;0m▄[38;2;0;0;0m▄         
 [38;2;0;0;0m[48;2;0;0;0m▀[0m[38;2;189;197;239m[48;2;65;65;65m▀[0m[38;2;65;65;65m[48;2;247;148;41m▀[0m[38;2;247;148;41m[48;2;0;0;0m▀[0m[38;2;247;247;41m[48;2;247;247;41m▀[0m[38;2;247;247;41m[48;2;247;247;41m▀[0m[38;2;247;148;41m[48;2;0;0;0m▀[0m[38;2;65;65;65m[48;2;247;148;41m▀[0m[38;2;189;165;66m[48;2;65;65;65m▀[0m[38;2;65;65;65m[48;2;247;148;41m▀[0m[38;2;247;148;41m[48;2;247;247;41m▀[0m[38;2;247;148;41m[48;2;247;247;41m▀[0m[38;2;65;65;65m[48;2;247;148;41m▀[0m[38;2;247;247;41m[48;2;65;65;65m▀[0m[38;2;247;247;41m[48;2;247;247;41m▀[0m[38;2;0;0;0m[48;2;247;247;41m▀[0m[38;2;0;0;0m▄ [38;2;0;0;0m▄[38;2;0;0;0m[48;2;156;156;156m▀[0m[38;2;0;0;0m[48;2;230;247;255m▀[0m[38;2;0;0;0m[48;2;230;247;255m▀[0m[38;2;0;0;0m[48;2;156;156;156m▀[0m[38;2;0;0;0m▄
  [38;2;0;0;0m▀[38;2;247;148;41m[48;2;0;0;0m▀[0m[38;2;247;247;41m[48;2;247;148;41m▀[0m[38;2;214;197;82m[48;2;247;247;41m▀[0m[38;2;214;197;82m[48;2;247;247;41m▀[0m[38;2;247;247;41m[48;2;247;148;41m▀[0m[38;2;65;65;65m[48;2;65;65;65m▀[0m[38;2;247;148;41m[48;2;247;148;41m▀[0m[38;2;0;0;0m[48;2;247;247;41m▀[0m[38;2;247;247;41m[48;2;214;197;82m▀[0m[38;2;247;247;41m[48;2;214;197;82m▀[0m[38;2;0;0;0m[48;2;247;247;41m▀[0m[38;2;247;148;41m[48;2;247;148;41m▀[0m[38;2;65;65;65m[48;2;65;65;65m▀[0m[38;2;214;197;82m[48;2;189;165;66m▀[0m[38;2;214;197;82m[48;2;65;65;65m▀[0m[38;2;0;0;0m[48;2;230;247;255m▀[0m[38;2;230;247;255m[48;2;230;247;255m▀[0m[38;2;230;247;255m[48;2;230;247;255m▀[0m[38;2;230;247;255m[48;2;230;247;255m▀[0m[38;2;230;247;255m[48;2;230;247;255m▀[0m[38;2;230;247;255m[48;2;0;0;0m▀[0m[38;2;0;0;0m▀
    [38;2;0;0;0m▀[38;2;247;148;41m[48;2;0;0;0m▀[0m[38;2;247;148;41m[48;2;65;65;65m▀[0m[38;2;65;65;65m[48;2;247;148;41m▀[0m[38;2;65;65;65m[48;2;230;90;66m▀[0m[38;2;65;65;65m[48;2;230;90;66m▀[0m[38;2;247;148;41m[48;2;65;65;65m▀[0m[38;2;247;247;41m[48;2;247;148;41m▀[0m[38;2;247;247;41m[48;2;247;148;41m▀[0m[38;2;247;148;41m[48;2;65;65;65m▀[0m[38;2;65;65;65m[48;2;189;165;66m▀[0m[38;2;189;165;66m[48;2;189;165;66m▀[0m[38;2;189;165;66m[48;2;0;0;0m▀[0m[38;2;0;0;0m[48;2;0;0;0m▀[0m[38;2;0;0;0m▀[38;2;230;247;255m[48;2;0;0;0m▀[0m[38;2;230;247;255m[48;2;0;0;0m▀[0m[38;2;156;156;156m[48;2;0;0;0m▀[0m[38;2;0;0;0m▀  
     [38;2;0;0;0m[48;2;0;0;0m▀[0m[38;2;247;148;41m[48;2;247;148;41m▀[0m[38;2;247;247;41m[48;2;0;0;0m▀[0m[38;2;230;90;66m[48;2;247;247;41m▀[0m[38;2;247;247;41m[48;2;247;247;41m▀[0m[38;2;247;148;41m[48;2;0;0;0m▀[0m[38;2;65;65;65m[48;2;247;148;41m▀[0m[38;2;65;65;65m[48;2;65;65;65m▀[0m[38;2;189;165;66m[48;2;189;165;66m▀[0m[38;2;189;165;66m[48;2;65;65;65m▀[0m[38;2;65;65;65m[48;2;65;65;65m▀[0m[38;2;0;0;0m[48;2;189;165;66m▀[0m[38;2;0;0;0m▄       
     [38;2;0;0;0m▀[38;2;247;148;41m[48;2;0;0;0m▀[0m[38;2;247;247;41m[48;2;247;148;41m▀[0m[38;2;214;197;82m[48;2;247;247;41m▀[0m[38;2;214;197;82m[48;2;247;247;41m▀[0m[38;2;247;247;41m[48;2;247;148;41m▀[0m[38;2;247;148;41m[48;2;65;65;65m▀[0m[38;2;65;65;65m[48;2;189;165;66m▀[0m[38;2;189;165;66m[48;2;189;165;66m▀[0m[38;2;65;65;65m[48;2;65;65;65m▀[0m[38;2;65;65;65m[48;2;189;165;66m▀[0m[38;2;189;165;66m[48;2;0;0;0m▀[0m[38;2;0;0;0m▀       
       [38;2;0;0;0m▀[38;2;247;148;41m[48;2;0;0;0m▀[0m[38;2;247;148;41m[48;2;0;0;0m▀[0m[38;2;65;65;65m[48;2;0;0;0m▀[0m[38;2;189;165;66m[48;2;0;0;0m▀[0m[38;2;189;165;66m[48;2;0;0;0m▀[0m[38;2;65;65;65m[48;2;0;0;0m▀[0m[38;2;0;0;0m▀[38;2;0;0;0m▀         
[0m
