           [38;2;0;0;0m▄[38;2;0;0;0m[48;2;189;190;189m▀[0m[38;2;0;0;0m[48;2;189;190;189m▀[0m[38;2;0;0;0m▄                 
      [38;2;0;0;0m▄[38;2;0;0;0m[48;2;66;65;66m▀[0m[38;2;0;0;0m[48;2;66;65;66m▀[0m[38;2;0;4;16m▄[38;2;0;4;16m▄[38;2;0;0;0m[48;2;189;190;189m▀[0m[38;2;189;190;189m[48;2;189;190;189m▀[0m[38;2;189;190;189m[48;2;189;190;189m▀[0m[38;2;189;190;189m[48;2;189;190;189m▀[0m[38;2;0;0;0m[48;2;0;0;0m▀[0m     [38;2;0;0;0m▄[38;2;0;0;0m▄     [38;2;0;0;0m▄[38;2;8;4;0m▄[38;2;8;4;0m▄ 
     [38;2;0;0;0m[48;2;0;0;0m▀[0m[38;2;66;65;66m[48;2;66;65;66m▀[0m[38;2;66;65;66m[48;2;192;159;38m▀[0m[38;2;192;159;38m[48;2;192;159;38m▀[0m[38;2;198;162;49m[48;2;192;159;38m▀[0m[38;2;66;56;27m[48;2;192;159;38m▀[0m[38;2;66;65;66m[48;2;214;117;49m▀[0m[38;2;189;190;189m[48;2;66;65;66m▀[0m[38;2;189;190;189m[48;2;66;65;66m▀[0m[38;2;66;65;66m[48;2;214;117;49m▀[0m[38;2;66;65;66m[48;2;192;159;38m▀[0m[38;2;0;0;0m[48;2;192;159;38m▀[0m[38;2;0;0;16m▄[38;2;0;0;16m▄[38;2;0;0;0m[48;2;120;113;104m▀[0m[38;2;0;0;0m[48;2;120;113;104m▀[0m[38;2;120;113;104m[48;2;120;113;104m▀[0m[38;2;120;113;104m[48;2;120;113;104m▀[0m[38;2;0;0;0m[48;2;120;117;112m▀[0m[38;2;0;4;8m▄[38;2;8;8;8m▄[38;2;0;0;0m[48;2;231;255;255m▀[0m[38;2;0;0;0m[48;2;189;189;189m▀[0m[38;2;189;190;189m[48;2;222;247;255m▀[0m[38;2;239;255;255m[48;2;189;189;189m▀[0m[38;2;162;171;170m[48;2;222;247;255m▀[0m[38;2;0;0;0m[48;2;0;0;0m▀[0m
      [38;2;0;0;0m▀[38;2;192;159;38m[48;2;0;0;0m▀[0m[38;2;192;159;38m[48;2;189;158;41m▀[0m[38;2;192;159;38m[48;2;192;159;38m▀[0m[38;2;192;159;38m[48;2;66;65;66m▀[0m[38;2;66;65;66m[48;2;231;77;57m▀[0m[38;2;214;117;49m[48;2;231;77;57m▀[0m[38;2;214;117;49m[48;2;173;66;57m▀[0m[38;2;66;65;66m[48;2;173;66;57m▀[0m[38;2;192;159;38m[48;2;66;65;66m▀[0m[38;2;66;65;66m[48;2;255;211;49m▀[0m[38;2;82;70;29m[48;2;252;211;46m▀[0m[38;2;247;211;57m[48;2;252;211;46m▀[0m[38;2;120;113;104m[48;2;247;207;41m▀[0m[38;2;120;113;104m[48;2;115;109;99m▀[0m[38;2;120;113;104m[48;2;118;113;104m▀[0m[38;2;120;113;104m[48;2;66;65;66m▀[0m[38;2;60;60;60m[48;2;66;65;66m▀[0m[38;2;60;60;60m[48;2;66;65;66m▀[0m[38;2;231;255;255m[48;2;189;189;189m▀[0m[38;2;156;172;172m[48;2;222;247;255m▀[0m[38;2;222;247;255m[48;2;189;189;189m▀[0m[38;2;189;189;189m[48;2;222;247;255m▀[0m[38;2;222;247;255m[48;2;162;171;170m▀[0m[38;2;189;189;189m[48;2;8;4;0m▀[0m[38;2;0;0;0m▀
        [38;2;0;0;0m[48;2;0;0;0m▀[0m[38;2;192;159;38m[48;2;77;37;38m▀[0m[38;2;66;65;66m[48;2;231;81;66m▀[0m[38;2;255;255;255m[48;2;231;77;57m▀[0m[38;2;231;77;57m[48;2;173;66;57m▀[0m[38;2;173;66;57m[48;2;173;65;57m▀[0m[38;2;173;66;57m[48;2;66;65;66m▀[0m[38;2;66;65;66m[48;2;252;211;46m▀[0m[38;2;255;211;49m[48;2;252;211;46m▀[0m[38;2;252;211;46m[48;2;255;211;49m▀[0m[38;2;252;211;46m[48;2;255;211;49m▀[0m[38;2;247;207;41m[48;2;192;159;38m▀[0m[38;2;203;174;60m[48;2;192;159;38m▀[0m[38;2;66;65;66m[48;2;192;159;38m▀[0m[38;2;66;65;66m[48;2;66;65;66m▀[0m[38;2;66;65;66m[48;2;119;113;106m▀[0m[38;2;189;190;189m[48;2;119;113;106m▀[0m[38;2;222;247;255m[48;2;115;113;107m▀[0m[38;2;189;189;189m[48;2;222;243;247m▀[0m[38;2;222;247;255m[48;2;172;175;172m▀[0m[38;2;189;189;189m[48;2;247;255;255m▀[0m[38;2;239;255;255m[48;2;0;0;0m▀[0m[38;2;8;4;0m▀ 
        [38;2;0;0;0m▄[38;2;0;16;24m[48;2;139;80;46m▀[0m[38;2;231;81;66m[48;2;82;52;57m▀[0m[38;2;231;77;57m[48;2;173;65;57m▀[0m[38;2;173;66;57m[48;2;173;65;57m▀[0m[38;2;173;65;57m[48;2;74;48;66m▀[0m[38;2;66;65;66m[48;2;247;142;41m▀[0m[38;2;252;211;46m[48;2;193;158;40m▀[0m[38;2;252;211;46m[48;2;173;65;57m▀[0m[38;2;255;211;49m[48;2;255;211;49m▀[0m[38;2;195;159;38m[48;2;195;159;38m▀[0m[38;2;192;159;38m[48;2;192;159;38m▀[0m[38;2;192;159;38m[48;2;66;65;66m▀[0m[38;2;66;65;66m[48;2;214;146;57m▀[0m[38;2;66;65;66m[48;2;76;48;35m▀[0m[38;2;189;190;189m[48;2;0;0;0m▀[0m[38;2;189;190;189m[48;2;189;190;189m▀[0m[38;2;186;199;200m[48;2;189;190;189m▀[0m[38;2;115;113;107m[48;2;189;190;189m▀[0m[38;2;98;95;90m[48;2;189;190;189m▀[0m[38;2;24;16;8m[48;2;0;0;0m▀[0m   
       [38;2;0;0;0m[48;2;0;0;0m▀[0m[38;2;189;158;41m[48;2;189;158;41m▀[0m[38;2;197;109;35m[48;2;66;65;66m▀[0m[38;2;255;138;24m[48;2;247;178;41m▀[0m[38;2;66;65;66m[48;2;247;148;41m▀[0m[38;2;66;65;66m[48;2;247;148;41m▀[0m[38;2;247;142;41m[48;2;181;69;33m▀[0m[38;2;160;95;53m[48;2;255;255;239m▀[0m[38;2;173;65;57m[48;2;205;105;54m▀[0m[38;2;173;65;57m[48;2;181;56;57m▀[0m[38;2;255;211;49m[48;2;255;211;41m▀[0m[38;2;195;159;38m[48;2;66;65;66m▀[0m[38;2;66;65;66m[48;2;193;158;40m▀[0m[38;2;192;159;38m[48;2;173;65;57m▀[0m[38;2;145;97;46m[48;2;189;101;8m▀[0m[38;2;8;0;24m[48;2;173;65;57m▀[0m[38;2;0;0;0m▄[38;2;0;0;0m▀[38;2;0;0;0m▀[38;2;0;0;0m▀[38;2;0;0;0m▀    
        [38;2;0;0;0m[48;2;0;0;0m▀[0m[38;2;247;178;41m[48;2;192;162;49m▀[0m[38;2;66;65;66m[48;2;255;211;41m▀[0m[38;2;247;148;41m[48;2;192;129;22m▀[0m[38;2;247;148;41m[48;2;66;65;66m▀[0m[38;2;205;131;101m[48;2;66;65;66m▀[0m[38;2;181;69;33m[48;2;255;211;41m▀[0m[38;2;181;56;57m[48;2;255;211;49m▀[0m[38;2;255;203;49m[48;2;255;211;49m▀[0m[38;2;192;162;49m[48;2;66;65;66m▀[0m[38;2;66;65;66m[48;2;192;159;38m▀[0m[38;2;193;158;40m[48;2;162;75;40m▀[0m[38;2;173;65;57m[48;2;206;85;24m▀[0m[38;2;189;101;8m[48;2;66;73;74m▀[0m[38;2;173;65;57m[48;2;173;85;74m▀[0m[38;2;0;0;0m[48;2;0;0;0m▀[0m        
 [38;2;0;12;24m▄[38;2;0;0;0m[48;2;189;105;8m▀[0m[38;2;0;0;0m[48;2;247;154;57m▀[0m[38;2;0;16;33m▄[38;2;0;0;0m▄[38;2;0;0;0m▄[38;2;0;0;0m[48;2;66;65;66m▀[0m[38;2;119;113;107m[48;2;0;0;0m▀[0m[38;2;66;65;66m[48;2;0;0;0m▀[0m[38;2;66;65;66m[48;2;0;0;0m▀[0m[38;2;66;65;66m[48;2;189;162;41m▀[0m[38;2;192;129;22m[48;2;189;162;41m▀[0m[38;2;192;162;49m[48;2;192;159;38m▀[0m[38;2;66;65;66m[48;2;66;65;66m▀[0m[38;2;255;211;49m[48;2;66;65;66m▀[0m[38;2;66;65;66m[48;2;192;159;38m▀[0m[38;2;192;159;38m[48;2;192;159;38m▀[0m[38;2;192;159;38m[48;2;192;159;38m▀[0m[38;2;162;75;40m[48;2;66;65;66m▀[0m[38;2;74;56;74m[48;2;66;65;66m▀[0m[38;2;119;79;74m[48;2;118;113;104m▀[0m[38;2;66;73;74m[48;2;66;65;66m▀[0m[38;2;189;158;41m[48;2;192;159;38m▀[0m[38;2;0;0;0m[48;2;192;159;38m▀[0m[38;2;0;0;0m▄      
[38;2;0;0;0m[48;2;0;0;0m▀[0m[38;2;189;105;8m[48;2;247;150;41m▀[0m[38;2;63;43;18m[48;2;0;0;0m▀[0m[38;2;247;154;57m[48;2;120;113;104m▀[0m[38;2;123;85;45m[48;2;120;113;104m▀[0m[38;2;120;113;104m[48;2;0;0;0m▀[0m[38;2;120;113;104m[48;2;0;0;0m▀[0m[38;2;0;0;0m▀  [38;2;0;0;0m▄[38;2;0;4;24m[48;2;252;211;46m▀[0m[38;2;63;56;29m[48;2;252;211;46m▀[0m[38;2;192;159;38m[48;2;66;65;66m▀[0m[38;2;192;159;38m[48;2;66;65;66m▀[0m[38;2;192;159;38m[48;2;66;65;66m▀[0m[38;2;192;159;38m[48;2;66;65;66m▀[0m[38;2;66;65;66m[48;2;255;211;49m▀[0m[38;2;66;65;66m[48;2;255;211;49m▀[0m[38;2;255;211;49m[48;2;66;65;66m▀[0m[38;2;66;65;66m[48;2;118;113;104m▀[0m[38;2;118;113;104m[48;2;66;65;66m▀[0m[38;2;66;65;66m[48;2;192;159;38m▀[0m[38;2;192;159;38m[48;2;192;159;38m▀[0m[38;2;192;159;38m[48;2;192;159;38m▀[0m[38;2;189;158;41m[48;2;189;158;57m▀[0m[38;2;0;0;0m[48;2;0;0;16m▀[0m     
 [38;2;0;0;0m▀ [38;2;0;0;0m▀[38;2;0;0;0m▀    [38;2;0;0;0m[48;2;0;0;0m▀[0m[38;2;255;211;49m[48;2;120;113;104m▀[0m[38;2;252;211;46m[48;2;255;211;49m▀[0m[38;2;252;211;46m[48;2;255;211;49m▀[0m[38;2;255;211;49m[48;2;252;211;46m▀[0m[38;2;255;211;49m[48;2;252;211;46m▀[0m[38;2;255;211;49m[48;2;247;178;41m▀[0m[38;2;255;211;49m[48;2;66;65;66m▀[0m[38;2;66;65;66m[48;2;247;138;16m▀[0m[38;2;66;65;66m[48;2;186;112;27m▀[0m[38;2;118;113;104m[48;2;66;69;74m▀[0m[38;2;118;113;104m[48;2;126;97;65m▀[0m[38;2;66;65;66m[48;2;66;65;66m▀[0m[38;2;192;159;38m[48;2;192;159;38m▀[0m[38;2;192;159;38m[48;2;189;158;41m▀[0m[38;2;192;159;38m[48;2;189;158;41m▀[0m[38;2;189;158;57m[48;2;104;99;93m▀[0m[38;2;126;105;43m[48;2;104;99;93m▀[0m[38;2;0;0;0m[48;2;0;0;0m▀[0m    
        [38;2;0;0;0m[48;2;0;0;0m▀[0m[38;2;120;113;104m[48;2;120;113;104m▀[0m[38;2;120;113;104m[48;2;120;113;104m▀[0m[38;2;117;113;104m[48;2;118;113;104m▀[0m[38;2;117;113;104m[48;2;118;113;104m▀[0m[38;2;252;211;46m[48;2;66;65;66m▀[0m[38;2;252;211;46m[48;2;104;98;93m▀[0m[38;2;66;65;66m[48;2;104;97;93m▀[0m[38;2;247;178;41m[48;2;66;65;66m▀[0m[38;2;66;60;49m[48;2;66;69;74m▀[0m[38;2;186;112;27m[48;2;247;154;49m▀[0m[38;2;247;154;49m[48;2;66;69;74m▀[0m[38;2;66;69;74m[48;2;198;162;49m▀[0m[38;2;192;159;38m[48;2;118;113;104m▀[0m[38;2;192;159;38m[48;2;66;65;66m▀[0m[38;2;66;65;82m[48;2;104;98;93m▀[0m[38;2;107;96;68m[48;2;66;65;66m▀[0m[38;2;104;99;93m[48;2;107;96;76m▀[0m[38;2;104;99;93m[48;2;107;96;76m▀[0m[38;2;103;99;90m[48;2;189;158;41m▀[0m[38;2;0;0;0m[48;2;0;0;0m▀[0m   
        [38;2;0;0;0m[48;2;0;0;0m▀[0m[38;2;120;113;104m[48;2;252;211;46m▀[0m[38;2;120;113;104m[48;2;252;211;46m▀[0m[38;2;118;113;104m[48;2;107;101;68m▀[0m[38;2;66;65;66m[48;2;66;73;82m▀[0m[38;2;104;98;93m[48;2;107;97;90m▀[0m[38;2;66;65;66m[48;2;107;97;90m▀[0m[38;2;123;113;107m[48;2;66;65;66m▀[0m[38;2;123;113;107m[48;2;118;113;104m▀[0m[38;2;126;97;65m[48;2;120;113;104m▀[0m[38;2;66;69;74m[48;2;120;113;104m▀[0m[38;2;66;69;74m[48;2;120;113;104m▀[0m[38;2;110;100;65m[48;2;120;113;104m▀[0m[38;2;118;113;104m[48;2;66;65;74m▀[0m[38;2;66;65;66m[48;2;107;96;65m▀[0m[38;2;104;98;93m[48;2;107;97;90m▀[0m[38;2;104;98;93m[48;2;195;159;40m▀[0m[38;2;66;65;90m[48;2;137;120;49m▀[0m[38;2;189;158;49m[48;2;192;159;41m▀[0m[38;2;189;158;41m[48;2;189;158;41m▀[0m[38;2;0;0;0m[48;2;0;0;0m▀[0m   
        [38;2;0;0;0m[48;2;0;0;0m▀[0m[38;2;252;211;46m[48;2;0;0;0m▀[0m[38;2;252;211;46m[48;2;255;211;49m▀[0m[38;2;148;129;54m[48;2;132;110;32m▀[0m[38;2;189;158;41m[48;2;198;166;49m▀[0m[38;2;195;159;40m[48;2;189;158;41m▀[0m[38;2;195;159;40m[48;2;189;158;41m▀[0m[38;2;66;65;66m[48;2;192;159;41m▀[0m[38;2;118;113;104m[48;2;137;120;49m▀[0m[38;2;120;113;104m[48;2;252;211;46m▀[0m[38;2;120;113;104m[48;2;252;211;46m▀[0m[38;2;120;113;104m[48;2;252;211;46m▀[0m[38;2;120;113;104m[48;2;252;211;46m▀[0m[38;2;66;65;74m[48;2;137;120;49m▀[0m[38;2;189;158;49m[48;2;192;159;41m▀[0m[38;2;195;159;40m[48;2;189;158;41m▀[0m[38;2;195;159;40m[48;2;189;158;41m▀[0m[38;2;137;120;49m[48;2;132;110;32m▀[0m[38;2;192;159;41m[48;2;198;166;49m▀[0m[38;2;189;158;41m[48;2;0;0;0m▀[0m[38;2;0;0;0m[48;2;0;0;0m▀[0m   
          [38;2;0;0;0m▀[38;2;0;0;0m▀[38;2;0;0;0m▀[38;2;0;0;0m▀[38;2;189;158;41m[48;2;0;0;0m▀[0m[38;2;192;159;41m[48;2;0;0;0m▀[0m[38;2;137;120;49m[48;2;140;121;49m▀[0m[38;2;252;211;46m[48;2;255;211;49m▀[0m[38;2;252;211;46m[48;2;255;211;49m▀[0m[38;2;252;211;46m[48;2;255;211;49m▀[0m[38;2;252;211;46m[48;2;255;211;49m▀[0m[38;2;137;120;49m[48;2;0;0;0m▀[0m[38;2;192;159;41m[48;2;0;0;0m▀[0m[38;2;0;0;0m▀[38;2;0;0;0m▀[38;2;0;0;0m▀[38;2;0;0;0m▀     
                [38;2;0;0;0m▀[38;2;0;0;0m▀[38;2;0;0;0m▀[38;2;0;0;0m▀[38;2;0;0;0m▀           
[0m
