    [38;2;0;0;0m▄[38;2;0;0;0m▄[38;2;0;0;0m[48;2;239;115;156m▀[0m[38;2;0;0;0m[48;2;239;115;156m▀[0m[38;2;0;0;0m[48;2;239;113;156m▀[0m[38;2;0;0;0m▄[38;2;0;0;0m▄        
  [38;2;0;0;0m▄[38;2;0;0;0m[48;2;239;113;156m▀[0m[38;2;239;113;156m[48;2;247;190;206m▀[0m[38;2;239;113;156m[48;2;239;115;156m▀[0m[38;2;239;115;156m[48;2;239;115;156m▀[0m[38;2;239;115;156m[48;2;239;115;156m▀[0m[38;2;239;113;156m[48;2;189;89;132m▀[0m[38;2;239;113;156m[48;2;239;113;156m▀[0m[38;2;189;89;132m[48;2;189;90;132m▀[0m[38;2;0;0;0m[48;2;189;90;132m▀[0m[38;2;0;0;0m▄      
  [38;2;0;0;0m[48;2;0;8;0m▀[0m[38;2;239;113;156m[48;2;239;121;156m▀[0m[38;2;239;115;156m[48;2;239;113;156m▀[0m[38;2;239;115;156m[48;2;239;113;156m▀[0m[38;2;239;115;156m[48;2;247;109;156m▀[0m[38;2;239;115;156m[48;2;186;92;126m▀[0m[38;2;189;89;132m[48;2;66;65;66m▀[0m[38;2;189;89;132m[48;2;66;65;66m▀[0m[38;2;189;90;132m[48;2;189;89;132m▀[0m[38;2;189;90;132m[48;2;189;89;132m▀[0m[38;2;0;0;0m[48;2;66;65;66m▀[0m[38;2;0;0;0m[48;2;53;148;61m▀[0m[38;2;0;0;0m▄[38;2;0;0;0m▄   
 [38;2;0;0;0m▄[38;2;0;8;0m[48;2;60;148;71m▀[0m[38;2;79;45;52m[48;2;60;148;71m▀[0m[38;2;189;89;132m[48;2;66;65;66m▀[0m[38;2;189;89;132m[48;2;66;65;66m▀[0m[38;2;186;92;126m[48;2;57;65;57m▀[0m[38;2;66;60;66m[48;2;63;148;73m▀[0m[38;2;53;148;61m[48;2;54;148;62m▀[0m[38;2;66;65;66m[48;2;54;148;62m▀[0m[38;2;189;89;132m[48;2;57;65;57m▀[0m[38;2;66;65;66m[48;2;63;148;73m▀[0m[38;2;53;148;61m[48;2;54;148;63m▀[0m[38;2;53;148;61m[48;2;54;148;63m▀[0m[38;2;54;148;60m[48;2;66;65;66m▀[0m[38;2;54;148;60m[48;2;53;148;61m▀[0m[38;2;0;0;0m[48;2;57;150;66m▀[0m[38;2;0;0;0m▄ 
 [38;2;0;0;0m▄[38;2;16;0;16m[48;2;115;101;189m▀[0m[38;2;38;74;43m[48;2;66;65;66m▀[0m[38;2;66;65;66m[48;2;74;189;90m▀[0m[38;2;74;190;90m[48;2;74;189;90m▀[0m[38;2;66;190;82m[48;2;74;189;90m▀[0m[38;2;66;190;82m[48;2;74;189;90m▀[0m[38;2;74;190;90m[48;2;74;190;90m▀[0m[38;2;74;190;90m[48;2;74;190;90m▀[0m[38;2;66;190;82m[48;2;66;77;57m▀[0m[38;2;66;190;82m[48;2;93;123;129m▀[0m[38;2;54;148;63m[48;2;66;190;74m▀[0m[38;2;54;148;63m[48;2;63;148;68m▀[0m[38;2;53;148;61m[48;2;54;148;63m▀[0m[38;2;66;65;66m[48;2;54;148;63m▀[0m[38;2;0;0;0m[48;2;66;64;66m▀[0m[38;2;0;0;0m▄ 
[38;2;0;0;0m▄[38;2;0;0;0m[48;2;123;109;214m▀[0m[38;2;115;101;189m[48;2;134;121;236m▀[0m[38;2;66;65;66m[48;2;134;121;236m▀[0m[38;2;74;189;90m[48;2;66;65;66m▀[0m[38;2;74;189;90m[48;2;74;190;90m▀[0m[38;2;74;189;90m[48;2;74;190;90m▀[0m[38;2;74;189;90m[48;2;74;190;90m▀[0m[38;2;74;190;90m[48;2;66;65;66m▀[0m[38;2;66;65;66m[48;2;132;121;239m▀[0m[38;2;107;146;165m[48;2;134;121;236m▀[0m[38;2;66;77;57m[48;2;134;121;236m▀[0m[38;2;57;65;57m[48;2;115;101;189m▀[0m[38;2;63;148;68m[48;2;66;65;66m▀[0m[38;2;54;148;63m[48;2;66;65;66m▀[0m[38;2;54;148;63m[48;2;66;65;66m▀[0m[38;2;66;64;66m[48;2;115;101;189m▀[0m[38;2;0;0;0m[48;2;0;0;0m▀[0m 
[38;2;0;0;0m[48;2;0;0;0m▀[0m[38;2;123;109;214m[48;2;132;121;239m▀[0m[38;2;134;121;236m[48;2;134;121;236m▀[0m[38;2;134;121;236m[48;2;153;145;233m▀[0m[38;2;66;65;66m[48;2;140;130;239m▀[0m[38;2;74;190;90m[48;2;66;65;66m▀[0m[38;2;66;65;66m[48;2;134;121;236m▀[0m[38;2;66;65;66m[48;2;134;121;236m▀[0m[38;2;132;121;239m[48;2;134;121;236m▀[0m[38;2;132;121;239m[48;2;134;121;236m▀[0m[38;2;134;121;236m[48;2;134;121;236m▀[0m[38;2;134;121;236m[48;2;134;121;236m▀[0m[38;2;115;101;189m[48;2;132;121;239m▀[0m[38;2;115;101;189m[48;2;115;101;189m▀[0m[38;2;66;65;66m[48;2;66;65;66m▀[0m[38;2;115;101;189m[48;2;115;101;189m▀[0m[38;2;115;101;189m[48;2;118;101;189m▀[0m[38;2;115;101;189m[48;2;118;101;189m▀[0m[38;2;0;0;0m[48;2;0;0;0m▀[0m
[38;2;0;0;0m[48;2;0;0;0m▀[0m[38;2;132;121;239m[48;2;132;121;239m▀[0m[38;2;153;145;233m[48;2;153;145;233m▀[0m[38;2;153;145;233m[48;2;153;145;233m▀[0m[38;2;140;130;239m[48;2;153;145;233m▀[0m[38;2;140;130;239m[48;2;134;121;236m▀[0m[38;2;134;121;236m[48;2;134;121;236m▀[0m[38;2;134;121;236m[48;2;134;121;236m▀[0m[38;2;134;121;236m[48;2;134;121;236m▀[0m[38;2;134;121;236m[48;2;134;121;236m▀[0m[38;2;134;121;236m[48;2;134;121;236m▀[0m[38;2;134;121;236m[48;2;134;121;236m▀[0m[38;2;132;121;239m[48;2;140;121;239m▀[0m[38;2;115;101;189m[48;2;115;102;181m▀[0m[38;2;66;65;66m[48;2;66;65;66m▀[0m[38;2;115;101;189m[48;2;115;101;189m▀[0m[38;2;118;101;189m[48;2;118;101;189m▀[0m[38;2;118;101;189m[48;2;118;101;189m▀[0m[38;2;0;0;0m[48;2;0;0;0m▀[0m
 [38;2;0;0;0m[48;2;0;0;0m▀[0m[38;2;134;121;236m[48;2;134;121;236m▀[0m[38;2;153;145;233m[48;2;134;121;236m▀[0m[38;2;134;121;236m[48;2;134;121;236m▀[0m[38;2;134;121;236m[48;2;134;121;236m▀[0m[38;2;134;121;236m[48;2;134;121;236m▀[0m[38;2;134;121;236m[48;2;134;121;236m▀[0m[38;2;134;121;236m[48;2;134;121;236m▀[0m[38;2;134;121;236m[48;2;134;121;236m▀[0m[38;2;134;121;236m[48;2;134;121;236m▀[0m[38;2;134;121;236m[48;2;134;121;236m▀[0m[38;2;140;121;239m[48;2;140;121;239m▀[0m[38;2;66;65;66m[48;2;66;65;66m▀[0m[38;2;115;101;189m[48;2;118;101;189m▀[0m[38;2;115;101;189m[48;2;118;101;189m▀[0m[38;2;118;101;189m[48;2;115;101;189m▀[0m[38;2;118;101;189m[48;2;115;101;189m▀[0m[38;2;0;0;0m[48;2;0;0;0m▀[0m
 [38;2;0;0;0m[48;2;0;0;0m▀[0m[38;2;134;121;236m[48;2;66;65;66m▀[0m[38;2;134;121;236m[48;2;140;121;239m▀[0m[38;2;134;121;236m[48;2;132;121;239m▀[0m[38;2;134;121;236m[48;2;132;121;239m▀[0m[38;2;134;121;236m[48;2;134;121;236m▀[0m[38;2;134;121;236m[48;2;134;121;236m▀[0m[38;2;134;121;236m[48;2;132;121;239m▀[0m[38;2;134;121;236m[48;2;132;121;239m▀[0m[38;2;134;121;236m[48;2;132;121;239m▀[0m[38;2;134;121;236m[48;2;66;65;66m▀[0m[38;2;66;65;66m[48;2;132;121;239m▀[0m[38;2;115;102;181m[48;2;115;101;189m▀[0m[38;2;118;101;189m[48;2;118;101;189m▀[0m[38;2;118;101;189m[48;2;118;101;189m▀[0m[38;2;115;101;189m[48;2;115;101;189m▀[0m[38;2;0;0;0m[48;2;0;0;0m▀[0m 
[38;2;0;0;0m[48;2;0;0;0m▀[0m[38;2;115;101;189m[48;2;115;101;189m▀[0m[38;2;66;65;66m[48;2;115;105;181m▀[0m[38;2;115;102;181m[48;2;115;105;181m▀[0m[38;2;115;101;189m[48;2;115;101;189m▀[0m[38;2;132;121;239m[48;2;115;101;189m▀[0m[38;2;134;121;236m[48;2;66;65;66m▀[0m[38;2;134;121;236m[48;2;66;65;66m▀[0m[38;2;132;121;239m[48;2;66;65;66m▀[0m[38;2;66;65;66m[48;2;132;121;239m▀[0m[38;2;66;65;66m[48;2;134;121;236m▀[0m[38;2;132;121;239m[48;2;134;121;236m▀[0m[38;2;132;121;239m[48;2;118;101;189m▀[0m[38;2;115;101;189m[48;2;118;101;189m▀[0m[38;2;118;101;189m[48;2;115;101;189m▀[0m[38;2;118;101;189m[48;2;115;101;189m▀[0m[38;2;0;0;0m[48;2;57;54;90m▀[0m[38;2;0;4;0m▄ 
 [38;2;0;0;0m▀[38;2;0;4;0m▀[38;2;57;54;90m[48;2;0;0;0m▀[0m[38;2;66;65;66m[48;2;239;113;156m▀[0m[38;2;66;65;66m[48;2;239;113;156m▀[0m[38;2;239;113;156m[48;2;66;65;66m▀[0m[38;2;239;113;156m[48;2;66;65;66m▀[0m[38;2;66;65;66m[48;2;239;113;156m▀[0m[38;2;66;65;66m[48;2;239;113;156m▀[0m[38;2;134;121;236m[48;2;66;65;66m▀[0m[38;2;134;121;236m[48;2;66;65;66m▀[0m[38;2;118;101;189m[48;2;66;65;66m▀[0m[38;2;118;101;189m[48;2;152;95;160m▀[0m[38;2;115;101;189m[48;2;115;101;189m▀[0m[38;2;66;65;66m[48;2;115;101;189m▀[0m[38;2;115;105;181m[48;2;115;101;189m▀[0m[38;2;115;105;181m[48;2;0;0;0m▀[0m[38;2;0;0;0m[48;2;0;0;0m▀[0m
    [38;2;0;0;0m▀[38;2;239;113;156m[48;2;0;0;0m▀[0m[38;2;189;89;132m[48;2;0;0;0m▀[0m[38;2;189;89;132m[48;2;0;0;0m▀[0m[38;2;189;89;132m[48;2;0;0;0m▀[0m[38;2;239;113;156m[48;2;0;0;0m▀[0m[38;2;239;109;156m[48;2;255;121;165m▀[0m[38;2;181;94;126m[48;2;170;80;110m▀[0m[38;2;152;95;160m[48;2;0;0;0m▀[0m[38;2;66;65;66m[48;2;0;0;0m▀[0m[38;2;0;0;0m▀[38;2;0;0;0m▀[38;2;0;0;0m▀  
          [38;2;0;0;0m▀[38;2;0;0;0m▀       
[0m
