        [38;2;0;0;0m▄[38;2;0;0;0m▄[38;2;0;0;0m▄[38;2;0;0;0m[48;2;255;197;238m▀[0m[38;2;0;0;0m[48;2;255;230;222m▀[0m[38;2;0;0;0m[48;2;255;197;238m▀[0m[38;2;0;0;0m[48;2;255;123;139m▀[0m[38;2;0;0;0m[48;2;255;123;139m▀[0m[38;2;0;0;0m[48;2;65;65;65m▀[0m[38;2;0;0;0m[48;2;65;65;65m▀[0m[38;2;0;0;0m▄[38;2;0;0;0m▄[38;2;0;0;0m▄                 
    [38;2;0;0;0m▄[38;2;0;0;0m▄[38;2;0;0;0m▄[38;2;0;0;0m[48;2;65;65;65m▀[0m[38;2;238;90;106m[48;2;65;65;65m▀[0m[38;2;255;123;139m[48;2;238;90;106m▀[0m[38;2;255;123;139m[48;2;238;90;106m▀[0m[38;2;255;123;139m[48;2;238;90;106m▀[0m[38;2;255;123;139m[48;2;238;90;106m▀[0m[38;2;255;123;139m[48;2;65;65;65m▀[0m[38;2;65;65;65m[48;2;197;148;65m▀[0m[38;2;65;65;65m[48;2;255;164;82m▀[0m[38;2;255;164;82m[48;2;213;106;65m▀[0m[38;2;255;164;82m[48;2;213;106;65m▀[0m[38;2;255;164;82m[48;2;213;106;65m▀[0m[38;2;255;164;82m[48;2;213;106;65m▀[0m[38;2;255;164;82m[48;2;213;106;65m▀[0m[38;2;0;0;0m[48;2;255;164;82m▀[0m[38;2;0;0;0m[48;2;197;148;65m▀[0m[38;2;0;0;0m▄[38;2;0;0;0m▄[38;2;0;0;0m▄[38;2;0;0;0m[48;2;255;197;238m▀[0m[38;2;0;0;0m[48;2;255;230;222m▀[0m[38;2;0;0;0m[48;2;255;230;222m▀[0m[38;2;0;0;0m[48;2;255;197;238m▀[0m[38;2;0;0;0m[48;2;255;123;139m▀[0m[38;2;0;0;0m[48;2;238;90;106m▀[0m[38;2;0;0;0m[48;2;238;90;106m▀[0m[38;2;0;0;0m▄[38;2;0;0;0m▄   
 [38;2;0;0;0m▄[38;2;0;0;0m[48;2;238;90;106m▀[0m[38;2;0;0;0m[48;2;255;123;139m▀[0m[38;2;255;123;139m[48;2;255;197;238m▀[0m[38;2;255;123;139m[48;2;255;230;222m▀[0m[38;2;255;123;139m[48;2;255;197;238m▀[0m[38;2;255;123;139m[48;2;255;123;139m▀[0m[38;2;255;123;139m[48;2;255;123;139m▀[0m[38;2;65;65;65m[48;2;255;197;238m▀[0m[38;2;65;65;65m[48;2;255;197;238m▀[0m[38;2;65;65;65m[48;2;255;123;139m▀[0m[38;2;65;65;65m[48;2;65;65;65m▀[0m[38;2;65;65;65m[48;2;197;148;65m▀[0m[38;2;255;164;82m[48;2;197;148;65m▀[0m[38;2;255;164;82m[48;2;197;148;65m▀[0m[38;2;255;164;82m[48;2;255;164;82m▀[0m[38;2;255;164;82m[48;2;255;164;82m▀[0m[38;2;255;164;82m[48;2;255;164;82m▀[0m[38;2;255;164;82m[48;2;255;164;82m▀[0m[38;2;255;164;82m[48;2;255;164;82m▀[0m[38;2;255;164;82m[48;2;197;148;65m▀[0m[38;2;255;164;82m[48;2;197;148;65m▀[0m[38;2;65;65;65m[48;2;197;148;65m▀[0m[38;2;255;123;139m[48;2;65;65;65m▀[0m[38;2;255;123;139m[48;2;255;123;139m▀[0m[38;2;255;123;139m[48;2;255;123;139m▀[0m[38;2;255;123;139m[48;2;255;123;139m▀[0m[38;2;255;123;139m[48;2;255;123;139m▀[0m[38;2;255;123;139m[48;2;255;123;139m▀[0m[38;2;255;123;139m[48;2;255;197;238m▀[0m[38;2;255;123;139m[48;2;255;230;222m▀[0m[38;2;238;90;106m[48;2;255;230;222m▀[0m[38;2;238;90;106m[48;2;255;197;238m▀[0m[38;2;238;90;106m[48;2;238;90;106m▀[0m[38;2;0;0;0m[48;2;238;90;106m▀[0m[38;2;0;0;0m▄ 
[38;2;0;0;0m[48;2;0;0;0m▀[0m[38;2;238;90;106m[48;2;238;90;106m▀[0m[38;2;238;90;106m[48;2;238;90;106m▀[0m[38;2;238;90;106m[48;2;238;90;106m▀[0m[38;2;255;123;139m[48;2;238;90;106m▀[0m[38;2;255;123;139m[48;2;238;90;106m▀[0m[38;2;255;123;139m[48;2;238;90;106m▀[0m[38;2;255;123;139m[48;2;65;65;65m▀[0m[38;2;255;123;139m[48;2;65;65;65m▀[0m[38;2;255;123;139m[48;2;65;65;65m▀[0m[38;2;255;123;139m[48;2;65;65;65m▀[0m[38;2;65;65;65m[48;2;255;123;139m▀[0m[38;2;65;65;65m[48;2;255;123;139m▀[0m[38;2;65;65;65m[48;2;255;123;139m▀[0m[38;2;65;65;65m[48;2;255;123;139m▀[0m[38;2;197;148;65m[48;2;65;65;65m▀[0m[38;2;197;148;65m[48;2;65;65;65m▀[0m[38;2;197;148;65m[48;2;65;65;65m▀[0m[38;2;197;148;65m[48;2;197;148;65m▀[0m[38;2;197;148;65m[48;2;197;148;65m▀[0m[38;2;197;148;65m[48;2;197;148;65m▀[0m[38;2;197;148;65m[48;2;65;65;65m▀[0m[38;2;197;148;65m[48;2;65;65;65m▀[0m[38;2;65;65;65m[48;2;255;230;222m▀[0m[38;2;65;65;65m[48;2;255;197;238m▀[0m[38;2;65;65;65m[48;2;255;123;139m▀[0m[38;2;65;65;65m[48;2;255;123;139m▀[0m[38;2;65;65;65m[48;2;255;123;139m▀[0m[38;2;65;65;65m[48;2;255;123;139m▀[0m[38;2;65;65;65m[48;2;255;123;139m▀[0m[38;2;65;65;65m[48;2;255;123;139m▀[0m[38;2;238;90;106m[48;2;65;65;65m▀[0m[38;2;238;90;106m[48;2;65;65;65m▀[0m[38;2;238;90;106m[48;2;65;65;65m▀[0m[38;2;238;90;106m[48;2;238;90;106m▀[0m[38;2;238;90;106m[48;2;197;57;90m▀[0m[38;2;0;0;0m[48;2;0;0;0m▀[0m 
[38;2;0;0;0m▀[38;2;238;90;106m[48;2;0;0;0m▀[0m[38;2;238;90;106m[48;2;65;65;65m▀[0m[38;2;238;90;106m[48;2;65;65;65m▀[0m[38;2;65;65;65m[48;2;238;90;106m▀[0m[38;2;65;65;65m[48;2;238;90;106m▀[0m[38;2;65;65;65m[48;2;255;123;139m▀[0m[38;2;255;123;139m[48;2;255;123;139m▀[0m[38;2;255;123;139m[48;2;255;123;139m▀[0m[38;2;255;197;238m[48;2;255;123;139m▀[0m[38;2;255;230;222m[48;2;255;123;139m▀[0m[38;2;255;230;222m[48;2;255;123;139m▀[0m[38;2;255;197;238m[48;2;255;123;139m▀[0m[38;2;255;123;139m[48;2;255;123;139m▀[0m[38;2;255;123;139m[48;2;255;123;139m▀[0m[38;2;255;123;139m[48;2;255;123;139m▀[0m[38;2;255;123;139m[48;2;255;123;139m▀[0m[38;2;255;123;139m[48;2;255;123;139m▀[0m[38;2;65;65;65m[48;2;255;123;139m▀[0m[38;2;65;65;65m[48;2;255;123;139m▀[0m[38;2;65;65;65m[48;2;65;65;65m▀[0m[38;2;255;123;139m[48;2;255;123;139m▀[0m[38;2;255;123;139m[48;2;255;123;139m▀[0m[38;2;255;123;139m[48;2;255;123;139m▀[0m[38;2;255;123;139m[48;2;255;123;139m▀[0m[38;2;255;123;139m[48;2;255;123;139m▀[0m[38;2;255;123;139m[48;2;255;123;139m▀[0m[38;2;255;123;139m[48;2;255;123;139m▀[0m[38;2;255;197;238m[48;2;255;123;139m▀[0m[38;2;255;230;222m[48;2;255;123;139m▀[0m[38;2;255;230;222m[48;2;255;123;139m▀[0m[38;2;255;197;238m[48;2;255;123;139m▀[0m[38;2;255;123;139m[48;2;255;123;139m▀[0m[38;2;238;90;106m[48;2;255;123;139m▀[0m[38;2;65;65;65m[48;2;238;90;106m▀[0m[38;2;0;0;0m[48;2;238;90;106m▀[0m[38;2;0;0;0m▄ 
[38;2;0;0;0m▄[38;2;0;0;0m[48;2;238;90;106m▀[0m[38;2;238;90;106m[48;2;238;90;106m▀[0m[38;2;238;90;106m[48;2;238;90;106m▀[0m[38;2;238;90;106m[48;2;238;90;106m▀[0m[38;2;255;123;139m[48;2;238;90;106m▀[0m[38;2;255;230;222m[48;2;255;123;139m▀[0m[38;2;255;197;238m[48;2;255;230;222m▀[0m[38;2;255;123;139m[48;2;255;230;222m▀[0m[38;2;255;123;139m[48;2;255;123;139m▀[0m[38;2;255;123;139m[48;2;255;123;139m▀[0m[38;2;255;123;139m[48;2;255;123;139m▀[0m[38;2;255;123;139m[48;2;255;197;238m▀[0m[38;2;255;123;139m[48;2;255;230;222m▀[0m[38;2;255;197;238m[48;2;255;230;222m▀[0m[38;2;255;230;222m[48;2;255;230;222m▀[0m[38;2;255;230;222m[48;2;255;197;238m▀[0m[38;2;255;197;238m[48;2;255;123;139m▀[0m[38;2;255;123;139m[48;2;255;123;139m▀[0m[38;2;255;123;139m[48;2;255;123;139m▀[0m[38;2;255;123;139m[48;2;255;123;139m▀[0m[38;2;65;65;65m[48;2;238;90;106m▀[0m[38;2;255;123;139m[48;2;65;65;65m▀[0m[38;2;255;123;139m[48;2;255;123;139m▀[0m[38;2;255;197;238m[48;2;255;123;139m▀[0m[38;2;255;230;222m[48;2;255;230;222m▀[0m[38;2;255;230;222m[48;2;255;230;222m▀[0m[38;2;255;123;139m[48;2;255;197;238m▀[0m[38;2;255;123;139m[48;2;255;123;139m▀[0m[38;2;255;123;139m[48;2;255;123;139m▀[0m[38;2;255;123;139m[48;2;255;123;139m▀[0m[38;2;255;197;238m[48;2;238;90;106m▀[0m[38;2;255;230;222m[48;2;238;90;106m▀[0m[38;2;255;197;238m[48;2;238;90;106m▀[0m[38;2;238;90;106m[48;2;238;90;106m▀[0m[38;2;238;90;106m[48;2;238;90;106m▀[0m[38;2;238;90;106m[48;2;238;90;106m▀[0m[38;2;0;0;0m[48;2;0;0;0m▀[0m
[38;2;0;0;0m[48;2;0;0;0m▀[0m[38;2;238;90;106m[48;2;197;57;90m▀[0m[38;2;238;90;106m[48;2;238;90;106m▀[0m[38;2;238;90;106m[48;2;238;90;106m▀[0m[38;2;238;90;106m[48;2;238;90;106m▀[0m[38;2;238;90;106m[48;2;238;90;106m▀[0m[38;2;238;90;106m[48;2;238;90;106m▀[0m[38;2;238;90;106m[48;2;238;90;106m▀[0m[38;2;238;90;106m[48;2;238;90;106m▀[0m[38;2;255;123;139m[48;2;238;90;106m▀[0m[38;2;255;123;139m[48;2;238;90;106m▀[0m[38;2;255;123;139m[48;2;238;90;106m▀[0m[38;2;255;123;139m[48;2;255;123;139m▀[0m[38;2;255;123;139m[48;2;255;123;139m▀[0m[38;2;255;123;139m[48;2;255;197;238m▀[0m[38;2;255;123;139m[48;2;255;230;222m▀[0m[38;2;255;123;139m[48;2;255;230;222m▀[0m[38;2;255;123;139m[48;2;255;197;238m▀[0m[38;2;255;123;139m[48;2;255;123;139m▀[0m[38;2;255;123;139m[48;2;238;90;106m▀[0m[38;2;238;90;106m[48;2;238;90;106m▀[0m[38;2;238;90;106m[48;2;238;90;106m▀[0m[38;2;65;65;65m[48;2;197;57;90m▀[0m[38;2;197;57;90m[48;2;65;65;65m▀[0m[38;2;255;123;139m[48;2;197;57;90m▀[0m[38;2;255;123;139m[48;2;238;90;106m▀[0m[38;2;255;123;139m[48;2;238;90;106m▀[0m[38;2;255;123;139m[48;2;238;90;106m▀[0m[38;2;238;90;106m[48;2;238;90;106m▀[0m[38;2;238;90;106m[48;2;238;90;106m▀[0m[38;2;238;90;106m[48;2;238;90;106m▀[0m[38;2;238;90;106m[48;2;238;90;106m▀[0m[38;2;238;90;106m[48;2;238;90;106m▀[0m[38;2;238;90;106m[48;2;238;90;106m▀[0m[38;2;238;90;106m[48;2;238;90;106m▀[0m[38;2;238;90;106m[48;2;197;57;90m▀[0m[38;2;197;57;90m[48;2;0;0;0m▀[0m[38;2;0;0;0m▀
 [38;2;0;0;0m▀[38;2;197;57;90m[48;2;0;0;0m▀[0m[38;2;238;90;106m[48;2;197;57;90m▀[0m[38;2;238;90;106m[48;2;238;90;106m▀[0m[38;2;238;90;106m[48;2;238;90;106m▀[0m[38;2;238;90;106m[48;2;238;90;106m▀[0m[38;2;238;90;106m[48;2;238;90;106m▀[0m[38;2;238;90;106m[48;2;238;90;106m▀[0m[38;2;238;90;106m[48;2;238;90;106m▀[0m[38;2;238;90;106m[48;2;238;90;106m▀[0m[38;2;238;90;106m[48;2;238;90;106m▀[0m[38;2;238;90;106m[48;2;238;90;106m▀[0m[38;2;238;90;106m[48;2;238;90;106m▀[0m[38;2;238;90;106m[48;2;238;90;106m▀[0m[38;2;238;90;106m[48;2;238;90;106m▀[0m[38;2;238;90;106m[48;2;238;90;106m▀[0m[38;2;238;90;106m[48;2;238;90;106m▀[0m[38;2;238;90;106m[48;2;238;90;106m▀[0m[38;2;238;90;106m[48;2;238;90;106m▀[0m[38;2;238;90;106m[48;2;197;57;90m▀[0m[38;2;197;57;90m[48;2;197;57;90m▀[0m[38;2;197;57;90m[48;2;197;57;90m▀[0m[38;2;65;65;65m[48;2;65;65;65m▀[0m[38;2;197;57;90m[48;2;65;65;65m▀[0m[38;2;197;57;90m[48;2;197;57;90m▀[0m[38;2;238;90;106m[48;2;197;57;90m▀[0m[38;2;238;90;106m[48;2;197;57;90m▀[0m[38;2;238;90;106m[48;2;197;57;90m▀[0m[38;2;238;90;106m[48;2;197;57;90m▀[0m[38;2;238;90;106m[48;2;197;57;90m▀[0m[38;2;238;90;106m[48;2;0;0;0m▀[0m[38;2;238;90;106m[48;2;0;0;0m▀[0m[38;2;197;57;90m[48;2;0;0;0m▀[0m[38;2;0;0;0m▀[38;2;0;0;0m▀  
   [38;2;0;0;0m▀[38;2;0;0;0m▀[38;2;197;57;90m[48;2;0;0;0m▀[0m[38;2;238;90;106m[48;2;0;0;0m▀[0m[38;2;238;90;106m[48;2;0;0;0m▀[0m[38;2;238;90;106m[48;2;0;0;0m▀[0m[38;2;238;90;106m[48;2;238;90;106m▀[0m[38;2;238;90;106m[48;2;238;90;106m▀[0m[38;2;238;90;106m[48;2;238;90;106m▀[0m[38;2;238;90;106m[48;2;238;90;106m▀[0m[38;2;238;90;106m[48;2;238;90;106m▀[0m[38;2;238;90;106m[48;2;197;57;90m▀[0m[38;2;238;90;106m[48;2;197;57;90m▀[0m[38;2;238;90;106m[48;2;197;57;90m▀[0m[38;2;238;90;106m[48;2;197;57;90m▀[0m[38;2;197;57;90m[48;2;197;57;90m▀[0m[38;2;197;57;90m[48;2;65;65;65m▀[0m[38;2;197;57;90m[48;2;65;65;65m▀[0m[38;2;197;57;90m[48;2;65;65;65m▀[0m[38;2;65;65;65m[48;2;57;115;189m▀[0m[38;2;57;115;189m[48;2;57;115;189m▀[0m[38;2;57;115;189m[48;2;57;115;189m▀[0m[38;2;65;65;65m[48;2;57;115;189m▀[0m[38;2;65;65;65m[48;2;0;0;0m▀[0m[38;2;0;0;0m▀[38;2;0;0;0m▀[38;2;0;0;0m▀[38;2;0;0;0m▀       
      [38;2;0;0;0m▄[38;2;0;0;0m▄[38;2;0;0;0m▄[38;2;0;0;0m[48;2;57;115;189m▀[0m[38;2;65;65;65m[48;2;65;65;65m▀[0m[38;2;65;65;65m[48;2;82;156;213m▀[0m[38;2;65;65;65m[48;2;205;106;106m▀[0m[38;2;65;65;65m[48;2;82;156;213m▀[0m[38;2;65;65;65m[48;2;82;156;213m▀[0m[38;2;65;65;65m[48;2;82;156;213m▀[0m[38;2;65;65;65m[48;2;82;156;213m▀[0m[38;2;65;65;65m[48;2;82;156;213m▀[0m[38;2;65;65;65m[48;2;82;156;213m▀[0m[38;2;57;115;189m[48;2;82;156;213m▀[0m[38;2;57;115;189m[48;2;82;156;213m▀[0m[38;2;57;115;189m[48;2;57;115;189m▀[0m[38;2;57;115;189m[48;2;82;156;213m▀[0m[38;2;82;156;213m[48;2;57;115;189m▀[0m[38;2;57;115;189m[48;2;82;156;213m▀[0m[38;2;57;115;189m[48;2;57;115;189m▀[0m[38;2;0;0;0m[48;2;0;0;0m▀[0m           
     [38;2;0;0;0m[48;2;0;0;0m▀[0m[38;2;57;115;189m[48;2;57;115;189m▀[0m[38;2;57;115;189m[48;2;57;115;189m▀[0m[38;2;57;115;189m[48;2;57;115;189m▀[0m[38;2;57;115;189m[48;2;0;0;0m▀[0m[38;2;65;65;65m[48;2;0;0;0m▀[0m[38;2;82;156;213m[48;2;82;156;213m▀[0m[38;2;82;156;213m[48;2;82;156;213m▀[0m[38;2;82;156;213m[48;2;65;65;65m▀[0m[38;2;82;156;213m[48;2;82;156;213m▀[0m[38;2;82;156;213m[48;2;82;156;213m▀[0m[38;2;82;156;213m[48;2;82;156;213m▀[0m[38;2;82;156;213m[48;2;65;65;65m▀[0m[38;2;205;106;106m[48;2;82;156;213m▀[0m[38;2;82;156;213m[48;2;82;156;213m▀[0m[38;2;82;156;213m[48;2;82;156;213m▀[0m[38;2;82;156;213m[48;2;82;156;213m▀[0m[38;2;57;115;189m[48;2;57;115;189m▀[0m[38;2;82;156;213m[48;2;57;115;189m▀[0m[38;2;57;115;189m[48;2;57;115;189m▀[0m[38;2;57;115;189m[48;2;57;115;189m▀[0m[38;2;57;115;189m[48;2;57;115;189m▀[0m[38;2;0;0;0m[48;2;82;156;213m▀[0m[38;2;0;0;0m[48;2;82;156;213m▀[0m[38;2;0;0;0m▄[38;2;0;0;0m▄[38;2;0;0;0m▄      
      [38;2;0;0;0m▀[38;2;0;0;0m▀[38;2;0;0;0m▀  [38;2;0;0;0m[48;2;0;0;0m▀[0m[38;2;82;156;213m[48;2;57;115;189m▀[0m[38;2;82;156;213m[48;2;82;156;213m▀[0m[38;2;65;65;65m[48;2;82;156;213m▀[0m[38;2;65;65;65m[48;2;82;156;213m▀[0m[38;2;65;65;65m[48;2;82;156;213m▀[0m[38;2;82;156;213m[48;2;82;156;213m▀[0m[38;2;82;156;213m[48;2;82;156;213m▀[0m[38;2;82;156;213m[48;2;82;156;213m▀[0m[38;2;82;156;213m[48;2;82;156;213m▀[0m[38;2;82;156;213m[48;2;57;115;189m▀[0m[38;2;57;115;189m[48;2;57;115;189m▀[0m[38;2;57;115;189m[48;2;57;115;189m▀[0m[38;2;57;115;189m[48;2;57;115;189m▀[0m[38;2;57;115;189m[48;2;0;0;0m▀[0m[38;2;0;0;0m▀[38;2;82;156;213m[48;2;0;0;0m▀[0m[38;2;82;156;213m[48;2;57;115;189m▀[0m[38;2;82;156;213m[48;2;82;156;213m▀[0m[38;2;82;156;213m[48;2;82;156;213m▀[0m[38;2;57;115;189m[48;2;82;156;213m▀[0m[38;2;0;0;0m[48;2;0;0;0m▀[0m     
            [38;2;0;0;0m▀[38;2;57;115;189m[48;2;0;0;0m▀[0m[38;2;82;156;213m[48;2;65;65;65m▀[0m[38;2;82;156;213m[48;2;57;115;189m▀[0m[38;2;82;156;213m[48;2;57;115;189m▀[0m[38;2;82;156;213m[48;2;57;115;189m▀[0m[38;2;82;156;213m[48;2;57;115;189m▀[0m[38;2;57;115;189m[48;2;57;115;189m▀[0m[38;2;57;115;189m[48;2;57;115;189m▀[0m[38;2;57;115;189m[48;2;57;115;189m▀[0m[38;2;57;115;189m[48;2;65;65;65m▀[0m[38;2;57;115;189m[48;2;0;0;0m▀[0m[38;2;0;0;0m▀   [38;2;0;0;0m▀[38;2;0;0;0m▀[38;2;0;0;0m▀[38;2;0;0;0m▀      
          [38;2;0;0;0m▄[38;2;0;0;0m[48;2;57;115;189m▀[0m[38;2;0;0;0m[48;2;57;115;189m▀[0m[38;2;57;115;189m[48;2;57;115;189m▀[0m[38;2;57;115;189m[48;2;57;115;189m▀[0m[38;2;65;65;65m[48;2;57;115;189m▀[0m[38;2;65;65;65m[48;2;0;0;0m▀[0m[38;2;0;0;0m▀[38;2;0;0;0m▀[38;2;0;0;0m▀[38;2;0;0;0m▀[38;2;65;65;65m[48;2;0;0;0m▀[0m[38;2;57;115;189m[48;2;57;115;189m▀[0m[38;2;0;0;0m[48;2;57;115;189m▀[0m[38;2;0;0;0m▄             
          [38;2;0;0;0m▀[38;2;65;65;65m[48;2;0;0;0m▀[0m[38;2;57;115;189m[48;2;0;0;0m▀[0m[38;2;57;115;189m[48;2;0;0;0m▀[0m[38;2;0;0;0m▀[38;2;0;0;0m▀    [38;2;0;0;0m[48;2;0;0;0m▀[0m[38;2;57;115;189m[48;2;82;156;213m▀[0m[38;2;82;156;213m[48;2;82;156;213m▀[0m[38;2;82;156;213m[48;2;82;156;213m▀[0m[38;2;57;115;189m[48;2;82;156;213m▀[0m[38;2;0;0;0m[48;2;0;0;0m▀[0m            
                     [38;2;0;0;0m▀[38;2;82;156;213m[48;2;0;0;0m▀[0m[38;2;82;156;213m[48;2;0;0;0m▀[0m[38;2;65;65;65m[48;2;0;0;0m▀[0m[38;2;0;0;0m▀            
[0m
