                 [38;2;0;0;0m▄[38;2;0;0;0m▄[38;2;8;4;0m▄[38;2;0;0;0m[48;2;79;122;153m▀[0m[38;2;0;0;0m[48;2;74;124;167m▀[0m[38;2;0;0;0m[48;2;74;124;167m▀[0m[38;2;0;0;0m▄[38;2;0;0;0m▄[38;2;0;0;0m[48;2;82;153;205m▀[0m[38;2;0;0;0m[48;2;111;180;226m▀[0m[38;2;0;0;0m[48;2;106;178;222m▀[0m[38;2;0;0;0m▄[38;2;0;0;0m▄                
               [38;2;0;0;0m▄[38;2;0;0;0m[48;2;82;129;172m▀[0m[38;2;98;165;213m[48;2;106;178;230m▀[0m[38;2;98;165;213m[48;2;106;178;230m▀[0m[38;2;115;182;230m[48;2;82;153;205m▀[0m[38;2;43;63;76m[48;2;74;122;164m▀[0m[38;2;74;124;167m[48;2;74;124;167m▀[0m[38;2;74;124;167m[48;2;74;124;167m▀[0m[38;2;74;121;164m[48;2;74;121;164m▀[0m[38;2;74;121;164m[48;2;57;94;126m▀[0m[38;2;111;180;226m[48;2;57;94;126m▀[0m[38;2;111;180;226m[48;2;57;94;126m▀[0m[38;2;106;178;222m[48;2;106;178;222m▀[0m[38;2;106;178;222m[48;2;106;178;222m▀[0m[38;2;74;121;164m[48;2;106;182;230m▀[0m[38;2;0;0;0m[48;2;74;122;169m▀[0m[38;2;0;0;0m[48;2;54;86;115m▀[0m[38;2;0;0;0m▄             
              [38;2;0;0;0m▄[38;2;0;0;0m[48;2;74;122;164m▀[0m[38;2;54;86;115m[48;2;74;122;164m▀[0m[38;2;57;93;131m[48;2;63;95;120m▀[0m[38;2;74;121;164m[48;2;63;95;120m▀[0m[38;2;74;122;164m[48;2;74;121;164m▀[0m[38;2;74;122;164m[48;2;65;64;65m▀[0m[38;2;74;124;167m[48;2;65;64;65m▀[0m[38;2;74;124;167m[48;2;74;121;164m▀[0m[38;2;57;94;126m[48;2;74;124;167m▀[0m[38;2;74;121;164m[48;2;74;124;167m▀[0m[38;2;74;121;164m[48;2;74;121;164m▀[0m[38;2;74;121;164m[48;2;74;121;164m▀[0m[38;2;57;94;123m[48;2;65;64;65m▀[0m[38;2;106;178;222m[48;2;65;64;65m▀[0m[38;2;90;152;200m[48;2;65;64;65m▀[0m[38;2;74;122;169m[48;2;74;121;164m▀[0m[38;2;82;129;172m[48;2;65;64;65m▀[0m[38;2;0;0;0m[48;2;74;121;164m▀[0m[38;2;0;0;0m▄            
            [38;2;0;0;0m▄[38;2;0;0;0m[48;2;111;180;226m▀[0m[38;2;106;178;222m[48;2;111;180;226m▀[0m[38;2;82;153;205m[48;2;106;178;230m▀[0m[38;2;74;122;164m[48;2;68;99;126m▀[0m[38;2;65;125;172m[48;2;65;64;65m▀[0m[38;2;60;66;68m[48;2;74;121;164m▀[0m[38;2;65;64;65m[48;2;74;121;164m▀[0m[38;2;74;121;164m[48;2;74;121;164m▀[0m[38;2;74;121;164m[48;2;74;121;164m▀[0m[38;2;65;64;65m[48;2;74;121;164m▀[0m[38;2;74;124;167m[48;2;86;123;148m▀[0m[38;2;74;124;167m[48;2;65;64;65m▀[0m[38;2;65;64;65m[48;2;111;180;226m▀[0m[38;2;65;64;65m[48;2;82;153;205m▀[0m[38;2;74;121;164m[48;2;74;121;164m▀[0m[38;2;74;121;164m[48;2;74;121;164m▀[0m[38;2;74;121;164m[48;2;74;124;167m▀[0m[38;2;74;121;164m[48;2;74;124;167m▀[0m[38;2;74;121;164m[48;2;71;124;164m▀[0m[38;2;74;121;164m[48;2;82;153;205m▀[0m[38;2;0;0;0m[48;2;82;153;205m▀[0m[38;2;0;0;0m▄           
 [38;2;0;0;0m▄[38;2;0;0;0m▄[38;2;0;0;0m▄        [38;2;0;0;0m[48;2;0;0;0m▀[0m[38;2;82;153;205m[48;2;74;121;164m▀[0m[38;2;111;180;226m[48;2;74;121;164m▀[0m[38;2;68;99;126m[48;2;74;121;164m▀[0m[38;2;49;60;74m[48;2;65;64;65m▀[0m[38;2;74;121;164m[48;2;74;121;164m▀[0m[38;2;74;121;164m[48;2;74;121;164m▀[0m[38;2;74;121;164m[48;2;65;64;65m▀[0m[38;2;65;64;65m[48;2;94;97;94m▀[0m[38;2;65;64;65m[48;2;94;97;94m▀[0m[38;2;74;121;164m[48;2;65;64;65m▀[0m[38;2;65;64;65m[48;2;65;64;65m▀[0m[38;2;106;182;230m[48;2;82;153;213m▀[0m[38;2;111;180;226m[48;2;106;182;230m▀[0m[38;2;111;180;226m[48;2;65;64;65m▀[0m[38;2;65;64;65m[48;2;74;124;167m▀[0m[38;2;65;64;65m[48;2;74;124;167m▀[0m[38;2;74;124;167m[48;2;74;121;164m▀[0m[38;2;74;124;167m[48;2;74;121;164m▀[0m[38;2;60;94;123m[48;2;74;121;164m▀[0m[38;2;82;153;205m[48;2;57;94;126m▀[0m[38;2;82;153;205m[48;2;82;153;205m▀[0m[38;2;82;153;205m[48;2;82;153;205m▀[0m[38;2;0;0;0m[48;2;0;0;0m▀[0m          
[38;2;0;0;0m[48;2;0;0;0m▀[0m[38;2;189;68;123m[48;2;189;72;139m▀[0m[38;2;126;45;82m[48;2;131;40;57m▀[0m[38;2;189;72;139m[48;2;189;72;139m▀[0m[38;2;0;0;0m[48;2;131;40;57m▀[0m[38;2;0;0;0m[48;2;189;72;139m▀[0m[38;2;0;0;0m▄     [38;2;0;0;0m▀[38;2;74;121;164m[48;2;0;0;0m▀[0m[38;2;65;64;65m[48;2;74;121;164m▀[0m[38;2;74;121;164m[48;2;74;121;164m▀[0m[38;2;74;121;164m[48;2;65;64;65m▀[0m[38;2;65;64;65m[48;2;95;98;95m▀[0m[38;2;65;64;65m[48;2;175;176;175m▀[0m[38;2;94;97;94m[48;2;255;255;255m▀[0m[38;2;94;97;94m[48;2;90;87;90m▀[0m[38;2;94;97;94m[48;2;95;97;95m▀[0m[38;2;94;97;94m[48;2;95;97;95m▀[0m[38;2;65;64;65m[48;2;49;64;74m▀[0m[38;2;76;124;164m[48;2;112;126;134m▀[0m[38;2;86;123;148m[48;2;74;124;167m▀[0m[38;2;65;64;65m[48;2;74;124;167m▀[0m[38;2;74;124;167m[48;2;65;64;65m▀[0m[38;2;74;124;167m[48;2;74;121;164m▀[0m[38;2;74;121;164m[48;2;74;124;167m▀[0m[38;2;65;64;65m[48;2;74;124;167m▀[0m[38;2;74;121;164m[48;2;65;64;65m▀[0m[38;2;57;94;126m[48;2;68;94;117m▀[0m[38;2;74;122;164m[48;2;74;124;167m▀[0m[38;2;74;122;164m[48;2;74;124;167m▀[0m[38;2;0;0;0m[48;2;0;0;0m▀[0m          
[38;2;0;0;0m▀[38;2;189;72;139m[48;2;16;0;0m▀[0m[38;2;131;40;57m[48;2;61;58;78m▀[0m[38;2;189;72;139m[48;2;186;71;134m▀[0m[38;2;131;40;57m[48;2;115;52;57m▀[0m[38;2;189;72;139m[48;2;189;72;139m▀[0m[38;2;0;0;0m[48;2;0;0;0m▀[0m     [38;2;0;0;0m▄[38;2;0;0;0m[48;2;65;64;65m▀[0m[38;2;74;121;164m[48;2;71;124;169m▀[0m[38;2;74;121;164m[48;2;74;124;167m▀[0m[38;2;65;64;65m[48;2;74;124;167m▀[0m[38;2;95;98;95m[48;2;57;64;74m▀[0m[38;2;255;255;255m[48;2;156;175;189m▀[0m[38;2;8;4;8m[48;2;255;255;255m▀[0m[38;2;172;171;172m[48;2;95;98;95m▀[0m[38;2;95;97;95m[48;2;94;97;94m▀[0m[38;2;95;97;95m[48;2;172;174;172m▀[0m[38;2;238;250;255m[48;2;0;0;0m▀[0m[38;2;49;64;74m[48;2;255;255;255m▀[0m[38;2;74;124;167m[48;2;65;64;65m▀[0m[38;2;74;124;167m[48;2;74;121;164m▀[0m[38;2;74;121;164m[48;2;74;124;167m▀[0m[38;2;65;64;65m[48;2;74;124;167m▀[0m[38;2;74;124;167m[48;2;65;64;65m▀[0m[38;2;74;124;167m[48;2;71;124;169m▀[0m[38;2;65;64;65m[48;2;74;124;167m▀[0m[38;2;71;124;169m[48;2;74;124;167m▀[0m[38;2;74;124;167m[48;2;82;129;172m▀[0m[38;2;74;124;167m[48;2;16;12;8m▀[0m[38;2;0;0;0m▀          
 [38;2;16;0;0m▀[38;2;106;117;156m[48;2;0;0;0m▀[0m[38;2;115;52;57m[48;2;49;66;82m▀[0m[38;2;115;52;57m[48;2;82;125;164m▀[0m[38;2;189;72;139m[48;2;82;80;65m▀[0m[38;2;0;0;0m[48;2;74;121;164m▀[0m[38;2;0;0;0m▄  [38;2;0;0;0m▄[38;2;0;0;0m[48;2;60;94;126m▀[0m[38;2;57;95;127m[48;2;60;94;126m▀[0m[38;2;68;94;117m[48;2;65;64;65m▀[0m[38;2;65;64;65m[48;2;65;64;65m▀[0m[38;2;74;124;167m[48;2;57;94;126m▀[0m[38;2;74;124;167m[48;2;74;121;164m▀[0m[38;2;106;120;131m[48;2;74;121;164m▀[0m[38;2;57;64;74m[48;2;65;64;65m▀[0m[38;2;95;98;95m[48;2;74;68;65m▀[0m[38;2;95;98;95m[48;2;76;87;98m▀[0m[38;2;94;97;94m[48;2;94;97;94m▀[0m[38;2;94;97;94m[48;2;94;97;94m▀[0m[38;2;255;255;255m[48;2;65;64;65m▀[0m[38;2;169;169;169m[48;2;65;64;65m▀[0m[38;2;65;64;65m[48;2;74;121;164m▀[0m[38;2;65;64;65m[48;2;65;64;65m▀[0m[38;2;74;124;167m[48;2;74;124;167m▀[0m[38;2;74;124;167m[48;2;74;124;167m▀[0m[38;2;68;94;117m[48;2;57;93;123m▀[0m[38;2;65;64;65m[48;2;74;122;167m▀[0m[38;2;74;124;167m[48;2;65;64;65m▀[0m[38;2;74;124;167m[48;2;68;94;117m▀[0m[38;2;38;51;63m[48;2;60;94;126m▀[0m[38;2;60;90;117m[48;2;60;94;126m▀[0m[38;2;0;0;0m[48;2;60;94;126m▀[0m[38;2;0;0;0m▄     [38;2;0;0;0m▄[38;2;0;0;0m▄  
   [38;2;16;8;0m▀[38;2;82;125;164m[48;2;0;0;0m▀[0m[38;2;82;80;65m[48;2;0;0;0m▀[0m[38;2;74;121;164m[48;2;82;78;69m▀[0m[38;2;74;121;164m[48;2;74;121;164m▀[0m[38;2;0;0;0m[48;2;74;121;164m▀[0m[38;2;0;0;0m[48;2;74;121;164m▀[0m[38;2;65;64;65m[48;2;0;0;0m▀[0m[38;2;60;94;126m[48;2;65;97;123m▀[0m[38;2;65;64;65m[48;2;46;64;82m▀[0m[38;2;82;153;205m[48;2;82;153;205m▀[0m[38;2;82;153;205m[48;2;82;153;205m▀[0m[38;2;57;94;126m[48;2;74;124;167m▀[0m[38;2;74;121;164m[48;2;74;124;167m▀[0m[38;2;74;121;164m[48;2;74;121;164m▀[0m[38;2;65;64;65m[48;2;65;64;65m▀[0m[38;2;82;125;164m[48;2;74;122;167m▀[0m[38;2;74;68;65m[48;2;74;122;167m▀[0m[38;2;65;64;65m[48;2;74;124;167m▀[0m[38;2;65;64;65m[48;2;74;124;167m▀[0m[38;2;74;121;164m[48;2;74;121;164m▀[0m[38;2;74;121;164m[48;2;74;121;164m▀[0m[38;2;74;121;164m[48;2;57;93;123m▀[0m[38;2;65;64;65m[48;2;74;122;167m▀[0m[38;2;74;124;167m[48;2;65;64;65m▀[0m[38;2;74;124;167m[48;2;74;121;164m▀[0m[38;2;74;122;167m[48;2;74;121;164m▀[0m[38;2;74;122;167m[48;2;65;64;65m▀[0m[38;2;65;64;65m[48;2;74;121;164m▀[0m[38;2;71;124;169m[48;2;74;121;164m▀[0m[38;2;65;64;65m[48;2;74;121;164m▀[0m[38;2;60;94;126m[48;2;65;64;65m▀[0m[38;2;60;94;126m[48;2;57;95;127m▀[0m[38;2;0;0;0m[48;2;0;0;0m▀[0m   [38;2;0;0;0m▄[38;2;0;0;0m[48;2;189;72;139m▀[0m[38;2;189;72;139m[48;2;131;40;57m▀[0m[38;2;127;40;53m[48;2;189;72;137m▀[0m[38;2;0;0;0m[48;2;189;72;137m▀[0m[38;2;0;0;0m▄
      [38;2;0;0;0m▀[38;2;0;0;0m▀[38;2;0;0;0m▀[38;2;0;0;0m▀[38;2;0;0;0m▄[38;2;8;0;0m[48;2;60;94;126m▀[0m[38;2;65;97;123m[48;2;60;94;126m▀[0m[38;2;65;64;65m[48;2;68;94;117m▀[0m[38;2;76;124;159m[48;2;65;64;65m▀[0m[38;2;74;124;167m[48;2;65;64;65m▀[0m[38;2;74;124;167m[48;2;65;64;65m▀[0m[38;2;65;64;65m[48;2;74;124;167m▀[0m[38;2;74;121;164m[48;2;74;124;167m▀[0m[38;2;57;93;123m[48;2;74;124;167m▀[0m[38;2;74;122;167m[48;2;74;124;167m▀[0m[38;2;74;124;167m[48;2;74;121;164m▀[0m[38;2;74;124;167m[48;2;74;121;164m▀[0m[38;2;57;94;126m[48;2;74;121;164m▀[0m[38;2;57;94;126m[48;2;74;121;164m▀[0m[38;2;74;122;167m[48;2;74;124;167m▀[0m[38;2;74;122;167m[48;2;74;124;167m▀[0m[38;2;74;121;164m[48;2;74;124;167m▀[0m[38;2;65;64;65m[48;2;74;124;167m▀[0m[38;2;65;64;65m[48;2;74;124;167m▀[0m[38;2;74;121;164m[48;2;74;124;167m▀[0m[38;2;74;121;164m[48;2;74;122;167m▀[0m[38;2;65;64;65m[48;2;74;122;167m▀[0m[38;2;74;121;164m[48;2;65;64;65m▀[0m[38;2;74;121;164m[48;2;71;124;169m▀[0m[38;2;0;0;0m[48;2;74;121;164m▀[0m[38;2;0;0;0m▄[38;2;0;0;0m▄[38;2;0;0;0m[48;2;74;121;164m▀[0m[38;2;0;0;0m[48;2;74;89;90m▀[0m[38;2;189;72;139m[48;2;74;89;90m▀[0m[38;2;131;40;57m[48;2;189;72;137m▀[0m[38;2;189;72;139m[48;2;189;72;137m▀[0m[38;2;189;72;137m[48;2;189;72;139m▀[0m[38;2;189;72;137m[48;2;0;0;0m▀[0m[38;2;0;0;0m▀
          [38;2;0;0;0m▀[38;2;60;94;126m[48;2;0;0;0m▀[0m[38;2;65;64;65m[48;2;74;121;164m▀[0m[38;2;71;124;169m[48;2;74;121;164m▀[0m[38;2;71;124;169m[48;2;74;121;164m▀[0m[38;2;60;94;126m[48;2;65;64;65m▀[0m[38;2;60;94;126m[48;2;60;94;126m▀[0m[38;2;74;124;167m[48;2;65;64;65m▀[0m[38;2;74;124;167m[48;2;71;124;169m▀[0m[38;2;74;124;167m[48;2;71;124;169m▀[0m[38;2;74;124;167m[48;2;65;64;65m▀[0m[38;2;57;94;126m[48;2;60;95;126m▀[0m[38;2;57;94;126m[48;2;60;95;126m▀[0m[38;2;74;121;164m[48;2;65;64;65m▀[0m[38;2;65;64;65m[48;2;60;94;126m▀[0m[38;2;74;124;167m[48;2;71;124;169m▀[0m[38;2;74;124;167m[48;2;71;124;169m▀[0m[38;2;74;124;167m[48;2;60;94;126m▀[0m[38;2;74;124;167m[48;2;65;64;65m▀[0m[38;2;74;124;167m[48;2;74;121;164m▀[0m[38;2;74;124;167m[48;2;74;121;164m▀[0m[38;2;74;122;167m[48;2;65;64;65m▀[0m[38;2;57;93;123m[48;2;60;94;126m▀[0m[38;2;68;94;117m[48;2;60;94;126m▀[0m[38;2;65;64;65m[48;2;60;94;126m▀[0m[38;2;74;121;164m[48;2;0;0;0m▀[0m[38;2;74;121;164m[48;2;0;0;0m▀[0m[38;2;74;121;164m[48;2;74;121;164m▀[0m[38;2;74;121;164m[48;2;74;121;164m▀[0m[38;2;109;87;112m[48;2;74;121;164m▀[0m[38;2;180;85;156m[48;2;74;121;164m▀[0m[38;2;189;72;137m[48;2;0;0;0m▀[0m[38;2;189;72;137m[48;2;0;0;0m▀[0m[38;2;0;0;0m▀  
           [38;2;0;0;0m[48;2;0;0;0m▀[0m[38;2;74;121;164m[48;2;57;95;127m▀[0m[38;2;74;121;164m[48;2;57;95;127m▀[0m[38;2;65;64;65m[48;2;0;0;0m▀[0m[38;2;60;94;126m[48;2;76;47;52m▀[0m[38;2;65;64;65m[48;2;76;47;52m▀[0m[38;2;65;64;65m[48;2;82;78;68m▀[0m[38;2;68;94;117m[48;2;65;64;65m▀[0m[38;2;68;94;117m[48;2;60;94;126m▀[0m[38;2;65;64;65m[48;2;60;94;126m▀[0m[38;2;60;95;126m[48;2;65;64;65m▀[0m[38;2;60;95;126m[48;2;65;64;65m▀[0m[38;2;65;64;65m[48;2;71;70;65m▀[0m[38;2;60;94;126m[48;2;60;95;123m▀[0m[38;2;68;94;117m[48;2;60;95;123m▀[0m[38;2;65;64;65m[48;2;71;70;65m▀[0m[38;2;60;94;126m[48;2;65;64;65m▀[0m[38;2;65;64;65m[48;2;65;64;65m▀[0m[38;2;57;94;126m[48;2;60;94;126m▀[0m[38;2;57;94;126m[48;2;60;94;126m▀[0m[38;2;65;64;65m[48;2;71;70;65m▀[0m[38;2;60;94;126m[48;2;71;70;65m▀[0m[38;2;60;94;126m[48;2;60;95;126m▀[0m[38;2;0;0;0m[48;2;60;95;126m▀[0m[38;2;0;0;0m▄ [38;2;0;0;0m▀[38;2;0;0;0m▀[38;2;0;0;0m▀[38;2;0;0;0m▀     
            [38;2;0;0;0m▀[38;2;0;0;0m▀ [38;2;0;12;8m[48;2;0;0;0m▀[0m[38;2;115;64;74m[48;2;65;64;65m▀[0m[38;2;82;78;68m[48;2;131;40;54m▀[0m[38;2;82;78;68m[48;2;131;40;54m▀[0m[38;2;65;64;65m[48;2;131;40;54m▀[0m[38;2;65;64;65m[48;2;131;40;54m▀[0m[38;2;65;64;65m[48;2;0;0;0m▀[0m[38;2;82;78;68m[48;2;0;0;0m▀[0m[38;2;71;70;65m[48;2;0;0;0m▀[0m[38;2;71;70;65m[48;2;0;0;0m▀[0m[38;2;71;70;65m[48;2;189;80;139m▀[0m[38;2;71;70;65m[48;2;94;48;69m▀[0m[38;2;82;78;68m[48;2;82;80;65m▀[0m[38;2;82;78;68m[48;2;82;80;65m▀[0m[38;2;65;64;65m[48;2;74;72;65m▀[0m[38;2;65;64;65m[48;2;189;72;137m▀[0m[38;2;71;70;65m[48;2;0;0;0m▀[0m[38;2;0;0;0m▀[38;2;60;95;126m[48;2;0;0;0m▀[0m[38;2;60;95;126m[48;2;57;95;127m▀[0m[38;2;57;95;127m[48;2;57;95;127m▀[0m[38;2;0;0;0m[48;2;0;0;0m▀[0m         
                [38;2;0;0;0m▀[38;2;0;0;0m▀[38;2;0;0;0m▀[38;2;0;0;0m▀[38;2;0;0;0m▀    [38;2;0;16;0m▀[38;2;189;80;139m[48;2;0;0;0m▀[0m[38;2;186;72;137m[48;2;0;0;0m▀[0m[38;2;186;72;137m[48;2;0;0;0m▀[0m[38;2;189;72;137m[48;2;0;0;0m▀[0m[38;2;74;72;65m[48;2;0;0;0m▀[0m[38;2;0;0;0m▀  [38;2;0;0;0m▀[38;2;0;0;0m▀          
[0m
