                 [38;2;0;0;0m▄[38;2;0;0;0m▄[38;2;0;0;0m[48;2;255;207;66m▀[0m[38;2;0;0;0m[48;2;255;207;66m▀[0m[38;2;8;4;0m[48;2;255;255;206m▀[0m[38;2;8;4;0m[48;2;172;171;137m▀[0m[38;2;0;0;0m▄[38;2;0;0;0m▄               
                [38;2;0;0;0m▀[38;2;170;152;49m[48;2;0;4;0m▀[0m[38;2;255;227;74m[48;2;0;4;0m▀[0m[38;2;255;207;66m[48;2;193;180;66m▀[0m[38;2;255;207;66m[48;2;193;180;66m▀[0m[38;2;255;207;66m[48;2;193;180;66m▀[0m[38;2;255;207;66m[48;2;193;180;66m▀[0m[38;2;255;227;74m[48;2;0;4;0m▀[0m[38;2;170;152;49m[48;2;0;4;0m▀[0m[38;2;0;0;0m▀              
                  [38;2;0;0;0m▄[38;2;0;4;33m[48;2;123;107;66m▀[0m[38;2;123;107;66m[48;2;247;211;99m▀[0m[38;2;123;107;66m[48;2;247;211;99m▀[0m[38;2;0;4;33m[48;2;123;107;66m▀[0m[38;2;0;0;0m▄                
               [38;2;0;0;0m▄[38;2;0;0;0m▄[38;2;0;0;24m[48;2;77;65;46m▀[0m[38;2;154;130;68m[48;2;231;195;90m▀[0m[38;2;198;195;189m[48;2;111;113;94m▀[0m[38;2;198;195;189m[48;2;111;113;94m▀[0m[38;2;198;195;189m[48;2;111;113;94m▀[0m[38;2;198;195;189m[48;2;111;113;94m▀[0m[38;2;123;105;49m[48;2;247;211;90m▀[0m[38;2;0;0;8m[48;2;0;0;8m▀[0m               
           [38;2;0;0;0m▄[38;2;0;0;0m[48;2;90;91;78m▀[0m[38;2;0;0;0m[48;2;198;195;189m▀[0m[38;2;0;0;0m[48;2;198;195;189m▀[0m[38;2;173;174;173m[48;2;101;98;95m▀[0m[38;2;173;174;173m[48;2;66;60;57m▀[0m[38;2;66;65;66m[48;2;66;65;66m▀[0m[38;2;110;108;107m[48;2;198;195;189m▀[0m[38;2;255;207;66m[48;2;112;112;93m▀[0m[38;2;255;207;66m[48;2;112;112;93m▀[0m[38;2;255;207;66m[48;2;112;112;93m▀[0m[38;2;255;207;66m[48;2;112;112;93m▀[0m[38;2;107;101;94m[48;2;206;199;189m▀[0m[38;2;8;4;0m[48;2;206;199;189m▀[0m[38;2;0;0;0m▄[38;2;0;0;0m▄[38;2;0;0;0m[48;2;173;174;173m▀[0m[38;2;0;0;0m[48;2;173;174;173m▀[0m[38;2;0;0;0m[48;2;173;178;173m▀[0m[38;2;0;0;0m[48;2;86;89;86m▀[0m[38;2;0;0;0m▄[38;2;0;0;0m▄       
           [38;2;0;0;0m[48;2;0;0;0m▀[0m[38;2;198;195;189m[48;2;198;195;189m▀[0m[38;2;200;194;186m[48;2;90;89;82m▀[0m[38;2;200;194;186m[48;2;90;89;82m▀[0m[38;2;198;195;189m[48;2;74;73;74m▀[0m[38;2;74;73;74m[48;2;74;73;74m▀[0m[38;2;200;195;189m[48;2;200;195;189m▀[0m[38;2;200;195;189m[48;2;200;195;189m▀[0m[38;2;200;195;189m[48;2;200;195;189m▀[0m[38;2;200;195;189m[48;2;200;195;189m▀[0m[38;2;200;195;189m[48;2;200;195;189m▀[0m[38;2;200;195;189m[48;2;200;195;189m▀[0m[38;2;198;195;189m[48;2;111;113;94m▀[0m[38;2;198;195;189m[48;2;198;195;189m▀[0m[38;2;66;60;57m[48;2;66;60;57m▀[0m[38;2;165;174;165m[48;2;99;98;93m▀[0m[38;2;90;89;82m[48;2;200;194;186m▀[0m[38;2;90;89;82m[48;2;200;194;186m▀[0m[38;2;90;89;82m[48;2;200;194;186m▀[0m[38;2;200;194;186m[48;2;200;194;186m▀[0m[38;2;200;195;189m[48;2;200;195;189m▀[0m[38;2;200;195;189m[48;2;200;195;189m▀[0m[38;2;0;0;0m[48;2;0;0;0m▀[0m      
            [38;2;0;0;0m[48;2;0;0;0m▀[0m[38;2;200;195;189m[48;2;200;195;189m▀[0m[38;2;200;195;189m[48;2;200;195;189m▀[0m[38;2;198;195;189m[48;2;198;195;189m▀[0m[38;2;66;65;66m[48;2;198;195;189m▀[0m[38;2;74;85;82m[48;2;74;85;82m▀[0m[38;2;131;91;76m[48;2;247;105;66m▀[0m[38;2;112;112;98m[48;2;255;150;66m▀[0m[38;2;112;112;98m[48;2;255;150;66m▀[0m[38;2;115;113;93m[48;2;66;65;66m▀[0m[38;2;90;89;79m[48;2;90;89;79m▀[0m[38;2;200;195;189m[48;2;200;195;189m▀[0m[38;2;200;195;189m[48;2;200;195;189m▀[0m[38;2;74;73;74m[48;2;74;73;74m▀[0m[38;2;198;195;189m[48;2;74;73;74m▀[0m[38;2;90;89;82m[48;2;200;194;186m▀[0m[38;2;90;89;82m[48;2;200;194;186m▀[0m[38;2;90;89;82m[48;2;200;194;186m▀[0m[38;2;200;194;186m[48;2;90;89;82m▀[0m[38;2;198;195;181m[48;2;0;0;0m▀[0m[38;2;99;97;90m[48;2;0;0;0m▀[0m[38;2;0;0;0m▀      
 [38;2;0;0;0m▄[38;2;0;0;0m[48;2;82;79;70m▀[0m[38;2;0;0;0m[48;2;198;195;189m▀[0m[38;2;0;0;0m[48;2;198;195;189m▀[0m[38;2;0;0;0m[48;2;198;195;189m▀[0m[38;2;0;0;0m▄[38;2;0;0;0m▄[38;2;0;0;0m▄  [38;2;0;0;0m▄[38;2;0;0;0m▄[38;2;0;0;0m[48;2;107;105;99m▀[0m[38;2;71;70;66m[48;2;71;70;66m▀[0m[38;2;198;199;181m[48;2;66;69;57m▀[0m[38;2;110;112;98m[48;2;110;112;98m▀[0m[38;2;74;73;74m[48;2;198;195;189m▀[0m[38;2;74;73;74m[48;2;74;73;74m▀[0m[38;2;255;207;66m[48;2;74;73;74m▀[0m[38;2;74;73;74m[48;2;74;73;74m▀[0m[38;2;66;65;66m[48;2;198;195;189m▀[0m[38;2;198;195;189m[48;2;198;195;189m▀[0m[38;2;198;195;189m[48;2;120;121;112m▀[0m[38;2;82;85;74m[48;2;198;195;189m▀[0m[38;2;200;195;189m[48;2;200;195;189m▀[0m[38;2;200;195;189m[48;2;200;195;189m▀[0m[38;2;200;195;189m[48;2;200;195;189m▀[0m[38;2;200;195;189m[48;2;200;195;189m▀[0m[38;2;189;186;173m[48;2;63;62;57m▀[0m[38;2;0;0;0m[48;2;126;124;115m▀[0m[38;2;0;0;0m▄        
[38;2;0;0;0m▀[38;2;115;113;99m[48;2;0;0;0m▀[0m[38;2;115;113;99m[48;2;76;75;66m▀[0m[38;2;82;78;68m[48;2;115;112;95m▀[0m[38;2;115;112;95m[48;2;82;78;68m▀[0m[38;2;111;113;94m[48;2;111;113;94m▀[0m[38;2;198;195;189m[48;2;198;195;189m▀[0m[38;2;66;65;66m[48;2;66;65;66m▀[0m[38;2;82;78;68m[48;2;82;78;68m▀[0m[38;2;0;0;0m[48;2;74;71;68m▀[0m[38;2;0;0;0m[48;2;74;71;68m▀[0m[38;2;255;207;66m[48;2;112;112;93m▀[0m[38;2;112;112;93m[48;2;255;207;66m▀[0m[38;2;255;207;66m[48;2;112;112;93m▀[0m[38;2;112;112;93m[48;2;255;207;66m▀[0m[38;2;66;65;66m[48;2;110;108;107m▀[0m[38;2;198;195;189m[48;2;66;65;66m▀[0m[38;2;111;113;94m[48;2;198;195;189m▀[0m[38;2;198;195;189m[48;2;111;113;94m▀[0m[38;2;198;195;189m[48;2;111;113;94m▀[0m[38;2;198;195;189m[48;2;111;113;94m▀[0m[38;2;111;113;94m[48;2;198;195;189m▀[0m[38;2;111;113;94m[48;2;198;195;189m▀[0m[38;2;198;195;189m[48;2;66;65;66m▀[0m[38;2;198;195;189m[48;2;66;65;66m▀[0m[38;2;66;65;66m[48;2;112;113;96m▀[0m[38;2;66;65;66m[48;2;112;113;96m▀[0m[38;2;66;65;74m[48;2;129;112;74m▀[0m[38;2;66;65;74m[48;2;255;207;74m▀[0m[38;2;255;207;66m[48;2;112;112;93m▀[0m[38;2;255;207;66m[48;2;112;112;93m▀[0m[38;2;127;105;49m[48;2;255;207;74m▀[0m[38;2;0;4;24m[48;2;255;207;74m▀[0m[38;2;0;0;0m▄      
[38;2;0;0;0m▀[38;2;111;113;94m[48;2;0;0;0m▀[0m[38;2;111;113;94m[48;2;0;0;0m▀[0m[38;2;111;113;94m[48;2;0;0;0m▀[0m[38;2;111;113;94m[48;2;111;113;94m▀[0m[38;2;112;113;95m[48;2;112;113;95m▀[0m[38;2;112;113;95m[48;2;112;113;95m▀[0m[38;2;198;195;189m[48;2;110;108;107m▀[0m[38;2;66;65;66m[48;2;66;65;66m▀[0m[38;2;82;78;68m[48;2;82;78;68m▀[0m[38;2;66;65;66m[48;2;66;65;66m▀[0m[38;2;120;116;71m[48;2;120;116;71m▀[0m[38;2;181;174;99m[48;2;0;0;16m▀[0m[38;2;115;113;99m[48;2;0;0;0m▀[0m[38;2;76;75;66m[48;2;115;113;99m▀[0m[38;2;112;113;95m[48;2;112;113;95m▀[0m[38;2;112;113;95m[48;2;112;113;95m▀[0m[38;2;66;65;66m[48;2;110;108;107m▀[0m[38;2;198;195;189m[48;2;66;65;66m▀[0m[38;2;198;195;189m[48;2;66;65;66m▀[0m[38;2;198;195;189m[48;2;66;65;66m▀[0m[38;2;66;65;66m[48;2;112;113;96m▀[0m[38;2;66;65;66m[48;2;112;113;96m▀[0m[38;2;112;113;95m[48;2;112;113;95m▀[0m[38;2;112;113;95m[48;2;112;113;95m▀[0m[38;2;112;113;95m[48;2;112;113;95m▀[0m[38;2;112;113;95m[48;2;112;113;95m▀[0m[38;2;189;178;74m[48;2;82;81;90m▀[0m[38;2;117;113;84m[48;2;117;113;84m▀[0m[38;2;123;117;71m[48;2;189;166;68m▀[0m[38;2;255;215;66m[48;2;57;69;74m▀[0m[38;2;66;65;66m[48;2;82;78;68m▀[0m[38;2;66;65;66m[48;2;66;65;66m▀[0m[38;2;71;70;66m[48;2;71;70;66m▀[0m[38;2;0;0;0m[48;2;71;70;66m▀[0m[38;2;0;0;0m[48;2;66;65;66m▀[0m[38;2;0;0;0m▄   
    [38;2;0;0;0m▀[38;2;111;113;94m[48;2;0;0;0m▀[0m[38;2;111;113;94m[48;2;111;113;94m▀[0m[38;2;126;124;115m[48;2;189;186;173m▀[0m[38;2;63;62;57m[48;2;0;0;0m▀[0m[38;2;82;79;70m[48;2;0;0;0m▀[0m[38;2;0;0;0m▀[38;2;0;0;0m▀ [38;2;0;0;0m▄[38;2;0;0;0m[48;2;189;178;66m▀[0m[38;2;115;112;95m[48;2;82;78;68m▀[0m[38;2;115;112;95m[48;2;115;112;95m▀[0m[38;2;112;113;95m[48;2;112;113;95m▀[0m[38;2;112;113;95m[48;2;112;113;95m▀[0m[38;2;112;113;95m[48;2;112;113;95m▀[0m[38;2;112;113;95m[48;2;112;113;95m▀[0m[38;2;115;112;95m[48;2;115;112;95m▀[0m[38;2;115;112;95m[48;2;82;78;68m▀[0m[38;2;117;113;74m[48;2;82;81;74m▀[0m[38;2;82;81;74m[48;2;189;178;74m▀[0m[38;2;115;112;95m[48;2;82;78;68m▀[0m[38;2;115;112;95m[48;2;115;112;95m▀[0m[38;2;82;78;68m[48;2;115;112;95m▀[0m[38;2;115;112;95m[48;2;82;78;68m▀[0m[38;2;66;65;66m[48;2;66;65;66m▀[0m[38;2;66;65;66m[48;2;198;195;189m▀[0m[38;2;74;73;66m[48;2;198;195;189m▀[0m[38;2;198;195;189m[48;2;74;73;66m▀[0m[38;2;198;199;181m[48;2;110;112;98m▀[0m[38;2;66;69;57m[48;2;110;112;98m▀[0m[38;2;198;195;189m[48;2;82;78;68m▀[0m[38;2;198;195;189m[48;2;82;78;68m▀[0m[38;2;0;4;0m[48;2;103;103;94m▀[0m[38;2;0;4;0m[48;2;206;203;189m▀[0m[38;2;0;0;0m▄
    [38;2;0;0;0m▀[38;2;103;103;94m[48;2;0;4;0m▀[0m[38;2;206;203;189m[48;2;0;4;0m▀[0m[38;2;0;0;0m▀     [38;2;0;0;0m▀[38;2;255;207;66m[48;2;0;0;0m▀[0m[38;2;82;78;68m[48;2;82;78;68m▀[0m[38;2;115;112;95m[48;2;115;112;95m▀[0m[38;2;112;113;95m[48;2;112;113;95m▀[0m[38;2;112;113;95m[48;2;112;113;95m▀[0m[38;2;115;112;95m[48;2;115;112;95m▀[0m[38;2;115;112;95m[48;2;82;78;68m▀[0m[38;2;82;85;66m[48;2;255;215;66m▀[0m[38;2;197;171;66m[48;2;197;171;66m▀[0m[38;2;255;211;66m[48;2;255;211;66m▀[0m[38;2;197;169;66m[48;2;82;85;66m▀[0m[38;2;82;81;74m[48;2;93;91;82m▀[0m[38;2;115;113;99m[48;2;93;91;82m▀[0m[38;2;90;90;79m[48;2;90;90;79m▀[0m[38;2;82;79;68m[48;2;90;90;79m▀[0m[38;2;66;65;66m[48;2;66;65;66m▀[0m[38;2;66;65;66m[48;2;82;78;68m▀[0m[38;2;112;113;96m[48;2;66;65;66m▀[0m[38;2;112;113;96m[48;2;112;113;96m▀[0m[38;2;82;78;68m[48;2;115;112;95m▀[0m[38;2;115;112;95m[48;2;115;112;95m▀[0m[38;2;82;78;68m[48;2;115;112;95m▀[0m[38;2;115;112;95m[48;2;82;78;68m▀[0m[38;2;82;78;68m[48;2;115;112;95m▀[0m[38;2;115;112;95m[48;2;115;112;95m▀[0m[38;2;0;0;0m[48;2;0;0;0m▀[0m
               [38;2;0;0;0m▀[38;2;111;113;94m[48;2;0;0;0m▀[0m[38;2;117;116;84m[48;2;189;178;74m▀[0m[38;2;117;116;84m[48;2;82;85;90m▀[0m[38;2;90;89;82m[48;2;90;89;82m▀[0m[38;2;90;89;82m[48;2;194;178;65m▀[0m[38;2;85;83;71m[48;2;189;178;66m▀[0m[38;2;85;83;71m[48;2;85;83;71m▀[0m[38;2;85;86;76m[48;2;85;86;76m▀[0m[38;2;85;86;76m[48;2;189;178;66m▀[0m[38;2;194;178;65m[48;2;90;89;82m▀[0m[38;2;90;89;82m[48;2;194;178;65m▀[0m[38;2;94;91;45m[48;2;189;182;74m▀[0m[38;2;189;182;74m[48;2;0;0;16m▀[0m[38;2;0;0;0m▀[38;2;82;79;70m[48;2;0;0;0m▀[0m[38;2;66;65;66m[48;2;66;65;66m▀[0m[38;2;110;108;107m[48;2;198;195;189m▀[0m[38;2;111;113;94m[48;2;198;195;189m▀[0m[38;2;111;113;94m[48;2;111;113;94m▀[0m[38;2;112;113;95m[48;2;112;113;95m▀[0m[38;2;112;113;95m[48;2;112;113;95m▀[0m[38;2;111;113;94m[48;2;0;0;0m▀[0m[38;2;0;0;0m▀ 
                 [38;2;0;0;0m▀[38;2;0;0;0m▀[38;2;181;174;82m[48;2;0;0;16m▀[0m[38;2;90;87;49m[48;2;90;87;49m▀[0m[38;2;101;99;66m[48;2;57;60;66m▀[0m[38;2;189;178;66m[48;2;57;60;66m▀[0m[38;2;194;178;65m[48;2;90;89;82m▀[0m[38;2;90;89;82m[48;2;90;89;82m▀[0m[38;2;90;90;79m[48;2;90;90;79m▀[0m[38;2;66;65;66m[48;2;90;90;79m▀[0m[38;2;0;0;0m[48;2;90;91;78m▀[0m[38;2;0;0;0m▄ [38;2;0;0;0m▀[38;2;198;195;189m[48;2;0;0;0m▀[0m[38;2;198;195;189m[48;2;0;0;0m▀[0m[38;2;0;0;0m▀[38;2;0;0;0m▀[38;2;0;0;0m▀[38;2;0;0;0m▀   
                 [38;2;0;0;0m▄[38;2;0;0;0m[48;2;111;113;94m▀[0m[38;2;112;113;95m[48;2;112;113;95m▀[0m[38;2;112;113;95m[48;2;112;113;95m▀[0m[38;2;112;112;95m[48;2;90;89;82m▀[0m[38;2;90;89;82m[48;2;90;89;82m▀[0m[38;2;90;91;79m[48;2;90;91;79m▀[0m[38;2;90;91;79m[48;2;90;91;79m▀[0m[38;2;90;93;82m[48;2;60;62;54m▀[0m[38;2;90;93;82m[48;2;0;0;0m▀[0m[38;2;0;0;0m▀            
                  [38;2;0;0;0m▀[38;2;0;0;0m▀[38;2;90;91;78m[48;2;0;0;0m▀[0m[38;2;90;90;79m[48;2;66;65;66m▀[0m[38;2;90;90;79m[48;2;90;90;79m▀[0m[38;2;66;65;66m[48;2;90;90;79m▀[0m[38;2;66;65;66m[48;2;90;90;79m▀[0m[38;2;0;0;0m[48;2;90;91;78m▀[0m[38;2;0;0;0m▄             
                    [38;2;0;0;0m▀[38;2;90;91;78m[48;2;0;0;0m▀[0m[38;2;90;91;78m[48;2;0;0;0m▀[0m[38;2;90;91;78m[48;2;0;0;0m▀[0m[38;2;0;0;0m▀[38;2;0;0;0m▀              
[0m
