      [38;2;0;0;0m▄[38;2;0;0;0m▄[38;2;0;0;0m▄[38;2;0;0;0m▄[38;2;0;0;0m[48;2;255;230;106m▀[0m[38;2;0;0;0m[48;2;255;230;106m▀[0m[38;2;0;0;0m[48;2;255;230;106m▀[0m[38;2;0;0;0m[48;2;255;230;106m▀[0m[38;2;0;0;0m▄[38;2;0;0;0m▄                 
   [38;2;0;0;0m▄[38;2;0;0;0m[48;2;255;230;106m▀[0m[38;2;0;0;0m[48;2;255;230;106m▀[0m[38;2;255;230;106m[48;2;255;230;106m▀[0m[38;2;255;230;106m[48;2;156;133;41m▀[0m[38;2;156;133;41m[48;2;255;230;106m▀[0m[38;2;255;230;106m[48;2;255;230;106m▀[0m[38;2;254;232;104m[48;2;254;232;104m▀[0m[38;2;254;232;104m[48;2;254;232;104m▀[0m[38;2;254;232;104m[48;2;254;232;104m▀[0m[38;2;254;232;104m[48;2;254;232;104m▀[0m[38;2;254;232;104m[48;2;254;232;104m▀[0m[38;2;254;232;104m[48;2;254;232;104m▀[0m[38;2;0;0;0m[48;2;255;230;106m▀[0m[38;2;0;0;0m[48;2;255;230;106m▀[0m[38;2;0;0;0m▄              
  [38;2;0;0;0m▄[38;2;0;0;0m[48;2;255;230;106m▀[0m[38;2;254;232;104m[48;2;254;232;104m▀[0m[38;2;254;232;104m[48;2;254;232;104m▀[0m[38;2;255;230;106m[48;2;202;180;76m▀[0m[38;2;150;130;46m[48;2;255;230;106m▀[0m[38;2;254;232;104m[48;2;254;232;104m▀[0m[38;2;254;232;104m[48;2;254;232;104m▀[0m[38;2;255;230;106m[48;2;255;230;106m▀[0m[38;2;255;230;106m[48;2;156;133;41m▀[0m[38;2;255;230;106m[48;2;156;133;41m▀[0m[38;2;156;133;41m[48;2;255;230;106m▀[0m[38;2;156;133;41m[48;2;255;230;106m▀[0m[38;2;156;133;41m[48;2;255;230;106m▀[0m[38;2;156;133;41m[48;2;255;230;106m▀[0m[38;2;156;133;41m[48;2;255;230;106m▀[0m[38;2;255;238;98m[48;2;131;121;49m▀[0m[38;2;8;4;0m[48;2;8;4;0m▀[0m             
 [38;2;0;0;0m[48;2;0;0;0m▀[0m[38;2;148;129;49m[48;2;197;178;82m▀[0m[38;2;246;226;115m[48;2;197;178;82m▀[0m[38;2;255;230;106m[48;2;255;230;106m▀[0m[38;2;255;230;106m[48;2;189;56;49m▀[0m[38;2;172;60;41m[48;2;255;255;222m▀[0m[38;2;227;190;161m[48;2;172;60;41m▀[0m[38;2;254;232;104m[48;2;254;232;104m▀[0m[38;2;254;232;104m[48;2;254;232;104m▀[0m[38;2;194;174;87m[48;2;255;230;106m▀[0m[38;2;255;230;106m[48;2;255;230;106m▀[0m[38;2;254;232;104m[48;2;254;232;104m▀[0m[38;2;254;232;104m[48;2;254;232;104m▀[0m[38;2;254;232;104m[48;2;254;232;104m▀[0m[38;2;254;232;104m[48;2;254;232;104m▀[0m[38;2;254;232;104m[48;2;254;232;104m▀[0m[38;2;254;232;104m[48;2;254;232;104m▀[0m[38;2;254;232;104m[48;2;254;232;104m▀[0m[38;2;254;232;104m[48;2;254;232;104m▀[0m[38;2;0;0;0m[48;2;255;230;106m▀[0m[38;2;0;0;0m▄   [38;2;0;0;0m▄       
[38;2;0;0;0m[48;2;0;0;0m▀[0m[38;2;197;174;90m[48;2;197;174;90m▀[0m[38;2;191;175;87m[48;2;191;175;87m▀[0m[38;2;191;175;87m[48;2;65;64;65m▀[0m[38;2;139;82;90m[48;2;90;149;189m▀[0m[38;2;164;48;41m[48;2;164;48;41m▀[0m[38;2;145;51;52m[48;2;238;80;74m▀[0m[38;2;145;51;52m[48;2;145;51;52m▀[0m[38;2;255;230;106m[48;2;255;230;106m▀[0m[38;2;255;230;106m[48;2;65;64;65m▀[0m[38;2;65;64;65m[48;2;172;210;238m▀[0m[38;2;65;64;65m[48;2;172;210;238m▀[0m[38;2;65;64;65m[48;2;164;206;246m▀[0m[38;2;65;64;65m[48;2;131;159;186m▀[0m[38;2;255;230;106m[48;2;65;64;65m▀[0m[38;2;255;230;106m[48;2;65;64;65m▀[0m[38;2;254;232;104m[48;2;254;232;104m▀[0m[38;2;254;232;104m[48;2;254;232;104m▀[0m[38;2;254;232;104m[48;2;254;232;104m▀[0m[38;2;254;232;104m[48;2;254;232;104m▀[0m[38;2;255;230;106m[48;2;255;230;106m▀[0m[38;2;0;0;0m[48;2;255;230;106m▀[0m[38;2;0;0;0m▄ [38;2;0;0;0m[48;2;0;0;0m▀[0m[38;2;115;157;189m[48;2;115;157;189m▀[0m[38;2;0;0;0m[48;2;0;0;0m▀[0m      
[38;2;0;0;0m▀[38;2;197;174;90m[48;2;0;0;0m▀[0m[38;2;156;133;41m[48;2;156;133;41m▀[0m[38;2;65;64;65m[48;2;65;64;65m▀[0m[38;2;156;133;41m[48;2;255;230;106m▀[0m[38;2;205;182;74m[48;2;156;133;41m▀[0m[38;2;148;52;49m[48;2;255;230;106m▀[0m[38;2;255;230;106m[48;2;255;230;106m▀[0m[38;2;255;226;90m[48;2;255;226;90m▀[0m[38;2;115;137;139m[48;2;161;167;123m▀[0m[38;2;205;230;222m[48;2;172;145;32m▀[0m[38;2;172;145;32m[48;2;189;188;127m▀[0m[38;2;172;145;32m[48;2;189;188;127m▀[0m[38;2;205;230;222m[48;2;172;145;32m▀[0m[38;2;115;159;194m[48;2;172;210;238m▀[0m[38;2;115;159;194m[48;2;115;159;194m▀[0m[38;2;57;64;82m[48;2;148;149;115m▀[0m[38;2;238;234;148m[48;2;57;64;82m▀[0m[38;2;254;232;104m[48;2;254;232;104m▀[0m[38;2;254;232;104m[48;2;254;232;104m▀[0m[38;2;255;230;106m[48;2;255;230;106m▀[0m[38;2;255;230;106m[48;2;194;174;87m▀[0m[38;2;65;64;65m[48;2;65;64;65m▀[0m[38;2;0;0;0m[48;2;65;64;65m▀[0m[38;2;115;157;191m[48;2;115;157;191m▀[0m[38;2;115;157;191m[48;2;115;157;191m▀[0m[38;2;115;157;189m[48;2;115;157;189m▀[0m[38;2;16;4;0m[48;2;49;55;63m▀[0m[38;2;0;0;0m[48;2;172;210;238m▀[0m[38;2;0;0;0m▄   
 [38;2;0;0;0m▀[38;2;153;134;49m[48;2;0;0;16m▀[0m[38;2;76;67;32m[48;2;153;134;49m▀[0m[38;2;255;226;90m[48;2;65;60;57m▀[0m[38;2;160;143;74m[48;2;65;60;57m▀[0m[38;2;254;232;104m[48;2;254;232;104m▀[0m[38;2;254;232;104m[48;2;254;232;104m▀[0m[38;2;254;232;104m[48;2;254;232;104m▀[0m[38;2;254;232;104m[48;2;254;232;104m▀[0m[38;2;191;175;87m[48;2;65;64;65m▀[0m[38;2;255;230;98m[48;2;65;64;65m▀[0m[38;2;255;226;90m[48;2;65;60;57m▀[0m[38;2;65;60;57m[48;2;160;143;74m▀[0m[38;2;175;209;238m[48;2;175;209;238m▀[0m[38;2;175;209;238m[48;2;175;209;238m▀[0m[38;2;115;159;191m[48;2;115;159;191m▀[0m[38;2;65;64;65m[48;2;65;64;65m▀[0m[38;2;65;64;57m[48;2;153;137;63m▀[0m[38;2;197;174;65m[48;2;65;64;57m▀[0m[38;2;191;175;87m[48;2;191;175;87m▀[0m[38;2;191;175;87m[48;2;65;64;65m▀[0m[38;2;65;64;65m[48;2;115;159;191m▀[0m[38;2;115;159;191m[48;2;115;159;191m▀[0m[38;2;172;210;238m[48;2;123;56;57m▀[0m[38;2;123;56;57m[48;2;123;56;57m▀[0m[38;2;131;159;186m[48;2;65;64;65m▀[0m[38;2;65;64;65m[48;2;164;206;246m▀[0m[38;2;172;210;238m[48;2;172;210;238m▀[0m[38;2;0;0;0m[48;2;172;210;238m▀[0m[38;2;0;0;0m▄  
   [38;2;0;0;0m▀[38;2;0;0;0m▀[38;2;197;174;90m[48;2;0;0;0m▀[0m[38;2;255;238;106m[48;2;8;4;8m▀[0m[38;2;255;238;106m[48;2;172;160;74m▀[0m[38;2;255;230;106m[48;2;194;174;87m▀[0m[38;2;255;230;106m[48;2;255;230;106m▀[0m[38;2;194;174;87m[48;2;255;230;106m▀[0m[38;2;255;230;106m[48;2;194;174;87m▀[0m[38;2;189;188;127m[48;2;172;145;32m▀[0m[38;2;172;145;32m[48;2;205;230;222m▀[0m[38;2;172;210;238m[48;2;172;210;238m▀[0m[38;2;172;210;238m[48;2;65;64;65m▀[0m[38;2;65;64;65m[48;2;156;133;41m▀[0m[38;2;156;133;41m[48;2;156;133;41m▀[0m[38;2;156;133;41m[48;2;156;133;41m▀[0m[38;2;156;133;41m[48;2;156;133;41m▀[0m[38;2;197;174;90m[48;2;0;0;0m▀[0m[38;2;0;0;0m▀[38;2;43;60;68m[48;2;8;8;0m▀[0m[38;2;115;165;205m[48;2;79;113;137m▀[0m[38;2;65;64;65m[48;2;65;64;65m▀[0m[38;2;172;210;238m[48;2;172;210;238m▀[0m[38;2;65;121;164m[48;2;180;210;224m▀[0m[38;2;180;210;224m[48;2;238;255;255m▀[0m[38;2;172;210;238m[48;2;148;52;49m▀[0m[38;2;172;210;238m[48;2;172;210;238m▀[0m[38;2;52;67;79m[48;2;104;134;159m▀[0m[38;2;0;0;0m[48;2;156;202;238m▀[0m[38;2;0;0;0m▄
       [38;2;0;0;0m▀[38;2;0;0;0m▀[38;2;65;64;65m[48;2;0;0;0m▀[0m[38;2;65;64;65m[48;2;65;64;65m▀[0m[38;2;65;64;65m[48;2;74;121;156m▀[0m[38;2;115;159;191m[48;2;115;159;191m▀[0m[38;2;65;64;65m[48;2;115;159;191m▀[0m[38;2;82;72;49m[48;2;131;165;172m▀[0m[38;2;98;103;90m[48;2;82;72;49m▀[0m[38;2;153;134;49m[48;2;76;67;32m▀[0m[38;2;153;134;49m[48;2;0;0;16m▀[0m[38;2;0;0;0m▀[38;2;0;0;0m▀ [38;2;0;0;0m[48;2;0;0;0m▀[0m[38;2;115;159;191m[48;2;65;64;65m▀[0m[38;2;115;159;191m[48;2;65;64;65m▀[0m[38;2;65;64;65m[48;2;131;159;186m▀[0m[38;2;164;206;246m[48;2;65;64;65m▀[0m[38;2;172;210;238m[48;2;172;210;238m▀[0m[38;2;189;64;57m[48;2;189;64;57m▀[0m[38;2;148;52;49m[48;2;172;210;238m▀[0m[38;2;172;210;238m[48;2;172;210;238m▀[0m[38;2;172;210;238m[48;2;172;210;238m▀[0m[38;2;172;210;238m[48;2;0;0;0m▀[0m[38;2;0;0;0m▀
       [38;2;0;0;0m▄[38;2;16;4;0m[48;2;115;157;189m▀[0m[38;2;115;157;189m[48;2;49;55;63m▀[0m[38;2;57;64;65m[48;2;134;159;180m▀[0m[38;2;172;206;238m[48;2;172;206;238m▀[0m[38;2;115;159;194m[48;2;172;210;238m▀[0m[38;2;115;159;194m[48;2;172;210;238m▀[0m[38;2;172;210;238m[48;2;65;64;65m▀[0m[38;2;172;210;238m[48;2;172;210;238m▀[0m[38;2;0;0;0m[48;2;172;210;238m▀[0m[38;2;0;0;0m▄  [38;2;0;0;0m▀[38;2;74;121;156m[48;2;0;0;0m▀[0m[38;2;74;121;156m[48;2;65;64;65m▀[0m[38;2;74;121;156m[48;2;74;121;156m▀[0m[38;2;93;116;131m[48;2;57;68;74m▀[0m[38;2;57;68;74m[48;2;164;210;246m▀[0m[38;2;74;117;156m[48;2;172;206;238m▀[0m[38;2;172;206;238m[48;2;123;161;197m▀[0m[38;2;172;214;246m[48;2;115;144;167m▀[0m[38;2;172;214;246m[48;2;0;4;8m▀[0m[38;2;0;0;0m▀  
    [38;2;0;0;0m▄[38;2;0;0;0m[48;2;115;157;189m▀[0m[38;2;16;8;0m[48;2;52;59;65m▀[0m[38;2;123;161;197m[48;2;52;59;65m▀[0m[38;2;65;64;65m[48;2;172;210;238m▀[0m[38;2;172;210;238m[48;2;172;210;238m▀[0m[38;2;175;209;238m[48;2;175;209;238m▀[0m[38;2;175;209;238m[48;2;175;209;238m▀[0m[38;2;175;209;238m[48;2;175;209;238m▀[0m[38;2;175;209;238m[48;2;175;209;238m▀[0m[38;2;65;64;65m[48;2;131;159;186m▀[0m[38;2;164;206;246m[48;2;65;64;65m▀[0m[38;2;175;209;238m[48;2;175;209;238m▀[0m[38;2;175;209;238m[48;2;175;209;238m▀[0m[38;2;0;0;0m[48;2;172;210;238m▀[0m[38;2;0;0;0m▄  [38;2;8;0;0m[48;2;8;0;0m▀[0m[38;2;46;60;76m[48;2;84;121;153m▀[0m[38;2;93;116;131m[48;2;57;68;74m▀[0m[38;2;57;68;74m[48;2;164;210;246m▀[0m[38;2;65;64;65m[48;2;172;210;238m▀[0m[38;2;172;210;238m[48;2;172;210;238m▀[0m[38;2;172;210;238m[48;2;57;70;79m▀[0m[38;2;172;210;238m[48;2;0;0;0m▀[0m[38;2;0;0;0m▀  
    [38;2;0;0;0m▀[38;2;115;157;189m[48;2;0;0;0m▀[0m[38;2;115;159;191m[48;2;115;159;191m▀[0m[38;2;65;64;65m[48;2;115;159;191m▀[0m[38;2;172;210;238m[48;2;115;159;194m▀[0m[38;2;172;210;238m[48;2;172;210;238m▀[0m[38;2;172;210;238m[48;2;65;64;65m▀[0m[38;2;65;64;65m[48;2;172;210;238m▀[0m[38;2;156;206;246m[48;2;57;64;65m▀[0m[38;2;123;159;186m[48;2;123;159;186m▀[0m[38;2;115;157;189m[48;2;115;157;189m▀[0m[38;2;49;55;63m[48;2;16;4;0m▀[0m[38;2;0;0;0m▀[38;2;172;210;238m[48;2;0;0;0m▀[0m[38;2;115;147;169m[48;2;0;4;0m▀[0m[38;2;172;218;255m[48;2;0;4;0m▀[0m[38;2;0;0;0m▀[38;2;0;0;0m[48;2;0;0;0m▀[0m[38;2;74;121;156m[48;2;74;121;156m▀[0m[38;2;74;121;156m[48;2;0;0;0m▀[0m[38;2;0;0;0m▀[38;2;65;64;65m[48;2;0;0;0m▀[0m[38;2;74;121;156m[48;2;172;210;238m▀[0m[38;2;172;210;238m[48;2;74;121;156m▀[0m[38;2;172;210;238m[48;2;0;0;0m▀[0m[38;2;0;0;0m▀   
     [38;2;0;0;0m▀[38;2;123;161;197m[48;2;8;4;0m▀[0m[38;2;46;56;65m[48;2;8;4;0m▀[0m[38;2;115;157;189m[48;2;0;0;0m▀[0m[38;2;115;157;189m[48;2;115;157;189m▀[0m[38;2;65;64;65m[48;2;65;64;65m▀[0m[38;2;172;210;238m[48;2;172;210;238m▀[0m[38;2;172;206;238m[48;2;172;206;238m▀[0m[38;2;123;161;197m[48;2;74;117;156m▀[0m[38;2;49;55;63m[48;2;16;4;0m▀[0m[38;2;115;157;189m[48;2;115;157;189m▀[0m[38;2;0;0;0m[48;2;115;157;189m▀[0m[38;2;0;0;0m[48;2;115;157;189m▀[0m[38;2;0;0;0m▄[38;2;0;0;0m▄[38;2;0;0;0m[48;2;74;121;156m▀[0m[38;2;74;121;156m[48;2;74;121;156m▀[0m[38;2;74;121;156m[48;2;0;0;0m▀[0m[38;2;0;0;0m▀[38;2;0;0;0m▄[38;2;0;0;0m[48;2;172;210;238m▀[0m[38;2;172;218;255m[48;2;115;147;169m▀[0m[38;2;0;4;0m[48;2;0;4;0m▀[0m     
         [38;2;0;0;0m▀[38;2;0;0;0m▀[38;2;74;121;156m[48;2;0;0;0m▀[0m[38;2;172;210;238m[48;2;0;0;0m▀[0m[38;2;0;0;0m▀ [38;2;0;0;0m▀[38;2;0;0;0m▀[38;2;115;157;189m[48;2;0;0;0m▀[0m[38;2;115;149;172m[48;2;0;4;8m▀[0m[38;2;115;149;172m[48;2;172;222;255m▀[0m[38;2;65;64;65m[48;2;172;210;238m▀[0m[38;2;65;64;65m[48;2;172;210;238m▀[0m[38;2;57;70;79m[48;2;172;210;238m▀[0m[38;2;0;0;0m[48;2;172;210;238m▀[0m[38;2;172;210;238m[48;2;0;0;0m▀[0m[38;2;172;210;238m[48;2;0;0;0m▀[0m[38;2;0;0;0m▀      
                   [38;2;0;0;0m▀[38;2;0;0;0m▀[38;2;0;0;0m▀[38;2;0;0;0m▀[38;2;0;0;0m▀         
[0m
