               [38;2;0;0;0m▄[38;2;0;0;0m▄[38;2;0;0;8m[48;2;180;182;82m▀[0m[38;2;0;0;8m[48;2;90;91;45m▀[0m[38;2;0;0;0m[48;2;189;178;65m▀[0m[38;2;0;0;0m▄[38;2;0;0;0m▄ [38;2;0;0;0m▄[38;2;0;0;0m▄[38;2;0;0;0m[48;2;246;218;106m▀[0m[38;2;0;0;0m[48;2;246;218;106m▀[0m[38;2;0;0;0m[48;2;246;218;106m▀[0m[38;2;0;0;0m▄[38;2;0;0;0m▄[38;2;0;0;0m▄ [38;2;0;0;0m▄ [38;2;0;0;0m▄[38;2;0;0;0m▄[38;2;0;0;0m▄              
             [38;2;0;0;0m▄[38;2;0;0;0m[48;2;246;218;106m▀[0m[38;2;159;110;65m[48;2;159;110;65m▀[0m[38;2;194;180;65m[48;2;194;180;65m▀[0m[38;2;57;93;74m[48;2;57;93;74m▀[0m[38;2;68;133;95m[48;2;68;133;95m▀[0m[38;2;57;93;74m[48;2;68;133;95m▀[0m[38;2;68;133;95m[48;2;68;133;95m▀[0m[38;2;82;90;74m[48;2;82;90;74m▀[0m[38;2;0;8;16m[48;2;246;255;189m▀[0m[38;2;254;249;180m[48;2;254;249;180m▀[0m[38;2;254;249;180m[48;2;254;249;180m▀[0m[38;2;246;218;106m[48;2;246;218;106m▀[0m[38;2;246;218;106m[48;2;246;218;106m▀[0m[38;2;246;218;106m[48;2;246;218;106m▀[0m[38;2;246;218;106m[48;2;57;93;74m▀[0m[38;2;57;93;74m[48;2;57;93;74m▀[0m[38;2;86;174;123m[48;2;86;174;123m▀[0m[38;2;8;0;0m[48;2;90;170;123m▀[0m[38;2;90;170;123m[48;2;49;85;61m▀[0m[38;2;0;0;0m[48;2;255;250;180m▀[0m[38;2;255;250;180m[48;2;255;250;180m▀[0m[38;2;255;255;164m[48;2;164;121;41m▀[0m[38;2;224;210;123m[48;2;194;165;82m▀[0m[38;2;0;0;0m[48;2;205;174;74m▀[0m[38;2;0;0;0m[48;2;137;116;49m▀[0m[38;2;0;0;0m▄           
            [38;2;0;0;0m▄[38;2;0;0;0m[48;2;246;198;98m▀[0m[38;2;164;132;65m[48;2;164;132;65m▀[0m[38;2;189;179;63m[48;2;189;179;63m▀[0m[38;2;57;93;74m[48;2;189;179;63m▀[0m[38;2;69;133;98m[48;2;65;64;65m▀[0m[38;2;69;133;98m[48;2;65;64;65m▀[0m[38;2;65;133;98m[48;2;65;87;76m▀[0m[38;2;65;64;65m[48;2;65;64;65m▀[0m[38;2;246;226;131m[48;2;246;226;131m▀[0m[38;2;246;226;131m[48;2;93;97;93m▀[0m[38;2;255;250;180m[48;2;246;218;106m▀[0m[38;2;246;218;106m[48;2;246;218;106m▀[0m[38;2;246;218;106m[48;2;246;218;106m▀[0m[38;2;246;218;106m[48;2;57;93;74m▀[0m[38;2;57;93;74m[48;2;71;133;98m▀[0m[38;2;84;174;123m[48;2;71;133;98m▀[0m[38;2;87;175;123m[48;2;87;175;123m▀[0m[38;2;87;175;123m[48;2;68;132;98m▀[0m[38;2;82;78;68m[48;2;82;78;68m▀[0m[38;2;246;218;106m[48;2;246;218;106m▀[0m[38;2;238;226;98m[48;2;197;172;74m▀[0m[38;2;156;117;49m[48;2;197;172;74m▀[0m[38;2;191;180;63m[48;2;191;180;63m▀[0m[38;2;191;180;63m[48;2;191;180;63m▀[0m[38;2;191;180;63m[48;2;191;180;63m▀[0m[38;2;191;180;63m[48;2;191;180;63m▀[0m[38;2;0;0;0m[48;2;189;178;65m▀[0m[38;2;0;0;0m▄          
           [38;2;0;0;0m▄[38;2;0;0;0m[48;2;65;64;65m▀[0m[38;2;246;218;106m[48;2;246;218;106m▀[0m[38;2;191;180;63m[48;2;191;180;63m▀[0m[38;2;191;180;65m[48;2;191;180;65m▀[0m[38;2;65;64;65m[48;2;65;64;65m▀[0m[38;2;95;95;95m[48;2;95;95;95m▀[0m[38;2;95;95;95m[48;2;255;255;255m▀[0m[38;2;57;60;65m[48;2;57;60;65m▀[0m[38;2;238;214;115m[48;2;117;111;82m▀[0m[38;2;246;218;106m[48;2;246;218;106m▀[0m[38;2;246;218;106m[48;2;246;218;106m▀[0m[38;2;246;218;106m[48;2;93;97;95m▀[0m[38;2;246;218;106m[48;2;246;218;106m▀[0m[38;2;255;214;106m[48;2;255;214;106m▀[0m[38;2;74;80;65m[48;2;134;125;79m▀[0m[38;2;82;125;98m[48;2;65;64;65m▀[0m[38;2;65;64;65m[48;2;76;105;87m▀[0m[38;2;65;64;65m[48;2;98;97;90m▀[0m[38;2;65;64;65m[48;2;76;75;74m▀[0m[38;2;246;218;106m[48;2;246;218;106m▀[0m[38;2;246;218;106m[48;2;159;110;63m▀[0m[38;2;191;180;63m[48;2;191;180;63m▀[0m[38;2;191;180;63m[48;2;191;180;63m▀[0m[38;2;194;179;65m[48;2;74;68;65m▀[0m[38;2;74;68;65m[48;2;74;68;65m▀[0m[38;2;74;68;57m[48;2;213;206;148m▀[0m[38;2;167;160;117m[48;2;74;68;57m▀[0m[38;2;189;178;65m[48;2;189;178;65m▀[0m[38;2;0;0;0m[48;2;0;0;0m▀[0m          
        [38;2;0;0;0m▄[38;2;0;0;0m[48;2;94;97;94m▀[0m[38;2;0;0;0m[48;2;94;97;94m▀[0m[38;2;197;194;189m[48;2;197;194;189m▀[0m[38;2;65;64;65m[48;2;65;64;65m▀[0m[38;2;246;218;106m[48;2;191;180;63m▀[0m[38;2;191;180;63m[48;2;191;180;63m▀[0m[38;2;74;76;74m[48;2;74;76;74m▀[0m[38;2;74;76;74m[48;2;255;255;255m▀[0m[38;2;95;95;95m[48;2;255;255;255m▀[0m[38;2;255;255;255m[48;2;255;255;255m▀[0m[38;2;65;64;65m[48;2;65;64;65m▀[0m[38;2;246;218;106m[48;2;246;218;106m▀[0m[38;2;246;218;106m[48;2;93;97;95m▀[0m[38;2;246;218;106m[48;2;246;218;106m▀[0m[38;2;246;218;106m[48;2;246;218;106m▀[0m[38;2;246;218;106m[48;2;246;218;106m▀[0m[38;2;156;109;65m[48;2;156;109;65m▀[0m[38;2;255;255;255m[48;2;255;255;255m▀[0m[38;2;95;97;95m[48;2;95;97;95m▀[0m[38;2;95;97;95m[48;2;95;97;95m▀[0m[38;2;255;255;255m[48;2;255;255;255m▀[0m[38;2;82;80;65m[48;2;82;80;65m▀[0m[38;2;246;218;106m[48;2;246;218;106m▀[0m[38;2;159;110;63m[48;2;159;110;63m▀[0m[38;2;191;180;65m[48;2;191;180;65m▀[0m[38;2;191;180;65m[48;2;65;64;65m▀[0m[38;2;65;68;65m[48;2;65;68;65m▀[0m[38;2;197;190;180m[48;2;109;109;104m▀[0m[38;2;94;97;94m[48;2;94;97;94m▀[0m[38;2;65;64;65m[48;2;94;97;94m▀[0m[38;2;189;178;65m[48;2;0;0;0m▀[0m[38;2;0;0;0m▀          
      [38;2;0;0;0m▄[38;2;0;0;0m[48;2;98;97;94m▀[0m[38;2;197;194;189m[48;2;98;97;94m▀[0m[38;2;93;97;95m[48;2;197;194;189m▀[0m[38;2;93;97;95m[48;2;93;97;95m▀[0m[38;2;104;101;98m[48;2;104;101;98m▀[0m[38;2;57;56;57m[48;2;197;190;180m▀[0m[38;2;191;180;65m[48;2;65;64;65m▀[0m[38;2;191;180;65m[48;2;191;180;65m▀[0m[38;2;98;56;49m[48;2;98;56;49m▀[0m[38;2;150;120;112m[48;2;255;246;238m▀[0m[38;2;255;97;57m[48;2;255;255;255m▀[0m[38;2;255;255;255m[48;2;255;255;255m▀[0m[38;2;65;64;65m[48;2;65;64;65m▀[0m[38;2;246;218;106m[48;2;246;218;106m▀[0m[38;2;246;218;106m[48;2;93;97;95m▀[0m[38;2;246;218;106m[48;2;246;218;106m▀[0m[38;2;246;218;106m[48;2;246;218;106m▀[0m[38;2;246;218;106m[48;2;159;110;63m▀[0m[38;2;156;109;65m[48;2;255;255;255m▀[0m[38;2;255;255;255m[48;2;255;255;255m▀[0m[38;2;255;255;255m[48;2;255;97;57m▀[0m[38;2;255;255;255m[48;2;255;97;57m▀[0m[38;2;255;255;255m[48;2;255;255;255m▀[0m[38;2;82;80;65m[48;2;82;80;65m▀[0m[38;2;238;226;98m[48;2;197;172;74m▀[0m[38;2;156;117;49m[48;2;197;172;74m▀[0m[38;2;191;180;65m[48;2;191;180;65m▀[0m[38;2;65;64;65m[48;2;65;64;65m▀[0m[38;2;200;194;186m[48;2;90;89;82m▀[0m[38;2;90;89;82m[48;2;200;194;186m▀[0m[38;2;95;95;95m[48;2;255;255;255m▀[0m[38;2;255;255;255m[48;2;255;255;255m▀[0m[38;2;255;255;255m[48;2;90;90;90m▀[0m[38;2;8;8;8m[48;2;90;90;90m▀[0m[38;2;0;0;0m[48;2;94;97;94m▀[0m[38;2;0;0;0m▄        
     [38;2;0;0;0m▄[38;2;0;0;0m[48;2;94;97;94m▀[0m[38;2;95;95;95m[48;2;95;95;95m▀[0m[38;2;255;255;255m[48;2;95;95;95m▀[0m[38;2;255;255;255m[48;2;255;255;255m▀[0m[38;2;200;195;189m[48;2;255;255;255m▀[0m[38;2;197;194;189m[48;2;0;0;0m▀[0m[38;2;0;0;0m▀[38;2;0;0;0m▀[38;2;189;178;65m[48;2;0;0;0m▀[0m[38;2;74;68;57m[48;2;128;168;128m▀[0m[38;2;156;218;164m[48;2;74;68;57m▀[0m[38;2;112;211;211m[48;2;255;255;255m▀[0m[38;2;255;255;255m[48;2;255;255;255m▀[0m[38;2;255;255;255m[48;2;255;255;255m▀[0m[38;2;65;64;65m[48;2;65;64;65m▀[0m[38;2;246;218;106m[48;2;246;218;106m▀[0m[38;2;246;218;106m[48;2;93;97;95m▀[0m[38;2;246;218;106m[48;2;246;218;106m▀[0m[38;2;159;110;63m[48;2;159;110;63m▀[0m[38;2;255;255;255m[48;2;255;255;255m▀[0m[38;2;255;255;255m[48;2;112;211;211m▀[0m[38;2;255;255;255m[48;2;112;211;211m▀[0m[38;2;255;255;255m[48;2;255;255;255m▀[0m[38;2;255;255;255m[48;2;255;255;255m▀[0m[38;2;255;255;255m[48;2;255;255;255m▀[0m[38;2;82;80;65m[48;2;82;80;65m▀[0m[38;2;191;180;60m[48;2;191;180;60m▀[0m[38;2;194;180;65m[48;2;159;110;65m▀[0m[38;2;194;180;65m[48;2;194;180;65m▀[0m[38;2;65;64;65m[48;2;191;180;65m▀[0m[38;2;65;64;65m[48;2;191;180;65m▀[0m[38;2;255;255;255m[48;2;74;76;74m▀[0m[38;2;74;76;74m[48;2;74;76;74m▀[0m[38;2;95;95;95m[48;2;95;95;95m▀[0m[38;2;95;95;95m[48;2;255;255;255m▀[0m[38;2;255;255;255m[48;2;255;255;255m▀[0m[38;2;255;255;255m[48;2;95;95;95m▀[0m[38;2;0;0;0m[48;2;94;97;94m▀[0m[38;2;0;0;0m▄      
  [38;2;0;0;0m▄[38;2;0;0;0m▄[38;2;0;0;0m[48;2;65;64;65m▀[0m[38;2;255;255;255m[48;2;65;64;65m▀[0m[38;2;255;255;255m[48;2;65;64;65m▀[0m[38;2;95;95;95m[48;2;255;255;255m▀[0m[38;2;95;95;95m[48;2;95;95;95m▀[0m[38;2;94;97;94m[48;2;94;97;94m▀[0m[38;2;0;0;0m[48;2;0;0;0m▀[0m    [38;2;0;0;0m▀[38;2;65;64;65m[48;2;0;0;0m▀[0m[38;2;131;129;106m[48;2;255;255;255m▀[0m[38;2;131;129;106m[48;2;255;255;255m▀[0m[38;2;255;255;255m[48;2;255;255;255m▀[0m[38;2;255;255;255m[48;2;255;255;255m▀[0m[38;2;57;60;65m[48;2;57;60;65m▀[0m[38;2;238;214;115m[48;2;117;111;82m▀[0m[38;2;246;218;106m[48;2;246;218;106m▀[0m[38;2;159;110;63m[48;2;159;110;63m▀[0m[38;2;255;255;255m[48;2;255;255;255m▀[0m[38;2;255;255;255m[48;2;131;129;106m▀[0m[38;2;255;255;255m[48;2;131;129;106m▀[0m[38;2;255;255;255m[48;2;255;255;255m▀[0m[38;2;255;255;255m[48;2;255;255;255m▀[0m[38;2;255;255;255m[48;2;200;195;189m▀[0m[38;2;197;194;189m[48;2;197;194;189m▀[0m[38;2;82;78;68m[48;2;197;194;189m▀[0m[38;2;191;180;65m[48;2;65;64;65m▀[0m[38;2;191;180;65m[48;2;191;180;65m▀[0m[38;2;191;180;63m[48;2;191;180;63m▀[0m[38;2;191;180;63m[48;2;191;180;63m▀[0m[38;2;189;178;65m[48;2;0;0;0m▀[0m[38;2;189;178;65m[48;2;0;0;0m▀[0m[38;2;84;84;84m[48;2;0;0;0m▀[0m[38;2;255;255;255m[48;2;84;84;84m▀[0m[38;2;255;255;255m[48;2;95;95;95m▀[0m[38;2;95;95;95m[48;2;255;255;255m▀[0m[38;2;90;87;90m[48;2;255;255;255m▀[0m[38;2;8;4;8m[48;2;255;255;255m▀[0m[38;2;0;0;0m▄     
[38;2;0;0;0m▄[38;2;8;12;0m[48;2;172;163;71m▀[0m[38;2;172;163;71m[48;2;255;238;106m▀[0m[38;2;246;218;106m[48;2;246;218;106m▀[0m[38;2;246;218;106m[48;2;246;218;106m▀[0m[38;2;246;218;106m[48;2;246;218;106m▀[0m[38;2;246;218;106m[48;2;246;218;106m▀[0m[38;2;65;64;65m[48;2;246;218;106m▀[0m[38;2;65;64;65m[48;2;246;218;106m▀[0m[38;2;0;0;0m[48;2;0;0;0m▀[0m      [38;2;0;0;0m[48;2;0;0;0m▀[0m[38;2;95;97;95m[48;2;95;97;95m▀[0m[38;2;95;97;95m[48;2;95;97;95m▀[0m[38;2;255;255;255m[48;2;255;255;255m▀[0m[38;2;255;255;255m[48;2;255;255;255m▀[0m[38;2;65;64;65m[48;2;65;64;65m▀[0m[38;2;246;218;106m[48;2;246;218;106m▀[0m[38;2;255;214;98m[48;2;145;111;71m▀[0m[38;2;145;111;71m[48;2;90;60;57m▀[0m[38;2;255;255;255m[48;2;255;255;255m▀[0m[38;2;255;255;255m[48;2;255;255;255m▀[0m[38;2;255;255;255m[48;2;255;255;255m▀[0m[38;2;255;255;255m[48;2;255;255;255m▀[0m[38;2;255;255;255m[48;2;95;95;95m▀[0m[38;2;95;95;95m[48;2;95;95;95m▀[0m[38;2;95;97;95m[48;2;95;97;95m▀[0m[38;2;95;97;95m[48;2;95;97;95m▀[0m[38;2;104;101;98m[48;2;104;101;98m▀[0m[38;2;57;56;57m[48;2;197;190;180m▀[0m[38;2;65;64;65m[48;2;0;0;0m▀[0m[38;2;0;0;0m▀   [38;2;0;0;0m[48;2;0;0;0m▀[0m[38;2;94;97;94m[48;2;94;97;94m▀[0m[38;2;94;97;94m[48;2;82;80;65m▀[0m[38;2;255;255;255m[48;2;82;80;65m▀[0m[38;2;255;255;255m[48;2;82;80;65m▀[0m[38;2;246;250;246m[48;2;82;83;82m▀[0m[38;2;0;0;0m[48;2;0;0;0m▀[0m    
[38;2;0;0;0m▀[38;2;197;182;74m[48;2;0;4;24m▀[0m[38;2;65;63;41m[48;2;65;63;41m▀[0m[38;2;65;64;65m[48;2;65;64;65m▀[0m[38;2;65;64;65m[48;2;197;194;189m▀[0m[38;2;65;64;65m[48;2;65;64;65m▀[0m[38;2;191;180;65m[48;2;65;64;65m▀[0m[38;2;246;218;106m[48;2;65;64;65m▀[0m[38;2;246;218;106m[48;2;246;218;106m▀[0m[38;2;255;238;106m[48;2;172;163;71m▀[0m[38;2;8;12;0m[48;2;172;163;71m▀[0m[38;2;0;0;0m▄     [38;2;0;0;0m[48;2;0;0;0m▀[0m[38;2;98;97;98m[48;2;65;64;65m▀[0m[38;2;255;255;255m[48;2;200;195;189m▀[0m[38;2;255;255;255m[48;2;255;255;255m▀[0m[38;2;255;255;255m[48;2;255;255;255m▀[0m[38;2;65;64;65m[48;2;255;255;255m▀[0m[38;2;65;64;65m[48;2;255;255;255m▀[0m[38;2;255;255;255m[48;2;255;255;255m▀[0m[38;2;255;255;255m[48;2;255;255;255m▀[0m[38;2;255;255;255m[48;2;255;255;255m▀[0m[38;2;255;255;255m[48;2;255;255;255m▀[0m[38;2;255;255;255m[48;2;200;195;189m▀[0m[38;2;95;97;95m[48;2;95;97;95m▀[0m[38;2;95;97;95m[48;2;95;97;95m▀[0m[38;2;200;194;189m[48;2;200;194;189m▀[0m[38;2;200;194;189m[48;2;200;194;189m▀[0m[38;2;197;194;189m[48;2;197;194;189m▀[0m[38;2;0;0;0m[48;2;0;0;0m▀[0m   [38;2;0;0;0m▄[38;2;0;0;8m[48;2;169;153;74m▀[0m[38;2;84;76;41m[48;2;255;230;106m▀[0m[38;2;82;78;68m[48;2;246;218;106m▀[0m[38;2;246;218;106m[48;2;246;218;106m▀[0m[38;2;246;218;106m[48;2;246;218;106m▀[0m[38;2;246;218;106m[48;2;246;218;106m▀[0m[38;2;246;218;106m[48;2;246;218;106m▀[0m[38;2;191;180;63m[48;2;246;218;106m▀[0m[38;2;0;0;0m[48;2;189;178;65m▀[0m[38;2;0;0;0m[48;2;189;178;65m▀[0m[38;2;0;0;0m▄ 
[38;2;0;0;0m▄[38;2;0;0;0m[48;2;197;194;189m▀[0m[38;2;197;194;189m[48;2;65;64;63m▀[0m[38;2;65;64;65m[48;2;255;255;255m▀[0m[38;2;191;191;191m[48;2;255;255;255m▀[0m[38;2;197;194;189m[48;2;65;64;65m▀[0m[38;2;65;64;65m[48;2;65;64;65m▀[0m[38;2;65;64;65m[48;2;197;194;189m▀[0m[38;2;65;64;65m[48;2;65;64;65m▀[0m[38;2;191;180;65m[48;2;191;180;65m▀[0m[38;2;191;180;65m[48;2;65;64;65m▀[0m[38;2;0;0;0m[48;2;0;0;0m▀[0m   [38;2;0;0;0m▄[38;2;0;0;0m[48;2;94;97;94m▀[0m[38;2;93;97;95m[48;2;93;97;95m▀[0m[38;2;197;194;189m[48;2;93;97;95m▀[0m[38;2;197;194;189m[48;2;93;97;95m▀[0m[38;2;197;194;189m[48;2;197;194;189m▀[0m[38;2;255;255;255m[48;2;172;172;172m▀[0m[38;2;255;255;255m[48;2;8;8;8m▀[0m[38;2;255;255;255m[48;2;8;8;8m▀[0m[38;2;255;255;255m[48;2;172;172;172m▀[0m[38;2;255;255;255m[48;2;200;195;189m▀[0m[38;2;200;195;189m[48;2;200;195;189m▀[0m[38;2;200;194;189m[48;2;200;194;189m▀[0m[38;2;200;194;189m[48;2;200;194;189m▀[0m[38;2;197;194;189m[48;2;93;97;95m▀[0m[38;2;197;194;189m[48;2;93;97;95m▀[0m[38;2;191;191;191m[48;2;255;255;255m▀[0m[38;2;191;191;191m[48;2;65;64;65m▀[0m[38;2;0;0;0m[48;2;0;0;0m▀[0m   [38;2;0;0;0m[48;2;0;0;0m▀[0m[38;2;189;178;65m[48;2;189;178;65m▀[0m[38;2;191;174;79m[48;2;191;174;79m▀[0m[38;2;255;226;90m[48;2;65;68;57m▀[0m[38;2;246;218;106m[48;2;65;64;65m▀[0m[38;2;65;64;65m[48;2;65;64;65m▀[0m[38;2;65;64;65m[48;2;65;64;65m▀[0m[38;2;65;64;65m[48;2;197;194;189m▀[0m[38;2;65;64;65m[48;2;65;64;65m▀[0m[38;2;65;64;65m[48;2;65;64;65m▀[0m[38;2;191;180;65m[48;2;65;64;65m▀[0m[38;2;191;180;65m[48;2;65;64;65m▀[0m[38;2;189;178;65m[48;2;189;178;65m▀[0m[38;2;0;0;0m[48;2;0;0;0m▀[0m
[38;2;0;0;0m[48;2;0;0;0m▀[0m[38;2;197;194;189m[48;2;104;105;101m▀[0m[38;2;57;60;57m[48;2;197;194;189m▀[0m[38;2;169;169;169m[48;2;0;0;0m▀[0m[38;2;255;255;255m[48;2;84;84;84m▀[0m[38;2;65;64;65m[48;2;65;64;65m▀[0m[38;2;65;64;65m[48;2;255;255;255m▀[0m[38;2;169;169;169m[48;2;255;255;255m▀[0m[38;2;84;84;84m[48;2;0;0;0m▀[0m[38;2;0;0;0m▀[38;2;0;0;0m▀   [38;2;0;0;0m▄[38;2;0;0;0m[48;2;197;194;189m▀[0m[38;2;197;194;189m[48;2;197;194;189m▀[0m[38;2;93;97;95m[48;2;197;194;189m▀[0m[38;2;93;97;95m[48;2;197;194;189m▀[0m[38;2;98;97;94m[48;2;197;194;189m▀[0m[38;2;197;194;189m[48;2;0;0;0m▀[0m[38;2;0;0;0m▀  [38;2;0;0;0m▀[38;2;0;0;0m▀[38;2;0;0;0m▀[38;2;197;194;189m[48;2;0;0;0m▀[0m[38;2;98;97;94m[48;2;98;97;94m▀[0m[38;2;95;95;95m[48;2;95;95;95m▀[0m[38;2;95;95;95m[48;2;255;255;255m▀[0m[38;2;95;95;95m[48;2;255;255;255m▀[0m[38;2;255;255;255m[48;2;255;255;255m▀[0m[38;2;0;0;0m[48;2;255;255;255m▀[0m[38;2;0;0;0m▄   [38;2;0;0;0m▀[38;2;65;64;63m[48;2;0;0;0m▀[0m[38;2;65;64;63m[48;2;197;194;189m▀[0m[38;2;65;64;65m[48;2;197;194;189m▀[0m[38;2;65;64;65m[48;2;65;64;65m▀[0m[38;2;197;194;189m[48;2;65;64;65m▀[0m[38;2;197;194;189m[48;2;197;194;189m▀[0m[38;2;65;64;65m[48;2;197;194;189m▀[0m[38;2;65;64;65m[48;2;65;64;65m▀[0m[38;2;65;64;65m[48;2;197;194;189m▀[0m[38;2;65;64;65m[48;2;65;64;65m▀[0m[38;2;65;64;65m[48;2;0;0;0m▀[0m[38;2;0;0;0m▀
 [38;2;0;0;0m▀[38;2;0;0;0m▀ [38;2;0;0;0m▀[38;2;255;255;255m[48;2;0;0;0m▀[0m[38;2;255;255;255m[48;2;0;0;0m▀[0m[38;2;0;0;0m▀     [38;2;0;0;0m▄[38;2;0;0;0m[48;2;65;133;98m▀[0m[38;2;49;93;74m[48;2;95;128;109m▀[0m[38;2;189;198;180m[48;2;49;93;74m▀[0m[38;2;197;194;189m[48;2;57;93;74m▀[0m[38;2;197;194;189m[48;2;57;93;74m▀[0m[38;2;68;132;98m[48;2;87;175;123m▀[0m[38;2;68;132;98m[48;2;87;175;123m▀[0m[38;2;0;0;0m[48;2;0;0;0m▀[0m     [38;2;0;0;0m▀[38;2;255;255;255m[48;2;0;0;0m▀[0m[38;2;255;255;255m[48;2;255;255;255m▀[0m[38;2;255;255;255m[48;2;57;93;74m▀[0m[38;2;57;93;74m[48;2;84;174;123m▀[0m[38;2;57;93;74m[48;2;71;133;98m▀[0m[38;2;246;255;255m[48;2;49;97;74m▀[0m[38;2;49;97;74m[48;2;115;149;134m▀[0m[38;2;0;0;0m[48;2;0;0;0m▀[0m   [38;2;0;4;0m[48;2;0;4;0m▀[0m[38;2;169;171;169m[48;2;255;255;255m▀[0m[38;2;255;255;255m[48;2;255;255;255m▀[0m[38;2;65;64;65m[48;2;65;64;65m▀[0m[38;2;65;64;65m[48;2;65;64;65m▀[0m[38;2;255;255;255m[48;2;255;255;255m▀[0m[38;2;255;255;255m[48;2;191;191;191m▀[0m[38;2;65;64;65m[48;2;65;64;65m▀[0m[38;2;197;194;189m[48;2;197;194;189m▀[0m[38;2;0;0;0m[48;2;0;0;0m▀[0m  
             [38;2;0;0;0m▀[38;2;65;133;98m[48;2;0;0;0m▀[0m[38;2;71;132;98m[48;2;0;0;0m▀[0m[38;2;71;132;98m[48;2;71;132;98m▀[0m[38;2;68;132;98m[48;2;68;132;98m▀[0m[38;2;87;175;123m[48;2;68;132;98m▀[0m[38;2;90;182;131m[48;2;0;0;0m▀[0m[38;2;60;121;87m[48;2;0;0;0m▀[0m[38;2;65;133;98m[48;2;0;0;0m▀[0m[38;2;0;0;0m▀    [38;2;0;0;0m▄[38;2;0;0;0m[48;2;65;133;98m▀[0m[38;2;57;93;74m[48;2;71;133;98m▀[0m[38;2;84;174;123m[48;2;71;133;98m▀[0m[38;2;68;132;98m[48;2;87;175;123m▀[0m[38;2;87;175;123m[48;2;68;132;98m▀[0m[38;2;68;133;95m[48;2;68;133;95m▀[0m[38;2;68;133;95m[48;2;68;133;95m▀[0m[38;2;71;132;98m[48;2;71;132;98m▀[0m[38;2;0;0;0m[48;2;0;0;0m▀[0m   [38;2;0;0;0m▀[38;2;255;255;255m[48;2;0;0;0m▀[0m[38;2;255;255;255m[48;2;0;0;0m▀[0m[38;2;0;0;0m▀[38;2;0;0;0m▀[38;2;0;0;0m▀[38;2;197;194;189m[48;2;0;0;0m▀[0m[38;2;94;97;94m[48;2;0;0;0m▀[0m[38;2;0;0;0m▀  
                [38;2;0;0;0m▀[38;2;0;0;0m▀[38;2;0;0;0m▀        [38;2;0;0;0m▀[38;2;65;64;65m[48;2;0;0;0m▀[0m[38;2;71;132;98m[48;2;0;0;0m▀[0m[38;2;71;132;98m[48;2;0;0;0m▀[0m[38;2;65;133;98m[48;2;0;0;0m▀[0m[38;2;0;0;0m▀[38;2;49;89;65m[48;2;0;0;0m▀[0m[38;2;74;133;98m[48;2;0;0;0m▀[0m[38;2;65;133;98m[48;2;0;0;0m▀[0m[38;2;0;0;0m▀              
[0m
