           [38;2;0;0;0m▄[38;2;0;0;0m▄[38;2;0;0;0m[48;2;82;148;206m▀[0m[38;2;0;0;0m[48;2;82;148;206m▀[0m[38;2;0;0;0m[48;2;82;148;206m▀[0m[38;2;0;0;0m▄[38;2;0;0;0m▄    
         [38;2;0;0;0m▄[38;2;0;0;0m[48;2;82;148;206m▀[0m[38;2;82;148;206m[48;2;65;65;65m▀[0m[38;2;82;148;206m[48;2;65;65;65m▀[0m[38;2;65;65;65m[48;2;115;197;255m▀[0m[38;2;65;65;65m[48;2;115;197;255m▀[0m[38;2;65;65;65m[48;2;115;197;255m▀[0m[38;2;65;65;65m[48;2;115;197;255m▀[0m[38;2;82;148;206m[48;2;65;65;65m▀[0m[38;2;0;0;0m[48;2;65;65;65m▀[0m[38;2;0;0;0m▄  
      [38;2;0;0;0m▄[38;2;0;0;0m▄[38;2;0;0;0m[48;2;115;197;255m▀[0m[38;2;82;148;206m[48;2;65;65;65m▀[0m[38;2;65;65;65m[48;2;115;197;255m▀[0m[38;2;115;197;255m[48;2;0;0;0m▀[0m[38;2;115;197;255m[48;2;0;0;0m▀[0m[38;2;0;0;0m▀[38;2;0;0;0m▀[38;2;0;0;0m▀[38;2;0;0;0m▀[38;2;82;148;206m[48;2;0;0;0m▀[0m[38;2;82;148;206m[48;2;65;65;65m▀[0m[38;2;0;0;0m[48;2;115;197;255m▀[0m[38;2;0;0;0m[48;2;82;148;206m▀[0m[38;2;0;0;0m▄
   [38;2;0;0;0m▄[38;2;0;0;0m[48;2;115;197;255m▀[0m[38;2;0;0;0m[48;2;115;197;255m▀[0m[38;2;115;197;255m[48;2;115;197;255m▀[0m[38;2;115;197;255m[48;2;115;197;255m▀[0m[38;2;115;197;255m[48;2;115;197;255m▀[0m[38;2;115;197;255m[48;2;115;197;255m▀[0m[38;2;0;0;0m[48;2;115;197;255m▀[0m[38;2;0;0;0m▄      [38;2;0;0;0m▀[38;2;82;148;206m[48;2;0;0;0m▀[0m[38;2;82;148;206m[48;2;0;0;0m▀[0m[38;2;0;0;0m▀
  [38;2;0;0;0m[48;2;0;0;0m▀[0m[38;2;173;230;255m[48;2;65;65;65m▀[0m[38;2;247;247;41m[48;2;115;197;255m▀[0m[38;2;115;197;255m[48;2;115;197;255m▀[0m[38;2;115;197;255m[48;2;115;197;255m▀[0m[38;2;115;197;255m[48;2;115;197;255m▀[0m[38;2;115;197;255m[48;2;247;247;41m▀[0m[38;2;115;197;255m[48;2;115;197;255m▀[0m[38;2;115;197;255m[48;2;115;197;255m▀[0m[38;2;115;197;255m[48;2;115;197;255m▀[0m[38;2;0;0;0m[48;2;0;0;0m▀[0m         
  [38;2;0;0;0m[48;2;0;0;0m▀[0m[38;2;247;247;41m[48;2;189;165;66m▀[0m[38;2;115;197;255m[48;2;115;197;255m▀[0m[38;2;115;197;255m[48;2;115;197;255m▀[0m[38;2;115;197;255m[48;2;115;197;255m▀[0m[38;2;115;197;255m[48;2;82;148;206m▀[0m[38;2;65;65;65m[48;2;247;247;41m▀[0m[38;2;115;197;255m[48;2;189;165;66m▀[0m[38;2;247;247;41m[48;2;82;148;206m▀[0m[38;2;115;197;255m[48;2;115;197;255m▀[0m[38;2;115;197;255m[48;2;115;197;255m▀[0m[38;2;0;0;0m[48;2;0;0;0m▀[0m        
 [38;2;0;0;0m▄[38;2;0;0;0m▄[38;2;0;0;0m[48;2;0;0;0m▀[0m[38;2;115;197;255m[48;2;0;0;0m▀[0m[38;2;115;197;255m[48;2;82;148;206m▀[0m[38;2;115;197;255m[48;2;115;197;255m▀[0m[38;2;247;247;41m[48;2;247;247;41m▀[0m[38;2;0;0;0m[48;2;58;123;255m▀[0m[38;2;247;247;41m[48;2;247;247;41m▀[0m[38;2;82;148;206m[48;2;82;148;206m▀[0m[38;2;115;197;255m[48;2;82;148;206m▀[0m[38;2;82;148;206m[48;2;0;0;0m▀[0m[38;2;0;0;0m▀        
[38;2;0;0;0m▀[38;2;82;148;206m[48;2;0;0;0m▀[0m[38;2;82;148;206m[48;2;82;148;206m▀[0m[38;2;82;148;206m[48;2;82;148;206m▀[0m[38;2;82;148;206m[48;2;0;0;0m▀[0m[38;2;65;65;65m[48;2;65;65;65m▀[0m[38;2;65;65;65m[48;2;82;148;206m▀[0m[38;2;82;148;206m[48;2;214;82;66m▀[0m[38;2;247;247;41m[48;2;65;65;65m▀[0m[38;2;82;148;206m[48;2;65;65;65m▀[0m[38;2;82;148;206m[48;2;65;65;65m▀[0m[38;2;0;0;0m[48;2;82;148;206m▀[0m[38;2;0;0;0m▄         
  [38;2;0;0;0m▀[38;2;0;0;0m▀[38;2;41;140;99m[48;2;0;0;0m▀[0m[38;2;0;0;0m[48;2;82;148;206m▀[0m[38;2;115;197;255m[48;2;58;123;255m▀[0m[38;2;214;82;66m[48;2;247;247;41m▀[0m[38;2;115;197;255m[48;2;115;197;255m▀[0m[38;2;115;197;255m[48;2;115;197;255m▀[0m[38;2;65;65;65m[48;2;65;65;65m▀[0m[38;2;82;148;206m[48;2;115;197;255m▀[0m[38;2;115;197;255m[48;2;115;197;255m▀[0m[38;2;0;0;0m[48;2;115;197;255m▀[0m[38;2;0;0;0m[48;2;115;197;255m▀[0m[38;2;0;0;0m▄      
     [38;2;0;0;0m▀[38;2;0;0;0m▀[38;2;0;0;0m▀[38;2;65;65;65m[48;2;0;0;0m▀[0m[38;2;82;148;206m[48;2;0;0;0m▀[0m[38;2;82;148;206m[48;2;0;0;0m▀[0m[38;2;0;0;0m▀[38;2;115;197;255m[48;2;0;0;0m▀[0m[38;2;115;197;255m[48;2;0;0;0m▀[0m[38;2;115;197;255m[48;2;0;0;0m▀[0m[38;2;0;0;0m▀      
[0m
