    [38;2;0;0;0m▄[38;2;0;0;0m[48;2;255;161;106m▀[0m[38;2;0;0;0m▄               
   [38;2;0;0;0m▄[38;2;0;0;0m[48;2;252;161;109m▀[0m[38;2;255;161;106m[48;2;252;161;109m▀[0m[38;2;0;0;0m[48;2;0;0;0m▀[0m               
   [38;2;0;0;0m[48;2;0;0;0m▀[0m[38;2;252;161;109m[48;2;246;116;65m▀[0m[38;2;246;113;65m[48;2;246;116;65m▀[0m[38;2;0;0;0m[48;2;0;0;0m▀[0m          [38;2;0;0;0m▄[38;2;0;0;0m▄[38;2;0;0;0m▄[38;2;0;0;0m▄ 
  [38;2;0;0;0m▄[38;2;0;0;0m[48;2;246;113;65m▀[0m[38;2;246;116;65m[48;2;246;116;65m▀[0m[38;2;246;116;65m[48;2;246;116;65m▀[0m[38;2;246;113;65m[48;2;246;117;65m▀[0m[38;2;0;0;0m[48;2;0;0;0m▀[0m  [38;2;0;0;0m▄[38;2;0;0;0m▄[38;2;0;0;0m▄[38;2;0;0;0m[48;2;246;129;82m▀[0m[38;2;0;0;0m[48;2;246;113;65m▀[0m[38;2;0;0;0m[48;2;246;113;65m▀[0m[38;2;0;0;0m[48;2;205;125;78m▀[0m[38;2;246;113;65m[48;2;180;76;41m▀[0m[38;2;246;117;65m[48;2;150;113;76m▀[0m[38;2;164;78;43m[48;2;222;170;115m▀[0m[38;2;172;80;41m[48;2;0;0;0m▀[0m[38;2;0;0;0m▀
  [38;2;0;0;0m[48;2;0;0;0m▀[0m[38;2;246;113;65m[48;2;246;113;65m▀[0m[38;2;246;116;65m[48;2;246;116;65m▀[0m[38;2;246;116;65m[48;2;246;116;65m▀[0m[38;2;246;117;65m[48;2;180;72;41m▀[0m[38;2;164;78;43m[48;2;230;124;79m▀[0m[38;2;0;0;0m[48;2;252;163;109m▀[0m[38;2;0;0;0m[48;2;252;163;109m▀[0m[38;2;255;161;106m[48;2;255;161;106m▀[0m[38;2;255;161;106m[48;2;255;161;106m▀[0m[38;2;246;129;82m[48;2;175;78;43m▀[0m[38;2;246;129;82m[48;2;175;78;43m▀[0m[38;2;172;78;43m[48;2;49;48;49m▀[0m[38;2;172;78;43m[48;2;49;48;49m▀[0m[38;2;180;76;41m[48;2;213;178;123m▀[0m[38;2;230;174;115m[48;2;213;178;123m▀[0m[38;2;222;170;115m[48;2;0;0;0m▀[0m[38;2;8;0;0m▀  
  [38;2;0;0;0m[48;2;41;0;0m▀[0m[38;2;246;113;65m[48;2;183;143;104m▀[0m[38;2;246;116;65m[48;2;246;116;65m▀[0m[38;2;246;116;65m[48;2;246;116;65m▀[0m[38;2;230;124;79m[48;2;255;161;106m▀[0m[38;2;255;149;98m[48;2;255;161;106m▀[0m[38;2;252;163;109m[48;2;172;80;41m▀[0m[38;2;252;163;109m[48;2;172;80;41m▀[0m[38;2;172;78;41m[48;2;189;174;131m▀[0m[38;2;172;78;41m[48;2;57;52;49m▀[0m[38;2;49;48;49m[48;2;49;48;49m▀[0m[38;2;49;48;49m[48;2;49;48;49m▀[0m[38;2;49;48;49m[48;2;213;178;123m▀[0m[38;2;213;178;123m[48;2;213;178;123m▀[0m[38;2;213;178;123m[48;2;0;0;0m▀[0m[38;2;0;0;0m▀    
[38;2;0;0;0m▄[38;2;0;0;0m[48;2;60;129;169m▀[0m[38;2;255;214;156m[48;2;213;226;213m▀[0m[38;2;112;71;52m[48;2;93;102;115m▀[0m[38;2;246;116;65m[48;2;211;126;84m▀[0m[38;2;246;116;65m[48;2;189;76;41m▀[0m[38;2;172;78;41m[48;2;246;230;172m▀[0m[38;2;172;78;41m[48;2;246;230;172m▀[0m[38;2;246;230;172m[48;2;246;238;205m▀[0m[38;2;246;230;172m[48;2;246;238;205m▀[0m[38;2;255;234;172m[48;2;246;230;175m▀[0m[38;2;189;174;131m[48;2;246;230;175m▀[0m[38;2;49;48;49m[48;2;213;178;123m▀[0m[38;2;213;178;123m[48;2;213;178;123m▀[0m[38;2;213;178;123m[48;2;0;0;0m▀[0m[38;2;0;0;0m▀      
[38;2;0;0;0m[48;2;0;0;0m▀[0m[38;2;90;194;255m[48;2;164;186;189m▀[0m[38;2;93;102;115m[48;2;246;230;172m▀[0m[38;2;213;226;213m[48;2;246;230;172m▀[0m[38;2;189;76;41m[48;2;246;230;175m▀[0m[38;2;255;226;172m[48;2;246;230;175m▀[0m[38;2;246;230;172m[48;2;127;192;230m▀[0m[38;2;180;222;255m[48;2;246;255;255m▀[0m[38;2;246;238;205m[48;2;255;255;255m▀[0m[38;2;16;125;189m[48;2;16;125;189m▀[0m[38;2;246;230;175m[48;2;16;125;189m▀[0m[38;2;246;230;175m[48;2;230;206;148m▀[0m[38;2;213;178;123m[48;2;213;178;123m▀[0m[38;2;0;0;0m[48;2;0;0;0m▀[0m        
[38;2;0;0;0m▀[38;2;164;186;189m[48;2;0;0;0m▀[0m[38;2;148;103;74m[48;2;246;230;172m▀[0m[38;2;246;230;172m[48;2;246;230;172m▀[0m[38;2;246;230;175m[48;2;246;230;172m▀[0m[38;2;246;230;175m[48;2;246;230;172m▀[0m[38;2;127;192;230m[48;2;246;218;164m▀[0m[38;2;8;129;205m[48;2;139;210;255m▀[0m[38;2;16;125;189m[48;2;16;125;189m▀[0m[38;2;16;125;189m[48;2;16;125;189m▀[0m[38;2;16;125;189m[48;2;213;178;123m▀[0m[38;2;230;206;148m[48;2;213;178;123m▀[0m[38;2;213;178;123m[48;2;0;0;0m▀[0m[38;2;0;0;0m▀  [38;2;0;0;0m▄[38;2;0;0;0m▄[38;2;0;0;0m▄   
  [38;2;0;0;0m▀[38;2;246;230;172m[48;2;0;0;0m▀[0m[38;2;180;76;49m[48;2;68;49;41m▀[0m[38;2;202;128;90m[48;2;205;149;106m▀[0m[38;2;211;215;194m[48;2;213;149;106m▀[0m[38;2;246;218;164m[48;2;213;149;106m▀[0m[38;2;213;178;123m[48;2;213;178;123m▀[0m[38;2;213;178;123m[48;2;148;103;74m▀[0m[38;2;213;178;123m[48;2;0;0;0m▀[0m[38;2;0;0;0m▀ [38;2;0;0;0m▄[38;2;0;0;0m[48;2;211;178;123m▀[0m[38;2;0;0;0m[48;2;211;178;123m▀[0m[38;2;213;178;123m[48;2;213;178;123m▀[0m[38;2;213;178;123m[48;2;148;103;74m▀[0m[38;2;213;178;123m[48;2;142;113;76m▀[0m[38;2;0;0;0m[48;2;0;0;0m▀[0m  
 [38;2;0;0;0m▄[38;2;0;0;0m[48;2;156;102;65m▀[0m[38;2;213;178;123m[48;2;230;153;98m▀[0m[38;2;205;149;106m[48;2;213;178;123m▀[0m[38;2;0;0;8m[48;2;213;178;123m▀[0m[38;2;49;48;49m[48;2;148;103;74m▀[0m[38;2;49;48;49m[48;2;213;178;123m▀[0m[38;2;148;103;74m[48;2;213;178;123m▀[0m[38;2;213;178;123m[48;2;148;103;74m▀[0m[38;2;213;178;123m[48;2;189;174;131m▀[0m[38;2;0;0;0m[48;2;189;174;131m▀[0m[38;2;0;0;0m[48;2;246;230;175m▀[0m[38;2;49;48;49m[48;2;246;230;175m▀[0m[38;2;211;178;123m[48;2;49;48;49m▀[0m[38;2;211;178;123m[48;2;230;145;90m▀[0m[38;2;213;178;123m[48;2;213;178;123m▀[0m[38;2;213;178;123m[48;2;148;103;74m▀[0m[38;2;213;170;115m[48;2;0;0;0m▀[0m[38;2;0;0;0m▀  
  [38;2;8;0;0m▀[38;2;156;102;65m[48;2;0;0;0m▀[0m[38;2;213;178;123m[48;2;0;0;0m▀[0m[38;2;49;48;49m[48;2;213;178;123m▀[0m[38;2;213;178;123m[48;2;213;178;123m▀[0m[38;2;148;103;74m[48;2;148;103;74m▀[0m[38;2;148;103;74m[48;2;211;178;123m▀[0m[38;2;213;178;123m[48;2;211;178;123m▀[0m[38;2;57;52;49m[48;2;189;174;131m▀[0m[38;2;255;234;172m[48;2;57;52;49m▀[0m[38;2;246;230;175m[48;2;255;206;148m▀[0m[38;2;246;230;175m[48;2;189;152;112m▀[0m[38;2;230;145;90m[48;2;49;48;49m▀[0m[38;2;49;48;49m[48;2;213;178;123m▀[0m[38;2;213;178;123m[48;2;148;101;74m▀[0m[38;2;213;178;123m[48;2;0;0;0m▀[0m[38;2;0;0;0m▀   
    [38;2;0;0;0m[48;2;0;0;0m▀[0m[38;2;213;178;123m[48;2;172;80;41m▀[0m[38;2;213;178;123m[48;2;213;178;123m▀[0m[38;2;213;178;123m[48;2;213;178;123m▀[0m[38;2;211;178;123m[48;2;123;103;74m▀[0m[38;2;211;178;123m[48;2;238;206;148m▀[0m[38;2;255;234;172m[48;2;246;230;172m▀[0m[38;2;255;234;172m[48;2;246;230;172m▀[0m[38;2;57;44;41m[48;2;213;178;123m▀[0m[38;2;57;44;41m[48;2;213;178;123m▀[0m[38;2;213;178;123m[48;2;0;0;0m▀[0m[38;2;213;178;123m[48;2;0;0;0m▀[0m[38;2;0;0;0m▀     
     [38;2;0;0;0m▀[38;2;0;0;0m▀[38;2;0;0;0m▀[38;2;8;0;0m▀[38;2;238;206;148m[48;2;0;0;0m▀[0m[38;2;211;178;120m[48;2;0;0;0m▀[0m[38;2;211;178;120m[48;2;222;97;49m▀[0m[38;2;213;178;123m[48;2;222;97;49m▀[0m[38;2;0;0;0m[48;2;0;0;0m▀[0m        
           [38;2;0;0;0m▀[38;2;0;0;0m▀         
[0m
