[38;2;0;0;0m▄[38;2;0;0;0m▄     [38;2;0;0;0m▄[38;2;0;0;0m[48;2;213;76;106m▀[0m[38;2;0;0;0m▄                         
[38;2;0;0;0m[48;2;0;0;0m▀[0m[38;2;148;70;87m[48;2;148;70;87m▀[0m[38;2;0;0;0m[48;2;156;85;172m▀[0m[38;2;0;0;0m▄   [38;2;0;0;0m[48;2;0;0;0m▀[0m[38;2;178;83;120m[48;2;255;125;180m▀[0m[38;2;24;0;0m[48;2;178;83;120m▀[0m[38;2;0;0;0m▄                        
 [38;2;0;0;0m[48;2;0;0;0m▀[0m[38;2;148;70;87m[48;2;148;70;87m▀[0m[38;2;0;0;0m[48;2;148;70;87m▀[0m[38;2;0;0;0m▄ [38;2;0;0;0m▄[38;2;0;0;0m[48;2;213;76;106m▀[0m[38;2;213;76;106m[48;2;202;133;205m▀[0m[38;2;213;76;106m[48;2;202;133;205m▀[0m[38;2;0;0;0m[48;2;0;0;0m▀[0m                        
 [38;2;0;0;0m[48;2;0;0;0m▀[0m[38;2;150;68;84m[48;2;161;84;169m▀[0m[38;2;161;84;169m[48;2;150;68;84m▀[0m[38;2;0;0;0m[48;2;148;68;82m▀[0m[38;2;0;0;0m▄[38;2;8;8;0m[48;2;82;48;63m▀[0m[38;2;230;129;189m[48;2;156;89;126m▀[0m[38;2;255;125;180m[48;2;178;83;120m▀[0m[38;2;178;83;120m[48;2;24;0;0m▀[0m[38;2;0;0;0m▀[38;2;0;0;0m▄[38;2;0;0;0m▄[38;2;0;0;0m▄                     
 [38;2;0;0;0m▀[38;2;148;70;87m[48;2;0;0;0m▀[0m[38;2;148;70;87m[48;2;0;0;0m▀[0m[38;2;180;93;164m[48;2;123;67;109m▀[0m[38;2;8;16;0m[48;2;65;41;54m▀[0m[38;2;213;76;106m[48;2;202;133;205m▀[0m[38;2;213;76;106m[48;2;202;133;205m▀[0m[38;2;120;83;104m[48;2;213;129;197m▀[0m[38;2;74;60;57m[48;2;74;60;57m▀[0m[38;2;0;16;16m[48;2;213;80;106m▀[0m[38;2;71;37;46m[48;2;213;80;106m▀[0m[38;2;148;70;86m[48;2;74;64;65m▀[0m[38;2;148;70;86m[48;2;222;76;106m▀[0m[38;2;8;0;0m[48;2;161;86;126m▀[0m[38;2;8;0;0m[48;2;238;129;189m▀[0m[38;2;0;0;0m▄                  
    [38;2;0;0;0m▀[38;2;148;68;82m[48;2;0;0;0m▀[0m[38;2;65;64;65m[48;2;148;68;86m▀[0m[38;2;148;68;86m[48;2;65;64;65m▀[0m[38;2;213;76;106m[48;2;213;76;106m▀[0m[38;2;213;76;106m[48;2;65;64;65m▀[0m[38;2;65;64;65m[48;2;213;76;106m▀[0m[38;2;213;76;106m[48;2;213;76;106m▀[0m[38;2;213;76;106m[48;2;213;76;106m▀[0m[38;2;65;64;65m[48;2;65;64;65m▀[0m[38;2;202;133;205m[48;2;202;133;205m▀[0m[38;2;213;76;106m[48;2;202;133;205m▀[0m[38;2;238;129;189m[48;2;161;86;126m▀[0m[38;2;8;0;0m[48;2;8;0;0m▀[0m                 
     [38;2;0;0;0m[48;2;0;0;0m▀[0m[38;2;213;76;106m[48;2;213;76;106m▀[0m[38;2;65;64;65m[48;2;213;76;106m▀[0m[38;2;71;66;68m[48;2;213;76;106m▀[0m[38;2;213;76;106m[48;2;142;71;87m▀[0m[38;2;213;80;106m[48;2;115;80;90m▀[0m[38;2;213;80;106m[48;2;65;80;82m▀[0m[38;2;57;68;65m[48;2;106;72;79m▀[0m[38;2;205;80;106m[48;2;57;68;65m▀[0m[38;2;213;76;106m[48;2;148;68;86m▀[0m[38;2;213;76;106m[48;2;213;76;106m▀[0m[38;2;213;76;106m[48;2;65;64;65m▀[0m[38;2;65;64;65m[48;2;213;76;106m▀[0m[38;2;0;0;0m[48;2;213;76;106m▀[0m[38;2;0;0;0m▄               
    [38;2;0;0;0m[48;2;0;0;0m▀[0m[38;2;213;76;106m[48;2;213;76;106m▀[0m[38;2;213;76;106m[48;2;213;76;106m▀[0m[38;2;213;76;106m[48;2;213;76;106m▀[0m[38;2;139;93;106m[48;2;112;87;95m▀[0m[38;2;112;87;95m[48;2;57;76;74m▀[0m[38;2;84;79;46m[48;2;0;0;32m▀[0m[38;2;255;238;74m[48;2;169;159;60m▀[0m[38;2;65;64;65m[48;2;65;64;65m▀[0m[38;2;65;64;65m[48;2;106;107;106m▀[0m[38;2;213;129;197m[48;2;74;60;57m▀[0m[38;2;74;60;57m[48;2;120;83;104m▀[0m[38;2;213;76;106m[48;2;213;76;106m▀[0m[38;2;213;76;106m[48;2;202;133;205m▀[0m[38;2;238;129;189m[48;2;161;86;126m▀[0m[38;2;8;0;0m[48;2;8;0;0m▀[0m       [38;2;0;0;0m▄[38;2;8;0;0m[48;2;180;93;156m▀[0m[38;2;8;0;0m[48;2;123;62;104m▀[0m[38;2;0;0;0m▄    
    [38;2;0;0;0m▀[38;2;148;68;82m[48;2;0;0;0m▀[0m[38;2;213;85;115m[48;2;65;72;74m▀[0m[38;2;65;72;74m[48;2;115;76;87m▀[0m[38;2;57;52;98m[48;2;117;116;84m▀[0m[38;2;238;242;57m[48;2;117;116;84m▀[0m[38;2;178;148;117m[48;2;117;106;95m▀[0m[38;2;57;64;74m[48;2;117;106;95m▀[0m[38;2;106;107;106m[48;2;106;107;106m▀[0m[38;2;106;107;106m[48;2;65;64;65m▀[0m[38;2;74;60;57m[48;2;213;129;197m▀[0m[38;2;120;83;104m[48;2;74;60;57m▀[0m[38;2;213;76;106m[48;2;65;64;65m▀[0m[38;2;213;76;106m[48;2;65;64;65m▀[0m[38;2;0;0;0m[48;2;213;76;106m▀[0m[38;2;0;0;0m▄      [38;2;8;0;0m[48;2;8;0;0m▀[0m[38;2;123;62;104m[48;2;180;93;156m▀[0m[38;2;148;68;82m[48;2;0;0;0m▀[0m[38;2;0;0;0m▀ [38;2;0;0;0m▄[38;2;8;0;0m[48;2;238;129;189m▀[0m[38;2;8;0;0m[48;2;161;86;126m▀[0m[38;2;0;0;0m▄
     [38;2;0;0;0m▀[38;2;106;107;106m[48;2;0;0;0m▀[0m[38;2;106;107;106m[48;2;106;107;106m▀[0m[38;2;106;107;106m[48;2;0;0;0m▀[0m[38;2;0;0;0m▀[38;2;60;62;60m[48;2;0;0;0m▀[0m[38;2;90;93;90m[48;2;60;62;60m▀[0m[38;2;90;91;90m[48;2;90;91;90m▀[0m[38;2;90;91;90m[48;2;90;91;90m▀[0m[38;2;65;64;65m[48;2;90;91;90m▀[0m[38;2;65;64;65m[48;2;65;64;65m▀[0m[38;2;180;60;74m[48;2;191;83;115m▀[0m[38;2;191;83;115m[48;2;213;129;197m▀[0m[38;2;238;129;189m[48;2;161;86;126m▀[0m[38;2;8;0;0m[48;2;8;0;0m▀[0m    [38;2;0;0;0m▄[38;2;0;0;0m[48;2;148;68;82m▀[0m[38;2;82;60;49m[48;2;175;82;153m▀[0m[38;2;128;71;101m[48;2;128;71;101m▀[0m[38;2;0;0;0m[48;2;65;64;65m▀[0m[38;2;0;0;0m▄[38;2;16;0;0m[48;2;164;86;137m▀[0m[38;2;164;86;137m[48;2;238;129;205m▀[0m[38;2;156;85;172m[48;2;0;0;0m▀[0m[38;2;0;0;0m▀ 
       [38;2;0;0;0m▀ [38;2;0;0;0m▀[38;2;153;98;164m[48;2;0;12;0m▀[0m[38;2;76;55;82m[48;2;76;55;82m▀[0m[38;2;90;91;90m[48;2;106;106;106m▀[0m[38;2;90;91;90m[48;2;106;106;106m▀[0m[38;2;65;68;65m[48;2;109;91;112m▀[0m[38;2;197;137;205m[48;2;65;68;65m▀[0m[38;2;213;76;106m[48;2;142;71;87m▀[0m[38;2;213;76;106m[48;2;71;66;68m▀[0m[38;2;71;40;49m[48;2;213;89;115m▀[0m[38;2;0;16;16m[48;2;142;64;82m▀[0m[38;2;0;0;0m▄[38;2;0;0;0m[48;2;148;68;82m▀[0m[38;2;0;0;0m[48;2;148;70;87m▀[0m[38;2;0;0;0m[48;2;148;70;87m▀[0m[38;2;65;64;65m[48;2;213;76;106m▀[0m[38;2;65;64;65m[48;2;213;76;106m▀[0m[38;2;143;70;86m[48;2;65;64;65m▀[0m[38;2;65;64;65m[48;2;222;76;106m▀[0m[38;2;183;84;115m[48;2;172;60;74m▀[0m[38;2;205;133;197m[48;2;205;133;197m▀[0m[38;2;134;58;93m[48;2;197;85;139m▀[0m[38;2;197;85;139m[48;2;8;4;0m▀[0m[38;2;0;0;0m▀  
        [38;2;0;0;0m▄[38;2;0;0;0m[48;2;156;85;172m▀[0m[38;2;65;64;65m[48;2;65;64;65m▀[0m[38;2;106;107;106m[48;2;106;107;106m▀[0m[38;2;106;107;106m[48;2;106;107;106m▀[0m[38;2;106;107;106m[48;2;106;107;106m▀[0m[38;2;106;107;106m[48;2;106;107;106m▀[0m[38;2;106;107;106m[48;2;65;64;65m▀[0m[38;2;65;64;65m[48;2;213;76;106m▀[0m[38;2;213;76;106m[48;2;213;76;106m▀[0m[38;2;230;117;180m[48;2;183;95;137m▀[0m[38;2;137;74;93m[48;2;90;52;49m▀[0m[38;2;148;68;86m[48;2;148;68;86m▀[0m[38;2;148;68;86m[48;2;213;76;106m▀[0m[38;2;191;83;115m[48;2;180;60;74m▀[0m[38;2;191;83;115m[48;2;213;129;197m▀[0m[38;2;164;64;82m[48;2;180;86;120m▀[0m[38;2;213;129;197m[48;2;164;64;82m▀[0m[38;2;186;93;131m[48;2;238;113;172m▀[0m[38;2;82;52;49m[48;2;186;93;131m▀[0m[38;2;148;80;90m[48;2;74;46;49m▀[0m[38;2;0;12;8m▀[38;2;156;85;172m[48;2;0;0;0m▀[0m[38;2;0;0;0m▀   
        [38;2;0;0;0m▄[38;2;0;0;0m[48;2;106;107;106m▀[0m[38;2;106;107;106m[48;2;106;107;106m▀[0m[38;2;106;107;106m[48;2;106;107;106m▀[0m[38;2;106;107;106m[48;2;106;107;106m▀[0m[38;2;106;107;106m[48;2;106;107;106m▀[0m[38;2;65;68;65m[48;2;109;91;112m▀[0m[38;2;197;137;205m[48;2;65;68;65m▀[0m[38;2;143;70;86m[48;2;65;64;65m▀[0m[38;2;222;76;106m[48;2;65;64;65m▀[0m[38;2;82;52;49m[48;2;186;93;131m▀[0m[38;2;186;93;131m[48;2;238;113;172m▀[0m[38;2;197;133;205m[48;2;197;133;205m▀[0m[38;2;148;68;84m[48;2;148;68;84m▀[0m[38;2;213;76;106m[48;2;213;76;106m▀[0m[38;2;148;68;86m[48;2;148;68;86m▀[0m[38;2;202;133;205m[48;2;213;76;106m▀[0m[38;2;213;76;106m[48;2;213;76;106m▀[0m[38;2;148;68;86m[48;2;148;68;86m▀[0m[38;2;213;76;106m[48;2;213;76;106m▀[0m[38;2;0;0;0m[48;2;0;0;0m▀[0m      
        [38;2;0;0;0m[48;2;0;0;0m▀[0m[38;2;98;99;98m[48;2;98;99;98m▀[0m[38;2;106;106;106m[48;2;90;91;90m▀[0m[38;2;106;106;106m[48;2;106;106;106m▀[0m[38;2;106;107;106m[48;2;106;107;106m▀[0m[38;2;106;107;106m[48;2;106;107;106m▀[0m[38;2;106;107;106m[48;2;106;107;106m▀[0m[38;2;65;64;65m[48;2;65;64;65m▀[0m[38;2;213;76;106m[48;2;213;76;106m▀[0m[38;2;213;76;106m[48;2;213;76;106m▀[0m[38;2;213;76;106m[48;2;213;76;106m▀[0m[38;2;202;133;205m[48;2;213;76;106m▀[0m[38;2;222;76;106m[48;2;143;70;86m▀[0m[38;2;65;64;65m[48;2;65;64;65m▀[0m[38;2;222;76;106m[48;2;74;64;65m▀[0m[38;2;148;70;86m[48;2;148;70;86m▀[0m[38;2;148;68;86m[48;2;148;68;86m▀[0m[38;2;65;64;65m[48;2;65;64;65m▀[0m[38;2;213;76;106m[48;2;148;68;86m▀[0m[38;2;148;68;86m[48;2;148;68;86m▀[0m[38;2;127;87;94m[48;2;127;87;94m▀[0m[38;2;0;0;0m[48;2;0;0;0m▀[0m     
         [38;2;0;0;0m[48;2;0;0;0m▀[0m[38;2;90;91;90m[48;2;65;64;65m▀[0m[38;2;90;91;90m[48;2;90;91;90m▀[0m[38;2;90;91;90m[48;2;90;91;90m▀[0m[38;2;90;91;90m[48;2;90;91;90m▀[0m[38;2;90;91;90m[48;2;90;91;90m▀[0m[38;2;90;91;90m[48;2;90;91;90m▀[0m[38;2;57;68;65m[48;2;106;72;79m▀[0m[38;2;205;80;106m[48;2;57;68;65m▀[0m[38;2;222;76;106m[48;2;148;70;86m▀[0m[38;2;148;70;86m[48;2;74;64;65m▀[0m[38;2;148;76;90m[48;2;65;80;74m▀[0m[38;2;93;79;79m[48;2;93;79;79m▀[0m[38;2;74;56;102m[48;2;0;8;0m▀[0m[38;2;148;105;205m[48;2;0;8;0m▀[0m[38;2;0;0;0m▀[38;2;148;68;82m[48;2;0;0;0m▀[0m[38;2;65;68;65m[48;2;65;68;65m▀[0m[38;2;115;79;87m[48;2;139;85;98m▀[0m[38;2;148;68;82m[48;2;0;0;0m▀[0m[38;2;0;0;0m▀     
        [38;2;0;0;0m[48;2;0;0;0m▀[0m[38;2;90;91;90m[48;2;0;0;0m▀[0m[38;2;148;68;82m[48;2;0;0;0m▀[0m[38;2;0;0;0m▀[38;2;0;0;0m▀[38;2;90;91;90m[48;2;0;0;0m▀[0m[38;2;90;91;90m[48;2;0;0;0m▀[0m[38;2;90;91;90m[48;2;0;0;0m▀[0m[38;2;65;64;65m[48;2;0;0;0m▀[0m[38;2;65;64;65m[48;2;65;64;65m▀[0m[38;2;65;68;65m[48;2;115;79;87m▀[0m[38;2;139;85;98m[48;2;65;68;65m▀[0m[38;2;65;64;65m[48;2;0;0;0m▀[0m[38;2;0;0;0m▀    [38;2;0;0;0m[48;2;0;0;0m▀[0m[38;2;106;107;106m[48;2;0;0;0m▀[0m[38;2;0;0;0m▀      
                 [38;2;0;0;0m[48;2;0;0;0m▀[0m[38;2;205;101;123m[48;2;137;71;84m▀[0m[38;2;137;71;84m[48;2;0;12;8m▀[0m[38;2;0;0;0m▀              
                 [38;2;0;0;0m▀[38;2;0;0;0m▀                
[0m
