       [38;2;0;4;0m▄[38;2;0;4;0m[48;2;198;195;189m▀[0m[38;2;0;4;0m[48;2;198;195;189m▀[0m[38;2;0;4;0m▄ [38;2;0;4;0m▄[38;2;0;4;0m[48;2;255;255;255m▀[0m[38;2;0;4;0m[48;2;255;255;255m▀[0m[38;2;0;4;0m▄[38;2;0;4;0m▄    [38;2;0;4;0m▄[38;2;0;4;0m▄[38;2;0;4;0m▄         
      [38;2;0;4;0m▄[38;2;0;4;0m[48;2;140;146;148m▀[0m[38;2;198;195;189m[48;2;93;97;95m▀[0m[38;2;198;195;189m[48;2;198;195;189m▀[0m[38;2;198;195;189m[48;2;198;195;189m▀[0m[38;2;0;4;0m[48;2;198;195;189m▀[0m[38;2;255;255;255m[48;2;66;65;66m▀[0m[38;2;255;255;255m[48;2;255;255;255m▀[0m[38;2;255;255;255m[48;2;255;255;255m▀[0m[38;2;255;255;255m[48;2;255;255;255m▀[0m[38;2;214;227;231m[48;2;214;227;231m▀[0m[38;2;0;4;0m[48;2;214;227;231m▀[0m[38;2;0;4;0m▄[38;2;0;4;0m[48;2;255;255;255m▀[0m[38;2;0;4;0m[48;2;255;255;255m▀[0m[38;2;255;255;255m[48;2;255;255;255m▀[0m[38;2;255;255;255m[48;2;255;255;255m▀[0m[38;2;255;255;255m[48;2;255;255;255m▀[0m[38;2;0;0;0m[48;2;247;251;247m▀[0m[38;2;0;0;0m[48;2;82;83;82m▀[0m[38;2;0;4;0m▄[38;2;0;4;0m▄     
      [38;2;0;4;0m[48;2;0;4;0m▀[0m[38;2;137;144;148m[48;2;137;144;148m▀[0m[38;2;145;109;112m[48;2;198;113;123m▀[0m[38;2;93;105;101m[48;2;93;105;101m▀[0m[38;2;200;195;189m[48;2;200;195;189m▀[0m[38;2;200;195;189m[48;2;200;195;189m▀[0m[38;2;74;73;66m[48;2;194;194;192m▀[0m[38;2;255;255;255m[48;2;74;73;66m▀[0m[38;2;255;255;255m[48;2;189;210;225m▀[0m[38;2;189;210;225m[48;2;189;210;225m▀[0m[38;2;189;211;222m[48;2;135;146;148m▀[0m[38;2;135;146;148m[48;2;189;211;222m▀[0m[38;2;255;255;255m[48;2;255;255;255m▀[0m[38;2;255;255;255m[48;2;255;255;255m▀[0m[38;2;255;255;255m[48;2;255;255;255m▀[0m[38;2;255;255;255m[48;2;82;81;66m▀[0m[38;2;255;255;255m[48;2;82;77;66m▀[0m[38;2;82;77;66m[48;2;197;195;192m▀[0m[38;2;90;85;74m[48;2;231;231;222m▀[0m[38;2;184;182;172m[48;2;231;231;222m▀[0m[38;2;222;224;219m[48;2;222;224;219m▀[0m[38;2;222;224;219m[48;2;222;224;219m▀[0m[38;2;0;4;0m[48;2;198;195;189m▀[0m[38;2;0;4;0m▄   
      [38;2;0;4;0m[48;2;0;4;0m▀[0m[38;2;137;144;148m[48;2;137;144;148m▀[0m[38;2;181;105;115m[48;2;181;105;115m▀[0m[38;2;255;125;148m[48;2;107;85;82m▀[0m[38;2;90;97;99m[48;2;198;195;189m▀[0m[38;2;198;195;189m[48;2;144;146;144m▀[0m[38;2;198;195;189m[48;2;198;195;189m▀[0m[38;2;82;78;68m[48;2;82;78;68m▀[0m[38;2;189;211;225m[48;2;189;211;225m▀[0m[38;2;189;211;225m[48;2;189;211;225m▀[0m[38;2;135;146;148m[48;2;189;211;222m▀[0m[38;2;189;211;222m[48;2;189;211;222m▀[0m[38;2;192;198;197m[48;2;192;198;197m▀[0m[38;2;247;255;255m[48;2;82;85;82m▀[0m[38;2;82;78;68m[48;2;198;195;189m▀[0m[38;2;198;195;189m[48;2;198;195;189m▀[0m[38;2;200;195;186m[48;2;200;195;186m▀[0m[38;2;219;225;216m[48;2;200;195;186m▀[0m[38;2;222;223;222m[48;2;96;95;96m▀[0m[38;2;222;223;222m[48;2;96;95;96m▀[0m[38;2;200;195;189m[48;2;200;195;189m▀[0m[38;2;200;195;189m[48;2;200;195;189m▀[0m[38;2;198;195;189m[48;2;198;195;189m▀[0m[38;2;0;4;0m[48;2;0;4;0m▀[0m   
      [38;2;0;4;0m▀[38;2;140;146;148m[48;2;0;4;0m▀[0m[38;2;142;145;145m[48;2;194;194;192m▀[0m[38;2;90;97;99m[48;2;142;145;145m▀[0m[38;2;197;197;189m[48;2;197;197;189m▀[0m[38;2;139;139;131m[48;2;82;81;74m▀[0m[38;2;82;85;82m[48;2;198;199;198m▀[0m[38;2;140;142;140m[48;2;140;142;140m▀[0m[38;2;194;202;205m[48;2;134;149;156m▀[0m[38;2;255;255;255m[48;2;255;255;255m▀[0m[38;2;203;214;219m[48;2;203;214;219m▀[0m[38;2;239;251;255m[48;2;132;142;148m▀[0m[38;2;198;203;206m[48;2;82;78;68m▀[0m[38;2;82;78;68m[48;2;198;203;206m▀[0m[38;2;200;194;186m[48;2;200;194;186m▀[0m[38;2;200;194;186m[48;2;140;146;148m▀[0m[38;2;206;182;181m[48;2;156;133;135m▀[0m[38;2;107;85;90m[48;2;156;133;135m▀[0m[38;2;198;93;107m[48;2;198;93;107m▀[0m[38;2;136;146;148m[48;2;198;93;107m▀[0m[38;2;136;146;148m[48;2;136;146;148m▀[0m[38;2;198;195;189m[48;2;198;195;189m▀[0m[38;2;198;195;189m[48;2;198;195;189m▀[0m[38;2;0;4;0m[48;2;0;4;0m▀[0m   
       [38;2;0;4;0m▀[38;2;137;138;140m[48;2;0;8;8m▀[0m[38;2;206;203;206m[48;2;137;138;140m▀[0m[38;2;82;78;68m[48;2;82;78;68m▀[0m[38;2;198;195;189m[48;2;198;195;189m▀[0m[38;2;200;195;186m[48;2;200;195;186m▀[0m[38;2;219;225;216m[48;2;219;225;216m▀[0m[38;2;140;146;148m[48;2;216;218;219m▀[0m[38;2;255;255;255m[48;2;140;146;148m▀[0m[38;2;134;144;150m[48;2;222;223;222m▀[0m[38;2;222;223;222m[48;2;222;223;222m▀[0m[38;2;82;78;68m[48;2;198;195;189m▀[0m[38;2;198;195;189m[48;2;198;195;189m▀[0m[38;2;136;146;148m[48;2;136;146;148m▀[0m[38;2;136;146;148m[48;2;198;195;189m▀[0m[38;2;198;195;189m[48;2;198;195;189m▀[0m[38;2;136;146;148m[48;2;136;146;148m▀[0m[38;2;239;109;132m[48;2;132;130;132m▀[0m[38;2;203;116;132m[48;2;203;116;132m▀[0m[38;2;200;195;189m[48;2;200;195;189m▀[0m[38;2;200;195;189m[48;2;200;195;189m▀[0m[38;2;198;195;189m[48;2;0;4;0m▀[0m[38;2;0;4;0m▀   
       [38;2;0;4;0m[48;2;0;4;0m▀[0m[38;2;189;211;222m[48;2;189;211;222m▀[0m[38;2;82;81;66m[48;2;82;81;66m▀[0m[38;2;198;195;189m[48;2;198;195;189m▀[0m[38;2;198;195;189m[48;2;66;65;66m▀[0m[38;2;66;65;66m[48;2;255;255;255m▀[0m[38;2;192;191;192m[48;2;192;191;192m▀[0m[38;2;219;225;216m[48;2;200;195;186m▀[0m[38;2;219;225;216m[48;2;200;195;186m▀[0m[38;2;219;225;216m[48;2;200;195;186m▀[0m[38;2;200;195;186m[48;2;200;195;186m▀[0m[38;2;198;195;189m[48;2;66;65;66m▀[0m[38;2;198;195;189m[48;2;198;195;189m▀[0m[38;2;200;195;189m[48;2;200;195;189m▀[0m[38;2;200;195;189m[48;2;200;195;189m▀[0m[38;2;140;146;148m[48;2;200;194;186m▀[0m[38;2;200;194;186m[48;2;200;194;186m▀[0m[38;2;198;195;189m[48;2;136;146;148m▀[0m[38;2;136;146;148m[48;2;198;195;189m▀[0m[38;2;198;195;189m[48;2;198;195;189m▀[0m[38;2;198;195;189m[48;2;0;4;0m▀[0m[38;2;0;4;0m▀    
     [38;2;0;4;0m▄[38;2;0;4;0m▄[38;2;0;4;0m[48;2;189;211;222m▀[0m[38;2;189;211;222m[48;2;74;73;66m▀[0m[38;2;74;73;66m[48;2;189;211;222m▀[0m[38;2;206;195;189m[48;2;90;77;74m▀[0m[38;2;90;77;74m[48;2;128;116;112m▀[0m[38;2;74;73;66m[48;2;74;73;66m▀[0m[38;2;198;195;189m[48;2;198;195;189m▀[0m[38;2;200;195;189m[48;2;200;195;189m▀[0m[38;2;200;195;189m[48;2;200;195;189m▀[0m[38;2;198;195;189m[48;2;198;195;189m▀[0m[38;2;66;65;66m[48;2;66;65;66m▀[0m[38;2;255;255;255m[48;2;74;69;66m▀[0m[38;2;74;69;66m[48;2;74;69;66m▀[0m[38;2;200;195;189m[48;2;200;195;189m▀[0m[38;2;200;195;189m[48;2;200;195;189m▀[0m[38;2;136;146;148m[48;2;198;195;189m▀[0m[38;2;136;146;148m[48;2;198;195;189m▀[0m[38;2;198;195;189m[48;2;66;65;66m▀[0m[38;2;198;195;189m[48;2;66;65;66m▀[0m[38;2;63;73;74m[48;2;189;211;222m▀[0m[38;2;0;4;0m[48;2;0;4;0m▀[0m     
  [38;2;0;4;0m▄[38;2;0;4;0m[48;2;189;211;222m▀[0m[38;2;0;4;0m[48;2;189;211;222m▀[0m[38;2;189;211;222m[48;2;189;211;222m▀[0m[38;2;189;211;225m[48;2;189;211;225m▀[0m[38;2;189;211;225m[48;2;189;211;225m▀[0m[38;2;189;207;222m[48;2;66;60;57m▀[0m[38;2;66;60;57m[48;2;107;109;112m▀[0m[38;2;82;78;68m[48;2;198;203;206m▀[0m[38;2;198;203;206m[48;2;82;78;68m▀[0m[38;2;200;194;186m[48;2;200;194;186m▀[0m[38;2;140;146;148m[48;2;200;194;186m▀[0m[38;2;198;195;189m[48;2;93;97;95m▀[0m[38;2;198;195;189m[48;2;93;97;95m▀[0m[38;2;206;190;181m[48;2;99;93;90m▀[0m[38;2;134;125;120m[48;2;99;93;90m▀[0m[38;2;90;77;74m[48;2;206;195;189m▀[0m[38;2;128;116;112m[48;2;206;195;189m▀[0m[38;2;198;199;198m[48;2;140;142;140m▀[0m[38;2;82;85;82m[48;2;140;142;140m▀[0m[38;2;66;65;66m[48;2;66;65;66m▀[0m[38;2;66;65;66m[48;2;189;211;222m▀[0m[38;2;189;211;222m[48;2;189;211;222m▀[0m[38;2;189;211;222m[48;2;0;4;0m▀[0m[38;2;0;4;0m▀      
[38;2;0;4;0m▄[38;2;0;4;0m[48;2;189;211;222m▀[0m[38;2;189;211;225m[48;2;189;211;225m▀[0m[38;2;189;211;225m[48;2;189;211;225m▀[0m[38;2;189;211;222m[48;2;189;211;222m▀[0m[38;2;189;211;222m[48;2;0;4;0m▀[0m[38;2;189;211;222m[48;2;0;4;0m▀[0m[38;2;189;211;222m[48;2;0;4;0m▀[0m[38;2;63;70;74m[48;2;0;0;0m▀[0m[38;2;189;211;222m[48;2;189;211;222m▀[0m[38;2;189;211;222m[48;2;189;211;222m▀[0m[38;2;189;211;222m[48;2;135;146;148m▀[0m[38;2;90;97;99m[48;2;145;149;151m▀[0m[38;2;90;97;99m[48;2;255;255;255m▀[0m[38;2;255;255;255m[48;2;255;255;255m▀[0m[38;2;255;255;255m[48;2;255;255;255m▀[0m[38;2;255;255;255m[48;2;255;255;255m▀[0m[38;2;255;255;255m[48;2;255;255;255m▀[0m[38;2;95;95;95m[48;2;255;255;255m▀[0m[38;2;95;95;95m[48;2;255;255;255m▀[0m[38;2;139;154;161m[48;2;98;105;109m▀[0m[38;2;57;56;57m[48;2;181;203;214m▀[0m[38;2;189;211;222m[48;2;66;65;66m▀[0m[38;2;189;211;222m[48;2;66;65;66m▀[0m[38;2;66;65;66m[48;2;189;211;222m▀[0m[38;2;189;211;222m[48;2;189;211;222m▀[0m[38;2;0;4;0m[48;2;222;235;239m▀[0m[38;2;0;4;0m[48;2;222;235;239m▀[0m[38;2;0;4;0m▄[38;2;0;4;0m▄   
[38;2;0;4;0m[48;2;0;4;0m▀[0m[38;2;189;211;222m[48;2;189;211;222m▀[0m[38;2;189;211;222m[48;2;0;4;0m▀[0m[38;2;0;4;0m▀[38;2;0;4;0m▀   [38;2;0;4;0m▄[38;2;0;4;0m[48;2;66;64;66m▀[0m[38;2;192;194;194m[48;2;66;73;74m▀[0m[38;2;255;255;255m[48;2;192;194;194m▀[0m[38;2;255;255;255m[48;2;255;255;255m▀[0m[38;2;255;255;255m[48;2;255;255;255m▀[0m[38;2;255;255;255m[48;2;82;81;66m▀[0m[38;2;255;255;255m[48;2;82;81;66m▀[0m[38;2;135;146;148m[48;2;189;211;222m▀[0m[38;2;135;146;148m[48;2;189;211;222m▀[0m[38;2;255;255;255m[48;2;189;210;225m▀[0m[38;2;255;255;255m[48;2;189;210;225m▀[0m[38;2;189;211;222m[48;2;189;211;222m▀[0m[38;2;95;97;96m[48;2;189;211;222m▀[0m[38;2;66;65;66m[48;2;66;65;66m▀[0m[38;2;189;211;222m[48;2;189;211;222m▀[0m[38;2;189;210;225m[48;2;189;210;225m▀[0m[38;2;255;255;255m[48;2;189;210;225m▀[0m[38;2;189;210;225m[48;2;189;210;225m▀[0m[38;2;255;255;255m[48;2;189;210;225m▀[0m[38;2;189;210;225m[48;2;255;255;255m▀[0m[38;2;255;255;255m[48;2;255;255;255m▀[0m[38;2;0;4;0m[48;2;255;255;255m▀[0m[38;2;0;4;0m▄ 
 [38;2;0;4;0m▀[38;2;0;4;0m▀  [38;2;0;4;0m▄[38;2;0;4;0m[48;2;189;211;222m▀[0m[38;2;0;4;0m[48;2;189;211;222m▀[0m[38;2;189;211;222m[48;2;189;211;222m▀[0m[38;2;66;65;66m[48;2;189;211;222m▀[0m[38;2;136;146;148m[48;2;66;65;66m▀[0m[38;2;66;65;66m[48;2;66;65;66m▀[0m[38;2;71;70;68m[48;2;71;70;68m▀[0m[38;2;71;70;68m[48;2;198;195;189m▀[0m[38;2;198;195;189m[48;2;198;195;189m▀[0m[38;2;82;78;68m[48;2;82;78;68m▀[0m[38;2;74;73;66m[48;2;198;195;189m▀[0m[38;2;74;73;66m[48;2;198;195;189m▀[0m[38;2;74;69;66m[48;2;74;69;66m▀[0m[38;2;189;211;222m[48;2;74;69;66m▀[0m[38;2;189;211;222m[48;2;189;211;222m▀[0m[38;2;189;211;222m[48;2;66;65;66m▀[0m[38;2;63;69;74m[48;2;189;207;222m▀[0m[38;2;63;69;74m[48;2;0;0;0m▀[0m[38;2;0;4;0m▀[38;2;189;211;222m[48;2;0;4;0m▀[0m[38;2;214;227;231m[48;2;0;4;0m▀[0m[38;2;214;227;231m[48;2;214;227;231m▀[0m[38;2;255;255;255m[48;2;255;255;255m▀[0m[38;2;255;255;255m[48;2;255;255;255m▀[0m[38;2;255;255;255m[48;2;255;255;255m▀[0m[38;2;189;210;225m[48;2;255;255;255m▀[0m[38;2;0;4;0m[48;2;0;4;0m▀[0m
    [38;2;0;4;0m[48;2;0;4;0m▀[0m[38;2;189;211;222m[48;2;63;73;74m▀[0m[38;2;95;95;95m[48;2;255;255;255m▀[0m[38;2;255;255;255m[48;2;255;255;255m▀[0m[38;2;189;210;225m[48;2;255;255;255m▀[0m[38;2;189;210;225m[48;2;189;210;225m▀[0m[38;2;189;211;222m[48;2;135;146;148m▀[0m[38;2;189;211;222m[48;2;189;211;222m▀[0m[38;2;66;70;74m[48;2;198;211;222m▀[0m[38;2;132;140;148m[48;2;0;0;0m▀[0m[38;2;198;195;189m[48;2;136;146;148m▀[0m[38;2;198;195;189m[48;2;136;146;148m▀[0m[38;2;82;81;66m[48;2;137;145;148m▀[0m[38;2;82;81;66m[48;2;137;145;148m▀[0m[38;2;136;146;148m[48;2;136;146;148m▀[0m[38;2;136;146;148m[48;2;66;65;66m▀[0m[38;2;66;65;66m[48;2;189;211;222m▀[0m[38;2;189;211;222m[48;2;189;211;222m▀[0m[38;2;189;211;225m[48;2;189;211;225m▀[0m[38;2;189;211;225m[48;2;189;211;225m▀[0m[38;2;0;4;0m[48;2;189;211;222m▀[0m[38;2;0;4;0m▄ [38;2;0;4;0m▀[38;2;0;4;0m▀[38;2;255;255;255m[48;2;0;4;0m▀[0m[38;2;255;255;255m[48;2;255;255;255m▀[0m[38;2;255;255;255m[48;2;189;210;225m▀[0m[38;2;0;4;0m[48;2;0;4;0m▀[0m
     [38;2;0;4;0m[48;2;0;4;0m▀[0m[38;2;255;255;255m[48;2;189;210;225m▀[0m[38;2;255;255;255m[48;2;255;255;255m▀[0m[38;2;255;255;255m[48;2;0;4;0m▀[0m[38;2;0;4;0m▀[38;2;0;4;0m▀[38;2;0;4;0m▀[38;2;0;4;0m▀[38;2;0;4;0m▄[38;2;8;8;8m[48;2;96;100;101m▀[0m[38;2;52;54;54m[48;2;140;146;148m▀[0m[38;2;66;60;66m[48;2;66;60;66m▀[0m[38;2;110;103;107m[48;2;198;190;189m▀[0m[38;2;144;146;144m[48;2;198;195;189m▀[0m[38;2;90;97;99m[48;2;198;195;189m▀[0m[38;2;66;65;66m[48;2;66;65;66m▀[0m[38;2;189;211;222m[48;2;189;211;222m▀[0m[38;2;189;211;225m[48;2;189;211;225m▀[0m[38;2;189;211;225m[48;2;189;211;225m▀[0m[38;2;189;211;222m[48;2;0;4;0m▀[0m[38;2;0;4;0m▀  [38;2;0;4;0m▀[38;2;189;211;222m[48;2;0;4;0m▀[0m[38;2;189;211;222m[48;2;0;4;0m▀[0m[38;2;0;4;0m▀ 
      [38;2;0;4;0m▀[38;2;189;211;222m[48;2;0;4;0m▀[0m[38;2;255;255;255m[48;2;0;4;0m▀[0m[38;2;0;4;0m▀    [38;2;0;4;0m▀[38;2;0;4;0m▀[38;2;198;195;189m[48;2;0;4;0m▀[0m[38;2;99;99;94m[48;2;0;4;0m▀[0m[38;2;198;195;189m[48;2;0;4;0m▀[0m[38;2;99;99;94m[48;2;0;4;0m▀[0m[38;2;0;4;0m▀[38;2;0;4;0m▀[38;2;0;4;0m▀[38;2;0;4;0m▀         
[0m
