     [38;2;0;0;0m▄[38;2;0;0;0m▄[38;2;0;0;0m[48;2;0;0;0m▀[0m[38;2;0;0;0m[48;2;255;255;255m▀[0m[38;2;0;0;0m▄[38;2;0;0;0m[48;2;255;255;255m▀[0m[38;2;0;0;0m[48;2;0;0;0m▀[0m                  
    [38;2;0;0;0m▄[38;2;0;0;0m[48;2;255;255;255m▀[0m[38;2;255;255;255m[48;2;255;255;255m▀[0m[38;2;65;65;65m[48;2;123;123;123m▀[0m[38;2;255;255;255m[48;2;181;206;197m▀[0m[38;2;181;206;197m[48;2;255;255;255m▀[0m[38;2;255;255;255m[48;2;255;255;255m▀[0m[38;2;0;0;0m[48;2;255;255;255m▀[0m[38;2;0;0;0m▄[38;2;0;0;0m▄                
    [38;2;0;0;0m▀[38;2;255;255;255m[48;2;0;0;0m▀[0m[38;2;123;123;123m[48;2;255;255;255m▀[0m[38;2;255;255;255m[48;2;255;255;255m▀[0m[38;2;255;255;255m[48;2;255;255;255m▀[0m[38;2;255;255;255m[48;2;255;255;255m▀[0m[38;2;255;255;255m[48;2;255;255;255m▀[0m[38;2;255;255;255m[48;2;140;156;148m▀[0m[38;2;123;123;123m[48;2;255;255;255m▀[0m[38;2;255;255;255m[48;2;181;206;197m▀[0m[38;2;0;0;0m[48;2;255;255;255m▀[0m[38;2;0;0;0m▄              
    [38;2;0;0;0m▄[38;2;0;0;0m[48;2;255;255;255m▀[0m[38;2;255;255;255m[48;2;255;255;255m▀[0m[38;2;255;255;255m[48;2;255;255;255m▀[0m[38;2;255;255;255m[48;2;0;0;0m▀[0m[38;2;0;0;0m[48;2;255;255;255m▀[0m[38;2;255;255;255m[48;2;255;255;255m▀[0m[38;2;140;156;148m[48;2;181;206;197m▀[0m[38;2;255;255;255m[48;2;255;255;255m▀[0m[38;2;181;206;197m[48;2;255;255;255m▀[0m[38;2;255;255;255m[48;2;255;255;255m▀[0m[38;2;0;0;0m[48;2;65;65;65m▀[0m[38;2;0;0;0m▄[38;2;0;0;0m▄            
   [38;2;0;0;0m▄[38;2;0;0;0m[48;2;247;247;74m▀[0m[38;2;65;65;65m[48;2;65;65;65m▀[0m[38;2;255;255;255m[48;2;65;65;65m▀[0m[38;2;0;0;0m[48;2;255;255;255m▀[0m[38;2;0;0;0m[48;2;255;255;255m▀[0m[38;2;255;255;255m[48;2;0;0;0m▀[0m[38;2;181;206;197m[48;2;0;0;0m▀[0m[38;2;65;65;65m[48;2;65;65;65m▀[0m[38;2;181;206;197m[48;2;65;65;65m▀[0m[38;2;255;255;255m[48;2;123;123;123m▀[0m[38;2;140;156;148m[48;2;181;206;197m▀[0m[38;2;181;206;197m[48;2;181;206;197m▀[0m[38;2;65;65;65m[48;2;65;65;65m▀[0m[38;2;140;156;148m[48;2;65;65;65m▀[0m[38;2;0;0;0m[48;2;123;123;123m▀[0m[38;2;0;0;0m[48;2;255;255;255m▀[0m[38;2;0;0;0m[48;2;255;255;255m▀[0m[38;2;0;0;0m[48;2;255;255;255m▀[0m[38;2;0;0;0m▄[38;2;0;0;0m▄      
 [38;2;0;0;0m▄[38;2;0;0;0m[48;2;247;247;74m▀[0m[38;2;247;247;74m[48;2;247;247;74m▀[0m[38;2;247;247;74m[48;2;0;0;0m▀[0m[38;2;247;247;74m[48;2;0;0;0m▀[0m[38;2;0;0;0m▀[38;2;0;0;0m▀[38;2;0;0;0m▀[38;2;0;0;0m▄[38;2;0;0;0m[48;2;181;206;197m▀[0m[38;2;181;206;197m[48;2;181;206;197m▀[0m[38;2;181;206;197m[48;2;65;65;65m▀[0m[38;2;65;65;65m[48;2;255;255;255m▀[0m[38;2;255;255;255m[48;2;255;255;255m▀[0m[38;2;181;206;197m[48;2;65;65;65m▀[0m[38;2;65;65;65m[48;2;255;255;255m▀[0m[38;2;255;255;255m[48;2;255;255;255m▀[0m[38;2;255;255;255m[48;2;255;255;255m▀[0m[38;2;255;255;255m[48;2;255;255;255m▀[0m[38;2;255;255;255m[48;2;255;255;255m▀[0m[38;2;255;255;255m[48;2;255;255;255m▀[0m[38;2;255;255;255m[48;2;255;255;255m▀[0m[38;2;255;255;255m[48;2;255;255;255m▀[0m[38;2;0;0;0m[48;2;181;206;197m▀[0m[38;2;0;0;0m▄[38;2;0;0;0m▄[38;2;0;0;0m▄  
[38;2;0;0;0m[48;2;0;0;0m▀[0m[38;2;247;247;74m[48;2;0;0;0m▀[0m[38;2;0;0;0m▀[38;2;0;0;0m▀     [38;2;0;0;0m▀[38;2;181;206;197m[48;2;0;0;0m▀[0m[38;2;140;156;148m[48;2;255;255;255m▀[0m[38;2;255;255;255m[48;2;255;255;255m▀[0m[38;2;255;255;255m[48;2;255;255;255m▀[0m[38;2;255;255;255m[48;2;123;123;123m▀[0m[38;2;123;123;123m[48;2;181;206;197m▀[0m[38;2;255;255;255m[48;2;255;255;255m▀[0m[38;2;255;255;255m[48;2;255;255;255m▀[0m[38;2;255;255;255m[48;2;65;65;65m▀[0m[38;2;255;255;255m[48;2;65;65;65m▀[0m[38;2;255;255;255m[48;2;255;255;255m▀[0m[38;2;255;255;255m[48;2;255;255;255m▀[0m[38;2;255;255;255m[48;2;255;255;255m▀[0m[38;2;255;255;255m[48;2;255;255;255m▀[0m[38;2;255;255;255m[48;2;255;255;255m▀[0m[38;2;123;123;123m[48;2;140;156;148m▀[0m[38;2;255;255;255m[48;2;181;206;197m▀[0m[38;2;255;255;255m[48;2;140;156;148m▀[0m[38;2;0;0;0m[48;2;123;123;123m▀[0m[38;2;0;0;0m▄
         [38;2;0;0;0m[48;2;0;0;0m▀[0m[38;2;99;115;214m[48;2;123;189;247m▀[0m[38;2;255;255;255m[48;2;99;115;214m▀[0m[38;2;255;255;255m[48;2;255;255;255m▀[0m[38;2;255;255;255m[48;2;255;255;255m▀[0m[38;2;140;156;148m[48;2;255;255;255m▀[0m[38;2;255;255;255m[48;2;255;255;255m▀[0m[38;2;255;255;255m[48;2;140;156;148m▀[0m[38;2;65;65;65m[48;2;140;156;148m▀[0m[38;2;140;156;148m[48;2;181;206;197m▀[0m[38;2;140;156;148m[48;2;181;206;197m▀[0m[38;2;65;65;65m[48;2;140;156;148m▀[0m[38;2;255;255;255m[48;2;65;65;65m▀[0m[38;2;255;255;255m[48;2;255;255;255m▀[0m[38;2;255;255;255m[48;2;181;206;197m▀[0m[38;2;140;156;148m[48;2;140;156;148m▀[0m[38;2;255;255;255m[48;2;140;156;148m▀[0m[38;2;255;255;255m[48;2;123;123;123m▀[0m[38;2;255;255;255m[48;2;123;123;123m▀[0m[38;2;255;255;255m[48;2;0;0;0m▀[0m[38;2;0;0;0m▀
          [38;2;0;0;0m▀[38;2;99;115;214m[48;2;0;0;0m▀[0m[38;2;181;206;197m[48;2;181;206;197m▀[0m[38;2;255;255;255m[48;2;99;115;214m▀[0m[38;2;99;115;214m[48;2;123;189;247m▀[0m[38;2;99;115;214m[48;2;99;115;214m▀[0m[38;2;140;156;148m[48;2;99;115;214m▀[0m[38;2;181;206;197m[48;2;181;206;197m▀[0m[38;2;181;206;197m[48;2;181;206;197m▀[0m[38;2;181;206;197m[48;2;181;206;197m▀[0m[38;2;181;206;197m[48;2;140;156;148m▀[0m[38;2;65;65;65m[48;2;0;0;0m▀[0m[38;2;181;206;197m[48;2;0;0;0m▀[0m[38;2;140;156;148m[48;2;255;255;255m▀[0m[38;2;255;255;255m[48;2;255;255;255m▀[0m[38;2;255;255;255m[48;2;255;255;255m▀[0m[38;2;255;255;255m[48;2;0;0;0m▀[0m[38;2;255;255;255m[48;2;0;0;0m▀[0m[38;2;0;0;0m▀ 
            [38;2;0;0;0m▀[38;2;0;0;0m▀[38;2;99;115;214m[48;2;0;0;0m▀[0m[38;2;123;189;247m[48;2;123;123;123m▀[0m[38;2;99;115;214m[48;2;123;123;123m▀[0m[38;2;140;156;148m[48;2;65;65;65m▀[0m[38;2;140;156;148m[48;2;65;65;65m▀[0m[38;2;65;65;65m[48;2;123;123;123m▀[0m[38;2;0;0;0m[48;2;0;0;0m▀[0m  [38;2;0;0;0m▀[38;2;0;0;0m▀[38;2;0;0;0m▀    
               [38;2;0;0;0m▀[38;2;0;0;0m▀[38;2;0;0;0m▀[38;2;123;123;123m[48;2;0;0;0m▀[0m[38;2;123;123;123m[48;2;0;0;0m▀[0m[38;2;123;123;123m[48;2;0;0;0m▀[0m[38;2;0;0;0m▀        
[0m
