    [38;2;0;0;0m▄[38;2;0;0;0m[48;2;94;97;94m▀[0m[38;2;0;0;0m[48;2;94;97;94m▀[0m[38;2;0;0;0m[48;2;94;97;94m▀[0m[38;2;0;0;0m▄     [38;2;0;0;0m▄[38;2;0;0;0m▄[38;2;0;0;0m▄                     
   [38;2;0;0;0m▄[38;2;0;0;0m[48;2;94;97;94m▀[0m[38;2;94;97;94m[48;2;94;97;94m▀[0m[38;2;95;97;95m[48;2;95;97;95m▀[0m[38;2;95;97;95m[48;2;95;97;95m▀[0m[38;2;94;97;94m[48;2;94;97;94m▀[0m[38;2;0;0;0m[48;2;0;0;0m▀[0m [38;2;0;0;0m▄[38;2;0;0;0m[48;2;119;117;119m▀[0m[38;2;0;0;0m[48;2;119;117;119m▀[0m[38;2;117;118;117m[48;2;117;118;117m▀[0m[38;2;117;118;117m[48;2;117;118;117m▀[0m[38;2;123;121;123m[48;2;61;62;61m▀[0m[38;2;0;4;0m[48;2;61;62;61m▀[0m[38;2;0;0;0m▄                   
   [38;2;0;0;0m▀[38;2;94;97;94m[48;2;0;0;0m▀[0m[38;2;94;97;94m[48;2;94;97;94m▀[0m[38;2;94;97;94m[48;2;94;97;94m▀[0m[38;2;94;97;94m[48;2;65;64;65m▀[0m[38;2;94;97;94m[48;2;65;64;65m▀[0m[38;2;94;97;94m[48;2;65;64;65m▀[0m[38;2;0;4;0m[48;2;60;62;60m▀[0m[38;2;120;120;120m[48;2;120;120;120m▀[0m[38;2;117;117;117m[48;2;117;117;117m▀[0m[38;2;117;117;117m[48;2;65;64;65m▀[0m[38;2;65;64;65m[48;2;197;194;189m▀[0m[38;2;65;64;65m[48;2;197;194;189m▀[0m[38;2;213;170;65m[48;2;213;170;65m▀[0m[38;2;65;64;65m[48;2;213;170;65m▀[0m[38;2;0;0;0m[48;2;0;0;0m▀[0m                   
   [38;2;0;0;0m▄[38;2;0;4;0m[48;2;120;120;120m▀[0m[38;2;60;62;60m[48;2;120;120;120m▀[0m[38;2;117;118;117m[48;2;117;118;117m▀[0m[38;2;117;118;117m[48;2;117;118;117m▀[0m[38;2;117;117;117m[48;2;117;117;117m▀[0m[38;2;65;64;65m[48;2;117;117;117m▀[0m[38;2;117;117;117m[48;2;117;117;117m▀[0m[38;2;117;117;117m[48;2;65;64;65m▀[0m[38;2;65;64;65m[48;2;255;255;255m▀[0m[38;2;191;191;191m[48;2;255;255;255m▀[0m[38;2;255;255;255m[48;2;230;190;57m▀[0m[38;2;230;190;57m[48;2;230;190;57m▀[0m[38;2;255;230;49m[48;2;255;230;49m▀[0m[38;2;255;230;49m[48;2;0;0;0m▀[0m[38;2;0;0;0m▀                   
 [38;2;0;0;0m▄[38;2;0;0;0m[48;2;255;255;255m▀[0m[38;2;255;255;255m[48;2;255;255;255m▀[0m[38;2;117;117;117m[48;2;255;255;255m▀[0m[38;2;117;117;117m[48;2;117;117;117m▀[0m[38;2;255;255;255m[48;2;255;255;255m▀[0m[38;2;117;117;117m[48;2;117;117;117m▀[0m[38;2;117;117;117m[48;2;117;117;117m▀[0m[38;2;117;117;117m[48;2;255;255;255m▀[0m[38;2;117;118;117m[48;2;117;118;117m▀[0m[38;2;117;118;117m[48;2;117;118;117m▀[0m[38;2;119;117;119m[48;2;119;117;119m▀[0m[38;2;213;170;65m[48;2;119;117;119m▀[0m[38;2;255;230;49m[48;2;0;0;0m▀[0m[38;2;0;0;0m▀[38;2;0;0;0m▀              [38;2;0;0;0m▄[38;2;0;0;0m▄[38;2;0;0;0m▄[38;2;0;0;0m▄[38;2;0;0;0m▄[38;2;0;0;0m▄ 
[38;2;0;0;0m▄[38;2;0;0;0m[48;2;255;255;255m▀[0m[38;2;255;255;255m[48;2;123;125;123m▀[0m[38;2;57;60;57m[48;2;255;255;255m▀[0m[38;2;255;255;255m[48;2;255;255;255m▀[0m[38;2;255;255;255m[48;2;255;255;255m▀[0m[38;2;255;255;255m[48;2;255;255;255m▀[0m[38;2;117;117;117m[48;2;255;255;255m▀[0m[38;2;255;255;255m[48;2;255;255;255m▀[0m[38;2;255;255;255m[48;2;0;0;0m▀[0m[38;2;255;255;255m[48;2;255;255;255m▀[0m[38;2;117;117;117m[48;2;255;255;255m▀[0m[38;2;117;118;117m[48;2;117;118;117m▀[0m[38;2;117;118;117m[48;2;117;118;117m▀[0m[38;2;0;0;0m[48;2;119;117;119m▀[0m[38;2;0;0;0m▄          [38;2;0;0;0m▄[38;2;0;0;0m▄[38;2;0;0;0m[48;2;119;117;119m▀[0m[38;2;0;0;0m[48;2;119;117;119m▀[0m[38;2;0;0;0m[48;2;119;117;119m▀[0m[38;2;119;117;119m[48;2;119;117;119m▀[0m[38;2;117;118;117m[48;2;117;118;117m▀[0m[38;2;117;118;117m[48;2;117;118;117m▀[0m[38;2;119;117;119m[48;2;119;117;119m▀[0m[38;2;119;117;119m[48;2;0;0;0m▀[0m[38;2;119;117;119m[48;2;0;0;0m▀[0m[38;2;0;0;0m▀
[38;2;0;0;0m[48;2;0;0;0m▀[0m[38;2;255;230;49m[48;2;255;230;49m▀[0m[38;2;82;75;43m[48;2;246;226;65m▀[0m[38;2;0;0;32m[48;2;82;75;43m▀[0m[38;2;255;255;255m[48;2;255;255;255m▀[0m[38;2;255;255;255m[48;2;200;195;189m▀[0m[38;2;255;255;255m[48;2;255;255;255m▀[0m[38;2;255;255;255m[48;2;255;255;255m▀[0m[38;2;90;87;90m[48;2;90;87;90m▀[0m[38;2;255;255;255m[48;2;8;4;8m▀[0m[38;2;0;0;0m[48;2;84;83;84m▀[0m[38;2;255;250;255m[48;2;255;250;255m▀[0m[38;2;117;117;117m[48;2;255;255;255m▀[0m[38;2;117;117;117m[48;2;117;117;117m▀[0m[38;2;123;125;123m[48;2;82;84;82m▀[0m[38;2;0;4;0m[48;2;0;4;0m▀[0m       [38;2;0;0;0m▄[38;2;0;0;0m[48;2;119;117;119m▀[0m[38;2;0;0;0m[48;2;119;117;119m▀[0m[38;2;117;118;117m[48;2;117;118;117m▀[0m[38;2;117;118;117m[48;2;117;118;117m▀[0m[38;2;117;118;117m[48;2;117;118;117m▀[0m[38;2;117;118;117m[48;2;117;118;117m▀[0m[38;2;117;117;117m[48;2;117;117;117m▀[0m[38;2;117;117;117m[48;2;65;64;65m▀[0m[38;2;120;118;120m[48;2;0;0;0m▀[0m[38;2;60;59;60m[48;2;0;0;0m▀[0m[38;2;0;0;0m▀   
[38;2;0;0;0m▄[38;2;0;0;0m[48;2;65;64;65m▀[0m[38;2;255;230;49m[48;2;255;230;49m▀[0m[38;2;255;255;255m[48;2;255;255;255m▀[0m[38;2;159;64;74m[48;2;159;64;74m▀[0m[38;2;159;64;74m[48;2;159;64;74m▀[0m[38;2;156;64;74m[48;2;131;40;53m▀[0m[38;2;156;64;74m[48;2;131;40;53m▀[0m[38;2;255;255;255m[48;2;255;255;255m▀[0m[38;2;65;64;65m[48;2;255;255;255m▀[0m[38;2;255;255;255m[48;2;255;230;49m▀[0m[38;2;255;230;49m[48;2;255;230;49m▀[0m[38;2;255;230;49m[48;2;255;230;49m▀[0m[38;2;95;95;93m[48;2;95;95;93m▀[0m[38;2;98;97;98m[48;2;98;97;98m▀[0m[38;2;0;0;0m[48;2;65;64;65m▀[0m[38;2;0;0;0m▄[38;2;0;0;0m▄[38;2;0;0;0m[48;2;255;255;255m▀[0m[38;2;0;0;0m▄  [38;2;0;0;0m[48;2;0;0;0m▀[0m[38;2;119;117;119m[48;2;119;117;119m▀[0m[38;2;117;118;117m[48;2;117;118;117m▀[0m[38;2;117;118;117m[48;2;117;118;117m▀[0m[38;2;117;118;117m[48;2;117;118;117m▀[0m[38;2;117;118;117m[48;2;117;118;117m▀[0m[38;2;117;117;117m[48;2;117;117;117m▀[0m[38;2;117;117;117m[48;2;95;97;95m▀[0m[38;2;117;118;117m[48;2;117;118;117m▀[0m[38;2;117;118;117m[48;2;117;118;117m▀[0m[38;2;119;117;119m[48;2;0;0;0m▀[0m[38;2;119;117;119m[48;2;0;0;0m▀[0m[38;2;0;0;0m▀   
[38;2;0;0;0m[48;2;0;0;0m▀[0m[38;2;197;194;189m[48;2;65;64;63m▀[0m[38;2;65;64;65m[48;2;191;191;191m▀[0m[38;2;255;255;255m[48;2;65;64;65m▀[0m[38;2;255;255;255m[48;2;98;52;57m▀[0m[38;2;98;52;57m[48;2;202;187;189m▀[0m[38;2;255;129;106m[48;2;255;129;106m▀[0m[38;2;255;129;106m[48;2;200;194;189m▀[0m[38;2;255;255;255m[48;2;200;195;189m▀[0m[38;2;255;255;255m[48;2;200;195;189m▀[0m[38;2;255;230;49m[48;2;95;95;93m▀[0m[38;2;255;230;49m[48;2;95;95;93m▀[0m[38;2;74;76;74m[48;2;74;76;74m▀[0m[38;2;74;76;74m[48;2;255;255;255m▀[0m[38;2;65;64;65m[48;2;255;255;255m▀[0m[38;2;255;255;255m[48;2;255;255;255m▀[0m[38;2;255;255;255m[48;2;255;255;255m▀[0m[38;2;255;255;255m[48;2;255;255;255m▀[0m[38;2;255;255;255m[48;2;255;255;255m▀[0m[38;2;255;255;255m[48;2;65;64;65m▀[0m[38;2;0;0;0m[48;2;65;64;65m▀[0m[38;2;0;0;0m▄ [38;2;0;0;0m▀[38;2;119;117;119m[48;2;0;0;0m▀[0m[38;2;119;117;119m[48;2;119;117;119m▀[0m[38;2;117;117;117m[48;2;95;97;95m▀[0m[38;2;117;117;117m[48;2;95;97;95m▀[0m[38;2;95;97;95m[48;2;117;117;117m▀[0m[38;2;117;117;117m[48;2;95;97;95m▀[0m[38;2;71;70;71m[48;2;106;105;106m▀[0m[38;2;0;0;0m[48;2;106;105;106m▀[0m[38;2;0;0;0m▄     
[38;2;0;0;0m▀[38;2;213;170;65m[48;2;0;0;0m▀[0m[38;2;74;68;57m[48;2;172;157;117m▀[0m[38;2;222;202;148m[48;2;74;68;57m▀[0m[38;2;197;194;189m[48;2;65;64;65m▀[0m[38;2;65;64;65m[48;2;197;194;189m▀[0m[38;2;65;60;65m[48;2;197;190;189m▀[0m[38;2;65;60;65m[48;2;109;103;106m▀[0m[38;2;95;97;95m[48;2;95;97;95m▀[0m[38;2;95;97;95m[48;2;95;97;95m▀[0m[38;2;74;76;74m[48;2;74;76;74m▀[0m[38;2;74;76;74m[48;2;255;255;255m▀[0m[38;2;255;255;255m[48;2;255;255;255m▀[0m[38;2;255;255;255m[48;2;255;255;255m▀[0m[38;2;255;255;255m[48;2;255;255;255m▀[0m[38;2;255;255;255m[48;2;65;64;65m▀[0m[38;2;255;255;189m[48;2;74;68;49m▀[0m[38;2;74;68;49m[48;2;194;192;142m▀[0m[38;2;65;64;65m[48;2;255;230;49m▀[0m[38;2;255;230;49m[48;2;255;230;49m▀[0m[38;2;255;230;49m[48;2;255;230;49m▀[0m[38;2;0;0;0m[48;2;255;230;49m▀[0m[38;2;0;0;0m▄[38;2;0;0;0m▄[38;2;0;0;0m▄[38;2;0;0;0m[48;2;94;97;94m▀[0m[38;2;95;97;95m[48;2;95;97;95m▀[0m[38;2;95;97;95m[48;2;95;97;95m▀[0m[38;2;82;84;82m[48;2;0;4;0m▀[0m[38;2;123;125;123m[48;2;0;4;0m▀[0m[38;2;0;0;0m▀[38;2;0;0;0m▀      
 [38;2;0;0;0m▀[38;2;213;170;65m[48;2;0;0;0m▀[0m[38;2;213;170;65m[48;2;213;170;65m▀[0m[38;2;213;170;65m[48;2;213;170;65m▀[0m[38;2;65;64;65m[48;2;213;170;65m▀[0m[38;2;74;68;57m[48;2;172;157;117m▀[0m[38;2;222;202;148m[48;2;74;68;57m▀[0m[38;2;200;195;189m[48;2;255;255;255m▀[0m[38;2;200;195;189m[48;2;255;255;255m▀[0m[38;2;255;255;255m[48;2;255;255;255m▀[0m[38;2;255;255;255m[48;2;255;255;255m▀[0m[38;2;255;255;255m[48;2;255;255;255m▀[0m[38;2;255;255;255m[48;2;255;255;255m▀[0m[38;2;255;255;255m[48;2;255;255;255m▀[0m[38;2;255;255;255m[48;2;200;195;189m▀[0m[38;2;109;110;112m[48;2;197;194;189m▀[0m[38;2;65;68;74m[48;2;197;194;189m▀[0m[38;2;255;230;49m[48;2;65;64;65m▀[0m[38;2;255;230;49m[48;2;255;230;49m▀[0m[38;2;255;230;49m[48;2;255;230;49m▀[0m[38;2;255;230;49m[48;2;211;171;63m▀[0m[38;2;65;64;65m[48;2;0;0;0m▀[0m[38;2;98;97;98m[48;2;0;0;0m▀[0m[38;2;94;97;94m[48;2;0;0;0m▀[0m[38;2;0;0;0m▀[38;2;0;0;0m▀[38;2;0;0;0m▀          
   [38;2;0;0;0m▀[38;2;0;0;0m▀[38;2;213;170;65m[48;2;0;0;0m▀[0m[38;2;213;174;74m[48;2;0;0;8m▀[0m[38;2;71;58;30m[48;2;0;0;8m▀[0m[38;2;172;172;172m[48;2;8;8;8m▀[0m[38;2;255;255;255m[48;2;172;172;172m▀[0m[38;2;255;255;255m[48;2;200;195;189m▀[0m[38;2;255;255;255m[48;2;200;195;189m▀[0m[38;2;255;255;255m[48;2;200;195;189m▀[0m[38;2;200;195;189m[48;2;200;195;189m▀[0m[38;2;200;194;189m[48;2;200;194;189m▀[0m[38;2;200;194;189m[48;2;200;194;189m▀[0m[38;2;197;194;189m[48;2;197;194;189m▀[0m[38;2;197;194;189m[48;2;65;64;65m▀[0m[38;2;74;68;57m[48;2;222;202;148m▀[0m[38;2;172;157;117m[48;2;74;68;57m▀[0m[38;2;213;170;65m[48;2;0;0;0m▀[0m[38;2;0;0;0m▀                
         [38;2;0;0;0m▀[38;2;0;0;0m▀[38;2;197;194;189m[48;2;0;0;0m▀[0m[38;2;65;64;65m[48;2;0;0;0m▀[0m[38;2;0;0;0m▀[38;2;0;0;0m▀[38;2;0;0;0m▀[38;2;0;0;0m▀[38;2;0;0;0m▀[38;2;197;194;189m[48;2;0;0;0m▀[0m[38;2;0;0;0m▀                  
[0m
