                          [38;2;0;0;0m▄[38;2;0;0;0m▄[38;2;0;0;0m[48;2;255;230;180m▀[0m[38;2;0;0;0m[48;2;255;230;180m▀[0m[38;2;0;0;0m▄      
        [38;2;0;0;0m▄[38;2;0;0;0m[48;2;255;230;180m▀[0m[38;2;0;0;0m▄   [38;2;0;0;0m▄        [38;2;0;0;0m▄[38;2;0;0;0m▄[38;2;0;0;0m[48;2;255;230;180m▀[0m[38;2;255;230;180m[48;2;255;230;180m▀[0m[38;2;255;230;180m[48;2;255;230;180m▀[0m[38;2;255;230;180m[48;2;82;90;106m▀[0m[38;2;0;0;0m[48;2;205;164;131m▀[0m[38;2;0;0;0m▄      
     [38;2;0;0;0m▄[38;2;0;0;0m[48;2;205;164;131m▀[0m[38;2;0;0;0m[48;2;65;65;65m▀[0m[38;2;255;230;180m[48;2;255;230;180m▀[0m[38;2;255;230;180m[48;2;255;230;180m▀[0m[38;2;255;230;180m[48;2;255;230;180m▀[0m[38;2;0;0;0m[48;2;255;230;180m▀[0m[38;2;0;0;0m▄[38;2;0;0;0m[48;2;255;230;180m▀[0m[38;2;255;230;180m[48;2;255;230;180m▀[0m[38;2;0;0;0m[48;2;0;0;0m▀[0m     [38;2;0;0;0m▄[38;2;0;0;0m[48;2;255;230;180m▀[0m[38;2;255;230;180m[48;2;255;230;180m▀[0m[38;2;255;230;180m[48;2;255;230;180m▀[0m[38;2;255;230;180m[48;2;255;230;180m▀[0m[38;2;255;230;180m[48;2;255;230;180m▀[0m[38;2;255;230;180m[48;2;255;230;180m▀[0m[38;2;205;164;131m[48;2;255;230;180m▀[0m[38;2;205;164;131m[48;2;255;230;180m▀[0m[38;2;65;65;65m[48;2;255;230;180m▀[0m[38;2;0;0;0m[48;2;205;164;131m▀[0m[38;2;0;0;0m▄    
    [38;2;0;0;0m[48;2;0;0;0m▀[0m[38;2;205;164;131m[48;2;205;164;131m▀[0m[38;2;205;164;131m[48;2;255;230;180m▀[0m[38;2;255;230;180m[48;2;255;230;180m▀[0m[38;2;255;230;180m[48;2;255;230;180m▀[0m[38;2;255;230;180m[48;2;255;230;180m▀[0m[38;2;255;230;180m[48;2;255;230;180m▀[0m[38;2;255;230;180m[48;2;255;230;180m▀[0m[38;2;255;230;180m[48;2;255;230;180m▀[0m[38;2;255;230;180m[48;2;255;230;180m▀[0m[38;2;255;230;180m[48;2;255;230;180m▀[0m[38;2;255;230;180m[48;2;131;115;90m▀[0m[38;2;0;0;0m[48;2;205;164;131m▀[0m[38;2;0;0;0m▄  [38;2;0;0;0m[48;2;0;0;0m▀[0m[38;2;255;230;180m[48;2;255;230;180m▀[0m[38;2;255;230;180m[48;2;255;230;180m▀[0m[38;2;255;230;180m[48;2;255;230;180m▀[0m[38;2;255;230;180m[48;2;255;230;180m▀[0m[38;2;255;230;180m[48;2;255;230;180m▀[0m[38;2;255;230;180m[48;2;255;230;180m▀[0m[38;2;255;230;180m[48;2;255;230;180m▀[0m[38;2;255;230;180m[48;2;255;230;180m▀[0m[38;2;255;230;180m[48;2;255;230;180m▀[0m[38;2;255;230;180m[48;2;255;230;180m▀[0m[38;2;255;230;180m[48;2;255;230;180m▀[0m[38;2;255;230;180m[48;2;255;230;180m▀[0m[38;2;0;0;0m[48;2;255;230;180m▀[0m[38;2;0;0;0m▄  
 [38;2;0;0;0m▄[38;2;0;0;0m▄[38;2;0;0;0m[48;2;255;230;180m▀[0m[38;2;255;230;180m[48;2;255;230;180m▀[0m[38;2;205;164;131m[48;2;255;230;180m▀[0m[38;2;255;230;180m[48;2;255;230;180m▀[0m[38;2;255;230;180m[48;2;255;230;180m▀[0m[38;2;255;230;180m[48;2;255;230;180m▀[0m[38;2;255;230;180m[48;2;255;230;180m▀[0m[38;2;255;230;180m[48;2;255;230;180m▀[0m[38;2;255;230;180m[48;2;255;230;180m▀[0m[38;2;255;230;180m[48;2;255;230;180m▀[0m[38;2;255;230;180m[48;2;255;230;180m▀[0m[38;2;205;164;131m[48;2;255;230;180m▀[0m[38;2;205;164;131m[48;2;255;230;180m▀[0m[38;2;205;164;131m[48;2;205;164;131m▀[0m[38;2;65;65;65m[48;2;205;164;131m▀[0m[38;2;0;0;0m[48;2;205;164;131m▀[0m[38;2;0;0;0m[48;2;65;65;65m▀[0m[38;2;255;230;180m[48;2;255;230;180m▀[0m[38;2;255;230;180m[48;2;255;230;180m▀[0m[38;2;255;230;180m[48;2;255;230;180m▀[0m[38;2;255;230;180m[48;2;255;230;180m▀[0m[38;2;255;230;180m[48;2;255;230;180m▀[0m[38;2;255;230;180m[48;2;255;230;180m▀[0m[38;2;255;230;180m[48;2;255;230;180m▀[0m[38;2;255;230;180m[48;2;255;230;180m▀[0m[38;2;255;230;180m[48;2;255;230;180m▀[0m[38;2;255;230;180m[48;2;255;230;180m▀[0m[38;2;255;230;180m[48;2;255;230;180m▀[0m[38;2;255;230;180m[48;2;255;230;180m▀[0m[38;2;255;230;180m[48;2;255;230;180m▀[0m[38;2;255;230;180m[48;2;205;164;131m▀[0m[38;2;0;0;0m[48;2;205;164;131m▀[0m[38;2;0;0;0m▄ 
[38;2;0;0;0m▀[38;2;197;148;82m[48;2;0;0;0m▀[0m[38;2;131;115;90m[48;2;197;148;82m▀[0m[38;2;255;230;180m[48;2;131;115;90m▀[0m[38;2;255;230;180m[48;2;255;230;180m▀[0m[38;2;255;230;180m[48;2;255;230;180m▀[0m[38;2;255;230;180m[48;2;255;230;180m▀[0m[38;2;255;230;180m[48;2;255;230;180m▀[0m[38;2;255;230;180m[48;2;255;230;180m▀[0m[38;2;255;230;180m[48;2;255;230;180m▀[0m[38;2;255;230;180m[48;2;255;230;180m▀[0m[38;2;255;230;180m[48;2;255;230;180m▀[0m[38;2;255;230;180m[48;2;255;230;180m▀[0m[38;2;255;230;180m[48;2;255;230;180m▀[0m[38;2;255;230;180m[48;2;65;65;65m▀[0m[38;2;205;164;131m[48;2;65;65;65m▀[0m[38;2;205;164;131m[48;2;65;65;65m▀[0m[38;2;205;164;131m[48;2;65;65;65m▀[0m[38;2;65;65;65m[48;2;205;164;131m▀[0m[38;2;205;164;131m[48;2;65;65;65m▀[0m[38;2;205;164;131m[48;2;205;164;131m▀[0m[38;2;255;230;180m[48;2;205;164;131m▀[0m[38;2;255;230;180m[48;2;255;230;180m▀[0m[38;2;255;230;180m[48;2;255;230;180m▀[0m[38;2;255;230;180m[48;2;255;230;180m▀[0m[38;2;255;230;180m[48;2;255;230;180m▀[0m[38;2;255;230;180m[48;2;255;230;180m▀[0m[38;2;255;230;180m[48;2;205;164;131m▀[0m[38;2;205;164;131m[48;2;255;230;180m▀[0m[38;2;255;230;180m[48;2;205;164;131m▀[0m[38;2;205;164;131m[48;2;255;230;180m▀[0m[38;2;255;230;180m[48;2;65;65;65m▀[0m[38;2;131;115;90m[48;2;205;164;131m▀[0m[38;2;205;164;131m[48;2;205;164;131m▀[0m[38;2;205;164;131m[48;2;205;164;131m▀[0m[38;2;0;0;0m[48;2;205;164;131m▀[0m[38;2;0;0;0m▄
 [38;2;0;0;0m▀[38;2;197;148;82m[48;2;0;0;0m▀[0m[38;2;131;115;90m[48;2;255;230;180m▀[0m[38;2;255;230;180m[48;2;255;230;180m▀[0m[38;2;255;230;180m[48;2;255;230;180m▀[0m[38;2;255;230;180m[48;2;255;230;180m▀[0m[38;2;255;230;180m[48;2;255;230;180m▀[0m[38;2;255;230;180m[48;2;255;230;180m▀[0m[38;2;255;230;180m[48;2;255;230;180m▀[0m[38;2;255;230;180m[48;2;255;230;180m▀[0m[38;2;255;230;180m[48;2;255;230;180m▀[0m[38;2;255;230;180m[48;2;65;65;65m▀[0m[38;2;65;65;65m[48;2;255;164;82m▀[0m[38;2;255;164;82m[48;2;197;148;82m▀[0m[38;2;255;164;82m[48;2;255;230;180m▀[0m[38;2;255;164;82m[48;2;255;230;180m▀[0m[38;2;255;164;82m[48;2;255;230;180m▀[0m[38;2;65;65;65m[48;2;255;164;82m▀[0m[38;2;205;164;131m[48;2;65;65;65m▀[0m[38;2;65;65;65m[48;2;205;164;131m▀[0m[38;2;65;65;65m[48;2;205;164;131m▀[0m[38;2;205;164;131m[48;2;65;65;65m▀[0m[38;2;205;164;131m[48;2;205;164;131m▀[0m[38;2;255;230;180m[48;2;205;164;131m▀[0m[38;2;255;230;180m[48;2;205;164;131m▀[0m[38;2;205;164;131m[48;2;205;164;131m▀[0m[38;2;255;230;180m[48;2;205;164;131m▀[0m[38;2;205;164;131m[48;2;205;164;131m▀[0m[38;2;255;230;180m[48;2;205;164;131m▀[0m[38;2;205;164;131m[48;2;205;164;131m▀[0m[38;2;65;65;65m[48;2;65;65;65m▀[0m[38;2;205;164;131m[48;2;205;164;131m▀[0m[38;2;205;164;131m[48;2;205;164;131m▀[0m[38;2;205;164;131m[48;2;205;164;131m▀[0m[38;2;0;0;0m[48;2;205;164;131m▀[0m[38;2;0;0;0m▄
  [38;2;0;0;0m▀[38;2;255;230;180m[48;2;0;0;0m▀[0m[38;2;255;230;180m[48;2;255;230;180m▀[0m[38;2;255;230;180m[48;2;255;230;180m▀[0m[38;2;255;230;180m[48;2;255;230;180m▀[0m[38;2;255;230;180m[48;2;255;255;255m▀[0m[38;2;255;230;180m[48;2;0;0;0m▀[0m[38;2;65;65;65m[48;2;255;255;255m▀[0m[38;2;65;65;65m[48;2;255;255;255m▀[0m[38;2;197;148;82m[48;2;131;115;90m▀[0m[38;2;255;164;82m[48;2;255;164;82m▀[0m[38;2;197;148;82m[48;2;255;164;82m▀[0m[38;2;255;230;180m[48;2;255;164;82m▀[0m[38;2;255;230;180m[48;2;255;164;82m▀[0m[38;2;255;230;180m[48;2;255;164;82m▀[0m[38;2;255;164;82m[48;2;65;65;65m▀[0m[38;2;65;65;65m[48;2;205;164;131m▀[0m[38;2;205;164;131m[48;2;205;164;131m▀[0m[38;2;205;164;131m[48;2;65;65;65m▀[0m[38;2;65;65;65m[48;2;65;65;65m▀[0m[38;2;205;164;131m[48;2;205;164;131m▀[0m[38;2;205;164;131m[48;2;205;164;131m▀[0m[38;2;205;164;131m[48;2;205;164;131m▀[0m[38;2;205;164;131m[48;2;205;164;131m▀[0m[38;2;205;164;131m[48;2;205;164;131m▀[0m[38;2;205;164;131m[48;2;205;164;131m▀[0m[38;2;205;164;131m[48;2;205;164;131m▀[0m[38;2;205;164;131m[48;2;205;164;131m▀[0m[38;2;65;65;65m[48;2;0;0;0m▀[0m[38;2;205;164;131m[48;2;0;0;0m▀[0m[38;2;205;164;131m[48;2;0;0;0m▀[0m[38;2;205;164;131m[48;2;0;0;0m▀[0m[38;2;0;0;0m▀[38;2;0;0;0m▀ 
  [38;2;0;0;0m▄[38;2;0;0;0m[48;2;255;230;180m▀[0m[38;2;197;148;82m[48;2;255;230;180m▀[0m[38;2;197;148;82m[48;2;255;230;180m▀[0m[38;2;255;230;180m[48;2;197;148;82m▀[0m[38;2;0;0;0m[48;2;255;164;82m▀[0m[38;2;131;115;90m[48;2;255;164;82m▀[0m[38;2;255;255;255m[48;2;255;164;82m▀[0m[38;2;255;255;255m[48;2;255;164;82m▀[0m[38;2;131;115;90m[48;2;255;164;82m▀[0m[38;2;255;164;82m[48;2;197;148;82m▀[0m[38;2;65;65;65m[48;2;255;230;180m▀[0m[38;2;65;65;65m[48;2;255;230;180m▀[0m[38;2;65;65;65m[48;2;255;230;180m▀[0m[38;2;65;65;65m[48;2;255;230;180m▀[0m[38;2;205;164;131m[48;2;255;230;180m▀[0m[38;2;205;164;131m[48;2;255;230;180m▀[0m[38;2;205;164;131m[48;2;205;164;131m▀[0m[38;2;205;164;131m[48;2;65;65;65m▀[0m[38;2;205;164;131m[48;2;65;65;65m▀[0m[38;2;65;65;65m[48;2;255;164;82m▀[0m[38;2;65;65;65m[48;2;255;164;82m▀[0m[38;2;205;164;131m[48;2;65;65;65m▀[0m[38;2;205;164;131m[48;2;205;164;131m▀[0m[38;2;205;164;131m[48;2;205;164;131m▀[0m[38;2;205;164;131m[48;2;205;164;131m▀[0m[38;2;205;164;131m[48;2;0;0;0m▀[0m[38;2;0;0;0m▀       
 [38;2;0;0;0m[48;2;0;0;0m▀[0m[38;2;65;65;65m[48;2;255;230;180m▀[0m[38;2;65;65;65m[48;2;255;230;180m▀[0m[38;2;255;230;180m[48;2;255;230;180m▀[0m[38;2;255;230;180m[48;2;255;230;180m▀[0m[38;2;255;230;180m[48;2;255;230;180m▀[0m[38;2;197;148;82m[48;2;255;230;180m▀[0m[38;2;197;148;82m[48;2;255;230;180m▀[0m[38;2;197;148;82m[48;2;255;230;180m▀[0m[38;2;197;148;82m[48;2;255;230;180m▀[0m[38;2;197;148;82m[48;2;255;230;180m▀[0m[38;2;255;230;180m[48;2;255;230;180m▀[0m[38;2;255;230;180m[48;2;255;230;180m▀[0m[38;2;255;230;180m[48;2;255;230;180m▀[0m[38;2;255;230;180m[48;2;255;230;180m▀[0m[38;2;255;230;180m[48;2;255;230;180m▀[0m[38;2;255;230;180m[48;2;255;230;180m▀[0m[38;2;131;115;90m[48;2;255;230;180m▀[0m[38;2;65;65;65m[48;2;255;230;180m▀[0m[38;2;255;164;82m[48;2;65;65;65m▀[0m[38;2;255;164;82m[48;2;255;164;82m▀[0m[38;2;255;164;82m[48;2;255;164;82m▀[0m[38;2;255;164;82m[48;2;255;164;82m▀[0m[38;2;255;164;82m[48;2;255;164;82m▀[0m[38;2;65;65;65m[48;2;82;90;106m▀[0m[38;2;205;164;131m[48;2;0;0;0m▀[0m[38;2;0;0;0m▀[38;2;0;0;0m▄[38;2;0;0;0m▄ [38;2;0;0;0m▄     
  [38;2;0;0;0m▀[38;2;255;230;180m[48;2;0;0;0m▀[0m[38;2;255;230;180m[48;2;131;115;90m▀[0m[38;2;255;230;180m[48;2;131;115;90m▀[0m[38;2;255;230;180m[48;2;131;115;90m▀[0m[38;2;205;164;131m[48;2;255;255;255m▀[0m[38;2;131;115;90m[48;2;205;164;131m▀[0m[38;2;131;115;90m[48;2;205;164;131m▀[0m[38;2;205;164;131m[48;2;131;115;90m▀[0m[38;2;255;230;180m[48;2;255;230;180m▀[0m[38;2;255;230;180m[48;2;255;230;180m▀[0m[38;2;255;230;180m[48;2;255;230;180m▀[0m[38;2;255;230;180m[48;2;255;230;180m▀[0m[38;2;255;230;180m[48;2;205;164;131m▀[0m[38;2;131;115;90m[48;2;205;164;131m▀[0m[38;2;131;115;90m[48;2;65;65;65m▀[0m[38;2;65;65;65m[48;2;197;148;82m▀[0m[38;2;65;65;65m[48;2;197;148;82m▀[0m[38;2;82;90;106m[48;2;255;164;82m▀[0m[38;2;82;90;106m[48;2;255;164;82m▀[0m[38;2;255;164;82m[48;2;255;164;82m▀[0m[38;2;255;164;82m[48;2;255;164;82m▀[0m[38;2;82;90;106m[48;2;82;90;106m▀[0m[38;2;82;90;106m[48;2;255;164;82m▀[0m[38;2;197;148;82m[48;2;197;148;82m▀[0m[38;2;0;0;0m[48;2;65;65;65m▀[0m[38;2;65;65;65m[48;2;255;230;180m▀[0m[38;2;255;230;180m[48;2;255;230;180m▀[0m[38;2;0;0;0m[48;2;255;230;180m▀[0m[38;2;255;230;180m[48;2;255;230;180m▀[0m[38;2;0;0;0m[48;2;0;0;0m▀[0m    
    [38;2;0;0;0m[48;2;0;0;0m▀[0m[38;2;205;164;131m[48;2;255;230;180m▀[0m[38;2;205;164;131m[48;2;205;164;131m▀[0m[38;2;205;164;131m[48;2;205;164;131m▀[0m[38;2;205;164;131m[48;2;255;230;180m▀[0m[38;2;205;164;131m[48;2;255;230;180m▀[0m[38;2;255;230;180m[48;2;255;230;180m▀[0m[38;2;255;230;180m[48;2;255;230;180m▀[0m[38;2;255;230;180m[48;2;255;230;180m▀[0m[38;2;255;230;180m[48;2;255;230;180m▀[0m[38;2;255;230;180m[48;2;131;115;90m▀[0m[38;2;205;164;131m[48;2;131;115;90m▀[0m[38;2;131;115;90m[48;2;205;164;131m▀[0m[38;2;205;164;131m[48;2;205;164;131m▀[0m[38;2;65;65;65m[48;2;205;164;131m▀[0m[38;2;82;90;106m[48;2;65;65;65m▀[0m[38;2;197;148;82m[48;2;82;90;106m▀[0m[38;2;255;164;82m[48;2;197;148;82m▀[0m[38;2;255;164;82m[48;2;65;65;65m▀[0m[38;2;255;164;82m[48;2;255;164;82m▀[0m[38;2;255;164;82m[48;2;197;148;82m▀[0m[38;2;197;148;82m[48;2;82;90;106m▀[0m[38;2;82;90;106m[48;2;82;90;106m▀[0m[38;2;65;65;65m[48;2;65;65;65m▀[0m[38;2;255;230;180m[48;2;255;230;180m▀[0m[38;2;255;230;180m[48;2;255;230;180m▀[0m[38;2;255;230;180m[48;2;255;230;180m▀[0m[38;2;0;0;0m[48;2;255;230;180m▀[0m[38;2;0;0;0m▄    
     [38;2;0;0;0m[48;2;0;0;0m▀[0m[38;2;131;115;90m[48;2;205;164;131m▀[0m[38;2;255;230;180m[48;2;131;115;90m▀[0m[38;2;255;230;180m[48;2;205;164;131m▀[0m[38;2;255;230;180m[48;2;255;230;180m▀[0m[38;2;255;230;180m[48;2;205;164;131m▀[0m[38;2;131;115;90m[48;2;205;164;131m▀[0m[38;2;255;230;180m[48;2;131;115;90m▀[0m[38;2;131;115;90m[48;2;205;164;131m▀[0m[38;2;205;164;131m[48;2;205;164;131m▀[0m[38;2;205;164;131m[48;2;205;164;131m▀[0m[38;2;205;164;131m[48;2;65;65;65m▀[0m[38;2;65;65;65m[48;2;82;90;106m▀[0m[38;2;65;65;65m[48;2;82;90;106m▀[0m[38;2;82;90;106m[48;2;197;148;82m▀[0m[38;2;82;90;106m[48;2;0;0;0m▀[0m[38;2;65;65;65m[48;2;0;0;0m▀[0m[38;2;197;148;82m[48;2;197;148;82m▀[0m[38;2;197;148;82m[48;2;197;148;82m▀[0m[38;2;82;90;106m[48;2;197;148;82m▀[0m[38;2;82;90;106m[48;2;197;148;82m▀[0m[38;2;197;148;82m[48;2;82;90;106m▀[0m[38;2;65;65;65m[48;2;65;65;65m▀[0m[38;2;205;164;131m[48;2;205;164;131m▀[0m[38;2;255;230;180m[48;2;205;164;131m▀[0m[38;2;205;164;131m[48;2;0;0;0m▀[0m[38;2;0;0;0m▀     
      [38;2;0;0;0m▀[38;2;205;164;131m[48;2;0;0;0m▀[0m[38;2;205;164;131m[48;2;65;65;65m▀[0m[38;2;205;164;131m[48;2;205;164;131m▀[0m[38;2;205;164;131m[48;2;205;164;131m▀[0m[38;2;205;164;131m[48;2;205;164;131m▀[0m[38;2;205;164;131m[48;2;205;164;131m▀[0m[38;2;205;164;131m[48;2;205;164;131m▀[0m[38;2;205;164;131m[48;2;205;164;131m▀[0m[38;2;205;164;131m[48;2;205;164;131m▀[0m[38;2;205;164;131m[48;2;65;65;65m▀[0m[38;2;65;65;65m[48;2;197;148;82m▀[0m[38;2;82;90;106m[48;2;197;148;82m▀[0m[38;2;0;0;0m[48;2;65;65;65m▀[0m[38;2;0;0;0m▄ [38;2;0;0;0m[48;2;0;0;0m▀[0m[38;2;65;65;65m[48;2;205;164;131m▀[0m[38;2;197;148;82m[48;2;65;65;65m▀[0m[38;2;65;65;65m[48;2;65;65;65m▀[0m[38;2;65;65;65m[48;2;205;164;131m▀[0m[38;2;205;164;131m[48;2;205;164;131m▀[0m[38;2;205;164;131m[48;2;205;164;131m▀[0m[38;2;205;164;131m[48;2;0;0;0m▀[0m[38;2;0;0;0m▀      
      [38;2;0;0;0m▄[38;2;0;0;0m[48;2;197;148;82m▀[0m[38;2;82;90;106m[48;2;82;90;106m▀[0m[38;2;65;65;65m[48;2;82;90;106m▀[0m[38;2;205;164;131m[48;2;65;65;65m▀[0m[38;2;205;164;131m[48;2;205;164;131m▀[0m[38;2;205;164;131m[48;2;0;0;0m▀[0m[38;2;205;164;131m[48;2;205;164;131m▀[0m[38;2;205;164;131m[48;2;65;65;65m▀[0m[38;2;65;65;65m[48;2;82;90;106m▀[0m[38;2;197;148;82m[48;2;255;164;82m▀[0m[38;2;197;148;82m[48;2;82;90;106m▀[0m[38;2;82;90;106m[48;2;82;90;106m▀[0m[38;2;82;90;106m[48;2;255;230;180m▀[0m[38;2;255;230;180m[48;2;255;230;180m▀[0m[38;2;0;0;0m[48;2;0;0;0m▀[0m [38;2;0;0;0m▀[38;2;205;164;131m[48;2;65;65;65m▀[0m[38;2;205;164;131m[48;2;65;65;65m▀[0m[38;2;205;164;131m[48;2;65;65;65m▀[0m[38;2;205;164;131m[48;2;65;65;65m▀[0m[38;2;0;0;0m[48;2;0;0;0m▀[0m        
     [38;2;0;0;0m▄[38;2;0;0;0m[48;2;197;148;82m▀[0m[38;2;197;148;82m[48;2;148;90;49m▀[0m[38;2;197;148;82m[48;2;197;148;82m▀[0m[38;2;197;148;82m[48;2;197;148;82m▀[0m[38;2;197;148;82m[48;2;197;148;82m▀[0m[38;2;0;0;0m[48;2;0;0;0m▀[0m [38;2;0;0;0m▀[38;2;0;0;0m[48;2;0;0;0m▀[0m[38;2;82;90;106m[48;2;255;164;82m▀[0m[38;2;82;90;106m[48;2;82;90;106m▀[0m[38;2;82;90;106m[48;2;255;164;82m▀[0m[38;2;255;164;82m[48;2;255;164;82m▀[0m[38;2;255;230;180m[48;2;255;230;180m▀[0m[38;2;0;0;0m[48;2;0;0;0m▀[0m  [38;2;0;0;0m▄[38;2;0;0;0m[48;2;148;90;49m▀[0m[38;2;197;148;82m[48;2;197;148;82m▀[0m[38;2;197;148;82m[48;2;148;90;49m▀[0m[38;2;197;148;82m[48;2;197;148;82m▀[0m[38;2;197;148;82m[48;2;197;148;82m▀[0m[38;2;0;0;0m[48;2;0;0;0m▀[0m       
     [38;2;0;0;0m▀[38;2;65;65;65m[48;2;0;0;0m▀[0m[38;2;197;148;82m[48;2;0;0;0m▀[0m[38;2;197;148;82m[48;2;0;0;0m▀[0m[38;2;197;148;82m[48;2;0;0;0m▀[0m[38;2;0;0;0m▀  [38;2;0;0;0m▄[38;2;0;0;0m[48;2;255;164;82m▀[0m[38;2;255;164;82m[48;2;255;164;82m▀[0m[38;2;255;164;82m[48;2;255;164;82m▀[0m[38;2;255;164;82m[48;2;255;164;82m▀[0m[38;2;255;164;82m[48;2;255;164;82m▀[0m[38;2;0;0;0m[48;2;0;0;0m▀[0m   [38;2;0;0;0m▀[38;2;65;65;65m[48;2;0;0;0m▀[0m[38;2;197;148;82m[48;2;0;0;0m▀[0m[38;2;148;90;49m[48;2;0;0;0m▀[0m[38;2;197;148;82m[48;2;0;0;0m▀[0m[38;2;0;0;0m▀        
             [38;2;0;0;0m▀[38;2;197;148;82m[48;2;0;0;0m▀[0m[38;2;148;90;49m[48;2;148;90;49m▀[0m[38;2;255;164;82m[48;2;197;148;82m▀[0m[38;2;148;90;49m[48;2;148;90;49m▀[0m[38;2;197;148;82m[48;2;0;0;0m▀[0m[38;2;0;0;0m▀                 
               [38;2;0;0;0m▀[38;2;0;0;0m▀[38;2;0;0;0m▀                   
[0m
