     [38;2;0;0;0m▄[38;2;0;0;0m[48;2;197;173;99m▀[0m[38;2;0;0;0m[48;2;255;255;132m▀[0m[38;2;0;0;0m[48;2;197;173;99m▀[0m[38;2;0;0;0m▄           
    [38;2;0;0;0m[48;2;0;0;0m▀[0m[38;2;255;255;132m[48;2;255;255;132m▀[0m[38;2;197;173;99m[48;2;197;173;99m▀[0m[38;2;255;255;132m[48;2;197;173;99m▀[0m[38;2;197;173;99m[48;2;255;255;132m▀[0m[38;2;0;0;0m[48;2;0;0;0m▀[0m           
    [38;2;0;0;0m▄[38;2;0;0;0m[48;2;0;0;0m▀[0m[38;2;255;255;132m[48;2;58;74;140m▀[0m[38;2;197;173;99m[48;2;197;173;99m▀[0m[38;2;255;255;132m[48;2;58;74;140m▀[0m[38;2;58;74;140m[48;2;82;99;189m▀[0m[38;2;0;0;0m[48;2;82;99;189m▀[0m[38;2;0;0;0m▄[38;2;0;0;0m▄        
 [38;2;0;0;0m▄[38;2;0;0;0m[48;2;247;82;90m▀[0m[38;2;0;0;0m[48;2;247;82;90m▀[0m[38;2;123;140;255m[48;2;82;99;189m▀[0m[38;2;82;99;189m[48;2;82;99;189m▀[0m[38;2;58;74;140m[48;2;82;99;189m▀[0m[38;2;58;74;140m[48;2;82;99;189m▀[0m[38;2;82;99;189m[48;2;82;99;189m▀[0m[38;2;82;99;189m[48;2;82;99;189m▀[0m[38;2;82;99;189m[48;2;82;99;189m▀[0m[38;2;82;99;189m[48;2;82;99;189m▀[0m[38;2;82;99;189m[48;2;82;99;189m▀[0m[38;2;0;0;0m[48;2;82;99;189m▀[0m[38;2;0;0;0m▄      
[38;2;0;0;0m[48;2;0;0;0m▀[0m[38;2;181;49;58m[48;2;255;255;255m▀[0m[38;2;255;255;255m[48;2;65;65;65m▀[0m[38;2;181;49;58m[48;2;189;189;189m▀[0m[38;2;247;82;90m[48;2;247;82;90m▀[0m[38;2;214;156;0m[48;2;255;206;41m▀[0m[38;2;255;255;255m[48;2;0;0;0m▀[0m[38;2;255;206;41m[48;2;255;255;255m▀[0m[38;2;82;99;189m[48;2;255;206;41m▀[0m[38;2;82;99;189m[48;2;214;156;0m▀[0m[38;2;82;99;189m[48;2;82;99;189m▀[0m[38;2;82;99;189m[48;2;82;99;189m▀[0m[38;2;255;206;41m[48;2;82;99;189m▀[0m[38;2;82;99;189m[48;2;82;99;189m▀[0m[38;2;0;0;0m[48;2;0;0;0m▀[0m      
[38;2;0;0;0m[48;2;0;0;0m▀[0m[38;2;189;189;189m[48;2;181;49;58m▀[0m[38;2;65;65;65m[48;2;255;255;255m▀[0m[38;2;255;255;255m[48;2;247;82;90m▀[0m[38;2;247;82;90m[48;2;181;49;58m▀[0m[38;2;58;74;140m[48;2;58;74;140m▀[0m[38;2;255;255;255m[48;2;82;99;189m▀[0m[38;2;214;156;0m[48;2;82;99;189m▀[0m[38;2;82;99;189m[48;2;82;99;189m▀[0m[38;2;82;99;189m[48;2;58;74;140m▀[0m[38;2;82;99;189m[48;2;197;173;99m▀[0m[38;2;82;99;189m[48;2;82;99;189m▀[0m[38;2;82;99;189m[48;2;255;206;41m▀[0m[38;2;0;0;0m[48;2;0;0;0m▀[0m  [38;2;0;0;0m▄[38;2;0;0;0m▄[38;2;0;0;0m▄[38;2;0;0;0m▄ 
 [38;2;0;0;0m▀[38;2;181;49;58m[48;2;0;0;0m▀[0m[38;2;181;49;58m[48;2;0;0;0m▀[0m[38;2;58;74;140m[48;2;0;0;0m▀[0m[38;2;82;99;189m[48;2;58;74;140m▀[0m[38;2;82;99;189m[48;2;58;74;140m▀[0m[38;2;58;74;140m[48;2;197;173;99m▀[0m[38;2;58;74;140m[48;2;65;65;65m▀[0m[38;2;197;173;99m[48;2;197;173;99m▀[0m[38;2;197;173;99m[48;2;58;74;140m▀[0m[38;2;82;99;189m[48;2;82;99;189m▀[0m[38;2;0;0;0m[48;2;0;0;0m▀[0m  [38;2;0;0;0m[48;2;0;0;0m▀[0m[38;2;181;49;58m[48;2;82;99;189m▀[0m[38;2;247;82;90m[48;2;82;99;189m▀[0m[38;2;181;49;58m[48;2;247;82;90m▀[0m[38;2;247;82;90m[48;2;181;49;58m▀[0m[38;2;0;0;0m[48;2;0;0;0m▀[0m
     [38;2;0;0;0m[48;2;0;0;0m▀[0m[38;2;197;173;99m[48;2;255;255;132m▀[0m[38;2;197;173;99m[48;2;197;173;99m▀[0m[38;2;197;173;99m[48;2;255;255;132m▀[0m[38;2;65;65;65m[48;2;65;65;65m▀[0m[38;2;82;99;189m[48;2;58;74;140m▀[0m[38;2;214;156;0m[48;2;82;99;189m▀[0m[38;2;58;74;140m[48;2;82;99;189m▀[0m[38;2;0;0;0m[48;2;82;99;189m▀[0m[38;2;0;0;0m[48;2;58;74;140m▀[0m[38;2;58;74;140m[48;2;58;74;140m▀[0m[38;2;82;99;189m[48;2;197;173;99m▀[0m[38;2;58;74;140m[48;2;0;0;0m▀[0m[38;2;181;49;58m[48;2;0;0;0m▀[0m[38;2;0;0;0m▀ 
     [38;2;0;0;0m▀[38;2;197;173;99m[48;2;0;0;0m▀[0m[38;2;255;255;132m[48;2;0;0;0m▀[0m[38;2;0;0;0m▀[38;2;197;173;99m[48;2;0;0;0m▀[0m[38;2;58;74;140m[48;2;197;173;99m▀[0m[38;2;58;74;140m[48;2;197;173;99m▀[0m[38;2;58;74;140m[48;2;197;173;99m▀[0m[38;2;58;74;140m[48;2;197;173;99m▀[0m[38;2;197;173;99m[48;2;0;0;0m▀[0m[38;2;197;173;99m[48;2;0;0;0m▀[0m[38;2;0;0;0m▀    
          [38;2;0;0;0m▀[38;2;0;0;0m▀[38;2;0;0;0m▀[38;2;0;0;0m▀       
[0m
