     [38;2;0;0;0m▄[38;2;0;0;0m[48;2;148;123;206m▀[0m[38;2;0;0;0m▄     
    [38;2;0;0;0m▄[38;2;0;0;0m[48;2;148;123;206m▀[0m[38;2;148;123;206m[48;2;173;165;206m▀[0m[38;2;0;0;0m[48;2;148;123;206m▀[0m[38;2;0;0;0m▄    
    [38;2;0;0;0m[48;2;0;0;0m▀[0m[38;2;148;123;206m[48;2;132;156;214m▀[0m[38;2;173;165;206m[48;2;156;189;206m▀[0m[38;2;148;123;206m[48;2;132;156;214m▀[0m[38;2;0;0;0m[48;2;0;0;0m▀[0m    
 [38;2;0;0;0m▄[38;2;0;0;0m[48;2;255;255;255m▀[0m[38;2;0;0;0m[48;2;173;165;206m▀[0m[38;2;156;189;206m[48;2;173;165;206m▀[0m[38;2;65;65;65m[48;2;156;189;206m▀[0m[38;2;148;123;206m[48;2;156;189;206m▀[0m[38;2;65;65;65m[48;2;156;189;206m▀[0m[38;2;156;189;206m[48;2;173;165;206m▀[0m[38;2;0;0;0m[48;2;173;165;206m▀[0m[38;2;0;0;0m[48;2;255;255;255m▀[0m[38;2;0;0;0m▄ 
[38;2;0;0;0m[48;2;0;0;0m▀[0m[38;2;255;255;255m[48;2;255;255;255m▀[0m[38;2;255;255;255m[48;2;255;255;255m▀[0m[38;2;255;255;255m[48;2;255;255;255m▀[0m[38;2;173;165;206m[48;2;255;255;255m▀[0m[38;2;173;165;206m[48;2;255;255;255m▀[0m[38;2;173;165;206m[48;2;255;255;255m▀[0m[38;2;173;165;206m[48;2;255;255;255m▀[0m[38;2;173;165;206m[48;2;255;255;255m▀[0m[38;2;255;255;255m[48;2;255;255;255m▀[0m[38;2;255;255;255m[48;2;255;255;255m▀[0m[38;2;255;255;255m[48;2;255;255;255m▀[0m[38;2;0;0;0m[48;2;0;0;0m▀[0m
[38;2;0;0;0m[48;2;0;0;0m▀[0m[38;2;255;255;255m[48;2;173;181;197m▀[0m[38;2;255;255;255m[48;2;255;255;255m▀[0m[38;2;255;255;255m[48;2;255;255;255m▀[0m[38;2;255;255;255m[48;2;255;255;255m▀[0m[38;2;255;255;255m[48;2;173;181;197m▀[0m[38;2;173;181;197m[48;2;255;255;255m▀[0m[38;2;255;255;255m[48;2;173;181;197m▀[0m[38;2;255;255;255m[48;2;255;255;255m▀[0m[38;2;255;255;255m[48;2;255;255;255m▀[0m[38;2;255;255;255m[48;2;255;255;255m▀[0m[38;2;255;255;255m[48;2;173;181;197m▀[0m[38;2;0;0;0m[48;2;0;0;0m▀[0m
 [38;2;0;0;0m[48;2;0;0;0m▀[0m[38;2;255;255;255m[48;2;123;123;123m▀[0m[38;2;255;255;255m[48;2;123;123;123m▀[0m[38;2;173;181;197m[48;2;255;255;255m▀[0m[38;2;255;255;255m[48;2;255;255;255m▀[0m[38;2;165;115;33m[48;2;206;165;41m▀[0m[38;2;255;255;255m[48;2;255;255;255m▀[0m[38;2;173;181;197m[48;2;123;123;123m▀[0m[38;2;173;181;197m[48;2;255;255;255m▀[0m[38;2;173;181;197m[48;2;123;123;123m▀[0m[38;2;0;0;0m[48;2;0;0;0m▀[0m 
 [38;2;0;0;0m▄[38;2;0;0;0m[48;2;255;255;255m▀[0m[38;2;255;255;255m[48;2;255;255;255m▀[0m[38;2;173;181;197m[48;2;255;255;255m▀[0m[38;2;255;255;255m[48;2;255;255;255m▀[0m[38;2;255;255;255m[48;2;255;255;255m▀[0m[38;2;255;255;255m[48;2;255;255;255m▀[0m[38;2;255;255;255m[48;2;255;255;255m▀[0m[38;2;123;123;123m[48;2;255;255;255m▀[0m[38;2;0;0;0m[48;2;255;255;255m▀[0m[38;2;0;0;0m▄ 
  [38;2;0;0;0m▀[38;2;0;0;0m▀[38;2;173;181;197m[48;2;0;0;0m▀[0m[38;2;255;255;255m[48;2;0;0;0m▀[0m[38;2;255;255;255m[48;2;0;0;0m▀[0m[38;2;255;255;255m[48;2;0;0;0m▀[0m[38;2;173;181;197m[48;2;0;0;0m▀[0m[38;2;0;0;0m▀[38;2;0;0;0m▀  
[0m
