        [38;2;0;0;0m▄[38;2;0;0;0m▄[38;2;0;0;0m[48;2;255;123;139m▀[0m[38;2;0;0;0m[48;2;255;123;139m▀[0m[38;2;0;0;0m[48;2;255;123;139m▀[0m[38;2;0;0;0m[48;2;255;123;139m▀[0m[38;2;0;0;0m▄[38;2;0;0;0m▄                 
     [38;2;0;0;0m▄[38;2;0;0;0m[48;2;255;162;151m▀[0m[38;2;0;0;0m[48;2;255;162;151m▀[0m[38;2;255;162;148m[48;2;255;162;151m▀[0m[38;2;255;162;148m[48;2;255;162;151m▀[0m[38;2;255;123;139m[48;2;255;161;150m▀[0m[38;2;255;123;139m[48;2;255;121;140m▀[0m[38;2;255;123;139m[48;2;255;121;140m▀[0m[38;2;255;123;139m[48;2;148;223;132m▀[0m[38;2;148;223;132m[48;2;148;223;132m▀[0m[38;2;148;223;132m[48;2;255;121;140m▀[0m[38;2;0;0;0m[48;2;255;121;140m▀[0m[38;2;0;0;0m▄               
   [38;2;0;0;0m▄[38;2;0;0;0m[48;2;255;150;148m▀[0m[38;2;255;162;148m[48;2;255;150;148m▀[0m[38;2;255;162;151m[48;2;74;73;66m▀[0m[38;2;255;162;151m[48;2;255;162;148m▀[0m[38;2;255;162;151m[48;2;255;161;150m▀[0m[38;2;255;162;151m[48;2;255;161;150m▀[0m[38;2;255;161;150m[48;2;255;121;140m▀[0m[38;2;255;121;140m[48;2;148;223;132m▀[0m[38;2;148;223;132m[48;2;148;223;132m▀[0m[38;2;148;223;132m[48;2;255;121;140m▀[0m[38;2;255;121;140m[48;2;255;121;140m▀[0m[38;2;255;121;140m[48;2;208;103;115m▀[0m[38;2;255;121;140m[48;2;206;105;115m▀[0m[38;2;0;0;0m[48;2;206;105;115m▀[0m[38;2;0;0;0m▄              
  [38;2;0;0;0m▄[38;2;0;0;0m[48;2;255;121;140m▀[0m[38;2;255;150;148m[48;2;66;65;66m▀[0m[38;2;82;81;66m[48;2;66;65;66m▀[0m[38;2;74;73;66m[48;2;74;69;66m▀[0m[38;2;255;162;148m[48;2;74;69;66m▀[0m[38;2;255;121;140m[48;2;255;123;139m▀[0m[38;2;255;121;140m[48;2;255;123;139m▀[0m[38;2;255;121;140m[48;2;148;224;128m▀[0m[38;2;148;223;132m[48;2;148;224;128m▀[0m[38;2;148;223;132m[48;2;148;223;132m▀[0m[38;2;255;121;140m[48;2;222;109;123m▀[0m[38;2;208;103;115m[48;2;206;105;115m▀[0m[38;2;208;103;115m[48;2;79;78;71m▀[0m[38;2;79;78;71m[48;2;206;105;115m▀[0m[38;2;206;105;115m[48;2;206;105;115m▀[0m[38;2;0;0;0m[48;2;0;0;0m▀[0m              
  [38;2;0;0;0m[48;2;0;0;0m▀[0m[38;2;255;121;140m[48;2;255;121;140m▀[0m[38;2;255;121;140m[48;2;255;121;140m▀[0m[38;2;66;65;66m[48;2;66;65;66m▀[0m[38;2;74;69;66m[48;2;255;123;139m▀[0m[38;2;255;121;140m[48;2;255;123;139m▀[0m[38;2;255;123;139m[48;2;255;123;139m▀[0m[38;2;255;123;139m[48;2;255;123;139m▀[0m[38;2;148;224;128m[48;2;148;224;128m▀[0m[38;2;148;224;128m[48;2;148;224;128m▀[0m[38;2;222;109;123m[48;2;209;105;115m▀[0m[38;2;222;109;123m[48;2;209;105;115m▀[0m[38;2;206;105;115m[48;2;206;105;115m▀[0m[38;2;79;78;71m[48;2;206;105;115m▀[0m[38;2;206;105;115m[48;2;71;75;76m▀[0m[38;2;79;78;71m[48;2;0;0;0m▀[0m[38;2;0;0;0m▀[38;2;0;0;0m▄[38;2;0;0;0m▄[38;2;0;0;0m[48;2;123;150;189m▀[0m[38;2;0;0;0m[48;2;0;0;0m▀[0m   [38;2;0;0;0m▄[38;2;0;0;0m[48;2;99;115;127m▀[0m[38;2;0;0;0m[48;2;99;115;127m▀[0m[38;2;0;0;0m▄   
  [38;2;0;0;0m▀[38;2;255;121;140m[48;2;0;0;0m▀[0m[38;2;255;121;140m[48;2;255;121;140m▀[0m[38;2;66;65;66m[48;2;255;121;140m▀[0m[38;2;255;123;139m[48;2;255;123;139m▀[0m[38;2;255;123;139m[48;2;255;123;139m▀[0m[38;2;255;123;139m[48;2;255;123;139m▀[0m[38;2;255;123;139m[48;2;255;123;139m▀[0m[38;2;148;224;128m[48;2;148;223;132m▀[0m[38;2;148;224;128m[48;2;148;223;132m▀[0m[38;2;209;105;115m[48;2;74;69;66m▀[0m[38;2;209;105;115m[48;2;74;69;66m▀[0m[38;2;79;78;71m[48;2;66;65;66m▀[0m[38;2;206;105;115m[48;2;206;105;115m▀[0m[38;2;71;75;76m[48;2;57;69;74m▀[0m[38;2;107;113;115m[48;2;127;93;103m▀[0m[38;2;0;0;0m[48;2;101;116;129m▀[0m[38;2;99;115;127m[48;2;120;151;192m▀[0m[38;2;123;150;189m[48;2;123;154;189m▀[0m[38;2;0;0;0m[48;2;66;65;66m▀[0m[38;2;0;0;0m▄[38;2;0;0;0m▄[38;2;0;0;0m[48;2;99;115;128m▀[0m[38;2;0;0;0m[48;2;99;115;128m▀[0m[38;2;99;115;127m[48;2;99;115;127m▀[0m[38;2;99;115;127m[48;2;0;0;0m▀[0m[38;2;0;0;0m▀    
 [38;2;0;0;0m▄[38;2;0;0;0m[48;2;99;115;127m▀[0m[38;2;99;115;127m[48;2;66;65;66m▀[0m[38;2;82;56;57m[48;2;255;138;140m▀[0m[38;2;139;77;84m[48;2;255;138;140m▀[0m[38;2;255;123;139m[48;2;255;121;140m▀[0m[38;2;255;123;139m[48;2;139;77;84m▀[0m[38;2;255;123;139m[48;2;66;65;66m▀[0m[38;2;255;123;139m[48;2;66;65;66m▀[0m[38;2;54;74;49m[48;2;255;251;255m▀[0m[38;2;8;0;8m[48;2;0;0;0m▀[0m[38;2;255;255;255m[48;2;255;255;255m▀[0m[38;2;74;69;66m[48;2;66;65;66m▀[0m[38;2;66;65;66m[48;2;209;105;115m▀[0m[38;2;206;105;115m[48;2;209;105;115m▀[0m[38;2;198;117;132m[48;2;164;127;152m▀[0m[38;2;57;69;74m[48;2;74;73;66m▀[0m[38;2;120;151;192m[48;2;123;154;189m▀[0m[38;2;120;151;192m[48;2;46;56;63m▀[0m[38;2;66;65;66m[48;2;0;0;0m▀[0m[38;2;94;109;127m[48;2;0;0;0m▀[0m[38;2;99;115;127m[48;2;0;0;0m▀[0m[38;2;99;115;127m[48;2;0;0;0m▀[0m[38;2;99;115;128m[48;2;0;0;0m▀[0m[38;2;99;115;128m[48;2;0;0;0m▀[0m[38;2;99;115;127m[48;2;0;0;0m▀[0m[38;2;0;0;0m▀ [38;2;0;0;0m▄[38;2;0;0;0m▄[38;2;0;0;0m▄ 
 [38;2;0;0;0m▀[38;2;99;115;127m[48;2;8;4;0m▀[0m[38;2;66;65;66m[48;2;107;117;132m▀[0m[38;2;156;64;74m[48;2;66;60;57m▀[0m[38;2;255;138;140m[48;2;66;60;57m▀[0m[38;2;255;121;140m[48;2;82;56;57m▀[0m[38;2;82;56;57m[48;2;197;99;112m▀[0m[38;2;66;65;66m[48;2;206;105;115m▀[0m[38;2;66;65;66m[48;2;79;78;71m▀[0m[38;2;85;83;85m[48;2;66;65;66m▀[0m[38;2;255;251;255m[48;2;66;65;66m▀[0m[38;2;66;65;66m[48;2;68;69;65m▀[0m[38;2;66;65;66m[48;2;206;105;115m▀[0m[38;2;209;105;115m[48;2;85;79;68m▀[0m[38;2;209;105;115m[48;2;85;79;68m▀[0m[38;2;74;73;66m[48;2;123;150;189m▀[0m[38;2;164;127;152m[48;2;123;150;189m▀[0m[38;2;123;154;189m[48;2;53;58;66m▀[0m[38;2;8;8;0m[48;2;107;117;132m▀[0m[38;2;0;0;0m▄[38;2;0;0;0m▄[38;2;0;0;0m▄   [38;2;0;0;0m▄[38;2;0;0;0m▄[38;2;0;0;0m[48;2;123;150;189m▀[0m[38;2;123;150;189m[48;2;123;150;189m▀[0m[38;2;123;150;189m[48;2;123;150;189m▀[0m[38;2;123;150;189m[48;2;0;0;0m▀[0m[38;2;0;0;0m▀
[38;2;0;0;0m▄[38;2;0;0;0m[48;2;123;150;189m▀[0m[38;2;57;60;66m[48;2;120;151;192m▀[0m[38;2;57;60;66m[48;2;101;116;129m▀[0m[38;2;160;86;94m[48;2;66;65;66m▀[0m[38;2;255;113;132m[48;2;66;65;66m▀[0m[38;2;255;121;140m[48;2;66;65;66m▀[0m[38;2;139;77;84m[48;2;206;105;115m▀[0m[38;2;206;105;115m[48;2;66;65;66m▀[0m[38;2;206;105;115m[48;2;66;65;66m▀[0m[38;2;206;105;115m[48;2;66;69;66m▀[0m[38;2;66;65;66m[48;2;123;154;189m▀[0m[38;2;68;69;65m[48;2;120;151;192m▀[0m[38;2;68;69;65m[48;2;101;116;129m▀[0m[38;2;123;150;189m[48;2;123;154;189m▀[0m[38;2;123;150;189m[48;2;123;154;189m▀[0m[38;2;123;150;189m[48;2;0;0;0m▀[0m[38;2;0;0;0m▀[38;2;0;0;0m▀[38;2;0;0;0m▀[38;2;99;115;127m[48;2;0;0;0m▀[0m[38;2;99;115;127m[48;2;123;150;189m▀[0m[38;2;123;150;189m[48;2;123;150;189m▀[0m[38;2;0;0;0m[48;2;123;150;189m▀[0m[38;2;0;0;0m[48;2;121;151;189m▀[0m[38;2;0;0;0m[48;2;121;151;189m▀[0m[38;2;123;150;189m[48;2;121;151;189m▀[0m[38;2;123;150;189m[48;2;121;151;189m▀[0m[38;2;123;150;189m[48;2;0;0;0m▀[0m[38;2;0;0;0m▀[38;2;0;0;0m▀  
[38;2;0;0;0m▀[38;2;123;150;189m[48;2;0;0;0m▀[0m[38;2;101;116;129m[48;2;88;105;126m▀[0m[38;2;120;151;192m[48;2;132;158;189m▀[0m[38;2;120;151;192m[48;2;98;113;128m▀[0m[38;2;120;151;192m[48;2;73;72;68m▀[0m[38;2;66;65;66m[48;2;120;151;192m▀[0m[38;2;66;65;66m[48;2;120;151;192m▀[0m[38;2;120;151;192m[48;2;120;151;192m▀[0m[38;2;120;151;192m[48;2;120;151;192m▀[0m[38;2;94;111;127m[48;2;101;116;129m▀[0m[38;2;123;154;189m[48;2;120;151;192m▀[0m[38;2;120;151;192m[48;2;120;151;192m▀[0m[38;2;120;151;192m[48;2;120;151;192m▀[0m[38;2;84;104;126m[48;2;123;150;189m▀[0m[38;2;8;4;0m[48;2;0;0;0m▀[0m     [38;2;0;0;0m▀[38;2;0;0;0m▀[38;2;123;150;189m[48;2;0;0;0m▀[0m[38;2;121;151;189m[48;2;0;0;0m▀[0m[38;2;121;151;189m[48;2;0;0;0m▀[0m[38;2;121;151;189m[48;2;0;0;0m▀[0m[38;2;121;151;189m[48;2;0;0;0m▀[0m[38;2;0;0;0m▀    
  [38;2;0;0;0m▀[38;2;0;0;0m▀[38;2;73;72;68m[48;2;0;0;0m▀[0m[38;2;123;154;189m[48;2;123;150;189m▀[0m[38;2;66;65;66m[48;2;121;151;189m▀[0m[38;2;66;65;66m[48;2;121;151;189m▀[0m[38;2;120;151;192m[48;2;66;65;66m▀[0m[38;2;101;116;129m[48;2;66;65;66m▀[0m[38;2;120;151;192m[48;2;66;65;66m▀[0m[38;2;120;151;192m[48;2;66;65;66m▀[0m[38;2;66;65;66m[48;2;132;158;189m▀[0m[38;2;120;151;192m[48;2;0;0;0m▀[0m[38;2;0;0;0m▀                  
   [38;2;0;0;0m▄[38;2;0;0;0m[48;2;120;151;192m▀[0m[38;2;123;150;189m[48;2;101;116;129m▀[0m[38;2;121;151;189m[48;2;101;116;129m▀[0m[38;2;121;151;189m[48;2;120;151;192m▀[0m[38;2;120;151;192m[48;2;101;116;129m▀[0m[38;2;120;151;192m[48;2;101;116;129m▀[0m[38;2;123;154;189m[48;2;101;116;129m▀[0m[38;2;94;109;127m[48;2;120;151;192m▀[0m[38;2;88;105;126m[48;2;0;0;0m▀[0m[38;2;0;0;0m▀                   
   [38;2;0;0;0m[48;2;0;0;0m▀[0m[38;2;120;151;192m[48;2;90;109;126m▀[0m[38;2;120;151;192m[48;2;132;162;189m▀[0m[38;2;101;116;129m[48;2;120;151;192m▀[0m[38;2;101;116;129m[48;2;120;151;192m▀[0m[38;2;120;151;192m[48;2;120;151;192m▀[0m[38;2;120;151;192m[48;2;101;116;129m▀[0m[38;2;120;151;192m[48;2;95;110;126m▀[0m[38;2;120;151;192m[48;2;68;67;63m▀[0m[38;2;66;65;66m[48;2;99;115;127m▀[0m[38;2;0;0;0m[48;2;99;115;127m▀[0m[38;2;0;0;0m[48;2;99;115;127m▀[0m[38;2;0;0;0m[48;2;99;115;127m▀[0m[38;2;0;0;0m▄                
    [38;2;8;4;0m[48;2;0;0;0m▀[0m[38;2;90;109;126m[48;2;66;65;66m▀[0m[38;2;101;116;129m[48;2;123;150;189m▀[0m[38;2;101;116;129m[48;2;123;150;189m▀[0m[38;2;101;116;129m[48;2;123;154;189m▀[0m[38;2;120;151;192m[48;2;46;54;63m▀[0m[38;2;123;154;189m[48;2;0;0;0m▀[0m[38;2;95;110;126m[48;2;0;0;0m▀[0m[38;2;99;115;127m[48;2;0;0;0m▀[0m[38;2;0;0;0m▀[38;2;0;0;0m▀[38;2;0;0;0m▀                 
     [38;2;0;0;0m▀[38;2;0;0;0m▀[38;2;0;0;0m▀[38;2;8;4;0m▀[38;2;8;4;0m▀                       
[0m
