        [38;2;0;0;0m▄[38;2;0;0;0m[48;2;214;82;66m▀[0m[38;2;0;0;0m▄         
 [38;2;0;0;0m▄     [38;2;0;0;0m[48;2;0;0;0m▀[0m[38;2;214;82;66m[48;2;214;82;66m▀[0m[38;2;214;82;66m[48;2;0;0;0m▀[0m[38;2;0;0;0m▀         
[38;2;0;0;0m[48;2;0;0;0m▀[0m[38;2;214;82;66m[48;2;214;82;66m▀[0m[38;2;0;0;0m[48;2;222;132;33m▀[0m[38;2;0;0;0m▄[38;2;0;0;0m▄[38;2;0;0;0m[48;2;189;189;189m▀[0m[38;2;0;0;0m[48;2;255;255;255m▀[0m[38;2;0;0;0m[48;2;255;255;255m▀[0m[38;2;222;132;33m[48;2;255;255;255m▀[0m[38;2;222;132;33m[48;2;189;189;189m▀[0m[38;2;0;0;0m[48;2;222;132;33m▀[0m[38;2;0;0;0m▄  [38;2;0;0;0m▄[38;2;0;0;0m▄    
 [38;2;0;0;0m▀[38;2;214;82;66m[48;2;0;0;0m▀[0m[38;2;189;189;189m[48;2;255;255;255m▀[0m[38;2;255;255;255m[48;2;255;255;255m▀[0m[38;2;255;255;255m[48;2;255;255;255m▀[0m[38;2;255;255;255m[48;2;255;255;255m▀[0m[38;2;255;255;255m[48;2;255;255;255m▀[0m[38;2;255;255;255m[48;2;255;255;255m▀[0m[38;2;255;255;255m[48;2;255;255;255m▀[0m[38;2;255;255;255m[48;2;222;132;33m▀[0m[38;2;189;189;189m[48;2;222;132;33m▀[0m[38;2;0;0;0m[48;2;222;132;33m▀[0m[38;2;65;65;65m[48;2;214;82;66m▀[0m[38;2;214;82;66m[48;2;214;82;66m▀[0m[38;2;214;82;66m[48;2;0;0;0m▀[0m[38;2;0;0;0m▀   
 [38;2;0;0;0m[48;2;0;0;0m▀[0m[38;2;189;189;189m[48;2;255;255;255m▀[0m[38;2;255;255;255m[48;2;189;189;189m▀[0m[38;2;255;255;255m[48;2;255;255;255m▀[0m[38;2;255;255;255m[48;2;189;189;189m▀[0m[38;2;255;255;255m[48;2;255;255;255m▀[0m[38;2;255;255;255m[48;2;255;255;255m▀[0m[38;2;255;255;255m[48;2;255;255;255m▀[0m[38;2;255;255;255m[48;2;255;255;255m▀[0m[38;2;255;255;255m[48;2;255;255;255m▀[0m[38;2;222;132;33m[48;2;255;255;255m▀[0m[38;2;214;82;66m[48;2;65;65;65m▀[0m[38;2;65;65;65m[48;2;189;189;189m▀[0m[38;2;0;0;0m[48;2;255;255;255m▀[0m[38;2;0;0;0m▄    
[38;2;0;0;0m[48;2;0;0;0m▀[0m[38;2;255;255;255m[48;2;189;189;189m▀[0m[38;2;189;189;189m[48;2;255;255;255m▀[0m[38;2;255;255;255m[48;2;255;255;255m▀[0m[38;2;189;189;189m[48;2;255;255;255m▀[0m[38;2;255;255;255m[48;2;65;65;65m▀[0m[38;2;255;255;255m[48;2;65;65;65m▀[0m[38;2;255;255;255m[48;2;0;0;0m▀[0m[38;2;25;140;189m[48;2;49;189;255m▀[0m[38;2;65;65;65m[48;2;123;123;123m▀[0m[38;2;65;65;65m[48;2;65;65;65m▀[0m[38;2;255;255;255m[48;2;255;255;255m▀[0m[38;2;255;255;255m[48;2;255;255;255m▀[0m[38;2;255;255;255m[48;2;255;255;255m▀[0m[38;2;255;255;255m[48;2;189;189;189m▀[0m[38;2;255;255;255m[48;2;65;65;65m▀[0m[38;2;0;0;0m[48;2;115;90;16m▀[0m[38;2;0;0;0m▄  
[38;2;0;0;0m▀[38;2;0;0;0m▀[38;2;65;65;65m[48;2;0;0;0m▀[0m[38;2;65;65;65m[48;2;214;82;66m▀[0m[38;2;65;65;65m[48;2;255;255;255m▀[0m[38;2;123;123;123m[48;2;123;123;123m▀[0m[38;2;123;123;123m[48;2;123;123;123m▀[0m[38;2;49;189;255m[48;2;123;123;123m▀[0m[38;2;49;189;255m[48;2;189;189;189m▀[0m[38;2;65;65;65m[48;2;255;255;255m▀[0m[38;2;255;255;255m[48;2;255;255;255m▀[0m[38;2;255;255;255m[48;2;222;132;33m▀[0m[38;2;189;189;189m[48;2;222;132;33m▀[0m[38;2;123;123;123m[48;2;214;82;66m▀[0m[38;2;65;65;65m[48;2;65;65;65m▀[0m[38;2;189;165;66m[48;2;156;132;41m▀[0m[38;2;156;132;41m[48;2;189;165;66m▀[0m[38;2;189;165;66m[48;2;156;132;41m▀[0m[38;2;0;0;0m[48;2;189;165;66m▀[0m[38;2;0;0;0m▄
 [38;2;0;0;0m▀[38;2;214;82;66m[48;2;0;0;0m▀[0m[38;2;222;132;33m[48;2;0;0;0m▀[0m[38;2;189;189;189m[48;2;65;65;65m▀[0m[38;2;255;255;255m[48;2;255;255;255m▀[0m[38;2;255;255;255m[48;2;189;189;189m▀[0m[38;2;255;255;255m[48;2;255;255;255m▀[0m[38;2;255;255;255m[48;2;255;255;255m▀[0m[38;2;255;255;255m[48;2;189;189;189m▀[0m[38;2;255;255;255m[48;2;255;255;255m▀[0m[38;2;255;255;255m[48;2;189;189;189m▀[0m[38;2;222;132;33m[48;2;65;65;65m▀[0m[38;2;222;132;33m[48;2;115;90;16m▀[0m[38;2;214;82;66m[48;2;115;90;16m▀[0m[38;2;65;65;65m[48;2;156;132;41m▀[0m[38;2;189;165;66m[48;2;156;132;41m▀[0m[38;2;156;132;41m[48;2;115;90;16m▀[0m[38;2;156;132;41m[48;2;0;0;0m▀[0m[38;2;0;0;0m▀
   [38;2;0;0;0m▀[38;2;0;0;0m▀[38;2;189;189;189m[48;2;0;0;0m▀[0m[38;2;0;0;0m▀[38;2;189;189;189m[48;2;0;0;0m▀[0m[38;2;65;65;65m[48;2;65;65;65m▀[0m[38;2;189;189;189m[48;2;0;0;0m▀[0m[38;2;65;65;65m[48;2;0;0;0m▀[0m[38;2;115;90;16m[48;2;65;65;65m▀[0m[38;2;156;132;41m[48;2;0;0;0m▀[0m[38;2;115;90;16m[48;2;65;65;65m▀[0m[38;2;156;132;41m[48;2;0;0;0m▀[0m[38;2;115;90;16m[48;2;0;0;0m▀[0m[38;2;0;0;0m▀[38;2;0;0;0m▀  
       [38;2;0;0;0m▀[38;2;0;0;0m▀  [38;2;0;0;0m▀ [38;2;0;0;0m▀      
[0m
