   [38;2;0;0;0m▄[38;2;0;0;0m[48;2;238;93;57m▀[0m[38;2;0;0;0m[48;2;238;93;57m▀[0m[38;2;0;0;0m[48;2;238;93;57m▀[0m[38;2;0;0;0m▄[38;2;0;0;0m▄                          
    [38;2;0;0;0m[48;2;0;0;0m▀[0m[38;2;238;93;57m[48;2;238;93;57m▀[0m[38;2;238;93;57m[48;2;238;93;57m▀[0m[38;2;238;93;57m[48;2;95;95;95m▀[0m[38;2;238;93;57m[48;2;238;95;57m▀[0m[38;2;0;0;0m[48;2;238;95;57m▀[0m[38;2;0;0;0m[48;2;238;93;57m▀[0m[38;2;0;0;0m▄             [38;2;0;0;0m▄[38;2;0;0;0m▄[38;2;0;0;0m▄[38;2;0;0;0m▄[38;2;0;0;0m▄     
     [38;2;0;0;0m[48;2;0;0;0m▀[0m[38;2;238;93;57m[48;2;238;95;57m▀[0m[38;2;238;93;57m[48;2;238;95;57m▀[0m[38;2;238;95;57m[48;2;238;97;65m▀[0m[38;2;238;95;57m[48;2;238;97;65m▀[0m[38;2;238;93;57m[48;2;65;64;65m▀[0m[38;2;238;93;57m[48;2;246;93;57m▀[0m[38;2;0;0;0m[48;2;0;0;0m▀[0m     [38;2;0;8;8m▄[38;2;0;8;8m▄ [38;2;0;0;0m▄[38;2;0;0;0m▄[38;2;0;0;0m[48;2;238;93;57m▀[0m[38;2;0;0;0m[48;2;238;95;57m▀[0m[38;2;238;93;57m[48;2;238;95;57m▀[0m[38;2;238;93;57m[48;2;238;93;57m▀[0m[38;2;238;93;57m[48;2;238;93;57m▀[0m[38;2;238;93;57m[48;2;238;95;57m▀[0m[38;2;238;93;57m[48;2;238;95;57m▀[0m[38;2;0;0;0m[48;2;238;93;57m▀[0m[38;2;0;0;0m[48;2;238;93;57m▀[0m[38;2;0;0;0m▄  
    [38;2;0;0;0m[48;2;0;0;0m▀[0m[38;2;238;93;57m[48;2;246;133;57m▀[0m[38;2;238;95;57m[48;2;238;93;57m▀[0m[38;2;238;95;57m[48;2;249;149;63m▀[0m[38;2;238;97;65m[48;2;238;93;49m▀[0m[38;2;65;64;65m[48;2;65;64;65m▀[0m[38;2;186;83;60m[48;2;197;80;65m▀[0m[38;2;65;64;65m[48;2;65;64;65m▀[0m[38;2;238;93;57m[48;2;238;97;57m▀[0m[38;2;0;0;0m[48;2;0;16;24m▀[0m  [38;2;0;0;0m▄[38;2;0;0;0m[48;2;230;105;82m▀[0m[38;2;230;109;90m[48;2;230;97;74m▀[0m[38;2;76;41;35m[48;2;65;64;57m▀[0m[38;2;0;0;0m[48;2;238;95;57m▀[0m[38;2;238;93;57m[48;2;238;95;57m▀[0m[38;2;238;93;57m[48;2;238;95;54m▀[0m[38;2;238;93;57m[48;2;238;95;54m▀[0m[38;2;238;95;57m[48;2;156;72;49m▀[0m[38;2;238;95;57m[48;2;94;97;94m▀[0m[38;2;238;93;57m[48;2;238;95;57m▀[0m[38;2;95;95;95m[48;2;238;95;57m▀[0m[38;2;238;95;57m[48;2;238;95;57m▀[0m[38;2;238;95;57m[48;2;238;95;57m▀[0m[38;2;238;93;57m[48;2;0;0;0m▀[0m[38;2;0;0;0m▀   
   [38;2;0;0;0m[48;2;0;0;0m▀[0m[38;2;246;133;57m[48;2;249;149;60m▀[0m[38;2;246;133;57m[48;2;249;149;60m▀[0m[38;2;249;149;63m[48;2;246;149;57m▀[0m[38;2;238;93;57m[48;2;65;64;65m▀[0m[38;2;65;64;65m[48;2;194;80;63m▀[0m[38;2;152;78;57m[48;2;194;80;63m▀[0m[38;2;197;80;65m[48;2;137;97;82m▀[0m[38;2;65;64;65m[48;2;65;64;65m▀[0m[38;2;238;97;57m[48;2;65;64;65m▀[0m[38;2;79;43;35m[48;2;117;117;117m▀[0m[38;2;0;0;0m[48;2;117;118;117m▀[0m[38;2;0;0;0m[48;2;117;118;117m▀[0m[38;2;153;70;54m[48;2;65;64;57m▀[0m[38;2;230;105;82m[48;2;148;80;65m▀[0m[38;2;148;80;65m[48;2;230;101;82m▀[0m[38;2;65;64;57m[48;2;230;101;82m▀[0m[38;2;238;95;57m[48;2;65;64;65m▀[0m[38;2;238;95;57m[48;2;246;149;57m▀[0m[38;2;246;151;60m[48;2;238;93;57m▀[0m[38;2;238;95;54m[48;2;249;149;63m▀[0m[38;2;94;97;94m[48;2;238;95;54m▀[0m[38;2;156;72;49m[48;2;238;95;54m▀[0m[38;2;238;95;57m[48;2;238;95;54m▀[0m[38;2;238;95;57m[48;2;238;95;54m▀[0m[38;2;238;95;57m[48;2;238;93;57m▀[0m[38;2;238;95;57m[48;2;0;0;0m▀[0m[38;2;0;0;0m▀    
   [38;2;0;0;0m▀[38;2;249;149;60m[48;2;0;0;0m▀[0m[38;2;249;149;60m[48;2;246;149;57m▀[0m[38;2;246;149;57m[48;2;65;64;65m▀[0m[38;2;65;64;65m[48;2;153;75;60m▀[0m[38;2;194;80;63m[48;2;153;75;60m▀[0m[38;2;194;80;63m[48;2;197;80;57m▀[0m[38;2;65;64;65m[48;2;65;64;65m▀[0m[38;2;137;97;82m[48;2;117;117;117m▀[0m[38;2;117;117;117m[48;2;117;118;117m▀[0m[38;2;117;117;117m[48;2;117;118;117m▀[0m[38;2;117;118;117m[48;2;117;117;117m▀[0m[38;2;117;118;117m[48;2;117;117;117m▀[0m[38;2;65;64;57m[48;2;117;117;117m▀[0m[38;2;230;97;74m[48;2;65;64;65m▀[0m[38;2;230;101;82m[48;2;156;72;49m▀[0m[38;2;156;72;49m[48;2;230;101;82m▀[0m[38;2;65;64;65m[48;2;230;97;74m▀[0m[38;2;246;149;57m[48;2;65;64;57m▀[0m[38;2;249;149;63m[48;2;255;182;98m▀[0m[38;2;249;149;63m[48;2;249;149;60m▀[0m[38;2;246;151;60m[48;2;246;149;57m▀[0m[38;2;238;95;54m[48;2;156;72;49m▀[0m[38;2;246;151;60m[48;2;238;95;54m▀[0m[38;2;238;95;54m[48;2;238;95;54m▀[0m[38;2;238;93;57m[48;2;0;0;0m▀[0m[38;2;0;0;0m▀     
    [38;2;0;0;0m[48;2;0;0;0m▀[0m[38;2;246;149;57m[48;2;164;94;43m▀[0m[38;2;65;64;65m[48;2;65;60;65m▀[0m[38;2;197;80;57m[48;2;156;99;61m▀[0m[38;2;197;80;57m[48;2;197;80;57m▀[0m[38;2;65;64;65m[48;2;65;64;65m▀[0m[38;2;117;117;117m[48;2;117;118;117m▀[0m[38;2;117;117;117m[48;2;117;118;117m▀[0m[38;2;117;118;117m[48;2;117;117;117m▀[0m[38;2;117;118;117m[48;2;117;117;117m▀[0m[38;2;117;117;117m[48;2;57;60;65m▀[0m[38;2;65;64;65m[48;2;24;182;246m▀[0m[38;2;117;117;117m[48;2;65;64;65m▀[0m[38;2;65;64;65m[48;2;65;64;65m▀[0m[38;2;230;101;82m[48;2;156;72;49m▀[0m[38;2;230;101;82m[48;2;156;72;49m▀[0m[38;2;148;80;65m[48;2;134;95;71m▀[0m[38;2;65;64;57m[48;2;74;56;57m▀[0m[38;2;255;182;98m[48;2;254;180;101m▀[0m[38;2;249;149;60m[48;2;254;180;101m▀[0m[38;2;246;149;57m[48;2;249;149;60m▀[0m[38;2;246;149;57m[48;2;249;149;60m▀[0m[38;2;246;151;60m[48;2;246;153;74m▀[0m[38;2;238;95;54m[48;2;0;8;32m▀[0m[38;2;0;0;0m▀      
 [38;2;0;0;0m▄[38;2;0;0;0m[48;2;246;149;57m▀[0m[38;2;0;0;0m[48;2;246;149;57m▀[0m[38;2;246;141;65m[48;2;249;149;60m▀[0m[38;2;246;141;65m[48;2;255;182;98m▀[0m[38;2;246;137;57m[48;2;255;170;90m▀[0m[38;2;65;60;65m[48;2;65;64;65m▀[0m[38;2;153;75;60m[48;2;197;80;65m▀[0m[38;2;65;64;65m[48;2;197;80;65m▀[0m[38;2;117;118;117m[48;2;65;64;65m▀[0m[38;2;117;118;117m[48;2;120;118;120m▀[0m[38;2;117;117;117m[48;2;117;117;117m▀[0m[38;2;65;64;65m[48;2;65;64;65m▀[0m[38;2;35;141;186m[48;2;49;190;255m▀[0m[38;2;35;141;186m[48;2;123;76;74m▀[0m[38;2;65;64;65m[48;2;152;78;61m▀[0m[38;2;230;101;82m[48;2;152;78;61m▀[0m[38;2;230;101;82m[48;2;230;97;74m▀[0m[38;2;230;101;82m[48;2;148;80;65m▀[0m[38;2;74;56;57m[48;2;65;64;65m▀[0m[38;2;255;174;98m[48;2;65;64;65m▀[0m[38;2;254;180;101m[48;2;255;165;82m▀[0m[38;2;254;180;101m[48;2;255;165;82m▀[0m[38;2;249;149;60m[48;2;65;64;65m▀[0m[38;2;249;149;60m[48;2;65;64;65m▀[0m[38;2;82;56;46m[48;2;249;149;60m▀[0m[38;2;82;56;46m[48;2;249;149;60m▀[0m[38;2;0;0;0m[48;2;246;149;57m▀[0m[38;2;0;0;0m▄     
[38;2;0;0;0m▀[38;2;238;93;57m[48;2;0;0;0m▀[0m[38;2;246;149;57m[48;2;246;149;57m▀[0m[38;2;93;95;95m[48;2;246;149;57m▀[0m[38;2;249;149;60m[48;2;255;182;98m▀[0m[38;2;255;182;98m[48;2;238;98;49m▀[0m[38;2;255;170;90m[48;2;255;182;98m▀[0m[38;2;255;170;90m[48;2;65;64;65m▀[0m[38;2;65;64;65m[48;2;65;64;65m▀[0m[38;2;197;80;65m[48;2;65;64;65m▀[0m[38;2;65;64;65m[48;2;255;255;255m▀[0m[38;2;93;91;93m[48;2;65;64;65m▀[0m[38;2;117;117;117m[48;2;65;64;65m▀[0m[38;2;65;64;65m[48;2;255;255;255m▀[0m[38;2;123;76;74m[48;2;90;56;57m▀[0m[38;2;123;76;74m[48;2;145;120;120m▀[0m[38;2;230;97;65m[48;2;65;64;65m▀[0m[38;2;74;60;57m[48;2;255;255;255m▀[0m[38;2;65;64;57m[48;2;255;255;255m▀[0m[38;2;65;64;57m[48;2;200;195;189m▀[0m[38;2;197;194;189m[48;2;200;194;189m▀[0m[38;2;197;194;189m[48;2;200;194;189m▀[0m[38;2;65;64;65m[48;2;65;64;65m▀[0m[38;2;65;64;65m[48;2;230;186;148m▀[0m[38;2;246;149;57m[48;2;255;182;98m▀[0m[38;2;246;149;57m[48;2;249;149;60m▀[0m[38;2;249;149;60m[48;2;255;161;74m▀[0m[38;2;249;149;60m[48;2;150;105;74m▀[0m[38;2;246;149;57m[48;2;249;149;60m▀[0m[38;2;246;149;57m[48;2;249;149;60m▀[0m[38;2;0;0;0m[48;2;249;149;60m▀[0m[38;2;0;0;0m[48;2;249;149;60m▀[0m[38;2;0;0;0m▄[38;2;0;0;0m▄ 
  [38;2;0;0;0m▀[38;2;246;149;57m[48;2;0;0;0m▀[0m[38;2;246;140;74m[48;2;0;0;0m▀[0m[38;2;255;182;98m[48;2;246;149;57m▀[0m[38;2;255;182;98m[48;2;65;64;65m▀[0m[38;2;65;64;65m[48;2;65;64;65m▀[0m[38;2;117;117;117m[48;2;65;60;65m▀[0m[38;2;65;64;65m[48;2;255;250;255m▀[0m[38;2;255;255;255m[48;2;255;255;255m▀[0m[38;2;255;255;255m[48;2;255;255;255m▀[0m[38;2;255;255;255m[48;2;255;255;255m▀[0m[38;2;255;255;255m[48;2;255;255;255m▀[0m[38;2;255;246;246m[48;2;65;64;65m▀[0m[38;2;90;56;57m[48;2;117;117;117m▀[0m[38;2;65;64;65m[48;2;128;124;128m▀[0m[38;2;255;255;255m[48;2;65;60;65m▀[0m[38;2;255;255;255m[48;2;255;255;255m▀[0m[38;2;200;195;189m[48;2;255;255;255m▀[0m[38;2;200;194;189m[48;2;197;194;189m▀[0m[38;2;200;194;189m[48;2;115;118;117m▀[0m[38;2;230;186;148m[48;2;197;194;189m▀[0m[38;2;65;64;65m[48;2;197;194;189m▀[0m[38;2;255;182;98m[48;2;65;64;65m▀[0m[38;2;255;182;98m[48;2;255;182;98m▀[0m[38;2;255;161;74m[48;2;255;182;98m▀[0m[38;2;98;76;74m[48;2;224;147;79m▀[0m[38;2;249;149;60m[48;2;249;149;60m▀[0m[38;2;249;149;60m[48;2;249;149;60m▀[0m[38;2;249;149;60m[48;2;246;149;57m▀[0m[38;2;249;149;60m[48;2;246;149;57m▀[0m[38;2;246;149;57m[48;2;0;0;0m▀[0m[38;2;246;149;57m[48;2;0;0;0m▀[0m[38;2;0;0;0m▀
    [38;2;0;0;0m▄[38;2;0;0;0m[48;2;246;149;57m▀[0m[38;2;65;64;65m[48;2;246;161;90m▀[0m[38;2;117;117;117m[48;2;57;76;90m▀[0m[38;2;128;124;128m[48;2;65;64;65m▀[0m[38;2;65;60;65m[48;2;255;255;255m▀[0m[38;2;255;255;255m[48;2;255;255;255m▀[0m[38;2;255;255;255m[48;2;255;255;255m▀[0m[38;2;255;255;255m[48;2;255;255;255m▀[0m[38;2;255;255;255m[48;2;65;64;65m▀[0m[38;2;65;64;65m[48;2;117;117;117m▀[0m[38;2;65;64;65m[48;2;117;117;117m▀[0m[38;2;65;60;65m[48;2;57;60;57m▀[0m[38;2;255;250;255m[48;2;255;255;255m▀[0m[38;2;255;255;255m[48;2;255;255;255m▀[0m[38;2;117;117;117m[48;2;255;255;255m▀[0m[38;2;197;194;189m[48;2;112;111;106m▀[0m[38;2;197;194;189m[48;2;205;198;189m▀[0m[38;2;109;110;112m[48;2;230;186;148m▀[0m[38;2;65;68;74m[48;2;65;64;65m▀[0m[38;2;255;182;98m[48;2;65;64;65m▀[0m[38;2;255;182;98m[48;2;246;149;57m▀[0m[38;2;164;76;41m[48;2;255;161;74m▀[0m[38;2;255;182;98m[48;2;255;161;74m▀[0m[38;2;249;149;60m[48;2;246;149;57m▀[0m[38;2;249;149;60m[48;2;0;0;0m▀[0m[38;2;246;149;57m[48;2;0;0;0m▀[0m[38;2;0;0;0m▀   
   [38;2;0;0;0m[48;2;0;0;0m▀[0m[38;2;246;149;57m[48;2;246;113;57m▀[0m[38;2;246;149;57m[48;2;246;113;57m▀[0m[38;2;57;76;90m[48;2;65;64;65m▀[0m[38;2;120;105;90m[48;2;139;198;255m▀[0m[38;2;255;255;255m[48;2;74;68;65m▀[0m[38;2;255;255;255m[48;2;98;111;128m▀[0m[38;2;117;117;117m[48;2;65;60;65m▀[0m[38;2;255;255;255m[48;2;255;250;255m▀[0m[38;2;255;255;255m[48;2;57;60;57m▀[0m[38;2;255;255;255m[48;2;255;255;255m▀[0m[38;2;65;64;65m[48;2;255;255;255m▀[0m[38;2;65;64;65m[48;2;255;255;255m▀[0m[38;2;255;255;255m[48;2;246;255;255m▀[0m[38;2;123;125;123m[48;2;57;68;74m▀[0m[38;2;255;255;255m[48;2;65;68;74m▀[0m[38;2;65;64;65m[48;2;102;133;164m▀[0m[38;2;65;68;65m[48;2;120;111;101m▀[0m[38;2;65;68;65m[48;2;57;72;90m▀[0m[38;2;65;64;65m[48;2;255;161;74m▀[0m[38;2;230;186;148m[48;2;255;161;74m▀[0m[38;2;246;149;57m[48;2;255;182;98m▀[0m[38;2;65;64;65m[48;2;249;149;60m▀[0m[38;2;255;161;74m[48;2;0;0;0m▀[0m[38;2;0;0;0m▀[38;2;0;0;0m▀      
  [38;2;0;0;0m▄[38;2;0;0;0m[48;2;238;93;57m▀[0m[38;2;98;97;95m[48;2;238;93;57m▀[0m[38;2;246;113;57m[48;2;238;93;57m▀[0m[38;2;65;64;65m[48;2;238;93;57m▀[0m[38;2;139;198;255m[48;2;0;0;0m▀[0m[38;2;148;198;255m[48;2;139;194;246m▀[0m[38;2;74;68;65m[48;2;74;68;57m▀[0m[38;2;128;124;128m[48;2;95;97;95m▀[0m[38;2;65;60;65m[48;2;117;117;117m▀[0m[38;2;123;125;123m[48;2;120;120;120m▀[0m[38;2;255;255;255m[48;2;93;94;93m▀[0m[38;2;82;80;82m[48;2;65;68;74m▀[0m[38;2;82;80;82m[48;2;139;198;255m▀[0m[38;2;57;68;74m[48;2;139;198;255m▀[0m[38;2;120;130;134m[48;2;139;198;255m▀[0m[38;2;139;198;255m[48;2;164;117;115m▀[0m[38;2;139;198;255m[48;2;82;60;57m▀[0m[38;2;57;72;90m[48;2;249;149;63m▀[0m[38;2;246;190;123m[48;2;249;149;63m▀[0m[38;2;255;161;74m[48;2;249;149;63m▀[0m[38;2;95;97;95m[48;2;249;149;63m▀[0m[38;2;249;149;60m[48;2;246;151;60m▀[0m[38;2;249;149;60m[48;2;238;95;54m▀[0m[38;2;0;0;0m[48;2;0;0;0m▀[0m        
   [38;2;0;0;0m▀[38;2;0;0;0m▀[38;2;0;0;0m▀[38;2;0;0;0m▀[38;2;0;0;0m▀[38;2;117;152;183m[48;2;0;0;0m▀[0m[38;2;95;110;120m[48;2;119;117;119m▀[0m[38;2;117;117;117m[48;2;119;117;119m▀[0m[38;2;95;97;95m[48;2;0;0;0m▀[0m[38;2;93;94;93m[48;2;54;66;82m▀[0m[38;2;65;68;65m[48;2;148;198;246m▀[0m[38;2;139;198;255m[48;2;0;0;0m▀[0m[38;2;102;133;164m[48;2;0;0;0m▀[0m[38;2;139;198;255m[48;2;0;0;0m▀[0m[38;2;0;0;0m▀[38;2;0;4;0m▀[38;2;164;117;115m[48;2;0;0;0m▀[0m[38;2;238;93;57m[48;2;238;93;57m▀[0m[38;2;249;149;63m[48;2;238;93;57m▀[0m[38;2;249;149;63m[48;2;238;95;57m▀[0m[38;2;238;93;57m[48;2;238;95;57m▀[0m[38;2;238;95;54m[48;2;95;95;95m▀[0m[38;2;238;95;54m[48;2;238;93;57m▀[0m[38;2;238;93;57m[48;2;238;93;57m▀[0m[38;2;0;0;0m[48;2;238;93;57m▀[0m[38;2;0;0;0m▄      
        [38;2;0;0;0m▀[38;2;119;117;119m[48;2;0;0;0m▀[0m[38;2;0;0;0m▀ [38;2;8;0;0m▀[38;2;8;0;0m▀      [38;2;0;0;0m▀[38;2;0;0;0m▀[38;2;238;95;57m[48;2;0;0;0m▀[0m[38;2;238;95;57m[48;2;0;0;0m▀[0m[38;2;238;93;57m[48;2;0;0;0m▀[0m[38;2;238;93;57m[48;2;0;0;0m▀[0m[38;2;0;0;0m▀[38;2;0;0;0m▀       
[0m
