        [38;2;0;0;0m▄[38;2;0;0;0m[48;2;65;98;172m▀[0m[38;2;0;0;0m▄ [38;2;0;0;0m▄[38;2;0;0;0m[48;2;65;98;172m▀[0m[38;2;0;0;0m[48;2;0;0;0m▀[0m   [38;2;0;0;0m▄[38;2;0;0;0m[48;2;246;238;172m▀[0m[38;2;0;0;0m[48;2;0;0;0m▀[0m         
 [38;2;0;0;0m▄[38;2;0;0;0m▄    [38;2;0;0;0m▄[38;2;0;0;0m[48;2;65;98;172m▀[0m[38;2;65;98;172m[48;2;65;98;172m▀[0m[38;2;82;213;238m[48;2;82;213;238m▀[0m[38;2;0;0;0m[48;2;49;74;139m▀[0m[38;2;65;98;172m[48;2;65;98;172m▀[0m[38;2;65;98;172m[48;2;65;98;172m▀[0m[38;2;0;0;0m[48;2;82;213;238m▀[0m[38;2;0;0;0m[48;2;82;213;238m▀[0m[38;2;65;65;65m▄[38;2;0;0;0m[48;2;246;238;172m▀[0m[38;2;246;238;172m[48;2;246;238;172m▀[0m[38;2;246;238;172m[48;2;0;0;0m▀[0m[38;2;0;0;0m▀         
[38;2;0;0;0m[48;2;0;0;0m▀[0m[38;2;172;74;90m[48;2;172;74;90m▀[0m[38;2;172;74;90m[48;2;172;74;90m▀[0m[38;2;0;0;0m[48;2;172;74;90m▀[0m[38;2;0;0;0m▄[38;2;0;0;0m▄[38;2;0;0;0m▄[38;2;0;0;0m[48;2;255;255;255m▀[0m[38;2;65;98;172m[48;2;65;98;172m▀[0m[38;2;82;213;238m[48;2;82;213;238m▀[0m[38;2;49;74;139m[48;2;49;74;139m▀[0m[38;2;65;98;172m[48;2;65;98;172m▀[0m[38;2;65;98;172m[48;2;82;213;238m▀[0m[38;2;82;213;238m[48;2;82;213;238m▀[0m[38;2;82;213;238m[48;2;65;98;172m▀[0m[38;2;65;65;65m[48;2;65;65;65m▀[0m[38;2;246;238;172m[48;2;246;238;172m▀[0m[38;2;246;238;172m[48;2;246;238;172m▀[0m[38;2;246;238;172m[48;2;0;0;0m▀[0m[38;2;0;0;0m▀          
 [38;2;0;0;0m▀[38;2;0;0;0m▀[38;2;172;74;90m[48;2;0;0;0m▀[0m[38;2;172;74;90m[48;2;0;0;0m▀[0m[38;2;172;74;90m[48;2;0;0;0m▀[0m[38;2;65;65;65m[48;2;172;74;90m▀[0m[38;2;255;255;255m[48;2;65;65;65m▀[0m[38;2;65;98;172m[48;2;65;98;172m▀[0m[38;2;49;74;139m[48;2;49;74;139m▀[0m[38;2;65;98;172m[48;2;65;98;172m▀[0m[38;2;65;98;172m[48;2;49;74;139m▀[0m[38;2;65;98;172m[48;2;255;255;255m▀[0m[38;2;255;255;255m[48;2;255;255;255m▀[0m[38;2;65;98;172m[48;2;49;74;139m▀[0m[38;2;65;98;172m[48;2;49;74;139m▀[0m[38;2;65;65;65m[48;2;49;74;139m▀[0m[38;2;246;238;172m[48;2;246;238;172m▀[0m[38;2;172;74;90m[48;2;172;74;90m▀[0m[38;2;0;0;0m[48;2;0;0;0m▀[0m          
      [38;2;0;0;0m[48;2;0;0;0m▀[0m[38;2;65;65;65m[48;2;246;139;156m▀[0m[38;2;49;74;139m[48;2;49;74;139m▀[0m[38;2;49;74;139m[48;2;49;74;139m▀[0m[38;2;49;74;139m[48;2;65;98;172m▀[0m[38;2;65;98;172m[48;2;65;98;172m▀[0m[38;2;255;255;255m[48;2;49;74;139m▀[0m[38;2;49;74;139m[48;2;255;255;255m▀[0m[38;2;0;0;0m[48;2;246;139;156m▀[0m[38;2;255;255;255m[48;2;255;255;255m▀[0m[38;2;148;139;82m[48;2;148;139;82m▀[0m[38;2;246;238;172m[48;2;172;74;90m▀[0m[38;2;172;74;90m[48;2;172;74;90m▀[0m[38;2;172;74;90m[48;2;172;74;90m▀[0m[38;2;0;0;0m[48;2;0;0;0m▀[0m         
      [38;2;0;0;0m▀[38;2;246;139;156m[48;2;0;0;0m▀[0m[38;2;49;74;139m[48;2;246;139;156m▀[0m[38;2;65;98;172m[48;2;49;74;139m▀[0m[38;2;65;98;172m[48;2;65;98;172m▀[0m[38;2;65;98;172m[48;2;49;74;139m▀[0m[38;2;49;74;139m[48;2;197;189;106m▀[0m[38;2;148;139;82m[48;2;197;189;106m▀[0m[38;2;255;255;255m[48;2;172;74;90m▀[0m[38;2;148;139;82m[48;2;172;74;90m▀[0m[38;2;172;74;90m[48;2;246;139;156m▀[0m[38;2;172;74;90m[48;2;172;74;90m▀[0m[38;2;246;139;156m[48;2;246;139;156m▀[0m[38;2;65;65;65m[48;2;65;65;65m▀[0m[38;2;65;98;172m[48;2;65;98;172m▀[0m[38;2;0;0;0m[48;2;255;255;255m▀[0m[38;2;0;0;0m[48;2;255;255;255m▀[0m[38;2;0;0;0m▄  [38;2;0;0;0m▄[38;2;0;0;0m▄  
       [38;2;0;0;0m▀[38;2;172;74;90m[48;2;0;0;0m▀[0m[38;2;246;139;156m[48;2;0;0;0m▀[0m[38;2;49;74;139m[48;2;246;139;156m▀[0m[38;2;172;74;90m[48;2;246;139;156m▀[0m[38;2;172;74;90m[48;2;246;139;156m▀[0m[38;2;172;74;90m[48;2;246;139;156m▀[0m[38;2;246;139;156m[48;2;172;74;90m▀[0m[38;2;246;139;156m[48;2;172;74;90m▀[0m[38;2;172;74;90m[48;2;246;139;156m▀[0m[38;2;246;139;156m[48;2;65;65;65m▀[0m[38;2;65;65;65m[48;2;65;98;172m▀[0m[38;2;49;74;139m[48;2;0;0;0m▀[0m[38;2;0;0;0m▀[38;2;0;0;0m▀[38;2;65;98;172m[48;2;0;0;0m▀[0m[38;2;65;98;172m[48;2;65;98;172m▀[0m[38;2;0;0;0m[48;2;65;98;172m▀[0m[38;2;0;0;0m[48;2;49;74;139m▀[0m[38;2;65;98;172m[48;2;246;238;172m▀[0m[38;2;65;98;172m[48;2;246;238;172m▀[0m[38;2;0;0;0m[48;2;49;74;139m▀[0m[38;2;0;0;0m▄
        [38;2;0;0;0m▄[38;2;0;0;0m[48;2;0;0;0m▀[0m[38;2;65;65;65m[48;2;65;98;172m▀[0m[38;2;65;65;65m[48;2;131;148;139m▀[0m[38;2;172;74;90m[48;2;65;65;65m▀[0m[38;2;172;74;90m[48;2;65;65;65m▀[0m[38;2;172;74;90m[48;2;65;65;65m▀[0m[38;2;65;65;65m[48;2;197;189;106m▀[0m[38;2;65;65;65m[48;2;131;148;139m▀[0m[38;2;65;98;172m[48;2;49;74;139m▀[0m[38;2;65;98;172m[48;2;65;98;172m▀[0m[38;2;65;98;172m[48;2;255;255;255m▀[0m[38;2;0;0;0m[48;2;0;0;0m▀[0m  [38;2;0;0;0m▀[38;2;0;0;0m▀[38;2;65;98;172m[48;2;0;0;0m▀[0m[38;2;65;98;172m[48;2;0;0;0m▀[0m[38;2;0;0;0m▀[38;2;0;0;0m▀ 
      [38;2;0;0;0m▄[38;2;0;0;0m[48;2;255;255;255m▀[0m[38;2;255;255;255m[48;2;255;255;255m▀[0m[38;2;255;255;255m[48;2;65;65;65m▀[0m[38;2;65;65;65m[48;2;0;0;0m▀[0m[38;2;65;65;65m[48;2;49;74;139m▀[0m[38;2;131;148;139m[48;2;49;74;139m▀[0m[38;2;197;189;106m[48;2;0;0;0m▀[0m[38;2;197;189;106m[48;2;0;0;0m▀[0m[38;2;0;0;0m▀[38;2;0;0;0m▀[38;2;0;0;0m▀[38;2;255;255;255m[48;2;0;0;0m▀[0m[38;2;255;255;255m[48;2;255;255;255m▀[0m[38;2;255;255;255m[48;2;49;74;139m▀[0m[38;2;0;0;0m[48;2;65;65;65m▀[0m[38;2;0;0;0m▄       
 [38;2;0;0;0m▄[38;2;0;0;0m[48;2;65;98;172m▀[0m[38;2;0;0;0m[48;2;65;98;172m▀[0m[38;2;0;0;0m[48;2;197;189;106m▀[0m[38;2;0;0;0m[48;2;49;74;139m▀[0m[38;2;65;98;172m[48;2;65;98;172m▀[0m[38;2;65;98;172m[48;2;49;74;139m▀[0m[38;2;0;0;0m[48;2;0;0;0m▀[0m[38;2;0;0;0m▀ [38;2;0;0;0m▀[38;2;0;0;0m▀[38;2;0;0;0m▀   [38;2;0;0;0m▀[38;2;65;98;172m[48;2;0;0;0m▀[0m[38;2;49;74;139m[48;2;0;0;0m▀[0m[38;2;0;0;0m▀[38;2;65;98;172m[48;2;0;0;0m▀[0m[38;2;65;98;172m[48;2;0;0;0m▀[0m[38;2;0;0;0m▀      
  [38;2;0;0;0m▀[38;2;0;0;0m▀[38;2;65;98;172m[48;2;0;0;0m▀[0m[38;2;65;98;172m[48;2;0;0;0m▀[0m[38;2;0;0;0m▀[38;2;246;238;172m[48;2;0;0;0m▀[0m[38;2;65;98;172m[48;2;0;0;0m▀[0m[38;2;0;0;0m▀                    
[0m
