    [38;2;0;0;0m▄[38;2;0;0;0m▄[38;2;0;0;0m[48;2;181;165;132m▀[0m[38;2;0;0;0m[48;2;181;165;132m▀[0m[38;2;0;0;0m[48;2;181;165;132m▀[0m[38;2;0;0;0m[48;2;181;165;132m▀[0m[38;2;0;0;0m▄[38;2;0;0;0m▄    
   [38;2;0;0;0m[48;2;0;0;0m▀[0m[38;2;65;65;65m[48;2;107;107;107m▀[0m[38;2;181;165;132m[48;2;107;107;107m▀[0m[38;2;181;165;132m[48;2;181;165;132m▀[0m[38;2;181;165;132m[48;2;181;165;132m▀[0m[38;2;181;165;132m[48;2;107;107;107m▀[0m[38;2;181;165;132m[48;2;107;107;107m▀[0m[38;2;189;189;189m[48;2;65;65;65m▀[0m[38;2;148;148;148m[48;2;189;189;189m▀[0m[38;2;0;0;0m[48;2;0;0;0m▀[0m   
  [38;2;0;0;0m[48;2;0;0;0m▀[0m[38;2;181;165;132m[48;2;181;165;132m▀[0m[38;2;107;107;107m[48;2;107;107;107m▀[0m[38;2;107;107;107m[48;2;65;65;65m▀[0m[38;2;65;65;65m[48;2;107;107;107m▀[0m[38;2;107;107;107m[48;2;107;107;107m▀[0m[38;2;107;107;107m[48;2;255;255;255m▀[0m[38;2;107;107;107m[48;2;107;107;107m▀[0m[38;2;107;107;107m[48;2;107;107;107m▀[0m[38;2;65;65;65m[48;2;65;65;65m▀[0m[38;2;148;148;148m[48;2;148;148;148m▀[0m[38;2;0;0;0m[48;2;0;0;0m▀[0m  
[38;2;0;0;0m▄[38;2;0;0;0m▄[38;2;0;0;0m[48;2;65;65;65m▀[0m[38;2;107;107;107m[48;2;107;107;107m▀[0m[38;2;107;107;107m[48;2;65;65;65m▀[0m[38;2;65;65;65m[48;2;65;65;65m▀[0m[38;2;107;107;107m[48;2;107;107;107m▀[0m[38;2;181;165;132m[48;2;181;165;132m▀[0m[38;2;0;0;0m[48;2;0;0;0m▀[0m[38;2;181;165;132m[48;2;181;165;132m▀[0m[38;2;107;107;107m[48;2;107;107;107m▀[0m[38;2;65;65;65m[48;2;65;65;65m▀[0m[38;2;148;148;148m[48;2;148;148;148m▀[0m[38;2;0;0;0m[48;2;0;0;0m▀[0m  
[38;2;0;0;0m▀[38;2;255;255;255m[48;2;0;0;0m▀[0m[38;2;230;0;0m[48;2;230;0;0m▀[0m[38;2;65;65;65m[48;2;255;255;255m▀[0m[38;2;65;65;65m[48;2;107;107;107m▀[0m[38;2;255;255;255m[48;2;255;255;255m▀[0m[38;2;65;65;65m[48;2;189;189;189m▀[0m[38;2;107;107;107m[48;2;65;65;65m▀[0m[38;2;181;165;132m[48;2;65;65;65m▀[0m[38;2;65;65;65m[48;2;255;255;255m▀[0m[38;2;65;65;65m[48;2;107;107;107m▀[0m[38;2;189;189;189m[48;2;189;189;189m▀[0m[38;2;65;65;65m[48;2;189;189;189m▀[0m[38;2;0;0;0m[48;2;189;189;189m▀[0m[38;2;0;0;0m[48;2;0;0;0m▀[0m 
 [38;2;0;0;0m[48;2;0;0;0m▀[0m[38;2;255;255;255m[48;2;255;255;255m▀[0m[38;2;255;255;255m[48;2;0;0;0m▀[0m[38;2;255;255;255m[48;2;0;0;0m▀[0m[38;2;255;255;255m[48;2;255;255;255m▀[0m[38;2;255;255;255m[48;2;255;255;255m▀[0m[38;2;107;107;107m[48;2;255;255;255m▀[0m[38;2;255;255;255m[48;2;255;255;255m▀[0m[38;2;255;255;255m[48;2;255;255;255m▀[0m[38;2;255;255;255m[48;2;230;0;0m▀[0m[38;2;189;189;189m[48;2;230;0;0m▀[0m[38;2;189;189;189m[48;2;189;189;189m▀[0m[38;2;0;0;0m[48;2;0;0;0m▀[0m  
[38;2;0;0;0m[48;2;0;0;0m▀[0m[38;2;255;255;255m[48;2;0;0;0m▀[0m[38;2;255;255;255m[48;2;65;65;65m▀[0m[38;2;0;0;0m[48;2;255;255;255m▀[0m[38;2;0;0;0m[48;2;255;255;255m▀[0m[38;2;255;255;255m[48;2;255;255;255m▀[0m[38;2;214;165;74m[48;2;214;165;74m▀[0m[38;2;214;165;74m[48;2;214;165;74m▀[0m[38;2;255;255;255m[48;2;255;255;255m▀[0m[38;2;255;255;255m[48;2;255;255;255m▀[0m[38;2;230;0;0m[48;2;255;255;255m▀[0m[38;2;230;0;0m[48;2;189;189;189m▀[0m[38;2;189;189;189m[48;2;189;189;189m▀[0m[38;2;189;189;189m[48;2;189;189;189m▀[0m[38;2;0;0;0m[48;2;189;189;189m▀[0m[38;2;0;0;0m▄
  [38;2;0;0;0m[48;2;0;0;0m▀[0m[38;2;255;255;255m[48;2;0;0;0m▀[0m[38;2;0;0;0m▀[38;2;0;0;0m▀[38;2;255;255;255m[48;2;0;0;0m▀[0m[38;2;255;255;255m[48;2;255;255;255m▀[0m[38;2;255;255;255m[48;2;0;0;0m▀[0m[38;2;189;189;189m[48;2;0;0;0m▀[0m[38;2;0;0;0m▀[38;2;255;255;255m[48;2;0;0;0m▀[0m[38;2;107;107;107m[48;2;0;0;0m▀[0m[38;2;0;0;0m▀[38;2;0;0;0m▀ 
       [38;2;0;0;0m▀        
[0m
