   [38;2;0;0;0m▄[38;2;0;0;0m[48;2;255;255;255m▀[0m[38;2;0;0;0m▄                      
  [38;2;0;0;0m[48;2;0;0;0m▀[0m[38;2;255;255;255m[48;2;82;121;198m▀[0m[38;2;255;255;255m[48;2;79;121;195m▀[0m[38;2;0;0;0m[48;2;79;121;195m▀[0m[38;2;0;0;0m▄           [38;2;0;0;16m▄[38;2;0;0;16m▄[38;2;0;0;0m[48;2;255;255;255m▀[0m[38;2;0;0;0m[48;2;255;255;255m▀[0m[38;2;0;0;0m▄     
 [38;2;0;0;0m[48;2;0;0;0m▀[0m[38;2;82;121;198m[48;2;79;121;195m▀[0m[38;2;82;121;198m[48;2;79;121;195m▀[0m[38;2;79;121;195m[48;2;63;95;154m▀[0m[38;2;79;121;195m[48;2;66;113;198m▀[0m[38;2;0;0;0m[48;2;54;89;148m▀[0m[38;2;0;0;0m▄  [38;2;0;4;0m▄[38;2;0;4;0m▄[38;2;0;0;0m[48;2;255;255;255m▀[0m[38;2;0;0;0m[48;2;255;255;255m▀[0m[38;2;0;0;0m▄ [38;2;0;0;0m▄[38;2;0;0;0m[48;2;82;121;198m▀[0m[38;2;119;125;135m[48;2;79;121;195m▀[0m[38;2;239;251;255m[48;2;79;121;195m▀[0m[38;2;255;255;255m[48;2;255;255;255m▀[0m[38;2;255;255;255m[48;2;255;255;255m▀[0m[38;2;0;0;0m[48;2;0;0;0m▀[0m     
[38;2;0;0;0m[48;2;0;0;0m▀[0m[38;2;82;121;198m[48;2;82;121;198m▀[0m[38;2;79;121;195m[48;2;104;135;189m▀[0m[38;2;79;121;195m[48;2;247;251;255m▀[0m[38;2;57;60;66m[48;2;173;186;198m▀[0m[38;2;63;95;154m[48;2;49;60;74m▀[0m[38;2;54;89;148m[48;2;54;89;148m▀[0m[38;2;54;89;148m[48;2;66;65;66m▀[0m[38;2;0;0;0m[48;2;255;255;255m▀[0m[38;2;0;0;0m[48;2;189;188;189m▀[0m[38;2;170;171;170m[48;2;255;255;255m▀[0m[38;2;255;255;255m[48;2;255;255;255m▀[0m[38;2;255;255;255m[48;2;255;255;255m▀[0m[38;2;255;255;255m[48;2;255;255;255m▀[0m[38;2;66;65;66m[48;2;65;64;66m▀[0m[38;2;0;0;0m[48;2;82;121;198m▀[0m[38;2;82;121;198m[48;2;65;64;66m▀[0m[38;2;82;121;198m[48;2;82;121;198m▀[0m[38;2;79;121;195m[48;2;79;121;195m▀[0m[38;2;79;121;195m[48;2;79;121;195m▀[0m[38;2;82;121;198m[48;2;82;121;198m▀[0m[38;2;82;121;198m[48;2;82;121;198m▀[0m[38;2;0;0;0m[48;2;0;0;0m▀[0m     
[38;2;0;0;0m▀[38;2;82;121;198m[48;2;0;0;0m▀[0m[38;2;247;251;255m[48;2;57;89;148m▀[0m[38;2;33;77;156m[48;2;189;190;189m▀[0m[38;2;90;102;115m[48;2;189;190;189m▀[0m[38;2;49;60;74m[48;2;66;65;66m▀[0m[38;2;54;89;148m[48;2;66;65;66m▀[0m[38;2;66;65;66m[48;2;255;255;255m▀[0m[38;2;255;255;255m[48;2;255;255;255m▀[0m[38;2;255;255;255m[48;2;255;255;255m▀[0m[38;2;255;255;255m[48;2;255;255;255m▀[0m[38;2;255;255;255m[48;2;255;255;255m▀[0m[38;2;255;255;255m[48;2;189;190;189m▀[0m[38;2;189;188;189m[48;2;66;65;66m▀[0m[38;2;65;64;66m[48;2;71;97;154m▀[0m[38;2;65;64;66m[48;2;66;65;66m▀[0m[38;2;82;121;198m[48;2;255;255;255m▀[0m[38;2;82;121;198m[48;2;82;121;198m▀[0m[38;2;79;121;195m[48;2;82;121;198m▀[0m[38;2;79;121;195m[48;2;82;121;198m▀[0m[38;2;82;121;198m[48;2;82;121;198m▀[0m[38;2;0;0;0m[48;2;0;0;0m▀[0m      
 [38;2;0;0;0m▀[38;2;189;190;189m[48;2;0;0;0m▀[0m[38;2;189;190;189m[48;2;189;190;189m▀[0m[38;2;189;190;189m[48;2;66;65;66m▀[0m[38;2;66;65;66m[48;2;82;121;198m▀[0m[38;2;66;65;66m[48;2;65;64;66m▀[0m[38;2;192;191;192m[48;2;65;64;66m▀[0m[38;2;129;131;129m[48;2;255;255;255m▀[0m[38;2;255;255;255m[48;2;255;255;255m▀[0m[38;2;255;255;255m[48;2;189;190;189m▀[0m[38;2;189;188;189m[48;2;189;190;189m▀[0m[38;2;189;190;189m[48;2;66;65;66m▀[0m[38;2;66;65;66m[48;2;82;121;198m▀[0m[38;2;66;65;66m[48;2;66;65;66m▀[0m[38;2;74;113;198m[48;2;189;190;189m▀[0m[38;2;82;121;198m[48;2;57;89;148m▀[0m[38;2;255;255;255m[48;2;57;89;148m▀[0m[38;2;54;89;148m[48;2;189;190;189m▀[0m[38;2;54;89;148m[48;2;0;0;0m▀[0m[38;2;0;0;0m▀       
   [38;2;0;0;0m[48;2;0;0;0m▀[0m[38;2;66;65;66m[48;2;74;129;184m▀[0m[38;2;82;121;198m[48;2;74;129;184m▀[0m[38;2;82;121;198m[48;2;66;65;66m▀[0m[38;2;65;64;66m[48;2;189;190;189m▀[0m[38;2;189;188;189m[48;2;173;186;214m▀[0m[38;2;189;188;189m[48;2;57;64;76m▀[0m[38;2;189;190;189m[48;2;65;64;66m▀[0m[38;2;66;65;66m[48;2;82;121;198m▀[0m[38;2;82;121;198m[48;2;66;113;198m▀[0m[38;2;66;65;66m[48;2;57;60;66m▀[0m[38;2;189;190;189m[48;2;189;190;189m▀[0m[38;2;189;190;189m[48;2;189;190;189m▀[0m[38;2;189;190;189m[48;2;66;65;66m▀[0m[38;2;57;89;148m[48;2;66;65;66m▀[0m[38;2;0;0;0m[48;2;0;0;0m▀[0m         
   [38;2;0;0;0m[48;2;0;0;0m▀[0m[38;2;66;77;173m[48;2;231;255;255m▀[0m[38;2;90;235;206m[48;2;77;111;85m▀[0m[38;2;66;65;66m[48;2;66;77;173m▀[0m[38;2;66;65;66m[48;2;74;129;184m▀[0m[38;2;57;64;76m[48;2;79;121;195m▀[0m[38;2;115;125;145m[48;2;79;121;195m▀[0m[38;2;82;121;198m[48;2;109;140;189m▀[0m[38;2;82;121;198m[48;2;41;85;156m▀[0m[38;2;63;95;154m[48;2;90;239;198m▀[0m[38;2;63;95;154m[48;2;90;239;198m▀[0m[38;2;66;65;66m[48;2;57;89;148m▀[0m[38;2;66;65;66m[48;2;57;89;148m▀[0m[38;2;54;89;148m[48;2;54;89;148m▀[0m[38;2;54;89;148m[48;2;54;89;148m▀[0m[38;2;0;0;0m[48;2;0;0;0m▀[0m         
    [38;2;0;40;0m[48;2;0;0;0m▀[0m[38;2;77;111;85m[48;2;57;89;148m▀[0m[38;2;90;235;206m[48;2;74;113;198m▀[0m[38;2;74;129;184m[48;2;66;65;66m▀[0m[38;2;79;121;195m[48;2;82;121;198m▀[0m[38;2;79;121;195m[48;2;82;121;198m▀[0m[38;2;41;85;156m[48;2;57;89;148m▀[0m[38;2;247;251;255m[48;2;90;239;198m▀[0m[38;2;0;150;82m[48;2;46;132;137m▀[0m[38;2;90;239;198m[48;2;57;211;148m▀[0m[38;2;74;203;165m[48;2;54;89;148m▀[0m[38;2;57;89;148m[48;2;54;89;148m▀[0m[38;2;54;89;148m[48;2;66;65;66m▀[0m[38;2;0;0;0m[48;2;0;0;0m▀[0m [38;2;0;0;0m▄[38;2;0;0;0m▄[38;2;0;0;0m[48;2;82;121;198m▀[0m[38;2;0;0;0m[48;2;255;255;255m▀[0m[38;2;0;0;0m[48;2;82;121;198m▀[0m[38;2;0;0;0m[48;2;104;124;162m▀[0m[38;2;0;0;24m▄  
    [38;2;0;0;0m▄[38;2;0;0;0m[48;2;189;190;189m▀[0m[38;2;66;65;66m[48;2;189;190;189m▀[0m[38;2;71;97;154m[48;2;66;65;66m▀[0m[38;2;54;89;148m[48;2;66;65;66m▀[0m[38;2;54;89;148m[48;2;66;65;66m▀[0m[38;2;57;89;148m[48;2;66;65;66m▀[0m[38;2;57;89;148m[48;2;66;65;66m▀[0m[38;2;41;93;132m[48;2;66;65;66m▀[0m[38;2;41;93;132m[48;2;127;127;127m▀[0m[38;2;66;65;66m[48;2;132;130;132m▀[0m[38;2;66;65;66m[48;2;0;0;0m▀[0m[38;2;0;0;0m▀[38;2;0;0;0m▄[38;2;0;0;0m[48;2;55;89;150m▀[0m[38;2;57;89;148m[48;2;55;89;150m▀[0m[38;2;82;121;198m[48;2;54;89;148m▀[0m[38;2;82;121;198m[48;2;82;121;198m▀[0m[38;2;82;121;198m[48;2;57;89;148m▀[0m[38;2;255;255;255m[48;2;189;190;189m▀[0m[38;2;104;124;162m[48;2;57;89;148m▀[0m[38;2;156;186;231m[48;2;189;190;189m▀[0m[38;2;0;0;0m[48;2;0;0;0m▀[0m 
     [38;2;0;0;0m▀[38;2;66;65;66m[48;2;0;0;16m▀[0m[38;2;127;127;127m[48;2;247;251;255m▀[0m[38;2;255;255;255m[48;2;255;255;255m▀[0m[38;2;255;255;255m[48;2;66;65;66m▀[0m[38;2;189;190;189m[48;2;255;255;255m▀[0m[38;2;189;190;189m[48;2;192;191;192m▀[0m[38;2;189;190;189m[48;2;247;255;255m▀[0m[38;2;189;190;189m[48;2;57;65;82m▀[0m[38;2;66;65;66m[48;2;65;64;66m▀[0m[38;2;66;65;66m[48;2;65;64;66m▀[0m[38;2;0;0;0m[48;2;54;89;148m▀[0m[38;2;57;89;148m[48;2;54;89;148m▀[0m[38;2;55;89;150m[48;2;54;89;148m▀[0m[38;2;55;89;150m[48;2;66;65;66m▀[0m[38;2;54;89;148m[48;2;66;65;66m▀[0m[38;2;54;89;148m[48;2;66;65;66m▀[0m[38;2;57;89;148m[48;2;49;60;74m▀[0m[38;2;189;190;189m[48;2;49;60;74m▀[0m[38;2;57;89;148m[48;2;54;89;148m▀[0m[38;2;57;89;148m[48;2;54;89;148m▀[0m[38;2;189;190;189m[48;2;189;190;189m▀[0m[38;2;0;0;0m[48;2;0;0;0m▀[0m
    [38;2;0;0;0m▄[38;2;0;0;0m[48;2;189;190;189m▀[0m[38;2;82;83;95m[48;2;54;89;148m▀[0m[38;2;82;83;95m[48;2;66;65;66m▀[0m[38;2;66;65;66m[48;2;82;121;198m▀[0m[38;2;255;255;255m[48;2;65;64;66m▀[0m[38;2;255;255;255m[48;2;65;64;66m▀[0m[38;2;66;65;66m[48;2;82;121;198m▀[0m[38;2;57;65;82m[48;2;79;121;197m▀[0m[38;2;120;128;139m[48;2;57;89;148m▀[0m[38;2;82;121;198m[48;2;109;125;151m▀[0m[38;2;65;64;66m[48;2;247;255;255m▀[0m[38;2;54;89;148m[48;2;66;73;90m▀[0m[38;2;66;65;66m[48;2;66;73;90m▀[0m[38;2;66;65;66m[48;2;54;89;148m▀[0m[38;2;54;89;148m[48;2;54;89;148m▀[0m[38;2;54;89;148m[48;2;86;93;119m▀[0m[38;2;54;89;148m[48;2;86;93;119m▀[0m[38;2;173;186;198m[48;2;189;190;189m▀[0m[38;2;90;102;115m[48;2;57;89;148m▀[0m[38;2;66;65;66m[48;2;57;89;148m▀[0m[38;2;66;65;66m[48;2;189;190;189m▀[0m[38;2;63;63;63m[48;2;0;0;0m▀[0m[38;2;0;0;0m▀
     [38;2;0;0;0m▀[38;2;66;65;66m[48;2;0;0;0m▀[0m[38;2;54;89;148m[48;2;82;121;198m▀[0m[38;2;82;121;198m[48;2;63;95;154m▀[0m[38;2;82;121;198m[48;2;66;113;198m▀[0m[38;2;82;121;198m[48;2;82;121;198m▀[0m[38;2;82;121;198m[48;2;82;121;198m▀[0m[38;2;79;121;197m[48;2;79;121;197m▀[0m[38;2;79;121;197m[48;2;79;121;197m▀[0m[38;2;41;60;99m[48;2;60;87;137m▀[0m[38;2;247;255;255m[48;2;38;49;68m▀[0m[38;2;255;255;255m[48;2;0;0;0m▀[0m[38;2;66;73;90m[48;2;0;0;0m▀[0m[38;2;0;0;0m▀[38;2;0;0;0m▀[38;2;0;0;24m▀[38;2;173;186;214m[48;2;0;0;0m▀[0m[38;2;57;89;148m[48;2;66;65;66m▀[0m[38;2;57;89;148m[48;2;189;190;189m▀[0m[38;2;189;190;189m[48;2;189;190;189m▀[0m[38;2;189;190;189m[48;2;0;0;0m▀[0m[38;2;0;0;0m▀ 
       [38;2;0;0;0m▀[38;2;57;60;66m[48;2;0;0;0m▀[0m[38;2;63;95;154m[48;2;189;190;189m▀[0m[38;2;65;64;66m[48;2;0;0;0m▀[0m[38;2;82;121;198m[48;2;57;89;148m▀[0m[38;2;79;121;197m[48;2;119;125;135m▀[0m[38;2;57;89;148m[48;2;0;0;16m▀[0m[38;2;82;125;206m[48;2;0;0;0m▀[0m[38;2;16;12;0m▀    [38;2;0;0;0m▀[38;2;189;190;189m[48;2;0;0;0m▀[0m[38;2;189;190;189m[48;2;0;0;0m▀[0m[38;2;189;190;189m[48;2;0;0;0m▀[0m[38;2;0;0;0m▀   
         [38;2;0;0;0m▀ [38;2;0;0;0m▀[38;2;239;251;255m[48;2;0;0;0m▀[0m[38;2;0;0;16m▀              
[0m
