            [38;2;0;0;0m▄[38;2;0;0;0m▄  [38;2;0;0;0m▄[38;2;0;0;0m[48;2;197;99;8m▀[0m[38;2;0;0;0m▄[38;2;0;0;0m▄
    [38;2;0;0;0m▄  [38;2;0;0;0m▄[38;2;0;0;0m▄[38;2;0;0;0m▄[38;2;0;0;0m[48;2;255;255;255m▀[0m[38;2;0;0;0m[48;2;65;65;65m▀[0m[38;2;123;99;99m[48;2;255;255;255m▀[0m[38;2;123;99;99m[48;2;90;66;74m▀[0m[38;2;0;0;0m[48;2;123;99;99m▀[0m[38;2;0;0;0m[48;2;123;99;99m▀[0m[38;2;90;66;74m[48;2;90;66;74m▀[0m[38;2;197;99;8m[48;2;90;66;74m▀[0m[38;2;90;66;74m[48;2;0;0;0m▀[0m[38;2;0;0;0m▀
   [38;2;0;0;0m[48;2;0;0;0m▀[0m[38;2;197;99;8m[48;2;197;99;8m▀[0m[38;2;0;0;0m[48;2;123;99;99m▀[0m[38;2;0;0;0m[48;2;90;66;74m▀[0m[38;2;90;66;74m[48;2;255;148;41m▀[0m[38;2;123;99;99m[48;2;90;66;74m▀[0m[38;2;123;99;99m[48;2;123;99;99m▀[0m[38;2;90;66;74m[48;2;123;99;99m▀[0m[38;2;165;165;165m[48;2;90;66;74m▀[0m[38;2;255;255;255m[48;2;255;255;255m▀[0m[38;2;165;165;165m[48;2;165;165;165m▀[0m[38;2;90;66;74m[48;2;255;255;255m▀[0m[38;2;123;99;99m[48;2;90;66;74m▀[0m[38;2;123;99;99m[48;2;123;99;99m▀[0m[38;2;90;66;74m[48;2;0;0;0m▀[0m[38;2;0;0;0m▀ 
  [38;2;0;0;0m[48;2;0;0;0m▀[0m[38;2;197;99;8m[48;2;90;66;74m▀[0m[38;2;90;66;74m[48;2;123;99;99m▀[0m[38;2;123;99;99m[48;2;90;66;74m▀[0m[38;2;90;66;74m[48;2;255;148;41m▀[0m[38;2;255;148;41m[48;2;90;66;74m▀[0m[38;2;90;66;74m[48;2;123;99;99m▀[0m[38;2;90;66;74m[48;2;90;66;74m▀[0m[38;2;123;99;99m[48;2;123;99;99m▀[0m[38;2;123;99;99m[48;2;123;99;99m▀[0m[38;2;90;66;74m[48;2;90;66;74m▀[0m[38;2;255;255;255m[48;2;255;255;255m▀[0m[38;2;255;255;255m[48;2;90;66;74m▀[0m[38;2;90;66;74m[48;2;123;99;99m▀[0m[38;2;123;99;99m[48;2;123;99;99m▀[0m[38;2;123;99;99m[48;2;123;99;99m▀[0m[38;2;0;0;0m[48;2;0;0;0m▀[0m 
[38;2;0;0;0m▄[38;2;0;0;0m[48;2;90;66;74m▀[0m[38;2;123;99;99m[48;2;123;99;99m▀[0m[38;2;123;99;99m[48;2;123;99;99m▀[0m[38;2;123;99;99m[48;2;90;66;74m▀[0m[38;2;90;66;74m[48;2;123;99;99m▀[0m[38;2;90;66;74m[48;2;123;99;99m▀[0m[38;2;123;99;99m[48;2;0;0;0m▀[0m[38;2;165;165;165m[48;2;255;255;255m▀[0m[38;2;65;65;65m[48;2;65;65;65m▀[0m[38;2;90;66;74m[48;2;165;165;165m▀[0m[38;2;123;99;99m[48;2;90;66;74m▀[0m[38;2;123;99;99m[48;2;123;99;99m▀[0m[38;2;90;66;74m[48;2;90;66;74m▀[0m[38;2;197;197;197m[48;2;90;66;74m▀[0m[38;2;90;66;74m[48;2;123;99;99m▀[0m[38;2;123;99;99m[48;2;123;99;99m▀[0m[38;2;123;99;99m[48;2;0;0;0m▀[0m[38;2;0;0;0m▀ 
[38;2;0;0;0m[48;2;0;0;0m▀[0m[38;2;123;99;99m[48;2;123;99;99m▀[0m[38;2;90;66;74m[48;2;123;99;99m▀[0m[38;2;90;66;74m[48;2;123;99;99m▀[0m[38;2;123;99;99m[48;2;123;99;99m▀[0m[38;2;123;99;99m[48;2;123;99;99m▀[0m[38;2;255;255;255m[48;2;65;65;65m▀[0m[38;2;0;0;0m[48;2;255;255;255m▀[0m[38;2;255;255;255m[48;2;165;165;165m▀[0m[38;2;65;65;65m[48;2;65;65;65m▀[0m[38;2;165;165;165m[48;2;165;165;165m▀[0m[38;2;65;65;65m[48;2;65;65;65m▀[0m[38;2;123;99;99m[48;2;0;0;0m▀[0m[38;2;0;0;0m[48;2;90;66;74m▀[0m[38;2;123;99;99m[48;2;0;0;0m▀[0m[38;2;123;99;99m[48;2;90;66;74m▀[0m[38;2;90;66;74m[48;2;90;66;74m▀[0m[38;2;90;66;74m[48;2;90;66;74m▀[0m[38;2;0;0;0m[48;2;0;0;0m▀[0m 
[38;2;0;0;0m▀[38;2;123;99;99m[48;2;0;0;0m▀[0m[38;2;123;99;99m[48;2;123;99;99m▀[0m[38;2;90;66;74m[48;2;123;99;99m▀[0m[38;2;123;99;99m[48;2;123;99;99m▀[0m[38;2;123;99;99m[48;2;90;66;74m▀[0m[38;2;123;99;99m[48;2;123;99;99m▀[0m[38;2;65;65;65m[48;2;65;65;65m▀[0m[38;2;65;65;65m[48;2;165;165;165m▀[0m[38;2;165;165;165m[48;2;165;165;165m▀[0m[38;2;165;165;165m[48;2;0;0;0m▀[0m[38;2;0;0;0m▀[38;2;165;165;165m[48;2;0;0;0m▀[0m[38;2;0;0;0m[48;2;255;255;255m▀[0m[38;2;0;0;0m[48;2;90;66;74m▀[0m[38;2;90;66;74m[48;2;123;99;99m▀[0m[38;2;90;66;74m[48;2;90;66;74m▀[0m[38;2;90;66;74m[48;2;90;66;74m▀[0m[38;2;0;0;0m[48;2;0;0;0m▀[0m 
  [38;2;0;0;0m▀[38;2;123;99;99m[48;2;0;0;0m▀[0m[38;2;65;65;65m[48;2;0;0;0m▀[0m[38;2;165;165;165m[48;2;165;165;165m▀[0m[38;2;65;65;65m[48;2;165;165;165m▀[0m[38;2;165;165;165m[48;2;165;165;165m▀[0m[38;2;165;165;165m[48;2;0;0;0m▀[0m[38;2;165;165;165m[48;2;0;0;0m▀[0m[38;2;0;0;0m▀ [38;2;0;0;0m▀[38;2;0;0;0m[48;2;0;0;0m▀[0m[38;2;255;255;255m[48;2;0;0;0m▀[0m[38;2;0;0;0m▀[38;2;255;255;255m[48;2;0;0;0m▀[0m[38;2;0;0;0m[48;2;0;0;0m▀[0m  
     [38;2;0;0;0m▀[38;2;0;0;0m▀[38;2;0;0;0m▀            
[0m
