     [38;2;0;0;0m▄[38;2;0;0;0m▄   [38;2;0;0;0m▄[38;2;0;0;0m[48;2;156;230;246m▀[0m[38;2;0;0;0m▄                         
     [38;2;0;0;0m[48;2;0;0;0m▀[0m[38;2;156;230;246m[48;2;156;230;246m▀[0m[38;2;0;0;0m[48;2;0;0;0m▀[0m  [38;2;0;0;0m[48;2;0;0;0m▀[0m[38;2;156;230;246m[48;2;159;230;246m▀[0m[38;2;0;0;0m[48;2;159;230;246m▀[0m[38;2;0;0;0m▄  [38;2;0;0;0m▄[38;2;0;0;0m[48;2;98;165;205m▀[0m[38;2;0;0;0m▄    [38;2;0;0;0m▄[38;2;0;0;0m[48;2;98;165;205m▀[0m[38;2;8;4;0m▄[38;2;8;4;0m▄[38;2;0;0;0m[48;2;98;165;205m▀[0m[38;2;0;0;0m[48;2;98;165;205m▀[0m[38;2;0;0;0m▄        
[38;2;0;0;0m▄[38;2;0;0;0m▄   [38;2;0;0;0m▀[38;2;156;230;246m[48;2;0;0;0m▀[0m[38;2;156;230;246m[48;2;156;230;246m▀[0m[38;2;0;0;0m[48;2;0;0;0m▀[0m [38;2;0;0;0m▀[38;2;159;230;246m[48;2;0;0;0m▀[0m[38;2;159;230;246m[48;2;156;230;246m▀[0m[38;2;0;0;0m[48;2;156;230;246m▀[0m[38;2;8;0;0m▄ [38;2;0;0;0m[48;2;0;0;0m▀[0m[38;2;98;165;205m[48;2;98;165;205m▀[0m[38;2;0;0;0m[48;2;0;0;0m▀[0m   [38;2;0;0;0m[48;2;0;0;0m▀[0m[38;2;98;165;205m[48;2;98;165;205m▀[0m[38;2;98;165;205m[48;2;65;64;65m▀[0m[38;2;41;59;68m[48;2;98;165;205m▀[0m[38;2;106;170;205m[48;2;98;165;205m▀[0m[38;2;98;165;205m[48;2;0;0;0m▀[0m[38;2;0;0;0m▀[38;2;0;0;0m▄[38;2;0;0;0m▄[38;2;0;0;0m[48;2;98;165;205m▀[0m[38;2;0;0;0m[48;2;98;165;205m▀[0m[38;2;0;0;0m▄    
[38;2;0;0;0m▀[38;2;156;230;246m[48;2;0;0;0m▀[0m[38;2;0;0;0m[48;2;156;230;246m▀[0m[38;2;0;0;0m▄  [38;2;0;0;0m▀[38;2;156;230;246m[48;2;0;0;0m▀[0m[38;2;156;230;246m[48;2;156;230;246m▀[0m[38;2;0;0;0m[48;2;0;0;0m▀[0m [38;2;0;0;0m▀[38;2;156;230;246m[48;2;0;0;0m▀[0m[38;2;156;230;246m[48;2;90;161;205m▀[0m[38;2;57;76;82m[48;2;49;52;74m▀[0m[38;2;0;0;0m[48;2;0;0;0m▀[0m[38;2;98;165;205m[48;2;98;157;197m▀[0m[38;2;98;165;205m[48;2;98;165;205m▀[0m[38;2;0;0;0m[48;2;0;0;0m▀[0m [38;2;0;0;0m▄[38;2;0;0;0m[48;2;98;165;205m▀[0m[38;2;98;165;205m[48;2;98;165;205m▀[0m[38;2;65;64;65m[48;2;65;64;65m▀[0m[38;2;98;165;205m[48;2;98;165;205m▀[0m[38;2;98;165;205m[48;2;0;0;0m▀[0m[38;2;0;0;0m▀[38;2;0;0;0m▄[38;2;0;0;0m[48;2;156;230;246m▀[0m[38;2;65;64;65m[48;2;156;230;246m▀[0m[38;2;65;64;65m[48;2;156;230;246m▀[0m[38;2;43;58;68m[48;2;0;0;0m▀[0m[38;2;16;4;0m▀     
 [38;2;0;0;0m▀[38;2;156;230;246m[48;2;0;0;0m▀[0m[38;2;156;230;246m[48;2;156;230;246m▀[0m[38;2;0;0;0m[48;2;156;230;246m▀[0m[38;2;0;0;0m[48;2;57;76;82m▀[0m[38;2;8;0;0m▄[38;2;0;0;0m[48;2;65;68;65m▀[0m[38;2;156;230;246m[48;2;156;230;246m▀[0m[38;2;156;230;246m[48;2;156;230;255m▀[0m[38;2;0;0;0m[48;2;0;0;16m▀[0m [38;2;0;0;0m[48;2;0;0;0m▀[0m[38;2;90;161;205m[48;2;41;70;127m▀[0m[38;2;63;89;117m[48;2;74;105;172m▀[0m[38;2;49;78;98m[48;2;65;64;65m▀[0m[38;2;49;78;98m[48;2;43;71;128m▀[0m[38;2;0;0;0m[48;2;0;0;0m▀[0m [38;2;0;0;0m▄[38;2;0;0;0m[48;2;49;70;115m▀[0m[38;2;98;165;205m[48;2;68;90;117m▀[0m[38;2;65;64;65m[48;2;57;56;74m▀[0m[38;2;98;165;205m[48;2;120;172;191m▀[0m[38;2;98;165;205m[48;2;65;64;65m▀[0m[38;2;69;78;74m[48;2;156;230;246m▀[0m[38;2;0;0;0m[48;2;156;230;246m▀[0m[38;2;156;230;246m[48;2;156;230;246m▀[0m[38;2;156;230;246m[48;2;0;0;0m▀[0m[38;2;0;0;0m▀[38;2;0;0;0m▀       
   [38;2;0;0;0m▀[38;2;156;230;246m[48;2;0;0;0m▀[0m[38;2;156;230;246m[48;2;78;113;131m▀[0m[38;2;156;230;246m[48;2;156;226;255m▀[0m[38;2;65;68;65m[48;2;68;103;175m▀[0m[38;2;65;68;65m[48;2;68;103;175m▀[0m[38;2;156;230;255m[48;2;54;55;60m▀[0m[38;2;52;76;95m[48;2;60;78;120m▀[0m[38;2;0;0;0m[48;2;65;101;172m▀[0m[38;2;65;64;65m[48;2;60;63;68m▀[0m[38;2;41;70;127m[48;2;98;165;205m▀[0m[38;2;74;105;172m[48;2;65;64;65m▀[0m[38;2;65;64;65m[48;2;90;153;205m▀[0m[38;2;43;71;128m[48;2;65;60;65m▀[0m[38;2;65;64;65m[48;2;74;105;172m▀[0m[38;2;0;0;0m[48;2;74;105;172m▀[0m[38;2;74;105;172m[48;2;65;64;65m▀[0m[38;2;74;105;172m[48;2;65;64;65m▀[0m[38;2;57;56;74m[48;2;65;64;65m▀[0m[38;2;90;157;205m[48;2;65;64;65m▀[0m[38;2;65;64;65m[48;2;156;230;255m▀[0m[38;2;148;226;255m[48;2;156;230;255m▀[0m[38;2;156;230;246m[48;2;41;51;82m▀[0m[38;2;74;80;74m[48;2;8;0;0m▀[0m[38;2;0;0;0m▀          
     [38;2;0;0;8m▀[38;2;0;0;8m▀[38;2;57;60;65m[48;2;0;0;0m▀[0m[38;2;63;82;120m[48;2;156;230;246m▀[0m[38;2;65;101;180m[48;2;90;161;205m▀[0m[38;2;54;55;60m[48;2;49;52;74m▀[0m[38;2;63;82;120m[48;2;112;171;194m▀[0m[38;2;60;63;68m[48;2;57;60;74m▀[0m[38;2;98;165;205m[48;2;117;171;186m▀[0m[38;2;65;64;65m[48;2;57;60;65m▀[0m[38;2;65;60;65m[48;2;98;165;201m▀[0m[38;2;82;122;159m[48;2;98;165;201m▀[0m[38;2;74;105;172m[48;2;98;165;201m▀[0m[38;2;98;165;201m[48;2;156;230;246m▀[0m[38;2;156;230;246m[48;2;156;230;246m▀[0m[38;2;156;230;246m[48;2;156;230;246m▀[0m[38;2;156;230;246m[48;2;79;109;169m▀[0m[38;2;156;230;246m[48;2;79;109;169m▀[0m[38;2;90;117;145m[48;2;65;64;65m▀[0m[38;2;57;60;90m[48;2;0;0;0m▀[0m[38;2;57;76;123m[48;2;0;0;0m▀[0m[38;2;8;0;0m▀           
     [38;2;0;0;0m▄[38;2;0;0;0m[48;2;41;70;127m▀[0m[38;2;0;0;0m▄[38;2;0;0;0m▀[38;2;63;89;117m[48;2;0;0;0m▀[0m[38;2;90;161;205m[48;2;98;140;164m▀[0m[38;2;112;171;194m[48;2;156;230;246m▀[0m[38;2;139;226;255m[48;2;156;230;246m▀[0m[38;2;148;226;246m[48;2;156;230;246m▀[0m[38;2;148;226;246m[48;2;156;230;246m▀[0m[38;2;156;230;246m[48;2;148;222;246m▀[0m[38;2;156;230;246m[48;2;112;169;208m▀[0m[38;2;156;230;246m[48;2;98;153;193m▀[0m[38;2;156;230;246m[48;2;41;72;131m▀[0m[38;2;57;76;82m[48;2;0;0;0m▀[0m[38;2;8;0;0m▀[38;2;43;56;84m[48;2;0;0;0m▀[0m[38;2;8;4;0m▀[38;2;0;0;0m▀              
     [38;2;0;0;0m▀[38;2;41;70;127m[48;2;0;0;0m▀[0m[38;2;41;70;127m[48;2;49;76;123m▀[0m[38;2;0;0;0m[48;2;49;76;123m▀[0m[38;2;49;70;82m[48;2;65;64;65m▀[0m[38;2;148;210;246m[48;2;156;230;246m▀[0m[38;2;156;230;246m[48;2;74;105;172m▀[0m[38;2;74;105;172m[48;2;74;105;172m▀[0m[38;2;74;105;172m[48;2;57;68;74m▀[0m[38;2;74;105;172m[48;2;57;68;74m▀[0m[38;2;76;117;169m[48;2;65;64;65m▀[0m[38;2;41;64;131m[48;2;156;230;246m▀[0m[38;2;156;234;255m[48;2;63;82;120m▀[0m[38;2;41;72;131m[48;2;68;103;175m▀[0m[38;2;49;48;49m[48;2;65;64;65m▀[0m[38;2;0;0;0m[48;2;74;105;172m▀[0m[38;2;74;105;172m[48;2;74;105;172m▀[0m[38;2;0;0;0m[48;2;0;0;0m▀[0m            [38;2;0;0;0m▄  
       [38;2;8;4;0m[48;2;0;0;16m▀[0m[38;2;35;52;82m[48;2;156;230;255m▀[0m[38;2;156;230;246m[48;2;156;230;246m▀[0m[38;2;156;230;246m[48;2;74;105;172m▀[0m[38;2;74;105;172m[48;2;49;60;65m▀[0m[38;2;0;0;0m[48;2;104;165;191m▀[0m[38;2;161;192;194m[48;2;57;149;189m▀[0m[38;2;213;255;255m[48;2;230;255;255m▀[0m[38;2;65;64;65m[48;2;156;230;246m▀[0m[38;2;156;230;246m[48;2;74;105;172m▀[0m[38;2;68;103;175m[48;2;68;103;178m▀[0m[38;2;57;60;65m[48;2;68;103;178m▀[0m[38;2;74;105;172m[48;2;74;105;180m▀[0m[38;2;74;105;172m[48;2;49;70;120m▀[0m[38;2;0;0;0m[48;2;0;0;0m▀[0m            [38;2;0;0;0m[48;2;0;0;0m▀[0m[38;2;98;103;102m[48;2;98;103;102m▀[0m[38;2;0;0;0m[48;2;0;0;0m▀[0m 
      [38;2;0;0;0m[48;2;0;0;0m▀[0m[38;2;156;230;255m[48;2;98;165;213m▀[0m[38;2;78;115;135m[48;2;65;110;145m▀[0m[38;2;74;105;172m[48;2;74;107;172m▀[0m[38;2;74;105;172m[48;2;74;107;172m▀[0m[38;2;104;165;191m[48;2;74;105;172m▀[0m[38;2;131;218;255m[48;2;74;105;172m▀[0m[38;2;172;219;233m[48;2;74;105;172m▀[0m[38;2;172;219;233m[48;2;74;105;172m▀[0m[38;2;74;105;172m[48;2;49;48;49m▀[0m[38;2;74;105;172m[48;2;49;48;49m▀[0m[38;2;54;74;117m[48;2;41;70;127m▀[0m[38;2;41;44;57m[48;2;0;0;0m▀[0m[38;2;0;0;0m▀[38;2;0;0;0m▀         [38;2;0;0;0m▄[38;2;0;0;0m▄[38;2;0;0;0m▄[38;2;0;0;0m[48;2;98;103;101m▀[0m[38;2;98;103;102m[48;2;98;103;101m▀[0m[38;2;98;103;102m[48;2;68;74;74m▀[0m[38;2;0;0;0m[48;2;0;0;0m▀[0m 
       [38;2;0;0;8m▀[38;2;98;165;213m[48;2;0;0;0m▀[0m[38;2;74;107;172m[48;2;0;0;0m▀[0m[38;2;74;107;172m[48;2;0;0;0m▀[0m[38;2;0;0;0m▀[38;2;0;0;0m▀[38;2;49;48;49m[48;2;0;0;0m▀[0m[38;2;49;48;49m[48;2;41;70;127m▀[0m[38;2;41;70;127m[48;2;43;71;128m▀[0m[38;2;41;70;127m[48;2;43;71;128m▀[0m[38;2;0;0;0m[48;2;0;0;0m▀[0m          [38;2;0;0;0m▄[38;2;0;0;0m[48;2;57;97;172m▀[0m[38;2;74;105;172m[48;2;57;82;126m▀[0m[38;2;74;105;180m[48;2;41;68;123m▀[0m[38;2;49;70;120m[48;2;98;101;90m▀[0m[38;2;98;103;101m[48;2;98;105;98m▀[0m[38;2;98;103;101m[48;2;65;64;65m▀[0m[38;2;68;74;74m[48;2;71;79;76m▀[0m[38;2;68;74;74m[48;2;71;79;76m▀[0m[38;2;0;0;0m[48;2;0;0;0m▀[0m
              [38;2;0;0;0m[48;2;0;0;0m▀[0m[38;2;43;71;128m[48;2;41;70;127m▀[0m[38;2;43;71;128m[48;2;41;70;127m▀[0m[38;2;0;0;0m[48;2;74;105;172m▀[0m[38;2;0;0;0m▄   [38;2;0;0;0m▄[38;2;0;0;0m[48;2;98;103;101m▀[0m[38;2;0;0;0m[48;2;98;103;101m▀[0m[38;2;0;0;0m[48;2;98;103;101m▀[0m[38;2;0;0;0m[48;2;98;103;101m▀[0m[38;2;8;4;8m▄[38;2;0;0;0m[48;2;38;37;38m▀[0m[38;2;57;82;126m[48;2;71;79;76m▀[0m[38;2;57;67;79m[48;2;71;79;76m▀[0m[38;2;98;101;90m[48;2;71;78;76m▀[0m[38;2;79;90;101m[48;2;71;78;76m▀[0m[38;2;76;78;76m[48;2;71;78;76m▀[0m[38;2;76;78;76m[48;2;65;64;65m▀[0m[38;2;71;79;76m[48;2;0;0;0m▀[0m[38;2;0;0;0m▀ 
         [38;2;0;0;0m▄    [38;2;0;0;0m[48;2;0;0;0m▀[0m[38;2;74;105;172m[48;2;74;107;172m▀[0m[38;2;74;105;172m[48;2;74;107;172m▀[0m[38;2;74;105;172m[48;2;74;105;172m▀[0m[38;2;74;105;172m[48;2;74;105;172m▀[0m[38;2;0;0;0m[48;2;41;64;106m▀[0m[38;2;0;0;0m[48;2;98;101;98m▀[0m[38;2;0;0;0m[48;2;68;70;74m▀[0m[38;2;98;103;102m[48;2;79;91;115m▀[0m[38;2;98;103;101m[48;2;98;103;101m▀[0m[38;2;98;103;101m[48;2;98;103;101m▀[0m[38;2;98;103;101m[48;2;98;103;101m▀[0m[38;2;98;103;101m[48;2;65;64;65m▀[0m[38;2;98;105;98m[48;2;98;103;102m▀[0m[38;2;68;71;68m[48;2;0;0;0m▀[0m[38;2;0;0;0m▀[38;2;0;0;0m▀[38;2;71;78;76m[48;2;0;0;0m▀[0m[38;2;65;64;65m[48;2;0;0;0m▀[0m[38;2;71;78;76m[48;2;0;0;0m▀[0m[38;2;71;78;76m[48;2;0;0;0m▀[0m[38;2;69;78;74m[48;2;0;0;0m▀[0m[38;2;0;0;0m▀ 
        [38;2;0;0;0m[48;2;0;0;0m▀[0m[38;2;74;105;172m[48;2;74;107;172m▀[0m[38;2;0;0;0m[48;2;74;107;172m▀[0m[38;2;8;4;0m▄[38;2;8;4;0m▄[38;2;0;0;0m[48;2;106;132;159m▀[0m[38;2;74;105;172m[48;2;156;226;246m▀[0m[38;2;74;107;172m[48;2;74;107;172m▀[0m[38;2;74;107;172m[48;2;74;107;172m▀[0m[38;2;74;105;172m[48;2;74;105;172m▀[0m[38;2;41;70;127m[48;2;65;64;65m▀[0m[38;2;98;101;98m[48;2;65;64;65m▀[0m[38;2;60;76;104m[48;2;74;105;172m▀[0m[38;2;90;113;156m[48;2;74;109;172m▀[0m[38;2;57;48;32m[48;2;49;52;49m▀[0m[38;2;98;103;101m[48;2;98;105;98m▀[0m[38;2;98;103;101m[48;2;98;105;98m▀[0m[38;2;65;64;65m[48;2;65;64;65m▀[0m[38;2;98;103;101m[48;2;98;103;101m▀[0m[38;2;98;103;102m[48;2;98;103;101m▀[0m[38;2;0;0;0m[48;2;98;103;101m▀[0m[38;2;0;0;0m▄        
        [38;2;0;0;0m[48;2;0;0;0m▀[0m[38;2;74;107;172m[48;2;49;70;120m▀[0m[38;2;74;107;172m[48;2;74;105;180m▀[0m[38;2;84;111;164m[48;2;43;71;128m▀[0m[38;2;46;58;82m[48;2;65;64;65m▀[0m[38;2;82;85;115m[48;2;98;165;197m▀[0m[38;2;156;226;246m[48;2;82;101;109m▀[0m[38;2;74;107;172m[48;2;156;230;246m▀[0m[38;2;74;107;172m[48;2;74;105;172m▀[0m[38;2;65;64;65m[48;2;74;107;172m▀[0m[38;2;74;105;172m[48;2;74;107;172m▀[0m[38;2;74;105;172m[48;2;68;103;178m▀[0m[38;2;74;105;172m[48;2;68;103;178m▀[0m[38;2;49;52;49m[48;2;49;48;49m▀[0m[38;2;57;71;90m[48;2;74;76;76m▀[0m[38;2;76;78;76m[48;2;49;48;49m▀[0m[38;2;65;64;65m[48;2;49;48;49m▀[0m[38;2;98;103;101m[48;2;65;67;65m▀[0m[38;2;98;103;101m[48;2;98;105;98m▀[0m[38;2;98;103;101m[48;2;98;103;101m▀[0m[38;2;98;103;101m[48;2;98;103;101m▀[0m[38;2;0;0;0m[48;2;0;0;0m▀[0m        
         [38;2;0;0;0m▀[38;2;49;70;120m[48;2;0;0;0m▀[0m[38;2;43;71;128m[48;2;0;0;0m▀[0m[38;2;65;64;65m[48;2;41;70;127m▀[0m[38;2;98;165;197m[48;2;65;64;65m▀[0m[38;2;74;68;65m[48;2;65;64;65m▀[0m[38;2;156;230;246m[48;2;90;153;213m▀[0m[38;2;74;105;172m[48;2;76;120;167m▀[0m[38;2;74;107;172m[48;2;41;70;127m▀[0m[38;2;74;107;172m[48;2;41;70;127m▀[0m[38;2;54;74;117m[48;2;49;48;49m▀[0m[38;2;41;44;57m[48;2;98;103;101m▀[0m[38;2;98;105;104m[48;2;98;103;102m▀[0m[38;2;49;48;49m[48;2;0;0;0m▀[0m[38;2;65;64;65m[48;2;65;64;65m▀[0m[38;2;65;64;65m[48;2;65;64;65m▀[0m[38;2;49;48;49m[48;2;65;64;65m▀[0m[38;2;98;105;98m[48;2;49;48;49m▀[0m[38;2;98;103;101m[48;2;98;105;104m▀[0m[38;2;98;103;101m[48;2;98;105;104m▀[0m[38;2;98;103;102m[48;2;71;79;79m▀[0m[38;2;0;0;0m[48;2;71;79;79m▀[0m[38;2;0;0;0m▄      
            [38;2;0;0;0m▀[38;2;65;64;65m[48;2;0;0;0m▀[0m[38;2;71;78;76m[48;2;98;165;205m▀[0m[38;2;49;52;74m[48;2;46;59;65m▀[0m[38;2;63;86;120m[48;2;46;59;65m▀[0m[38;2;49;48;49m[48;2;0;0;0m▀[0m[38;2;49;48;49m[48;2;98;103;102m▀[0m[38;2;98;103;101m[48;2;156;230;246m▀[0m[38;2;98;103;101m[48;2;95;103;104m▀[0m[38;2;0;0;0m[48;2;0;0;0m▀[0m [38;2;0;0;0m▀[38;2;65;64;65m[48;2;0;0;0m▀[0m[38;2;65;64;65m[48;2;65;64;65m▀[0m[38;2;65;64;65m[48;2;65;64;65m▀[0m[38;2;49;48;49m[48;2;49;48;49m▀[0m[38;2;74;76;76m[48;2;49;48;49m▀[0m[38;2;71;79;79m[48;2;57;82;94m▀[0m[38;2;98;165;205m[48;2;106;165;189m▀[0m[38;2;0;0;0m[48;2;0;0;0m▀[0m      
             [38;2;0;0;0m▀[38;2;98;165;205m[48;2;0;0;0m▀[0m[38;2;106;170;197m[48;2;65;72;74m▀[0m[38;2;16;4;0m[48;2;98;165;205m▀[0m[38;2;8;4;0m▄[38;2;0;0;0m[48;2;41;59;68m▀[0m[38;2;156;230;246m[48;2;156;230;255m▀[0m[38;2;95;103;104m[48;2;123;167;183m▀[0m[38;2;0;0;0m[48;2;0;0;0m▀[0m  [38;2;0;0;0m[48;2;0;0;0m▀[0m[38;2;65;64;65m[48;2;41;59;68m▀[0m[38;2;65;64;65m[48;2;8;4;0m▀[0m[38;2;0;0;0m▀[38;2;49;48;49m[48;2;0;0;0m▀[0m[38;2;57;82;94m[48;2;71;79;76m▀[0m[38;2;8;0;0m[48;2;0;0;0m▀[0m       
              [38;2;0;0;0m▀[38;2;65;72;74m[48;2;0;0;0m▀[0m[38;2;98;165;205m[48;2;68;71;71m▀[0m[38;2;8;4;0m[48;2;98;165;205m▀[0m[38;2;106;170;205m[48;2;49;48;49m▀[0m[38;2;90;103;112m[48;2;95;103;104m▀[0m[38;2;156;230;255m[48;2;156;230;246m▀[0m[38;2;156;230;246m[48;2;98;165;205m▀[0m[38;2;0;0;0m[48;2;0;0;0m▀[0m[38;2;8;4;0m▄[38;2;0;0;0m[48;2;41;59;68m▀[0m[38;2;106;170;205m[48;2;98;165;205m▀[0m[38;2;8;4;0m[48;2;0;0;0m▀[0m [38;2;0;0;0m[48;2;0;0;0m▀[0m[38;2;71;79;76m[48;2;74;80;74m▀[0m[38;2;0;0;0m[48;2;156;230;246m▀[0m[38;2;0;0;0m▄      
               [38;2;0;0;0m[48;2;0;0;0m▀[0m[38;2;68;71;71m[48;2;53;82;94m▀[0m[38;2;98;165;205m[48;2;106;165;197m▀[0m[38;2;49;48;49m[48;2;49;48;41m▀[0m[38;2;95;103;104m[48;2;93;103;106m▀[0m[38;2;156;230;246m[48;2;148;230;255m▀[0m[38;2;0;0;0m[48;2;0;0;0m▀[0m [38;2;8;4;0m▀[38;2;106;170;205m[48;2;0;0;0m▀[0m[38;2;0;0;0m▀ [38;2;0;0;0m[48;2;0;0;0m▀[0m[38;2;69;78;74m[48;2;98;165;205m▀[0m[38;2;74;80;74m[48;2;57;76;82m▀[0m[38;2;156;230;246m[48;2;156;230;246m▀[0m[38;2;0;0;0m[48;2;0;0;0m▀[0m      
               [38;2;0;0;0m▀[38;2;106;165;189m[48;2;0;0;0m▀[0m[38;2;49;48;41m[48;2;0;0;0m▀[0m[38;2;78;107;119m[48;2;98;103;102m▀[0m[38;2;93;103;106m[48;2;156;234;255m▀[0m[38;2;120;167;180m[48;2;0;0;8m▀[0m[38;2;0;0;0m▀      [38;2;0;0;0m▀[38;2;156;230;246m[48;2;0;0;0m▀[0m[38;2;8;0;0m▀       
                  [38;2;0;0;0m▀[38;2;104;156;172m[48;2;0;0;0m▀[0m[38;2;0;0;8m▀                 
[0m
