     [38;2;0;0;0m▄[38;2;0;0;0m[48;2;197;197;197m▀[0m[38;2;0;0;0m▄           
     [38;2;0;0;0m[48;2;0;0;0m▀[0m[38;2;197;197;197m[48;2;131;106;65m▀[0m[38;2;197;197;197m[48;2;197;197;197m▀[0m[38;2;0;0;0m[48;2;0;0;0m▀[0m   [38;2;0;0;0m▄[38;2;0;0;0m▄[38;2;0;0;0m[48;2;255;255;255m▀[0m[38;2;0;0;0m[48;2;255;255;255m▀[0m[38;2;0;0;0m[48;2;255;255;255m▀[0m[38;2;0;0;0m▄ 
     [38;2;0;0;0m▀[38;2;197;197;197m[48;2;0;0;0m▀[0m[38;2;131;106;65m[48;2;131;106;65m▀[0m[38;2;197;197;197m[48;2;65;65;65m▀[0m[38;2;0;0;0m[48;2;0;0;0m▀[0m[38;2;0;0;0m▄[38;2;0;0;0m[48;2;255;255;255m▀[0m[38;2;255;255;255m[48;2;197;172;131m▀[0m[38;2;255;255;255m[48;2;197;172;131m▀[0m[38;2;255;255;255m[48;2;197;172;131m▀[0m[38;2;255;255;255m[48;2;255;255;255m▀[0m[38;2;255;255;255m[48;2;255;255;255m▀[0m[38;2;255;255;255m[48;2;255;255;255m▀[0m[38;2;0;0;0m[48;2;0;0;0m▀[0m
   [38;2;0;0;0m▄[38;2;0;0;0m[48;2;255;255;255m▀[0m[38;2;0;0;0m[48;2;255;255;255m▀[0m[38;2;0;0;0m[48;2;246;222;90m▀[0m[38;2;65;65;65m[48;2;246;222;90m▀[0m[38;2;255;255;255m[48;2;246;222;90m▀[0m[38;2;65;65;65m[48;2;197;172;131m▀[0m[38;2;255;255;255m[48;2;255;255;255m▀[0m[38;2;197;172;131m[48;2;197;172;131m▀[0m[38;2;197;172;131m[48;2;255;255;255m▀[0m[38;2;255;255;255m[48;2;255;255;255m▀[0m[38;2;255;255;255m[48;2;197;172;131m▀[0m[38;2;197;172;131m[48;2;0;0;0m▀[0m[38;2;255;255;255m[48;2;0;0;0m▀[0m[38;2;0;0;0m▀ 
[38;2;0;0;0m▄[38;2;0;0;0m[48;2;131;106;65m▀[0m[38;2;0;0;0m[48;2;131;106;65m▀[0m[38;2;255;255;255m[48;2;131;106;65m▀[0m[38;2;255;255;255m[48;2;255;255;255m▀[0m[38;2;255;255;255m[48;2;255;255;255m▀[0m[38;2;255;255;255m[48;2;0;0;0m▀[0m[38;2;131;106;65m[48;2;0;0;0m▀[0m[38;2;246;222;90m[48;2;246;222;90m▀[0m[38;2;246;222;90m[48;2;246;222;90m▀[0m[38;2;197;172;131m[48;2;246;222;90m▀[0m[38;2;65;65;65m[48;2;255;255;255m▀[0m[38;2;65;65;65m[48;2;0;0;0m▀[0m[38;2;0;0;0m▀[38;2;0;0;0m▀    
 [38;2;0;0;0m▀[38;2;0;0;0m[48;2;0;0;0m▀[0m[38;2;65;65;65m[48;2;246;222;90m▀[0m[38;2;255;255;255m[48;2;255;255;255m▀[0m[38;2;255;255;255m[48;2;255;255;255m▀[0m[38;2;65;65;65m[48;2;255;255;255m▀[0m[38;2;131;106;65m[48;2;246;222;90m▀[0m[38;2;246;222;90m[48;2;246;222;90m▀[0m[38;2;246;222;90m[48;2;246;222;90m▀[0m[38;2;246;222;90m[48;2;246;222;90m▀[0m[38;2;255;255;255m[48;2;255;255;255m▀[0m[38;2;0;0;0m[48;2;255;255;255m▀[0m[38;2;0;0;0m▄     
  [38;2;0;0;0m▀[38;2;65;65;65m[48;2;0;0;0m▀[0m[38;2;246;222;90m[48;2;0;0;0m▀[0m[38;2;246;222;90m[48;2;246;222;90m▀[0m[38;2;246;222;90m[48;2;246;222;90m▀[0m[38;2;246;222;90m[48;2;246;222;90m▀[0m[38;2;246;222;90m[48;2;246;222;90m▀[0m[38;2;246;222;90m[48;2;255;255;255m▀[0m[38;2;255;255;255m[48;2;255;255;255m▀[0m[38;2;65;65;65m[48;2;255;255;255m▀[0m[38;2;0;0;0m[48;2;0;0;0m▀[0m      
    [38;2;0;0;0m[48;2;0;0;0m▀[0m[38;2;0;0;0m▀[38;2;0;0;0m▀[38;2;255;255;255m[48;2;0;0;0m▀[0m[38;2;0;0;0m[48;2;0;0;0m▀[0m[38;2;255;255;255m[48;2;0;0;0m▀[0m[38;2;0;0;0m▀[38;2;0;0;0m[48;2;0;0;0m▀[0m       
    [38;2;0;0;0m[48;2;0;0;0m▀[0m[38;2;0;0;0m[48;2;0;0;0m▀[0m  [38;2;0;0;0m[48;2;0;0;0m▀[0m  [38;2;0;0;0m[48;2;0;0;0m▀[0m[38;2;0;0;0m[48;2;0;0;0m▀[0m      
        [38;2;0;0;0m[48;2;0;0;0m▀[0m[38;2;0;0;0m[48;2;0;0;0m▀[0m         
[0m
