         [38;2;0;4;0m▄[38;2;0;4;0m[48;2;239;174;107m▀[0m[38;2;0;4;0m▄         [38;2;0;4;0m▄[38;2;0;4;0m▄               
     [38;2;0;4;0m▄  [38;2;0;4;0m[48;2;0;4;0m▀[0m[38;2;203;136;104m[48;2;148;231;247m▀[0m[38;2;203;136;104m[48;2;175;183;175m▀[0m[38;2;0;4;0m[48;2;0;4;0m▀[0m      [38;2;0;4;0m▄[38;2;16;8;0m[48;2;239;247;231m▀[0m[38;2;16;8;0m[48;2;164;167;154m▀[0m[38;2;239;174;107m[48;2;239;174;107m▀[0m[38;2;239;174;107m[48;2;0;4;0m▀[0m[38;2;0;4;0m▀              
    [38;2;0;4;0m[48;2;0;4;0m▀[0m[38;2;164;125;126m[48;2;164;125;126m▀[0m[38;2;0;4;0m[48;2;164;125;126m▀[0m[38;2;0;0;8m[48;2;126;143;172m▀[0m[38;2;189;215;255m[48;2;126;143;172m▀[0m[38;2;181;243;255m[48;2;109;145;173m▀[0m[38;2;109;145;173m[48;2;109;145;173m▀[0m[38;2;0;4;0m[48;2;0;4;0m▀[0m    [38;2;0;4;0m▄[38;2;0;0;8m[48;2;126;143;172m▀[0m[38;2;189;215;255m[48;2;126;143;172m▀[0m[38;2;181;243;255m[48;2;135;121;189m▀[0m[38;2;181;243;255m[48;2;135;121;189m▀[0m[38;2;0;4;0m[48;2;99;158;165m▀[0m[38;2;0;4;0m▄  [38;2;0;4;0m▄[38;2;0;4;0m▄[38;2;0;4;0m▄[38;2;0;4;0m▄         
    [38;2;0;4;0m▀[38;2;123;134;181m[48;2;0;4;0m▀[0m[38;2;123;134;181m[48;2;123;134;181m▀[0m[38;2;137;121;186m[48;2;66;65;66m▀[0m[38;2;137;121;186m[48;2;137;121;186m▀[0m[38;2;135;121;189m[48;2;135;121;189m▀[0m[38;2;181;243;255m[48;2;181;243;255m▀[0m[38;2;93;158;164m[48;2;93;158;164m▀[0m[38;2;0;4;0m[48;2;0;4;0m▀[0m  [38;2;0;4;0m[48;2;0;4;0m▀[0m[38;2;140;121;189m[48;2;140;121;189m▀[0m[38;2;137;121;186m[48;2;137;121;186m▀[0m[38;2;137;121;186m[48;2;66;65;66m▀[0m[38;2;137;121;189m[48;2;137;121;189m▀[0m[38;2;137;121;189m[48;2;137;121;189m▀[0m[38;2;137;121;189m[48;2;137;121;189m▀[0m[38;2;137;121;189m[48;2;137;121;189m▀[0m[38;2;0;4;0m[48;2;181;243;255m▀[0m[38;2;0;4;0m[48;2;181;243;255m▀[0m[38;2;173;239;255m[48;2;173;239;255m▀[0m[38;2;181;158;115m[48;2;178;185;161m▀[0m[38;2;247;174;115m[48;2;167;117;79m▀[0m[38;2;247;174;115m[48;2;8;4;8m▀[0m[38;2;0;4;0m▀        
     [38;2;0;4;0m[48;2;0;4;0m▀[0m[38;2;66;62;90m[48;2;132;121;181m▀[0m[38;2;247;109;173m[48;2;49;81;90m▀[0m[38;2;115;90;117m[48;2;115;90;117m▀[0m[38;2;135;121;189m[48;2;135;121;189m▀[0m[38;2;181;243;255m[48;2;135;121;189m▀[0m[38;2;93;158;164m[48;2;93;158;164m▀[0m[38;2;0;4;0m[48;2;0;4;0m▀[0m [38;2;0;4;0m[48;2;0;4;0m▀[0m[38;2;137;121;189m[48;2;137;121;189m▀[0m[38;2;137;121;189m[48;2;137;121;189m▀[0m[38;2;49;81;90m[48;2;109;93;123m▀[0m[38;2;231;117;189m[48;2;170;105;156m▀[0m[38;2;66;65;66m[48;2;110;102;148m▀[0m[38;2;132;121;189m[48;2;132;121;189m▀[0m[38;2;137;120;187m[48;2;137;120;187m▀[0m[38;2;137;120;187m[48;2;99;158;165m▀[0m[38;2;181;243;255m[48;2;93;156;167m▀[0m[38;2;93;156;167m[48;2;93;156;167m▀[0m[38;2;99;158;165m[48;2;0;4;0m▀[0m[38;2;0;4;0m▀[38;2;0;4;0m▀          
      [38;2;0;4;0m[48;2;0;4;0m▀[0m[38;2;137;121;189m[48;2;137;121;189m▀[0m[38;2;137;121;189m[48;2;137;121;189m▀[0m[38;2;137;121;189m[48;2;137;121;189m▀[0m[38;2;137;121;189m[48;2;137;121;189m▀[0m[38;2;96;156;167m[48;2;140;121;189m▀[0m[38;2;96;156;167m[48;2;96;156;167m▀[0m[38;2;0;4;0m[48;2;0;4;0m▀[0m[38;2;140;121;189m[48;2;140;121;189m▀[0m[38;2;137;121;189m[48;2;137;121;189m▀[0m[38;2;137;121;189m[48;2;137;121;189m▀[0m[38;2;136;121;189m[48;2;136;121;189m▀[0m[38;2;107;105;140m[48;2;136;121;189m▀[0m[38;2;137;120;187m[48;2;137;120;187m▀[0m[38;2;137;120;187m[48;2;99;158;165m▀[0m[38;2;93;157;164m[48;2;93;157;164m▀[0m[38;2;93;157;164m[48;2;66;65;66m▀[0m[38;2;66;65;66m[48;2;66;65;66m▀[0m[38;2;0;4;0m▀   [38;2;66;65;66m▄[38;2;66;65;66m▄        
       [38;2;0;4;0m[48;2;0;4;0m▀[0m[38;2;140;121;189m[48;2;140;121;189m▀[0m[38;2;137;121;186m[48;2;66;65;66m▀[0m[38;2;137;121;186m[48;2;137;121;186m▀[0m[38;2;137;120;187m[48;2;137;120;187m▀[0m[38;2;99;158;165m[48;2;137;120;187m▀[0m[38;2;66;65;66m[48;2;66;65;66m▀[0m[38;2;137;121;186m[48;2;137;121;186m▀[0m[38;2;136;121;189m[48;2;136;121;189m▀[0m[38;2;136;121;189m[48;2;107;105;140m▀[0m[38;2;137;121;189m[48;2;137;121;189m▀[0m[38;2;137;121;189m[48;2;137;121;189m▀[0m[38;2;110;145;176m[48;2;110;145;176m▀[0m[38;2;110;145;176m[48;2;66;65;66m▀[0m[38;2;66;65;66m[48;2;186;73;137m▀[0m[38;2;186;73;137m[48;2;186;73;137m▀[0m[38;2;186;73;137m[48;2;186;73;137m▀[0m[38;2;66;65;66m[48;2;186;73;137m▀[0m[38;2;111;83;57m▄[38;2;0;0;0m[48;2;222;166;115m▀[0m[38;2;0;16;16m[48;2;68;48;46m▀[0m[38;2;206;113;107m[48;2;206;113;107m▀[0m[38;2;0;4;0m[48;2;0;4;0m▀[0m        
     [38;2;0;4;0m▄[38;2;0;4;0m▄ [38;2;0;4;0m[48;2;0;4;0m▀[0m[38;2;247;109;173m[48;2;49;81;90m▀[0m[38;2;115;90;117m[48;2;115;90;117m▀[0m[38;2;134;121;189m[48;2;104;105;139m▀[0m[38;2;134;121;189m[48;2;104;105;139m▀[0m[38;2;66;65;66m[48;2;66;65;66m▀[0m[38;2;104;105;142m[48;2;104;105;142m▀[0m[38;2;57;73;74m[48;2;120;83;107m▀[0m[38;2;247;105;173m[48;2;57;73;74m▀[0m[38;2;66;60;66m[48;2;98;112;142m▀[0m[38;2;115;138;181m[48;2;115;138;181m▀[0m[38;2;93;157;164m[48;2;66;65;66m▀[0m[38;2;66;65;66m[48;2;93;157;164m▀[0m[38;2;181;116;112m[48;2;66;56;74m▀[0m[38;2;66;56;74m[48;2;239;146;132m▀[0m[38;2;66;65;66m[48;2;66;65;66m▀[0m[38;2;255;101;165m[48;2;255;101;165m▀[0m[38;2;90;60;57m[48;2;206;239;247m▀[0m[38;2;128;119;120m[48;2;90;60;57m▀[0m[38;2;53;77;82m[48;2;99;154;165m▀[0m[38;2;8;0;0m[48;2;99;154;165m▀[0m[38;2;0;4;0m▄[38;2;0;4;0m▄[38;2;0;4;0m▄      
     [38;2;0;4;0m▀[38;2;99;158;165m[48;2;0;4;0m▀[0m[38;2;0;4;0m[48;2;181;243;255m▀[0m[38;2;181;243;255m[48;2;181;243;255m▀[0m[38;2;173;243;255m[48;2;111;154;160m▀[0m[38;2;49;65;66m[48;2;111;154;160m▀[0m[38;2;104;105;142m[48;2;66;65;66m▀[0m[38;2;104;105;142m[48;2;66;65;66m▀[0m[38;2;104;105;142m[48;2;104;105;142m▀[0m[38;2;66;65;66m[48;2;104;105;142m▀[0m[38;2;104;105;142m[48;2;66;65;66m▀[0m[38;2;104;105;142m[48;2;104;105;142m▀[0m[38;2;104;105;139m[48;2;104;105;139m▀[0m[38;2;93;158;164m[48;2;104;105;139m▀[0m[38;2;66;65;66m[48;2;66;65;66m▀[0m[38;2;93;157;164m[48;2;93;157;164m▀[0m[38;2;136;143;152m[48;2;198;231;247m▀[0m[38;2;136;143;152m[48;2;74;56;57m▀[0m[38;2;66;65;66m[48;2;181;243;255m▀[0m[38;2;181;243;255m[48;2;181;243;255m▀[0m[38;2;186;243;255m[48;2;186;243;255m▀[0m[38;2;186;243;255m[48;2;186;243;255m▀[0m[38;2;115;154;160m[48;2;57;65;66m▀[0m[38;2;57;65;66m[48;2;173;243;255m▀[0m[38;2;66;65;66m[48;2;66;65;66m▀[0m[38;2;93;157;164m[48;2;93;157;164m▀[0m[38;2;99;158;165m[48;2;0;4;0m▀[0m[38;2;0;4;0m▀     
     [38;2;0;4;0m[48;2;0;4;0m▀[0m[38;2;181;243;255m[48;2;181;243;255m▀[0m[38;2;181;243;255m[48;2;93;156;167m▀[0m[38;2;93;156;167m[48;2;93;156;167m▀[0m[38;2;107;146;173m[48;2;66;60;66m▀[0m[38;2;66;60;66m[48;2;93;117;137m▀[0m[38;2;104;105;142m[48;2;66;65;66m▀[0m[38;2;66;65;66m[48;2;104;105;142m▀[0m[38;2;66;65;66m[48;2;66;65;66m▀[0m[38;2;66;65;66m[48;2;255;207;66m▀[0m[38;2;186;73;137m[48;2;66;65;66m▀[0m[38;2;66;65;66m[48;2;186;73;137m▀[0m[38;2;66;65;66m[48;2;66;65;66m▀[0m[38;2;66;65;66m[48;2;93;157;164m▀[0m[38;2;82;69;49m[48;2;181;190;148m▀[0m[38;2;231;251;198m[48;2;82;69;49m▀[0m[38;2;186;243;255m[48;2;186;243;255m▀[0m[38;2;186;243;255m[48;2;186;243;255m▀[0m[38;2;181;243;255m[48;2;66;65;66m▀[0m[38;2;66;65;66m[48;2;181;243;255m▀[0m[38;2;66;65;66m[48;2;66;65;66m▀[0m[38;2;181;243;255m[48;2;181;243;255m▀[0m[38;2;181;243;255m[48;2;93;156;167m▀[0m[38;2;93;156;167m[48;2;181;243;255m▀[0m[38;2;57;65;66m[48;2;173;243;255m▀[0m[38;2;115;154;160m[48;2;57;65;66m▀[0m[38;2;93;158;164m[48;2;93;158;164m▀[0m[38;2;0;4;0m[48;2;93;158;164m▀[0m[38;2;0;4;0m▄    
  [38;2;0;4;0m▄[38;2;0;4;0m▄[38;2;0;4;0m[48;2;66;64;66m▀[0m[38;2;181;243;255m[48;2;181;243;255m▀[0m[38;2;181;243;255m[48;2;93;156;167m▀[0m[38;2;93;157;164m[48;2;93;157;164m▀[0m[38;2;93;157;164m[48;2;66;65;66m▀[0m[38;2;66;65;66m[48;2;104;105;142m▀[0m[38;2;104;105;142m[48;2;104;105;142m▀[0m[38;2;66;65;66m[48;2;66;65;66m▀[0m[38;2;104;105;142m[48;2;104;105;142m▀[0m[38;2;57;65;82m[48;2;120;111;82m▀[0m[38;2;247;203;82m[48;2;57;65;82m▀[0m[38;2;156;101;148m[48;2;255;207;66m▀[0m[38;2;156;101;148m[48;2;156;101;148m▀[0m[38;2;107;134;165m[48;2;156;150;132m▀[0m[38;2;107;134;165m[48;2;255;182;66m▀[0m[38;2;255;182;90m[48;2;164;117;86m▀[0m[38;2;74;52;82m[48;2;74;52;82m▀[0m[38;2;186;243;255m[48;2;186;243;255m▀[0m[38;2;186;243;255m[48;2;186;243;255m▀[0m[38;2;111;154;160m[48;2;173;243;255m▀[0m[38;2;111;154;160m[48;2;49;65;66m▀[0m[38;2;57;65;66m[48;2;119;154;160m▀[0m[38;2;181;243;255m[48;2;181;243;255m▀[0m[38;2;66;65;66m[48;2;181;243;255m▀[0m[38;2;181;243;255m[48;2;66;65;66m▀[0m[38;2;186;243;255m[48;2;186;243;255m▀[0m[38;2;186;243;255m[48;2;186;243;255m▀[0m[38;2;66;65;66m[48;2;66;65;66m▀[0m[38;2;93;157;164m[48;2;93;157;164m▀[0m[38;2;0;4;0m[48;2;99;158;165m▀[0m[38;2;0;4;0m▄[38;2;0;4;0m▄  
 [38;2;0;4;0m▀[38;2;99;158;165m[48;2;0;4;0m▀[0m[38;2;120;160;170m[48;2;0;4;0m▀[0m[38;2;181;239;255m[48;2;181;239;255m▀[0m[38;2;181;243;255m[48;2;181;243;255m▀[0m[38;2;93;156;167m[48;2;93;156;167m▀[0m[38;2;107;146;173m[48;2;66;60;66m▀[0m[38;2;66;60;66m[48;2;93;117;137m▀[0m[38;2;104;105;142m[48;2;104;105;142m▀[0m[38;2;66;65;66m[48;2;66;65;66m▀[0m[38;2;104;105;140m[48;2;104;105;140m▀[0m[38;2;104;105;140m[48;2;104;105;140m▀[0m[38;2;66;65;66m[48;2;66;65;66m▀[0m[38;2;104;105;142m[48;2;66;65;66m▀[0m[38;2;66;65;66m[48;2;186;73;137m▀[0m[38;2;186;73;137m[48;2;186;73;137m▀[0m[38;2;186;73;137m[48;2;186;73;137m▀[0m[38;2;66;65;66m[48;2;186;73;137m▀[0m[38;2;66;65;66m[48;2;186;73;137m▀[0m[38;2;66;65;66m[48;2;66;65;66m▀[0m[38;2;186;243;255m[48;2;186;243;255m▀[0m[38;2;186;243;255m[48;2;186;243;255m▀[0m[38;2;186;243;255m[48;2;186;243;255m▀[0m[38;2;186;243;255m[48;2;186;243;255m▀[0m[38;2;186;243;255m[48;2;186;243;255m▀[0m[38;2;186;243;255m[48;2;186;243;255m▀[0m[38;2;181;243;255m[48;2;181;243;255m▀[0m[38;2;66;65;66m[48;2;181;243;255m▀[0m[38;2;181;243;255m[48;2;66;65;66m▀[0m[38;2;181;243;255m[48;2;181;243;255m▀[0m[38;2;111;154;160m[48;2;111;154;160m▀[0m[38;2;49;65;66m[48;2;173;243;255m▀[0m[38;2;57;75;78m[48;2;57;75;78m▀[0m[38;2;107;150;156m[48;2;8;0;0m▀[0m[38;2;0;4;0m▀  
 [38;2;0;4;0m▄[38;2;0;4;0m▄[38;2;0;4;0m[48;2;181;243;255m▀[0m[38;2;181;243;255m[48;2;181;243;255m▀[0m[38;2;95;157;167m[48;2;95;157;167m▀[0m[38;2;95;157;167m[48;2;95;157;167m▀[0m[38;2;66;65;66m[48;2;66;65;66m▀[0m[38;2;104;105;142m[48;2;104;105;142m▀[0m[38;2;104;105;142m[48;2;104;105;142m▀[0m[38;2;66;65;66m[48;2;66;65;66m▀[0m[38;2;104;104;142m[48;2;0;4;0m▀[0m[38;2;104;104;142m[48;2;0;4;0m▀[0m[38;2;90;44;66m[48;2;0;8;0m▀[0m[38;2;181;81;132m[48;2;0;8;0m▀[0m[38;2;82;44;60m[48;2;0;16;8m▀[0m[38;2;247;101;165m[48;2;247;101;165m▀[0m[38;2;255;101;165m[48;2;0;4;0m▀[0m[38;2;0;4;0m▀[38;2;189;73;140m[48;2;0;4;0m▀[0m[38;2;189;73;140m[48;2;189;73;140m▀[0m[38;2;66;65;66m[48;2;66;65;66m▀[0m[38;2;181;243;255m[48;2;181;243;255m▀[0m[38;2;186;243;255m[48;2;186;243;255m▀[0m[38;2;186;243;255m[48;2;186;243;255m▀[0m[38;2;181;243;255m[48;2;93;156;167m▀[0m[38;2;93;156;167m[48;2;181;243;255m▀[0m[38;2;119;154;160m[48;2;57;65;66m▀[0m[38;2;181;243;255m[48;2;181;243;255m▀[0m[38;2;66;65;66m[48;2;66;65;66m▀[0m[38;2;181;243;255m[48;2;181;243;255m▀[0m[38;2;181;243;255m[48;2;181;243;255m▀[0m[38;2;66;65;66m[48;2;66;65;66m▀[0m[38;2;93;157;164m[48;2;66;65;66m▀[0m[38;2;66;65;66m[48;2;93;157;164m▀[0m[38;2;0;4;0m[48;2;206;109;107m▀[0m[38;2;0;4;0m[48;2;206;109;107m▀[0m[38;2;0;4;0m▄
[38;2;0;4;0m▀[38;2;145;146;154m[48;2;8;0;0m▀[0m[38;2;76;73;77m[48;2;214;219;231m▀[0m[38;2;181;243;255m[48;2;181;243;255m▀[0m[38;2;181;243;255m[48;2;93;156;167m▀[0m[38;2;99;154;165m[48;2;99;154;165m▀[0m[38;2;53;77;82m[48;2;8;0;0m▀[0m[38;2;107;105;140m[48;2;0;4;0m▀[0m[38;2;0;4;0m▀[38;2;0;4;0m▀[38;2;0;4;0m▀     [38;2;0;4;0m▀   [38;2;0;4;0m▀[38;2;8;0;0m[48;2;8;0;0m▀[0m[38;2;222;219;222m[48;2;150;146;148m▀[0m[38;2;186;243;255m[48;2;186;243;255m▀[0m[38;2;186;243;255m[48;2;186;243;255m▀[0m[38;2;181;243;255m[48;2;181;243;255m▀[0m[38;2;66;65;66m[48;2;181;243;255m▀[0m[38;2;186;243;255m[48;2;186;243;255m▀[0m[38;2;186;243;255m[48;2;186;243;255m▀[0m[38;2;90;60;57m[48;2;128;119;120m▀[0m[38;2;206;239;247m[48;2;90;60;57m▀[0m[38;2;181;243;255m[48;2;181;243;255m▀[0m[38;2;181;243;255m[48;2;203;110;107m▀[0m[38;2;189;129;98m[48;2;247;166;115m▀[0m[38;2;74;56;66m[48;2;247;166;115m▀[0m[38;2;0;4;0m[48;2;0;4;0m▀[0m[38;2;0;4;0m▀ 
[38;2;0;4;0m▀[38;2;206;109;107m[48;2;0;4;0m▀[0m[38;2;206;109;107m[48;2;0;4;0m▀[0m[38;2;148;134;137m[48;2;0;4;0m▀[0m[38;2;148;134;137m[48;2;0;4;0m▀[0m[38;2;99;158;165m[48;2;0;4;0m▀[0m[38;2;0;4;0m▀              [38;2;0;4;0m▀[38;2;239;174;107m[48;2;0;4;0m▀[0m[38;2;238;174;112m[48;2;238;174;112m▀[0m[38;2;206;109;107m[48;2;238;174;112m▀[0m[38;2;181;243;255m[48;2;0;4;0m▀[0m[38;2;181;243;255m[48;2;0;4;0m▀[0m[38;2;222;219;222m[48;2;8;0;0m▀[0m[38;2;150;146;148m[48;2;8;0;0m▀[0m[38;2;239;175;112m[48;2;239;175;112m▀[0m[38;2;239;175;112m[48;2;239;175;112m▀[0m[38;2;0;4;0m[48;2;239;174;107m▀[0m[38;2;0;4;0m[48;2;0;4;0m▀[0m[38;2;0;4;0m▀[38;2;0;4;0m▀   
                      [38;2;0;4;0m▀[38;2;239;174;107m[48;2;0;4;0m▀[0m[38;2;0;4;0m▀    [38;2;0;4;0m▀[38;2;0;4;0m▀[38;2;0;4;0m▀      
[0m
