        [38;2;0;0;0m▄[38;2;0;0;0m▄[38;2;0;0;0m[48;2;107;107;115m▀[0m[38;2;0;0;0m[48;2;107;107;115m▀[0m[38;2;0;0;0m[48;2;107;107;115m▀[0m[38;2;0;0;0m[48;2;107;107;115m▀[0m[38;2;0;0;0m▄[38;2;0;0;0m▄           
       [38;2;0;0;0m[48;2;0;0;0m▀[0m[38;2;107;107;115m[48;2;107;107;115m▀[0m[38;2;107;107;115m[48;2;107;107;115m▀[0m[38;2;107;107;115m[48;2;107;107;115m▀[0m[38;2;107;107;115m[48;2;107;107;115m▀[0m[38;2;107;107;115m[48;2;107;107;115m▀[0m[38;2;107;107;115m[48;2;107;107;115m▀[0m[38;2;107;107;115m[48;2;107;107;115m▀[0m[38;2;107;107;115m[48;2;107;107;115m▀[0m[38;2;0;0;0m[48;2;0;0;0m▀[0m          
      [38;2;0;0;0m[48;2;0;0;0m▀[0m[38;2;107;107;115m[48;2;107;107;115m▀[0m[38;2;107;107;115m[48;2;107;107;115m▀[0m[38;2;107;107;115m[48;2;107;107;115m▀[0m[38;2;107;107;115m[48;2;107;107;115m▀[0m[38;2;107;107;115m[48;2;107;107;115m▀[0m[38;2;107;107;115m[48;2;66;65;66m▀[0m[38;2;107;107;115m[48;2;66;65;66m▀[0m[38;2;66;65;66m[48;2;107;107;115m▀[0m[38;2;107;107;115m[48;2;107;107;115m▀[0m[38;2;107;107;115m[48;2;107;107;115m▀[0m[38;2;0;0;0m[48;2;0;0;0m▀[0m         
    [38;2;0;0;0m▄[38;2;0;0;0m[48;2;107;107;115m▀[0m[38;2;107;107;115m[48;2;107;107;115m▀[0m[38;2;107;107;115m[48;2;107;107;115m▀[0m[38;2;107;107;115m[48;2;107;107;115m▀[0m[38;2;107;107;115m[48;2;66;65;66m▀[0m[38;2;60;55;74m[48;2;181;158;222m▀[0m[38;2;0;4;0m[48;2;0;4;0m▀[0m[38;2;181;154;214m[48;2;82;89;82m▀[0m[38;2;82;89;82m[48;2;115;110;126m▀[0m[38;2;107;107;115m[48;2;107;107;115m▀[0m[38;2;107;107;115m[48;2;66;65;66m▀[0m[38;2;107;107;115m[48;2;107;107;115m▀[0m[38;2;0;0;0m[48;2;0;0;0m▀[0m         
 [38;2;0;0;0m▄[38;2;0;0;0m[48;2;107;107;115m▀[0m[38;2;0;0;0m[48;2;107;107;115m▀[0m[38;2;107;107;115m[48;2;107;107;115m▀[0m[38;2;107;107;115m[48;2;107;107;115m▀[0m[38;2;107;107;115m[48;2;107;107;115m▀[0m[38;2;107;107;115m[48;2;66;65;66m▀[0m[38;2;107;107;115m[48;2;107;107;115m▀[0m[38;2;66;65;66m[48;2;107;107;115m▀[0m[38;2;107;107;115m[48;2;107;107;115m▀[0m[38;2;107;107;115m[48;2;107;107;115m▀[0m[38;2;107;107;115m[48;2;66;65;66m▀[0m[38;2;107;107;115m[48;2;66;65;66m▀[0m[38;2;66;65;66m[48;2;107;109;115m▀[0m[38;2;107;109;115m[48;2;86;87;90m▀[0m[38;2;0;0;0m[48;2;0;0;0m▀[0m          
 [38;2;0;0;0m▀[38;2;107;105;115m[48;2;0;0;0m▀[0m[38;2;71;70;76m[48;2;107;105;115m▀[0m[38;2;115;109;115m[48;2;79;74;76m▀[0m[38;2;115;109;115m[48;2;8;4;0m▀[0m[38;2;71;70;71m[48;2;0;0;0m▀[0m[38;2;107;105;107m[48;2;0;0;0m▀[0m[38;2;0;0;0m▀[38;2;0;0;0m▀[38;2;60;62;60m[48;2;0;0;0m▀[0m[38;2;60;62;60m[48;2;90;93;90m▀[0m[38;2;88;88;88m[48;2;88;88;88m▀[0m[38;2;88;88;88m[48;2;88;88;88m▀[0m[38;2;86;87;86m[48;2;0;0;0m▀[0m[38;2;0;0;0m▀           
   [38;2;0;0;0m▀[38;2;0;0;0m▀  [38;2;0;0;0m▄[38;2;0;0;0m▄[38;2;0;0;0m[48;2;86;87;86m▀[0m[38;2;82;93;90m[48;2;117;91;104m▀[0m[38;2;82;93;90m[48;2;189;89;132m▀[0m[38;2;90;93;90m[48;2;60;62;60m▀[0m[38;2;0;0;0m[48;2;60;62;60m▀[0m[38;2;0;0;0m▄            
 [38;2;0;0;0m▄[38;2;0;0;0m▄  [38;2;0;0;0m▄[38;2;8;4;0m[48;2;79;74;76m▀[0m[38;2;115;109;115m[48;2;115;109;115m▀[0m[38;2;107;105;115m[48;2;87;86;87m▀[0m[38;2;87;86;87m[48;2;107;105;115m▀[0m[38;2;195;91;137m[48;2;239;85;148m▀[0m[38;2;107;105;115m[48;2;107;105;115m▀[0m[38;2;107;107;115m[48;2;66;65;66m▀[0m[38;2;107;107;115m[48;2;107;107;115m▀[0m[38;2;107;107;115m[48;2;107;107;115m▀[0m[38;2;0;0;0m[48;2;107;107;115m▀[0m[38;2;0;0;0m[48;2;86;87;86m▀[0m[38;2;0;0;0m▄         
[38;2;0;0;0m[48;2;0;0;0m▀[0m[38;2;85;85;85m[48;2;85;85;85m▀[0m[38;2;85;85;85m[48;2;0;0;0m▀[0m[38;2;0;0;0m[48;2;85;85;85m▀[0m[38;2;0;4;0m[48;2;90;89;90m▀[0m[38;2;60;60;60m[48;2;60;60;60m▀[0m[38;2;181;89;148m[48;2;115;97;131m▀[0m[38;2;82;101;123m[48;2;115;97;131m▀[0m[38;2;239;89;156m[48;2;107;107;134m▀[0m[38;2;107;107;134m[48;2;239;89;156m▀[0m[38;2;239;97;165m[48;2;66;73;74m▀[0m[38;2;66;73;74m[48;2;123;81;104m▀[0m[38;2;66;65;66m[48;2;107;107;115m▀[0m[38;2;66;65;66m[48;2;107;107;115m▀[0m[38;2;66;65;66m[48;2;107;107;115m▀[0m[38;2;107;107;115m[48;2;107;107;115m▀[0m[38;2;107;107;115m[48;2;0;0;0m▀[0m[38;2;107;107;115m[48;2;0;0;0m▀[0m[38;2;0;0;0m▀        
 [38;2;0;0;0m▀ [38;2;0;0;0m▀[38;2;0;0;0m▀[38;2;0;0;0m▀[38;2;154;79;126m[48;2;0;12;16m▀[0m[38;2;231;113;181m[48;2;154;79;126m▀[0m[38;2;222;101;173m[48;2;139;85;123m▀[0m[38;2;57;69;74m[48;2;57;69;74m▀[0m[38;2;107;109;115m[48;2;66;65;66m▀[0m[38;2;66;65;66m[48;2;86;87;90m▀[0m[38;2;107;107;115m[48;2;0;0;0m▀[0m[38;2;0;0;0m▀[38;2;0;0;0m▀[38;2;0;0;0m▀   [38;2;0;0;0m▄[38;2;0;0;0m▄      
    [38;2;0;0;0m▄[38;2;0;0;0m▄[38;2;8;4;0m[48;2;57;56;78m▀[0m[38;2;107;109;156m[48;2;107;109;156m▀[0m[38;2;106;107;156m[48;2;106;107;156m▀[0m[38;2;189;81;132m[48;2;106;107;156m▀[0m[38;2;107;105;115m[48;2;239;89;156m▀[0m[38;2;107;105;115m[48;2;107;105;115m▀[0m[38;2;79;74;76m[48;2;115;109;115m▀[0m[38;2;8;4;0m[48;2;115;109;115m▀[0m[38;2;0;0;0m[48;2;86;87;86m▀[0m[38;2;0;0;0m▄[38;2;0;0;0m[48;2;88;89;88m▀[0m[38;2;0;0;0m[48;2;88;89;88m▀[0m[38;2;0;0;0m[48;2;88;89;88m▀[0m[38;2;88;89;88m[48;2;0;0;0m▀[0m[38;2;86;87;86m[48;2;0;0;0m▀[0m[38;2;0;0;0m▀[38;2;0;0;0m▄[38;2;0;0;0m▄[38;2;0;0;0m▄  
  [38;2;0;0;0m▄[38;2;0;0;0m[48;2;66;65;66m▀[0m[38;2;66;65;66m[48;2;66;65;66m▀[0m[38;2;66;65;66m[48;2;85;86;126m▀[0m[38;2;85;84;126m[48;2;85;84;126m▀[0m[38;2;107;105;156m[48;2;85;84;126m▀[0m[38;2;106;107;156m[48;2;106;107;156m▀[0m[38;2;106;107;156m[48;2;189;81;132m▀[0m[38;2;239;89;156m[48;2;90;91;134m▀[0m[38;2;90;91;134m[48;2;90;91;134m▀[0m[38;2;107;105;115m[48;2;85;86;126m▀[0m[38;2;107;105;115m[48;2;107;105;115m▀[0m[38;2;107;107;115m[48;2;107;107;115m▀[0m[38;2;66;65;66m[48;2;107;107;115m▀[0m[38;2;86;87;86m[48;2;0;0;0m▀[0m[38;2;0;0;0m▀[38;2;0;0;0m▀  [38;2;0;0;0m[48;2;0;0;0m▀[0m[38;2;66;65;66m[48;2;88;88;88m▀[0m[38;2;88;88;88m[48;2;88;88;88m▀[0m[38;2;86;87;86m[48;2;0;0;0m▀[0m[38;2;0;0;0m▀ 
  [38;2;0;0;0m▀[38;2;86;85;127m[48;2;0;0;0m▀[0m[38;2;90;89;123m[48;2;79;79;93m▀[0m[38;2;90;89;123m[48;2;68;69;63m▀[0m[38;2;86;85;127m[48;2;0;0;0m▀[0m[38;2;0;0;0m▀[38;2;0;0;0m▀[38;2;86;85;127m[48;2;0;0;0m▀[0m[38;2;55;58;77m[48;2;0;4;0m▀[0m[38;2;110;112;154m[48;2;0;4;0m▀[0m[38;2;107;105;156m[48;2;107;105;156m▀[0m[38;2;85;84;126m[48;2;85;84;126m▀[0m[38;2;107;107;115m[48;2;107;107;115m▀[0m[38;2;107;107;115m[48;2;107;107;115m▀[0m[38;2;60;62;60m[48;2;60;62;60m▀[0m[38;2;0;0;0m[48;2;90;93;90m▀[0m[38;2;0;0;0m[48;2;76;75;82m▀[0m[38;2;0;0;0m[48;2;115;113;123m▀[0m[38;2;0;0;0m▄[38;2;0;0;0m▄[38;2;0;0;0m[48;2;71;67;71m▀[0m[38;2;107;101;107m[48;2;71;67;71m▀[0m[38;2;115;109;115m[48;2;79;74;76m▀[0m[38;2;8;4;0m[48;2;115;109;115m▀[0m[38;2;0;0;0m▄
    [38;2;0;0;0m[48;2;0;0;0m▀[0m[38;2;0;0;0m[48;2;88;89;88m▀[0m[38;2;60;62;60m[48;2;90;93;90m▀[0m[38;2;0;0;0m[48;2;60;62;60m▀[0m[38;2;0;0;0m▄   [38;2;0;0;0m▀[38;2;86;85;127m[48;2;0;0;0m▀[0m[38;2;99;97;99m[48;2;0;0;0m▀[0m[38;2;66;64;66m[48;2;99;97;99m▀[0m[38;2;181;85;132m[48;2;0;8;0m▀[0m[38;2;181;85;132m[48;2;90;46;66m▀[0m[38;2;106;107;115m[48;2;189;81;132m▀[0m[38;2;106;107;115m[48;2;189;81;132m▀[0m[38;2;106;107;115m[48;2;189;81;132m▀[0m[38;2;106;107;115m[48;2;106;107;115m▀[0m[38;2;107;107;115m[48;2;107;107;115m▀[0m[38;2;107;107;115m[48;2;107;107;115m▀[0m[38;2;107;107;115m[48;2;0;0;0m▀[0m[38;2;107;107;115m[48;2;0;0;0m▀[0m[38;2;0;0;0m▀
   [38;2;0;0;0m▀[38;2;86;87;86m[48;2;0;0;0m▀[0m[38;2;0;0;0m▀[38;2;86;87;86m[48;2;0;0;0m▀[0m[38;2;0;0;0m▀    [38;2;0;0;0m▄[38;2;0;0;0m[48;2;107;107;115m▀[0m[38;2;115;109;115m[48;2;8;4;0m▀[0m[38;2;79;74;76m[48;2;115;109;115m▀[0m[38;2;76;75;82m[48;2;0;0;0m▀[0m[38;2;0;0;0m[48;2;115;113;123m▀[0m[38;2;0;0;0m[48;2;0;0;0m▀[0m[38;2;0;0;0m▀[38;2;0;0;0m▀[38;2;0;0;0m▀[38;2;0;0;0m▀[38;2;0;0;0m▀   
             [38;2;0;0;0m▀ [38;2;0;0;0m▀ [38;2;0;0;0m▀         
[0m
