            [38;2;0;0;0m▄[38;2;0;0;0m[48;2;255;255;255m▀[0m[38;2;0;0;0m▄        
            [38;2;0;0;0m[48;2;0;0;0m▀[0m[38;2;255;255;255m[48;2;230;98;106m▀[0m[38;2;0;0;0m[48;2;0;0;0m▀[0m        
          [38;2;0;0;0m▄[38;2;0;0;0m[48;2;0;0;0m▀[0m[38;2;230;98;106m[48;2;230;98;106m▀[0m[38;2;180;90;98m[48;2;230;98;106m▀[0m[38;2;0;0;0m[48;2;0;0;0m▀[0m        
        [38;2;0;0;0m▄[38;2;0;0;0m[48;2;222;222;172m▀[0m[38;2;222;222;172m[48;2;222;222;172m▀[0m[38;2;222;222;172m[48;2;222;222;172m▀[0m[38;2;230;98;106m[48;2;106;98;74m▀[0m[38;2;106;98;74m[48;2;222;222;172m▀[0m[38;2;0;0;0m[48;2;222;222;172m▀[0m[38;2;0;0;0m▄       
      [38;2;0;0;0m▄[38;2;0;0;0m[48;2;222;222;172m▀[0m[38;2;222;222;172m[48;2;106;98;74m▀[0m[38;2;106;98;74m[48;2;255;255;255m▀[0m[38;2;106;98;74m[48;2;106;98;74m▀[0m[38;2;172;172;123m[48;2;106;98;74m▀[0m[38;2;222;222;172m[48;2;172;172;123m▀[0m[38;2;222;222;172m[48;2;222;222;172m▀[0m[38;2;222;222;172m[48;2;172;172;123m▀[0m[38;2;222;222;172m[48;2;222;222;172m▀[0m[38;2;0;0;0m[48;2;0;0;0m▀[0m      
  [38;2;0;0;0m▄[38;2;0;0;0m▄ [38;2;0;0;0m▄[38;2;0;0;0m[48;2;222;222;172m▀[0m[38;2;222;222;172m[48;2;222;222;172m▀[0m[38;2;106;98;74m[48;2;222;222;172m▀[0m[38;2;106;98;74m[48;2;222;222;172m▀[0m[38;2;106;98;74m[48;2;172;172;123m▀[0m[38;2;255;255;255m[48;2;106;98;74m▀[0m[38;2;106;98;74m[48;2;106;98;74m▀[0m[38;2;222;222;172m[48;2;222;222;172m▀[0m[38;2;222;222;172m[48;2;222;222;172m▀[0m[38;2;222;222;172m[48;2;222;222;172m▀[0m[38;2;222;222;172m[48;2;222;222;172m▀[0m[38;2;0;0;0m[48;2;0;0;0m▀[0m     
 [38;2;0;0;0m[48;2;0;0;0m▀[0m[38;2;172;172;123m[48;2;222;222;172m▀[0m[38;2;222;222;172m[48;2;222;222;172m▀[0m[38;2;0;0;0m[48;2;106;98;74m▀[0m[38;2;222;222;172m[48;2;222;222;172m▀[0m[38;2;222;222;172m[48;2;74;74;74m▀[0m[38;2;74;74;74m[48;2;106;98;74m▀[0m[38;2;106;98;74m[48;2;106;98;74m▀[0m[38;2;106;98;74m[48;2;106;98;74m▀[0m[38;2;222;222;172m[48;2;106;98;74m▀[0m[38;2;222;222;172m[48;2;222;222;172m▀[0m[38;2;222;222;172m[48;2;222;222;172m▀[0m[38;2;222;222;172m[48;2;172;172;123m▀[0m[38;2;222;222;172m[48;2;222;222;172m▀[0m[38;2;172;172;123m[48;2;222;222;172m▀[0m[38;2;222;222;172m[48;2;222;222;172m▀[0m[38;2;0;0;0m[48;2;222;222;172m▀[0m[38;2;0;0;0m▄    
[38;2;0;0;0m[48;2;0;0;0m▀[0m[38;2;222;222;172m[48;2;222;222;172m▀[0m[38;2;222;222;172m[48;2;222;222;172m▀[0m[38;2;222;222;172m[48;2;172;172;123m▀[0m[38;2;222;222;172m[48;2;222;222;172m▀[0m[38;2;222;222;172m[48;2;222;222;172m▀[0m[38;2;74;74;74m[48;2;74;74;74m▀[0m[38;2;106;98;74m[48;2;106;98;74m▀[0m[38;2;106;98;74m[48;2;106;98;74m▀[0m[38;2;106;98;74m[48;2;106;98;74m▀[0m[38;2;106;98;74m[48;2;106;98;74m▀[0m[38;2;172;172;123m[48;2;106;98;74m▀[0m[38;2;222;222;172m[48;2;222;222;172m▀[0m[38;2;222;222;172m[48;2;222;222;172m▀[0m[38;2;222;222;172m[48;2;222;222;172m▀[0m[38;2;222;222;172m[48;2;106;98;74m▀[0m[38;2;106;98;74m[48;2;172;172;123m▀[0m[38;2;106;98;74m[48;2;222;222;172m▀[0m[38;2;106;98;74m[48;2;172;172;123m▀[0m[38;2;0;0;0m[48;2;106;98;74m▀[0m[38;2;0;0;0m▄  
 [38;2;0;0;0m▀[38;2;0;0;0m▀[38;2;222;222;172m[48;2;0;0;0m▀[0m[38;2;222;222;172m[48;2;222;222;172m▀[0m[38;2;222;222;172m[48;2;222;222;172m▀[0m[38;2;222;222;172m[48;2;222;222;172m▀[0m[38;2;222;222;172m[48;2;222;222;172m▀[0m[38;2;172;172;123m[48;2;222;222;172m▀[0m[38;2;106;98;74m[48;2;222;222;172m▀[0m[38;2;106;98;74m[48;2;222;222;172m▀[0m[38;2;172;172;123m[48;2;222;222;172m▀[0m[38;2;222;222;172m[48;2;222;222;172m▀[0m[38;2;222;222;172m[48;2;172;172;123m▀[0m[38;2;222;222;172m[48;2;222;222;172m▀[0m[38;2;106;98;74m[48;2;222;222;172m▀[0m[38;2;222;222;172m[48;2;222;222;172m▀[0m[38;2;222;222;172m[48;2;222;222;172m▀[0m[38;2;222;222;172m[48;2;222;222;172m▀[0m[38;2;106;98;74m[48;2;222;222;172m▀[0m[38;2;222;222;172m[48;2;222;222;172m▀[0m[38;2;0;0;0m[48;2;222;222;172m▀[0m[38;2;0;0;0m▄
   [38;2;0;0;0m▀[38;2;172;172;123m[48;2;0;0;0m▀[0m[38;2;222;222;172m[48;2;0;0;0m▀[0m[38;2;222;222;172m[48;2;0;0;0m▀[0m[38;2;222;222;172m[48;2;0;0;0m▀[0m[38;2;222;222;172m[48;2;0;0;0m▀[0m[38;2;222;222;172m[48;2;172;172;123m▀[0m[38;2;222;222;172m[48;2;222;222;172m▀[0m[38;2;222;222;172m[48;2;222;222;172m▀[0m[38;2;222;222;172m[48;2;222;222;172m▀[0m[38;2;222;222;172m[48;2;222;222;172m▀[0m[38;2;222;222;172m[48;2;222;222;172m▀[0m[38;2;222;222;172m[48;2;222;222;172m▀[0m[38;2;222;222;172m[48;2;222;222;172m▀[0m[38;2;172;172;123m[48;2;222;222;172m▀[0m[38;2;222;222;172m[48;2;222;222;172m▀[0m[38;2;222;222;172m[48;2;222;222;172m▀[0m[38;2;222;222;172m[48;2;172;172;123m▀[0m[38;2;222;222;172m[48;2;0;0;0m▀[0m[38;2;0;0;0m▀
         [38;2;0;0;0m▀[38;2;0;0;0m▀[38;2;172;172;123m[48;2;0;0;0m▀[0m[38;2;222;222;172m[48;2;0;0;0m▀[0m[38;2;222;222;172m[48;2;0;0;0m▀[0m[38;2;172;172;123m[48;2;0;0;0m▀[0m[38;2;0;0;0m▀[38;2;0;0;0m▀[38;2;0;0;0m▀[38;2;0;0;0m▀[38;2;0;0;0m▀[38;2;0;0;0m▀  
[0m
