            [38;2;0;0;0m▄[38;2;0;0;0m[48;2;255;178;197m▀[0m[38;2;0;0;0m[48;2;255;178;197m▀[0m[38;2;0;0;0m▄           
          [38;2;0;0;0m▄[38;2;0;0;0m[48;2;255;178;197m▀[0m[38;2;255;178;197m[48;2;127;89;98m▀[0m[38;2;254;176;200m[48;2;254;176;200m▀[0m[38;2;254;176;200m[48;2;254;176;200m▀[0m[38;2;131;89;94m[48;2;255;178;189m▀[0m[38;2;8;0;0m[48;2;8;0;0m▀[0m          
         [38;2;8;0;0m[48;2;8;0;0m▀[0m[38;2;131;89;94m[48;2;255;178;189m▀[0m[38;2;115;93;74m[48;2;115;93;74m▀[0m[38;2;255;255;255m[48;2;255;255;255m▀[0m[38;2;112;91;71m[48;2;112;91;71m▀[0m[38;2;255;178;197m[48;2;255;178;197m▀[0m[38;2;254;176;200m[48;2;254;176;200m▀[0m[38;2;254;176;200m[48;2;254;176;200m▀[0m[38;2;0;0;0m[48;2;156;89;65m▀[0m[38;2;0;0;0m▄        
       [38;2;0;0;0m▄[38;2;0;0;0m[48;2;156;89;65m▀[0m[38;2;208;143;148m[48;2;255;170;189m▀[0m[38;2;208;143;148m[48;2;115;89;65m▀[0m[38;2;115;93;74m[48;2;255;255;255m▀[0m[38;2;115;93;74m[48;2;115;93;74m▀[0m[38;2;255;178;197m[48;2;205;135;143m▀[0m[38;2;255;178;197m[48;2;205;135;143m▀[0m[38;2;255;178;197m[48;2;205;135;143m▀[0m[38;2;205;135;143m[48;2;205;135;143m▀[0m[38;2;213;137;139m[48;2;213;137;139m▀[0m[38;2;8;0;0m[48;2;145;91;93m▀[0m[38;2;0;0;0m▄       
      [38;2;0;0;0m▄[38;2;0;0;0m[48;2;127;89;98m▀[0m[38;2;255;178;197m[48;2;255;178;197m▀[0m[38;2;208;191;194m[48;2;115;89;74m▀[0m[38;2;115;89;74m[48;2;255;242;255m▀[0m[38;2;255;255;255m[48;2;255;255;255m▀[0m[38;2;115;93;74m[48;2;255;255;255m▀[0m[38;2;255;178;197m[48;2;112;91;71m▀[0m[38;2;255;178;197m[48;2;255;178;197m▀[0m[38;2;255;178;197m[48;2;255;178;197m▀[0m[38;2;205;135;143m[48;2;205;135;143m▀[0m[38;2;205;136;145m[48;2;205;136;145m▀[0m[38;2;205;136;145m[48;2;205;136;145m▀[0m[38;2;0;0;0m[48;2;111;91;74m▀[0m[38;2;0;0;0m▄      
  [38;2;0;0;0m▄[38;2;0;0;0m[48;2;230;113;123m▀[0m[38;2;0;0;0m[48;2;230;113;123m▀[0m[38;2;0;0;0m▄[38;2;0;0;0m[48;2;205;105;115m▀[0m[38;2;255;255;246m[48;2;74;64;57m▀[0m[38;2;164;159;152m[48;2;255;255;246m▀[0m[38;2;189;157;135m[48;2;255;255;255m▀[0m[38;2;189;157;135m[48;2;255;255;255m▀[0m[38;2;255;255;255m[48;2;189;157;135m▀[0m[38;2;255;255;255m[48;2;189;157;135m▀[0m[38;2;115;97;74m[48;2;185;141;135m▀[0m[38;2;255;186;197m[48;2;115;97;74m▀[0m[38;2;208;136;145m[48;2;115;93;74m▀[0m[38;2;208;136;145m[48;2;115;93;74m▀[0m[38;2;115;93;74m[48;2;197;194;189m▀[0m[38;2;115;93;74m[48;2;197;194;189m▀[0m[38;2;197;194;189m[48;2;0;0;0m▀[0m[38;2;0;0;0m▀      
 [38;2;0;0;0m▄[38;2;0;0;0m[48;2;205;105;115m▀[0m[38;2;255;125;139m[48;2;74;64;65m▀[0m[38;2;194;105;115m[48;2;194;105;115m▀[0m[38;2;197;106;115m[48;2;82;76;65m▀[0m[38;2;82;76;65m[48;2;255;121;139m▀[0m[38;2;131;133;127m[48;2;82;56;65m▀[0m[38;2;82;56;65m[48;2;180;210;189m▀[0m[38;2;74;56;57m[48;2;194;167;172m▀[0m[38;2;255;222;230m[48;2;74;56;57m▀[0m[38;2;255;255;255m[48;2;65;64;65m▀[0m[38;2;255;255;255m[48;2;65;64;65m▀[0m[38;2;255;255;255m[48;2;65;64;65m▀[0m[38;2;255;255;255m[48;2;65;64;65m▀[0m[38;2;255;255;255m[48;2;65;64;65m▀[0m[38;2;191;191;191m[48;2;65;64;65m▀[0m[38;2;65;64;65m[48;2;65;64;65m▀[0m[38;2;65;64;65m[48;2;205;105;115m▀[0m[38;2;197;117;115m[48;2;65;49;43m▀[0m[38;2;0;16;8m[48;2;131;83;79m▀[0m[38;2;0;4;0m[48;2;246;133;139m▀[0m[38;2;0;4;0m[48;2;123;68;69m▀[0m[38;2;0;0;0m▄   
[38;2;0;0;0m[48;2;0;0;0m▀[0m[38;2;205;105;115m[48;2;112;91;71m▀[0m[38;2;205;105;115m[48;2;205;105;115m▀[0m[38;2;205;105;115m[48;2;79;78;71m▀[0m[38;2;79;78;71m[48;2;205;105;115m▀[0m[38;2;255;125;139m[48;2;191;105;115m▀[0m[38;2;65;64;65m[48;2;65;64;65m▀[0m[38;2;65;161;172m[48;2;65;161;172m▀[0m[38;2;0;0;0m[48;2;0;0;0m▀[0m[38;2;84;83;79m[48;2;84;83;79m▀[0m[38;2;255;121;139m[48;2;84;83;79m▀[0m[38;2;255;121;139m[48;2;82;76;65m▀[0m[38;2;197;106;115m[48;2;82;76;65m▀[0m[38;2;49;79;76m[48;2;90;155;145m▀[0m[38;2;131;230;213m[48;2;8;4;8m▀[0m[38;2;65;64;65m[48;2;65;64;65m▀[0m[38;2;191;105;115m[48;2;255;125;139m▀[0m[38;2;65;64;65m[48;2;65;64;65m▀[0m[38;2;205;105;115m[48;2;205;105;115m▀[0m[38;2;65;64;65m[48;2;191;105;115m▀[0m[38;2;255;125;139m[48;2;65;64;65m▀[0m[38;2;255;121;139m[48;2;255;121;139m▀[0m[38;2;255;121;139m[48;2;208;103;115m▀[0m[38;2;0;0;0m[48;2;0;0;0m▀[0m   
 [38;2;0;0;0m▀[38;2;65;64;65m[48;2;0;0;0m▀[0m[38;2;255;121;139m[48;2;208;103;115m▀[0m[38;2;255;121;139m[48;2;208;103;115m▀[0m[38;2;76;52;46m[48;2;0;4;8m▀[0m[38;2;153;101;84m[48;2;153;101;84m▀[0m[38;2;74;64;57m[48;2;120;107;98m▀[0m[38;2;213;194;180m[48;2;74;64;57m▀[0m[38;2;95;97;95m[48;2;95;97;95m▀[0m[38;2;95;97;95m[48;2;95;97;95m▀[0m[38;2;94;97;94m[48;2;94;97;94m▀[0m[38;2;94;97;94m[48;2;82;80;65m▀[0m[38;2;142;167;169m[48;2;71;83;84m▀[0m[38;2;0;0;0m[48;2;213;250;255m▀[0m[38;2;65;64;65m[48;2;65;64;65m▀[0m[38;2;255;125;139m[48;2;191;105;115m▀[0m[38;2;65;68;65m[48;2;65;68;65m▀[0m[38;2;112;82;82m[48;2;205;109;115m▀[0m[38;2;205;105;115m[48;2;79;78;71m▀[0m[38;2;205;105;115m[48;2;79;78;71m▀[0m[38;2;197;106;115m[48;2;82;76;65m▀[0m[38;2;82;76;65m[48;2;255;121;139m▀[0m[38;2;255;121;139m[48;2;255;121;139m▀[0m[38;2;0;0;0m[48;2;0;0;0m▀[0m  
 [38;2;0;0;0m[48;2;0;0;0m▀[0m[38;2;255;121;139m[48;2;255;121;139m▀[0m[38;2;255;121;139m[48;2;255;121;139m▀[0m[38;2;0;0;0m[48;2;0;0;0m▀[0m [38;2;0;0;0m▀[38;2;148;101;82m[48;2;0;4;0m▀[0m[38;2;148;101;82m[48;2;98;68;54m▀[0m[38;2;65;64;65m[48;2;93;76;71m▀[0m[38;2;65;64;65m[48;2;148;101;82m▀[0m[38;2;82;78;68m[48;2;65;64;65m▀[0m[38;2;82;78;68m[48;2;65;64;65m▀[0m[38;2;93;76;71m[48;2;65;64;65m▀[0m[38;2;65;64;65m[48;2;148;101;82m▀[0m[38;2;65;64;65m[48;2;65;64;65m▀[0m[38;2;255;125;139m[48;2;191;105;115m▀[0m[38;2;65;68;65m[48;2;65;68;65m▀[0m[38;2;205;109;115m[48;2;112;82;82m▀[0m[38;2;208;105;115m[48;2;208;105;115m▀[0m[38;2;208;105;115m[48;2;208;105;115m▀[0m[38;2;255;121;139m[48;2;208;103;115m▀[0m[38;2;255;121;139m[48;2;208;103;115m▀[0m[38;2;205;121;131m[48;2;79;78;71m▀[0m[38;2;79;78;71m[48;2;205;121;131m▀[0m[38;2;0;0;0m[48;2;205;137;148m▀[0m[38;2;0;0;0m▄
[38;2;0;0;0m[48;2;0;0;0m▀[0m[38;2;254;124;139m[48;2;254;124;139m▀[0m[38;2;254;124;139m[48;2;254;124;139m▀[0m[38;2;246;129;131m[48;2;164;86;87m▀[0m[38;2;0;0;0m[48;2;0;0;0m▀[0m  [38;2;0;0;0m▄[38;2;0;0;0m[48;2;197;194;189m▀[0m[38;2;197;194;189m[48;2;65;64;65m▀[0m[38;2;65;64;65m[48;2;65;64;65m▀[0m[38;2;82;78;68m[48;2;82;78;68m▀[0m[38;2;65;64;65m[48;2;65;64;65m▀[0m[38;2;71;70;68m[48;2;197;194;189m▀[0m[38;2;71;70;68m[48;2;71;70;68m▀[0m[38;2;254;124;139m[48;2;254;124;139m▀[0m[38;2;254;124;139m[48;2;254;124;139m▀[0m[38;2;74;64;57m[48;2;74;64;57m▀[0m[38;2;120;107;98m[48;2;213;194;180m▀[0m[38;2;74;76;65m[48;2;115;97;93m▀[0m[38;2;74;76;65m[48;2;197;137;148m▀[0m[38;2;79;78;71m[48;2;79;78;71m▀[0m[38;2;79;78;71m[48;2;205;137;148m▀[0m[38;2;205;136;145m[48;2;205;136;145m▀[0m[38;2;205;136;145m[48;2;205;136;145m▀[0m[38;2;205;137;148m[48;2;205;137;148m▀[0m[38;2;0;0;0m[48;2;0;0;0m▀[0m
[38;2;0;0;0m[48;2;0;0;0m▀[0m[38;2;208;103;115m[48;2;208;103;115m▀[0m[38;2;255;121;139m[48;2;208;103;115m▀[0m[38;2;156;101;82m[48;2;156;101;82m▀[0m[38;2;211;106;115m[48;2;211;106;115m▀[0m[38;2;0;0;0m[48;2;65;64;65m▀[0m[38;2;0;0;0m▄[38;2;0;4;0m[48;2;255;178;197m▀[0m[38;2;84;62;65m[48;2;255;178;197m▀[0m[38;2;65;64;65m[48;2;76;75;74m▀[0m[38;2;98;97;90m[48;2;98;97;90m▀[0m[38;2;65;64;65m[48;2;65;64;65m▀[0m[38;2;82;78;68m[48;2;65;64;65m▀[0m[38;2;74;68;65m[48;2;74;68;65m▀[0m[38;2;74;68;65m[48;2;255;121;139m▀[0m[38;2;254;124;139m[48;2;254;124;139m▀[0m[38;2;254;124;139m[48;2;254;124;139m▀[0m[38;2;57;68;65m[48;2;246;125;139m▀[0m[38;2;120;87;90m[48;2;57;68;65m▀[0m[38;2;197;194;189m[48;2;197;194;189m▀[0m[38;2;93;97;95m[48;2;93;97;95m▀[0m[38;2;197;141;153m[48;2;255;174;197m▀[0m[38;2;82;76;65m[48;2;82;76;65m▀[0m[38;2;205;136;145m[48;2;205;136;145m▀[0m[38;2;205;136;145m[48;2;205;136;145m▀[0m[38;2;0;0;0m[48;2;0;0;0m▀[0m 
[38;2;0;0;0m[48;2;0;0;0m▀[0m[38;2;211;106;115m[48;2;156;101;82m▀[0m[38;2;211;106;115m[48;2;211;106;115m▀[0m[38;2;205;105;115m[48;2;205;105;115m▀[0m[38;2;205;105;115m[48;2;0;0;0m▀[0m[38;2;0;0;0m▀[38;2;111;91;74m[48;2;0;0;0m▀[0m[38;2;65;64;65m[48;2;94;97;94m▀[0m[38;2;65;64;65m[48;2;94;97;94m▀[0m[38;2;205;137;148m[48;2;68;70;65m▀[0m[38;2;68;70;65m[48;2;68;70;65m▀[0m[38;2;255;178;197m[48;2;65;64;65m▀[0m[38;2;255;178;197m[48;2;65;64;65m▀[0m[38;2;65;64;65m[48;2;65;64;65m▀[0m[38;2;255;125;139m[48;2;191;105;115m▀[0m[38;2;254;124;139m[48;2;254;124;139m▀[0m[38;2;254;124;139m[48;2;254;124;139m▀[0m[38;2;255;125;139m[48;2;191;105;115m▀[0m[38;2;65;64;65m[48;2;65;64;65m▀[0m[38;2;95;97;93m[48;2;255;178;197m▀[0m[38;2;255;178;197m[48;2;255;178;197m▀[0m[38;2;255;178;197m[48;2;255;178;197m▀[0m[38;2;255;178;197m[48;2;205;135;143m▀[0m[38;2;98;72;69m[48;2;98;72;69m▀[0m[38;2;0;4;0m[48;2;197;141;139m▀[0m[38;2;0;0;0m▄ 
 [38;2;0;0;0m▀[38;2;0;0;0m▀[38;2;0;0;0m▀ [38;2;0;0;0m[48;2;0;0;0m▀[0m[38;2;71;62;54m[48;2;106;93;82m▀[0m[38;2;94;97;94m[48;2;65;64;65m▀[0m[38;2;94;97;94m[48;2;65;64;65m▀[0m[38;2;82;74;68m[48;2;115;93;74m▀[0m[38;2;65;64;65m[48;2;65;64;65m▀[0m[38;2;95;97;95m[48;2;95;97;95m▀[0m[38;2;95;97;95m[48;2;95;97;95m▀[0m[38;2;68;70;65m[48;2;68;70;65m▀[0m[38;2;205;105;115m[48;2;68;70;65m▀[0m[38;2;208;105;115m[48;2;208;105;115m▀[0m[38;2;208;105;115m[48;2;208;105;115m▀[0m[38;2;205;109;115m[48;2;65;68;65m▀[0m[38;2;65;68;65m[48;2;112;82;82m▀[0m[38;2;255;178;197m[48;2;255;178;197m▀[0m[38;2;205;135;143m[48;2;255;178;197m▀[0m[38;2;205;135;143m[48;2;255;178;197m▀[0m[38;2;255;178;197m[48;2;255;178;197m▀[0m[38;2;79;78;71m[48;2;79;78;71m▀[0m[38;2;205;137;148m[48;2;205;137;148m▀[0m[38;2;0;0;0m[48;2;0;0;0m▀[0m 
     [38;2;0;0;0m[48;2;0;0;0m▀[0m[38;2;115;91;71m[48;2;115;91;71m▀[0m[38;2;255;178;197m[48;2;205;135;143m▀[0m[38;2;255;178;197m[48;2;205;135;143m▀[0m[38;2;115;93;74m[48;2;115;93;74m▀[0m[38;2;115;93;74m[48;2;255;255;255m▀[0m[38;2;65;64;57m[48;2;112;89;84m▀[0m[38;2;65;64;57m[48;2;205;137;139m▀[0m[38;2;255;170;197m[48;2;208;143;156m▀[0m[38;2;115;89;74m[48;2;115;89;74m▀[0m[38;2;65;64;65m[48;2;112;91;71m▀[0m[38;2;65;64;65m[48;2;112;91;71m▀[0m[38;2;205;105;115m[48;2;205;105;115m▀[0m[38;2;205;105;115m[48;2;112;91;71m▀[0m[38;2;112;91;71m[48;2;112;91;71m▀[0m[38;2;255;178;197m[48;2;255;178;197m▀[0m[38;2;255;178;197m[48;2;205;135;143m▀[0m[38;2;205;135;143m[48;2;205;135;143m▀[0m[38;2;82;78;69m[48;2;0;0;0m▀[0m[38;2;0;0;0m▀  
      [38;2;0;0;0m[48;2;0;0;0m▀[0m[38;2;255;170;197m[48;2;208;143;156m▀[0m[38;2;115;89;74m[48;2;115;89;74m▀[0m[38;2;255;255;255m[48;2;115;89;74m▀[0m[38;2;255;255;255m[48;2;208;199;194m▀[0m[38;2;255;255;255m[48;2;115;93;74m▀[0m[38;2;115;93;74m[48;2;115;93;74m▀[0m[38;2;255;170;197m[48;2;208;143;156m▀[0m[38;2;115;89;74m[48;2;115;89;74m▀[0m[38;2;205;105;115m[48;2;205;105;115m▀[0m[38;2;112;91;71m[48;2;112;91;71m▀[0m[38;2;112;91;71m[48;2;112;91;71m▀[0m[38;2;205;137;148m[48;2;112;91;71m▀[0m[38;2;115;93;74m[48;2;115;93;74m▀[0m[38;2;208;136;145m[48;2;208;136;145m▀[0m[38;2;205;137;148m[48;2;205;137;148m▀[0m[38;2;0;0;0m[48;2;0;0;0m▀[0m    
       [38;2;0;0;0m▀[38;2;205;137;148m[48;2;0;0;0m▀[0m[38;2;112;91;79m[48;2;205;137;139m▀[0m[38;2;112;91;79m[48;2;65;68;49m▀[0m[38;2;112;89;84m[48;2;65;64;57m▀[0m[38;2;205;137;139m[48;2;65;64;57m▀[0m[38;2;208;136;145m[48;2;208;136;145m▀[0m[38;2;115;93;74m[48;2;208;136;145m▀[0m[38;2;112;91;71m[48;2;112;91;71m▀[0m[38;2;205;105;115m[48;2;205;105;115m▀[0m[38;2;112;91;71m[48;2;112;91;71m▀[0m[38;2;205;105;115m[48;2;112;91;71m▀[0m[38;2;102;74;74m[48;2;205;141;148m▀[0m[38;2;205;141;148m[48;2;0;8;0m▀[0m[38;2;0;0;0m▀     
         [38;2;0;0;0m▀[38;2;0;0;0m▀[38;2;94;97;94m[48;2;0;0;0m▀[0m[38;2;94;97;94m[48;2;94;97;94m▀[0m[38;2;65;64;65m[48;2;94;97;94m▀[0m[38;2;65;64;65m[48;2;94;97;94m▀[0m[38;2;197;137;139m[48;2;65;51;52m▀[0m[38;2;131;94;95m[48;2;0;8;8m▀[0m[38;2;102;74;74m[48;2;0;4;0m▀[0m[38;2;205;145;148m[48;2;0;4;0m▀[0m[38;2;0;0;0m▀       
            [38;2;0;0;0m▀[38;2;0;0;0m▀[38;2;0;0;0m▀[38;2;0;0;0m▀           
[0m
