                     [38;2;0;0;0m▄[38;2;0;0;0m[48;2;90;206;139m▀[0m[38;2;0;0;0m▄                  
                     [38;2;0;0;0m[48;2;0;0;0m▀[0m[38;2;230;222;230m[48;2;230;222;230m▀[0m[38;2;0;0;0m[48;2;0;0;0m▀[0m                  
               [38;2;0;0;0m▄[38;2;0;0;0m▄    [38;2;0;0;0m[48;2;0;0;0m▀[0m[38;2;238;242;246m[48;2;159;163;167m▀[0m[38;2;0;4;8m[48;2;0;4;8m▀[0m                  
             [38;2;0;0;0m▄[38;2;0;0;0m[48;2;120;161;148m▀[0m[38;2;120;161;148m[48;2;120;161;148m▀[0m[38;2;53;99;69m[48;2;98;198;139m▀[0m[38;2;8;0;0m[48;2;8;0;0m▀[0m  [38;2;0;0;0m▄[38;2;0;0;0m[48;2;230;222;230m▀[0m[38;2;238;234;238m[48;2;159;160;161m▀[0m[38;2;0;12;8m[48;2;238;234;238m▀[0m[38;2;0;0;0m▄     [38;2;0;0;0m▄[38;2;0;0;0m[48;2;164;190;189m▀[0m[38;2;0;0;0m▄         
            [38;2;0;0;0m▄[38;2;0;0;0m[48;2;123;161;148m▀[0m[38;2;128;199;137m[48;2;82;194;139m▀[0m[38;2;82;194;139m[48;2;222;210;131m▀[0m[38;2;222;222;131m[48;2;222;222;131m▀[0m[38;2;74;74;49m[48;2;0;0;8m▀[0m[38;2;0;0;0m[48;2;197;194;205m▀[0m[38;2;0;0;0m▄[38;2;0;0;0m[48;2;148;174;164m▀[0m[38;2;98;116;109m[48;2;148;174;164m▀[0m[38;2;230;226;230m[48;2;98;113;98m▀[0m[38;2;98;113;98m[48;2;142;151;142m▀[0m[38;2;0;0;0m[48;2;164;190;189m▀[0m[38;2;0;0;0m▄   [38;2;0;0;0m▄[38;2;0;0;0m[48;2;164;190;189m▀[0m[38;2;164;190;189m[48;2;164;190;189m▀[0m[38;2;0;0;0m[48;2;164;190;189m▀[0m[38;2;0;0;0m▄        
           [38;2;0;0;0m▄[38;2;0;0;0m[48;2;120;161;148m▀[0m[38;2;120;161;148m[48;2;120;161;148m▀[0m[38;2;84;206;142m[48;2;84;206;142m▀[0m[38;2;222;222;131m[48;2;84;206;142m▀[0m[38;2;0;0;0m[48;2;0;0;0m▀[0m [38;2;0;0;0m▀[38;2;106;107;94m[48;2;0;0;0m▀[0m[38;2;164;190;189m[48;2;86;206;139m▀[0m[38;2;164;190;189m[48;2;164;190;189m▀[0m[38;2;164;190;189m[48;2;164;190;189m▀[0m[38;2;164;190;189m[48;2;164;190;189m▀[0m[38;2;183;187;186m[48;2;106;109;98m▀[0m[38;2;106;109;98m[48;2;222;226;230m▀[0m[38;2;0;0;0m[48;2;230;222;230m▀[0m[38;2;0;0;0m▄ [38;2;0;0;0m[48;2;0;0;0m▀[0m[38;2;164;190;189m[48;2;164;190;189m▀[0m[38;2;164;190;189m[48;2;164;190;189m▀[0m[38;2;164;190;189m[48;2;164;190;189m▀[0m[38;2;0;0;0m[48;2;0;0;0m▀[0m        
          [38;2;0;0;0m▄[38;2;0;0;0m[48;2;230;222;230m▀[0m[38;2;120;161;148m[48;2;84;141;123m▀[0m[38;2;120;161;148m[48;2;84;141;123m▀[0m[38;2;120;161;148m[48;2;120;161;148m▀[0m[38;2;0;0;0m[48;2;0;0;0m▀[0m  [38;2;0;0;0m▄[38;2;0;0;0m[48;2;90;206;139m▀[0m[38;2;131;152;148m[48;2;65;68;65m▀[0m[38;2;164;194;189m[48;2;164;194;189m▀[0m[38;2;90;190;139m[48;2;115;188;156m▀[0m[38;2;164;186;189m[48;2;164;186;189m▀[0m[38;2;164;190;189m[48;2;65;64;65m▀[0m[38;2;65;64;65m[48;2;164;190;189m▀[0m[38;2;0;0;0m[48;2;0;0;0m▀[0m  [38;2;0;0;0m[48;2;0;0;0m▀[0m[38;2;164;190;189m[48;2;164;190;189m▀[0m[38;2;164;190;189m[48;2;164;190;189m▀[0m[38;2;164;190;189m[48;2;164;190;189m▀[0m[38;2;0;0;0m[48;2;164;190;189m▀[0m[38;2;0;0;0m▄       
         [38;2;0;0;0m▄[38;2;0;8;8m[48;2;123;170;156m▀[0m[38;2;82;116;106m[48;2;123;170;156m▀[0m[38;2;230;222;230m[48;2;87;141;126m▀[0m[38;2;230;222;230m[48;2;87;141;126m▀[0m[38;2;0;0;0m[48;2;0;0;0m▀[0m   [38;2;0;0;0m[48;2;0;0;0m▀[0m[38;2;90;206;139m[48;2;90;206;139m▀[0m[38;2;197;194;205m[48;2;65;64;65m▀[0m[38;2;65;64;65m[48;2;197;194;205m▀[0m[38;2;65;64;65m[48;2;197;194;205m▀[0m[38;2;65;64;65m[48;2;65;64;65m▀[0m[38;2;153;207;183m[48;2;109;168;153m▀[0m[38;2;65;129;123m[48;2;65;129;123m▀[0m[38;2;0;0;0m[48;2;164;190;189m▀[0m[38;2;0;0;0m▄  [38;2;0;0;0m[48;2;0;0;0m▀[0m[38;2;164;190;189m[48;2;164;190;189m▀[0m[38;2;164;190;189m[48;2;164;190;189m▀[0m[38;2;164;190;189m[48;2;120;161;145m▀[0m[38;2;0;0;0m[48;2;0;0;0m▀[0m       
        [38;2;0;0;0m▄[38;2;0;0;0m[48;2;230;222;230m▀[0m[38;2;120;161;145m[48;2;120;161;145m▀[0m[38;2;120;161;145m[48;2;120;161;145m▀[0m[38;2;120;161;148m[48;2;120;161;148m▀[0m[38;2;0;0;0m[48;2;0;0;0m▀[0m   [38;2;0;0;0m[48;2;0;0;0m▀[0m[38;2;90;206;139m[48;2;90;206;139m▀[0m[38;2;65;64;65m[48;2;65;64;65m▀[0m[38;2;71;121;123m[48;2;71;121;123m▀[0m[38;2;65;64;65m[48;2;65;64;65m▀[0m[38;2;74;72;65m[48;2;230;222;230m▀[0m[38;2;74;72;65m[48;2;74;72;65m▀[0m[38;2;109;179;148m[48;2;49;85;65m▀[0m[38;2;139;226;189m[48;2;109;179;148m▀[0m[38;2;93;124;126m[48;2;139;186;189m▀[0m[38;2;0;0;0m[48;2;93;124;126m▀[0m[38;2;0;0;0m▄ [38;2;0;0;0m[48;2;0;0;0m▀[0m[38;2;148;153;148m[48;2;222;230;222m▀[0m[38;2;120;160;148m[48;2;230;222;230m▀[0m[38;2;230;222;230m[48;2;120;160;148m▀[0m[38;2;0;0;0m[48;2;164;190;189m▀[0m[38;2;0;0;0m▄      
       [38;2;0;0;0m▄[38;2;0;0;0m[48;2;98;148;131m▀[0m[38;2;98;148;131m[48;2;98;148;131m▀[0m[38;2;230;222;230m[48;2;87;141;126m▀[0m[38;2;230;222;230m[48;2;87;141;126m▀[0m[38;2;0;0;0m[48;2;0;0;0m▀[0m  [38;2;0;0;0m▄[38;2;16;0;8m[48;2;90;206;139m▀[0m[38;2;90;206;139m[48;2;41;68;52m▀[0m[38;2;65;64;65m[48;2;71;121;123m▀[0m[38;2;71;121;123m[48;2;71;121;123m▀[0m[38;2;57;68;65m[48;2;101;111;115m▀[0m[38;2;189;198;213m[48;2;57;68;65m▀[0m[38;2;213;206;213m[48;2;213;206;213m▀[0m[38;2;213;206;213m[48;2;65;64;65m▀[0m[38;2;65;60;65m[48;2;74;131;106m▀[0m[38;2;82;202;148m[48;2;65;60;65m▀[0m[38;2;156;198;189m[48;2;106;168;153m▀[0m[38;2;57;138;117m[48;2;156;198;189m▀[0m[38;2;148;186;189m[48;2;98;124;126m▀[0m[38;2;0;0;0m[48;2;0;0;0m▀[0m [38;2;0;0;0m[48;2;0;0;0m▀[0m[38;2;120;161;145m[48;2;164;190;189m▀[0m[38;2;164;190;189m[48;2;164;190;189m▀[0m[38;2;172;206;197m[48;2;115;138;131m▀[0m[38;2;0;4;0m[48;2;0;4;0m▀[0m      
      [38;2;0;0;0m▄[38;2;0;0;0m[48;2;123;161;148m▀[0m[38;2;230;222;230m[48;2;87;141;126m▀[0m[38;2;87;141;126m[48;2;230;222;230m▀[0m[38;2;111;119;115m[48;2;222;234;230m▀[0m[38;2;0;4;0m[48;2;0;4;0m▀[0m  [38;2;0;0;0m▄[38;2;0;0;0m[48;2;90;206;139m▀[0m[38;2;82;202;148m[48;2;65;60;65m▀[0m[38;2;65;60;65m[48;2;74;131;106m▀[0m[38;2;71;121;123m[48;2;71;121;123m▀[0m[38;2;71;121;123m[48;2;65;64;65m▀[0m[38;2;76;72;68m[48;2;76;72;68m▀[0m[38;2;197;194;205m[48;2;76;72;68m▀[0m[38;2;194;184;191m[48;2;246;234;246m▀[0m[38;2;194;184;191m[48;2;90;85;82m▀[0m[38;2;65;64;65m[48;2;65;64;65m▀[0m[38;2;65;64;65m[48;2;71;121;123m▀[0m[38;2;109;179;148m[48;2;49;85;65m▀[0m[38;2;139;226;189m[48;2;109;179;148m▀[0m[38;2;71;120;123m[48;2;164;190;189m▀[0m[38;2;164;190;189m[48;2;71;120;123m▀[0m[38;2;8;0;0m[48;2;164;190;189m▀[0m[38;2;60;63;63m[48;2;60;63;63m▀[0m[38;2;120;160;148m[48;2;230;222;230m▀[0m[38;2;120;160;148m[48;2;230;222;230m▀[0m[38;2;222;242;238m[48;2;148;164;161m▀[0m[38;2;0;8;8m[48;2;148;164;161m▀[0m[38;2;0;0;0m▄     
  [38;2;0;0;0m▄[38;2;0;0;0m▄[38;2;0;0;0m[48;2;106;182;139m▀[0m[38;2;0;0;0m[48;2;106;182;139m▀[0m[38;2;0;0;0m[48;2;106;178;148m▀[0m[38;2;106;178;148m[48;2;106;178;148m▀[0m[38;2;120;161;148m[48;2;120;161;148m▀[0m[38;2;84;141;123m[48;2;120;161;148m▀[0m[38;2;0;0;0m[48;2;0;0;0m▀[0m   [38;2;0;0;0m[48;2;0;0;0m▀[0m[38;2;90;206;139m[48;2;90;206;139m▀[0m[38;2;65;64;65m[48;2;65;64;65m▀[0m[38;2;65;64;65m[48;2;82;78;68m▀[0m[38;2;65;64;65m[48;2;90;206;139m▀[0m[38;2;90;206;139m[48;2;90;206;139m▀[0m[38;2;65;137;123m[48;2;106;161;150m▀[0m[38;2;189;210;205m[48;2;65;137;123m▀[0m[38;2;191;191;202m[48;2;246;226;238m▀[0m[38;2;191;191;202m[48;2;82;121;131m▀[0m[38;2;71;68;68m[48;2;71;68;68m▀[0m[38;2;71;68;68m[48;2;164;190;189m▀[0m[38;2;65;64;65m[48;2;65;64;65m▀[0m[38;2;90;206;139m[48;2;90;206;139m▀[0m[38;2;164;190;189m[48;2;164;190;189m▀[0m[38;2;71;120;123m[48;2;71;120;123m▀[0m[38;2;120;161;148m[48;2;120;161;148m▀[0m[38;2;65;64;65m[48;2;120;161;148m▀[0m[38;2;65;64;65m[48;2;65;64;65m▀[0m[38;2;120;161;148m[48;2;120;161;148m▀[0m[38;2;175;191;189m[48;2;120;160;148m▀[0m[38;2;120;160;148m[48;2;230;222;230m▀[0m[38;2;0;0;0m[48;2;0;0;0m▀[0m     
[38;2;0;0;0m▄[38;2;0;0;0m[48;2;90;206;139m▀[0m[38;2;84;205;139m[48;2;84;205;139m▀[0m[38;2;84;205;139m[48;2;74;121;123m▀[0m[38;2;74;121;123m[48;2;84;205;139m▀[0m[38;2;74;121;123m[48;2;84;205;139m▀[0m[38;2;95;171;139m[48;2;74;117;123m▀[0m[38;2;106;198;148m[48;2;74;117;123m▀[0m[38;2;106;182;139m[48;2;106;182;139m▀[0m[38;2;0;0;0m[48;2;0;0;0m▀[0m    [38;2;0;0;0m[48;2;0;0;0m▀[0m[38;2;57;76;71m[48;2;172;230;213m▀[0m[38;2;169;233;211m[48;2;164;190;189m▀[0m[38;2;164;190;189m[48;2;169;233;211m▀[0m[38;2;57;72;65m[48;2;148;214;189m▀[0m[38;2;117;167;148m[48;2;57;72;65m▀[0m[38;2;205;255;172m[48;2;74;72;65m▀[0m[38;2;205;255;172m[48;2;74;72;65m▀[0m[38;2;65;64;65m[48;2;180;238;222m▀[0m[38;2;65;64;65m[48;2;142;180;169m▀[0m[38;2;169;233;211m[48;2;164;190;189m▀[0m[38;2;164;190;189m[48;2;169;233;211m▀[0m[38;2;164;190;189m[48;2;164;190;189m▀[0m[38;2;65;64;65m[48;2;65;64;65m▀[0m[38;2;84;206;142m[48;2;84;206;142m▀[0m[38;2;120;161;145m[48;2;120;161;145m▀[0m[38;2;74;121;123m[48;2;74;121;123m▀[0m[38;2;123;161;145m[48;2;123;161;145m▀[0m[38;2;57;68;65m[48;2;57;68;65m▀[0m[38;2;222;230;230m[48;2;139;149;148m▀[0m[38;2;230;222;230m[48;2;120;160;148m▀[0m[38;2;120;160;148m[48;2;175;191;189m▀[0m[38;2;0;0;0m[48;2;164;190;189m▀[0m[38;2;0;0;0m▄    
[38;2;0;0;0m▀[38;2;90;206;139m[48;2;0;0;0m▀[0m[38;2;74;121;123m[48;2;74;121;123m▀[0m[38;2;84;205;139m[48;2;84;205;139m▀[0m[38;2;84;205;139m[48;2;74;121;123m▀[0m[38;2;74;121;123m[48;2;84;205;139m▀[0m[38;2;84;205;139m[48;2;84;205;139m▀[0m[38;2;84;205;139m[48;2;74;121;123m▀[0m[38;2;74;121;123m[48;2;74;121;123m▀[0m[38;2;84;205;139m[48;2;84;205;139m▀[0m[38;2;0;0;0m[48;2;0;0;0m▀[0m  [38;2;0;0;0m[48;2;0;0;0m▀[0m[38;2;169;233;211m[48;2;164;190;189m▀[0m[38;2;164;190;189m[48;2;169;233;211m▀[0m[38;2;164;206;197m[48;2;164;206;197m▀[0m[38;2;164;206;197m[48;2;65;64;65m▀[0m[38;2;49;60;74m[48;2;205;255;172m▀[0m[38;2;205;255;172m[48;2;101;125;106m▀[0m[38;2;65;64;74m[48;2;205;255;197m▀[0m[38;2;159;191;156m[48;2;65;64;74m▀[0m[38;2;164;190;189m[48;2;164;190;189m▀[0m[38;2;169;233;211m[48;2;164;190;189m▀[0m[38;2;164;190;189m[48;2;169;233;211m▀[0m[38;2;164;190;189m[48;2;164;190;189m▀[0m[38;2;172;234;213m[48;2;172;234;213m▀[0m[38;2;65;64;65m[48;2;65;64;65m▀[0m[38;2;84;206;142m[48;2;84;206;142m▀[0m[38;2;120;161;145m[48;2;120;161;145m▀[0m[38;2;93;120;112m[48;2;115;161;148m▀[0m[38;2;115;161;148m[48;2;71;78;76m▀[0m[38;2;65;64;65m[48;2;0;0;0m▀[0m[38;2;65;64;65m[48;2;65;64;65m▀[0m[38;2;164;190;189m[48;2;86;206;139m▀[0m[38;2;164;190;189m[48;2;86;206;139m▀[0m[38;2;123;198;164m[48;2;123;198;164m▀[0m[38;2;0;0;0m[48;2;0;0;0m▀[0m    
[38;2;0;0;0m[48;2;0;0;0m▀[0m[38;2;74;121;123m[48;2;74;121;123m▀[0m[38;2;65;64;65m[48;2;65;64;65m▀[0m[38;2;65;64;65m[48;2;71;121;123m▀[0m[38;2;74;131;106m[48;2;65;60;65m▀[0m[38;2;82;202;148m[48;2;65;60;65m▀[0m[38;2;74;121;123m[48;2;84;205;139m▀[0m[38;2;74;121;123m[48;2;74;121;123m▀[0m[38;2;98;190;139m[48;2;98;190;139m▀[0m[38;2;98;190;139m[48;2;0;0;0m▀[0m[38;2;0;0;0m▀ [38;2;0;0;0m[48;2;0;0;0m▀[0m[38;2;164;190;189m[48;2;54;63;63m▀[0m[38;2;180;238;213m[48;2;180;238;213m▀[0m[38;2;145;182;167m[48;2;74;68;74m▀[0m[38;2;49;60;74m[48;2;205;255;172m▀[0m[38;2;205;255;172m[48;2;101;125;106m▀[0m[38;2;74;121;123m[48;2;238;226;230m▀[0m[38;2;238;226;230m[48;2;183;191;194m▀[0m[38;2;74;121;123m[48;2;74;121;123m▀[0m[38;2;205;255;172m[48;2;205;255;172m▀[0m[38;2;65;64;65m[48;2;65;64;65m▀[0m[38;2;164;190;189m[48;2;164;190;189m▀[0m[38;2;169;233;211m[48;2;164;190;189m▀[0m[38;2;164;190;189m[48;2;169;233;211m▀[0m[38;2;164;206;197m[48;2;164;206;197m▀[0m[38;2;65;64;65m[48;2;164;206;197m▀[0m[38;2;65;64;65m[48;2;65;64;65m▀[0m[38;2;120;161;148m[48;2;65;64;65m▀[0m[38;2;54;63;63m[48;2;164;190;189m▀[0m[38;2;0;0;0m[48;2;0;0;0m▀[0m [38;2;0;0;0m[48;2;0;0;0m▀[0m[38;2;164;190;189m[48;2;71;120;123m▀[0m[38;2;164;190;189m[48;2;71;120;123m▀[0m[38;2;74;121;123m[48;2;74;121;123m▀[0m[38;2;74;121;123m[48;2;84;205;139m▀[0m[38;2;0;0;0m[48;2;60;132;104m▀[0m[38;2;0;0;0m[48;2;90;198;156m▀[0m[38;2;0;0;0m▄ 
[38;2;0;0;0m▀[38;2;74;121;123m[48;2;0;0;0m▀[0m[38;2;65;64;65m[48;2;65;64;65m▀[0m[38;2;71;121;123m[48;2;71;121;123m▀[0m[38;2;65;64;65m[48;2;65;64;65m▀[0m[38;2;71;121;123m[48;2;71;121;123m▀[0m[38;2;65;64;65m[48;2;65;64;65m▀[0m[38;2;65;64;65m[48;2;71;121;123m▀[0m[38;2;65;64;65m[48;2;0;0;0m▀[0m[38;2;0;0;0m▀  [38;2;0;0;0m▀[38;2;90;206;139m[48;2;0;0;0m▀[0m[38;2;57;64;65m[48;2;134;191;137m▀[0m[38;2;57;64;65m[48;2;172;255;172m▀[0m[38;2;205;226;189m[48;2;74;121;123m▀[0m[38;2;74;121;123m[48;2;205;226;189m▀[0m[38;2;197;194;205m[48;2;235;223;227m▀[0m[38;2;235;223;227m[48;2;197;194;205m▀[0m[38;2;189;191;200m[48;2;246;226;238m▀[0m[38;2;74;121;123m[48;2;74;121;123m▀[0m[38;2;205;255;172m[48;2;205;255;172m▀[0m[38;2;65;64;65m[48;2;65;64;65m▀[0m[38;2;164;190;189m[48;2;164;190;189m▀[0m[38;2;169;233;211m[48;2;169;233;211m▀[0m[38;2;164;190;189m[48;2;164;190;189m▀[0m[38;2;169;233;211m[48;2;169;233;211m▀[0m[38;2;142;180;169m[48;2;65;64;65m▀[0m[38;2;180;238;222m[48;2;65;64;65m▀[0m[38;2;65;64;65m[48;2;90;206;139m▀[0m[38;2;90;206;139m[48;2;65;64;65m▀[0m[38;2;0;0;8m[48;2;90;202;148m▀[0m[38;2;90;202;148m[48;2;60;134;101m▀[0m[38;2;74;121;123m[48;2;74;121;123m▀[0m[38;2;84;205;139m[48;2;74;121;123m▀[0m[38;2;74;121;123m[48;2;84;205;139m▀[0m[38;2;84;205;139m[48;2;74;121;123m▀[0m[38;2;74;121;123m[48;2;84;205;139m▀[0m[38;2;84;205;139m[48;2;74;121;123m▀[0m[38;2;90;206;139m[48;2;90;206;139m▀[0m[38;2;0;0;0m[48;2;0;0;0m▀[0m
  [38;2;0;0;0m▀[38;2;0;0;0m▀[38;2;54;75;76m[48;2;0;0;0m▀[0m[38;2;82;113;115m[48;2;0;0;0m▀[0m[38;2;0;0;0m▀[38;2;74;121;123m[48;2;0;0;0m▀[0m[38;2;0;0;0m▀    [38;2;0;0;0m▀[38;2;205;255;172m[48;2;0;0;0m▀[0m[38;2;205;255;172m[48;2;205;255;172m▀[0m[38;2;82;109;115m[48;2;8;0;0m▀[0m[38;2;57;72;76m[48;2;57;72;76m▀[0m[38;2;57;64;65m[48;2;112;118;120m▀[0m[38;2;222;226;230m[48;2;57;64;65m▀[0m[38;2;189;198;213m[48;2;57;68;65m▀[0m[38;2;101;111;115m[48;2;57;68;65m▀[0m[38;2;205;255;172m[48;2;205;255;172m▀[0m[38;2;84;206;139m[48;2;84;206;139m▀[0m[38;2;65;64;65m[48;2;90;206;139m▀[0m[38;2;65;64;65m[48;2;90;206;139m▀[0m[38;2;65;64;65m[48;2;90;206;139m▀[0m[38;2;65;64;65m[48;2;90;206;139m▀[0m[38;2;87;206;139m[48;2;150;198;90m▀[0m[38;2;87;206;139m[48;2;150;198;90m▀[0m[38;2;156;198;98m[48;2;0;0;8m▀[0m[38;2;52;66;38m[48;2;0;0;8m▀[0m[38;2;84;205;139m[48;2;84;205;139m▀[0m[38;2;74;121;123m[48;2;74;121;123m▀[0m[38;2;84;205;139m[48;2;84;205;139m▀[0m[38;2;74;121;123m[48;2;74;121;123m▀[0m[38;2;84;205;139m[48;2;84;205;139m▀[0m[38;2;74;121;123m[48;2;74;121;123m▀[0m[38;2;82;202;148m[48;2;65;60;65m▀[0m[38;2;74;131;106m[48;2;65;60;65m▀[0m[38;2;0;0;0m[48;2;0;0;0m▀[0m 
               [38;2;0;0;0m▀ [38;2;0;0;0m[48;2;0;0;0m▀[0m[38;2;71;121;123m[48;2;71;121;123m▀[0m[38;2;65;64;65m[48;2;65;64;65m▀[0m[38;2;71;121;123m[48;2;71;121;123m▀[0m[38;2;65;64;65m[48;2;65;64;65m▀[0m[38;2;208;254;172m[48;2;208;254;172m▀[0m[38;2;208;254;172m[48;2;208;254;172m▀[0m[38;2;205;255;156m[48;2;159;191;123m▀[0m[38;2;205;255;156m[48;2;65;64;57m▀[0m[38;2;148;198;90m[48;2;65;64;65m▀[0m[38;2;148;198;90m[48;2;65;64;65m▀[0m[38;2;65;64;65m[48;2;0;0;0m▀[0m[38;2;0;0;0m▀  [38;2;0;0;0m[48;2;0;0;0m▀[0m[38;2;54;75;76m[48;2;82;113;115m▀[0m[38;2;65;64;65m[48;2;65;64;65m▀[0m[38;2;65;64;65m[48;2;71;121;123m▀[0m[38;2;65;64;65m[48;2;65;64;65m▀[0m[38;2;65;64;65m[48;2;71;121;123m▀[0m[38;2;65;64;65m[48;2;65;64;65m▀[0m[38;2;71;121;123m[48;2;71;121;123m▀[0m[38;2;0;0;0m[48;2;0;0;0m▀[0m 
                 [38;2;0;0;0m▀[38;2;98;206;148m[48;2;8;0;8m▀[0m[38;2;38;68;54m[48;2;8;0;8m▀[0m[38;2;74;121;123m[48;2;84;205;139m▀[0m[38;2;74;121;123m[48;2;84;205;139m▀[0m[38;2;65;64;65m[48;2;65;64;65m▀[0m[38;2;65;64;65m[48;2;90;206;139m▀[0m[38;2;65;64;65m[48;2;90;206;139m▀[0m[38;2;65;64;65m[48;2;65;64;65m▀[0m[38;2;90;206;139m[48;2;0;0;0m▀[0m[38;2;90;206;139m[48;2;0;0;0m▀[0m[38;2;0;0;0m▀   [38;2;0;0;0m▀[38;2;74;121;123m[48;2;0;0;0m▀[0m[38;2;0;0;0m▀[38;2;74;121;123m[48;2;0;0;0m▀[0m[38;2;0;0;0m▀[38;2;74;121;123m[48;2;0;0;0m▀[0m[38;2;65;64;65m[48;2;0;0;0m▀[0m[38;2;0;0;0m▀  
                    [38;2;0;0;0m▀[38;2;0;0;0m▀[38;2;0;0;0m▀[38;2;0;0;0m▀[38;2;0;0;0m▀[38;2;0;0;0m▀                
[0m
