      [38;2;0;0;0m▄[38;2;0;0;0m[48;2;255;242;139m▀[0m[38;2;0;0;0m[48;2;255;242;139m▀[0m[38;2;0;0;0m[48;2;255;242;139m▀[0m[38;2;0;0;0m▄[38;2;0;0;0m▄                
       [38;2;0;0;0m▀[38;2;156;137;131m[48;2;0;0;0m▀[0m[38;2;156;133;139m[48;2;189;168;142m▀[0m[38;2;255;238;148m[48;2;156;133;139m▀[0m[38;2;164;151;106m[48;2;246;226;156m▀[0m[38;2;0;0;8m[48;2;164;151;106m▀[0m[38;2;0;0;0m▄     [38;2;0;0;0m▄[38;2;0;0;0m▄[38;2;0;0;0m[48;2;255;242;139m▀[0m[38;2;0;0;0m[48;2;255;242;139m▀[0m[38;2;0;0;0m[48;2;255;242;139m▀[0m[38;2;0;0;0m▄[38;2;0;0;0m▄  
        [38;2;0;0;0m▀[38;2;189;170;180m[48;2;8;8;0m▀[0m[38;2;128;116;120m[48;2;189;170;180m▀[0m[38;2;194;179;63m[48;2;159;136;126m▀[0m[38;2;159;136;126m[48;2;194;179;63m▀[0m[38;2;0;0;0m[48;2;156;137;131m▀[0m[38;2;0;0;0m▄  [38;2;0;0;0m▄[38;2;0;0;0m[48;2;255;242;139m▀[0m[38;2;255;238;139m[48;2;156;133;148m▀[0m[38;2;255;238;139m[48;2;189;168;145m▀[0m[38;2;180;160;175m[48;2;230;222;230m▀[0m[38;2;180;160;175m[48;2;230;222;230m▀[0m[38;2;180;161;180m[48;2;230;218;175m▀[0m[38;2;255;246;172m[48;2;180;161;180m▀[0m[38;2;255;242;156m[48;2;169;161;112m▀[0m[38;2;0;0;24m[48;2;255;242;156m▀[0m[38;2;0;0;0m▄
         [38;2;0;0;0m▀[38;2;180;161;172m[48;2;0;0;0m▀[0m[38;2;134;130;128m[48;2;74;68;65m▀[0m[38;2;74;68;65m[48;2;255;255;255m▀[0m[38;2;84;84;84m[48;2;255;255;255m▀[0m[38;2;0;0;0m[48;2;84;84;84m▀[0m[38;2;0;0;0m▄[38;2;0;0;0m[48;2;65;64;65m▀[0m[38;2;255;238;148m[48;2;156;133;139m▀[0m[38;2;156;133;139m[48;2;189;168;142m▀[0m[38;2;180;160;175m[48;2;180;160;175m▀[0m[38;2;230;222;230m[48;2;230;222;230m▀[0m[38;2;230;222;230m[48;2;230;222;230m▀[0m[38;2;230;222;230m[48;2;0;0;0m▀[0m[38;2;230;222;230m[48;2;0;0;0m▀[0m[38;2;230;222;230m[48;2;0;0;0m▀[0m[38;2;0;0;0m▀[38;2;0;0;0m▀ 
      [38;2;0;0;0m▄[38;2;0;0;0m[48;2;169;169;169m▀[0m[38;2;0;0;0m[48;2;255;255;255m▀[0m[38;2;0;0;0m[48;2;172;174;172m▀[0m[38;2;0;0;0m▄[38;2;0;0;0m[48;2;169;169;169m▀[0m[38;2;169;169;169m[48;2;255;255;255m▀[0m[38;2;172;176;172m[48;2;255;255;255m▀[0m[38;2;213;215;213m[48;2;172;176;172m▀[0m[38;2;65;64;65m[48;2;65;64;65m▀[0m[38;2;255;242;139m[48;2;65;64;65m▀[0m[38;2;148;129;137m[48;2;189;161;172m▀[0m[38;2;189;161;172m[48;2;65;64;65m▀[0m[38;2;172;157;164m[48;2;86;78;82m▀[0m[38;2;0;0;0m▀[38;2;0;0;0m▀      
     [38;2;0;0;0m▄[38;2;0;0;0m[48;2;255;242;139m▀[0m[38;2;255;255;255m[48;2;65;64;65m▀[0m[38;2;255;255;255m[48;2;65;64;65m▀[0m[38;2;255;255;255m[48;2;255;255;255m▀[0m[38;2;255;255;255m[48;2;65;64;65m▀[0m[38;2;255;255;255m[48;2;65;64;65m▀[0m[38;2;255;255;255m[48;2;65;64;65m▀[0m[38;2;255;255;255m[48;2;65;64;65m▀[0m[38;2;255;255;255m[48;2;255;255;255m▀[0m[38;2;169;175;172m[48;2;255;255;255m▀[0m[38;2;169;175;172m[48;2;169;175;172m▀[0m[38;2;74;72;74m[48;2;255;255;255m▀[0m[38;2;164;163;164m[48;2;164;163;164m▀[0m[38;2;230;230;222m[48;2;156;156;150m▀[0m[38;2;8;8;8m[48;2;230;230;222m▀[0m[38;2;0;0;0m▄      
     [38;2;0;0;0m[48;2;0;0;0m▀[0m[38;2;255;242;139m[48;2;255;242;139m▀[0m[38;2;139;116;112m[48;2;139;116;112m▀[0m[38;2;255;242;139m[48;2;255;242;139m▀[0m[38;2;74;64;65m[48;2;128;117;120m▀[0m[38;2;238;222;230m[48;2;238;222;230m▀[0m[38;2;230;222;230m[48;2;230;222;230m▀[0m[38;2;139;113;115m[48;2;139;113;115m▀[0m[38;2;255;238;139m[48;2;255;238;139m▀[0m[38;2;74;60;74m[48;2;134;120;95m▀[0m[38;2;65;64;65m[48;2;255;246;197m▀[0m[38;2;255;246;197m[48;2;65;64;65m▀[0m[38;2;255;255;255m[48;2;255;255;255m▀[0m[38;2;255;255;255m[48;2;169;175;172m▀[0m[38;2;156;156;150m[48;2;230;230;222m▀[0m[38;2;230;230;222m[48;2;8;8;8m▀[0m[38;2;0;0;0m▀      
    [38;2;0;0;0m[48;2;0;0;0m▀[0m[38;2;169;175;169m[48;2;169;175;169m▀[0m[38;2;65;64;65m[48;2;65;64;65m▀[0m[38;2;255;206;148m[48;2;255;206;148m▀[0m[38;2;156;97;106m[48;2;189;133;120m▀[0m[38;2;230;223;227m[48;2;230;223;227m▀[0m[38;2;180;161;172m[48;2;230;223;227m▀[0m[38;2;185;167;172m[48;2;230;222;230m▀[0m[38;2;139;113;115m[48;2;139;113;115m▀[0m[38;2;255;242;139m[48;2;139;116;112m▀[0m[38;2;139;116;112m[48;2;255;242;139m▀[0m[38;2;246;230;180m[48;2;131;117;104m▀[0m[38;2;74;60;65m[48;2;246;230;180m▀[0m[38;2;222;226;222m[48;2;65;64;65m▀[0m[38;2;169;172;169m[48;2;222;226;222m▀[0m[38;2;230;230;222m[48;2;156;156;150m▀[0m[38;2;8;8;8m[48;2;230;230;222m▀[0m[38;2;0;0;0m▄      
     [38;2;0;0;0m▀[38;2;65;64;65m[48;2;0;0;0m▀[0m[38;2;205;105;115m[48;2;205;105;115m▀[0m[38;2;255;255;255m[48;2;255;255;255m▀[0m[38;2;233;223;227m[48;2;233;223;227m▀[0m[38;2;233;223;227m[48;2;233;223;227m▀[0m[38;2;238;218;230m[48;2;238;218;230m▀[0m[38;2;255;218;131m[48;2;249;218;164m▀[0m[38;2;183;109;112m[48;2;255;255;255m▀[0m[38;2;183;109;112m[48;2;183;109;112m▀[0m[38;2;230;222;230m[48;2;255;242;139m▀[0m[38;2;230;222;230m[48;2;230;222;230m▀[0m[38;2;65;64;65m[48;2;65;64;65m▀[0m[38;2;222;222;222m[48;2;222;222;222m▀[0m[38;2;222;222;216m[48;2;222;222;216m▀[0m[38;2;172;174;172m[48;2;172;174;172m▀[0m[38;2;222;222;222m[48;2;222;222;222m▀[0m[38;2;0;0;0m[48;2;0;0;0m▀[0m     
      [38;2;0;0;0m▀[38;2;197;149;115m[48;2;0;0;0m▀[0m[38;2;197;149;115m[48;2;197;149;115m▀[0m[38;2;82;145;164m[48;2;164;178;189m▀[0m[38;2;246;210;213m[48;2;164;178;189m▀[0m[38;2;233;209;172m[48;2;189;157;189m▀[0m[38;2;233;209;172m[48;2;255;234;164m▀[0m[38;2;255;255;246m[48;2;211;103;109m▀[0m[38;2;211;103;109m[48;2;233;179;178m▀[0m[38;2;255;246;139m[48;2;255;246;139m▀[0m[38;2;216;201;183m[48;2;197;178;205m▀[0m[38;2;65;64;65m[48;2;65;64;65m▀[0m[38;2;222;222;222m[48;2;222;222;222m▀[0m[38;2;172;174;172m[48;2;0;0;0m▀[0m[38;2;0;0;0m▀[38;2;0;0;0m▀      
   [38;2;0;0;0m▄[38;2;0;0;0m▄[38;2;0;0;0m▄ [38;2;0;0;0m▄[38;2;86;78;82m[48;2;172;157;164m▀[0m[38;2;213;149;164m[48;2;74;60;65m▀[0m[38;2;167;120;131m[48;2;74;60;65m▀[0m[38;2;180;161;175m[48;2;180;161;175m▀[0m[38;2;180;161;175m[48;2;180;161;175m▀[0m[38;2;255;234;148m[48;2;191;176;126m▀[0m[38;2;255;234;148m[48;2;65;60;82m▀[0m[38;2;180;161;172m[48;2;0;0;0m▀[0m[38;2;0;0;0m▀[38;2;222;222;222m[48;2;0;0;0m▀[0m[38;2;222;222;222m[48;2;222;222;222m▀[0m[38;2;213;222;222m[48;2;142;148;148m▀[0m[38;2;0;0;0m[48;2;0;0;0m▀[0m       
[38;2;0;0;0m▄[38;2;0;0;0m[48;2;180;161;172m▀[0m[38;2;0;0;0m[48;2;180;161;172m▀[0m[38;2;180;161;175m[48;2;65;64;65m▀[0m[38;2;180;161;175m[48;2;180;161;175m▀[0m[38;2;126;111;115m[48;2;189;165;172m▀[0m[38;2;0;4;0m[48;2;63;58;57m▀[0m[38;2;60;56;57m[48;2;180;161;172m▀[0m[38;2;180;161;172m[48;2;0;4;0m▀[0m[38;2;180;161;175m[48;2;180;161;175m▀[0m[38;2;180;161;175m[48;2;65;64;65m▀[0m[38;2;65;64;65m[48;2;164;222;255m▀[0m[38;2;65;64;65m[48;2;164;222;255m▀[0m[38;2;65;60;57m[48;2;205;230;246m▀[0m[38;2;159;174;183m[48;2;159;174;183m▀[0m[38;2;159;156;159m[48;2;79;78;79m▀[0m[38;2;0;0;0m[48;2;238;234;238m▀[0m[38;2;60;60;65m[48;2;180;165;180m▀[0m[38;2;60;60;65m[48;2;0;8;8m▀[0m[38;2;0;0;0m▀        
 [38;2;0;0;0m▀[38;2;65;64;65m▀[38;2;180;161;172m[48;2;0;0;0m▀[0m[38;2;180;161;172m[48;2;0;0;0m▀[0m[38;2;139;113;115m[48;2;0;0;0m▀[0m[38;2;0;0;0m▀[38;2;0;0;0m▀[38;2;0;0;0m▄[38;2;0;8;8m[48;2;60;60;65m▀[0m[38;2;60;60;65m[48;2;180;165;180m▀[0m[38;2;180;151;159m[48;2;65;64;65m▀[0m[38;2;180;151;159m[48;2;180;151;159m▀[0m[38;2;238;218;230m[48;2;180;167;175m▀[0m[38;2;65;64;65m[48;2;65;64;65m▀[0m[38;2;230;223;227m[48;2;180;161;172m▀[0m[38;2;230;223;227m[48;2;230;223;227m▀[0m[38;2;238;218;230m[48;2;65;60;65m▀[0m[38;2;180;165;175m[48;2;180;165;175m▀[0m[38;2;0;0;0m[48;2;65;64;65m▀[0m[38;2;0;0;0m▄       
      [38;2;0;0;0m▄[38;2;0;0;0m[48;2;238;230;197m▀[0m[38;2;238;230;197m[48;2;238;230;197m▀[0m[38;2;180;161;172m[48;2;230;223;227m▀[0m[38;2;255;255;255m[48;2;180;161;172m▀[0m[38;2;255;255;255m[48;2;164;159;164m▀[0m[38;2;74;64;74m[48;2;255;255;255m▀[0m[38;2;65;64;65m[48;2;255;255;255m▀[0m[38;2;65;64;65m[48;2;255;255;255m▀[0m[38;2;180;167;175m[48;2;65;64;65m▀[0m[38;2;65;64;65m[48;2;238;218;230m▀[0m[38;2;230;222;230m[48;2;230;222;230m▀[0m[38;2;65;64;65m[48;2;230;222;230m▀[0m[38;2;197;174;156m[48;2;82;76;49m▀[0m[38;2;159;141;120m[48;2;197;174;156m▀[0m[38;2;0;0;0m[48;2;0;0;0m▀[0m      
     [38;2;0;0;0m▄[38;2;0;0;0m[48;2;180;161;172m▀[0m[38;2;238;230;197m[48;2;238;230;197m▀[0m[38;2;238;230;197m[48;2;65;64;65m▀[0m[38;2;65;64;65m[48;2;255;242;139m▀[0m[38;2;65;64;65m[48;2;255;242;139m▀[0m[38;2;238;222;230m[48;2;65;64;65m▀[0m[38;2;180;169;175m[48;2;238;222;230m▀[0m[38;2;180;161;180m[48;2;255;246;172m▀[0m[38;2;180;161;180m[48;2;230;218;175m▀[0m[38;2;65;64;65m[48;2;230;222;230m▀[0m[38;2;230;222;230m[48;2;65;64;65m▀[0m[38;2;128;117;120m[48;2;238;222;230m▀[0m[38;2;238;222;230m[48;2;74;64;65m▀[0m[38;2;65;64;65m[48;2;189;174;98m▀[0m[38;2;189;174;98m[48;2;189;174;98m▀[0m[38;2;189;170;123m[48;2;189;170;123m▀[0m[38;2;0;0;0m[48;2;0;0;0m▀[0m     
     [38;2;0;0;0m[48;2;0;0;0m▀[0m[38;2;74;74;71m[48;2;222;222;213m▀[0m[38;2;65;64;65m[48;2;65;64;65m▀[0m[38;2;191;180;65m[48;2;191;180;65m▀[0m[38;2;139;116;112m[48;2;139;116;112m▀[0m[38;2;180;163;175m[48;2;180;163;175m▀[0m[38;2;255;242;139m[48;2;255;242;139m▀[0m[38;2;65;64;65m[48;2;65;64;65m▀[0m[38;2;230;222;230m[48;2;230;222;230m▀[0m[38;2;255;242;139m[48;2;230;222;230m▀[0m[38;2;255;242;139m[48;2;230;222;230m▀[0m[38;2;255;242;139m[48;2;230;222;230m▀[0m[38;2;65;64;65m[48;2;180;161;175m▀[0m[38;2;180;161;175m[48;2;65;64;65m▀[0m[38;2;180;161;175m[48;2;65;64;65m▀[0m[38;2;180;161;175m[48;2;65;64;65m▀[0m[38;2;74;74;71m[48;2;222;222;213m▀[0m[38;2;0;0;0m[48;2;0;0;0m▀[0m     
     [38;2;0;0;0m▀[38;2;222;222;222m[48;2;0;0;0m▀[0m[38;2;131;117;115m[48;2;131;117;115m▀[0m[38;2;82;64;65m[48;2;230;222;213m▀[0m[38;2;191;180;95m[48;2;65;64;57m▀[0m[38;2;255;238;115m[48;2;65;64;57m▀[0m[38;2;65;64;65m[48;2;65;64;65m▀[0m[38;2;65;64;65m[48;2;255;255;255m▀[0m[38;2;65;64;65m[48;2;139;115;111m▀[0m[38;2;65;64;65m[48;2;139;115;111m▀[0m[38;2;65;64;65m[48;2;255;255;255m▀[0m[38;2;65;64;65m[48;2;255;255;255m▀[0m[38;2;65;64;65m[48;2;222;222;222m▀[0m[38;2;222;222;222m[48;2;222;222;222m▀[0m[38;2;222;222;222m[48;2;139;114;112m▀[0m[38;2;222;222;222m[48;2;139;114;112m▀[0m[38;2;0;0;0m[48;2;0;0;0m▀[0m      
      [38;2;0;0;0m▀[38;2;222;222;213m[48;2;0;0;0m▀[0m[38;2;74;74;71m[48;2;0;0;0m▀[0m[38;2;0;0;0m▀[38;2;180;161;172m[48;2;0;0;0m▀[0m[38;2;65;64;65m[48;2;180;161;175m▀[0m[38;2;65;64;65m[48;2;65;64;65m▀[0m[38;2;246;242;246m[48;2;0;0;0m▀[0m[38;2;246;242;246m[48;2;246;242;246m▀[0m[38;2;139;114;112m[48;2;222;222;222m▀[0m[38;2;139;114;112m[48;2;222;222;222m▀[0m[38;2;127;113;111m[48;2;238;226;222m▀[0m[38;2;127;113;111m[48;2;16;0;0m▀[0m[38;2;222;222;222m[48;2;0;0;0m▀[0m[38;2;0;0;0m▀       
          [38;2;0;0;0m▀[38;2;180;161;172m[48;2;0;0;0m▀[0m[38;2;0;0;0m▀ [38;2;0;0;0m[48;2;0;0;0m▀[0m[38;2;60;60;65m[48;2;180;165;180m▀[0m[38;2;60;60;65m[48;2;0;8;8m▀[0m[38;2;0;0;0m▀          
               [38;2;0;0;0m▀            
[0m
