   [38;2;0;0;0m▄ [38;2;0;0;0m▄[38;2;0;0;0m[48;2;66;65;66m▀[0m[38;2;0;0;0m▄[38;2;0;0;0m▄  [38;2;0;0;0m▄[38;2;0;0;0m▄         
  [38;2;0;0;0m[48;2;0;0;0m▀[0m[38;2;66;65;66m[48;2;66;64;66m▀[0m[38;2;0;0;0m[48;2;66;65;66m▀[0m[38;2;66;65;66m[48;2;71;99;142m▀[0m[38;2;66;65;66m[48;2;76;119;186m▀[0m[38;2;66;65;66m[48;2;66;65;66m▀[0m[38;2;66;65;66m[48;2;79;78;79m▀[0m[38;2;0;0;0m[48;2;66;65;66m▀[0m[38;2;0;0;0m[48;2;79;78;79m▀[0m[38;2;78;79;78m[48;2;79;78;79m▀[0m[38;2;0;0;0m[48;2;0;0;0m▀[0m      [38;2;0;0;0m▄[38;2;0;0;0m[48;2;74;117;189m▀[0m[38;2;0;0;0m▄
 [38;2;0;0;0m▄[38;2;0;0;0m[48;2;66;65;66m▀[0m[38;2;66;64;66m[48;2;76;119;186m▀[0m[38;2;74;117;181m[48;2;74;117;189m▀[0m[38;2;74;117;181m[48;2;68;68;73m▀[0m[38;2;66;65;66m[48;2;79;79;79m▀[0m[38;2;66;65;66m[48;2;79;79;79m▀[0m[38;2;79;78;79m[48;2;79;79;79m▀[0m[38;2;79;78;79m[48;2;79;79;79m▀[0m[38;2;79;78;79m[48;2;66;65;66m▀[0m[38;2;66;65;66m[48;2;79;78;79m▀[0m[38;2;0;0;0m[48;2;71;70;71m▀[0m[38;2;0;0;0m▄ [38;2;0;0;0m▄[38;2;0;0;0m[48;2;62;71;88m▀[0m[38;2;8;4;0m▄[38;2;0;0;0m[48;2;76;119;186m▀[0m[38;2;74;117;189m[48;2;76;119;186m▀[0m[38;2;74;117;189m[48;2;0;0;0m▀[0m[38;2;0;0;0m▀
 [38;2;0;0;0m[48;2;0;0;0m▀[0m[38;2;66;65;66m[48;2;66;65;66m▀[0m[38;2;76;119;186m[48;2;66;65;66m▀[0m[38;2;68;68;73m[48;2;79;78;79m▀[0m[38;2;68;68;73m[48;2;79;78;79m▀[0m[38;2;79;79;79m[48;2;175;89;104m▀[0m[38;2;79;79;79m[48;2;140;32;41m▀[0m[38;2;79;79;79m[48;2;74;69;74m▀[0m[38;2;79;79;79m[48;2;74;69;74m▀[0m[38;2;79;78;79m[48;2;79;78;79m▀[0m[38;2;79;78;79m[48;2;66;65;66m▀[0m[38;2;71;70;71m[48;2;74;117;181m▀[0m[38;2;71;70;71m[48;2;74;117;181m▀[0m[38;2;0;0;0m[48;2;78;117;185m▀[0m[38;2;66;65;66m[48;2;66;93;140m▀[0m[38;2;62;71;88m[48;2;66;94;142m▀[0m[38;2;90;105;132m[48;2;66;65;66m▀[0m[38;2;66;65;66m[48;2;82;81;82m▀[0m[38;2;76;119;186m[48;2;54;55;54m▀[0m[38;2;0;0;0m[48;2;0;0;0m▀[0m 
[38;2;0;0;0m▀[38;2;66;65;66m[48;2;0;0;0m▀[0m[38;2;66;65;66m[48;2;140;162;198m▀[0m[38;2;79;78;79m[48;2;66;65;66m▀[0m[38;2;79;78;79m[48;2;66;65;66m▀[0m[38;2;66;65;66m[48;2;206;215;247m▀[0m[38;2;175;89;104m[48;2;214;219;239m▀[0m[38;2;247;203;231m[48;2;214;219;239m▀[0m[38;2;214;219;239m[48;2;66;65;66m▀[0m[38;2;74;69;74m[48;2;79;78;79m▀[0m[38;2;79;78;79m[48;2;68;68;73m▀[0m[38;2;79;78;79m[48;2;68;68;73m▀[0m[38;2;66;65;66m[48;2;74;113;181m▀[0m[38;2;71;99;142m[48;2;66;65;66m▀[0m[38;2;78;117;185m[48;2;66;65;66m▀[0m[38;2;78;117;185m[48;2;66;65;66m▀[0m[38;2;66;94;142m[48;2;74;69;57m▀[0m[38;2;66;65;66m[48;2;71;78;84m▀[0m[38;2;82;81;82m[48;2;79;79;79m▀[0m[38;2;0;4;0m[48;2;0;0;0m▀[0m  
[38;2;0;0;0m[48;2;0;0;0m▀[0m[38;2;140;162;198m[48;2;140;162;198m▀[0m[38;2;140;162;198m[48;2;66;64;66m▀[0m[38;2;140;162;198m[48;2;66;64;66m▀[0m[38;2;159;165;186m[48;2;68;70;71m▀[0m[38;2;66;65;66m[48;2;140;162;198m▀[0m[38;2;66;65;66m[48;2;140;162;198m▀[0m[38;2;66;65;66m[48;2;68;70;71m▀[0m[38;2;79;78;79m[48;2;73;70;68m▀[0m[38;2;79;78;79m[48;2;73;70;68m▀[0m[38;2;68;68;73m[48;2;66;65;66m▀[0m[38;2;74;117;189m[48;2;76;119;186m▀[0m[38;2;71;97;142m[48;2;66;93;140m▀[0m[38;2;71;97;142m[48;2;78;117;185m▀[0m[38;2;76;119;186m[48;2;78;117;185m▀[0m[38;2;76;119;186m[48;2;66;93;140m▀[0m[38;2;66;97;140m[48;2;74;117;189m▀[0m[38;2;71;78;84m[48;2;79;79;79m▀[0m[38;2;79;79;79m[48;2;0;0;0m▀[0m[38;2;0;0;0m▀  
 [38;2;0;0;0m▀[38;2;0;0;0m▀[38;2;0;0;0m▀[38;2;68;70;71m[48;2;0;0;0m▀[0m[38;2;68;70;71m[48;2;78;79;78m▀[0m[38;2;68;70;71m[48;2;79;78;79m▀[0m[38;2;68;70;71m[48;2;79;78;79m▀[0m[38;2;73;70;68m[48;2;66;65;66m▀[0m[38;2;107;146;173m[48;2;104;145;176m▀[0m[38;2;66;65;66m[48;2;66;65;66m▀[0m[38;2;76;119;186m[48;2;90;130;181m▀[0m[38;2;78;117;185m[48;2;76;118;186m▀[0m[38;2;78;117;185m[48;2;76;118;186m▀[0m[38;2;78;117;185m[48;2;74;117;189m▀[0m[38;2;78;117;185m[48;2;74;117;189m▀[0m[38;2;79;79;79m[48;2;74;117;189m▀[0m[38;2;74;117;189m[48;2;0;0;0m▀[0m[38;2;0;0;0m▀   
     [38;2;0;0;0m[48;2;0;0;0m▀[0m[38;2;66;65;66m[48;2;148;170;206m▀[0m[38;2;66;65;66m[48;2;98;114;137m▀[0m[38;2;104;145;176m[48;2;53;62;70m▀[0m[38;2;104;145;176m[48;2;99;121;140m▀[0m[38;2;90;130;181m[48;2;99;123;148m▀[0m[38;2;66;65;66m[48;2;66;65;66m▀[0m[38;2;76;118;186m[48;2;61;65;74m▀[0m[38;2;76;118;186m[48;2;61;65;74m▀[0m[38;2;74;117;189m[48;2;0;0;0m▀[0m[38;2;0;0;0m▀[38;2;0;0;0m▀     
      [38;2;0;4;0m▀[38;2;0;4;0m▀[38;2;8;4;0m▀[38;2;53;62;70m[48;2;0;0;0m▀[0m[38;2;66;65;66m[48;2;148;162;198m▀[0m[38;2;99;123;148m[48;2;54;56;66m▀[0m[38;2;115;130;148m[48;2;140;162;198m▀[0m[38;2;8;0;0m[48;2;0;0;0m▀[0m        
          [38;2;8;4;0m▀[38;2;8;4;0m▀[38;2;0;0;0m▀         
[0m
