        [38;2;0;0;0m▄[38;2;0;0;0m[48;2;104;94;154m▀[0m[38;2;0;0;0m▄                       
      [38;2;0;0;0m▄[38;2;0;0;0m[48;2;104;94;154m▀[0m[38;2;104;94;154m[48;2;104;94;153m▀[0m[38;2;104;94;154m[48;2;104;94;153m▀[0m[38;2;0;0;0m[48;2;57;52;74m▀[0m[38;2;8;8;0m▄[38;2;0;0;0m[48;2;107;97;148m▀[0m[38;2;0;0;0m[48;2;8;8;0m▀[0m                    
     [38;2;0;0;0m[48;2;0;0;0m▀[0m[38;2;104;94;154m[48;2;104;94;154m▀[0m[38;2;104;94;154m[48;2;104;94;154m▀[0m[38;2;104;94;153m[48;2;66;65;66m▀[0m[38;2;74;69;115m[48;2;98;102;148m▀[0m[38;2;107;97;148m[48;2;104;95;153m▀[0m[38;2;107;97;148m[48;2;104;95;153m▀[0m[38;2;107;97;148m[48;2;98;102;148m▀[0m[38;2;57;52;74m[48;2;66;65;66m▀[0m[38;2;0;0;0m[48;2;115;125;189m▀[0m[38;2;0;0;0m▄            [38;2;0;4;0m▄[38;2;0;4;0m▄[38;2;0;0;0m[48;2;104;94;154m▀[0m[38;2;0;0;0m▄  
 [38;2;0;0;0m[48;2;0;0;0m▀[0m[38;2;0;0;0m[48;2;115;125;189m▀[0m[38;2;0;0;0m▄[38;2;0;0;0m[48;2;66;65;66m▀[0m[38;2;107;93;156m[48;2;98;102;148m▀[0m[38;2;104;94;154m[48;2;98;102;148m▀[0m[38;2;66;65;66m[48;2;66;65;66m▀[0m[38;2;115;121;189m[48;2;115;125;189m▀[0m[38;2;66;65;66m[48;2;115;125;189m▀[0m[38;2;104;95;153m[48;2;66;65;66m▀[0m[38;2;104;95;153m[48;2;66;65;66m▀[0m[38;2;66;65;66m[48;2;115;121;181m▀[0m[38;2;115;121;189m[48;2;101;102;156m▀[0m[38;2;115;125;189m[48;2;104;94;153m▀[0m[38;2;0;0;0m[48;2;115;125;189m▀[0m[38;2;0;0;0m▄[38;2;0;0;0m▄        [38;2;8;8;0m▄[38;2;0;0;0m[48;2;107;97;148m▀[0m[38;2;55;52;74m[48;2;90;81;132m▀[0m[38;2;110;101;148m[48;2;106;94;154m▀[0m[38;2;104;94;154m[48;2;104;94;154m▀[0m[38;2;0;0;0m[48;2;66;65;66m▀[0m[38;2;0;0;0m▄ 
  [38;2;0;0;0m[48;2;8;4;8m▀[0m[38;2;115;125;189m[48;2;123;130;198m▀[0m[38;2;115;121;189m[48;2;104;94;153m▀[0m[38;2;66;65;66m[48;2;115;125;189m▀[0m[38;2;66;65;66m[48;2;115;125;189m▀[0m[38;2;115;121;189m[48;2;104;94;153m▀[0m[38;2;104;94;153m[48;2;107;97;148m▀[0m[38;2;104;94;153m[48;2;107;97;148m▀[0m[38;2;115;125;189m[48;2;41;39;49m▀[0m[38;2;115;125;189m[48;2;41;39;49m▀[0m[38;2;74;65;107m[48;2;90;81;132m▀[0m[38;2;87;83;131m[48;2;106;94;154m▀[0m[38;2;104;94;153m[48;2;104;95;153m▀[0m[38;2;104;94;153m[48;2;104;95;153m▀[0m[38;2;104;94;154m[48;2;107;97;148m▀[0m[38;2;104;94;154m[48;2;8;8;0m▀[0m[38;2;0;0;0m▀     [38;2;0;0;0m▄[38;2;0;0;0m[48;2;104;94;154m▀[0m[38;2;57;52;74m[48;2;90;81;132m▀[0m[38;2;107;97;148m[48;2;106;94;154m▀[0m[38;2;90;81;132m[48;2;101;95;153m▀[0m[38;2;106;94;154m[48;2;74;69;115m▀[0m[38;2;66;65;66m[48;2;104;94;153m▀[0m[38;2;104;94;154m[48;2;104;94;153m▀[0m[38;2;0;0;0m[48;2;55;52;74m▀[0m[38;2;0;4;0m▄
 [38;2;0;0;0m▀[38;2;123;130;198m[48;2;8;8;0m▀[0m[38;2;84;88;134m[48;2;107;97;148m▀[0m[38;2;104;94;153m[48;2;68;64;74m▀[0m[38;2;104;94;153m[48;2;107;97;156m▀[0m[38;2;104;94;153m[48;2;107;97;148m▀[0m[38;2;104;94;153m[48;2;8;4;0m▀[0m[38;2;41;37;49m[48;2;255;231;239m▀[0m[38;2;8;8;0m[48;2;16;0;0m▀[0m[38;2;8;8;0m[48;2;0;0;0m▀[0m[38;2;107;101;148m[48;2;104;94;154m▀[0m[38;2;106;94;154m[48;2;104;94;154m▀[0m[38;2;106;94;154m[48;2;104;94;154m▀[0m[38;2;104;95;153m[48;2;99;93;156m▀[0m[38;2;104;95;153m[48;2;66;65;66m▀[0m[38;2;57;52;74m[48;2;88;83;126m▀[0m[38;2;107;97;148m[48;2;99;93;156m▀[0m[38;2;0;0;0m[48;2;107;97;148m▀[0m[38;2;8;8;0m▄[38;2;0;0;0m▄  [38;2;0;0;0m▄[38;2;0;0;0m[48;2;104;94;154m▀[0m[38;2;104;94;154m[48;2;104;94;154m▀[0m[38;2;90;81;132m[48;2;104;94;154m▀[0m[38;2;106;94;154m[48;2;104;94;154m▀[0m[38;2;87;82;134m[48;2;104;95;153m▀[0m[38;2;101;95;153m[48;2;104;95;153m▀[0m[38;2;104;94;153m[48;2;90;81;132m▀[0m[38;2;74;69;115m[48;2;106;94;154m▀[0m[38;2;110;101;148m[48;2;107;93;156m▀[0m[38;2;0;4;0m[48;2;0;0;0m▀[0m
 [38;2;0;0;0m[48;2;0;0;0m▀[0m[38;2;107;97;148m[48;2;66;60;66m▀[0m[38;2;57;52;74m[48;2;98;98;148m▀[0m[38;2;107;97;156m[48;2;66;65;66m▀[0m[38;2;49;48;33m[48;2;104;94;154m▀[0m[38;2;41;35;49m[48;2;104;94;154m▀[0m[38;2;8;4;0m[48;2;104;94;154m▀[0m[38;2;135;115;119m[48;2;104;94;154m▀[0m[38;2;16;0;0m[48;2;104;94;154m▀[0m[38;2;104;94;154m[48;2;104;94;154m▀[0m[38;2;104;94;154m[48;2;66;65;66m▀[0m[38;2;66;65;66m[48;2;104;94;154m▀[0m[38;2;66;65;66m[48;2;66;65;66m▀[0m[38;2;66;65;66m[48;2;86;81;132m▀[0m[38;2;88;83;126m[48;2;86;81;132m▀[0m[38;2;66;65;66m[48;2;66;65;66m▀[0m[38;2;66;65;66m[48;2;115;125;189m▀[0m[38;2;57;52;74m[48;2;115;125;189m▀[0m[38;2;107;97;148m[48;2;66;56;66m▀[0m[38;2;107;93;156m[48;2;66;65;66m▀[0m[38;2;0;0;0m[48;2;104;94;154m▀[0m[38;2;0;0;0m[48;2;86;81;132m▀[0m[38;2;0;0;0m[48;2;86;81;132m▀[0m[38;2;104;94;154m[48;2;66;65;66m▀[0m[38;2;66;65;66m[48;2;86;81;132m▀[0m[38;2;66;65;66m[48;2;88;83;126m▀[0m[38;2;66;65;66m[48;2;66;65;66m▀[0m[38;2;104;95;153m[48;2;104;94;154m▀[0m[38;2;104;95;153m[48;2;104;94;154m▀[0m[38;2;106;94;154m[48;2;107;93;156m▀[0m[38;2;106;94;154m[48;2;0;0;0m▀[0m[38;2;0;0;0m▀ 
[38;2;0;0;0m[48;2;0;0;0m▀[0m[38;2;115;125;189m[48;2;110;110;170m▀[0m[38;2;115;117;189m[48;2;104;94;154m▀[0m[38;2;98;98;148m[48;2;104;94;154m▀[0m[38;2;104;94;154m[48;2;115;103;136m▀[0m[38;2;104;94;154m[48;2;66;65;66m▀[0m[38;2;104;94;154m[48;2;66;65;66m▀[0m[38;2;66;65;66m[48;2;127;109;115m▀[0m[38;2;66;65;66m[48;2;115;105;132m▀[0m[38;2;66;65;66m[48;2;66;65;66m▀[0m[38;2;66;65;66m[48;2;104;95;153m▀[0m[38;2;66;65;66m[48;2;104;95;153m▀[0m[38;2;104;94;154m[48;2;104;95;153m▀[0m[38;2;104;94;154m[48;2;104;95;153m▀[0m[38;2;66;65;66m[48;2;104;94;154m▀[0m[38;2;66;65;66m[48;2;104;94;154m▀[0m[38;2;66;65;66m[48;2;66;65;66m▀[0m[38;2;115;125;189m[48;2;115;125;189m▀[0m[38;2;115;125;189m[48;2;115;125;189m▀[0m[38;2;82;79;107m[48;2;74;68;115m▀[0m[38;2;104;94;154m[48;2;101;96;150m▀[0m[38;2;66;65;66m[48;2;123;125;189m▀[0m[38;2;66;65;66m[48;2;104;94;154m▀[0m[38;2;86;81;132m[48;2;66;65;66m▀[0m[38;2;86;81;132m[48;2;86;81;132m▀[0m[38;2;86;81;132m[48;2;86;81;132m▀[0m[38;2;66;65;66m[48;2;88;83;126m▀[0m[38;2;99;93;156m[48;2;66;65;66m▀[0m[38;2;66;65;66m[48;2;104;94;154m▀[0m[38;2;66;65;66m[48;2;0;0;0m▀[0m[38;2;0;0;0m▀   
[38;2;0;0;0m[48;2;0;0;0m▀[0m[38;2;110;110;170m[48;2;107;93;156m▀[0m[38;2;104;94;154m[48;2;0;0;0m▀[0m[38;2;66;65;66m[48;2;127;109;115m▀[0m[38;2;66;65;66m[48;2;127;109;115m▀[0m[38;2;115;103;136m[48;2;0;0;0m▀[0m[38;2;127;109;115m[48;2;60;60;76m▀[0m[38;2;66;65;66m[48;2;90;89;115m▀[0m[38;2;66;65;66m[48;2;88;83;126m▀[0m[38;2;98;91;110m[48;2;99;93;156m▀[0m[38;2;104;95;153m[48;2;106;94;154m▀[0m[38;2;104;95;153m[48;2;106;94;154m▀[0m[38;2;104;95;153m[48;2;88;83;126m▀[0m[38;2;104;95;153m[48;2;99;93;156m▀[0m[38;2;104;94;154m[48;2;66;65;66m▀[0m[38;2;66;65;66m[48;2;115;125;189m▀[0m[38;2;115;125;189m[48;2;115;125;189m▀[0m[38;2;115;125;189m[48;2;115;125;189m▀[0m[38;2;74;68;115m[48;2;74;69;115m▀[0m[38;2;74;68;115m[48;2;86;81;131m▀[0m[38;2;79;68;112m[48;2;101;96;150m▀[0m[38;2;101;96;150m[48;2;79;68;112m▀[0m[38;2;104;94;154m[48;2;74;69;115m▀[0m[38;2;104;94;154m[48;2;74;69;115m▀[0m[38;2;66;65;66m[48;2;98;91;154m▀[0m[38;2;66;65;66m[48;2;66;65;66m▀[0m[38;2;66;65;66m[48;2;107;93;156m▀[0m[38;2;99;93;156m[48;2;107;93;156m▀[0m[38;2;104;94;154m[48;2;90;81;132m▀[0m[38;2;0;0;0m[48;2;0;0;0m▀[0m    
 [38;2;0;0;0m▀ [38;2;0;0;0m▀[38;2;0;0;0m▀ [38;2;0;4;0m[48;2;0;0;0m▀[0m[38;2;60;60;76m[48;2;90;81;132m▀[0m[38;2;88;83;126m[48;2;66;60;74m▀[0m[38;2;66;65;66m[48;2;82;80;112m▀[0m[38;2;106;94;154m[48;2;88;83;126m▀[0m[38;2;90;81;132m[48;2;66;65;66m▀[0m[38;2;66;65;66m[48;2;104;94;154m▀[0m[38;2;66;65;66m[48;2;66;65;66m▀[0m[38;2;115;125;189m[48;2;115;125;189m▀[0m[38;2;115;125;189m[48;2;115;125;189m▀[0m[38;2;115;125;189m[48;2;74;69;115m▀[0m[38;2;74;68;115m[48;2;86;81;131m▀[0m[38;2;74;69;115m[48;2;104;95;153m▀[0m[38;2;74;69;115m[48;2;104;95;153m▀[0m[38;2;101;96;150m[48;2;76;68;112m▀[0m[38;2;123;125;189m[48;2;76;68;112m▀[0m[38;2;104;94;153m[48;2;104;94;154m▀[0m[38;2;104;94;153m[48;2;104;94;154m▀[0m[38;2;82;78;110m[48;2;66;65;66m▀[0m[38;2;66;65;66m[48;2;93;83;126m▀[0m[38;2;93;83;126m[48;2;93;89;142m▀[0m[38;2;66;65;66m[48;2;0;0;0m▀[0m[38;2;0;0;0m▀     
       [38;2;0;0;0m[48;2;0;0;0m▀[0m[38;2;115;121;189m[48;2;115;125;181m▀[0m[38;2;82;80;112m[48;2;57;62;90m▀[0m[38;2;66;65;66m[48;2;87;81;134m▀[0m[38;2;99;93;156m[48;2;101;93;153m▀[0m[38;2;104;94;154m[48;2;74;70;112m▀[0m[38;2;66;65;66m[48;2;74;70;112m▀[0m[38;2;98;95;151m[48;2;66;65;66m▀[0m[38;2;90;81;132m[48;2;104;94;154m▀[0m[38;2;86;81;131m[48;2;104;94;154m▀[0m[38;2;74;69;115m[48;2;104;94;154m▀[0m[38;2;104;95;153m[48;2;76;68;112m▀[0m[38;2;104;95;153m[48;2;76;68;112m▀[0m[38;2;115;125;189m[48;2;74;69;115m▀[0m[38;2;95;96;150m[48;2;104;94;153m▀[0m[38;2;66;65;66m[48;2;98;91;154m▀[0m[38;2;66;65;66m[48;2;66;65;66m▀[0m[38;2;107;93;156m[48;2;74;71;111m▀[0m[38;2;107;93;156m[48;2;74;71;111m▀[0m[38;2;93;89;142m[48;2;0;0;0m▀[0m[38;2;0;0;0m▀      
        [38;2;0;0;0m▀[38;2;115;125;181m[48;2;0;0;0m▀[0m[38;2;87;81;134m[48;2;0;0;0m▀[0m[38;2;74;69;115m[48;2;74;71;111m▀[0m[38;2;74;70;112m[48;2;74;70;112m▀[0m[38;2;74;70;112m[48;2;74;70;112m▀[0m[38;2;66;65;66m[48;2;63;63;85m▀[0m[38;2;66;65;66m[48;2;118;126;170m▀[0m[38;2;66;65;66m[48;2;98;98;148m▀[0m[38;2;104;94;154m[48;2;66;60;66m▀[0m[38;2;95;96;150m[48;2;66;65;66m▀[0m[38;2;115;125;189m[48;2;66;65;66m▀[0m[38;2;104;94;153m[48;2;66;65;66m▀[0m[38;2;74;69;115m[48;2;66;65;66m▀[0m[38;2;66;65;66m[48;2;66;65;66m▀[0m[38;2;82;78;110m[48;2;0;0;0m▀[0m[38;2;0;0;0m▀[38;2;0;0;0m▀        
          [38;2;8;4;0m▄[38;2;0;0;0m[48;2;90;90;126m▀[0m[38;2;66;65;66m[48;2;115;100;104m▀[0m[38;2;66;65;66m[48;2;115;100;104m▀[0m[38;2;63;63;85m[48;2;0;0;0m▀[0m[38;2;8;0;0m▀[38;2;115;117;189m[48;2;0;0;0m▀[0m[38;2;98;98;148m[48;2;107;93;156m▀[0m[38;2;86;81;132m[48;2;112;98;126m▀[0m[38;2;86;81;132m[48;2;60;51;63m▀[0m[38;2;66;65;66m[48;2;115;98;104m▀[0m[38;2;115;98;104m[48;2;115;98;104m▀[0m[38;2;0;0;0m[48;2;0;0;0m▀[0m           
         [38;2;0;0;0m▀[38;2;132;134;189m[48;2;0;0;0m▀[0m[38;2;90;90;126m[48;2;0;0;0m▀[0m[38;2;0;0;0m▀[38;2;115;100;104m[48;2;0;0;0m▀[0m[38;2;90;81;132m[48;2;0;0;0m▀[0m[38;2;0;0;0m▀[38;2;16;12;0m▄[38;2;0;0;0m[48;2;54;52;66m▀[0m[38;2;8;4;0m[48;2;98;89;120m▀[0m[38;2;112;98;126m[48;2;66;65;66m▀[0m[38;2;115;98;104m[48;2;107;97;99m▀[0m[38;2;66;65;66m[48;2;71;64;66m▀[0m[38;2;107;93;156m[48;2;0;0;0m▀[0m[38;2;0;0;0m▀          
               [38;2;0;0;0m▀[38;2;132;134;198m[48;2;0;0;0m▀[0m[38;2;93;93;132m[48;2;0;0;0m▀[0m[38;2;66;65;66m[48;2;115;125;189m▀[0m[38;2;115;101;148m[48;2;0;0;0m▀[0m[38;2;71;64;66m[48;2;115;125;189m▀[0m[38;2;0;0;0m[48;2;0;0;0m▀[0m            
                  [38;2;0;0;0m▀ [38;2;0;0;0m▀             
[0m
