      [38;2;0;0;0m▄[38;2;0;0;0m[48;2;255;186;74m▀[0m[38;2;0;0;0m▄       
     [38;2;0;0;0m▄[38;2;0;0;0m[48;2;255;167;85m▀[0m[38;2;255;186;74m[48;2;255;167;85m▀[0m[38;2;0;0;0m[48;2;255;170;90m▀[0m[38;2;0;4;16m▄      
   [38;2;0;0;0m▄[38;2;0;0;0m[48;2;181;113;57m▀[0m[38;2;66;65;66m[48;2;194;155;109m▀[0m[38;2;255;167;85m[48;2;194;155;109m▀[0m[38;2;255;167;85m[48;2;181;113;57m▀[0m[38;2;255;170;90m[48;2;255;166;82m▀[0m[38;2;85;59;40m[48;2;255;166;82m▀[0m[38;2;0;0;0m[48;2;119;117;107m▀[0m[38;2;24;0;0m▄    
 [38;2;0;0;0m▄[38;2;0;0;0m[48;2;197;227;222m▀[0m[38;2;198;235;222m[48;2;140;199;189m▀[0m[38;2;222;239;214m[48;2;198;235;222m▀[0m[38;2;181;113;57m[48;2;198;235;222m▀[0m[38;2;181;113;57m[48;2;203;211;214m▀[0m[38;2;222;239;214m[48;2;203;211;214m▀[0m[38;2;160;111;61m[48;2;198;239;222m▀[0m[38;2;160;111;61m[48;2;198;239;222m▀[0m[38;2;214;235;214m[48;2;137;190;192m▀[0m[38;2;214;235;214m[48;2;198;235;222m▀[0m[38;2;0;0;0m[48;2;198;235;222m▀[0m[38;2;0;0;0m▄  
[38;2;16;0;0m▄[38;2;0;0;0m[48;2;255;239;189m▀[0m[38;2;197;227;222m[48;2;198;235;222m▀[0m[38;2;255;255;255m[48;2;66;65;66m▀[0m[38;2;98;113;128m[48;2;198;236;220m▀[0m[38;2;98;113;128m[48;2;198;236;220m▀[0m[38;2;99;125;132m[48;2;198;235;222m▀[0m[38;2;255;255;255m[48;2;66;65;66m▀[0m[38;2;98;119;134m[48;2;198;236;220m▀[0m[38;2;148;179;178m[48;2;198;236;220m▀[0m[38;2;198;235;222m[48;2;198;236;220m▀[0m[38;2;198;235;222m[48;2;198;236;220m▀[0m[38;2;198;235;222m[48;2;198;235;222m▀[0m[38;2;0;0;0m[48;2;198;235;222m▀[0m[38;2;0;0;0m▄ 
[38;2;16;0;0m[48;2;0;0;0m▀[0m[38;2;175;159;126m[48;2;255;166;82m▀[0m[38;2;198;235;222m[48;2;90;97;99m▀[0m[38;2;198;235;222m[48;2;189;235;222m▀[0m[38;2;198;236;220m[48;2;189;235;222m▀[0m[38;2;198;236;220m[48;2;156;189;181m▀[0m[38;2;198;235;222m[48;2;203;203;203m▀[0m[38;2;198;235;222m[48;2;99;101;99m▀[0m[38;2;198;236;220m[48;2;90;97;99m▀[0m[38;2;198;236;220m[48;2;90;97;99m▀[0m[38;2;198;236;220m[48;2;255;223;165m▀[0m[38;2;198;236;220m[48;2;211;178;132m▀[0m[38;2;255;166;82m[48;2;255;186;74m▀[0m[38;2;198;235;222m[48;2;0;0;0m▀[0m[38;2;0;0;0m▀ 
 [38;2;0;0;0m▀[38;2;156;189;181m[48;2;0;0;0m▀[0m[38;2;90;97;99m[48;2;115;150;173m▀[0m[38;2;90;97;99m[48;2;255;255;255m▀[0m[38;2;90;97;99m[48;2;255;255;255m▀[0m[38;2;99;101;99m[48;2;247;255;255m▀[0m[38;2;255;255;255m[48;2;107;150;173m▀[0m[38;2;118;156;165m[48;2;137;191;192m▀[0m[38;2;132;186;198m[48;2;137;191;192m▀[0m[38;2;123;89;66m[48;2;181;182;156m▀[0m[38;2;211;178;132m[48;2;181;182;156m▀[0m[38;2;255;186;74m[48;2;0;0;0m▀[0m[38;2;0;0;0m▀  
   [38;2;0;0;0m▀[38;2;112;149;178m[48;2;0;0;0m▀[0m[38;2;112;149;178m[48;2;140;190;189m▀[0m[38;2;107;150;173m[48;2;137;191;192m▀[0m[38;2;153;185;200m[48;2;137;191;192m▀[0m[38;2;137;191;192m[48;2;137;191;192m▀[0m[38;2;137;191;192m[48;2;137;191;192m▀[0m[38;2;181;182;156m[48;2;66;65;66m▀[0m[38;2;0;0;0m[48;2;82;154;206m▀[0m[38;2;8;4;0m▄[38;2;8;4;0m▄  
    [38;2;0;0;0m▄[38;2;0;0;0m[48;2;115;107;115m▀[0m[38;2;137;191;192m[48;2;57;69;74m▀[0m[38;2;137;191;192m[48;2;167;174;123m▀[0m[38;2;137;191;192m[48;2;167;174;123m▀[0m[38;2;66;65;66m[48;2;57;69;74m▀[0m[38;2;82;154;206m[48;2;132;81;66m▀[0m[38;2;76;124;159m[48;2;82;154;206m▀[0m[38;2;90;158;206m[48;2;96;129;164m▀[0m[38;2;35;55;68m[48;2;66;150;214m▀[0m[38;2;0;0;0m[48;2;0;0;0m▀[0m 
   [38;2;0;0;0m▄[38;2;0;0;0m[48;2;131;150;164m▀[0m[38;2;115;107;115m[48;2;49;65;82m▀[0m[38;2;222;227;148m[48;2;82;71;43m▀[0m[38;2;57;69;74m[48;2;247;215;115m▀[0m[38;2;57;69;74m[48;2;255;227;115m▀[0m[38;2;222;227;148m[48;2;170;151;76m▀[0m[38;2;132;81;66m[48;2;148;154;127m▀[0m[38;2;132;81;66m[48;2;74;69;57m▀[0m[38;2;156;89;66m[48;2;66;60;66m▀[0m[38;2;156;89;66m[48;2;66;60;66m▀[0m[38;2;156;89;66m[48;2;140;190;189m▀[0m[38;2;0;0;0m[48;2;0;0;0m▀[0m
   [38;2;0;0;0m▀[38;2;214;235;247m[48;2;0;0;0m▀[0m[38;2;131;150;164m[48;2;0;0;0m▀[0m[38;2;0;0;8m▀[38;2;0;0;8m▀[38;2;0;0;0m▀[38;2;0;0;0m▀[38;2;74;69;57m[48;2;0;0;0m▀[0m[38;2;222;239;198m[48;2;140;190;189m▀[0m[38;2;140;190;189m[48;2;255;255;255m▀[0m[38;2;90;103;107m[48;2;0;0;0m▀[0m[38;2;140;190;189m[48;2;0;0;0m▀[0m[38;2;0;0;0m▀
           [38;2;0;0;0m▀[38;2;0;0;0m▀   
[0m
