         [38;2;0;4;0m▄[38;2;0;4;0m[48;2;82;79;70m▀[0m[38;2;0;4;0m[48;2;142;139;126m▀[0m[38;2;0;4;0m[48;2;142;139;126m▀[0m[38;2;0;4;0m▄[38;2;0;4;0m▄       
        [38;2;0;4;0m▄[38;2;8;8;0m[48;2;76;75;66m▀[0m[38;2;145;143;132m[48;2;76;75;66m▀[0m[38;2;140;139;128m[48;2;82;79;68m▀[0m[38;2;82;79;68m[48;2;82;79;68m▀[0m[38;2;82;79;68m[48;2;140;139;128m▀[0m[38;2;82;79;68m[48;2;82;79;68m▀[0m[38;2;0;4;0m[48;2;0;4;0m▀[0m      
     [38;2;0;4;0m▄[38;2;0;4;0m[48;2;82;79;70m▀[0m[38;2;8;8;0m[48;2;76;75;66m▀[0m[38;2;145;143;132m[48;2;76;75;66m▀[0m[38;2;142;138;128m[48;2;71;69;68m▀[0m[38;2;71;69;68m[48;2;71;69;68m▀[0m[38;2;74;73;68m[48;2;74;73;68m▀[0m[38;2;140;138;128m[48;2;74;73;68m▀[0m[38;2;140;139;128m[48;2;140;139;128m▀[0m[38;2;140;139;128m[48;2;82;79;68m▀[0m[38;2;77;74;68m[48;2;77;74;68m▀[0m[38;2;0;4;0m[48;2;77;74;68m▀[0m[38;2;0;4;0m▄    
    [38;2;0;4;0m▄[38;2;8;8;0m[48;2;76;75;66m▀[0m[38;2;145;143;132m[48;2;76;75;66m▀[0m[38;2;82;79;70m[48;2;82;79;70m▀[0m[38;2;82;79;70m[48;2;156;65;74m▀[0m[38;2;82;79;68m[48;2;82;79;68m▀[0m[38;2;82;79;68m[48;2;82;79;68m▀[0m[38;2;82;79;68m[48;2;82;79;68m▀[0m[38;2;82;79;68m[48;2;82;79;68m▀[0m[38;2;66;65;66m[48;2;82;78;68m▀[0m[38;2;66;65;66m[48;2;82;78;68m▀[0m[38;2;82;79;68m[48;2;82;79;68m▀[0m[38;2;82;79;68m[48;2;82;79;68m▀[0m[38;2;0;4;0m[48;2;82;79;70m▀[0m[38;2;0;4;0m▄   
   [38;2;0;4;0m▄[38;2;0;4;0m[48;2;156;65;74m▀[0m[38;2;186;88;87m[48;2;134;133;126m▀[0m[38;2;239;44;49m[48;2;134;133;126m▀[0m[38;2;74;73;66m[48;2;255;56;57m▀[0m[38;2;74;73;66m[48;2;164;64;61m▀[0m[38;2;160;65;74m[48;2;66;65;66m▀[0m[38;2;160;65;74m[48;2;66;65;66m▀[0m[38;2;66;65;66m[48;2;82;78;68m▀[0m[38;2;82;78;68m[48;2;82;78;68m▀[0m[38;2;168;66;65m[48;2;255;56;57m▀[0m[38;2;82;77;74m[48;2;82;77;74m▀[0m[38;2;168;66;65m[48;2;82;77;74m▀[0m[38;2;82;77;74m[48;2;255;56;57m▀[0m[38;2;78;75;70m[48;2;156;65;74m▀[0m[38;2;78;75;70m[48;2;78;75;70m▀[0m[38;2;0;4;0m[48;2;82;79;70m▀[0m[38;2;0;4;0m▄ 
 [38;2;0;4;0m▄[38;2;0;4;0m[48;2;255;255;255m▀[0m[38;2;140;139;128m[48;2;140;139;128m▀[0m[38;2;140;139;128m[48;2;140;139;128m▀[0m[38;2;145;145;142m[48;2;90;93;90m▀[0m[38;2;90;93;90m[48;2;255;251;247m▀[0m[38;2;255;255;255m[48;2;255;255;255m▀[0m[38;2;255;255;255m[48;2;139;139;127m▀[0m[38;2;168;66;65m[48;2;255;56;57m▀[0m[38;2;82;77;74m[48;2;82;77;74m▀[0m[38;2;160;60;61m[48;2;66;65;66m▀[0m[38;2;255;56;57m[48;2;66;65;66m▀[0m[38;2;66;65;66m[48;2;82;78;68m▀[0m[38;2;82;78;68m[48;2;82;78;68m▀[0m[38;2;85;78;68m[48;2;255;56;57m▀[0m[38;2;85;78;68m[48;2;85;78;68m▀[0m[38;2;66;65;66m[48;2;82;78;68m▀[0m[38;2;82;78;68m[48;2;66;65;66m▀[0m[38;2;82;79;70m[48;2;0;4;0m▀[0m[38;2;0;4;0m▀ 
[38;2;0;4;0m▄[38;2;8;8;0m[48;2;131;131;127m▀[0m[38;2;255;255;255m[48;2;131;131;127m▀[0m[38;2;94;97;99m[48;2;140;138;132m▀[0m[38;2;94;97;99m[48;2;94;97;99m▀[0m[38;2;85;90;85m[48;2;255;255;255m▀[0m[38;2;0;8;0m[48;2;0;8;0m▀[0m[38;2;255;255;255m[48;2;139;139;129m▀[0m[38;2;139;139;129m[48;2;82;81;66m▀[0m[38;2;156;65;74m[48;2;82;79;70m▀[0m[38;2;82;79;70m[48;2;156;65;74m▀[0m[38;2;82;79;68m[48;2;82;79;68m▀[0m[38;2;82;79;68m[48;2;82;79;68m▀[0m[38;2;160;64;70m[48;2;74;77;74m▀[0m[38;2;247;52;66m[48;2;160;64;70m▀[0m[38;2;77;75;74m[48;2;66;65;66m▀[0m[38;2;66;65;66m[48;2;99;97;90m▀[0m[38;2;74;69;66m[48;2;74;69;66m▀[0m[38;2;160;62;74m[48;2;74;69;66m▀[0m[38;2;66;66;66m[48;2;99;97;99m▀[0m[38;2;0;4;0m[48;2;99;97;99m▀[0m[38;2;0;4;0m▄
[38;2;0;4;0m▀[38;2;96;98;90m[48;2;8;12;8m▀[0m[38;2;140;142;132m[48;2;52;55;49m▀[0m[38;2;82;81;74m[48;2;82;81;74m▀[0m[38;2;82;81;74m[48;2;255;97;57m▀[0m[38;2;82;77;66m[48;2;192;85;54m▀[0m[38;2;82;77;66m[48;2;247;89;49m▀[0m[38;2;85;71;60m[48;2;170;86;63m▀[0m[38;2;255;101;66m[48;2;255;101;66m▀[0m[38;2;181;73;41m[48;2;76;75;68m▀[0m[38;2;76;75;68m[48;2;76;75;68m▀[0m[38;2;66;65;66m[48;2;137;137;126m▀[0m[38;2;66;65;66m[48;2;101;101;96m▀[0m[38;2;66;65;66m[48;2;94;97;94m▀[0m[38;2;66;65;66m[48;2;94;97;94m▀[0m[38;2;95;97;95m[48;2;95;97;95m▀[0m[38;2;95;97;95m[48;2;95;97;95m▀[0m[38;2;94;97;94m[48;2;94;97;94m▀[0m[38;2;94;97;94m[48;2;82;81;66m▀[0m[38;2;94;97;94m[48;2;94;97;94m▀[0m[38;2;94;97;94m[48;2;0;4;0m▀[0m[38;2;0;4;0m▀
 [38;2;0;4;0m[48;2;0;4;0m▀[0m[38;2;140;142;132m[48;2;93;96;88m▀[0m[38;2;140;140;127m[48;2;140;140;127m▀[0m[38;2;66;65;66m[48;2;140;140;127m▀[0m[38;2;66;65;66m[48;2;140;140;127m▀[0m[38;2;66;65;66m[48;2;140;140;127m▀[0m[38;2;66;65;66m[48;2;140;140;127m▀[0m[38;2;66;65;66m[48;2;140;140;127m▀[0m[38;2;140;139;128m[48;2;140;139;128m▀[0m[38;2;140;139;128m[48;2;140;139;128m▀[0m[38;2;140;138;132m[48;2;140;138;132m▀[0m[38;2;140;138;132m[48;2;94;97;99m▀[0m[38;2;94;97;94m[48;2;66;65;66m▀[0m[38;2;94;97;94m[48;2;94;97;94m▀[0m[38;2;99;97;90m[48;2;66;65;66m▀[0m[38;2;77;75;74m[48;2;66;65;66m▀[0m[38;2;94;97;94m[48;2;66;65;66m▀[0m[38;2;66;65;66m[48;2;94;97;94m▀[0m[38;2;0;4;0m[48;2;0;4;0m▀[0m  
  [38;2;0;4;0m▀[38;2;71;68;66m[48;2;0;4;0m▀[0m[38;2;71;68;66m[48;2;71;68;66m▀[0m[38;2;101;101;96m[48;2;66;65;66m▀[0m[38;2;66;65;66m[48;2;137;137;126m▀[0m[38;2;66;65;66m[48;2;137;137;126m▀[0m[38;2;101;101;96m[48;2;66;65;66m▀[0m[38;2;66;65;66m[48;2;140;140;127m▀[0m[38;2;66;65;66m[48;2;140;140;127m▀[0m[38;2;66;65;66m[48;2;94;97;94m▀[0m[38;2;66;65;66m[48;2;94;97;94m▀[0m[38;2;94;97;94m[48;2;66;65;66m▀[0m[38;2;66;65;66m[48;2;66;65;66m▀[0m[38;2;95;97;95m[48;2;95;97;95m▀[0m[38;2;95;97;95m[48;2;95;97;95m▀[0m[38;2;66;65;66m[48;2;66;65;66m▀[0m[38;2;66;65;66m[48;2;82;78;68m▀[0m[38;2;0;4;0m[48;2;82;79;70m▀[0m[38;2;0;4;0m▄ 
   [38;2;0;4;0m[48;2;0;4;0m▀[0m[38;2;74;71;68m[48;2;74;71;68m▀[0m[38;2;71;71;66m[48;2;71;71;66m▀[0m[38;2;142;139;132m[48;2;0;4;0m▀[0m[38;2;140;142;132m[48;2;0;4;0m▀[0m[38;2;93;96;88m[48;2;93;96;88m▀[0m[38;2;140;138;132m[48;2;140;138;132m▀[0m[38;2;140;138;132m[48;2;94;97;99m▀[0m[38;2;99;97;99m[48;2;0;4;0m▀[0m[38;2;66;66;66m[48;2;66;66;66m▀[0m[38;2;82;79;68m[48;2;82;79;68m▀[0m[38;2;82;79;68m[48;2;82;79;68m▀[0m[38;2;66;64;66m[48;2;0;4;0m▀[0m[38;2;0;4;0m▀[38;2;77;74;68m[48;2;0;4;0m▀[0m[38;2;77;74;68m[48;2;77;74;68m▀[0m[38;2;74;71;68m[48;2;74;71;68m▀[0m[38;2;0;4;0m[48;2;0;4;0m▀[0m 
    [38;2;0;4;0m▀[38;2;0;4;0m▀  [38;2;0;4;0m▀[38;2;0;4;0m▀[38;2;0;4;0m▀ [38;2;0;4;0m▀[38;2;74;71;68m[48;2;0;4;0m▀[0m[38;2;74;71;68m[48;2;0;4;0m▀[0m[38;2;0;4;0m▀  [38;2;0;4;0m▀[38;2;0;4;0m▀  
[0m
