              [38;2;0;4;0m▄[38;2;0;4;0m[48;2;119;117;119m▀[0m[38;2;0;4;0m[48;2;115;117;115m▀[0m[38;2;0;4;0m[48;2;82;78;65m▀[0m[38;2;0;4;0m▄             
           [38;2;0;4;0m▄[38;2;0;4;0m[48;2;66;60;57m▀[0m[38;2;0;4;0m[48;2;82;79;76m▀[0m[38;2;119;117;119m[48;2;82;78;65m▀[0m[38;2;119;117;119m[48;2;82;78;65m▀[0m[38;2;82;78;65m[48;2;94;93;86m▀[0m[38;2;82;78;65m[48;2;94;93;86m▀[0m[38;2;0;4;0m[48;2;123;117;115m▀[0m[38;2;0;4;0m▄            
           [38;2;0;4;0m[48;2;0;4;0m▀[0m[38;2;82;79;76m[48;2;82;81;66m▀[0m[38;2;115;117;115m[48;2;82;81;66m▀[0m[38;2;115;117;115m[48;2;117;119;115m▀[0m[38;2;82;78;65m[48;2;117;119;115m▀[0m[38;2;94;93;86m[48;2;82;79;68m▀[0m[38;2;189;44;49m[48;2;82;79;68m▀[0m[38;2;82;79;76m[48;2;239;81;49m▀[0m[38;2;82;79;76m[48;2;74;69;66m▀[0m[38;2;0;4;0m[48;2;0;4;0m▀[0m           
         [38;2;0;4;0m▄[38;2;0;4;0m[48;2;82;79;68m▀[0m[38;2;66;64;66m[48;2;82;79;68m▀[0m[38;2;82;81;66m[48;2;82;79;68m▀[0m[38;2;186;43;44m[48;2;82;79;68m▀[0m[38;2;82;81;66m[48;2;82;78;68m▀[0m[38;2;82;81;66m[48;2;247;97;57m▀[0m[38;2;82;79;68m[48;2;239;81;49m▀[0m[38;2;82;79;68m[48;2;74;73;66m▀[0m[38;2;74;69;66m[48;2;85;77;68m▀[0m[38;2;74;69;66m[48;2;85;77;68m▀[0m[38;2;82;79;70m[48;2;74;71;68m▀[0m[38;2;0;4;0m[48;2;0;4;0m▀[0m    [38;2;0;4;0m▄[38;2;0;4;0m▄    
         [38;2;0;4;0m[48;2;0;4;0m▀[0m[38;2;82;79;68m[48;2;129;55;57m▀[0m[38;2;82;79;68m[48;2;239;69;41m▀[0m[38;2;82;79;68m[48;2;66;65;66m▀[0m[38;2;82;79;68m[48;2;66;65;66m▀[0m[38;2;247;97;57m[48;2;76;72;68m▀[0m[38;2;82;78;68m[48;2;132;40;57m▀[0m[38;2;74;73;66m[48;2;82;79;68m▀[0m[38;2;74;73;66m[48;2;131;41;54m▀[0m[38;2;85;77;68m[48;2;255;166;82m▀[0m[38;2;255;113;74m[48;2;115;52;57m▀[0m[38;2;74;71;68m[48;2;131;41;54m▀[0m[38;2;0;4;0m[48;2;82;79;68m▀[0m[38;2;0;4;0m▄  [38;2;0;4;0m[48;2;0;4;0m▀[0m[38;2;119;117;119m[48;2;118;117;118m▀[0m[38;2;119;117;119m[48;2;118;117;118m▀[0m[38;2;0;4;0m[48;2;0;4;0m▀[0m   
        [38;2;0;4;0m[48;2;0;4;0m▀[0m[38;2;82;79;70m[48;2;115;52;60m▀[0m[38;2;129;55;57m[48;2;186;42;46m▀[0m[38;2;74;48;66m[48;2;186;42;46m▀[0m[38;2;132;40;53m[48;2;129;41;54m▀[0m[38;2;132;40;53m[48;2;129;41;54m▀[0m[38;2;76;72;68m[48;2;255;130;74m▀[0m[38;2;76;72;68m[48;2;255;130;74m▀[0m[38;2;131;41;54m[48;2;99;65;66m▀[0m[38;2;82;79;68m[48;2;99;65;66m▀[0m[38;2;115;52;57m[48;2;74;48;57m▀[0m[38;2;115;52;57m[48;2;255;97;66m▀[0m[38;2;131;41;54m[48;2;132;40;57m▀[0m[38;2;131;41;54m[48;2;132;40;57m▀[0m[38;2;0;4;0m[48;2;77;74;68m▀[0m[38;2;0;4;0m▄[38;2;0;4;0m[48;2;118;118;118m▀[0m[38;2;119;117;119m[48;2;118;118;118m▀[0m[38;2;118;117;118m[48;2;123;125;123m▀[0m[38;2;96;97;96m[48;2;0;8;0m▀[0m[38;2;0;4;0m▀   
       [38;2;0;4;0m[48;2;0;4;0m▀[0m[38;2;115;52;60m[48;2;99;69;71m▀[0m[38;2;115;52;60m[48;2;99;44;49m▀[0m[38;2;132;40;57m[48;2;126;48;55m▀[0m[38;2;186;42;46m[48;2;66;60;66m▀[0m[38;2;189;44;49m[48;2;66;56;66m▀[0m[38;2;129;41;54m[48;2;129;71;68m▀[0m[38;2;129;43;52m[48;2;129;45;55m▀[0m[38;2;255;130;74m[48;2;129;45;55m▀[0m[38;2;255;166;82m[48;2;186;42;46m▀[0m[38;2;99;65;66m[48;2;132;40;57m▀[0m[38;2;134;64;60m[48;2;140;28;49m▀[0m[38;2;134;64;60m[48;2;178;64;57m▀[0m[38;2;255;142;82m[48;2;132;40;57m▀[0m[38;2;255;142;82m[48;2;186;42;46m▀[0m[38;2;77;74;68m[48;2;66;65;66m▀[0m[38;2;77;74;68m[48;2;118;117;118m▀[0m[38;2;118;118;118m[48;2;118;117;118m▀[0m[38;2;118;118;118m[48;2;96;97;96m▀[0m[38;2;82;86;82m[48;2;94;97;94m▀[0m[38;2;0;8;0m[48;2;0;4;0m▀[0m    
 [38;2;0;4;0m▄[38;2;0;4;0m[48;2;95;97;95m▀[0m[38;2;0;4;0m[48;2;95;97;95m▀[0m[38;2;0;4;0m▄[38;2;0;4;0m▄[38;2;0;4;0m▄[38;2;0;4;0m[48;2;119;117;119m▀[0m[38;2;99;121;115m[48;2;118;117;118m▀[0m[38;2;99;69;71m[48;2;118;117;118m▀[0m[38;2;66;60;66m[48;2;93;94;93m▀[0m[38;2;186;36;44m[48;2;66;69;66m▀[0m[38;2;255;101;74m[48;2;152;113;103m▀[0m[38;2;66;56;66m[48;2;247;138;107m▀[0m[38;2;66;56;66m[48;2;255;170;90m▀[0m[38;2;192;34;44m[48;2;57;73;82m▀[0m[38;2;132;40;57m[48;2;192;67;57m▀[0m[38;2;186;42;46m[48;2;255;77;57m▀[0m[38;2;255;138;74m[48;2;255;166;82m▀[0m[38;2;255;138;74m[48;2;189;44;49m▀[0m[38;2;186;42;46m[48;2;126;48;55m▀[0m[38;2;132;40;57m[48;2;66;60;66m▀[0m[38;2;66;65;66m[48;2;118;118;118m▀[0m[38;2;118;117;118m[48;2;118;118;118m▀[0m[38;2;118;117;118m[48;2;94;97;94m▀[0m[38;2;96;97;96m[48;2;94;97;94m▀[0m[38;2;0;4;0m[48;2;0;4;0m▀[0m     
 [38;2;0;4;0m▀[38;2;95;97;95m[48;2;0;4;0m▀[0m[38;2;95;97;95m[48;2;99;97;99m▀[0m[38;2;99;97;99m[48;2;66;65;66m▀[0m[38;2;66;66;66m[48;2;118;117;118m▀[0m[38;2;119;117;119m[48;2;82;81;66m▀[0m[38;2;119;117;119m[48;2;117;119;115m▀[0m[38;2;118;117;118m[48;2;117;119;115m▀[0m[38;2;96;97;96m[48;2;117;119;115m▀[0m[38;2;120;120;120m[48;2;118;117;118m▀[0m[38;2;120;120;120m[48;2;96;97;96m▀[0m[38;2;57;89;99m[48;2;115;117;115m▀[0m[38;2;152;113;103m[48;2;66;65;57m▀[0m[38;2;156;121;86m[48;2;66;65;66m▀[0m[38;2;255;170;90m[48;2;137;137;126m▀[0m[38;2;66;48;57m[48;2;255;85;57m▀[0m[38;2;192;67;57m[48;2;82;73;74m▀[0m[38;2;189;44;49m[48;2;186;43;44m▀[0m[38;2;189;44;49m[48;2;186;43;44m▀[0m[38;2;186;36;44m[48;2;66;69;66m▀[0m[38;2;66;60;66m[48;2;120;120;120m▀[0m[38;2;118;118;118m[48;2;118;117;118m▀[0m[38;2;118;118;118m[48;2;96;97;96m▀[0m[38;2;94;97;94m[48;2;94;97;94m▀[0m[38;2;0;4;0m[48;2;0;4;0m▀[0m      
 [38;2;0;4;0m[48;2;0;4;0m▀[0m[38;2;99;97;99m[48;2;107;105;107m▀[0m[38;2;66;66;66m[48;2;71;71;71m▀[0m[38;2;118;117;118m[48;2;118;118;118m▀[0m[38;2;118;117;118m[48;2;118;118;118m▀[0m[38;2;117;119;115m[48;2;117;122;117m▀[0m[38;2;82;81;66m[48;2;90;97;90m▀[0m[38;2;117;119;115m[48;2;85;81;82m▀[0m[38;2;82;81;66m[48;2;255;235;247m▀[0m[38;2;118;117;118m[48;2;118;118;118m▀[0m[38;2;118;117;118m[48;2;118;118;118m▀[0m[38;2;115;117;115m[48;2;79;77;68m▀[0m[38;2;82;82;76m[48;2;93;95;95m▀[0m[38;2;101;101;96m[48;2;94;97;94m▀[0m[38;2;66;65;66m[48;2;66;65;66m▀[0m[38;2;82;73;74m[48;2;99;97;90m▀[0m[38;2;197;81;62m[48;2;66;65;66m▀[0m[38;2;66;65;66m[48;2;118;118;118m▀[0m[38;2;66;65;66m[48;2;118;118;118m▀[0m[38;2;120;120;120m[48;2;118;118;118m▀[0m[38;2;93;94;93m[48;2;118;118;118m▀[0m[38;2;118;117;118m[48;2;98;98;90m▀[0m[38;2;96;97;96m[48;2;115;117;115m▀[0m[38;2;94;97;94m[48;2;94;97;94m▀[0m[38;2;94;97;94m[48;2;94;97;94m▀[0m[38;2;0;4;0m[48;2;0;4;0m▀[0m     
 [38;2;0;4;0m▄[38;2;0;4;0m[48;2;118;118;118m▀[0m[38;2;107;105;107m[48;2;118;118;118m▀[0m[38;2;118;118;118m[48;2;117;119;115m▀[0m[38;2;118;118;118m[48;2;82;81;66m▀[0m[38;2;90;97;90m[48;2;60;63;60m▀[0m[38;2;173;174;173m[48;2;0;8;0m▀[0m[38;2;0;4;0m[48;2;247;231;247m▀[0m[38;2;255;235;247m[48;2;126;125;126m▀[0m[38;2;118;118;118m[48;2;115;117;115m▀[0m[38;2;118;118;118m[48;2;82;79;65m▀[0m[38;2;79;77;68m[48;2;79;77;68m▀[0m[38;2;93;95;95m[48;2;93;95;95m▀[0m[38;2;94;97;94m[48;2;94;97;94m▀[0m[38;2;66;65;66m[48;2;94;97;94m▀[0m[38;2;77;75;74m[48;2;66;65;66m▀[0m[38;2;66;65;66m[48;2;94;97;94m▀[0m[38;2;118;118;118m[48;2;96;97;96m▀[0m[38;2;118;118;118m[48;2;118;117;118m▀[0m[38;2;118;118;118m[48;2;115;117;115m▀[0m[38;2;118;118;118m[48;2;82;79;65m▀[0m[38;2;82;79;65m[48;2;94;97;94m▀[0m[38;2;82;79;65m[48;2;94;97;94m▀[0m[38;2;82;81;66m[48;2;94;97;94m▀[0m[38;2;94;97;94m[48;2;66;65;66m▀[0m[38;2;0;4;0m[48;2;94;97;94m▀[0m[38;2;0;4;0m▄    
 [38;2;0;4;0m[48;2;0;4;0m▀[0m[38;2;118;118;118m[48;2;123;121;123m▀[0m[38;2;118;118;118m[48;2;123;121;123m▀[0m[38;2;117;119;115m[48;2;95;97;95m▀[0m[38;2;82;81;66m[48;2;95;97;95m▀[0m[38;2;120;118;120m[48;2;79;77;68m▀[0m[38;2;120;118;120m[48;2;79;77;68m▀[0m[38;2;126;125;126m[48;2;82;81;66m▀[0m[38;2;66;73;66m[48;2;94;97;94m▀[0m[38;2;82;79;65m[48;2;94;97;94m▀[0m[38;2;98;98;90m[48;2;94;97;94m▀[0m[38;2;93;95;95m[48;2;66;65;66m▀[0m[38;2;79;77;68m[48;2;94;97;94m▀[0m[38;2;94;97;94m[48;2;66;65;66m▀[0m[38;2;66;65;66m[48;2;66;65;66m▀[0m[38;2;66;65;66m[48;2;99;97;90m▀[0m[38;2;66;65;66m[48;2;66;65;66m▀[0m[38;2;96;97;96m[48;2;66;65;66m▀[0m[38;2;96;97;96m[48;2;94;97;94m▀[0m[38;2;82;79;65m[48;2;77;75;74m▀[0m[38;2;98;98;90m[48;2;66;65;66m▀[0m[38;2;66;65;66m[48;2;94;97;94m▀[0m[38;2;66;65;66m[48;2;94;97;94m▀[0m[38;2;94;97;94m[48;2;66;65;66m▀[0m[38;2;66;65;66m[48;2;77;75;74m▀[0m[38;2;94;97;94m[48;2;99;101;99m▀[0m[38;2;0;4;0m[48;2;8;8;0m▀[0m    
  [38;2;0;8;0m▀[38;2;82;83;82m[48;2;0;4;0m▀[0m[38;2;95;97;95m[48;2;94;97;94m▀[0m[38;2;95;97;95m[48;2;94;97;94m▀[0m[38;2;93;95;95m[48;2;66;65;66m▀[0m[38;2;93;95;95m[48;2;66;65;66m▀[0m[38;2;94;97;94m[48;2;94;97;94m▀[0m[38;2;94;97;94m[48;2;94;97;94m▀[0m[38;2;66;65;66m[48;2;66;65;66m▀[0m[38;2;94;97;94m[48;2;66;65;66m▀[0m[38;2;66;65;66m[48;2;98;98;90m▀[0m[38;2;66;65;66m[48;2;82;79;65m▀[0m[38;2;77;75;74m[48;2;96;97;96m▀[0m[38;2;99;97;90m[48;2;96;97;96m▀[0m[38;2;77;75;74m[48;2;94;97;94m▀[0m[38;2;99;97;90m[48;2;82;81;66m▀[0m[38;2;66;65;66m[48;2;99;97;90m▀[0m[38;2;66;65;66m[48;2;99;97;90m▀[0m[38;2;66;65;66m[48;2;66;65;66m▀[0m[38;2;99;97;90m[48;2;66;65;66m▀[0m[38;2;66;65;66m[48;2;118;118;118m▀[0m[38;2;66;65;66m[48;2;118;118;118m▀[0m[38;2;66;65;66m[48;2;93;94;93m▀[0m[38;2;99;97;90m[48;2;66;69;66m▀[0m[38;2;68;70;66m[48;2;77;75;74m▀[0m[38;2;99;101;99m[48;2;99;97;90m▀[0m[38;2;0;4;0m[48;2;0;4;0m▀[0m   
 [38;2;0;4;0m▄[38;2;0;4;0m[48;2;82;78;68m▀[0m[38;2;94;97;94m[48;2;66;65;66m▀[0m[38;2;66;65;66m[48;2;95;97;95m▀[0m[38;2;66;65;66m[48;2;95;97;95m▀[0m[38;2;94;97;94m[48;2;94;97;94m▀[0m[38;2;66;65;66m[48;2;94;97;94m▀[0m[38;2;66;65;66m[48;2;66;65;66m▀[0m[38;2;66;65;66m[48;2;118;117;118m▀[0m[38;2;115;117;115m[48;2;118;118;118m▀[0m[38;2;82;82;82m[48;2;118;118;118m▀[0m[38;2;82;79;65m[48;2;82;81;66m▀[0m[38;2;115;117;115m[48;2;117;119;115m▀[0m[38;2;118;117;118m[48;2;118;118;118m▀[0m[38;2;96;97;96m[48;2;118;118;118m▀[0m[38;2;94;97;94m[48;2;120;119;120m▀[0m[38;2;94;97;94m[48;2;93;92;93m▀[0m[38;2;77;75;74m[48;2;66;65;66m▀[0m[38;2;66;65;66m[48;2;118;117;118m▀[0m[38;2;118;117;118m[48;2;96;97;96m▀[0m[38;2;118;117;118m[48;2;118;117;118m▀[0m[38;2;118;118;118m[48;2;96;97;96m▀[0m[38;2;118;118;118m[48;2;96;97;96m▀[0m[38;2;120;120;120m[48;2;93;95;95m▀[0m[38;2;93;94;93m[48;2;79;77;68m▀[0m[38;2;66;65;66m[48;2;66;65;66m▀[0m[38;2;99;97;90m[48;2;82;78;68m▀[0m[38;2;0;4;0m[48;2;94;97;94m▀[0m[38;2;0;4;0m▄  
[38;2;0;4;0m[48;2;0;4;0m▀[0m[38;2;82;79;70m[48;2;66;64;66m▀[0m[38;2;82;78;68m[48;2;66;65;66m▀[0m[38;2;66;65;66m[48;2;82;78;68m▀[0m[38;2;95;97;95m[48;2;66;64;66m▀[0m[38;2;95;97;95m[48;2;0;4;0m▀[0m[38;2;94;97;94m[48;2;66;70;66m▀[0m[38;2;66;65;66m[48;2;99;101;99m▀[0m[38;2;66;65;66m[48;2;94;97;94m▀[0m[38;2;118;117;118m[48;2;66;65;66m▀[0m[38;2;118;118;118m[48;2;118;117;118m▀[0m[38;2;118;118;118m[48;2;118;117;118m▀[0m[38;2;117;119;115m[48;2;94;97;94m▀[0m[38;2;82;81;66m[48;2;66;65;66m▀[0m[38;2;118;118;118m[48;2;118;117;118m▀[0m[38;2;118;118;118m[48;2;66;65;66m▀[0m[38;2;66;65;66m[48;2;82;78;68m▀[0m[38;2;66;65;66m[48;2;82;78;68m▀[0m[38;2;118;117;118m[48;2;66;65;66m▀[0m[38;2;118;117;118m[48;2;66;65;66m▀[0m[38;2;118;117;118m[48;2;118;117;118m▀[0m[38;2;96;97;96m[48;2;118;117;118m▀[0m[38;2;118;117;118m[48;2;79;77;68m▀[0m[38;2;118;117;118m[48;2;79;77;68m▀[0m[38;2;79;77;68m[48;2;94;97;94m▀[0m[38;2;93;95;95m[48;2;66;65;66m▀[0m[38;2;66;65;66m[48;2;94;97;94m▀[0m[38;2;82;78;68m[48;2;82;81;66m▀[0m[38;2;94;97;94m[48;2;99;101;99m▀[0m[38;2;0;4;0m[48;2;8;8;0m▀[0m  
 [38;2;0;4;0m▀[38;2;82;78;68m[48;2;0;4;0m▀[0m[38;2;82;78;68m[48;2;0;4;0m▀[0m[38;2;0;4;0m▀[38;2;0;4;0m▄[38;2;0;8;0m[48;2;94;97;94m▀[0m[38;2;66;70;66m[48;2;94;97;94m▀[0m[38;2;94;97;94m[48;2;79;77;68m▀[0m[38;2;94;97;94m[48;2;79;77;68m▀[0m[38;2;66;65;66m[48;2;66;65;66m▀[0m[38;2;66;65;66m[48;2;120;119;120m▀[0m[38;2;66;65;66m[48;2;118;117;118m▀[0m[38;2;94;97;94m[48;2;96;97;96m▀[0m[38;2;66;65;66m[48;2;117;119;115m▀[0m[38;2;66;65;66m[48;2;117;119;115m▀[0m[38;2;82;78;68m[48;2;66;65;66m▀[0m[38;2;66;65;66m[48;2;66;65;66m▀[0m[38;2;82;78;68m[48;2;82;78;68m▀[0m[38;2;82;78;68m[48;2;66;65;66m▀[0m[38;2;66;65;66m[48;2;82;79;68m▀[0m[38;2;66;65;66m[48;2;82;79;68m▀[0m[38;2;93;95;95m[48;2;66;65;66m▀[0m[38;2;93;95;95m[48;2;66;65;66m▀[0m[38;2;66;65;66m[48;2;115;117;115m▀[0m[38;2;66;65;66m[48;2;66;65;57m▀[0m[38;2;94;97;94m[48;2;94;97;94m▀[0m[38;2;94;97;94m[48;2;94;97;94m▀[0m[38;2;68;70;66m[48;2;79;77;68m▀[0m[38;2;99;101;99m[48;2;93;95;95m▀[0m[38;2;0;4;0m[48;2;0;4;0m▀[0m 
     [38;2;0;4;0m▀[38;2;94;97;94m[48;2;0;4;0m▀[0m[38;2;82;81;66m[48;2;0;4;0m▀[0m[38;2;93;95;95m[48;2;99;97;99m▀[0m[38;2;93;95;95m[48;2;99;97;99m▀[0m[38;2;93;92;93m[48;2;77;75;74m▀[0m[38;2;66;65;66m[48;2;99;97;90m▀[0m[38;2;118;117;118m[48;2;66;65;66m▀[0m[38;2;118;117;118m[48;2;94;97;94m▀[0m[38;2;82;81;66m[48;2;94;97;94m▀[0m[38;2;117;119;115m[48;2;82;81;66m▀[0m[38;2;118;117;118m[48;2;77;75;74m▀[0m[38;2;66;65;66m[48;2;66;65;66m▀[0m[38;2;66;65;66m[48;2;118;118;118m▀[0m[38;2;66;65;66m[48;2;118;118;118m▀[0m[38;2;82;79;68m[48;2;66;65;66m▀[0m[38;2;82;79;68m[48;2;66;65;66m▀[0m[38;2;66;65;66m[48;2;79;77;68m▀[0m[38;2;118;117;118m[48;2;79;77;68m▀[0m[38;2;82;82;76m[48;2;94;97;94m▀[0m[38;2;98;99;95m[48;2;94;97;94m▀[0m[38;2;66;65;66m[48;2;66;65;66m▀[0m[38;2;94;97;94m[48;2;94;97;94m▀[0m[38;2;79;77;68m[48;2;93;95;95m▀[0m[38;2;93;95;95m[48;2;79;77;68m▀[0m[38;2;0;4;0m[48;2;94;97;94m▀[0m[38;2;0;4;0m▄
       [38;2;0;4;0m▄[38;2;0;4;0m[48;2;66;65;66m▀[0m[38;2;66;66;66m[48;2;99;97;90m▀[0m[38;2;66;65;66m[48;2;94;97;94m▀[0m[38;2;66;65;66m[48;2;94;97;94m▀[0m[38;2;66;65;66m[48;2;94;97;94m▀[0m[38;2;66;65;66m[48;2;66;65;66m▀[0m[38;2;94;97;94m[48;2;0;4;0m▀[0m[38;2;94;97;94m[48;2;0;4;0m▀[0m[38;2;99;97;90m[48;2;0;4;0m▀[0m[38;2;66;65;66m[48;2;0;4;0m▀[0m[38;2;118;118;118m[48;2;0;4;0m▀[0m[38;2;118;118;118m[48;2;119;117;119m▀[0m[38;2;77;75;74m[48;2;77;75;74m▀[0m[38;2;99;97;90m[48;2;99;97;90m▀[0m[38;2;93;95;95m[48;2;99;97;90m▀[0m[38;2;79;77;68m[48;2;77;75;74m▀[0m[38;2;94;97;94m[48;2;0;4;0m▀[0m[38;2;0;4;0m▀[38;2;94;97;94m[48;2;0;4;0m▀[0m[38;2;94;97;94m[48;2;0;4;0m▀[0m[38;2;79;77;68m[48;2;94;97;94m▀[0m[38;2;79;77;68m[48;2;94;97;94m▀[0m[38;2;94;97;94m[48;2;0;4;0m▀[0m[38;2;0;4;0m▀
      [38;2;0;4;0m▀[38;2;82;79;70m[48;2;0;4;0m▀[0m[38;2;77;75;74m[48;2;0;4;0m▀[0m[38;2;66;65;66m[48;2;82;79;70m▀[0m[38;2;66;65;66m[48;2;82;78;68m▀[0m[38;2;66;65;66m[48;2;82;78;68m▀[0m[38;2;94;97;94m[48;2;0;4;0m▀[0m[38;2;94;97;94m[48;2;0;4;0m▀[0m[38;2;0;4;0m▀    [38;2;0;4;0m[48;2;0;4;0m▀[0m[38;2;66;65;66m[48;2;118;117;118m▀[0m[38;2;66;65;66m[48;2;118;117;118m▀[0m[38;2;66;65;66m[48;2;118;117;118m▀[0m[38;2;66;65;66m[48;2;118;117;118m▀[0m[38;2;0;4;0m[48;2;94;97;94m▀[0m[38;2;0;4;0m▄  [38;2;0;4;0m▀[38;2;0;4;0m▀  
         [38;2;0;4;0m▀[38;2;0;4;0m▀[38;2;0;4;0m▀     [38;2;0;4;0m▄[38;2;0;4;0m[48;2;74;71;68m▀[0m[38;2;119;117;119m[48;2;74;71;68m▀[0m[38;2;96;97;96m[48;2;66;65;66m▀[0m[38;2;118;117;118m[48;2;66;65;66m▀[0m[38;2;118;117;118m[48;2;99;101;99m▀[0m[38;2;96;97;96m[48;2;66;70;66m▀[0m[38;2;94;97;94m[48;2;66;70;66m▀[0m[38;2;94;97;94m[48;2;99;101;99m▀[0m[38;2;0;4;0m[48;2;0;4;0m▀[0m     
                  [38;2;0;4;0m▀[38;2;0;4;0m▀[38;2;82;78;68m[48;2;0;4;0m▀[0m[38;2;82;78;68m[48;2;0;4;0m▀[0m[38;2;0;8;0m▀[38;2;66;70;66m[48;2;0;4;0m▀[0m[38;2;66;70;66m[48;2;0;4;0m▀[0m[38;2;0;8;0m▀      
[0m
