     [38;2;0;0;0m▄[38;2;0;0;0m▄[38;2;0;0;0m[48;2;148;134;82m▀[0m[38;2;0;0;0m[48;2;148;132;82m▀[0m[38;2;0;0;0m[48;2;148;132;82m▀[0m[38;2;0;0;0m[48;2;140;125;90m▀[0m[38;2;0;0;0m[48;2;93;83;60m▀[0m[38;2;0;0;0m▄[38;2;0;0;0m▄    
  [38;2;0;0;0m▄[38;2;0;0;0m▄[38;2;8;12;0m[48;2;85;83;68m▀[0m[38;2;85;83;68m[48;2;239;227;206m▀[0m[38;2;115;113;82m[48;2;231;223;206m▀[0m[38;2;115;113;82m[48;2;231;223;206m▀[0m[38;2;148;132;82m[48;2;115;114;82m▀[0m[38;2;148;132;82m[48;2;115;114;82m▀[0m[38;2;148;132;82m[48;2;148;132;82m▀[0m[38;2;148;132;82m[48;2;148;132;82m▀[0m[38;2;148;132;82m[48;2;148;132;82m▀[0m[38;2;148;132;82m[48;2;148;132;82m▀[0m[38;2;0;0;0m[48;2;148;134;82m▀[0m[38;2;0;0;0m▄  
 [38;2;0;0;0m[48;2;0;0;0m▀[0m[38;2;132;125;82m[48;2;132;125;82m▀[0m[38;2;231;223;206m[48;2;231;223;206m▀[0m[38;2;231;223;206m[48;2;231;223;206m▀[0m[38;2;231;223;206m[48;2;115;113;82m▀[0m[38;2;115;115;82m[48;2;173;165;131m▀[0m[38;2;173;165;131m[48;2;173;165;131m▀[0m[38;2;173;166;132m[48;2;173;166;132m▀[0m[38;2;231;223;206m[48;2;173;166;132m▀[0m[38;2;126;120;98m[48;2;231;223;198m▀[0m[38;2;126;120;98m[48;2;74;69;49m▀[0m[38;2;148;132;82m[48;2;148;132;82m▀[0m[38;2;82;74;65m[48;2;82;74;65m▀[0m[38;2;140;130;82m[48;2;93;86;54m▀[0m[38;2;0;0;0m[48;2;140;130;82m▀[0m[38;2;0;0;0m▄ 
[38;2;0;4;8m[48;2;0;4;8m▀[0m[38;2;60;60;54m[48;2;181;174;148m▀[0m[38;2;231;223;206m[48;2;231;223;206m▀[0m[38;2;121;117;101m[48;2;66;65;49m▀[0m[38;2;231;223;206m[48;2;231;223;206m▀[0m[38;2;66;65;49m[48;2;121;117;101m▀[0m[38;2;115;110;88m[48;2;0;0;0m▀[0m[38;2;173;166;132m[48;2;0;0;0m▀[0m[38;2;159;178;110m[48;2;159;178;110m▀[0m[38;2;159;178;110m[48;2;66;65;66m▀[0m[38;2;104;105;93m[48;2;181;178;148m▀[0m[38;2;66;69;66m[48;2;66;69;66m▀[0m[38;2;148;132;82m[48;2;148;132;82m▀[0m[38;2;82;74;65m[48;2;148;132;82m▀[0m[38;2;148;132;82m[48;2;148;132;82m▀[0m[38;2;148;132;82m[48;2;82;74;65m▀[0m[38;2;0;0;0m[48;2;0;0;0m▀[0m 
 [38;2;0;0;0m▀[38;2;77;73;68m[48;2;0;0;0m▀[0m[38;2;231;219;206m[48;2;77;73;68m▀[0m[38;2;231;223;206m[48;2;66;65;66m▀[0m[38;2;231;223;206m[48;2;176;170;159m▀[0m[38;2;132;207;66m[48;2;115;115;82m▀[0m[38;2;132;207;66m[48;2;115;115;82m▀[0m[38;2;142;161;101m[48;2;112;127;71m▀[0m[38;2;112;127;71m[48;2;173;195;132m▀[0m[38;2;181;174;140m[48;2;66;65;57m▀[0m[38;2;66;65;57m[48;2;104;101;84m▀[0m[38;2;115;98;65m[48;2;115;98;65m▀[0m[38;2;148;132;82m[48;2;115;98;65m▀[0m[38;2;115;101;74m[48;2;115;101;74m▀[0m[38;2;76;67;52m[48;2;0;0;8m▀[0m[38;2;0;0;0m▀ 
   [38;2;0;0;0m▀[38;2;0;0;0m▀[38;2;0;0;0m▀[38;2;66;67;66m▀[38;2;66;67;66m[48;2;0;0;0m▀[0m[38;2;65;64;66m[48;2;82;73;66m▀[0m[38;2;65;64;66m[48;2;82;73;66m▀[0m[38;2;115;99;66m[48;2;82;73;66m▀[0m[38;2;115;99;66m[48;2;115;99;66m▀[0m[38;2;115;99;66m[48;2;115;99;66m▀[0m[38;2;115;99;66m[48;2;0;0;0m▀[0m[38;2;0;0;0m▀   
       [38;2;0;0;0m▄[38;2;0;0;0m[48;2;181;166;140m▀[0m[38;2;120;110;93m[48;2;60;55;46m▀[0m[38;2;115;99;66m[48;2;115;99;66m▀[0m[38;2;115;99;66m[48;2;0;0;0m▀[0m[38;2;0;0;0m▀[38;2;0;0;0m▄[38;2;0;0;0m▄[38;2;0;0;0m▄  
    [38;2;0;0;0m[48;2;0;0;0m▀[0m[38;2;0;0;0m[48;2;115;115;82m▀[0m[38;2;0;0;0m▄[38;2;0;0;0m[48;2;66;67;66m▀[0m[38;2;181;174;148m[48;2;231;223;206m▀[0m[38;2;181;174;148m[48;2;231;223;206m▀[0m[38;2;66;65;66m[48;2;231;223;198m▀[0m[38;2;66;65;66m[48;2;176;170;154m▀[0m[38;2;0;4;8m[48;2;60;60;57m▀[0m[38;2;181;174;156m[48;2;60;60;57m▀[0m[38;2;121;116;95m[48;2;66;65;49m▀[0m[38;2;176;167;142m[48;2;231;219;189m▀[0m[38;2;0;0;0m[48;2;231;223;206m▀[0m[38;2;0;0;0m▄
     [38;2;0;0;0m▀[38;2;115;115;82m[48;2;0;0;0m▀[0m[38;2;115;115;82m[48;2;0;0;0m▀[0m[38;2;77;73;68m[48;2;0;0;0m▀[0m[38;2;231;219;206m[48;2;0;0;0m▀[0m[38;2;231;222;206m[48;2;231;222;206m▀[0m[38;2;231;222;206m[48;2;231;222;206m▀[0m[38;2;173;166;132m[48;2;173;166;132m▀[0m[38;2;173;166;132m[48;2;231;223;206m▀[0m[38;2;231;223;206m[48;2;231;223;206m▀[0m[38;2;231;223;206m[48;2;0;0;0m▀[0m[38;2;231;223;206m[48;2;0;0;0m▀[0m[38;2;0;0;0m▀
          [38;2;0;0;0m▀[38;2;0;0;0m▀[38;2;0;0;0m▀[38;2;0;0;0m▀[38;2;0;0;0m▀   
[0m
