  [38;2;0;0;0m▄ [38;2;0;0;0m▄[38;2;0;0;0m[48;2;115;81;189m▀[0m[38;2;0;0;0m▄    [38;2;0;0;0m▄      
 [38;2;0;0;0m[48;2;0;0;0m▀[0m[38;2;198;199;198m[48;2;198;199;198m▀[0m[38;2;0;0;16m[48;2;189;166;231m▀[0m[38;2;126;110;159m[48;2;126;110;159m▀[0m[38;2;115;81;189m[48;2;115;81;189m▀[0m[38;2;0;0;0m[48;2;115;81;189m▀[0m[38;2;0;0;0m▄[38;2;0;0;0m▄[38;2;0;0;0m[48;2;173;113;222m▀[0m[38;2;0;0;0m[48;2;173;113;222m▀[0m[38;2;173;113;222m[48;2;173;113;222m▀[0m[38;2;0;0;0m[48;2;0;0;0m▀[0m     
 [38;2;0;0;0m▄[38;2;0;0;0m[48;2;198;199;198m▀[0m[38;2;255;255;247m[48;2;255;255;247m▀[0m[38;2;115;81;181m[48;2;208;197;225m▀[0m[38;2;115;81;189m[48;2;173;115;222m▀[0m[38;2;173;115;222m[48;2;173;115;222m▀[0m[38;2;173;115;222m[48;2;173;115;222m▀[0m[38;2;173;115;222m[48;2;173;115;222m▀[0m[38;2;173;115;222m[48;2;173;115;222m▀[0m[38;2;173;115;222m[48;2;173;115;222m▀[0m[38;2;173;117;239m[48;2;115;78;162m▀[0m[38;2;0;0;8m[48;2;0;0;8m▀[0m     
[38;2;0;0;0m▀[38;2;172;172;172m[48;2;8;8;8m▀[0m[38;2;255;255;255m[48;2;172;172;172m▀[0m[38;2;255;255;247m[48;2;255;255;247m▀[0m[38;2;211;187;227m[48;2;167;119;208m▀[0m[38;2;173;115;222m[48;2;173;115;222m▀[0m[38;2;173;115;222m[48;2;173;115;222m▀[0m[38;2;173;115;222m[48;2;173;115;222m▀[0m[38;2;173;115;222m[48;2;173;115;222m▀[0m[38;2;173;115;222m[48;2;173;115;222m▀[0m[38;2;115;81;189m[48;2;173;115;222m▀[0m[38;2;173;113;222m[48;2;173;113;222m▀[0m[38;2;0;0;0m[48;2;173;113;222m▀[0m[38;2;0;0;0m▄    
 [38;2;0;0;0m[48;2;0;0;0m▀[0m[38;2;82;58;111m[48;2;165;117;222m▀[0m[38;2;173;113;222m[48;2;173;113;222m▀[0m[38;2;74;65;115m[48;2;173;113;222m▀[0m[38;2;164;137;177m[48;2;255;231;255m▀[0m[38;2;164;137;177m[48;2;74;44;99m▀[0m[38;2;164;141;205m[48;2;74;56;156m▀[0m[38;2;164;141;205m[48;2;255;227;255m▀[0m[38;2;173;113;222m[48;2;74;65;115m▀[0m[38;2;173;113;222m[48;2;173;113;222m▀[0m[38;2;173;116;222m[48;2;115;82;189m▀[0m[38;2;173;116;222m[48;2;115;82;189m▀[0m[38;2;115;81;189m[48;2;0;0;0m▀[0m[38;2;0;0;0m▀   
 [38;2;0;0;0m[48;2;0;0;0m▀[0m[38;2;173;113;222m[48;2;173;113;222m▀[0m[38;2;173;115;222m[48;2;173;115;222m▀[0m[38;2;173;115;222m[48;2;173;115;222m▀[0m[38;2;74;56;123m[48;2;164;147;189m▀[0m[38;2;255;239;255m[48;2;74;56;123m▀[0m[38;2;255;239;255m[48;2;74;56;123m▀[0m[38;2;74;56;123m[48;2;164;147;189m▀[0m[38;2;173;113;222m[48;2;255;255;255m▀[0m[38;2;255;255;255m[48;2;214;184;238m▀[0m[38;2;173;113;222m[48;2;0;0;0m▀[0m[38;2;0;0;0m▀ [38;2;0;0;0m▄[38;2;0;0;0m▄  
  [38;2;0;0;0m▀[38;2;0;0;0m▀[38;2;214;182;247m[48;2;0;0;0m▀[0m[38;2;82;60;107m[48;2;0;4;0m▀[0m[38;2;165;117;214m[48;2;82;60;107m▀[0m[38;2;189;158;214m[48;2;66;65;66m▀[0m[38;2;66;65;66m[48;2;189;158;214m▀[0m[38;2;63;52;85m[48;2;118;93;170m▀[0m[38;2;8;12;0m[48;2;63;52;85m▀[0m[38;2;0;0;0m▄[38;2;0;0;0m[48;2;214;182;247m▀[0m[38;2;8;4;8m[48;2;222;182;255m▀[0m[38;2;222;182;255m[48;2;150;122;172m▀[0m[38;2;231;186;255m[48;2;156;125;175m▀[0m[38;2;8;4;16m[48;2;156;125;175m▀[0m[38;2;0;0;0m▄
 [38;2;0;0;0m▄[38;2;0;0;0m[48;2;198;199;198m▀[0m[38;2;0;0;0m[48;2;115;81;189m▀[0m[38;2;0;0;0m▄[38;2;0;0;0m▄[38;2;0;0;0m[48;2;115;81;189m▀[0m[38;2;198;190;206m[48;2;127;119;148m▀[0m[38;2;198;190;206m[48;2;57;48;90m▀[0m[38;2;115;82;189m[48;2;115;82;189m▀[0m[38;2;115;82;189m[48;2;115;82;189m▀[0m[38;2;66;65;66m[48;2;66;65;66m▀[0m[38;2;214;178;255m[48;2;164;140;192m▀[0m[38;2;231;186;255m[48;2;156;125;175m▀[0m[38;2;156;125;175m[48;2;8;4;16m▀[0m[38;2;0;0;0m▀[38;2;0;0;0m▀ 
 [38;2;0;0;0m▀[38;2;115;81;189m[48;2;0;0;0m▀[0m[38;2;123;107;160m[48;2;189;174;231m▀[0m[38;2;123;107;160m[48;2;57;40;90m▀[0m[38;2;66;65;66m[48;2;173;113;222m▀[0m[38;2;173;113;222m[48;2;173;113;222m▀[0m[38;2;66;65;66m[48;2;66;65;66m▀[0m[38;2;173;113;222m[48;2;173;113;222m▀[0m[38;2;160;147;164m[48;2;66;56;74m▀[0m[38;2;66;56;74m[48;2;255;239;255m▀[0m[38;2;66;56;74m[48;2;160;147;164m▀[0m[38;2;66;56;74m[48;2;255;239;255m▀[0m[38;2;173;134;206m[48;2;0;0;0m▀[0m[38;2;0;0;0m▀   
   [38;2;0;0;0m▀[38;2;173;113;222m[48;2;0;0;0m▀[0m[38;2;115;93;181m[48;2;0;4;0m▀[0m[38;2;57;48;90m[48;2;0;4;0m▀[0m[38;2;173;115;222m[48;2;115;81;189m▀[0m[38;2;173;115;222m[48;2;173;115;222m▀[0m[38;2;57;47;74m[48;2;0;12;0m▀[0m[38;2;173;117;222m[48;2;173;117;222m▀[0m[38;2;173;114;222m[48;2;255;255;255m▀[0m[38;2;173;114;222m[48;2;173;114;222m▀[0m[38;2;0;0;0m[48;2;0;0;0m▀[0m    
       [38;2;0;0;0m▀[38;2;0;0;0m▀ [38;2;0;0;0m▀[38;2;0;0;0m▀[38;2;0;0;0m▀     
[0m
