              [38;2;0;0;0m▄[38;2;0;0;0m[48;2;165;181;206m▀[0m[38;2;0;0;0m[48;2;255;255;255m▀[0m[38;2;65;65;65m[48;2;255;255;255m▀[0m[38;2;65;65;65m▄      
             [38;2;0;0;0m[48;2;0;0;0m▀[0m[38;2;255;255;255m[48;2;165;181;206m▀[0m[38;2;255;255;255m[48;2;255;255;255m▀[0m[38;2;165;181;206m[48;2;255;255;255m▀[0m[38;2;255;255;255m[48;2;255;255;255m▀[0m[38;2;255;255;255m[48;2;65;65;65m▀[0m[38;2;0;0;0m[48;2;255;255;255m▀[0m[38;2;0;0;0m[48;2;255;255;255m▀[0m[38;2;0;0;0m[48;2;255;255;255m▀[0m[38;2;0;0;0m[48;2;255;255;255m▀[0m[38;2;0;0;0m▄ 
              [38;2;0;0;0m▀[38;2;0;0;0m▀[38;2;255;255;255m[48;2;0;0;0m▀[0m[38;2;255;255;255m[48;2;255;255;255m▀[0m[38;2;255;255;255m[48;2;255;255;255m▀[0m[38;2;255;255;255m[48;2;255;255;255m▀[0m[38;2;165;181;206m[48;2;255;255;255m▀[0m[38;2;165;181;206m[48;2;255;255;255m▀[0m[38;2;255;255;255m[48;2;165;181;206m▀[0m[38;2;255;255;255m[48;2;255;255;255m▀[0m[38;2;0;0;0m[48;2;0;0;0m▀[0m
                [38;2;0;0;0m[48;2;0;0;0m▀[0m[38;2;255;255;255m[48;2;255;255;255m▀[0m[38;2;255;255;255m[48;2;255;255;255m▀[0m[38;2;65;65;65m[48;2;0;0;0m▀[0m[38;2;0;0;0m▀[38;2;255;255;255m[48;2;0;0;0m▀[0m[38;2;255;255;255m[48;2;0;0;0m▀[0m[38;2;0;0;0m▀ 
        [38;2;0;0;0m[48;2;0;0;0m▀[0m[38;2;0;0;0m[48;2;255;255;255m▀[0m[38;2;0;0;0m▄  [38;2;0;0;0m▄[38;2;0;0;0m▄[38;2;0;0;0m[48;2;255;255;255m▀[0m[38;2;255;255;255m[48;2;255;255;255m▀[0m[38;2;255;255;255m[48;2;255;255;255m▀[0m[38;2;255;255;255m[48;2;255;255;255m▀[0m[38;2;165;181;206m[48;2;206;214;247m▀[0m[38;2;0;0;0m[48;2;0;0;0m▀[0m    
      [38;2;0;0;0m▄[38;2;0;0;0m[48;2;255;255;255m▀[0m[38;2;165;181;206m[48;2;165;181;206m▀[0m[38;2;255;255;255m[48;2;255;255;255m▀[0m[38;2;165;181;206m[48;2;255;255;255m▀[0m[38;2;0;0;0m[48;2;206;214;247m▀[0m[38;2;0;0;0m[48;2;255;255;255m▀[0m[38;2;255;255;255m[48;2;65;65;65m▀[0m[38;2;255;255;255m[48;2;65;65;65m▀[0m[38;2;255;255;255m[48;2;255;255;255m▀[0m[38;2;255;255;255m[48;2;255;255;255m▀[0m[38;2;255;255;255m[48;2;255;255;255m▀[0m[38;2;255;255;255m[48;2;206;214;247m▀[0m[38;2;206;214;247m[48;2;206;214;247m▀[0m[38;2;165;181;206m[48;2;206;214;247m▀[0m[38;2;0;0;0m[48;2;0;0;0m▀[0m   
   [38;2;0;0;0m▄[38;2;0;0;0m▄[38;2;0;0;0m[48;2;156;115;90m▀[0m[38;2;255;255;255m[48;2;206;214;247m▀[0m[38;2;206;214;247m[48;2;255;255;255m▀[0m[38;2;255;255;255m[48;2;255;255;255m▀[0m[38;2;255;255;255m[48;2;255;255;255m▀[0m[38;2;255;255;255m[48;2;255;255;255m▀[0m[38;2;255;255;255m[48;2;0;0;0m▀[0m[38;2;255;255;255m[48;2;165;181;206m▀[0m[38;2;255;255;255m[48;2;255;255;255m▀[0m[38;2;165;181;206m[48;2;255;255;255m▀[0m[38;2;65;65;65m[48;2;65;65;65m▀[0m[38;2;255;255;255m[48;2;255;255;255m▀[0m[38;2;255;255;255m[48;2;206;214;247m▀[0m[38;2;206;214;247m[48;2;206;214;247m▀[0m[38;2;206;214;247m[48;2;206;214;247m▀[0m[38;2;206;214;247m[48;2;206;214;247m▀[0m[38;2;0;0;0m[48;2;0;0;0m▀[0m   
[38;2;0;0;0m▄[38;2;0;0;0m[48;2;165;181;206m▀[0m[38;2;0;0;0m[48;2;165;181;206m▀[0m[38;2;165;181;206m[48;2;0;0;0m▀[0m[38;2;0;0;0m[48;2;255;255;255m▀[0m[38;2;247;214;156m[48;2;65;65;65m▀[0m[38;2;156;115;90m[48;2;156;115;90m▀[0m[38;2;165;181;206m[48;2;255;255;255m▀[0m[38;2;255;255;255m[48;2;0;0;0m▀[0m[38;2;255;255;255m[48;2;156;115;90m▀[0m[38;2;165;181;206m[48;2;214;173;115m▀[0m[38;2;255;255;255m[48;2;0;0;0m▀[0m[38;2;0;0;0m[48;2;156;115;90m▀[0m[38;2;255;255;255m[48;2;206;214;247m▀[0m[38;2;206;214;247m[48;2;206;214;247m▀[0m[38;2;206;214;247m[48;2;206;214;247m▀[0m[38;2;65;65;65m[48;2;65;65;65m▀[0m[38;2;206;214;247m[48;2;206;214;247m▀[0m[38;2;206;214;247m[48;2;206;214;247m▀[0m[38;2;206;214;247m[48;2;206;214;247m▀[0m[38;2;165;181;206m[48;2;0;0;0m▀[0m[38;2;0;0;0m▀   
[38;2;0;0;0m▀[38;2;165;181;206m[48;2;0;0;0m▀[0m[38;2;165;181;206m[48;2;165;181;206m▀[0m[38;2;0;0;0m[48;2;165;181;206m▀[0m[38;2;255;255;255m[48;2;0;0;0m▀[0m[38;2;65;65;65m[48;2;65;65;65m▀[0m[38;2;247;214;156m[48;2;156;115;90m▀[0m[38;2;0;0;0m[48;2;247;214;156m▀[0m[38;2;156;115;90m[48;2;247;214;156m▀[0m[38;2;247;214;156m[48;2;247;214;156m▀[0m[38;2;247;214;156m[48;2;247;214;156m▀[0m[38;2;247;214;156m[48;2;65;65;65m▀[0m[38;2;214;173;115m[48;2;247;214;156m▀[0m[38;2;156;115;90m[48;2;156;115;90m▀[0m[38;2;206;214;247m[48;2;165;181;206m▀[0m[38;2;165;181;206m[48;2;65;65;65m▀[0m[38;2;65;65;65m[48;2;206;214;247m▀[0m[38;2;65;65;65m[48;2;165;181;206m▀[0m[38;2;206;214;247m[48;2;65;65;65m▀[0m[38;2;165;181;206m[48;2;0;0;0m▀[0m[38;2;0;0;0m▀    
  [38;2;0;0;0m▀[38;2;0;0;0m▀[38;2;0;0;0m[48;2;0;0;0m▀[0m[38;2;156;115;90m[48;2;247;148;123m▀[0m[38;2;247;148;123m[48;2;156;115;90m▀[0m[38;2;156;115;90m[48;2;247;148;123m▀[0m[38;2;156;115;90m[48;2;247;148;123m▀[0m[38;2;247;214;156m[48;2;156;115;90m▀[0m[38;2;65;65;65m[48;2;0;0;0m▀[0m[38;2;255;255;255m[48;2;255;255;255m▀[0m[38;2;65;65;65m[48;2;65;65;65m▀[0m[38;2;165;181;206m[48;2;0;0;0m▀[0m[38;2;65;65;65m[48;2;206;214;247m▀[0m[38;2;206;214;247m[48;2;206;214;247m▀[0m[38;2;206;214;247m[48;2;206;214;247m▀[0m[38;2;206;214;247m[48;2;165;181;206m▀[0m[38;2;255;255;255m[48;2;165;181;206m▀[0m[38;2;206;214;247m[48;2;255;255;255m▀[0m[38;2;0;0;0m[48;2;255;255;255m▀[0m[38;2;0;0;0m▄   
     [38;2;0;0;0m▀[38;2;247;148;123m[48;2;0;0;0m▀[0m[38;2;247;148;123m[48;2;0;0;0m▀[0m[38;2;156;115;90m[48;2;0;0;0m▀[0m[38;2;0;0;0m▀ [38;2;0;0;0m▀[38;2;0;0;0m▀ [38;2;0;0;0m▀[38;2;206;214;247m[48;2;0;0;0m▀[0m[38;2;206;214;247m[48;2;0;0;0m▀[0m[38;2;255;255;255m[48;2;255;255;255m▀[0m[38;2;255;255;255m[48;2;255;255;255m▀[0m[38;2;165;181;206m[48;2;255;255;255m▀[0m[38;2;255;255;255m[48;2;0;0;0m▀[0m[38;2;0;0;0m▀   
                 [38;2;0;0;0m▀[38;2;0;0;0m▀[38;2;0;0;0m▀     
[0m
