        [38;2;0;0;0m[48;2;0;0;0m▀[0m[38;2;0;0;0m[48;2;255;255;239m▀[0m[38;2;0;0;0m[48;2;255;255;239m▀[0m[38;2;0;0;0m[48;2;255;255;239m▀[0m[38;2;0;0;0m[48;2;255;255;239m▀[0m[38;2;0;0;0m▄[38;2;0;0;0m▄        
         [38;2;0;0;0m▀[38;2;247;206;206m[48;2;16;0;8m▀[0m[38;2;255;255;239m[48;2;255;231;231m▀[0m[38;2;255;255;239m[48;2;255;255;239m▀[0m[38;2;255;255;239m[48;2;255;255;239m▀[0m[38;2;255;255;239m[48;2;255;255;239m▀[0m[38;2;0;0;0m[48;2;255;255;239m▀[0m[38;2;0;0;0m▄      
    [38;2;0;0;0m▄[38;2;0;0;0m▄ [38;2;0;0;0m▄[38;2;0;0;0m[48;2;255;255;239m▀[0m[38;2;0;0;0m[48;2;247;206;206m▀[0m[38;2;255;231;231m[48;2;230;147;164m▀[0m[38;2;175;154;156m[48;2;255;255;239m▀[0m[38;2;255;255;239m[48;2;255;255;239m▀[0m[38;2;247;206;206m[48;2;231;150;165m▀[0m[38;2;255;255;239m[48;2;255;255;239m▀[0m[38;2;255;255;239m[48;2;255;255;239m▀[0m[38;2;255;255;239m[48;2;255;239;231m▀[0m[38;2;0;0;0m[48;2;0;0;0m▀[0m     
   [38;2;0;0;0m[48;2;0;0;0m▀[0m[38;2;247;89;90m[48;2;156;56;57m▀[0m[38;2;164;59;60m[48;2;247;89;90m▀[0m[38;2;0;0;0m[48;2;156;56;57m▀[0m[38;2;255;255;239m[48;2;255;255;239m▀[0m[38;2;247;206;206m[48;2;255;255;239m▀[0m[38;2;255;255;239m[48;2;255;255;239m▀[0m[38;2;255;255;239m[48;2;255;255;239m▀[0m[38;2;255;255;239m[48;2;247;206;206m▀[0m[38;2;243;202;202m[48;2;230;147;164m▀[0m[38;2;231;150;165m[48;2;255;255;239m▀[0m[38;2;255;255;239m[48;2;255;255;239m▀[0m[38;2;255;255;239m[48;2;255;255;239m▀[0m[38;2;255;239;231m[48;2;247;203;206m▀[0m[38;2;255;239;231m[48;2;247;203;206m▀[0m[38;2;0;0;0m[48;2;164;59;60m▀[0m[38;2;0;0;0m▄   
  [38;2;0;0;0m[48;2;16;0;0m▀[0m[38;2;156;56;57m[48;2;255;251;239m▀[0m[38;2;247;89;90m[48;2;156;60;57m▀[0m[38;2;247;89;90m[48;2;156;60;57m▀[0m[38;2;156;56;57m[48;2;198;105;132m▀[0m[38;2;255;255;239m[48;2;255;255;239m▀[0m[38;2;255;255;239m[48;2;255;255;239m▀[0m[38;2;247;206;206m[48;2;255;255;239m▀[0m[38;2;247;206;206m[48;2;255;255;239m▀[0m[38;2;247;206;206m[48;2;255;255;239m▀[0m[38;2;255;255;239m[48;2;255;255;239m▀[0m[38;2;255;255;239m[48;2;255;255;239m▀[0m[38;2;255;255;239m[48;2;206;105;132m▀[0m[38;2;198;105;132m[48;2;255;255;239m▀[0m[38;2;201;125;131m[48;2;156;56;57m▀[0m[38;2;156;48;57m[48;2;247;89;90m▀[0m[38;2;247;89;90m[48;2;156;56;57m▀[0m[38;2;247;89;90m[48;2;247;89;90m▀[0m[38;2;0;0;0m[48;2;0;0;0m▀[0m  
 [38;2;0;0;0m[48;2;0;0;0m▀[0m[38;2;255;251;239m[48;2;255;255;239m▀[0m[38;2;175;167;159m[48;2;255;255;239m▀[0m[38;2;255;255;255m[48;2;225;155;167m▀[0m[38;2;222;190;189m[48;2;247;207;206m▀[0m[38;2;198;105;132m[48;2;197;107;131m▀[0m[38;2;236;205;203m[48;2;247;207;206m▀[0m[38;2;255;255;239m[48;2;247;207;206m▀[0m[38;2;255;255;239m[48;2;247;207;206m▀[0m[38;2;255;255;239m[48;2;247;206;206m▀[0m[38;2;255;255;239m[48;2;247;206;206m▀[0m[38;2;236;205;203m[48;2;255;190;206m▀[0m[38;2;198;105;132m[48;2;172;121;136m▀[0m[38;2;222;155;167m[48;2;230;147;164m▀[0m[38;2;255;255;239m[48;2;255;255;239m▀[0m[38;2;156;56;57m[48;2;173;48;49m▀[0m[38;2;156;56;57m[48;2;200;114;109m▀[0m[38;2;247;89;90m[48;2;247;89;90m▀[0m[38;2;156;56;57m[48;2;247;89;90m▀[0m[38;2;156;56;57m[48;2;131;85;90m▀[0m[38;2;0;0;0m[48;2;16;0;0m▀[0m 
 [38;2;0;0;0m▀[38;2;247;206;206m[48;2;0;0;0m▀[0m[38;2;247;206;206m[48;2;247;207;206m▀[0m[38;2;247;207;206m[48;2;247;207;206m▀[0m[38;2;203;103;128m[48;2;66;65;66m▀[0m[38;2;247;207;206m[48;2;214;139;156m▀[0m[38;2;197;107;131m[48;2;255;239;255m▀[0m[38;2;247;207;206m[48;2;197;107;131m▀[0m[38;2;197;107;131m[48;2;247;207;206m▀[0m[38;2;247;206;206m[48;2;198;105;132m▀[0m[38;2;247;206;206m[48;2;198;105;132m▀[0m[38;2;172;121;136m[48;2;255;199;198m▀[0m[38;2;90;52;66m[48;2;99;48;49m▀[0m[38;2;255;255;239m[48;2;247;223;214m▀[0m[38;2;230;147;164m[48;2;247;223;214m▀[0m[38;2;255;247;231m[48;2;255;255;239m▀[0m[38;2;173;48;49m[48;2;236;205;203m▀[0m[38;2;156;56;57m[48;2;247;203;206m▀[0m[38;2;156;56;57m[48;2;222;154;169m▀[0m[38;2;247;170;181m[48;2;172;132;137m▀[0m[38;2;247;170;181m[48;2;255;199;206m▀[0m[38;2;0;0;0m[48;2;0;0;0m▀[0m
[38;2;0;0;0m▄[38;2;0;0;0m[48;2;239;178;189m▀[0m[38;2;247;207;206m[48;2;230;147;164m▀[0m[38;2;82;69;68m[48;2;255;255;239m▀[0m[38;2;66;65;66m[48;2;255;223;222m▀[0m[38;2;66;65;66m[48;2;82;52;57m▀[0m[38;2;214;139;156m[48;2;208;163;170m▀[0m[38;2;173;40;57m[48;2;161;103;109m▀[0m[38;2;247;207;206m[48;2;255;255;239m▀[0m[38;2;247;207;206m[48;2;255;255;239m▀[0m[38;2;236;205;214m[48;2;255;255;239m▀[0m[38;2;255;255;255m[48;2;247;89;90m▀[0m[38;2;177;123;123m[48;2;181;52;57m▀[0m[38;2;255;199;198m[48;2;255;203;206m▀[0m[38;2;66;65;66m[48;2;168;145;148m▀[0m[38;2;247;223;214m[48;2;82;44;57m▀[0m[38;2;236;205;203m[48;2;66;65;66m▀[0m[38;2;198;105;132m[48;2;247;207;206m▀[0m[38;2;198;105;132m[48;2;247;207;206m▀[0m[38;2;198;105;132m[48;2;247;207;206m▀[0m[38;2;255;199;206m[48;2;0;0;0m▀[0m[38;2;8;0;0m▀ 
[38;2;0;0;0m[48;2;0;0;0m▀[0m[38;2;239;178;189m[48;2;231;150;165m▀[0m[38;2;255;255;239m[48;2;247;207;206m▀[0m[38;2;255;255;239m[48;2;247;207;206m▀[0m[38;2;255;223;222m[48;2;230;152;167m▀[0m[38;2;168;137;139m[48;2;205;102;128m▀[0m[38;2;115;44;49m[48;2;255;203;206m▀[0m[38;2;255;223;231m[48;2;82;56;66m▀[0m[38;2;255;255;239m[48;2;255;255;239m▀[0m[38;2;255;255;239m[48;2;99;65;66m▀[0m[38;2;255;255;239m[48;2;255;255;239m▀[0m[38;2;247;89;90m[48;2;255;255;239m▀[0m[38;2;205;102;106m[48;2;255;255;239m▀[0m[38;2;205;102;106m[48;2;198;105;132m▀[0m[38;2;255;247;239m[48;2;255;255;239m▀[0m[38;2;255;247;239m[48;2;255;255;239m▀[0m[38;2;247;207;206m[48;2;255;255;239m▀[0m[38;2;66;65;66m[48;2;247;206;206m▀[0m[38;2;66;65;66m[48;2;247;207;206m▀[0m[38;2;66;65;66m[48;2;247;207;206m▀[0m[38;2;198;105;132m[48;2;198;105;132m▀[0m[38;2;0;0;0m[48;2;0;0;0m▀[0m 
 [38;2;0;0;0m▀[38;2;247;207;206m[48;2;0;0;0m▀[0m[38;2;230;148;164m[48;2;247;207;206m▀[0m[38;2;230;152;167m[48;2;247;207;206m▀[0m[38;2;255;203;206m[48;2;247;207;206m▀[0m[38;2;255;203;206m[48;2;0;0;0m▀[0m[38;2;168;129;136m[48;2;66;67;66m▀[0m[38;2;99;65;66m[48;2;255;255;239m▀[0m[38;2;99;65;66m[48;2;255;255;239m▀[0m[38;2;66;65;66m[48;2;255;255;239m▀[0m[38;2;66;65;66m[48;2;255;255;239m▀[0m[38;2;198;105;132m[48;2;255;203;206m▀[0m[38;2;255;255;239m[48;2;168;129;136m▀[0m[38;2;255;255;239m[48;2;255;255;239m▀[0m[38;2;247;206;206m[48;2;255;255;239m▀[0m[38;2;255;255;239m[48;2;244;202;203m▀[0m[38;2;255;255;239m[48;2;233;149;167m▀[0m[38;2;247;207;206m[48;2;230;148;164m▀[0m[38;2;230;148;164m[48;2;230;148;164m▀[0m[38;2;198;105;132m[48;2;247;207;206m▀[0m[38;2;0;0;0m[48;2;0;0;0m▀[0m 
   [38;2;0;0;0m▀[38;2;0;0;0m▀[38;2;0;0;0m▀[38;2;0;0;0m▄[38;2;0;0;0m[48;2;247;207;206m▀[0m[38;2;198;105;132m[48;2;82;44;57m▀[0m[38;2;255;255;239m[48;2;168;145;148m▀[0m[38;2;255;255;239m[48;2;198;105;132m▀[0m[38;2;247;206;206m[48;2;198;105;132m▀[0m[38;2;255;203;206m[48;2;66;65;66m▀[0m[38;2;82;56;66m[48;2;247;207;206m▀[0m[38;2;247;206;206m[48;2;66;65;66m▀[0m[38;2;255;255;239m[48;2;255;231;222m▀[0m[38;2;255;255;239m[48;2;231;150;165m▀[0m[38;2;244;202;203m[48;2;231;150;165m▀[0m[38;2;247;207;206m[48;2;231;150;165m▀[0m[38;2;247;207;206m[48;2;0;0;0m▀[0m[38;2;0;0;0m▀  
     [38;2;0;0;0m[48;2;0;0;0m▀[0m[38;2;247;207;206m[48;2;85;83;79m▀[0m[38;2;82;69;68m[48;2;255;251;239m▀[0m[38;2;255;247;239m[48;2;255;255;239m▀[0m[38;2;255;247;239m[48;2;230;147;164m▀[0m[38;2;255;255;239m[48;2;247;206;206m▀[0m[38;2;236;205;203m[48;2;255;255;239m▀[0m[38;2;247;207;206m[48;2;255;203;206m▀[0m[38;2;66;65;66m[48;2;82;56;66m▀[0m[38;2;255;231;222m[48;2;255;255;239m▀[0m[38;2;66;65;66m[48;2;255;255;239m▀[0m[38;2;66;65;66m[48;2;255;255;239m▀[0m[38;2;66;65;66m[48;2;0;0;0m▀[0m[38;2;0;0;0m▀    
     [38;2;0;0;0m▄[38;2;0;0;0m[48;2;231;150;165m▀[0m[38;2;255;251;239m[48;2;255;255;239m▀[0m[38;2;230;147;164m[48;2;230;147;164m▀[0m[38;2;230;147;164m[48;2;255;255;239m▀[0m[38;2;255;255;239m[48;2;255;255;239m▀[0m[38;2;255;255;239m[48;2;244;202;203m▀[0m[38;2;255;203;206m[48;2;230;148;164m▀[0m[38;2;168;129;136m[48;2;230;148;164m▀[0m[38;2;66;65;66m[48;2;255;203;206m▀[0m[38;2;255;255;239m[48;2;74;65;66m▀[0m[38;2;0;0;0m[48;2;162;101;118m▀[0m[38;2;8;4;8m▄     
    [38;2;0;0;0m▀[38;2;247;207;206m[48;2;0;0;0m▀[0m[38;2;243;202;202m[48;2;247;207;206m▀[0m[38;2;231;150;165m[48;2;247;207;206m▀[0m[38;2;255;255;239m[48;2;247;207;206m▀[0m[38;2;255;255;239m[48;2;247;207;206m▀[0m[38;2;244;202;203m[48;2;230;148;164m▀[0m[38;2;233;149;167m[48;2;230;148;164m▀[0m[38;2;230;148;164m[48;2;247;207;206m▀[0m[38;2;247;207;206m[48;2;247;207;206m▀[0m[38;2;255;203;206m[48;2;230;148;164m▀[0m[38;2;194;157;159m[48;2;230;148;164m▀[0m[38;2;239;150;173m[48;2;247;207;206m▀[0m[38;2;239;150;173m[48;2;247;207;206m▀[0m[38;2;0;0;0m[48;2;247;207;206m▀[0m[38;2;0;0;0m▄   
      [38;2;0;0;0m▀[38;2;0;0;0m▀[38;2;0;0;0m▀[38;2;247;207;206m[48;2;0;0;0m▀[0m[38;2;247;207;206m[48;2;0;0;0m▀[0m[38;2;247;207;206m[48;2;0;0;0m▀[0m[38;2;0;0;0m▀[38;2;0;0;0m▀[38;2;247;207;206m[48;2;0;0;0m▀[0m[38;2;247;207;206m[48;2;0;0;0m▀[0m[38;2;247;207;206m[48;2;0;0;0m▀[0m[38;2;0;0;0m▀[38;2;0;0;0m▀    
[0m
