[38;2;0;0;0m▄[38;2;0;0;0m[48;2;123;123;206m▀[0m[38;2;0;0;0m[48;2;123;123;206m▀[0m[38;2;0;0;0m▄[38;2;0;0;0m▄    [38;2;0;0;0m▄[38;2;0;0;0m[48;2;123;123;206m▀[0m[38;2;0;0;0m[48;2;123;123;206m▀[0m[38;2;0;0;0m[48;2;123;123;206m▀[0m[38;2;0;0;0m[48;2;123;123;206m▀[0m[38;2;0;0;0m▄[38;2;0;0;0m▄   
 [38;2;0;0;0m▀[38;2;123;123;206m[48;2;0;0;0m▀[0m[38;2;123;123;206m[48;2;123;123;206m▀[0m[38;2;123;123;206m[48;2;65;65;65m▀[0m[38;2;0;0;0m[48;2;65;65;65m▀[0m[38;2;0;0;0m▄[38;2;0;0;0m[48;2;107;99;173m▀[0m[38;2;0;0;0m[48;2;156;156;247m▀[0m[38;2;0;0;0m[48;2;156;156;247m▀[0m[38;2;65;65;65m[48;2;123;123;206m▀[0m[38;2;65;65;65m[48;2;123;123;206m▀[0m[38;2;123;123;206m[48;2;65;65;65m▀[0m[38;2;123;123;206m[48;2;65;65;65m▀[0m[38;2;107;99;173m[48;2;123;123;206m▀[0m[38;2;123;123;206m[48;2;123;123;206m▀[0m[38;2;0;0;0m[48;2;0;0;0m▀[0m[38;2;0;0;0m▄ 
 [38;2;0;0;0m▄[38;2;0;0;0m[48;2;156;156;247m▀[0m[38;2;65;65;65m[48;2;107;99;173m▀[0m[38;2;107;99;173m[48;2;156;156;247m▀[0m[38;2;156;156;247m[48;2;156;156;247m▀[0m[38;2;156;156;247m[48;2;156;156;247m▀[0m[38;2;156;156;247m[48;2;107;99;173m▀[0m[38;2;107;99;173m[48;2;156;156;247m▀[0m[38;2;107;99;173m[48;2;156;156;247m▀[0m[38;2;156;156;247m[48;2;156;156;247m▀[0m[38;2;156;156;247m[48;2;156;156;247m▀[0m[38;2;156;156;247m[48;2;107;99;173m▀[0m[38;2;156;156;247m[48;2;107;99;173m▀[0m[38;2;65;65;65m[48;2;156;156;247m▀[0m[38;2;65;65;65m[48;2;156;156;247m▀[0m[38;2;156;156;247m[48;2;156;156;247m▀[0m[38;2;156;156;247m[48;2;65;65;65m▀[0m[38;2;0;0;0m[48;2;0;0;0m▀[0m
[38;2;0;0;0m[48;2;0;0;0m▀[0m[38;2;123;123;206m[48;2;123;123;206m▀[0m[38;2;123;123;206m[48;2;65;65;65m▀[0m[38;2;65;65;65m[48;2;65;65;65m▀[0m[38;2;123;123;206m[48;2;65;65;65m▀[0m[38;2;123;123;206m[48;2;65;65;65m▀[0m[38;2;65;65;65m[48;2;65;65;65m▀[0m[38;2;123;123;206m[48;2;107;99;173m▀[0m[38;2;123;123;206m[48;2;123;123;206m▀[0m[38;2;156;156;247m[48;2;123;123;206m▀[0m[38;2;156;156;247m[48;2;107;99;173m▀[0m[38;2;107;99;173m[48;2;156;156;247m▀[0m[38;2;156;156;247m[48;2;156;156;247m▀[0m[38;2;123;123;206m[48;2;156;156;247m▀[0m[38;2;156;156;247m[48;2;123;123;206m▀[0m[38;2;156;156;247m[48;2;65;65;65m▀[0m[38;2;65;65;65m[48;2;65;65;65m▀[0m[38;2;123;123;206m[48;2;123;123;206m▀[0m[38;2;0;0;0m[48;2;0;0;0m▀[0m
 [38;2;0;0;0m▀[38;2;0;0;0m[48;2;0;0;0m▀[0m[38;2;197;197;206m[48;2;197;197;206m▀[0m[38;2;65;65;65m[48;2;65;65;65m▀[0m[38;2;65;65;65m[48;2;65;65;65m▀[0m[38;2;65;65;65m[48;2;65;65;65m▀[0m[38;2;65;65;65m[48;2;65;65;65m▀[0m[38;2;65;65;65m[48;2;255;255;255m▀[0m[38;2;107;99;173m[48;2;65;65;65m▀[0m[38;2;123;123;206m[48;2;123;123;206m▀[0m[38;2;156;156;247m[48;2;123;123;206m▀[0m[38;2;156;156;247m[48;2;156;156;247m▀[0m[38;2;156;156;247m[48;2;156;156;247m▀[0m[38;2;156;156;247m[48;2;123;123;206m▀[0m[38;2;123;123;206m[48;2;65;65;65m▀[0m[38;2;0;0;0m[48;2;0;0;0m▀[0m[38;2;0;0;0m▀ 
 [38;2;0;0;0m▄[38;2;0;0;0m[48;2;99;99;99m▀[0m[38;2;65;65;65m[48;2;99;99;99m▀[0m[38;2;65;65;65m[48;2;65;65;65m▀[0m[38;2;65;65;65m[48;2;65;65;65m▀[0m[38;2;65;65;65m[48;2;65;65;65m▀[0m[38;2;255;255;255m[48;2;255;255;255m▀[0m[38;2;0;0;0m[48;2;255;255;255m▀[0m[38;2;255;255;255m[48;2;255;255;255m▀[0m[38;2;65;65;65m[48;2;255;255;255m▀[0m[38;2;123;123;206m[48;2;65;65;65m▀[0m[38;2;123;123;206m[48;2;123;123;206m▀[0m[38;2;123;123;206m[48;2;65;65;65m▀[0m[38;2;65;65;65m[48;2;123;123;206m▀[0m[38;2;123;123;206m[48;2;65;65;65m▀[0m[38;2;0;0;0m[48;2;107;99;173m▀[0m[38;2;0;0;0m▄ 
 [38;2;0;0;0m▀[38;2;99;99;99m[48;2;0;0;0m▀[0m[38;2;65;65;65m[48;2;255;173;206m▀[0m[38;2;255;173;206m[48;2;197;123;173m▀[0m[38;2;99;99;99m[48;2;255;173;206m▀[0m[38;2;65;65;65m[48;2;255;173;206m▀[0m[38;2;65;65;65m[48;2;65;65;65m▀[0m[38;2;255;255;255m[48;2;65;65;65m▀[0m[38;2;255;255;255m[48;2;65;65;65m▀[0m[38;2;65;65;65m[48;2;99;99;99m▀[0m[38;2;65;65;65m[48;2;99;99;99m▀[0m[38;2;65;65;65m[48;2;65;65;65m▀[0m[38;2;123;123;206m[48;2;123;123;206m▀[0m[38;2;123;123;206m[48;2;0;0;0m▀[0m[38;2;65;65;65m[48;2;0;0;0m▀[0m[38;2;107;99;173m[48;2;65;65;65m▀[0m[38;2;65;65;65m[48;2;107;99;173m▀[0m[38;2;0;0;0m[48;2;0;0;0m▀[0m
 [38;2;0;0;0m[48;2;0;0;0m▀[0m[38;2;255;173;206m[48;2;255;173;206m▀[0m[38;2;197;123;173m[48;2;197;123;173m▀[0m[38;2;255;173;206m[48;2;255;173;206m▀[0m[38;2;255;173;206m[48;2;197;123;173m▀[0m[38;2;65;65;65m[48;2;0;0;0m▀[0m[38;2;99;99;99m[48;2;0;0;0m▀[0m[38;2;99;99;99m[48;2;0;0;0m▀[0m[38;2;99;99;99m[48;2;99;99;99m▀[0m[38;2;99;99;99m[48;2;99;99;99m▀[0m[38;2;99;99;99m[48;2;0;0;0m▀[0m[38;2;0;0;0m▀[38;2;0;0;0m▀  [38;2;0;0;0m▀[38;2;0;0;0m▀[38;2;0;0;0m▀
  [38;2;0;0;0m▀[38;2;255;173;206m[48;2;0;0;0m▀[0m[38;2;255;173;206m[48;2;0;0;0m▀[0m[38;2;0;0;0m▀   [38;2;0;0;0m▀[38;2;0;0;0m▀[38;2;0;0;0m▀       
[0m
