                 [38;2;7;7;7m▄[38;2;7;7;7m[48;2;255;95;243m▀[0m[38;2;7;7;7m▄                        
                 [38;2;7;7;7m[48;2;7;7;7m▀[0m[38;2;255;95;243m[48;2;255;95;243m▀[0m[38;2;7;7;7m[48;2;7;7;7m▀[0m                        
                [38;2;7;7;7m[48;2;7;7;7m▀[0m[38;2;255;95;243m[48;2;255;95;243m▀[0m[38;2;255;95;243m[48;2;255;95;243m▀[0m[38;2;7;7;7m[48;2;7;7;7m▀[0m                        
    [38;2;7;7;7m[48;2;7;7;7m▀[0m[38;2;7;7;7m[48;2;255;95;243m▀[0m[38;2;7;7;7m▄         [38;2;7;7;7m[48;2;7;7;7m▀[0m[38;2;255;95;243m[48;2;158;85;222m▀[0m[38;2;158;85;222m[48;2;158;85;222m▀[0m[38;2;7;7;7m[48;2;158;85;222m▀[0m[38;2;7;7;7m▄          [38;2;7;7;7m▄[38;2;7;7;7m▄           
     [38;2;7;7;7m[48;2;7;7;7m▀[0m[38;2;255;95;243m[48;2;181;54;161m▀[0m[38;2;7;7;7m[48;2;255;95;243m▀[0m[38;2;7;7;7m[48;2;118;54;181m▀[0m[38;2;7;7;7m▄     [38;2;7;7;7m[48;2;7;7;7m▀[0m[38;2;107;107;107m[48;2;107;107;107m▀[0m[38;2;107;107;107m[48;2;66;66;66m▀[0m[38;2;107;107;107m[48;2;66;66;66m▀[0m[38;2;107;107;107m[48;2;66;66;66m▀[0m[38;2;7;7;7m[48;2;7;7;7m▀[0m       [38;2;7;7;7m▄[38;2;7;7;7m▄[38;2;7;7;7m[48;2;255;95;243m▀[0m[38;2;255;95;243m[48;2;7;7;7m▀[0m[38;2;7;7;7m▀    [38;2;7;7;7m▄[38;2;7;7;7m▄[38;2;7;7;7m▄    
      [38;2;7;7;7m▀[38;2;255;95;243m[48;2;7;7;7m▀[0m[38;2;158;85;222m[48;2;158;85;222m▀[0m[38;2;158;85;222m[48;2;107;107;107m▀[0m[38;2;7;7;7m[48;2;107;107;107m▀[0m[38;2;7;7;7m[48;2;107;107;107m▀[0m[38;2;7;7;7m▄[38;2;7;7;7m▄[38;2;7;7;7m[48;2;107;107;107m▀[0m[38;2;66;66;66m[48;2;107;107;107m▀[0m[38;2;66;66;66m[48;2;107;107;107m▀[0m[38;2;107;107;107m[48;2;107;107;107m▀[0m[38;2;107;107;107m[48;2;107;107;107m▀[0m[38;2;107;107;107m[48;2;107;107;107m▀[0m[38;2;107;107;107m[48;2;107;107;107m▀[0m[38;2;7;7;7m[48;2;107;107;107m▀[0m[38;2;7;7;7m[48;2;107;107;107m▀[0m[38;2;7;7;7m[48;2;107;107;107m▀[0m[38;2;7;7;7m▄[38;2;7;7;7m▄[38;2;7;7;7m▄[38;2;7;7;7m[48;2;158;85;222m▀[0m[38;2;118;54;181m[48;2;158;85;222m▀[0m[38;2;255;95;243m[48;2;255;95;243m▀[0m[38;2;255;95;243m[48;2;7;7;7m▀[0m[38;2;7;7;7m▀  [38;2;7;7;7m▄[38;2;7;7;7m[48;2;107;107;107m▀[0m[38;2;7;7;7m[48;2;107;107;107m▀[0m[38;2;107;107;107m[48;2;107;107;107m▀[0m[38;2;107;107;107m[48;2;205;188;164m▀[0m[38;2;107;107;107m[48;2;205;188;164m▀[0m[38;2;7;7;7m[48;2;107;107;107m▀[0m[38;2;7;7;7m[48;2;107;107;107m▀[0m[38;2;7;7;7m▄ 
       [38;2;7;7;7m▀[38;2;118;54;181m[48;2;7;7;7m▀[0m[38;2;107;107;107m[48;2;107;107;107m▀[0m[38;2;107;107;107m[48;2;66;66;66m▀[0m[38;2;66;66;66m[48;2;107;107;107m▀[0m[38;2;90;91;90m[48;2;107;107;107m▀[0m[38;2;107;107;107m[48;2;107;107;107m▀[0m[38;2;107;107;107m[48;2;107;107;107m▀[0m[38;2;107;107;107m[48;2;107;107;107m▀[0m[38;2;107;107;107m[48;2;107;107;107m▀[0m[38;2;107;107;107m[48;2;107;107;107m▀[0m[38;2;107;107;107m[48;2;107;107;107m▀[0m[38;2;107;107;107m[48;2;107;107;107m▀[0m[38;2;107;107;107m[48;2;107;107;107m▀[0m[38;2;107;107;107m[48;2;107;107;107m▀[0m[38;2;107;107;107m[48;2;66;66;66m▀[0m[38;2;107;107;107m[48;2;66;66;66m▀[0m[38;2;66;66;66m[48;2;107;107;107m▀[0m[38;2;90;91;90m[48;2;107;107;107m▀[0m[38;2;107;107;107m[48;2;107;107;107m▀[0m[38;2;107;107;107m[48;2;107;107;107m▀[0m[38;2;158;85;222m[48;2;107;107;107m▀[0m[38;2;7;7;7m[48;2;7;7;7m▀[0m   [38;2;7;7;7m[48;2;7;7;7m▀[0m[38;2;107;107;107m[48;2;107;107;107m▀[0m[38;2;107;107;107m[48;2;205;188;164m▀[0m[38;2;205;188;164m[48;2;205;188;164m▀[0m[38;2;205;188;164m[48;2;158;85;222m▀[0m[38;2;205;188;164m[48;2;158;85;222m▀[0m[38;2;205;188;164m[48;2;158;85;222m▀[0m[38;2;205;188;164m[48;2;205;188;164m▀[0m[38;2;107;107;107m[48;2;205;188;164m▀[0m[38;2;7;7;7m[48;2;107;107;107m▀[0m[38;2;7;7;7m▄
         [38;2;7;7;7m[48;2;7;7;7m▀[0m[38;2;107;107;107m[48;2;107;107;107m▀[0m[38;2;107;107;107m[48;2;158;85;222m▀[0m[38;2;158;85;222m[48;2;158;85;222m▀[0m[38;2;107;107;107m[48;2;107;107;107m▀[0m[38;2;107;107;107m[48;2;107;107;107m▀[0m[38;2;107;107;107m[48;2;107;107;107m▀[0m[38;2;107;107;107m[48;2;107;107;107m▀[0m[38;2;107;107;107m[48;2;158;85;222m▀[0m[38;2;107;107;107m[48;2;107;107;107m▀[0m[38;2;107;107;107m[48;2;107;107;107m▀[0m[38;2;107;107;107m[48;2;107;107;107m▀[0m[38;2;66;66;66m[48;2;107;107;107m▀[0m[38;2;90;91;90m[48;2;107;107;107m▀[0m[38;2;107;107;107m[48;2;107;107;107m▀[0m[38;2;107;107;107m[48;2;107;107;107m▀[0m[38;2;107;107;107m[48;2;107;107;107m▀[0m[38;2;107;107;107m[48;2;107;107;107m▀[0m[38;2;107;107;107m[48;2;66;66;66m▀[0m[38;2;7;7;7m[48;2;7;7;7m▀[0m   [38;2;7;7;7m[48;2;7;7;7m▀[0m[38;2;107;107;107m[48;2;107;107;107m▀[0m[38;2;107;107;107m[48;2;205;188;164m▀[0m[38;2;205;188;164m[48;2;205;188;164m▀[0m[38;2;158;85;222m[48;2;158;85;222m▀[0m[38;2;158;85;222m[48;2;205;188;164m▀[0m[38;2;205;188;164m[48;2;205;188;164m▀[0m[38;2;158;85;222m[48;2;205;188;164m▀[0m[38;2;158;85;222m[48;2;158;85;222m▀[0m[38;2;205;188;164m[48;2;205;188;164m▀[0m[38;2;205;188;164m[48;2;205;188;164m▀[0m[38;2;7;7;7m[48;2;7;7;7m▀[0m
        [38;2;7;7;7m[48;2;7;7;7m▀[0m[38;2;66;66;66m[48;2;213;205;180m▀[0m[38;2;107;107;107m[48;2;66;66;66m▀[0m[38;2;107;107;107m[48;2;66;66;66m▀[0m[38;2;158;85;222m[48;2;107;107;107m▀[0m[38;2;158;85;222m[48;2;107;107;107m▀[0m[38;2;107;107;107m[48;2;107;107;107m▀[0m[38;2;107;107;107m[48;2;107;107;107m▀[0m[38;2;107;107;107m[48;2;158;85;222m▀[0m[38;2;158;85;222m[48;2;158;85;222m▀[0m[38;2;158;85;222m[48;2;107;107;107m▀[0m[38;2;107;107;107m[48;2;107;107;107m▀[0m[38;2;107;107;107m[48;2;107;107;107m▀[0m[38;2;107;107;107m[48;2;107;107;107m▀[0m[38;2;107;107;107m[48;2;107;107;107m▀[0m[38;2;107;107;107m[48;2;107;107;107m▀[0m[38;2;107;107;107m[48;2;107;107;107m▀[0m[38;2;107;107;107m[48;2;107;107;107m▀[0m[38;2;107;107;107m[48;2;66;66;66m▀[0m[38;2;66;66;66m[48;2;90;91;90m▀[0m[38;2;90;91;90m[48;2;90;91;90m▀[0m[38;2;7;7;7m[48;2;7;7;7m▀[0m [38;2;7;7;7m[48;2;7;7;7m▀[0m[38;2;107;107;107m[48;2;107;107;107m▀[0m[38;2;107;107;107m[48;2;205;188;164m▀[0m[38;2;205;188;164m[48;2;205;188;164m▀[0m[38;2;186;162;129m[48;2;158;85;222m▀[0m[38;2;158;85;222m[48;2;158;85;222m▀[0m[38;2;158;85;222m[48;2;158;85;222m▀[0m[38;2;205;188;164m[48;2;158;85;222m▀[0m[38;2;158;85;222m[48;2;158;85;222m▀[0m[38;2;158;85;222m[48;2;186;162;129m▀[0m[38;2;205;188;164m[48;2;205;188;164m▀[0m[38;2;205;188;164m[48;2;7;7;7m▀[0m[38;2;7;7;7m▀
     [38;2;7;7;7m▄[38;2;7;7;7m▄[38;2;7;7;7m▄[38;2;7;7;7m[48;2;90;91;90m▀[0m[38;2;66;66;66m[48;2;66;66;66m▀[0m[38;2;213;205;180m[48;2;205;188;164m▀[0m[38;2;186;162;129m[48;2;213;205;180m▀[0m[38;2;66;66;66m[48;2;213;205;180m▀[0m[38;2;205;188;164m[48;2;186;162;129m▀[0m[38;2;186;162;129m[48;2;213;205;180m▀[0m[38;2;107;107;107m[48;2;205;188;164m▀[0m[38;2;107;107;107m[48;2;66;66;66m▀[0m[38;2;107;107;107m[48;2;66;66;66m▀[0m[38;2;66;66;66m[48;2;213;205;180m▀[0m[38;2;66;66;66m[48;2;213;205;180m▀[0m[38;2;66;66;66m[48;2;66;66;66m▀[0m[38;2;107;107;107m[48;2;107;107;107m▀[0m[38;2;107;107;107m[48;2;107;107;107m▀[0m[38;2;107;107;107m[48;2;107;107;107m▀[0m[38;2;107;107;107m[48;2;107;107;107m▀[0m[38;2;107;107;107m[48;2;107;107;107m▀[0m[38;2;90;91;90m[48;2;90;91;90m▀[0m[38;2;90;91;90m[48;2;90;91;90m▀[0m[38;2;66;66;66m[48;2;90;91;90m▀[0m[38;2;7;7;7m[48;2;90;91;90m▀[0m[38;2;7;7;7m[48;2;66;66;66m▀[0m[38;2;107;107;107m[48;2;66;66;66m▀[0m[38;2;205;188;164m[48;2;66;66;66m▀[0m[38;2;205;188;164m[48;2;205;188;164m▀[0m[38;2;205;188;164m[48;2;205;188;164m▀[0m[38;2;205;188;164m[48;2;205;188;164m▀[0m[38;2;158;85;222m[48;2;205;188;164m▀[0m[38;2;186;162;129m[48;2;158;85;222m▀[0m[38;2;186;162;129m[48;2;205;188;164m▀[0m[38;2;205;188;164m[48;2;205;188;164m▀[0m[38;2;205;188;164m[48;2;205;188;164m▀[0m[38;2;205;188;164m[48;2;7;7;7m▀[0m[38;2;7;7;7m▀ 
[38;2;7;7;7m▄[38;2;7;7;7m[48;2;181;54;161m▀[0m[38;2;7;7;7m[48;2;181;54;161m▀[0m[38;2;7;7;7m[48;2;181;54;161m▀[0m[38;2;7;7;7m[48;2;118;54;181m▀[0m[38;2;90;91;90m[48;2;90;91;90m▀[0m[38;2;90;91;90m[48;2;90;91;90m▀[0m[38;2;66;66;66m[48;2;66;66;66m▀[0m[38;2;90;91;90m[48;2;90;91;90m▀[0m[38;2;90;91;90m[48;2;90;91;90m▀[0m[38;2;66;66;66m[48;2;248;248;248m▀[0m[38;2;186;162;129m[48;2;7;7;7m▀[0m[38;2;213;205;180m[48;2;186;162;129m▀[0m[38;2;186;162;129m[48;2;213;205;180m▀[0m[38;2;213;205;180m[48;2;186;162;129m▀[0m[38;2;66;66;66m[48;2;213;205;180m▀[0m[38;2;186;162;129m[48;2;213;205;180m▀[0m[38;2;213;205;180m[48;2;205;188;164m▀[0m[38;2;213;205;180m[48;2;66;66;66m▀[0m[38;2;66;66;66m[48;2;248;248;248m▀[0m[38;2;107;107;107m[48;2;90;91;90m▀[0m[38;2;107;107;107m[48;2;107;107;107m▀[0m[38;2;107;107;107m[48;2;107;107;107m▀[0m[38;2;107;107;107m[48;2;90;91;90m▀[0m[38;2;107;107;107m[48;2;90;91;90m▀[0m[38;2;90;91;90m[48;2;90;91;90m▀[0m[38;2;90;91;90m[48;2;90;91;90m▀[0m[38;2;90;91;90m[48;2;90;91;90m▀[0m[38;2;90;91;90m[48;2;90;91;90m▀[0m[38;2;90;91;90m[48;2;90;91;90m▀[0m[38;2;90;91;90m[48;2;90;91;90m▀[0m[38;2;90;91;90m[48;2;158;85;222m▀[0m[38;2;158;85;222m[48;2;158;85;222m▀[0m[38;2;66;66;66m[48;2;255;95;243m▀[0m[38;2;66;66;66m[48;2;255;95;243m▀[0m[38;2;66;66;66m[48;2;255;95;243m▀[0m[38;2;205;188;164m[48;2;7;7;7m▀[0m[38;2;205;188;164m[48;2;7;7;7m▀[0m[38;2;186;162;129m[48;2;7;7;7m▀[0m[38;2;7;7;7m▀[38;2;7;7;7m▀   
 [38;2;7;7;7m▀[38;2;7;7;7m▀[38;2;181;54;161m[48;2;7;7;7m▀[0m[38;2;181;54;161m[48;2;7;7;7m▀[0m[38;2;118;54;181m[48;2;7;7;7m▀[0m[38;2;90;91;90m[48;2;90;91;90m▀[0m[38;2;66;66;66m[48;2;90;91;90m▀[0m[38;2;90;91;90m[48;2;66;66;66m▀[0m[38;2;213;205;180m[48;2;213;205;180m▀[0m[38;2;181;54;161m[48;2;90;91;90m▀[0m[38;2;248;248;248m[48;2;66;66;66m▀[0m[38;2;66;66;66m[48;2;255;95;243m▀[0m[38;2;66;66;66m[48;2;255;95;243m▀[0m[38;2;66;66;66m[48;2;255;95;243m▀[0m[38;2;107;107;107m[48;2;66;66;66m▀[0m[38;2;213;205;180m[48;2;107;107;107m▀[0m[38;2;66;66;66m[48;2;248;248;248m▀[0m[38;2;7;7;7m[48;2;248;248;248m▀[0m[38;2;248;248;248m[48;2;248;248;248m▀[0m[38;2;181;54;161m[48;2;181;54;161m▀[0m[38;2;90;91;90m[48;2;90;91;90m▀[0m[38;2;90;91;90m[48;2;90;91;90m▀[0m[38;2;90;91;90m[48;2;90;91;90m▀[0m[38;2;90;91;90m[48;2;213;205;180m▀[0m[38;2;90;91;90m[48;2;213;205;180m▀[0m[38;2;90;91;90m[48;2;90;91;90m▀[0m[38;2;90;91;90m[48;2;90;91;90m▀[0m[38;2;90;91;90m[48;2;90;91;90m▀[0m[38;2;90;91;90m[48;2;90;91;90m▀[0m[38;2;90;91;90m[48;2;158;85;222m▀[0m[38;2;158;85;222m[48;2;7;7;7m▀[0m[38;2;255;95;243m[48;2;7;7;7m▀[0m[38;2;255;95;243m[48;2;7;7;7m▀[0m[38;2;7;7;7m▀[38;2;7;7;7m▀        
      [38;2;7;7;7m[48;2;7;7;7m▀[0m[38;2;66;66;66m[48;2;213;205;180m▀[0m[38;2;189;156;131m[48;2;189;156;131m▀[0m[38;2;213;205;180m[48;2;205;188;164m▀[0m[38;2;213;205;180m[48;2;213;205;180m▀[0m[38;2;181;54;161m[48;2;66;66;66m▀[0m[38;2;181;54;161m[48;2;255;95;243m▀[0m[38;2;181;54;161m[48;2;255;95;243m▀[0m[38;2;181;54;161m[48;2;255;95;243m▀[0m[38;2;255;95;243m[48;2;181;54;161m▀[0m[38;2;213;205;180m[48;2;213;205;180m▀[0m[38;2;90;91;90m[48;2;213;205;180m▀[0m[38;2;181;54;161m[48;2;213;205;180m▀[0m[38;2;181;54;161m[48;2;90;91;90m▀[0m[38;2;90;91;90m[48;2;90;91;90m▀[0m[38;2;90;91;90m[48;2;213;205;180m▀[0m[38;2;213;205;180m[48;2;213;205;180m▀[0m[38;2;213;205;180m[48;2;213;205;180m▀[0m[38;2;213;205;180m[48;2;213;205;180m▀[0m[38;2;213;205;180m[48;2;213;205;180m▀[0m[38;2;213;205;180m[48;2;213;205;180m▀[0m[38;2;213;205;180m[48;2;205;188;164m▀[0m[38;2;90;91;90m[48;2;7;7;7m▀[0m[38;2;7;7;7m▀[38;2;7;7;7m▀             
     [38;2;7;7;7m[48;2;7;7;7m▀[0m[38;2;205;188;164m[48;2;213;205;180m▀[0m[38;2;213;205;180m[48;2;213;205;180m▀[0m[38;2;213;205;180m[48;2;205;188;164m▀[0m[38;2;189;156;131m[48;2;7;7;7m▀[0m[38;2;205;188;164m[48;2;205;188;164m▀[0m[38;2;213;205;180m[48;2;205;188;164m▀[0m[38;2;66;66;66m[48;2;213;205;180m▀[0m[38;2;66;66;66m[48;2;213;205;180m▀[0m[38;2;66;66;66m[48;2;213;205;180m▀[0m[38;2;213;205;180m[48;2;213;205;180m▀[0m[38;2;213;205;180m[48;2;213;205;180m▀[0m[38;2;213;205;180m[48;2;213;205;180m▀[0m[38;2;213;205;180m[48;2;213;205;180m▀[0m[38;2;213;205;180m[48;2;213;205;180m▀[0m[38;2;213;205;180m[48;2;213;205;180m▀[0m[38;2;213;205;180m[48;2;213;205;180m▀[0m[38;2;213;205;180m[48;2;213;205;180m▀[0m[38;2;213;205;180m[48;2;213;205;180m▀[0m[38;2;213;205;180m[48;2;205;188;164m▀[0m[38;2;213;205;180m[48;2;205;188;164m▀[0m[38;2;205;188;164m[48;2;205;188;164m▀[0m[38;2;205;188;164m[48;2;213;205;180m▀[0m[38;2;189;156;131m[48;2;213;205;180m▀[0m[38;2;7;7;7m[48;2;7;7;7m▀[0m              
    [38;2;7;7;7m[48;2;7;7;7m▀[0m[38;2;213;205;180m[48;2;7;7;7m▀[0m[38;2;213;205;180m[48;2;7;7;7m▀[0m[38;2;7;7;7m▀[38;2;7;7;7m▀ [38;2;7;7;7m[48;2;7;7;7m▀[0m[38;2;205;188;164m[48;2;66;66;66m▀[0m[38;2;205;188;164m[48;2;205;188;164m▀[0m[38;2;205;188;164m[48;2;205;188;164m▀[0m[38;2;213;205;180m[48;2;205;188;164m▀[0m[38;2;213;205;180m[48;2;205;188;164m▀[0m[38;2;213;205;180m[48;2;205;188;164m▀[0m[38;2;213;205;180m[48;2;205;188;164m▀[0m[38;2;213;205;180m[48;2;205;188;164m▀[0m[38;2;213;205;180m[48;2;205;188;164m▀[0m[38;2;213;205;180m[48;2;205;188;164m▀[0m[38;2;213;205;180m[48;2;205;188;164m▀[0m[38;2;205;188;164m[48;2;205;188;164m▀[0m[38;2;205;188;164m[48;2;205;188;164m▀[0m[38;2;205;188;164m[48;2;205;188;164m▀[0m[38;2;189;156;131m[48;2;205;188;164m▀[0m[38;2;205;188;164m[48;2;7;7;7m▀[0m[38;2;213;205;180m[48;2;7;7;7m▀[0m[38;2;213;205;180m[48;2;213;205;180m▀[0m[38;2;213;205;180m[48;2;213;205;180m▀[0m[38;2;7;7;7m[48;2;205;188;164m▀[0m[38;2;7;7;7m▄            
         [38;2;7;7;7m[48;2;7;7;7m▀[0m[38;2;189;156;131m[48;2;189;156;131m▀[0m[38;2;189;156;131m[48;2;189;156;131m▀[0m[38;2;66;66;66m[48;2;66;66;66m▀[0m[38;2;66;66;66m[48;2;189;156;131m▀[0m[38;2;205;188;164m[48;2;66;66;66m▀[0m[38;2;205;188;164m[48;2;66;66;66m▀[0m[38;2;205;188;164m[48;2;66;66;66m▀[0m[38;2;205;188;164m[48;2;205;188;164m▀[0m[38;2;205;188;164m[48;2;205;188;164m▀[0m[38;2;205;188;164m[48;2;205;188;164m▀[0m[38;2;205;188;164m[48;2;189;156;131m▀[0m[38;2;205;188;164m[48;2;66;66;66m▀[0m[38;2;205;188;164m[48;2;66;66;66m▀[0m[38;2;189;156;131m[48;2;66;66;66m▀[0m[38;2;66;66;66m[48;2;189;156;131m▀[0m[38;2;7;7;7m[48;2;7;7;7m▀[0m  [38;2;7;7;7m▀[38;2;7;7;7m▀[38;2;213;205;180m[48;2;7;7;7m▀[0m[38;2;7;7;7m[48;2;213;205;180m▀[0m[38;2;7;7;7m▄           
        [38;2;7;7;7m[48;2;7;7;7m▀[0m[38;2;189;156;131m[48;2;189;156;131m▀[0m[38;2;189;156;131m[48;2;7;7;7m▀[0m[38;2;66;66;66m[48;2;7;7;7m▀[0m[38;2;189;156;131m[48;2;189;156;131m▀[0m[38;2;189;156;131m[48;2;7;7;7m▀[0m[38;2;7;7;7m▀[38;2;189;156;131m[48;2;7;7;7m▀[0m[38;2;189;156;131m[48;2;189;156;131m▀[0m[38;2;66;66;66m[48;2;189;156;131m▀[0m[38;2;66;66;66m[48;2;189;156;131m▀[0m[38;2;66;66;66m[48;2;7;7;7m▀[0m[38;2;66;66;66m[48;2;189;156;131m▀[0m[38;2;189;156;131m[48;2;189;156;131m▀[0m[38;2;66;66;66m[48;2;189;156;131m▀[0m[38;2;189;156;131m[48;2;66;66;66m▀[0m[38;2;189;156;131m[48;2;189;156;131m▀[0m[38;2;189;156;131m[48;2;189;156;131m▀[0m[38;2;7;7;7m[48;2;7;7;7m▀[0m    [38;2;7;7;7m▀[38;2;7;7;7m▀           
       [38;2;7;7;7m[48;2;7;7;7m▀[0m[38;2;189;156;131m[48;2;7;7;7m▀[0m[38;2;7;7;7m▀ [38;2;7;7;7m▀[38;2;7;7;7m▀  [38;2;7;7;7m▀[38;2;189;156;131m[48;2;7;7;7m▀[0m[38;2;189;156;131m[48;2;189;156;131m▀[0m[38;2;7;7;7m[48;2;7;7;7m▀[0m [38;2;7;7;7m▀[38;2;7;7;7m▀[38;2;189;156;131m[48;2;7;7;7m▀[0m[38;2;7;7;7m[48;2;7;7;7m▀[0m[38;2;7;7;7m▀[38;2;189;156;131m[48;2;7;7;7m▀[0m[38;2;189;156;131m[48;2;189;156;131m▀[0m[38;2;7;7;7m[48;2;7;7;7m▀[0m                
                [38;2;7;7;7m[48;2;7;7;7m▀[0m[38;2;189;156;131m[48;2;189;156;131m▀[0m[38;2;7;7;7m[48;2;7;7;7m▀[0m       [38;2;7;7;7m▀[38;2;7;7;7m▀                
                 [38;2;7;7;7m▀                          
[0m
