[38;2;0;0;0;48;2;123;57;74m▀[38;2;123;57;74;48;2;123;57;74m▀[38;2;123;57;74;48;2;255;180;57m▀[38;2;123;57;74;48;2;255;180;57m▀[38;2;123;57;74;48;2;255;180;57m▀[38;2;0;0;0;48;2;123;57;74m▀[38;2;0;0;0m▄[0m [0m [0m [38;2;0;0;0m▄[38;2;0;0;0m▄[38;2;0;0;0m▄[38;2;0;0;0;48;2;123;57;74m▀[38;2;0;0;0;48;2;123;57;74m▀[38;2;0;0;0;48;2;123;57;74m▀[38;2;123;57;74;48;2;255;180;57m▀[38;2;123;57;74;48;2;255;180;57m▀[38;2;123;57;74;48;2;255;65;65m▀[38;2;0;0;0;48;2;123;57;74m▀[38;2;0;0;0m▄[0m [0m [0m [0m [0m [0m [0m [0m [0m [0m [0m [0m [0m [0m [0m [0m [0m
[38;2;123;57;74;48;2;123;57;74m▀[38;2;255;65;65;48;2;255;65;65m▀[38;2;255;180;57;48;2;255;180;57m▀[38;2;255;180;57;48;2;255;180;57m▀[38;2;255;180;57;48;2;255;180;57m▀[38;2;255;123;65;48;2;255;123;65m▀[38;2;123;57;74;48;2;123;57;74m▀[38;2;0;0;0;48;2;0;0;0m▀[38;2;0;0;0m▄[38;2;0;0;0;48;2;0;0;0m▀[38;2;90;156;164;48;2;90;156;164m▀[38;2;90;156;164;48;2;90;156;164m▀[38;2;90;156;164;48;2;90;156;164m▀[38;2;255;65;65;48;2;255;65;65m▀[38;2;255;180;57;48;2;255;180;57m▀[38;2;255;180;57;48;2;255;180;57m▀[38;2;255;180;57;48;2;255;180;57m▀[38;2;255;123;65;48;2;255;123;65m▀[38;2;255;65;65;48;2;255;65;65m▀[38;2;0;0;0;48;2;0;0;0m▀[38;2;0;0;0;48;2;0;0;0m▀[0m [0m [0m [0m [0m [0m [0m [0m [0m [0m [0m [0m [0m [0m [0m [0m [0m
[38;2;123;57;74;48;2;0;0;0m▀[38;2;255;65;65;48;2;123;57;74m▀[38;2;255;65;65;48;2;255;65;65m▀[38;2;255;65;65;48;2;255;65;65m▀[38;2;255;123;65;48;2;255;65;65m▀[38;2;255;123;65;48;2;255;123;65m▀[38;2;123;57;74;48;2;255;123;65m▀[38;2;90;156;164;48;2;123;57;74m▀[38;2;90;156;164;48;2;123;57;74m▀[38;2;90;156;164;48;2;123;57;74m▀[38;2;139;197;205;48;2;123;57;74m▀[38;2;123;57;74;48;2;255;65;65m▀[38;2;123;57;74;48;2;255;123;65m▀[38;2;255;180;57;48;2;255;65;65m▀[38;2;255;123;65;48;2;255;65;65m▀[38;2;255;123;65;48;2;255;65;65m▀[38;2;255;65;65;48;2;255;65;65m▀[38;2;255;65;65;48;2;255;65;65m▀[38;2;255;65;65;48;2;0;0;0m▀[38;2;0;0;0;48;2;90;156;164m▀[38;2;0;0;0;48;2;90;156;164m▀[38;2;0;0;0m▄[38;2;0;0;0m▄[0m [0m [0m [0m [0m [0m [0m [0m [0m [0m [0m [0m [0m [0m [0m
[0m [38;2;0;0;0m▀[38;2;0;0;0;48;2;0;0;0m▀[38;2;0;0;0;48;2;0;0;0m▀[38;2;123;57;74;48;2;0;0;0m▀[38;2;255;65;65;48;2;123;57;74m▀[38;2;255;65;65;48;2;255;65;65m▀[38;2;255;65;65;48;2;255;65;65m▀[38;2;255;65;65;48;2;255;65;65m▀[38;2;255;65;65;48;2;255;65;65m▀[38;2;255;65;65;48;2;255;65;65m▀[38;2;255;65;65;48;2;255;65;65m▀[38;2;255;65;65;48;2;123;57;74m▀[38;2;255;65;65;48;2;123;57;74m▀[38;2;123;57;74;48;2;90;156;164m▀[38;2;123;57;74;48;2;90;156;164m▀[38;2;0;0;0;48;2;90;156;164m▀[38;2;0;0;0;48;2;90;156;164m▀[38;2;139;197;205;48;2;139;197;205m▀[38;2;139;197;205;48;2;139;197;205m▀[38;2;139;197;205;48;2;139;197;205m▀[38;2;41;115;131;48;2;139;197;205m▀[38;2;41;115;131;48;2;139;197;205m▀[38;2;0;0;0;48;2;41;115;131m▀[38;2;0;0;0m▄[0m [0m [0m [0m [0m [0m [0m [0m [0m [0m [0m [0m [0m
[0m [38;2;0;0;0;48;2;0;0;0m▀[38;2;90;156;164;48;2;90;156;164m▀[38;2;90;156;164;48;2;90;156;164m▀[38;2;139;197;205;48;2;139;197;205m▀[38;2;0;0;0;48;2;0;0;0m▀[38;2;255;65;65;48;2;255;65;65m▀[38;2;255;65;65;48;2;255;65;65m▀[38;2;255;65;65;48;2;255;65;65m▀[38;2;255;65;65;48;2;255;65;65m▀[38;2;123;57;74;48;2;123;57;74m▀[38;2;123;57;74;48;2;123;57;74m▀[38;2;139;197;205;48;2;139;197;205m▀[38;2;90;156;164;48;2;90;156;164m▀[38;2;16;16;16;48;2;16;16;16m▀[38;2;16;16;16;48;2;16;16;16m▀[38;2;213;205;205;48;2;213;205;205m▀[38;2;213;205;205;48;2;213;205;205m▀[38;2;90;156;164;48;2;90;156;164m▀[38;2;139;197;205;48;2;139;197;205m▀[38;2;139;197;205;48;2;139;197;205m▀[38;2;139;197;205;48;2;139;197;205m▀[38;2;139;197;205;48;2;139;197;205m▀[38;2;90;156;164;48;2;90;156;164m▀[38;2;41;115;131;48;2;41;115;131m▀[38;2;0;0;0;48;2;0;0;0m▀[0m [0m [0m [0m [0m [0m [0m [0m [0m [0m [0m [0m
[38;2;0;0;0;48;2;0;0;0m▀[38;2;41;115;131;48;2;41;115;131m▀[38;2;118;31;0;48;2;255;255;255m▀[38;2;118;31;0;48;2;255;255;255m▀[38;2;139;197;205;48;2;139;197;205m▀[38;2;0;0;0;48;2;139;197;205m▀[38;2;123;57;74;48;2;123;57;74m▀[38;2;123;57;74;48;2;123;57;74m▀[38;2;123;57;74;48;2;139;197;205m▀[38;2;123;57;74;48;2;139;197;205m▀[38;2;139;197;205;48;2;139;197;205m▀[38;2;139;197;205;48;2;139;197;205m▀[38;2;139;197;205;48;2;139;197;205m▀[38;2;16;16;16;48;2;16;16;16m▀[38;2;16;16;16;48;2;16;16;16m▀[38;2;16;16;16;48;2;16;16;16m▀[38;2;16;16;16;48;2;131;41;0m▀[38;2;213;205;205;48;2;255;255;255m▀[38;2;41;115;131;48;2;41;115;131m▀[38;2;139;197;205;48;2;139;197;205m▀[38;2;90;156;164;48;2;90;156;164m▀[38;2;90;156;164;48;2;90;156;164m▀[38;2;90;156;164;48;2;90;156;164m▀[38;2;90;156;164;48;2;90;156;164m▀[38;2;41;115;131;48;2;90;156;164m▀[38;2;0;0;0;48;2;0;0;0m▀[38;2;0;0;0m▄[0m [0m [0m [0m [0m [0m [0m [0m [0m [0m [0m
[38;2;0;0;0;48;2;0;0;0m▀[38;2;41;115;131;48;2;41;115;131m▀[38;2;118;31;0;48;2;16;16;16m▀[38;2;118;31;0;48;2;16;16;16m▀[38;2;139;197;205;48;2;139;197;205m▀[38;2;139;197;205;48;2;139;197;205m▀[38;2;139;197;205;48;2;139;197;205m▀[38;2;139;197;205;48;2;139;197;205m▀[38;2;139;197;205;48;2;139;197;205m▀[38;2;139;197;205;48;2;139;197;205m▀[38;2;139;197;205;48;2;139;197;205m▀[38;2;139;197;205;48;2;139;197;205m▀[38;2;139;197;205;48;2;139;197;205m▀[38;2;255;255;255;48;2;131;41;0m▀[38;2;16;16;16;48;2;16;16;16m▀[38;2;16;16;16;48;2;16;16;16m▀[38;2;131;41;0;48;2;131;41;0m▀[38;2;255;255;255;48;2;255;255;255m▀[38;2;41;115;131;48;2;139;197;205m▀[38;2;90;156;164;48;2;90;156;164m▀[38;2;90;156;164;48;2;90;156;164m▀[38;2;90;156;164;48;2;90;156;164m▀[38;2;90;156;164;48;2;90;156;164m▀[38;2;90;156;164;48;2;90;156;164m▀[38;2;90;156;164;48;2;90;156;164m▀[38;2;0;0;0;48;2;0;0;0m▀[38;2;0;0;0;48;2;0;0;0m▀[0m [0m [0m [0m [0m [0m [0m [0m [0m [0m [0m
[38;2;0;0;0;48;2;0;0;0m▀[38;2;41;115;131;48;2;41;115;131m▀[38;2;139;197;205;48;2;139;197;205m▀[38;2;139;197;205;48;2;139;197;205m▀[38;2;90;156;164;48;2;90;156;164m▀[38;2;139;197;205;48;2;139;197;205m▀[38;2;90;156;164;48;2;90;156;164m▀[38;2;139;197;205;48;2;139;197;205m▀[38;2;139;197;205;48;2;139;197;205m▀[38;2;139;197;205;48;2;139;197;205m▀[38;2;139;197;205;48;2;139;197;205m▀[38;2;139;197;205;48;2;139;197;205m▀[38;2;139;197;205;48;2;139;197;205m▀[38;2;139;197;205;48;2;139;197;205m▀[38;2;139;197;205;48;2;139;197;205m▀[38;2;139;197;205;48;2;139;197;205m▀[38;2;139;197;205;48;2;139;197;205m▀[38;2;139;197;205;48;2;139;197;205m▀[38;2;139;197;205;48;2;139;197;205m▀[38;2;90;156;164;48;2;90;156;164m▀[38;2;90;156;164;48;2;90;156;164m▀[38;2;90;156;164;48;2;90;156;164m▀[38;2;90;156;164;48;2;90;156;164m▀[38;2;90;156;164;48;2;90;156;164m▀[38;2;90;156;164;48;2;90;156;164m▀[38;2;0;0;0;48;2;0;0;0m▀[38;2;0;0;0;48;2;0;0;0m▀[0m [0m [0m [0m [0m [0m [0m [0m [0m [0m [0m
[38;2;0;0;0;48;2;0;0;0m▀[38;2;16;16;16;48;2;16;16;16m▀[38;2;41;115;131;48;2;16;16;16m▀[38;2;41;115;131;48;2;16;16;16m▀[38;2;139;197;205;48;2;139;197;205m▀[38;2;139;197;205;48;2;139;197;205m▀[38;2;139;197;205;48;2;139;197;205m▀[38;2;139;197;205;48;2;41;115;131m▀[38;2;139;197;205;48;2;41;115;131m▀[38;2;139;197;205;48;2;41;115;131m▀[38;2;139;197;205;48;2;41;115;131m▀[38;2;139;197;205;48;2;41;115;131m▀[38;2;139;197;205;48;2;41;115;131m▀[38;2;139;197;205;48;2;131;41;0m▀[38;2;41;115;131;48;2;131;41;0m▀[38;2;41;115;131;48;2;131;41;0m▀[38;2;139;197;205;48;2;139;197;205m▀[38;2;139;197;205;48;2;90;156;164m▀[38;2;90;156;164;48;2;90;156;164m▀[38;2;90;156;164;48;2;90;156;164m▀[38;2;90;156;164;48;2;90;156;164m▀[38;2;90;156;164;48;2;90;156;164m▀[38;2;90;156;164;48;2;90;156;164m▀[38;2;90;156;164;48;2;90;156;164m▀[38;2;41;115;131;48;2;0;0;0m▀[38;2;0;0;0;48;2;0;0;0m▀[0m [0m [0m [0m [0m [0m [0m [0m [0m [0m [0m [0m
[38;2;0;0;0m▀[38;2;16;16;16;48;2;0;0;0m▀[38;2;90;156;164;48;2;16;16;16m▀[38;2;90;156;164;48;2;16;16;16m▀[38;2;16;16;16;48;2;90;156;164m▀[38;2;16;16;16;48;2;90;156;164m▀[38;2;131;41;0;48;2;131;41;0m▀[38;2;205;123;41;48;2;131;41;0m▀[38;2;205;123;41;48;2;131;41;0m▀[38;2;205;123;41;48;2;131;41;0m▀[38;2;205;123;41;48;2;131;41;0m▀[38;2;205;123;41;48;2;131;41;0m▀[38;2;131;41;0;48;2;90;156;164m▀[38;2;131;41;0;48;2;90;156;164m▀[38;2;90;156;164;48;2;90;156;164m▀[38;2;90;156;164;48;2;90;156;164m▀[38;2;90;156;164;48;2;90;156;164m▀[38;2;90;156;164;48;2;90;156;164m▀[38;2;90;156;164;48;2;90;156;164m▀[38;2;90;156;164;48;2;90;156;164m▀[38;2;90;156;164;48;2;90;156;164m▀[38;2;90;156;164;48;2;0;0;0m▀[38;2;90;156;164;48;2;0;0;0m▀[38;2;0;0;0;48;2;189;106;0m▀[38;2;189;106;0;48;2;189;106;0m▀[38;2;98;41;0;48;2;98;41;0m▀[38;2;0;0;0;48;2;0;0;0m▀[0m [0m [0m [0m [0m [0m [0m [0m [0m [0m [0m
[0m [0m [38;2;0;0;0m▀[38;2;0;0;0;48;2;0;0;0m▀[38;2;16;16;16;48;2;16;16;16m▀[38;2;90;156;164;48;2;90;156;164m▀[38;2;90;156;164;48;2;90;156;164m▀[38;2;90;156;164;48;2;90;156;164m▀[38;2;90;156;164;48;2;90;156;164m▀[38;2;90;156;164;48;2;90;156;164m▀[38;2;90;156;164;48;2;90;156;164m▀[38;2;90;156;164;48;2;90;156;164m▀[38;2;90;156;164;48;2;90;156;164m▀[38;2;90;156;164;48;2;90;156;164m▀[38;2;90;156;164;48;2;90;156;164m▀[38;2;90;156;164;48;2;90;156;164m▀[38;2;90;156;164;48;2;90;156;164m▀[38;2;90;156;164;48;2;90;156;164m▀[38;2;90;156;164;48;2;90;156;164m▀[38;2;0;0;0;48;2;0;0;0m▀[38;2;98;41;0;48;2;98;41;0m▀[38;2;189;106;0;48;2;189;106;0m▀[38;2;189;106;0;48;2;189;106;0m▀[38;2;189;106;0;48;2;189;106;0m▀[38;2;189;106;0;48;2;189;106;0m▀[38;2;213;148;82;48;2;213;148;82m▀[38;2;98;41;0;48;2;98;41;0m▀[38;2;0;0;0;48;2;0;0;0m▀[0m [0m [0m [0m [0m [0m [0m [0m [0m [0m
[0m [0m [0m [0m [38;2;0;0;0;48;2;0;0;0m▀[38;2;0;0;0;48;2;131;41;0m▀[38;2;41;115;131;48;2;205;123;41m▀[38;2;16;16;16;48;2;255;213;106m▀[38;2;16;16;16;48;2;255;213;106m▀[38;2;16;16;16;48;2;255;213;106m▀[38;2;16;16;16;48;2;255;213;106m▀[38;2;16;16;16;48;2;255;213;106m▀[38;2;16;16;16;48;2;255;213;106m▀[38;2;0;0;0;48;2;255;213;106m▀[38;2;0;0;0;48;2;205;123;41m▀[38;2;0;0;0;48;2;205;123;41m▀[38;2;0;0;0;48;2;0;0;0m▀[38;2;0;0;0;48;2;0;0;0m▀[38;2;0;0;0;48;2;51;21;0m▀[38;2;213;205;205;48;2;213;205;205m▀[38;2;189;106;0;48;2;189;106;0m▀[38;2;189;106;0;48;2;255;213;106m▀[38;2;189;106;0;48;2;255;213;106m▀[38;2;255;230;156;48;2;213;148;82m▀[38;2;255;230;156;48;2;213;148;82m▀[38;2;213;148;82;48;2;255;230;156m▀[38;2;98;41;0;48;2;0;0;0m▀[38;2;0;0;0;48;2;0;0;0m▀[0m [0m [0m [0m [0m [0m [0m [0m [0m [0m
[0m [0m [0m [38;2;0;0;0;48;2;0;0;0m▀[38;2;131;41;0;48;2;131;41;0m▀[38;2;255;230;156;48;2;255;230;156m▀[38;2;255;230;156;48;2;255;213;106m▀[38;2;205;123;41;48;2;205;123;41m▀[38;2;255;213;106;48;2;255;230;156m▀[38;2;255;213;106;48;2;255;230;156m▀[38;2;255;213;106;48;2;255;213;106m▀[38;2;255;213;106;48;2;255;213;106m▀[38;2;255;213;106;48;2;255;213;106m▀[38;2;255;213;106;48;2;255;213;106m▀[38;2;255;213;106;48;2;205;123;41m▀[38;2;255;213;106;48;2;205;123;41m▀[38;2;255;213;106;48;2;131;41;0m▀[38;2;51;21;0;48;2;205;123;41m▀[38;2;213;205;205;48;2;213;205;205m▀[38;2;213;205;205;48;2;213;205;205m▀[38;2;189;106;0;48;2;189;106;0m▀[38;2;255;213;106;48;2;189;106;0m▀[38;2;255;213;106;48;2;189;106;0m▀[38;2;213;148;82;48;2;255;213;106m▀[38;2;213;148;82;48;2;255;213;106m▀[38;2;255;213;106;48;2;0;0;0m▀[38;2;0;0;0;48;2;0;0;0m▀[38;2;0;0;0m▀[0m [0m [0m [0m [0m [0m [0m [0m [0m [0m
[0m [0m [0m [38;2;0;0;0m▀[38;2;0;0;0;48;2;0;0;0m▀[38;2;255;213;106;48;2;0;0;0m▀[38;2;255;213;106;48;2;0;0;0m▀[38;2;205;123;41;48;2;205;123;41m▀[38;2;255;230;156;48;2;205;123;41m▀[38;2;255;230;156;48;2;205;123;41m▀[38;2;255;230;156;48;2;255;230;156m▀[38;2;255;230;156;48;2;255;230;156m▀[38;2;255;213;106;48;2;131;41;0m▀[38;2;205;123;41;48;2;255;230;156m▀[38;2;255;230;156;48;2;255;230;156m▀[38;2;255;230;156;48;2;255;230;156m▀[38;2;255;213;106;48;2;255;213;106m▀[38;2;131;41;0;48;2;0;0;0m▀[38;2;213;205;205;48;2;213;205;205m▀[38;2;189;106;0;48;2;189;106;0m▀[38;2;189;106;0;48;2;189;106;0m▀[38;2;189;106;0;48;2;189;106;0m▀[38;2;189;106;0;48;2;189;106;0m▀[38;2;189;106;0;48;2;189;106;0m▀[38;2;189;106;0;48;2;0;0;0m▀[38;2;0;0;0;48;2;0;0;0m▀[38;2;0;0;0m▀[0m [38;2;0;0;0m▄[38;2;0;0;0;48;2;41;115;131m▀[38;2;0;0;0;48;2;41;115;131m▀[38;2;0;0;0;48;2;41;115;131m▀[38;2;0;0;0;48;2;41;115;131m▀[38;2;0;0;0m▄[0m [0m [0m [0m
[0m [0m [0m [0m [38;2;0;0;0m▀[38;2;0;0;0;48;2;0;0;0m▀[38;2;0;0;0;48;2;0;0;0m▀[38;2;205;123;41;48;2;255;230;156m▀[38;2;205;123;41;48;2;255;230;156m▀[38;2;205;123;41;48;2;255;230;156m▀[38;2;255;230;156;48;2;205;123;41m▀[38;2;255;230;156;48;2;205;123;41m▀[38;2;131;41;0;48;2;131;41;0m▀[38;2;255;230;156;48;2;255;213;106m▀[38;2;255;230;156;48;2;255;213;106m▀[38;2;255;230;156;48;2;255;213;106m▀[38;2;255;213;106;48;2;255;213;106m▀[38;2;0;0;0;48;2;0;0;0m▀[38;2;213;205;205;48;2;51;21;0m▀[38;2;189;106;0;48;2;213;205;205m▀[38;2;189;106;0;48;2;189;106;0m▀[38;2;189;106;0;48;2;0;0;0m▀[38;2;189;106;0;48;2;0;0;0m▀[38;2;189;106;0;48;2;0;0;0m▀[38;2;0;0;0;48;2;0;0;0m▀[38;2;0;0;0;48;2;0;0;0m▀[38;2;0;0;0;48;2;41;115;131m▀[38;2;0;0;0;48;2;41;115;131m▀[38;2;0;0;0;48;2;41;115;131m▀[38;2;41;115;131;48;2;139;197;205m▀[38;2;41;115;131;48;2;139;197;205m▀[38;2;41;115;131;48;2;139;197;205m▀[38;2;41;115;131;48;2;90;156;164m▀[38;2;0;0;0;48;2;41;115;131m▀[38;2;0;0;0;48;2;41;115;131m▀[38;2;0;0;0m▄[0m [0m
[0m [0m [0m [0m [0m [38;2;0;0;0m▄[38;2;0;0;0;48;2;131;41;0m▀[38;2;131;41;0;48;2;255;230;156m▀[38;2;255;230;156;48;2;205;123;41m▀[38;2;255;230;156;48;2;205;123;41m▀[38;2;255;230;156;48;2;255;230;156m▀[38;2;255;230;156;48;2;255;230;156m▀[38;2;255;230;156;48;2;255;230;156m▀[38;2;0;0;0;48;2;255;213;106m▀[38;2;0;0;0;48;2;255;213;106m▀[38;2;0;0;0;48;2;255;213;106m▀[38;2;0;0;0;48;2;255;213;106m▀[38;2;51;21;0;48;2;51;21;0m▀[38;2;213;205;205;48;2;213;205;205m▀[38;2;0;0;0;48;2;189;106;0m▀[38;2;0;0;0;48;2;255;213;106m▀[38;2;255;213;106;48;2;189;106;0m▀[38;2;255;213;106;48;2;189;106;0m▀[38;2;0;0;0;48;2;255;213;106m▀[38;2;0;0;0;48;2;41;115;131m▀[38;2;41;115;131;48;2;90;156;164m▀[38;2;90;156;164;48;2;139;197;205m▀[38;2;139;197;205;48;2;139;197;205m▀[38;2;139;197;205;48;2;139;197;205m▀[38;2;139;197;205;48;2;139;197;205m▀[38;2;139;197;205;48;2;139;197;205m▀[38;2;139;197;205;48;2;139;197;205m▀[38;2;139;197;205;48;2;139;197;205m▀[38;2;90;156;164;48;2;139;197;205m▀[38;2;90;156;164;48;2;139;197;205m▀[38;2;41;115;131;48;2;41;115;131m▀[38;2;0;0;0;48;2;0;0;0m▀[0m
[0m [0m [0m [0m [0m [38;2;0;0;0;48;2;0;0;0m▀[38;2;0;0;0;48;2;0;0;0m▀[38;2;255;230;156;48;2;255;213;106m▀[38;2;205;123;41;48;2;255;213;106m▀[38;2;205;123;41;48;2;255;213;106m▀[38;2;255;213;106;48;2;205;123;41m▀[38;2;255;213;106;48;2;255;213;106m▀[38;2;255;213;106;48;2;255;213;106m▀[38;2;255;213;106;48;2;255;213;106m▀[38;2;255;213;106;48;2;131;41;0m▀[38;2;255;213;106;48;2;131;41;0m▀[38;2;131;41;0;48;2;255;213;106m▀[38;2;131;41;0;48;2;255;230;156m▀[38;2;131;41;0;48;2;255;230;156m▀[38;2;213;205;205;48;2;131;41;0m▀[38;2;189;106;0;48;2;213;205;205m▀[38;2;255;213;106;48;2;0;0;0m▀[38;2;255;213;106;48;2;0;0;0m▀[38;2;0;0;0;48;2;98;41;0m▀[38;2;90;156;164;48;2;90;156;164m▀[38;2;90;156;164;48;2;90;156;164m▀[38;2;90;156;164;48;2;90;156;164m▀[38;2;139;197;205;48;2;90;156;164m▀[38;2;139;197;205;48;2;90;156;164m▀[38;2;139;197;205;48;2;41;115;131m▀[38;2;41;115;131;48;2;139;197;205m▀[38;2;41;115;131;48;2;139;197;205m▀[38;2;139;197;205;48;2;41;115;131m▀[38;2;139;197;205;48;2;139;197;205m▀[38;2;139;197;205;48;2;139;197;205m▀[38;2;90;156;164;48;2;90;156;164m▀[38;2;16;16;16;48;2;16;16;16m▀[0m
[0m [0m [0m [0m [0m [38;2;0;0;0m▀[38;2;0;0;0;48;2;0;0;0m▀[38;2;255;213;106;48;2;0;0;0m▀[38;2;255;213;106;48;2;0;0;0m▀[38;2;255;213;106;48;2;0;0;0m▀[38;2;205;123;41;48;2;0;0;0m▀[38;2;255;213;106;48;2;205;123;41m▀[38;2;255;213;106;48;2;205;123;41m▀[38;2;255;213;106;48;2;205;123;41m▀[38;2;131;41;0;48;2;0;0;0m▀[38;2;131;41;0;48;2;0;0;0m▀[38;2;255;213;106;48;2;255;230;156m▀[38;2;255;230;156;48;2;255;230;156m▀[38;2;255;230;156;48;2;255;213;106m▀[38;2;131;41;0;48;2;0;0;0m▀[38;2;213;205;205;48;2;51;21;0m▀[38;2;0;0;0;48;2;255;213;106m▀[38;2;0;0;0;48;2;255;213;106m▀[38;2;98;41;0;48;2;51;21;0m▀[38;2;90;156;164;48;2;90;156;164m▀[38;2;90;156;164;48;2;90;156;164m▀[38;2;90;156;164;48;2;90;156;164m▀[38;2;90;156;164;48;2;41;115;131m▀[38;2;90;156;164;48;2;41;115;131m▀[38;2;41;115;131;48;2;90;156;164m▀[38;2;139;197;205;48;2;139;197;205m▀[38;2;139;197;205;48;2;139;197;205m▀[38;2;41;115;131;48;2;139;197;205m▀[38;2;139;197;205;48;2;90;156;164m▀[38;2;139;197;205;48;2;90;156;164m▀[38;2;90;156;164;48;2;90;156;164m▀[38;2;16;16;16;48;2;16;16;16m▀[0m
[0m [0m [0m [0m [0m [0m [0m [38;2;0;0;0m▀[38;2;0;0;0m▀[38;2;0;0;0m▀[38;2;0;0;0;48;2;0;0;0m▀[38;2;255;230;156;48;2;0;0;0m▀[38;2;255;230;156;48;2;255;230;156m▀[38;2;255;230;156;48;2;255;213;106m▀[38;2;255;230;156;48;2;255;213;106m▀[38;2;255;230;156;48;2;255;213;106m▀[38;2;0;0;0;48;2;255;213;106m▀[38;2;0;0;0;48;2;255;213;106m▀[38;2;0;0;0;48;2;131;41;0m▀[38;2;98;41;0;48;2;98;41;0m▀[38;2;213;205;205;48;2;213;205;205m▀[38;2;189;106;0;48;2;213;205;205m▀[38;2;189;106;0;48;2;213;205;205m▀[38;2;189;106;0;48;2;189;106;0m▀[38;2;51;21;0;48;2;51;21;0m▀[38;2;90;156;164;48;2;90;156;164m▀[38;2;90;156;164;48;2;90;156;164m▀[38;2;16;16;16;48;2;16;16;16m▀[38;2;16;16;16;48;2;16;16;16m▀[38;2;90;156;164;48;2;90;156;164m▀[38;2;90;156;164;48;2;90;156;164m▀[38;2;90;156;164;48;2;90;156;164m▀[38;2;90;156;164;48;2;90;156;164m▀[38;2;90;156;164;48;2;90;156;164m▀[38;2;90;156;164;48;2;90;156;164m▀[38;2;16;16;16;48;2;16;16;16m▀[38;2;0;0;0;48;2;0;0;0m▀[0m
[0m [0m [0m [0m [0m [0m [0m [0m [0m [0m [0m [38;2;0;0;0m▀[38;2;0;0;0;48;2;0;0;0m▀[38;2;131;41;0;48;2;0;0;0m▀[38;2;255;213;106;48;2;131;41;0m▀[38;2;255;213;106;48;2;131;41;0m▀[38;2;255;213;106;48;2;131;41;0m▀[38;2;131;41;0;48;2;255;213;106m▀[38;2;255;213;106;48;2;255;213;106m▀[38;2;255;213;106;48;2;255;213;106m▀[38;2;51;21;0;48;2;255;213;106m▀[38;2;213;205;205;48;2;255;213;106m▀[38;2;213;205;205;48;2;255;213;106m▀[38;2;213;205;205;48;2;51;21;0m▀[38;2;51;21;0;48;2;90;156;164m▀[38;2;90;156;164;48;2;90;156;164m▀[38;2;90;156;164;48;2;90;156;164m▀[38;2;90;156;164;48;2;90;156;164m▀[38;2;90;156;164;48;2;90;156;164m▀[38;2;16;16;16;48;2;90;156;164m▀[38;2;90;156;164;48;2;16;16;16m▀[38;2;90;156;164;48;2;16;16;16m▀[38;2;90;156;164;48;2;16;16;16m▀[38;2;16;16;16;48;2;0;0;0m▀[38;2;16;16;16;48;2;0;0;0m▀[38;2;0;0;0m▀[0m [0m
[0m [0m [0m [0m [0m [0m [0m [0m [0m [0m [0m [0m [0m [38;2;0;0;0m▀[38;2;131;41;0;48;2;0;0;0m▀[38;2;131;41;0;48;2;0;0;0m▀[38;2;131;41;0;48;2;0;0;0m▀[38;2;255;213;106;48;2;98;41;0m▀[38;2;255;213;106;48;2;131;41;0m▀[38;2;255;213;106;48;2;131;41;0m▀[38;2;255;213;106;48;2;131;41;0m▀[38;2;255;213;106;48;2;51;21;0m▀[38;2;255;213;106;48;2;51;21;0m▀[38;2;51;21;0;48;2;51;21;0m▀[38;2;90;156;164;48;2;90;156;164m▀[38;2;90;156;164;48;2;90;156;164m▀[38;2;90;156;164;48;2;90;156;164m▀[38;2;90;156;164;48;2;16;16;16m▀[38;2;90;156;164;48;2;16;16;16m▀[38;2;90;156;164;48;2;16;16;16m▀[38;2;16;16;16;48;2;16;16;16m▀[38;2;16;16;16;48;2;0;0;0m▀[38;2;16;16;16;48;2;0;0;0m▀[38;2;0;0;0m▀[0m [0m [0m [0m
