[0m [0m [0m [0m [0m [0m [0m [0m [0m [0m [0m [0m [0m [0m [0m [0m [0m [0m [0m [0m [0m [0m [0m [0m [38;2;0;0;0m▄[38;2;0;0;0;48;2;255;172;148m▀[38;2;255;172;148;48;2;131;123;74m▀[38;2;255;172;148;48;2;131;123;74m▀[38;2;255;172;148;48;2;131;123;74m▀[38;2;255;172;148;48;2;131;123;74m▀[38;2;0;0;0;48;2;255;106;90m▀[38;2;0;0;0m▄[0m [0m [0m [0m [0m [0m [0m [0m [0m [0m [0m [0m [0m [0m [0m [0m [0m [0m [0m [0m [0m [0m [0m [0m [0m [0m [0m [0m [0m [38;2;0;0;0m▄[38;2;0;0;0m▄[38;2;0;0;0m▄[0m [0m [0m [0m [0m [0m
[0m [0m [0m [0m [0m [0m [0m [0m [0m [0m [0m [0m [0m [0m [0m [0m [0m [0m [0m [0m [0m [0m [0m [38;2;0;0;0;48;2;0;0;0m▀[38;2;255;172;148;48;2;255;172;148m▀[38;2;131;123;74;48;2;131;123;74m▀[38;2;230;230;180;48;2;230;230;180m▀[38;2;230;230;180;48;2;230;230;180m▀[38;2;230;230;180;48;2;230;230;180m▀[38;2;180;172;115;48;2;180;172;115m▀[38;2;131;123;74;48;2;131;123;74m▀[38;2;255;106;90;48;2;255;106;90m▀[38;2;0;0;0;48;2;0;0;0m▀[0m [0m [0m [0m [0m [0m [0m [0m [0m [0m [0m [0m [0m [0m [0m [0m [0m [0m [0m [0m [0m [0m [0m [0m [0m [0m [38;2;0;0;0m▄[38;2;0;0;0;48;2;0;0;0m▀[38;2;90;49;24;48;2;90;49;24m▀[38;2;90;49;24;48;2;90;49;24m▀[38;2;90;49;24;48;2;90;49;24m▀[38;2;0;0;0;48;2;0;0;0m▀[0m [0m [0m [0m [0m
[0m [0m [0m [0m [0m [0m [0m [0m [38;2;0;0;0m▄[38;2;0;0;0m▄[38;2;0;0;0m▄[0m [0m [0m [0m [0m [0m [0m [0m [0m [0m [0m [0m [38;2;0;0;0;48;2;0;0;0m▀[38;2;255;172;148;48;2;255;106;90m▀[38;2;131;123;74;48;2;131;123;74m▀[38;2;230;230;180;48;2;180;172;115m▀[38;2;230;230;180;48;2;180;172;115m▀[38;2;230;230;180;48;2;180;172;115m▀[38;2;180;172;115;48;2;180;172;115m▀[38;2;131;123;74;48;2;131;123;74m▀[38;2;255;106;90;48;2;255;106;90m▀[38;2;0;0;0;48;2;0;0;0m▀[0m [0m [0m [0m [0m [0m [0m [0m [0m [0m [0m [38;2;0;0;0m▄[38;2;0;0;0;48;2;255;172;148m▀[38;2;0;0;0;48;2;255;172;148m▀[38;2;0;0;0;48;2;255;172;148m▀[38;2;0;0;0m▄[38;2;0;0;0m▄[0m [0m [0m [0m [0m [0m [0m [38;2;0;0;0m▄[38;2;0;0;0;48;2;90;49;24m▀[38;2;90;49;24;48;2;197;115;65m▀[38;2;90;49;24;48;2;197;115;65m▀[38;2;164;90;90;48;2;197;115;65m▀[38;2;197;115;65;48;2;90;49;24m▀[38;2;90;49;24;48;2;0;0;0m▀[38;2;0;0;0m▀[0m [0m [0m [0m [0m
[0m [0m [38;2;0;0;0m▄[38;2;0;0;0m▄[0m [0m [38;2;0;0;0m▄[38;2;0;0;0;48;2;255;172;148m▀[38;2;255;172;148;48;2;131;123;74m▀[38;2;255;172;148;48;2;131;123;74m▀[38;2;255;172;148;48;2;131;123;74m▀[38;2;0;0;0;48;2;255;106;90m▀[38;2;0;0;0m▄[0m [0m [0m [0m [0m [0m [0m [0m [0m [0m [0m [38;2;0;0;0m▀[38;2;255;106;90;48;2;0;0;0m▀[38;2;131;123;74;48;2;255;106;90m▀[38;2;131;123;74;48;2;255;106;90m▀[38;2;131;123;74;48;2;255;106;90m▀[38;2;131;123;74;48;2;255;106;90m▀[38;2;255;106;90;48;2;0;0;0m▀[38;2;0;0;0m▀[0m [0m [0m [0m [0m [0m [0m [0m [0m [0m [38;2;0;0;0m▄[38;2;0;0;0;48;2;255;172;148m▀[38;2;255;172;148;48;2;131;123;74m▀[38;2;131;123;74;48;2;230;230;180m▀[38;2;131;123;74;48;2;230;230;180m▀[38;2;131;123;74;48;2;230;230;180m▀[38;2;255;106;90;48;2;131;123;74m▀[38;2;255;106;90;48;2;131;123;74m▀[38;2;0;0;0;48;2;255;106;90m▀[38;2;0;0;0m▄[0m [0m [0m [0m [38;2;0;0;0m▄[38;2;0;0;0;48;2;90;49;24m▀[38;2;90;49;24;48;2;197;115;65m▀[38;2;197;115;65;48;2;197;115;65m▀[38;2;197;115;65;48;2;197;115;65m▀[38;2;197;115;65;48;2;164;90;90m▀[38;2;90;49;24;48;2;90;49;24m▀[38;2;0;0;0;48;2;0;0;0m▀[0m [0m [0m [0m [0m [0m
[0m [38;2;0;0;0;48;2;0;0;0m▀[38;2;255;172;148;48;2;255;172;148m▀[38;2;255;172;148;48;2;255;172;148m▀[38;2;0;0;0;48;2;0;0;0m▀[38;2;0;0;0;48;2;0;0;0m▀[38;2;255;172;148;48;2;255;172;148m▀[38;2;131;123;74;48;2;131;123;74m▀[38;2;230;230;180;48;2;230;230;180m▀[38;2;230;230;180;48;2;230;230;180m▀[38;2;180;172;115;48;2;180;172;115m▀[38;2;131;123;74;48;2;131;123;74m▀[38;2;255;106;90;48;2;255;106;90m▀[38;2;0;0;0;48;2;0;0;0m▀[0m [0m [0m [0m [0m [0m [0m [0m [0m [0m [0m [0m [38;2;0;0;0m▀[38;2;0;0;0m▀[38;2;0;0;0m▀[38;2;0;0;0m▀[0m [0m [0m [0m [0m [0m [0m [0m [0m [0m [0m [38;2;0;0;0;48;2;0;0;0m▀[38;2;255;172;148;48;2;255;172;148m▀[38;2;131;123;74;48;2;131;123;74m▀[38;2;230;230;180;48;2;230;230;180m▀[38;2;230;230;180;48;2;230;230;180m▀[38;2;230;230;180;48;2;230;230;180m▀[38;2;230;230;180;48;2;230;230;180m▀[38;2;230;230;180;48;2;230;230;180m▀[38;2;180;172;115;48;2;180;172;115m▀[38;2;131;123;74;48;2;131;123;74m▀[38;2;255;106;90;48;2;255;106;90m▀[38;2;0;0;0;48;2;0;0;0m▀[0m [0m [0m [38;2;0;0;0;48;2;0;0;0m▀[38;2;90;49;24;48;2;90;49;24m▀[38;2;164;90;90;48;2;164;90;90m▀[38;2;197;115;65;48;2;197;115;65m▀[38;2;197;115;65;48;2;197;115;65m▀[38;2;90;49;24;48;2;90;49;24m▀[38;2;0;0;0;48;2;0;0;0m▀[0m [0m [0m [0m [0m [0m [0m
[38;2;0;0;0;48;2;255;172;148m▀[38;2;255;172;148;48;2;131;123;74m▀[38;2;131;123;74;48;2;230;230;180m▀[38;2;131;123;74;48;2;230;230;180m▀[38;2;255;106;90;48;2;131;123;74m▀[38;2;0;0;0;48;2;255;106;90m▀[38;2;255;172;148;48;2;0;0;0m▀[38;2;131;123;74;48;2;255;106;90m▀[38;2;230;230;180;48;2;131;123;74m▀[38;2;230;230;180;48;2;131;123;74m▀[38;2;180;172;115;48;2;180;172;115m▀[38;2;131;123;74;48;2;131;123;74m▀[38;2;255;106;90;48;2;255;106;90m▀[38;2;0;0;0;48;2;0;0;0m▀[0m [0m [0m [0m [0m [0m [0m [0m [0m [0m [0m [0m [0m [0m [0m [0m [0m [0m [0m [0m [0m [0m [0m [0m [0m [0m [0m [38;2;0;0;0m▀[38;2;255;172;148;48;2;0;0;0m▀[38;2;131;123;74;48;2;255;106;90m▀[38;2;230;230;180;48;2;131;123;74m▀[38;2;230;230;180;48;2;230;230;180m▀[38;2;230;230;180;48;2;180;172;115m▀[38;2;230;230;180;48;2;180;172;115m▀[38;2;180;172;115;48;2;180;172;115m▀[38;2;180;172;115;48;2;180;172;115m▀[38;2;131;123;74;48;2;131;123;74m▀[38;2;255;106;90;48;2;255;106;90m▀[38;2;0;0;0;48;2;0;0;0m▀[0m [0m [38;2;0;0;0;48;2;0;0;0m▀[38;2;90;49;24;48;2;90;49;24m▀[38;2;164;90;90;48;2;164;90;90m▀[38;2;164;90;90;48;2;164;90;90m▀[38;2;164;90;90;48;2;164;90;90m▀[38;2;164;90;90;48;2;164;90;90m▀[38;2;90;49;24;48;2;90;49;24m▀[38;2;0;0;0;48;2;0;0;0m▀[0m [0m [0m [0m [0m [0m [0m
[38;2;255;172;148;48;2;255;106;90m▀[38;2;131;123;74;48;2;131;123;74m▀[38;2;230;230;180;48;2;180;172;115m▀[38;2;230;230;180;48;2;180;172;115m▀[38;2;131;123;74;48;2;180;172;115m▀[38;2;255;106;90;48;2;131;123;74m▀[38;2;0;0;0;48;2;255;106;90m▀[38;2;0;0;0;48;2;0;0;0m▀[38;2;255;106;90;48;2;0;0;0m▀[38;2;255;106;90;48;2;0;0;0m▀[38;2;131;123;74;48;2;255;106;90m▀[38;2;255;106;90;48;2;0;0;0m▀[38;2;0;0;0m▀[0m [0m [0m [0m [0m [0m [0m [0m [0m [0m [0m [38;2;0;0;0m▄[38;2;0;0;0m▄[38;2;0;0;0m▄[38;2;0;0;0m▄[38;2;0;0;0m▄[38;2;0;0;0m▄[38;2;0;0;0m▄[0m [0m [0m [0m [38;2;0;0;0m▄[38;2;0;0;0m▄[38;2;0;0;0;48;2;90;49;24m▀[38;2;0;0;0;48;2;90;49;24m▀[38;2;0;0;0;48;2;90;49;24m▀[38;2;0;0;0m▄[38;2;0;0;0m▄[38;2;0;0;0m▀[38;2;255;106;90;48;2;0;0;0m▀[38;2;131;123;74;48;2;255;106;90m▀[38;2;180;172;115;48;2;131;123;74m▀[38;2;180;172;115;48;2;131;123;74m▀[38;2;180;172;115;48;2;131;123;74m▀[38;2;131;123;74;48;2;255;106;90m▀[38;2;131;123;74;48;2;255;106;90m▀[38;2;255;106;90;48;2;0;0;0m▀[38;2;0;0;0m▀[0m [0m [38;2;0;0;0m▄[38;2;0;0;0;48;2;90;49;24m▀[38;2;90;49;24;48;2;197;115;65m▀[38;2;197;115;65;48;2;197;115;65m▀[38;2;197;115;65;48;2;197;115;65m▀[38;2;164;90;90;48;2;197;115;65m▀[38;2;164;90;90;48;2;197;115;65m▀[38;2;90;49;24;48;2;90;49;24m▀[38;2;0;0;0;48;2;0;0;0m▀[0m [0m [0m [0m [0m [0m [0m
[38;2;0;0;0;48;2;0;0;0m▀[38;2;255;106;90;48;2;255;106;90m▀[38;2;131;123;74;48;2;131;123;74m▀[38;2;131;123;74;48;2;131;123;74m▀[38;2;131;123;74;48;2;131;123;74m▀[38;2;255;106;90;48;2;255;106;90m▀[38;2;0;0;0;48;2;0;0;0m▀[0m [0m [0m [38;2;0;0;0m▀[0m [0m [38;2;0;0;0m▄[38;2;0;0;0m▄[38;2;0;0;0m▄[38;2;0;0;0m▄[38;2;0;0;0m▄[0m [0m [0m [38;2;0;0;0m▄[38;2;0;0;0m▄[38;2;0;0;0;48;2;0;0;0m▀[38;2;90;49;24;48;2;90;49;24m▀[38;2;90;49;24;48;2;90;49;24m▀[38;2;90;49;24;48;2;90;49;24m▀[38;2;90;49;24;48;2;90;49;24m▀[38;2;90;49;24;48;2;90;49;24m▀[38;2;90;49;24;48;2;90;49;24m▀[38;2;90;49;24;48;2;90;49;24m▀[38;2;0;0;0;48;2;0;0;0m▀[38;2;0;0;0m▄[38;2;0;0;0m▄[38;2;0;0;0;48;2;0;0;0m▀[38;2;90;49;24;48;2;90;49;24m▀[38;2;90;49;24;48;2;90;49;24m▀[38;2;197;115;65;48;2;197;115;65m▀[38;2;197;115;65;48;2;197;115;65m▀[38;2;197;115;65;48;2;197;115;65m▀[38;2;90;49;24;48;2;90;49;24m▀[38;2;90;49;24;48;2;90;49;24m▀[38;2;0;0;0;48;2;0;0;0m▀[0m [38;2;0;0;0;48;2;0;0;0m▀[38;2;255;106;90;48;2;255;106;90m▀[38;2;255;106;90;48;2;255;106;90m▀[38;2;255;106;90;48;2;255;106;90m▀[38;2;0;0;0;48;2;0;0;0m▀[38;2;0;0;0m▀[0m [0m [0m [0m [38;2;0;0;0;48;2;0;0;0m▀[38;2;90;49;24;48;2;90;49;24m▀[38;2;197;115;65;48;2;197;115;65m▀[38;2;197;115;65;48;2;197;115;65m▀[38;2;197;115;65;48;2;197;115;65m▀[38;2;197;115;65;48;2;197;115;65m▀[38;2;197;115;65;48;2;197;115;65m▀[38;2;90;49;24;48;2;90;49;24m▀[38;2;0;0;0;48;2;0;0;0m▀[0m [0m [0m [0m [0m [0m [0m
[0m [38;2;0;0;0m▀[38;2;255;106;90;48;2;0;0;0m▀[38;2;255;106;90;48;2;0;0;0m▀[38;2;255;106;90;48;2;0;0;0m▀[38;2;0;0;0m▀[0m [0m [0m [0m [0m [0m [38;2;0;0;0;48;2;0;0;0m▀[38;2;90;49;24;48;2;90;49;24m▀[38;2;90;49;24;48;2;197;115;65m▀[38;2;90;49;24;48;2;197;115;65m▀[38;2;90;49;24;48;2;197;115;65m▀[38;2;90;49;24;48;2;197;115;65m▀[38;2;0;0;0;48;2;164;90;90m▀[38;2;0;0;0;48;2;90;49;24m▀[38;2;0;0;0;48;2;90;49;24m▀[38;2;90;49;24;48;2;197;115;65m▀[38;2;90;49;24;48;2;197;115;65m▀[38;2;164;90;90;48;2;197;115;65m▀[38;2;197;115;65;48;2;197;115;65m▀[38;2;197;115;65;48;2;197;115;65m▀[38;2;197;115;65;48;2;197;115;65m▀[38;2;197;115;65;48;2;197;115;65m▀[38;2;197;115;65;48;2;197;115;65m▀[38;2;197;115;65;48;2;197;115;65m▀[38;2;164;90;90;48;2;197;115;65m▀[38;2;90;49;24;48;2;90;49;24m▀[38;2;90;49;24;48;2;164;90;90m▀[38;2;90;49;24;48;2;197;115;65m▀[38;2;90;49;24;48;2;197;115;65m▀[38;2;164;90;90;48;2;197;115;65m▀[38;2;197;115;65;48;2;197;115;65m▀[38;2;197;115;65;48;2;164;90;90m▀[38;2;197;115;65;48;2;222;156;90m▀[38;2;222;156;90;48;2;222;156;90m▀[38;2;90;49;24;48;2;90;49;24m▀[38;2;90;49;24;48;2;90;49;24m▀[38;2;0;0;0;48;2;0;0;0m▀[0m [0m [38;2;0;0;0m▀[38;2;0;0;0m▀[38;2;0;0;0m▀[0m [0m [0m [0m [0m [0m [38;2;0;0;0;48;2;0;0;0m▀[38;2;90;49;24;48;2;90;49;24m▀[38;2;197;115;65;48;2;197;115;65m▀[38;2;197;115;65;48;2;197;115;65m▀[38;2;197;115;65;48;2;197;115;65m▀[38;2;197;115;65;48;2;164;90;90m▀[38;2;197;115;65;48;2;164;90;90m▀[38;2;16;16;16;48;2;16;16;16m▀[38;2;0;0;0;48;2;0;0;0m▀[0m [0m [0m [0m [0m [0m [0m
[0m [0m [0m [0m [0m [0m [0m [0m [0m [0m [0m [0m [38;2;0;0;0;48;2;0;0;0m▀[38;2;90;49;24;48;2;164;90;90m▀[38;2;197;115;65;48;2;164;90;90m▀[38;2;197;115;65;48;2;197;115;65m▀[38;2;197;115;65;48;2;197;115;65m▀[38;2;197;115;65;48;2;197;115;65m▀[38;2;197;115;65;48;2;197;115;65m▀[38;2;164;90;90;48;2;222;156;90m▀[38;2;164;90;90;48;2;222;156;90m▀[38;2;222;156;90;48;2;222;156;90m▀[38;2;222;156;90;48;2;222;156;90m▀[38;2;222;156;90;48;2;222;156;90m▀[38;2;197;115;65;48;2;222;156;90m▀[38;2;197;115;65;48;2;197;115;65m▀[38;2;197;115;65;48;2;197;115;65m▀[38;2;197;115;65;48;2;197;115;65m▀[38;2;197;115;65;48;2;197;115;65m▀[38;2;197;115;65;48;2;197;115;65m▀[38;2;197;115;65;48;2;197;115;65m▀[38;2;197;115;65;48;2;197;115;65m▀[38;2;197;115;65;48;2;197;115;65m▀[38;2;197;115;65;48;2;197;115;65m▀[38;2;197;115;65;48;2;197;115;65m▀[38;2;197;115;65;48;2;164;90;90m▀[38;2;164;90;90;48;2;222;156;90m▀[38;2;222;156;90;48;2;222;156;90m▀[38;2;222;156;90;48;2;222;156;90m▀[38;2;164;90;90;48;2;90;49;24m▀[38;2;0;0;0;48;2;0;0;0m▀[38;2;0;0;0m▀[0m [0m [0m [0m [0m [0m [0m [0m [38;2;0;0;0m▄[38;2;0;0;0m▄[38;2;0;0;0m▄[38;2;0;0;0;48;2;0;0;0m▀[38;2;16;16;16;48;2;90;49;24m▀[38;2;197;115;65;48;2;164;90;90m▀[38;2;197;115;65;48;2;197;115;65m▀[38;2;197;115;65;48;2;197;115;65m▀[38;2;197;115;65;48;2;164;90;90m▀[38;2;164;90;90;48;2;164;90;90m▀[38;2;164;90;90;48;2;164;90;90m▀[38;2;16;16;16;48;2;16;16;16m▀[38;2;0;0;0;48;2;0;0;0m▀[38;2;0;0;0m▄[38;2;0;0;0m▄[0m [0m [0m [0m [0m
[0m [0m [0m [0m [0m [0m [0m [0m [0m [0m [0m [0m [0m [38;2;0;0;0;48;2;0;0;0m▀[38;2;90;49;24;48;2;90;49;24m▀[38;2;197;115;65;48;2;197;115;65m▀[38;2;197;115;65;48;2;197;115;65m▀[38;2;164;90;90;48;2;164;90;90m▀[38;2;222;156;90;48;2;222;156;90m▀[38;2;222;156;90;48;2;222;156;90m▀[38;2;222;156;90;48;2;222;156;90m▀[38;2;222;156;90;48;2;222;156;90m▀[38;2;222;156;90;48;2;222;156;90m▀[38;2;222;156;90;48;2;222;156;90m▀[38;2;222;156;90;48;2;222;156;90m▀[38;2;197;115;65;48;2;197;115;65m▀[38;2;197;115;65;48;2;197;115;65m▀[38;2;197;115;65;48;2;197;115;65m▀[38;2;197;115;65;48;2;197;115;65m▀[38;2;197;115;65;48;2;197;115;65m▀[38;2;197;115;65;48;2;197;115;65m▀[38;2;197;115;65;48;2;197;115;65m▀[38;2;197;115;65;48;2;197;115;65m▀[38;2;164;90;90;48;2;164;90;90m▀[38;2;164;90;90;48;2;164;90;90m▀[38;2;164;90;90;48;2;164;90;90m▀[38;2;222;156;90;48;2;222;156;90m▀[38;2;222;156;90;48;2;222;156;90m▀[38;2;164;90;90;48;2;164;90;90m▀[38;2;0;0;0;48;2;0;0;0m▀[0m [0m [0m [0m [0m [0m [0m [0m [0m [38;2;0;0;0;48;2;0;0;0m▀[38;2;131;123;74;48;2;131;123;74m▀[38;2;131;123;74;48;2;131;123;74m▀[38;2;90;49;24;48;2;90;49;24m▀[38;2;90;49;24;48;2;90;49;24m▀[38;2;164;90;90;48;2;164;90;90m▀[38;2;164;90;90;48;2;164;90;90m▀[38;2;164;90;90;48;2;164;90;90m▀[38;2;164;90;90;48;2;164;90;90m▀[38;2;164;90;90;48;2;164;90;90m▀[38;2;164;90;90;48;2;164;90;90m▀[38;2;164;90;90;48;2;164;90;90m▀[38;2;90;49;24;48;2;90;49;24m▀[38;2;90;82;32;48;2;90;82;32m▀[38;2;90;82;32;48;2;90;82;32m▀[38;2;90;82;32;48;2;90;82;32m▀[38;2;0;0;0;48;2;0;0;0m▀[38;2;0;0;0m▄[0m [0m [0m
[0m [0m [0m [0m [0m [0m [0m [0m [0m [0m [0m [0m [0m [38;2;0;0;0m▀[38;2;90;49;24;48;2;0;0;0m▀[38;2;164;90;90;48;2;90;49;24m▀[38;2;164;90;90;48;2;90;49;24m▀[38;2;164;90;90;48;2;197;115;65m▀[38;2;222;156;90;48;2;197;115;65m▀[38;2;222;156;90;48;2;222;156;90m▀[38;2;222;156;90;48;2;222;156;90m▀[38;2;222;156;90;48;2;222;156;90m▀[38;2;222;156;90;48;2;222;156;90m▀[38;2;222;156;90;48;2;222;156;90m▀[38;2;222;156;90;48;2;197;115;65m▀[38;2;197;115;65;48;2;197;115;65m▀[38;2;197;115;65;48;2;197;115;65m▀[38;2;197;115;65;48;2;197;115;65m▀[38;2;197;115;65;48;2;197;115;65m▀[38;2;197;115;65;48;2;197;115;65m▀[38;2;197;115;65;48;2;197;115;65m▀[38;2;197;115;65;48;2;197;115;65m▀[38;2;197;115;65;48;2;197;115;65m▀[38;2;164;90;90;48;2;164;90;90m▀[38;2;164;90;90;48;2;164;90;90m▀[38;2;164;90;90;48;2;164;90;90m▀[38;2;164;90;90;48;2;164;90;90m▀[38;2;222;156;90;48;2;164;90;90m▀[38;2;90;49;24;48;2;16;16;16m▀[38;2;0;0;0;48;2;0;0;0m▀[0m [0m [0m [0m [0m [0m [0m [38;2;0;0;0m▄[38;2;0;0;0;48;2;131;123;74m▀[38;2;131;123;74;48;2;230;230;180m▀[38;2;230;230;180;48;2;230;230;180m▀[38;2;230;230;180;48;2;230;230;180m▀[38;2;90;82;32;48;2;180;172;115m▀[38;2;90;82;32;48;2;180;172;115m▀[38;2;164;90;90;48;2;90;82;32m▀[38;2;164;90;90;48;2;90;82;32m▀[38;2;164;90;90;48;2;90;82;32m▀[38;2;164;90;90;48;2;164;90;90m▀[38;2;164;90;90;48;2;90;82;32m▀[38;2;90;49;24;48;2;90;82;32m▀[38;2;90;49;24;48;2;90;82;32m▀[38;2;180;172;115;48;2;90;82;32m▀[38;2;180;172;115;48;2;90;82;32m▀[38;2;180;172;115;48;2;180;172;115m▀[38;2;131;123;74;48;2;131;123;74m▀[38;2;90;82;32;48;2;90;82;32m▀[38;2;90;82;32;48;2;90;82;32m▀[38;2;0;0;0;48;2;0;0;0m▀[0m [0m
[0m [0m [0m [0m [0m [0m [0m [0m [0m [0m [0m [0m [0m [38;2;0;0;0m▄[38;2;0;0;0;48;2;0;0;0m▀[38;2;90;49;24;48;2;90;49;24m▀[38;2;90;49;24;48;2;90;49;24m▀[38;2;197;115;65;48;2;197;115;65m▀[38;2;197;115;65;48;2;197;115;65m▀[38;2;197;115;65;48;2;197;115;65m▀[38;2;197;115;65;48;2;197;115;65m▀[38;2;197;115;65;48;2;197;115;65m▀[38;2;197;115;65;48;2;197;115;65m▀[38;2;197;115;65;48;2;197;115;65m▀[38;2;197;115;65;48;2;197;115;65m▀[38;2;197;115;65;48;2;197;115;65m▀[38;2;197;115;65;48;2;197;115;65m▀[38;2;197;115;65;48;2;197;115;65m▀[38;2;197;115;65;48;2;197;115;65m▀[38;2;197;115;65;48;2;197;115;65m▀[38;2;197;115;65;48;2;197;115;65m▀[38;2;197;115;65;48;2;197;115;65m▀[38;2;197;115;65;48;2;164;90;90m▀[38;2;164;90;90;48;2;164;90;90m▀[38;2;164;90;90;48;2;164;90;90m▀[38;2;164;90;90;48;2;164;90;90m▀[38;2;164;90;90;48;2;164;90;90m▀[38;2;164;90;90;48;2;164;90;90m▀[38;2;16;16;16;48;2;90;49;24m▀[38;2;0;0;0;48;2;90;82;32m▀[38;2;0;0;0m▄[38;2;0;0;0m▄[0m [0m [0m [0m [0m [38;2;0;0;0;48;2;0;0;0m▀[38;2;131;123;74;48;2;131;123;74m▀[38;2;230;230;180;48;2;180;172;115m▀[38;2;230;230;180;48;2;180;172;115m▀[38;2;180;172;115;48;2;131;123;74m▀[38;2;90;82;32;48;2;230;230;180m▀[38;2;90;82;32;48;2;230;230;180m▀[38;2;230;230;180;48;2;230;230;180m▀[38;2;230;230;180;48;2;230;230;180m▀[38;2;180;172;115;48;2;180;172;115m▀[38;2;90;82;32;48;2;90;82;32m▀[38;2;230;230;180;48;2;180;172;115m▀[38;2;180;172;115;48;2;180;172;115m▀[38;2;180;172;115;48;2;180;172;115m▀[38;2;180;172;115;48;2;180;172;115m▀[38;2;180;172;115;48;2;180;172;115m▀[38;2;90;82;32;48;2;131;123;74m▀[38;2;131;123;74;48;2;90;82;32m▀[38;2;131;123;74;48;2;131;123;74m▀[38;2;131;123;74;48;2;131;123;74m▀[38;2;90;82;32;48;2;90;82;32m▀[38;2;0;0;0;48;2;180;172;115m▀[0m
[0m [0m [0m [0m [0m [0m [0m [0m [0m [0m [0m [38;2;0;0;0m▄[38;2;0;0;0;48;2;131;123;74m▀[38;2;90;82;32;48;2;180;172;115m▀[38;2;90;82;32;48;2;90;49;24m▀[38;2;164;90;90;48;2;197;115;65m▀[38;2;164;90;90;48;2;197;115;65m▀[38;2;197;115;65;48;2;197;115;65m▀[38;2;197;115;65;48;2;197;115;65m▀[38;2;197;115;65;48;2;197;115;65m▀[38;2;255;255;255;48;2;16;16;16m▀[38;2;197;115;65;48;2;197;115;65m▀[38;2;197;115;65;48;2;197;115;65m▀[38;2;197;115;65;48;2;197;115;65m▀[38;2;197;115;65;48;2;197;115;65m▀[38;2;197;115;65;48;2;197;115;65m▀[38;2;197;115;65;48;2;197;115;65m▀[38;2;197;115;65;48;2;197;115;65m▀[38;2;197;115;65;48;2;197;115;65m▀[38;2;255;255;255;48;2;16;16;16m▀[38;2;197;115;65;48;2;197;115;65m▀[38;2;197;115;65;48;2;164;90;90m▀[38;2;164;90;90;48;2;164;90;90m▀[38;2;164;90;90;48;2;164;90;90m▀[38;2;164;90;90;48;2;164;90;90m▀[38;2;164;90;90;48;2;164;90;90m▀[38;2;164;90;90;48;2;164;90;90m▀[38;2;164;90;90;48;2;164;90;90m▀[38;2;164;90;90;48;2;164;90;90m▀[38;2;16;16;16;48;2;16;16;16m▀[38;2;90;82;32;48;2;180;172;115m▀[38;2;90;82;32;48;2;180;172;115m▀[38;2;0;0;0;48;2;90;82;32m▀[38;2;0;0;0;48;2;90;82;32m▀[38;2;0;0;0;48;2;90;82;32m▀[38;2;0;0;0;48;2;90;82;32m▀[38;2;0;0;0m▄[38;2;0;0;0m▀[38;2;180;172;115;48;2;0;0;0m▀[38;2;180;172;115;48;2;180;172;115m▀[38;2;180;172;115;48;2;180;172;115m▀[38;2;131;123;74;48;2;180;172;115m▀[38;2;180;172;115;48;2;131;123;74m▀[38;2;180;172;115;48;2;131;123;74m▀[38;2;230;230;180;48;2;180;172;115m▀[38;2;180;172;115;48;2;180;172;115m▀[38;2;180;172;115;48;2;180;172;115m▀[38;2;0;0;0;48;2;180;172;115m▀[38;2;90;82;32;48;2;90;82;32m▀[38;2;180;172;115;48;2;131;123;74m▀[38;2;180;172;115;48;2;131;123;74m▀[38;2;131;123;74;48;2;131;123;74m▀[38;2;131;123;74;48;2;131;123;74m▀[38;2;131;123;74;48;2;131;123;74m▀[38;2;131;123;74;48;2;131;123;74m▀[38;2;90;82;32;48;2;180;172;115m▀[38;2;90;82;32;48;2;180;172;115m▀[38;2;180;172;115;48;2;180;172;115m▀[38;2;180;172;115;48;2;0;0;0m▀[0m
[0m [0m [0m [0m [0m [0m [0m [0m [0m [0m [38;2;0;0;0m▄[38;2;0;0;0;48;2;131;123;74m▀[38;2;131;123;74;48;2;180;172;115m▀[38;2;180;172;115;48;2;180;172;115m▀[38;2;90;49;24;48;2;90;49;24m▀[38;2;197;115;65;48;2;197;115;65m▀[38;2;197;115;65;48;2;197;115;65m▀[38;2;197;115;65;48;2;197;115;65m▀[38;2;197;115;65;48;2;197;115;65m▀[38;2;197;115;65;48;2;197;115;65m▀[38;2;16;16;16;48;2;16;16;16m▀[38;2;197;115;65;48;2;197;115;65m▀[38;2;197;115;65;48;2;197;115;65m▀[38;2;197;115;65;48;2;197;115;65m▀[38;2;197;115;65;48;2;197;115;65m▀[38;2;197;115;65;48;2;197;115;65m▀[38;2;197;115;65;48;2;197;115;65m▀[38;2;197;115;65;48;2;197;115;65m▀[38;2;197;115;65;48;2;197;115;65m▀[38;2;16;16;16;48;2;16;16;16m▀[38;2;197;115;65;48;2;164;90;90m▀[38;2;164;90;90;48;2;164;90;90m▀[38;2;164;90;90;48;2;164;90;90m▀[38;2;164;90;90;48;2;164;90;90m▀[38;2;164;90;90;48;2;164;90;90m▀[38;2;164;90;90;48;2;164;90;90m▀[38;2;164;90;90;48;2;164;90;90m▀[38;2;164;90;90;48;2;164;90;90m▀[38;2;164;90;90;48;2;164;90;90m▀[38;2;16;16;16;48;2;16;16;16m▀[38;2;180;172;115;48;2;131;123;74m▀[38;2;180;172;115;48;2;131;123;74m▀[38;2;90;82;32;48;2;90;82;32m▀[38;2;90;82;32;48;2;180;172;115m▀[38;2;90;82;32;48;2;180;172;115m▀[38;2;90;82;32;48;2;180;172;115m▀[38;2;0;0;0;48;2;90;82;32m▀[38;2;0;0;0;48;2;90;82;32m▀[38;2;0;0;0;48;2;90;82;32m▀[38;2;180;172;115;48;2;0;0;0m▀[38;2;180;172;115;48;2;0;0;0m▀[38;2;180;172;115;48;2;180;172;115m▀[38;2;131;123;74;48;2;180;172;115m▀[38;2;131;123;74;48;2;180;172;115m▀[38;2;180;172;115;48;2;180;172;115m▀[38;2;180;172;115;48;2;180;172;115m▀[38;2;180;172;115;48;2;180;172;115m▀[38;2;180;172;115;48;2;180;172;115m▀[38;2;90;82;32;48;2;180;172;115m▀[38;2;131;123;74;48;2;180;172;115m▀[38;2;131;123;74;48;2;180;172;115m▀[38;2;131;123;74;48;2;180;172;115m▀[38;2;131;123;74;48;2;180;172;115m▀[38;2;131;123;74;48;2;180;172;115m▀[38;2;131;123;74;48;2;180;172;115m▀[38;2;180;172;115;48;2;0;0;0m▀[38;2;180;172;115;48;2;0;0;0m▀[38;2;180;172;115;48;2;180;172;115m▀[38;2;0;0;0;48;2;0;0;0m▀[0m
[0m [0m [0m [0m [0m [0m [0m [0m [38;2;0;0;0m▄[38;2;0;0;0m▄[38;2;0;0;0;48;2;0;0;0m▀[38;2;131;123;74;48;2;131;123;74m▀[38;2;131;123;74;48;2;230;230;180m▀[38;2;90;82;32;48;2;230;230;180m▀[38;2;90;49;24;48;2;230;230;180m▀[38;2;197;115;65;48;2;90;49;24m▀[38;2;197;115;65;48;2;90;49;24m▀[38;2;197;115;65;48;2;90;49;24m▀[38;2;197;115;65;48;2;197;115;65m▀[38;2;197;115;65;48;2;197;115;65m▀[38;2;197;115;65;48;2;197;115;65m▀[38;2;197;115;65;48;2;197;115;65m▀[38;2;197;115;65;48;2;197;115;65m▀[38;2;197;115;65;48;2;197;115;65m▀[38;2;197;115;65;48;2;197;115;65m▀[38;2;197;115;65;48;2;197;115;65m▀[38;2;197;115;65;48;2;197;115;65m▀[38;2;197;115;65;48;2;164;90;90m▀[38;2;197;115;65;48;2;164;90;90m▀[38;2;164;90;90;48;2;164;90;90m▀[38;2;164;90;90;48;2;164;90;90m▀[38;2;164;90;90;48;2;164;90;90m▀[38;2;164;90;90;48;2;90;49;24m▀[38;2;164;90;90;48;2;90;49;24m▀[38;2;164;90;90;48;2;90;49;24m▀[38;2;164;90;90;48;2;90;49;24m▀[38;2;90;49;24;48;2;131;123;74m▀[38;2;16;16;16;48;2;90;82;32m▀[38;2;16;16;16;48;2;16;16;16m▀[38;2;90;82;32;48;2;90;82;32m▀[38;2;90;82;32;48;2;131;123;74m▀[38;2;90;82;32;48;2;131;123;74m▀[38;2;180;172;115;48;2;180;172;115m▀[38;2;180;172;115;48;2;180;172;115m▀[38;2;180;172;115;48;2;180;172;115m▀[38;2;131;123;74;48;2;131;123;74m▀[38;2;131;123;74;48;2;131;123;74m▀[38;2;131;123;74;48;2;131;123;74m▀[38;2;131;123;74;48;2;131;123;74m▀[38;2;90;82;32;48;2;16;16;16m▀[38;2;0;0;0;48;2;0;0;0m▀[38;2;0;0;0;48;2;0;0;0m▀[38;2;180;172;115;48;2;0;0;0m▀[38;2;180;172;115;48;2;0;0;0m▀[38;2;0;0;0;48;2;180;172;115m▀[38;2;180;172;115;48;2;0;0;0m▀[38;2;0;0;0;48;2;180;172;115m▀[38;2;0;0;0;48;2;180;172;115m▀[38;2;180;172;115;48;2;0;0;0m▀[38;2;180;172;115;48;2;180;172;115m▀[38;2;180;172;115;48;2;180;172;115m▀[38;2;180;172;115;48;2;0;0;0m▀[38;2;0;0;0;48;2;180;172;115m▀[38;2;180;172;115;48;2;0;0;0m▀[38;2;0;0;0;48;2;180;172;115m▀[38;2;180;172;115;48;2;0;0;0m▀[38;2;180;172;115;48;2;0;0;0m▀[38;2;0;0;0m▀[0m [0m
[0m [0m [0m [0m [0m [0m [38;2;0;0;0m▄[38;2;0;0;0;48;2;90;82;32m▀[38;2;90;82;32;48;2;90;82;32m▀[38;2;90;82;32;48;2;90;82;32m▀[38;2;131;123;74;48;2;131;123;74m▀[38;2;230;230;180;48;2;230;230;180m▀[38;2;230;230;180;48;2;230;230;180m▀[38;2;230;230;180;48;2;230;230;180m▀[38;2;230;230;180;48;2;230;230;180m▀[38;2;180;172;115;48;2;180;172;115m▀[38;2;180;172;115;48;2;180;172;115m▀[38;2;131;123;74;48;2;180;172;115m▀[38;2;90;49;24;48;2;90;82;32m▀[38;2;90;49;24;48;2;16;16;16m▀[38;2;197;115;65;48;2;115;0;24m▀[38;2;115;0;24;48;2;255;172;148m▀[38;2;115;0;24;48;2;255;172;148m▀[38;2;115;0;24;48;2;255;172;148m▀[38;2;115;0;24;48;2;255;106;90m▀[38;2;115;0;24;48;2;213;57;74m▀[38;2;115;0;24;48;2;213;57;74m▀[38;2;164;90;90;48;2;115;0;24m▀[38;2;164;90;90;48;2;115;0;24m▀[38;2;164;90;90;48;2;90;49;24m▀[38;2;164;90;90;48;2;16;16;16m▀[38;2;90;49;24;48;2;180;172;115m▀[38;2;180;172;115;48;2;180;172;115m▀[38;2;180;172;115;48;2;180;172;115m▀[38;2;180;172;115;48;2;180;172;115m▀[38;2;180;172;115;48;2;180;172;115m▀[38;2;131;123;74;48;2;131;123;74m▀[38;2;131;123;74;48;2;131;123;74m▀[38;2;90;82;32;48;2;131;123;74m▀[38;2;16;16;16;48;2;16;16;16m▀[38;2;131;123;74;48;2;90;82;32m▀[38;2;131;123;74;48;2;90;82;32m▀[38;2;180;172;115;48;2;90;82;32m▀[38;2;180;172;115;48;2;131;123;74m▀[38;2;131;123;74;48;2;131;123;74m▀[38;2;131;123;74;48;2;16;16;16m▀[38;2;131;123;74;48;2;16;16;16m▀[38;2;131;123;74;48;2;16;16;16m▀[38;2;131;123;74;48;2;131;123;74m▀[38;2;16;16;16;48;2;180;172;115m▀[38;2;90;82;32;48;2;180;172;115m▀[38;2;90;82;32;48;2;0;0;0m▀[38;2;0;0;0m▀[0m [38;2;0;0;0m▀[0m [38;2;0;0;0m▀[38;2;0;0;0m▀[0m [38;2;0;0;0m▀[38;2;0;0;0m▀[0m [38;2;0;0;0m▀[0m [38;2;0;0;0m▀[0m [0m [0m [0m [0m
[0m [0m [0m [0m [0m [0m [38;2;0;0;0;48;2;0;0;0m▀[38;2;90;82;32;48;2;180;172;115m▀[38;2;90;82;32;48;2;180;172;115m▀[38;2;90;82;32;48;2;180;172;115m▀[38;2;131;123;74;48;2;180;172;115m▀[38;2;230;230;180;48;2;131;123;74m▀[38;2;230;230;180;48;2;230;230;180m▀[38;2;230;230;180;48;2;230;230;180m▀[38;2;230;230;180;48;2;180;172;115m▀[38;2;180;172;115;48;2;180;172;115m▀[38;2;180;172;115;48;2;180;172;115m▀[38;2;180;172;115;48;2;131;123;74m▀[38;2;90;82;32;48;2;16;16;16m▀[38;2;16;16;16;48;2;131;123;74m▀[38;2;115;0;24;48;2;115;0;24m▀[38;2;255;172;148;48;2;255;172;148m▀[38;2;255;172;148;48;2;255;172;148m▀[38;2;255;172;148;48;2;255;106;90m▀[38;2;255;106;90;48;2;255;106;90m▀[38;2;213;57;74;48;2;213;57;74m▀[38;2;213;57;74;48;2;213;57;74m▀[38;2;115;0;24;48;2;115;0;24m▀[38;2;115;0;24;48;2;115;0;24m▀[38;2;90;49;24;48;2;131;123;74m▀[38;2;16;16;16;48;2;16;16;16m▀[38;2;180;172;115;48;2;180;172;115m▀[38;2;180;172;115;48;2;180;172;115m▀[38;2;180;172;115;48;2;180;172;115m▀[38;2;180;172;115;48;2;180;172;115m▀[38;2;180;172;115;48;2;180;172;115m▀[38;2;131;123;74;48;2;131;123;74m▀[38;2;131;123;74;48;2;131;123;74m▀[38;2;131;123;74;48;2;131;123;74m▀[38;2;16;16;16;48;2;16;16;16m▀[38;2;90;82;32;48;2;180;172;115m▀[38;2;90;82;32;48;2;180;172;115m▀[38;2;90;82;32;48;2;90;82;32m▀[38;2;131;123;74;48;2;16;16;16m▀[38;2;131;123;74;48;2;16;16;16m▀[38;2;16;16;16;48;2;131;123;74m▀[38;2;16;16;16;48;2;180;172;115m▀[38;2;16;16;16;48;2;180;172;115m▀[38;2;131;123;74;48;2;180;172;115m▀[38;2;180;172;115;48;2;0;0;0m▀[38;2;180;172;115;48;2;0;0;0m▀[38;2;0;0;0m▀[0m [0m [0m [0m [0m [0m [0m [0m [0m [0m [0m [0m [0m [0m [0m [0m [0m [0m
[0m [0m [0m [0m [0m [0m [0m [38;2;0;0;0;48;2;0;0;0m▀[38;2;0;0;0;48;2;180;172;115m▀[38;2;0;0;0;48;2;180;172;115m▀[38;2;180;172;115;48;2;0;0;0m▀[38;2;180;172;115;48;2;180;172;115m▀[38;2;180;172;115;48;2;0;0;0m▀[38;2;180;172;115;48;2;180;172;115m▀[38;2;131;123;74;48;2;180;172;115m▀[38;2;131;123;74;48;2;131;123;74m▀[38;2;131;123;74;48;2;131;123;74m▀[38;2;16;16;16;48;2;16;16;16m▀[38;2;131;123;74;48;2;180;172;115m▀[38;2;180;172;115;48;2;180;172;115m▀[38;2;230;230;180;48;2;180;172;115m▀[38;2;115;0;24;48;2;180;172;115m▀[38;2;115;0;24;48;2;180;172;115m▀[38;2;255;106;90;48;2;115;0;24m▀[38;2;213;57;74;48;2;115;0;24m▀[38;2;213;57;74;48;2;115;0;24m▀[38;2;213;57;74;48;2;115;0;24m▀[38;2;115;0;24;48;2;131;123;74m▀[38;2;115;0;24;48;2;131;123;74m▀[38;2;131;123;74;48;2;131;123;74m▀[38;2;131;123;74;48;2;131;123;74m▀[38;2;90;82;32;48;2;16;16;16m▀[38;2;180;172;115;48;2;131;123;74m▀[38;2;131;123;74;48;2;131;123;74m▀[38;2;131;123;74;48;2;131;123;74m▀[38;2;131;123;74;48;2;131;123;74m▀[38;2;131;123;74;48;2;90;82;32m▀[38;2;131;123;74;48;2;16;16;16m▀[38;2;131;123;74;48;2;90;82;32m▀[38;2;90;82;32;48;2;180;172;115m▀[38;2;180;172;115;48;2;180;172;115m▀[38;2;180;172;115;48;2;180;172;115m▀[38;2;180;172;115;48;2;180;172;115m▀[38;2;180;172;115;48;2;0;0;0m▀[38;2;180;172;115;48;2;180;172;115m▀[38;2;180;172;115;48;2;0;0;0m▀[38;2;0;0;0;48;2;180;172;115m▀[38;2;0;0;0;48;2;180;172;115m▀[38;2;0;0;0;48;2;0;0;0m▀[0m [0m [0m [0m [0m [0m [0m [0m [0m [0m [0m [0m [0m [0m [0m [0m [0m [0m [0m [0m [0m
[0m [0m [0m [0m [0m [0m [0m [0m [38;2;0;0;0m▀[38;2;0;0;0m▀[38;2;180;172;115;48;2;0;0;0m▀[38;2;0;0;0m▀[38;2;180;172;115;48;2;0;0;0m▀[38;2;0;0;0;48;2;0;0;0m▀[38;2;0;0;0;48;2;180;172;115m▀[38;2;180;172;115;48;2;0;0;0m▀[38;2;180;172;115;48;2;0;0;0m▀[38;2;131;123;74;48;2;180;172;115m▀[38;2;180;172;115;48;2;0;0;0m▀[38;2;180;172;115;48;2;0;0;0m▀[38;2;180;172;115;48;2;180;172;115m▀[38;2;180;172;115;48;2;0;0;0m▀[38;2;180;172;115;48;2;0;0;0m▀[38;2;180;172;115;48;2;180;172;115m▀[38;2;180;172;115;48;2;180;172;115m▀[38;2;131;123;74;48;2;180;172;115m▀[38;2;131;123;74;48;2;180;172;115m▀[38;2;131;123;74;48;2;180;172;115m▀[38;2;131;123;74;48;2;180;172;115m▀[38;2;131;123;74;48;2;0;0;0m▀[38;2;90;82;32;48;2;180;172;115m▀[38;2;131;123;74;48;2;0;0;0m▀[38;2;180;172;115;48;2;0;0;0m▀[38;2;180;172;115;48;2;0;0;0m▀[38;2;180;172;115;48;2;0;0;0m▀[38;2;180;172;115;48;2;180;172;115m▀[38;2;180;172;115;48;2;0;0;0m▀[38;2;180;172;115;48;2;180;172;115m▀[38;2;180;172;115;48;2;0;0;0m▀[38;2;0;0;0;48;2;180;172;115m▀[38;2;180;172;115;48;2;0;0;0m▀[38;2;180;172;115;48;2;0;0;0m▀[38;2;0;0;0m▀[38;2;180;172;115;48;2;0;0;0m▀[38;2;0;0;0;48;2;180;172;115m▀[38;2;180;172;115;48;2;0;0;0m▀[38;2;0;0;0m▀[38;2;0;0;0m▀[0m [0m [0m [0m [0m [0m [0m [0m [0m [0m [0m [0m [0m [0m [0m [0m [0m [0m [0m [0m [0m [0m
[0m [0m [0m [0m [0m [0m [0m [0m [0m [0m [0m [0m [0m [38;2;0;0;0m▀[38;2;180;172;115;48;2;0;0;0m▀[38;2;0;0;0m▀[38;2;0;0;0m▀[38;2;180;172;115;48;2;0;0;0m▀[38;2;0;0;0;48;2;0;0;0m▀[38;2;0;0;0;48;2;180;172;115m▀[38;2;180;172;115;48;2;0;0;0m▀[38;2;0;0;0;48;2;180;172;115m▀[38;2;0;0;0;48;2;180;172;115m▀[38;2;180;172;115;48;2;0;0;0m▀[38;2;180;172;115;48;2;180;172;115m▀[38;2;180;172;115;48;2;0;0;0m▀[38;2;180;172;115;48;2;180;172;115m▀[38;2;180;172;115;48;2;0;0;0m▀[38;2;180;172;115;48;2;0;0;0m▀[38;2;0;0;0;48;2;180;172;115m▀[38;2;180;172;115;48;2;0;0;0m▀[38;2;0;0;0;48;2;180;172;115m▀[38;2;0;0;0m▄[0m [38;2;0;0;0m▀[38;2;180;172;115;48;2;0;0;0m▀[38;2;0;0;0m▀[38;2;180;172;115;48;2;0;0;0m▀[38;2;0;0;0m▀[38;2;180;172;115;48;2;0;0;0m▀[38;2;0;0;0m▀[0m [0m [38;2;0;0;0m▀[38;2;180;172;115;48;2;0;0;0m▀[38;2;0;0;0m▀[0m [0m [0m [0m [0m [0m [0m [0m [0m [0m [0m [0m [0m [0m [0m [0m [0m [0m [0m [0m [0m [0m [0m [0m
