[0m [0m [0m [0m [0m [0m [0m [0m [0m [0m [0m [0m [0m [0m [38;2;0;0;0m▄[38;2;0;0;0m▄[38;2;0;0;0m▄[38;2;0;0;0;48;2;41;49;74m▀[38;2;0;0;0;48;2;41;49;74m▀[38;2;0;0;0;48;2;41;49;74m▀[38;2;0;0;0;48;2;41;49;74m▀[38;2;0;0;0m▄[0m [0m [0m [0m [0m [0m [0m [0m [0m [0m [0m [0m [0m [0m [0m [38;2;0;0;0m▄[38;2;0;0;0m▄[38;2;0;0;0m▄[38;2;0;0;0;48;2;16;16;16m▀[38;2;0;0;0;48;2;16;16;16m▀[38;2;0;0;0;48;2;16;16;16m▀[38;2;0;0;0;48;2;16;16;16m▀[38;2;0;0;0;48;2;16;16;16m▀[38;2;0;0;0;48;2;16;16;16m▀[38;2;16;16;16;48;2;41;49;74m▀[38;2;16;16;16;48;2;41;49;74m▀[38;2;16;16;16;48;2;41;49;74m▀[38;2;16;16;16;48;2;41;49;74m▀[38;2;16;16;16;48;2;41;49;74m▀[38;2;16;16;16;48;2;41;49;74m▀[38;2;0;0;0;48;2;16;16;16m▀[38;2;0;0;0m▄[0m [0m [0m [0m [0m
[0m [0m [0m [0m [0m [0m [0m [0m [0m [0m [0m [0m [38;2;0;0;0m▄[38;2;0;0;0;48;2;0;0;0m▀[38;2;41;49;74;48;2;41;49;74m▀[38;2;41;49;74;48;2;41;49;74m▀[38;2;41;49;74;48;2;41;49;74m▀[38;2;98;98;123;48;2;98;98;123m▀[38;2;98;98;123;48;2;98;98;123m▀[38;2;98;98;123;48;2;98;98;123m▀[38;2;41;49;74;48;2;41;49;74m▀[38;2;0;0;0;48;2;0;0;0m▀[0m [0m [0m [0m [0m [0m [0m [0m [0m [0m [0m [38;2;0;0;0m▄[38;2;0;0;0m▄[38;2;0;0;0m▄[38;2;0;0;0;48;2;0;0;0m▀[38;2;16;16;16;48;2;16;16;16m▀[38;2;16;16;16;48;2;16;16;16m▀[38;2;16;16;16;48;2;16;16;16m▀[38;2;65;65;82;48;2;65;65;82m▀[38;2;98;98;123;48;2;98;98;123m▀[38;2;98;98;123;48;2;98;98;123m▀[38;2;98;98;123;48;2;98;98;123m▀[38;2;65;65;82;48;2;65;65;82m▀[38;2;65;65;82;48;2;65;65;82m▀[38;2;16;16;16;48;2;16;16;16m▀[38;2;16;16;16;48;2;16;16;16m▀[38;2;16;16;16;48;2;16;16;16m▀[38;2;16;16;16;48;2;16;16;16m▀[38;2;16;16;16;48;2;16;16;16m▀[38;2;16;16;16;48;2;16;16;16m▀[38;2;0;0;0;48;2;0;0;0m▀[0m [0m [0m [0m [0m [0m
[0m [0m [0m [0m [0m [0m [0m [0m [38;2;0;0;0m▄[38;2;0;0;0;48;2;41;49;74m▀[38;2;0;0;0;48;2;41;49;74m▀[38;2;0;0;0;48;2;41;49;74m▀[38;2;41;49;74;48;2;98;98;123m▀[38;2;41;49;74;48;2;98;98;123m▀[38;2;98;98;123;48;2;98;98;123m▀[38;2;98;98;123;48;2;65;65;82m▀[38;2;98;98;123;48;2;65;65;82m▀[38;2;98;98;123;48;2;65;65;82m▀[38;2;65;65;82;48;2;65;65;82m▀[38;2;41;49;74;48;2;16;16;16m▀[38;2;0;0;0;48;2;0;0;0m▀[0m [0m [0m [0m [0m [0m [0m [0m [0m [38;2;0;0;0m▄[38;2;0;0;0;48;2;16;16;16m▀[38;2;0;0;0;48;2;16;16;16m▀[38;2;16;16;16;48;2;65;65;82m▀[38;2;16;16;16;48;2;65;65;82m▀[38;2;16;16;16;48;2;65;65;82m▀[38;2;16;16;16;48;2;98;98;123m▀[38;2;65;65;82;48;2;98;98;123m▀[38;2;65;65;82;48;2;16;16;16m▀[38;2;65;65;82;48;2;16;16;16m▀[38;2;41;49;74;48;2;16;16;16m▀[38;2;41;49;74;48;2;238;213;82m▀[38;2;41;49;74;48;2;238;213;82m▀[38;2;16;16;16;48;2;238;213;82m▀[38;2;16;16;16;48;2;238;213;82m▀[38;2;16;16;16;48;2;238;213;82m▀[38;2;238;213;82;48;2;238;213;82m▀[38;2;238;213;82;48;2;180;148;41m▀[38;2;238;213;82;48;2;180;148;41m▀[38;2;180;148;41;48;2;0;0;0m▀[38;2;0;0;0m▀[38;2;0;0;0m▀[0m [0m [0m [0m [0m [0m [0m
[0m [0m [0m [0m [0m [0m [38;2;0;0;0m▄[38;2;0;0;0;48;2;41;49;74m▀[38;2;41;49;74;48;2;98;98;123m▀[38;2;98;98;123;48;2;98;98;123m▀[38;2;98;98;123;48;2;98;98;123m▀[38;2;98;98;123;48;2;65;65;82m▀[38;2;98;98;123;48;2;65;65;82m▀[38;2;65;65;82;48;2;65;65;82m▀[38;2;65;65;82;48;2;65;65;82m▀[38;2;65;65;82;48;2;65;65;82m▀[38;2;65;65;82;48;2;65;65;82m▀[38;2;65;65;82;48;2;65;65;82m▀[38;2;16;16;16;48;2;16;16;16m▀[38;2;0;0;0;48;2;0;0;0m▀[0m [0m [0m [0m [0m [0m [0m [0m [0m [38;2;0;0;0;48;2;0;0;0m▀[38;2;16;16;16;48;2;16;16;16m▀[38;2;65;65;82;48;2;65;65;82m▀[38;2;98;98;123;48;2;41;49;74m▀[38;2;98;98;123;48;2;16;16;16m▀[38;2;41;49;74;48;2;16;16;16m▀[38;2;41;49;74;48;2;16;16;16m▀[38;2;16;16;16;48;2;238;213;82m▀[38;2;16;16;16;48;2;238;213;82m▀[38;2;238;213;82;48;2;238;213;82m▀[38;2;238;213;82;48;2;238;213;82m▀[38;2;238;213;82;48;2;238;213;82m▀[38;2;238;213;82;48;2;238;213;82m▀[38;2;238;213;82;48;2;238;213;82m▀[38;2;238;213;82;48;2;238;213;82m▀[38;2;238;213;82;48;2;238;213;82m▀[38;2;238;213;82;48;2;180;148;41m▀[38;2;180;148;41;48;2;0;0;0m▀[38;2;0;0;0m▀[38;2;0;0;0m▀[0m [0m [0m [0m [0m [0m [0m [0m [0m [0m
[0m [0m [0m [0m [0m [38;2;0;0;0;48;2;0;0;0m▀[38;2;41;49;74;48;2;41;49;74m▀[38;2;98;98;123;48;2;98;98;123m▀[38;2;98;98;123;48;2;98;98;123m▀[38;2;65;65;82;48;2;65;65;82m▀[38;2;65;65;82;48;2;65;65;82m▀[38;2;65;65;82;48;2;65;65;82m▀[38;2;65;65;82;48;2;65;65;82m▀[38;2;65;65;82;48;2;65;65;82m▀[38;2;65;65;82;48;2;65;65;82m▀[38;2;65;65;82;48;2;65;65;82m▀[38;2;65;65;82;48;2;65;65;82m▀[38;2;65;65;82;48;2;65;65;82m▀[38;2;16;16;16;48;2;16;16;16m▀[38;2;0;0;0;48;2;0;0;0m▀[0m [0m [0m [0m [0m [0m [0m [0m [38;2;0;0;0m▄[38;2;0;0;0;48;2;0;0;0m▀[38;2;16;16;16;48;2;16;16;16m▀[38;2;65;65;82;48;2;65;65;82m▀[38;2;180;148;41;48;2;180;148;41m▀[38;2;180;148;41;48;2;180;148;41m▀[38;2;238;213;82;48;2;238;213;82m▀[38;2;238;213;82;48;2;238;213;82m▀[38;2;238;213;82;48;2;238;213;82m▀[38;2;238;213;82;48;2;238;213;82m▀[38;2;238;213;82;48;2;238;213;82m▀[38;2;238;213;82;48;2;238;213;82m▀[38;2;238;213;82;48;2;238;213;82m▀[38;2;238;213;82;48;2;238;213;82m▀[38;2;238;213;82;48;2;238;213;82m▀[38;2;238;213;82;48;2;238;213;82m▀[38;2;180;148;41;48;2;180;148;41m▀[38;2;0;0;0;48;2;0;0;0m▀[0m [0m [0m [0m [0m [0m [0m [0m [0m [0m [0m [0m [0m
[0m [0m [0m [38;2;0;0;0m▄[38;2;0;0;0;48;2;41;49;74m▀[38;2;41;49;74;48;2;98;98;123m▀[38;2;98;98;123;48;2;98;98;123m▀[38;2;98;98;123;48;2;65;65;82m▀[38;2;65;65;82;48;2;65;65;82m▀[38;2;65;65;82;48;2;65;65;82m▀[38;2;65;65;82;48;2;65;65;82m▀[38;2;65;65;82;48;2;238;213;82m▀[38;2;65;65;82;48;2;238;213;82m▀[38;2;65;65;82;48;2;65;65;82m▀[38;2;65;65;82;48;2;65;65;82m▀[38;2;65;65;82;48;2;65;65;82m▀[38;2;65;65;82;48;2;65;65;82m▀[38;2;65;65;82;48;2;65;65;82m▀[38;2;65;65;82;48;2;65;65;82m▀[38;2;16;16;16;48;2;16;16;16m▀[38;2;0;0;0;48;2;0;0;0m▀[0m [0m [0m [0m [0m [0m [38;2;0;0;0;48;2;0;0;0m▀[38;2;16;16;16;48;2;16;16;16m▀[38;2;16;16;16;48;2;16;16;16m▀[38;2;65;65;82;48;2;98;98;123m▀[38;2;41;49;74;48;2;180;148;41m▀[38;2;180;148;41;48;2;238;213;82m▀[38;2;238;213;82;48;2;238;213;82m▀[38;2;238;213;82;48;2;238;213;82m▀[38;2;238;213;82;48;2;238;213;82m▀[38;2;238;213;82;48;2;238;213;82m▀[38;2;238;213;82;48;2;238;213;82m▀[38;2;238;213;82;48;2;238;213;82m▀[38;2;238;213;82;48;2;238;213;82m▀[38;2;238;213;82;48;2;238;213;82m▀[38;2;238;213;82;48;2;238;213;82m▀[38;2;238;213;82;48;2;238;213;82m▀[38;2;238;213;82;48;2;180;148;41m▀[38;2;180;148;41;48;2;0;0;0m▀[38;2;0;0;0m▀[0m [0m [0m [0m [0m [0m [0m [0m [0m [0m [0m [0m [0m
[0m [38;2;0;0;0m▄[38;2;0;0;0;48;2;41;49;74m▀[38;2;0;0;0;48;2;41;49;74m▀[38;2;41;49;74;48;2;98;98;123m▀[38;2;98;98;123;48;2;98;98;123m▀[38;2;65;65;82;48;2;65;65;82m▀[38;2;65;65;82;48;2;65;65;82m▀[38;2;65;65;82;48;2;238;213;82m▀[38;2;238;213;82;48;2;65;65;82m▀[38;2;238;213;82;48;2;65;65;82m▀[38;2;65;65;82;48;2;65;65;82m▀[38;2;138;115;32;48;2;65;65;82m▀[38;2;238;213;82;48;2;238;213;82m▀[38;2;65;65;82;48;2;98;98;123m▀[38;2;65;65;82;48;2;41;49;74m▀[38;2;65;65;82;48;2;41;49;74m▀[38;2;98;98;123;48;2;41;49;74m▀[38;2;98;98;123;48;2;16;16;16m▀[38;2;16;16;16;48;2;41;49;74m▀[38;2;0;0;0;48;2;41;49;74m▀[38;2;0;0;0m▄[0m [0m [0m [0m [0m [38;2;0;0;0;48;2;0;0;0m▀[38;2;16;16;16;48;2;16;16;16m▀[38;2;16;16;16;48;2;16;16;16m▀[38;2;98;98;123;48;2;65;65;82m▀[38;2;180;148;41;48;2;180;148;41m▀[38;2;238;213;82;48;2;180;148;41m▀[38;2;238;213;82;48;2;238;213;82m▀[38;2;238;213;82;48;2;238;213;82m▀[38;2;238;213;82;48;2;238;213;82m▀[38;2;238;213;82;48;2;238;213;82m▀[38;2;238;213;82;48;2;238;213;82m▀[38;2;238;213;82;48;2;238;213;82m▀[38;2;238;213;82;48;2;238;213;82m▀[38;2;238;213;82;48;2;238;213;82m▀[38;2;238;213;82;48;2;180;148;41m▀[38;2;238;213;82;48;2;180;148;41m▀[38;2;180;148;41;48;2;0;0;0m▀[38;2;0;0;0m▀[0m [0m [0m [0m [0m [0m [0m [0m [0m [0m [0m [0m [0m [0m
[38;2;0;0;0m▄[38;2;0;0;0;48;2;41;49;74m▀[38;2;41;49;74;48;2;98;98;123m▀[38;2;41;49;74;48;2;98;98;123m▀[38;2;98;98;123;48;2;98;98;123m▀[38;2;65;65;82;48;2;65;65;82m▀[38;2;65;65;82;48;2;65;65;82m▀[38;2;65;65;82;48;2;65;65;82m▀[38;2;238;213;82;48;2;180;148;41m▀[38;2;65;65;82;48;2;138;115;32m▀[38;2;65;65;82;48;2;138;115;32m▀[38;2;98;98;123;48;2;16;16;16m▀[38;2;98;98;123;48;2;82;82;0m▀[38;2;82;82;0;48;2;41;49;74m▀[38;2;16;16;16;48;2;41;49;74m▀[38;2;16;16;16;48;2;16;16;16m▀[38;2;16;16;16;48;2;16;16;16m▀[38;2;16;16;16;48;2;98;98;123m▀[38;2;98;98;123;48;2;98;98;123m▀[38;2;98;98;123;48;2;98;98;123m▀[38;2;41;49;74;48;2;41;49;74m▀[38;2;0;0;0;48;2;0;0;0m▀[0m [0m [0m [0m [38;2;0;0;0m▄[38;2;0;0;0;48;2;16;16;16m▀[38;2;16;16;16;48;2;98;98;123m▀[38;2;16;16;16;48;2;98;98;123m▀[38;2;65;65;82;48;2;65;65;82m▀[38;2;41;49;74;48;2;16;16;16m▀[38;2;41;49;74;48;2;16;16;16m▀[38;2;41;49;74;48;2;16;16;16m▀[38;2;41;49;74;48;2;16;16;16m▀[38;2;41;49;74;48;2;16;16;16m▀[38;2;41;49;74;48;2;16;16;16m▀[38;2;180;148;41;48;2;41;49;74m▀[38;2;180;148;41;48;2;41;49;74m▀[38;2;180;148;41;48;2;41;49;74m▀[38;2;238;213;82;48;2;41;49;74m▀[38;2;180;148;41;48;2;41;49;74m▀[38;2;180;148;41;48;2;41;49;74m▀[38;2;0;0;0;48;2;16;16;16m▀[38;2;0;0;0m▄[0m [0m [0m [0m [0m [0m [0m [0m [0m [0m [0m [0m [0m [0m
[38;2;0;0;0;48;2;0;0;0m▀[38;2;41;49;74;48;2;16;16;16m▀[38;2;98;98;123;48;2;98;98;123m▀[38;2;98;98;123;48;2;98;98;123m▀[38;2;98;98;123;48;2;65;65;82m▀[38;2;65;65;82;48;2;65;65;82m▀[38;2;65;65;82;48;2;65;65;82m▀[38;2;65;65;82;48;2;41;49;74m▀[38;2;180;148;41;48;2;16;16;16m▀[38;2;138;115;32;48;2;180;148;41m▀[38;2;138;115;32;48;2;180;148;41m▀[38;2;16;16;16;48;2;180;148;41m▀[38;2;82;82;0;48;2;41;49;74m▀[38;2;41;49;74;48;2;41;49;74m▀[38;2;41;49;74;48;2;16;16;16m▀[38;2;16;16;16;48;2;65;65;82m▀[38;2;16;16;16;48;2;65;65;82m▀[38;2;98;98;123;48;2;98;98;123m▀[38;2;98;98;123;48;2;98;98;123m▀[38;2;98;98;123;48;2;98;98;123m▀[38;2;41;49;74;48;2;41;49;74m▀[38;2;0;0;0;48;2;0;0;0m▀[0m [0m [0m [0m [38;2;0;0;0;48;2;0;0;0m▀[38;2;16;16;16;48;2;16;16;16m▀[38;2;98;98;123;48;2;65;65;82m▀[38;2;98;98;123;48;2;65;65;82m▀[38;2;65;65;82;48;2;180;148;41m▀[38;2;16;16;16;48;2;180;148;41m▀[38;2;16;16;16;48;2;238;213;82m▀[38;2;16;16;16;48;2;238;213;82m▀[38;2;16;16;16;48;2;238;213;82m▀[38;2;16;16;16;48;2;238;213;82m▀[38;2;16;16;16;48;2;238;213;82m▀[38;2;41;49;74;48;2;16;16;16m▀[38;2;41;49;74;48;2;16;16;16m▀[38;2;41;49;74;48;2;16;16;16m▀[38;2;41;49;74;48;2;16;16;16m▀[38;2;41;49;74;48;2;16;16;16m▀[38;2;41;49;74;48;2;16;16;16m▀[38;2;16;16;16;48;2;0;0;0m▀[38;2;0;0;0m▀[0m [0m [0m [0m [0m [0m [0m [0m [0m [0m [0m [0m [0m [0m
[38;2;0;0;0;48;2;0;0;0m▀[38;2;16;16;16;48;2;0;0;0m▀[38;2;65;65;82;48;2;16;16;16m▀[38;2;65;65;82;48;2;16;16;16m▀[38;2;65;65;82;48;2;16;16;16m▀[38;2;65;65;82;48;2;41;49;74m▀[38;2;65;65;82;48;2;65;65;82m▀[38;2;41;49;74;48;2;65;65;82m▀[38;2;41;49;74;48;2;41;49;74m▀[38;2;41;49;74;48;2;41;49;74m▀[38;2;41;49;74;48;2;41;49;74m▀[38;2;41;49;74;48;2;41;49;74m▀[38;2;41;49;74;48;2;41;49;74m▀[38;2;41;49;74;48;2;16;16;16m▀[38;2;138;115;32;48;2;238;213;82m▀[38;2;238;213;82;48;2;238;213;82m▀[38;2;238;213;82;48;2;238;213;82m▀[38;2;180;148;41;48;2;238;213;82m▀[38;2;98;98;123;48;2;238;213;82m▀[38;2;98;98;123;48;2;98;98;123m▀[38;2;41;49;74;48;2;16;16;16m▀[38;2;0;0;0;48;2;0;0;0m▀[0m [0m [0m [0m [38;2;0;0;0;48;2;0;0;0m▀[38;2;16;16;16;48;2;16;16;16m▀[38;2;65;65;82;48;2;65;65;82m▀[38;2;65;65;82;48;2;65;65;82m▀[38;2;180;148;41;48;2;180;148;41m▀[38;2;180;148;41;48;2;238;213;82m▀[38;2;238;213;82;48;2;238;213;82m▀[38;2;238;213;82;48;2;238;213;82m▀[38;2;238;213;82;48;2;238;213;82m▀[38;2;238;213;82;48;2;238;213;82m▀[38;2;238;213;82;48;2;238;213;82m▀[38;2;238;213;82;48;2;180;148;41m▀[38;2;238;213;82;48;2;180;148;41m▀[38;2;238;213;82;48;2;180;148;41m▀[38;2;180;148;41;48;2;0;0;0m▀[38;2;0;0;0m▀[38;2;0;0;0m▀[0m [0m [0m [0m [0m [0m [0m [0m [0m [0m [0m [0m [0m [0m [0m [0m
[38;2;40;48;72;48;2;16;16;16m▀[38;2;40;48;72;48;2;64;64;80m▀[38;2;0;0;0;48;2;40;48;72m▀[38;2;0;0;0;48;2;40;48;72m▀[38;2;0;0;0;48;2;40;48;72m▀[38;2;16;16;16;48;2;0;0;0m▀[38;2;41;49;74;48;2;0;0;0m▀[38;2;65;65;82;48;2;16;16;16m▀[38;2;65;65;82;48;2;41;49;74m▀[38;2;65;65;82;48;2;65;65;82m▀[38;2;65;65;82;48;2;65;65;82m▀[38;2;41;49;74;48;2;65;65;82m▀[38;2;41;49;74;48;2;41;49;74m▀[38;2;16;16;16;48;2;16;16;16m▀[38;2;65;65;82;48;2;65;65;82m▀[38;2;65;65;82;48;2;65;65;82m▀[38;2;65;65;82;48;2;65;65;82m▀[38;2;238;213;82;48;2;65;65;82m▀[38;2;238;213;82;48;2;180;148;41m▀[38;2;138;115;32;48;2;16;16;16m▀[38;2;16;16;16;48;2;0;0;0m▀[38;2;0;0;0m▀[0m [0m [0m [38;2;0;0;0;48;2;0;0;0m▀[38;2;16;16;16;48;2;16;16;16m▀[38;2;98;98;123;48;2;98;98;123m▀[38;2;65;65;82;48;2;180;148;41m▀[38;2;65;65;82;48;2;180;148;41m▀[38;2;180;148;41;48;2;238;213;82m▀[38;2;238;213;82;48;2;238;213;82m▀[38;2;238;213;82;48;2;238;213;82m▀[38;2;238;213;82;48;2;180;148;41m▀[38;2;180;148;41;48;2;0;0;0m▀[38;2;180;148;41;48;2;0;0;0m▀[38;2;180;148;41;48;2;0;0;0m▀[38;2;0;0;0m▀[38;2;0;0;0m▀[38;2;0;0;0m▀[0m [0m [0m [0m [0m [0m [0m [0m [0m [0m [0m [0m [0m [0m [0m [0m [0m [0m [0m
[38;2;16;16;16;48;2;16;16;16m▀[38;2;64;64;80;48;2;64;64;80m▀[38;2;40;48;72;48;2;64;64;80m▀[38;2;40;48;72;48;2;64;64;80m▀[38;2;40;48;72;48;2;238;213;82m▀[38;2;0;0;0;48;2;40;48;72m▀[38;2;0;0;0;48;2;0;0;0m▀[38;2;16;16;16;48;2;0;0;0m▀[38;2;41;49;74;48;2;0;0;0m▀[38;2;65;65;82;48;2;16;16;16m▀[38;2;65;65;82;48;2;16;16;16m▀[38;2;65;65;82;48;2;65;65;82m▀[38;2;41;49;74;48;2;16;16;16m▀[38;2;16;16;16;48;2;65;65;82m▀[38;2;65;65;82;48;2;65;65;82m▀[38;2;65;65;82;48;2;65;65;82m▀[38;2;65;65;82;48;2;65;65;82m▀[38;2;65;65;82;48;2;41;49;74m▀[38;2;180;148;41;48;2;41;49;74m▀[38;2;16;16;16;48;2;16;16;16m▀[38;2;0;0;0;48;2;0;0;0m▀[0m [0m [0m [0m [38;2;0;0;0;48;2;0;0;0m▀[38;2;16;16;16;48;2;16;16;16m▀[38;2;98;98;123;48;2;65;65;82m▀[38;2;180;148;41;48;2;180;148;41m▀[38;2;180;148;41;48;2;180;148;41m▀[38;2;238;213;82;48;2;238;213;82m▀[38;2;238;213;82;48;2;238;213;82m▀[38;2;238;213;82;48;2;180;148;41m▀[38;2;180;148;41;48;2;0;0;0m▀[38;2;0;0;0m▀[0m [0m [0m [0m [0m [0m [0m [0m [0m [0m [0m [0m [0m [0m [0m [0m [0m [0m [0m [0m [0m [0m [0m [0m
[38;2;16;16;16;48;2;16;16;16m▀[38;2;64;64;80;48;2;176;144;40m▀[38;2;238;213;82;48;2;238;213;82m▀[38;2;238;213;82;48;2;238;213;82m▀[38;2;238;213;82;48;2;176;144;40m▀[38;2;176;144;40;48;2;64;64;80m▀[38;2;16;16;16;48;2;40;48;72m▀[38;2;0;0;0;48;2;0;0;0m▀[0m [38;2;0;0;0;48;2;0;0;0m▀[38;2;0;0;0;48;2;0;0;0m▀[38;2;16;16;16;48;2;0;0;0m▀[38;2;16;16;16;48;2;16;16;16m▀[38;2;65;65;82;48;2;41;49;74m▀[38;2;41;49;74;48;2;41;49;74m▀[38;2;41;49;74;48;2;41;49;74m▀[38;2;41;49;74;48;2;41;49;74m▀[38;2;41;49;74;48;2;16;16;16m▀[38;2;16;16;16;48;2;0;0;0m▀[38;2;0;0;0m▀[0m [0m [0m [0m [38;2;0;0;0;48;2;0;0;0m▀[38;2;16;16;16;48;2;16;16;16m▀[38;2;98;98;123;48;2;65;65;82m▀[38;2;65;65;82;48;2;180;148;41m▀[38;2;180;148;41;48;2;238;213;82m▀[38;2;180;148;41;48;2;238;213;82m▀[38;2;238;213;82;48;2;180;148;41m▀[38;2;180;148;41;48;2;0;0;0m▀[38;2;0;0;0m▀[0m [0m [0m [0m [0m [0m [0m [0m [0m [0m [0m [0m [0m [0m [0m [0m [0m [0m [0m [0m [0m [0m [0m [0m [0m [0m
[38;2;0;0;0;48;2;0;0;0m▀[38;2;16;16;16;48;2;16;16;16m▀[38;2;176;144;40;48;2;64;64;80m▀[38;2;176;144;40;48;2;64;64;80m▀[38;2;64;64;80;48;2;64;64;80m▀[38;2;64;64;80;48;2;64;64;80m▀[38;2;64;64;80;48;2;64;64;80m▀[38;2;16;16;16;48;2;16;16;16m▀[38;2;0;0;0;48;2;16;16;16m▀[38;2;16;16;16;48;2;65;65;82m▀[38;2;16;16;16;48;2;65;65;82m▀[38;2;16;16;16;48;2;65;65;82m▀[38;2;16;16;16;48;2;65;65;82m▀[38;2;41;49;74;48;2;65;65;82m▀[38;2;41;49;74;48;2;41;49;74m▀[38;2;16;16;16;48;2;41;49;74m▀[38;2;16;16;16;48;2;41;49;74m▀[38;2;0;0;0;48;2;16;16;16m▀[38;2;0;0;0;48;2;16;16;16m▀[38;2;0;0;0;48;2;16;16;16m▀[38;2;0;0;0m▄[0m [0m [38;2;0;0;0;48;2;0;0;0m▀[38;2;16;16;16;48;2;41;49;74m▀[38;2;98;98;123;48;2;65;65;82m▀[38;2;65;65;82;48;2;138;115;32m▀[38;2;180;148;41;48;2;180;148;41m▀[38;2;238;213;82;48;2;180;148;41m▀[38;2;238;213;82;48;2;180;148;41m▀[38;2;180;148;41;48;2;0;0;0m▀[38;2;0;0;0m▀[0m [0m [0m [0m [0m [0m [0m [0m [0m [0m [0m [0m [0m [0m [0m [0m [0m [0m [0m [0m [0m [0m [0m [0m [0m [0m [0m
[38;2;0;0;0m▀[38;2;16;16;16;48;2;0;0;0m▀[38;2;64;64;80;48;2;16;16;16m▀[38;2;64;64;80;48;2;16;16;16m▀[38;2;64;64;80;48;2;64;64;80m▀[38;2;64;64;80;48;2;16;16;16m▀[38;2;64;64;80;48;2;41;49;74m▀[38;2;16;16;16;48;2;98;98;123m▀[38;2;16;16;16;48;2;98;98;123m▀[38;2;65;65;82;48;2;98;98;123m▀[38;2;65;65;82;48;2;98;98;123m▀[38;2;65;65;82;48;2;65;65;82m▀[38;2;65;65;82;48;2;65;65;82m▀[38;2;65;65;82;48;2;65;65;82m▀[38;2;41;49;74;48;2;65;65;82m▀[38;2;41;49;74;48;2;65;65;82m▀[38;2;41;49;74;48;2;65;65;82m▀[38;2;16;16;16;48;2;41;49;74m▀[38;2;16;16;16;48;2;41;49;74m▀[38;2;16;16;16;48;2;41;49;74m▀[38;2;0;0;0;48;2;16;16;16m▀[38;2;0;0;0;48;2;16;16;16m▀[38;2;0;0;0;48;2;41;49;74m▀[38;2;0;0;0;48;2;41;49;74m▀[38;2;41;49;74;48;2;65;65;82m▀[38;2;65;65;82;48;2;65;65;82m▀[38;2;138;115;32;48;2;138;115;32m▀[38;2;180;148;41;48;2;16;16;16m▀[38;2;180;148;41;48;2;16;16;16m▀[38;2;180;148;41;48;2;16;16;16m▀[38;2;0;0;0;48;2;0;0;0m▀[0m [0m [0m [0m [0m [0m [0m [0m [0m [0m [0m [0m [0m [0m [38;2;0;0;0m▄[38;2;0;0;0m▄[38;2;0;0;0m▄[38;2;0;0;0m▄[38;2;0;0;0m▄[38;2;0;0;0m▄[38;2;0;0;0;48;2;41;49;74m▀[38;2;0;0;0;48;2;41;49;74m▀[38;2;0;0;0;48;2;41;49;74m▀[38;2;0;0;0;48;2;41;49;74m▀[38;2;0;0;0;48;2;41;49;74m▀[38;2;0;0;0;48;2;41;49;74m▀[38;2;0;0;0m▄[0m
[0m [0m [38;2;0;0;0m▀[38;2;0;0;0m▀[38;2;16;16;16;48;2;0;0;0m▀[38;2;41;49;74;48;2;41;49;74m▀[38;2;98;98;123;48;2;98;98;123m▀[38;2;98;98;123;48;2;98;98;123m▀[38;2;98;98;123;48;2;98;98;123m▀[38;2;98;98;123;48;2;65;65;82m▀[38;2;98;98;123;48;2;65;65;82m▀[38;2;65;65;82;48;2;65;65;82m▀[38;2;65;65;82;48;2;65;65;82m▀[38;2;65;65;82;48;2;65;65;82m▀[38;2;65;65;82;48;2;65;65;82m▀[38;2;65;65;82;48;2;65;65;82m▀[38;2;65;65;82;48;2;65;65;82m▀[38;2;65;65;82;48;2;65;65;82m▀[38;2;65;65;82;48;2;65;65;82m▀[38;2;41;49;74;48;2;65;65;82m▀[38;2;41;49;74;48;2;65;65;82m▀[38;2;65;65;82;48;2;65;65;82m▀[38;2;41;49;74;48;2;65;65;82m▀[38;2;41;49;74;48;2;65;65;82m▀[38;2;65;65;82;48;2;65;65;82m▀[38;2;16;16;16;48;2;65;65;82m▀[38;2;16;16;16;48;2;65;65;82m▀[38;2;65;65;82;48;2;65;65;82m▀[38;2;41;49;74;48;2;41;49;74m▀[38;2;41;49;74;48;2;41;49;74m▀[38;2;16;16;16;48;2;41;49;74m▀[38;2;0;0;0;48;2;16;16;16m▀[38;2;0;0;0m▄[38;2;0;0;0m▄[38;2;0;0;0m▄[38;2;0;0;0m▄[38;2;0;0;0m▄[38;2;0;0;0m▄[38;2;0;0;0;48;2;138;115;32m▀[38;2;0;0;0;48;2;138;115;32m▀[38;2;0;0;0;48;2;138;115;32m▀[38;2;0;0;0;48;2;138;115;32m▀[38;2;0;0;0;48;2;138;115;32m▀[38;2;0;0;0;48;2;41;49;74m▀[38;2;0;0;0;48;2;41;49;74m▀[38;2;41;49;74;48;2;65;65;82m▀[38;2;41;49;74;48;2;65;65;82m▀[38;2;41;49;74;48;2;65;65;82m▀[38;2;41;49;74;48;2;65;65;82m▀[38;2;41;49;74;48;2;65;65;82m▀[38;2;41;49;74;48;2;65;65;82m▀[38;2;65;65;82;48;2;41;49;74m▀[38;2;65;65;82;48;2;16;16;16m▀[38;2;65;65;82;48;2;16;16;16m▀[38;2;65;65;82;48;2;16;16;16m▀[38;2;65;65;82;48;2;16;16;16m▀[38;2;65;65;82;48;2;16;16;16m▀[38;2;16;16;16;48;2;0;0;0m▀[0m
[0m [0m [0m [38;2;0;0;0;48;2;0;0;0m▀[38;2;41;49;74;48;2;41;49;74m▀[38;2;98;98;123;48;2;98;98;123m▀[38;2;98;98;123;48;2;65;65;82m▀[38;2;98;98;123;48;2;16;16;16m▀[38;2;65;65;82;48;2;16;16;16m▀[38;2;41;49;74;48;2;255;255;255m▀[38;2;41;49;74;48;2;255;255;255m▀[38;2;16;16;16;48;2;213;213;213m▀[38;2;16;16;16;48;2;16;16;16m▀[38;2;16;16;16;48;2;16;16;16m▀[38;2;41;49;74;48;2;16;16;16m▀[38;2;65;65;82;48;2;16;16;16m▀[38;2;65;65;82;48;2;16;16;16m▀[38;2;65;65;82;48;2;65;65;82m▀[38;2;65;65;82;48;2;65;65;82m▀[38;2;65;65;82;48;2;65;65;82m▀[38;2;65;65;82;48;2;65;65;82m▀[38;2;65;65;82;48;2;65;65;82m▀[38;2;65;65;82;48;2;65;65;82m▀[38;2;65;65;82;48;2;65;65;82m▀[38;2;65;65;82;48;2;65;65;82m▀[38;2;65;65;82;48;2;65;65;82m▀[38;2;65;65;82;48;2;65;65;82m▀[38;2;65;65;82;48;2;65;65;82m▀[38;2;41;49;74;48;2;41;49;74m▀[38;2;41;49;74;48;2;41;49;74m▀[38;2;41;49;74;48;2;41;49;74m▀[38;2;16;16;16;48;2;41;49;74m▀[38;2;41;49;74;48;2;41;49;74m▀[38;2;41;49;74;48;2;65;65;82m▀[38;2;41;49;74;48;2;65;65;82m▀[38;2;41;49;74;48;2;65;65;82m▀[38;2;41;49;74;48;2;65;65;82m▀[38;2;138;115;32;48;2;65;65;82m▀[38;2;180;148;41;48;2;138;115;32m▀[38;2;180;148;41;48;2;138;115;32m▀[38;2;180;148;41;48;2;16;16;16m▀[38;2;65;65;82;48;2;16;16;16m▀[38;2;65;65;82;48;2;16;16;16m▀[38;2;65;65;82;48;2;16;16;16m▀[38;2;65;65;82;48;2;16;16;16m▀[38;2;65;65;82;48;2;16;16;16m▀[38;2;41;49;74;48;2;16;16;16m▀[38;2;16;16;16;48;2;0;0;0m▀[38;2;16;16;16;48;2;0;0;0m▀[38;2;16;16;16;48;2;0;0;0m▀[38;2;16;16;16;48;2;0;0;0m▀[38;2;16;16;16;48;2;0;0;0m▀[38;2;0;0;0m▀[38;2;0;0;0m▀[38;2;0;0;0m▀[38;2;0;0;0m▀[38;2;0;0;0m▀[0m [0m
[0m [0m [0m [38;2;0;0;0;48;2;0;0;0m▀[38;2;16;16;16;48;2;16;16;16m▀[38;2;65;65;82;48;2;65;65;82m▀[38;2;16;16;16;48;2;16;16;16m▀[38;2;16;16;16;48;2;16;16;16m▀[38;2;16;16;16;48;2;16;16;16m▀[38;2;16;16;16;48;2;16;16;16m▀[38;2;16;16;16;48;2;16;16;16m▀[38;2;255;255;255;48;2;255;255;255m▀[38;2;16;16;16;48;2;16;16;16m▀[38;2;16;16;16;48;2;16;16;16m▀[38;2;16;16;16;48;2;16;16;16m▀[38;2;16;16;16;48;2;16;16;16m▀[38;2;16;16;16;48;2;16;16;16m▀[38;2;16;16;16;48;2;16;16;16m▀[38;2;65;65;82;48;2;65;65;82m▀[38;2;65;65;82;48;2;65;65;82m▀[38;2;65;65;82;48;2;65;65;82m▀[38;2;65;65;82;48;2;65;65;82m▀[38;2;65;65;82;48;2;65;65;82m▀[38;2;65;65;82;48;2;65;65;82m▀[38;2;65;65;82;48;2;65;65;82m▀[38;2;65;65;82;48;2;65;65;82m▀[38;2;65;65;82;48;2;65;65;82m▀[38;2;41;49;74;48;2;41;49;74m▀[38;2;41;49;74;48;2;41;49;74m▀[38;2;41;49;74;48;2;41;49;74m▀[38;2;41;49;74;48;2;41;49;74m▀[38;2;41;49;74;48;2;41;49;74m▀[38;2;16;16;16;48;2;16;16;16m▀[38;2;41;49;74;48;2;41;49;74m▀[38;2;41;49;74;48;2;41;49;74m▀[38;2;41;49;74;48;2;41;49;74m▀[38;2;16;16;16;48;2;16;16;16m▀[38;2;16;16;16;48;2;16;16;16m▀[38;2;16;16;16;48;2;16;16;16m▀[38;2;16;16;16;48;2;16;16;16m▀[38;2;0;0;0;48;2;0;0;0m▀[38;2;0;0;0m▀[38;2;0;0;0m▀[38;2;0;0;0m▀[38;2;0;0;0m▀[38;2;0;0;0m▀[38;2;0;0;0m▀[0m [0m [0m [0m [0m [0m [0m [0m [0m [0m [0m [0m
[0m [0m [0m [0m [38;2;0;0;0;48;2;0;0;0m▀[38;2;98;98;98;48;2;98;98;98m▀[38;2;255;255;255;48;2;255;255;255m▀[38;2;16;16;16;48;2;16;16;16m▀[38;2;98;98;98;48;2;16;16;16m▀[38;2;98;98;98;48;2;16;16;16m▀[38;2;98;98;98;48;2;16;16;16m▀[38;2;98;98;98;48;2;98;98;98m▀[38;2;98;98;98;48;2;98;98;98m▀[38;2;16;16;16;48;2;16;16;16m▀[38;2;16;16;16;48;2;213;213;213m▀[38;2;16;16;16;48;2;16;16;16m▀[38;2;16;16;16;48;2;16;16;16m▀[38;2;16;16;16;48;2;16;16;16m▀[38;2;65;65;82;48;2;65;65;82m▀[38;2;65;65;82;48;2;65;65;82m▀[38;2;65;65;82;48;2;65;65;82m▀[38;2;65;65;82;48;2;41;49;74m▀[38;2;65;65;82;48;2;238;213;82m▀[38;2;65;65;82;48;2;238;213;82m▀[38;2;65;65;82;48;2;238;213;82m▀[38;2;41;49;74;48;2;238;213;82m▀[38;2;41;49;74;48;2;41;49;74m▀[38;2;41;49;74;48;2;41;49;74m▀[38;2;41;49;74;48;2;41;49;74m▀[38;2;41;49;74;48;2;41;49;74m▀[38;2;41;49;74;48;2;41;49;74m▀[38;2;41;49;74;48;2;16;16;16m▀[38;2;16;16;16;48;2;41;49;74m▀[38;2;16;16;16;48;2;41;49;74m▀[38;2;16;16;16;48;2;41;49;74m▀[38;2;16;16;16;48;2;41;49;74m▀[38;2;16;16;16;48;2;41;49;74m▀[38;2;16;16;16;48;2;41;49;74m▀[38;2;0;0;0;48;2;16;16;16m▀[38;2;0;0;0;48;2;16;16;16m▀[38;2;0;0;0m▄[38;2;0;0;0m▄[38;2;0;0;0m▄[38;2;0;0;0m▄[0m [0m [0m [0m [0m [0m [0m [0m [0m [0m [0m [0m [0m [0m [0m
[0m [0m [0m [0m [0m [38;2;0;0;0m▀[38;2;98;98;98;48;2;0;0;0m▀[38;2;0;0;0m▀[38;2;0;0;0;48;2;0;0;0m▀[38;2;0;0;0;48;2;98;98;98m▀[38;2;0;0;0;48;2;98;98;98m▀[38;2;16;16;16;48;2;213;213;213m▀[38;2;98;98;98;48;2;16;16;16m▀[38;2;16;16;16;48;2;16;16;16m▀[38;2;255;255;255;48;2;16;16;16m▀[38;2;213;213;213;48;2;41;49;74m▀[38;2;213;213;213;48;2;41;49;74m▀[38;2;41;49;74;48;2;65;65;82m▀[38;2;65;65;82;48;2;65;65;82m▀[38;2;65;65;82;48;2;16;16;16m▀[38;2;41;49;74;48;2;16;16;16m▀[38;2;238;213;82;48;2;180;148;41m▀[38;2;238;213;82;48;2;41;49;74m▀[38;2;238;213;82;48;2;41;49;74m▀[38;2;41;49;74;48;2;41;49;74m▀[38;2;138;115;32;48;2;41;49;74m▀[38;2;238;213;82;48;2;138;115;32m▀[38;2;41;49;74;48;2;16;16;16m▀[38;2;41;49;74;48;2;16;16;16m▀[38;2;41;49;74;48;2;16;16;16m▀[38;2;16;16;16;48;2;0;0;0m▀[38;2;16;16;16;48;2;0;0;0m▀[38;2;16;16;16;48;2;0;0;0m▀[38;2;16;16;16;48;2;0;0;0m▀[38;2;41;49;74;48;2;16;16;16m▀[38;2;41;49;74;48;2;16;16;16m▀[38;2;41;49;74;48;2;16;16;16m▀[38;2;138;115;32;48;2;16;16;16m▀[38;2;138;115;32;48;2;16;16;16m▀[38;2;138;115;32;48;2;138;115;32m▀[38;2;16;16;16;48;2;138;115;32m▀[38;2;16;16;16;48;2;41;49;74m▀[38;2;16;16;16;48;2;41;49;74m▀[38;2;16;16;16;48;2;41;49;74m▀[38;2;0;0;0;48;2;16;16;16m▀[38;2;0;0;0;48;2;16;16;16m▀[38;2;0;0;0;48;2;16;16;16m▀[38;2;0;0;0m▄[38;2;0;0;0m▄[38;2;0;0;0m▄[38;2;0;0;0m▄[0m [0m [0m [0m [0m [0m [0m [0m
[0m [0m [0m [0m [0m [0m [0m [0m [38;2;0;0;0;48;2;0;0;0m▀[38;2;98;98;98;48;2;98;98;98m▀[38;2;98;98;98;48;2;98;98;98m▀[38;2;255;255;255;48;2;255;255;255m▀[38;2;16;16;16;48;2;16;16;16m▀[38;2;16;16;16;48;2;16;16;16m▀[38;2;65;65;82;48;2;65;65;82m▀[38;2;65;65;82;48;2;65;65;82m▀[38;2;65;65;82;48;2;65;65;82m▀[38;2;41;49;74;48;2;41;49;74m▀[38;2;16;16;16;48;2;16;16;16m▀[38;2;0;0;0;48;2;0;0;0m▀[38;2;0;0;0;48;2;0;0;0m▀[38;2;16;16;16;48;2;16;16;16m▀[38;2;16;16;16;48;2;16;16;16m▀[38;2;16;16;16;48;2;16;16;16m▀[38;2;16;16;16;48;2;16;16;16m▀[38;2;16;16;16;48;2;16;16;16m▀[38;2;16;16;16;48;2;16;16;16m▀[38;2;0;0;0;48;2;0;0;0m▀[38;2;0;0;0m▀[38;2;0;0;0m▀[0m [0m [0m [0m [38;2;0;0;0m▀[38;2;0;0;0m▀[38;2;0;0;0m▀[38;2;0;0;0m▀[38;2;0;0;0;48;2;0;0;0m▀[38;2;16;16;16;48;2;16;16;16m▀[38;2;16;16;16;48;2;16;16;16m▀[38;2;16;16;16;48;2;16;16;16m▀[38;2;16;16;16;48;2;16;16;16m▀[38;2;41;49;74;48;2;41;49;74m▀[38;2;41;49;74;48;2;41;49;74m▀[38;2;41;49;74;48;2;41;49;74m▀[38;2;41;49;74;48;2;41;49;74m▀[38;2;16;16;16;48;2;16;16;16m▀[38;2;16;16;16;48;2;16;16;16m▀[38;2;16;16;16;48;2;16;16;16m▀[38;2;16;16;16;48;2;16;16;16m▀[38;2;0;0;0;48;2;0;0;0m▀[0m [0m [0m [0m [0m [0m [0m
[0m [0m [0m [0m [0m [0m [0m [0m [0m [38;2;0;0;0m▀[38;2;0;0;0m▀[38;2;16;16;16;48;2;0;0;0m▀[38;2;65;65;82;48;2;16;16;16m▀[38;2;65;65;82;48;2;16;16;16m▀[38;2;65;65;82;48;2;16;16;16m▀[38;2;16;16;16;48;2;0;0;0m▀[38;2;16;16;16;48;2;0;0;0m▀[38;2;16;16;16;48;2;0;0;0m▀[38;2;0;0;0m▀[0m [0m [38;2;0;0;0m▀[38;2;0;0;0m▀[38;2;0;0;0m▀[38;2;0;0;0m▀[38;2;0;0;0m▀[38;2;0;0;0m▀[0m [0m [0m [0m [0m [0m [0m [0m [0m [0m [0m [0m [38;2;0;0;0m▀[38;2;0;0;0m▀[38;2;0;0;0m▀[38;2;0;0;0m▀[38;2;16;16;16;48;2;0;0;0m▀[38;2;16;16;16;48;2;0;0;0m▀[38;2;16;16;16;48;2;0;0;0m▀[38;2;41;49;74;48;2;16;16;16m▀[38;2;41;49;74;48;2;16;16;16m▀[38;2;41;49;74;48;2;16;16;16m▀[38;2;41;49;74;48;2;16;16;16m▀[38;2;41;49;74;48;2;16;16;16m▀[38;2;16;16;16;48;2;0;0;0m▀[38;2;0;0;0m▀[0m [0m [0m [0m [0m [0m
