[0m [0m [0m [0m [0m [0m [0m [0m [0m [0m [0m [0m [0m [0m [0m [0m [0m [0m [0m [0m [0m [0m [0m [0m [0m [38;2;0;0;0m▄[38;2;0;0;0;48;2;213;172;205m▀[38;2;0;0;0;48;2;213;172;205m▀[38;2;0;0;0;48;2;213;172;205m▀[38;2;213;172;205;48;2;213;172;205m▀[38;2;213;172;205;48;2;213;172;205m▀[38;2;213;172;205;48;2;213;172;205m▀[38;2;0;0;0;48;2;213;172;205m▀[38;2;0;0;0;48;2;213;172;205m▀[38;2;0;0;0;48;2;213;172;205m▀[38;2;0;0;0m▄[0m [0m [0m [0m [0m [0m [0m [0m [0m [0m [0m [0m [0m [0m [0m [0m [0m [0m [0m [0m [0m [0m [0m [0m [0m [0m [0m [0m [0m [0m [0m [0m
[0m [0m [0m [0m [0m [0m [0m [0m [0m [0m [0m [0m [0m [0m [0m [0m [0m [38;2;0;0;0m▄[0m [0m [0m [0m [0m [0m [38;2;0;0;0;48;2;0;0;0m▀[38;2;213;172;205;48;2;213;172;205m▀[38;2;213;172;205;48;2;213;172;205m▀[38;2;213;172;205;48;2;213;172;205m▀[38;2;213;172;205;48;2;213;172;205m▀[38;2;213;172;205;48;2;213;172;205m▀[38;2;213;172;205;48;2;213;172;205m▀[38;2;213;172;205;48;2;213;172;205m▀[38;2;213;172;205;48;2;213;172;205m▀[38;2;213;172;205;48;2;213;172;205m▀[38;2;213;172;205;48;2;213;172;205m▀[38;2;213;172;205;48;2;213;172;205m▀[38;2;0;0;0;48;2;0;0;0m▀[0m [0m [0m [0m [0m [38;2;0;0;0m▄[38;2;0;0;0m▄[0m [0m [0m [0m [0m [0m [0m [0m [0m [0m [0m [0m [0m [0m [0m [0m [0m [0m [0m [0m [0m [0m [0m [0m
[0m [0m [0m [0m [0m [0m [0m [0m [0m [0m [0m [0m [0m [0m [0m [38;2;0;0;0m▄[38;2;0;0;0;48;2;213;172;205m▀[38;2;213;172;205;48;2;213;172;205m▀[38;2;0;0;0;48;2;213;172;205m▀[38;2;0;0;0m▄[0m [0m [0m [38;2;0;0;0m▄[38;2;0;0;0;48;2;213;172;205m▀[38;2;213;172;205;48;2;213;172;205m▀[38;2;213;172;205;48;2;213;172;205m▀[38;2;213;172;205;48;2;213;172;205m▀[38;2;213;172;205;48;2;189;148;180m▀[38;2;189;148;180;48;2;189;148;180m▀[38;2;189;148;180;48;2;189;148;180m▀[38;2;189;148;180;48;2;189;148;180m▀[38;2;213;172;205;48;2;189;148;180m▀[38;2;213;172;205;48;2;213;172;205m▀[38;2;213;172;205;48;2;213;172;205m▀[38;2;213;172;205;48;2;213;172;205m▀[38;2;0;0;0;48;2;213;172;205m▀[38;2;0;0;0m▄[0m [0m [38;2;0;0;0m▄[38;2;0;0;0;48;2;213;172;205m▀[38;2;213;172;205;48;2;189;148;180m▀[38;2;213;172;205;48;2;189;148;180m▀[38;2;0;0;0;48;2;213;172;205m▀[38;2;0;0;0m▄[0m [0m [0m [0m [0m [0m [0m [0m [0m [0m [0m [0m [0m [0m [0m [0m [0m [0m [0m [0m [0m [0m
[0m [0m [0m [0m [0m [0m [0m [0m [0m [0m [0m [0m [0m [0m [0m [0m [38;2;0;0;0m▀[38;2;213;172;205;48;2;0;0;0m▀[38;2;0;0;0m▀[0m [0m [0m [0m [38;2;0;0;0m▀[38;2;213;172;205;48;2;0;0;0m▀[38;2;213;172;205;48;2;213;172;205m▀[38;2;213;172;205;48;2;213;172;205m▀[38;2;213;172;205;48;2;213;172;205m▀[38;2;189;148;180;48;2;189;148;180m▀[38;2;189;148;180;48;2;189;148;180m▀[38;2;189;148;180;48;2;189;148;180m▀[38;2;189;148;180;48;2;189;148;180m▀[38;2;189;148;180;48;2;189;148;180m▀[38;2;213;172;205;48;2;213;172;205m▀[38;2;213;172;205;48;2;213;172;205m▀[38;2;213;172;205;48;2;213;172;205m▀[38;2;213;172;205;48;2;0;0;0m▀[38;2;0;0;0m▀[0m [0m [38;2;0;0;0m▀[38;2;213;172;205;48;2;0;0;0m▀[38;2;189;148;180;48;2;213;172;205m▀[38;2;189;148;180;48;2;213;172;205m▀[38;2;213;172;205;48;2;0;0;0m▀[38;2;0;0;0m▀[0m [0m [0m [0m [0m [0m [0m [38;2;0;0;0m▄[38;2;0;0;0;48;2;213;172;205m▀[38;2;0;0;0m▄[0m [0m [0m [0m [0m [0m [0m [0m [0m [0m [0m [0m
[0m [0m [0m [0m [0m [0m [0m [0m [0m [0m [0m [0m [0m [0m [0m [0m [0m [0m [0m [38;2;0;0;0m▄[38;2;0;0;0;48;2;213;172;205m▀[38;2;0;0;0;48;2;213;172;205m▀[38;2;0;0;0m▄[0m [38;2;0;0;0m▀[38;2;213;172;205;48;2;0;0;0m▀[38;2;213;172;205;48;2;213;172;205m▀[38;2;213;172;205;48;2;213;172;205m▀[38;2;213;172;205;48;2;213;172;205m▀[38;2;189;148;180;48;2;213;172;205m▀[38;2;189;148;180;48;2;213;172;205m▀[38;2;189;148;180;48;2;213;172;205m▀[38;2;213;172;205;48;2;213;172;205m▀[38;2;213;172;205;48;2;213;172;205m▀[38;2;213;172;205;48;2;213;172;205m▀[38;2;213;172;205;48;2;0;0;0m▀[38;2;0;0;0m▀[0m [0m [0m [38;2;0;0;0m▄[38;2;0;0;0;48;2;213;172;205m▀[38;2;0;0;0;48;2;0;0;0m▀[38;2;0;0;0m▀[0m [0m [0m [0m [0m [0m [0m [0m [38;2;0;0;0m▄[38;2;0;0;0;48;2;213;172;205m▀[38;2;0;0;0;48;2;0;0;0m▀[0m [0m [0m [38;2;0;0;0m▄[38;2;0;0;0;48;2;213;172;205m▀[38;2;0;0;0;48;2;213;172;205m▀[38;2;0;0;0;48;2;213;172;205m▀[38;2;0;0;0m▄[0m [0m [0m [0m [0m
[0m [0m [0m [0m [0m [0m [38;2;0;0;0m▄[38;2;0;0;0m▄[38;2;0;0;0m▄[38;2;0;0;0m▄[0m [0m [0m [0m [0m [0m [0m [38;2;0;0;0m▄[38;2;0;0;0;48;2;213;172;205m▀[38;2;0;0;0;48;2;213;172;205m▀[38;2;213;172;205;48;2;0;0;0m▀[38;2;213;172;205;48;2;0;0;0m▀[38;2;0;0;0m▀[0m [0m [38;2;0;0;0;48;2;0;0;0m▀[38;2;213;172;205;48;2;0;0;0m▀[38;2;213;172;205;48;2;0;0;0m▀[38;2;213;172;205;48;2;213;172;205m▀[38;2;213;172;205;48;2;213;172;205m▀[38;2;213;172;205;48;2;213;172;205m▀[38;2;213;172;205;48;2;213;172;205m▀[38;2;213;172;205;48;2;213;172;205m▀[38;2;213;172;205;48;2;0;0;0m▀[38;2;213;172;205;48;2;0;0;0m▀[38;2;0;0;0m▀[0m [38;2;0;0;0m▄[38;2;0;0;0m▄[38;2;0;0;0;48;2;213;172;205m▀[38;2;0;0;0;48;2;213;172;205m▀[38;2;213;172;205;48;2;0;0;0m▀[38;2;0;0;0;48;2;213;172;205m▀[38;2;0;0;0m▄[0m [38;2;0;0;0m▄[38;2;0;0;0m▄[38;2;0;0;0;48;2;213;172;205m▀[38;2;0;0;0m▄[38;2;0;0;0m▄[38;2;0;0;0;48;2;213;172;205m▀[38;2;0;0;0;48;2;213;172;205m▀[38;2;0;0;0;48;2;213;172;205m▀[38;2;213;172;205;48;2;0;0;0m▀[38;2;0;0;0;48;2;213;172;205m▀[38;2;0;0;0m▄[38;2;0;0;0m▄[38;2;0;0;0;48;2;213;172;205m▀[38;2;0;0;0;48;2;213;172;205m▀[38;2;213;172;205;48;2;213;172;205m▀[38;2;213;172;205;48;2;213;172;205m▀[38;2;213;172;205;48;2;213;172;205m▀[38;2;0;0;0;48;2;213;172;205m▀[38;2;0;0;0m▄[38;2;0;0;0m▄[0m [0m [0m
[0m [0m [0m [0m [38;2;0;0;0m▄[38;2;0;0;0;48;2;213;172;205m▀[38;2;213;172;205;48;2;213;172;205m▀[38;2;213;172;205;48;2;189;148;180m▀[38;2;213;172;205;48;2;213;172;205m▀[38;2;213;172;205;48;2;213;172;205m▀[38;2;0;0;0;48;2;213;172;205m▀[38;2;0;0;0m▄[0m [0m [38;2;0;0;0m▄[38;2;0;0;0m▄[38;2;0;0;0;48;2;213;172;205m▀[38;2;213;172;205;48;2;213;172;205m▀[38;2;213;172;205;48;2;213;172;205m▀[38;2;0;0;0;48;2;213;172;205m▀[38;2;213;172;205;48;2;0;0;0m▀[38;2;213;172;205;48;2;0;0;0m▀[38;2;0;0;0m▀[38;2;0;0;0m▄[38;2;0;0;0;48;2;213;172;205m▀[38;2;213;172;205;48;2;0;0;0m▀[38;2;0;0;0;48;2;213;172;205m▀[38;2;0;0;0;48;2;213;172;205m▀[38;2;0;0;0;48;2;0;0;0m▀[38;2;0;0;0m▀[38;2;0;0;0;48;2;0;0;0m▀[38;2;0;0;0m▀[38;2;0;0;0m▀[0m [0m [38;2;0;0;0m▄[38;2;0;0;0;48;2;213;172;205m▀[38;2;213;172;205;48;2;0;0;0m▀[38;2;0;0;0;48;2;213;172;205m▀[38;2;213;172;205;48;2;213;172;205m▀[38;2;213;172;205;48;2;213;172;205m▀[38;2;213;172;205;48;2;213;172;205m▀[38;2;0;0;0;48;2;0;0;0m▀[38;2;0;0;0m▄[38;2;0;0;0;48;2;213;172;205m▀[38;2;213;172;205;48;2;0;0;0m▀[38;2;213;172;205;48;2;0;0;0m▀[38;2;0;0;0;48;2;213;172;205m▀[38;2;213;172;205;48;2;213;172;205m▀[38;2;213;172;205;48;2;213;172;205m▀[38;2;0;0;0;48;2;213;172;205m▀[38;2;213;172;205;48;2;213;172;205m▀[38;2;213;172;205;48;2;213;172;205m▀[38;2;213;172;205;48;2;0;0;0m▀[38;2;0;0;0m▀[38;2;0;0;0;48;2;0;0;0m▀[38;2;213;172;205;48;2;213;172;205m▀[38;2;213;172;205;48;2;213;172;205m▀[38;2;213;172;205;48;2;213;172;205m▀[38;2;213;172;205;48;2;189;148;180m▀[38;2;189;148;180;48;2;189;148;180m▀[38;2;189;148;180;48;2;189;148;180m▀[38;2;213;172;205;48;2;213;172;205m▀[38;2;213;172;205;48;2;213;172;205m▀[38;2;213;172;205;48;2;213;172;205m▀[38;2;0;0;0;48;2;0;0;0m▀[0m [0m
[0m [0m [0m [0m [38;2;0;0;0;48;2;0;0;0m▀[38;2;213;172;205;48;2;213;172;205m▀[38;2;189;148;180;48;2;213;172;205m▀[38;2;189;148;180;48;2;189;148;180m▀[38;2;189;148;180;48;2;213;172;205m▀[38;2;189;148;180;48;2;213;172;205m▀[38;2;213;172;205;48;2;213;172;205m▀[38;2;0;0;0;48;2;0;0;0m▀[0m [38;2;0;0;0m▀[38;2;213;172;205;48;2;0;0;0m▀[38;2;213;172;205;48;2;0;0;0m▀[38;2;0;0;0;48;2;213;172;205m▀[38;2;213;172;205;48;2;213;172;205m▀[38;2;213;172;205;48;2;213;172;205m▀[38;2;213;172;205;48;2;213;172;205m▀[38;2;213;172;205;48;2;213;172;205m▀[38;2;213;172;205;48;2;213;172;205m▀[38;2;0;0;0;48;2;213;172;205m▀[38;2;213;172;205;48;2;0;0;0m▀[38;2;0;0;0;48;2;213;172;205m▀[38;2;213;172;205;48;2;213;172;205m▀[38;2;0;0;0;48;2;0;0;0m▀[38;2;0;0;0m▀[0m [38;2;0;0;0m▀[38;2;213;172;205;48;2;0;0;0m▀[38;2;0;0;0m▀[0m [0m [0m [38;2;0;0;0m▄[38;2;0;0;0;48;2;213;172;205m▀[38;2;213;172;205;48;2;213;172;205m▀[38;2;213;172;205;48;2;189;148;180m▀[38;2;213;172;205;48;2;213;172;205m▀[38;2;213;172;205;48;2;213;172;205m▀[38;2;213;172;205;48;2;213;172;205m▀[38;2;213;172;205;48;2;0;0;0m▀[38;2;0;0;0;48;2;213;172;205m▀[38;2;213;172;205;48;2;213;172;205m▀[38;2;213;172;205;48;2;213;172;205m▀[38;2;213;172;205;48;2;213;172;205m▀[38;2;213;172;205;48;2;213;172;205m▀[38;2;213;172;205;48;2;213;172;205m▀[38;2;213;172;205;48;2;213;172;205m▀[38;2;213;172;205;48;2;213;172;205m▀[38;2;213;172;205;48;2;0;0;0m▀[38;2;213;172;205;48;2;0;0;0m▀[38;2;0;0;0;48;2;213;172;205m▀[38;2;0;0;0m▄[38;2;0;0;0m▀[38;2;213;172;205;48;2;0;0;0m▀[38;2;213;172;205;48;2;213;172;205m▀[38;2;213;172;205;48;2;213;172;205m▀[38;2;189;148;180;48;2;213;172;205m▀[38;2;189;148;180;48;2;213;172;205m▀[38;2;213;172;205;48;2;213;172;205m▀[38;2;213;172;205;48;2;213;172;205m▀[38;2;213;172;205;48;2;0;0;0m▀[38;2;213;172;205;48;2;0;0;0m▀[38;2;0;0;0m▀[0m [0m
[0m [0m [0m [0m [38;2;0;0;0m▀[38;2;213;172;205;48;2;0;0;0m▀[38;2;213;172;205;48;2;213;172;205m▀[38;2;189;148;180;48;2;213;172;205m▀[38;2;213;172;205;48;2;213;172;205m▀[38;2;213;172;205;48;2;213;172;205m▀[38;2;213;172;205;48;2;0;0;0m▀[38;2;0;0;0m▀[0m [38;2;0;0;0m▄[38;2;0;0;0;48;2;213;172;205m▀[38;2;0;0;0;48;2;213;172;205m▀[38;2;213;172;205;48;2;213;172;205m▀[38;2;213;172;205;48;2;213;172;205m▀[38;2;213;172;205;48;2;213;172;205m▀[38;2;213;172;205;48;2;213;172;205m▀[38;2;213;172;205;48;2;213;172;205m▀[38;2;213;172;205;48;2;213;172;205m▀[38;2;213;172;205;48;2;0;0;0m▀[38;2;0;0;0;48;2;213;172;205m▀[38;2;213;172;205;48;2;213;172;205m▀[38;2;213;172;205;48;2;0;0;0m▀[38;2;0;0;0;48;2;213;172;205m▀[38;2;0;0;0;48;2;213;172;205m▀[38;2;0;0;0m▄[0m [0m [38;2;0;0;0m▄[38;2;0;0;0;48;2;213;172;205m▀[38;2;0;0;0m▄[38;2;0;0;0m▄[38;2;0;0;0;48;2;213;172;205m▀[38;2;213;172;205;48;2;213;172;205m▀[38;2;213;172;205;48;2;189;148;180m▀[38;2;189;148;180;48;2;213;172;205m▀[38;2;213;172;205;48;2;189;148;180m▀[38;2;213;172;205;48;2;189;148;180m▀[38;2;213;172;205;48;2;213;172;205m▀[38;2;0;0;0;48;2;213;172;205m▀[38;2;213;172;205;48;2;213;172;205m▀[38;2;213;172;205;48;2;189;148;180m▀[38;2;213;172;205;48;2;213;172;205m▀[38;2;213;172;205;48;2;213;172;205m▀[38;2;213;172;205;48;2;213;172;205m▀[38;2;213;172;205;48;2;213;172;205m▀[38;2;213;172;205;48;2;213;172;205m▀[38;2;213;172;205;48;2;213;172;205m▀[38;2;0;0;0;48;2;213;172;205m▀[38;2;0;0;0;48;2;213;172;205m▀[38;2;213;172;205;48;2;0;0;0m▀[38;2;0;0;0m▀[0m [38;2;0;0;0m▀[38;2;213;172;205;48;2;0;0;0m▀[38;2;213;172;205;48;2;0;0;0m▀[38;2;213;172;205;48;2;213;172;205m▀[38;2;213;172;205;48;2;213;172;205m▀[38;2;213;172;205;48;2;213;172;205m▀[38;2;213;172;205;48;2;0;0;0m▀[38;2;0;0;0m▀[0m [0m [0m [0m
[0m [0m [0m [0m [0m [0m [38;2;0;0;0m▀[38;2;0;0;0m▀[38;2;0;0;0m▀[38;2;0;0;0m▀[0m [0m [38;2;0;0;0m▀[38;2;213;172;205;48;2;0;0;0m▀[38;2;0;0;0;48;2;213;172;205m▀[38;2;0;0;0;48;2;213;172;205m▀[38;2;213;172;205;48;2;189;148;180m▀[38;2;189;148;180;48;2;213;172;205m▀[38;2;213;172;205;48;2;189;148;180m▀[38;2;189;148;180;48;2;213;172;205m▀[38;2;213;172;205;48;2;189;148;180m▀[38;2;213;172;205;48;2;189;148;180m▀[38;2;213;172;205;48;2;213;172;205m▀[38;2;213;172;205;48;2;189;148;180m▀[38;2;213;172;205;48;2;213;172;205m▀[38;2;213;172;205;48;2;213;172;205m▀[38;2;0;0;0;48;2;0;0;0m▀[38;2;0;0;0m▀[0m [0m [38;2;0;0;0m▀[38;2;213;172;205;48;2;0;0;0m▀[38;2;0;0;0;48;2;213;172;205m▀[38;2;213;172;205;48;2;213;172;205m▀[38;2;213;172;205;48;2;213;172;205m▀[38;2;213;172;205;48;2;213;172;205m▀[38;2;213;172;205;48;2;189;148;180m▀[38;2;189;148;180;48;2;213;172;205m▀[38;2;189;148;180;48;2;189;148;180m▀[38;2;213;172;205;48;2;189;148;180m▀[38;2;213;172;205;48;2;189;148;180m▀[38;2;213;172;205;48;2;213;172;205m▀[38;2;213;172;205;48;2;189;148;180m▀[38;2;189;148;180;48;2;213;172;205m▀[38;2;213;172;205;48;2;189;148;180m▀[38;2;213;172;205;48;2;189;148;180m▀[38;2;213;172;205;48;2;189;148;180m▀[38;2;189;148;180;48;2;213;172;205m▀[38;2;213;172;205;48;2;189;148;180m▀[38;2;213;172;205;48;2;213;172;205m▀[38;2;213;172;205;48;2;213;172;205m▀[38;2;0;0;0;48;2;0;0;0m▀[38;2;0;0;0;48;2;0;0;0m▀[38;2;0;0;0;48;2;213;172;205m▀[38;2;0;0;0m▄[38;2;0;0;0m▄[38;2;0;0;0;48;2;213;172;205m▀[38;2;0;0;0m▄[38;2;0;0;0m▄[38;2;0;0;0;48;2;213;172;205m▀[38;2;0;0;0;48;2;0;0;0m▀[38;2;0;0;0m▀[0m [0m [0m [0m [0m [0m
[0m [0m [0m [0m [0m [0m [0m [0m [0m [0m [0m [38;2;0;0;0m▄[38;2;0;0;0;48;2;213;172;205m▀[38;2;0;0;0;48;2;0;0;0m▀[38;2;213;172;205;48;2;213;172;205m▀[38;2;213;172;205;48;2;213;172;205m▀[38;2;189;148;180;48;2;189;148;180m▀[38;2;189;148;180;48;2;184;122;171m▀[38;2;190;130;179;48;2;215;159;206m▀[38;2;213;172;205;48;2;171;113;159m▀[38;2;189;148;180;48;2;189;148;180m▀[38;2;189;148;180;48;2;189;148;180m▀[38;2;189;148;180;48;2;189;148;180m▀[38;2;213;172;205;48;2;189;148;180m▀[38;2;189;148;180;48;2;189;148;180m▀[38;2;213;172;205;48;2;213;172;205m▀[38;2;0;0;0;48;2;213;172;205m▀[38;2;0;0;0;48;2;213;172;205m▀[38;2;0;0;0m▄[38;2;0;0;0;48;2;213;172;205m▀[38;2;0;0;0;48;2;0;0;0m▀[38;2;213;172;205;48;2;0;0;0m▀[38;2;0;0;0;48;2;213;172;205m▀[38;2;213;172;205;48;2;213;172;205m▀[38;2;213;172;205;48;2;213;172;205m▀[38;2;189;148;180;48;2;213;172;205m▀[38;2;213;172;205;48;2;189;148;180m▀[38;2;189;148;180;48;2;157;102;146m▀[38;2;189;148;180;48;2;189;148;180m▀[38;2;189;148;180;48;2;189;148;180m▀[38;2;189;148;180;48;2;189;148;180m▀[38;2;189;148;180;48;2;189;148;180m▀[38;2;189;148;180;48;2;189;148;180m▀[38;2;189;148;180;48;2;184;122;171m▀[38;2;189;148;180;48;2;157;102;146m▀[38;2;189;148;180;48;2;189;148;180m▀[38;2;189;148;180;48;2;189;148;180m▀[38;2;189;148;180;48;2;213;172;205m▀[38;2;213;172;205;48;2;189;148;180m▀[38;2;213;172;205;48;2;213;172;205m▀[38;2;0;0;0;48;2;213;172;205m▀[38;2;213;172;205;48;2;213;172;205m▀[38;2;213;172;205;48;2;213;172;205m▀[38;2;0;0;0;48;2;213;172;205m▀[38;2;213;172;205;48;2;213;172;205m▀[38;2;213;172;205;48;2;213;172;205m▀[38;2;0;0;0;48;2;213;172;205m▀[38;2;213;172;205;48;2;0;0;0m▀[38;2;213;172;205;48;2;0;0;0m▀[38;2;0;0;0m▀[0m [0m [0m [0m [0m [0m [0m [0m
[0m [0m [0m [0m [0m [0m [38;2;0;0;0m▄[38;2;0;0;0;48;2;213;172;205m▀[38;2;0;0;0;48;2;213;172;205m▀[38;2;0;0;0;48;2;213;172;205m▀[38;2;0;0;0m▄[38;2;0;0;0;48;2;213;172;205m▀[38;2;213;172;205;48;2;0;0;0m▀[38;2;0;0;0;48;2;213;172;205m▀[38;2;213;172;205;48;2;189;148;180m▀[38;2;213;172;205;48;2;189;148;180m▀[38;2;189;148;180;48;2;189;148;180m▀[38;2;184;122;171;48;2;210;149;198m▀[38;2;215;159;206;48;2;215;159;206m▀[38;2;171;113;159;48;2;171;113;159m▀[38;2;189;148;180;48;2;189;148;180m▀[38;2;189;148;180;48;2;189;148;180m▀[38;2;189;148;180;48;2;189;148;180m▀[38;2;189;148;180;48;2;171;113;159m▀[38;2;189;148;180;48;2;189;148;180m▀[38;2;213;172;205;48;2;213;172;205m▀[38;2;213;172;205;48;2;0;0;0m▀[38;2;213;172;205;48;2;0;0;0m▀[38;2;0;0;0;48;2;213;172;205m▀[38;2;213;172;205;48;2;0;0;0m▀[38;2;0;0;0;48;2;213;172;205m▀[38;2;0;0;0;48;2;213;172;205m▀[38;2;213;172;205;48;2;213;172;205m▀[38;2;213;172;205;48;2;189;148;180m▀[38;2;213;172;205;48;2;189;148;180m▀[38;2;213;172;205;48;2;189;148;180m▀[38;2;189;148;180;48;2;184;122;171m▀[38;2;157;102;146;48;2;192;134;181m▀[38;2;189;148;180;48;2;146;94;134m▀[38;2;189;148;180;48;2;189;148;180m▀[38;2;189;148;180;48;2;189;148;180m▀[38;2;189;148;180;48;2;189;148;180m▀[38;2;189;148;180;48;2;184;122;171m▀[38;2;184;122;171;48;2;204;155;194m▀[38;2;157;102;146;48;2;146;94;134m▀[38;2;189;148;180;48;2;189;148;180m▀[38;2;189;148;180;48;2;189;148;180m▀[38;2;213;172;205;48;2;189;148;180m▀[38;2;189;148;180;48;2;213;172;205m▀[38;2;213;172;205;48;2;213;172;205m▀[38;2;213;172;205;48;2;213;172;205m▀[38;2;213;172;205;48;2;213;172;205m▀[38;2;213;172;205;48;2;213;172;205m▀[38;2;213;172;205;48;2;213;172;205m▀[38;2;213;172;205;48;2;0;0;0m▀[38;2;213;172;205;48;2;213;172;205m▀[38;2;213;172;205;48;2;0;0;0m▀[38;2;0;0;0m▀[0m [0m [0m [0m [0m [0m [0m [0m [0m [0m
[0m [0m [0m [0m [0m [0m [38;2;0;0;0m▀[38;2;213;172;205;48;2;0;0;0m▀[38;2;213;172;205;48;2;0;0;0m▀[38;2;213;172;205;48;2;0;0;0m▀[38;2;0;0;0m▀[38;2;213;172;205;48;2;0;0;0m▀[38;2;0;0;0;48;2;213;172;205m▀[38;2;189;148;180;48;2;213;172;205m▀[38;2;213;172;205;48;2;189;148;180m▀[38;2;213;172;205;48;2;189;148;180m▀[38;2;189;148;180;48;2;213;172;205m▀[38;2;210;149;198;48;2;210;149;198m▀[38;2;201;144;191;48;2;215;159;206m▀[38;2;195;133;182;48;2;215;159;206m▀[38;2;171;113;159;48;2;195;133;182m▀[38;2;171;113;159;48;2;195;133;182m▀[38;2;171;113;159;48;2;195;133;182m▀[38;2;201;144;191;48;2;195;133;182m▀[38;2;146;94;134;48;2;146;94;134m▀[38;2;189;148;180;48;2;213;172;205m▀[38;2;213;172;205;48;2;189;148;180m▀[38;2;213;172;205;48;2;189;148;180m▀[38;2;213;172;205;48;2;213;172;205m▀[38;2;213;172;205;48;2;189;148;180m▀[38;2;213;172;205;48;2;213;172;205m▀[38;2;213;172;205;48;2;189;148;180m▀[38;2;189;148;180;48;2;213;172;205m▀[38;2;213;172;205;48;2;189;148;180m▀[38;2;213;172;205;48;2;189;148;180m▀[38;2;189;148;180;48;2;210;149;198m▀[38;2;210;149;198;48;2;215;159;206m▀[38;2;215;159;206;48;2;215;159;206m▀[38;2;161;106;148;48;2;215;159;206m▀[38;2;182;123;170;48;2;215;159;206m▀[38;2;182;123;170;48;2;215;159;206m▀[38;2;184;122;171;48;2;215;159;206m▀[38;2;204;155;194;48;2;201;144;191m▀[38;2;223;178;215;48;2;161;106;148m▀[38;2;146;94;134;48;2;189;148;180m▀[38;2;189;148;180;48;2;189;148;180m▀[38;2;189;148;180;48;2;189;148;180m▀[38;2;213;172;205;48;2;213;172;205m▀[38;2;213;172;205;48;2;189;148;180m▀[38;2;189;148;180;48;2;213;172;205m▀[38;2;213;172;205;48;2;189;148;180m▀[38;2;213;172;205;48;2;213;172;205m▀[38;2;213;172;205;48;2;213;172;205m▀[38;2;213;172;205;48;2;0;0;0m▀[38;2;213;172;205;48;2;213;172;205m▀[38;2;0;0;0;48;2;0;0;0m▀[0m [0m [0m [0m [0m [0m [0m [0m [0m [0m [0m [0m
[0m [0m [0m [0m [0m [0m [0m [0m [0m [0m [38;2;0;0;0;48;2;0;0;0m▀[38;2;213;172;205;48;2;213;172;205m▀[38;2;213;172;205;48;2;189;148;180m▀[38;2;189;148;180;48;2;213;172;205m▀[38;2;189;148;180;48;2;195;133;182m▀[38;2;189;148;180;48;2;195;133;182m▀[38;2;210;149;198;48;2;215;159;206m▀[38;2;201;144;191;48;2;215;159;206m▀[38;2;215;159;206;48;2;210;149;198m▀[38;2;210;149;198;48;2;210;149;198m▀[38;2;210;149;198;48;2;210;149;198m▀[38;2;210;149;198;48;2;210;149;198m▀[38;2;195;133;182;48;2;195;133;182m▀[38;2;195;133;182;48;2;195;133;182m▀[38;2;146;94;134;48;2;161;106;148m▀[38;2;189;148;180;48;2;189;148;180m▀[38;2;213;172;205;48;2;189;148;180m▀[38;2;213;172;205;48;2;189;148;180m▀[38;2;189;148;180;48;2;213;172;205m▀[38;2;213;172;205;48;2;189;148;180m▀[38;2;189;148;180;48;2;189;148;180m▀[38;2;189;148;180;48;2;184;122;171m▀[38;2;184;122;171;48;2;223;178;215m▀[38;2;210;149;198;48;2;223;178;215m▀[38;2;210;149;198;48;2;223;178;215m▀[38;2;223;178;215;48;2;211;165;202m▀[38;2;215;159;206;48;2;201;144;191m▀[38;2;215;159;206;48;2;195;133;182m▀[38;2;201;144;191;48;2;171;113;159m▀[38;2;210;149;198;48;2;198;112;147m▀[38;2;210;149;198;48;2;198;112;147m▀[38;2;210;149;198;48;2;210;149;198m▀[38;2;161;106;148;48;2;171;113;159m▀[38;2;189;148;180;48;2;189;148;180m▀[38;2;189;148;180;48;2;189;148;180m▀[38;2;213;172;205;48;2;189;148;180m▀[38;2;213;172;205;48;2;189;148;180m▀[38;2;189;148;180;48;2;189;148;180m▀[38;2;213;172;205;48;2;189;148;180m▀[38;2;189;148;180;48;2;213;172;205m▀[38;2;213;172;205;48;2;213;172;205m▀[38;2;213;172;205;48;2;213;172;205m▀[38;2;213;172;205;48;2;213;172;205m▀[38;2;213;172;205;48;2;213;172;205m▀[38;2;0;0;0;48;2;0;0;0m▀[0m [0m [38;2;0;0;0m▄[38;2;0;0;0m▄[38;2;0;0;0m▄[0m [0m [0m [0m [0m [0m [0m [0m
[0m [38;2;0;0;0m▄[38;2;0;0;0m▄[38;2;0;0;0m▄[0m [0m [0m [0m [0m [38;2;0;0;0;48;2;0;0;0m▀[38;2;213;172;205;48;2;213;172;205m▀[38;2;0;0;0;48;2;0;0;0m▀[38;2;213;172;205;48;2;213;172;205m▀[38;2;189;148;180;48;2;189;148;180m▀[38;2;210;149;198;48;2;210;149;198m▀[38;2;210;149;198;48;2;210;149;198m▀[38;2;201;144;191;48;2;201;144;191m▀[38;2;215;159;206;48;2;215;159;206m▀[38;2;210;149;198;48;2;210;149;198m▀[38;2;210;149;198;48;2;210;149;198m▀[38;2;195;133;182;48;2;195;133;182m▀[38;2;195;133;182;48;2;195;133;182m▀[38;2;210;149;198;48;2;210;149;198m▀[38;2;195;133;182;48;2;195;133;182m▀[38;2;161;106;148;48;2;161;106;148m▀[38;2;189;148;180;48;2;189;148;180m▀[38;2;189;148;180;48;2;189;148;180m▀[38;2;189;148;180;48;2;189;148;180m▀[38;2;189;148;180;48;2;189;148;180m▀[38;2;189;148;180;48;2;189;148;180m▀[38;2;184;122;171;48;2;184;122;171m▀[38;2;215;159;206;48;2;215;159;206m▀[38;2;215;159;206;48;2;215;159;206m▀[38;2;201;144;191;48;2;201;144;191m▀[38;2;201;144;191;48;2;201;144;191m▀[38;2;195;133;182;48;2;195;133;182m▀[38;2;171;113;159;48;2;171;113;159m▀[38;2;198;112;147;48;2;198;112;147m▀[38;2;198;112;147;48;2;198;112;147m▀[38;2;198;112;147;48;2;198;112;147m▀[38;2;198;112;147;48;2;198;112;147m▀[38;2;210;149;198;48;2;210;149;198m▀[38;2;210;149;198;48;2;210;149;198m▀[38;2;157;102;146;48;2;157;102;146m▀[38;2;171;113;159;48;2;171;113;159m▀[38;2;146;94;134;48;2;146;94;134m▀[38;2;146;94;134;48;2;146;94;134m▀[38;2;189;148;180;48;2;189;148;180m▀[38;2;213;172;205;48;2;213;172;205m▀[38;2;189;148;180;48;2;189;148;180m▀[38;2;213;172;205;48;2;213;172;205m▀[38;2;213;172;205;48;2;213;172;205m▀[38;2;213;172;205;48;2;213;172;205m▀[38;2;0;0;0;48;2;0;0;0m▀[38;2;213;172;205;48;2;213;172;205m▀[38;2;0;0;0;48;2;0;0;0m▀[38;2;0;0;0;48;2;0;0;0m▀[38;2;213;172;205;48;2;213;172;205m▀[38;2;213;172;205;48;2;213;172;205m▀[38;2;213;172;205;48;2;213;172;205m▀[38;2;0;0;0;48;2;0;0;0m▀[0m [0m [0m [0m [0m [0m [0m
[38;2;0;0;0;48;2;213;172;205m▀[38;2;213;172;205;48;2;213;172;205m▀[38;2;213;172;205;48;2;213;172;205m▀[38;2;213;172;205;48;2;213;172;205m▀[38;2;0;0;0;48;2;213;172;205m▀[38;2;0;0;0m▄[0m [0m [38;2;0;0;0m▄[38;2;0;0;0m▄[38;2;0;0;0;48;2;0;0;0m▀[38;2;213;172;205;48;2;213;172;205m▀[38;2;213;172;205;48;2;189;148;180m▀[38;2;189;148;180;48;2;189;148;180m▀[38;2;210;149;198;48;2;210;149;198m▀[38;2;210;149;198;48;2;210;149;198m▀[38;2;215;159;206;48;2;215;159;206m▀[38;2;210;149;198;48;2;210;149;198m▀[38;2;210;149;198;48;2;210;149;198m▀[38;2;210;149;198;48;2;210;149;198m▀[38;2;210;149;198;48;2;210;149;198m▀[38;2;210;149;198;48;2;210;149;198m▀[38;2;210;149;198;48;2;210;149;198m▀[38;2;195;133;182;48;2;195;133;182m▀[38;2;181;121;168;48;2;181;121;168m▀[38;2;146;94;134;48;2;146;94;134m▀[38;2;213;172;205;48;2;189;148;180m▀[38;2;213;172;205;48;2;189;148;180m▀[38;2;157;102;146;48;2;157;102;146m▀[38;2;157;102;146;48;2;215;159;206m▀[38;2;215;159;206;48;2;215;159;206m▀[38;2;215;159;206;48;2;201;144;191m▀[38;2;201;144;191;48;2;171;113;159m▀[38;2;171;113;159;48;2;198;112;147m▀[38;2;171;113;159;48;2;198;112;147m▀[38;2;198;112;147;48;2;198;112;147m▀[38;2;198;112;147;48;2;212;129;169m▀[38;2;212;129;169;48;2;212;129;169m▀[38;2;212;129;169;48;2;210;117;148m▀[38;2;198;112;147;48;2;210;117;148m▀[38;2;198;112;147;48;2;210;117;148m▀[38;2;198;112;147;48;2;221;134;170m▀[38;2;210;149;198;48;2;195;133;182m▀[38;2;210;149;198;48;2;199;138;187m▀[38;2;181;121;168;48;2;146;94;134m▀[38;2;146;94;134;48;2;189;148;180m▀[38;2;146;94;134;48;2;189;148;180m▀[38;2;189;148;180;48;2;189;148;180m▀[38;2;189;148;180;48;2;213;172;205m▀[38;2;213;172;205;48;2;213;172;205m▀[38;2;213;172;205;48;2;213;172;205m▀[38;2;0;0;0;48;2;0;0;0m▀[38;2;0;0;0m▀[38;2;213;172;205;48;2;0;0;0m▀[38;2;0;0;0m▀[0m [38;2;0;0;0m▀[38;2;213;172;205;48;2;0;0;0m▀[38;2;213;172;205;48;2;0;0;0m▀[38;2;213;172;205;48;2;0;0;0m▀[38;2;0;0;0m▀[0m [0m [0m [0m [0m [0m [0m
[38;2;213;172;205;48;2;0;0;0m▀[38;2;213;172;205;48;2;213;172;205m▀[38;2;213;172;205;48;2;213;172;205m▀[38;2;213;172;205;48;2;213;172;205m▀[38;2;213;172;205;48;2;0;0;0m▀[38;2;0;0;0m▀[0m [38;2;0;0;0m▀[38;2;213;172;205;48;2;0;0;0m▀[38;2;213;172;205;48;2;0;0;0m▀[38;2;0;0;0;48;2;0;0;0m▀[38;2;189;148;180;48;2;213;172;205m▀[38;2;213;172;205;48;2;189;148;180m▀[38;2;195;133;182;48;2;195;133;182m▀[38;2;215;159;206;48;2;215;159;206m▀[38;2;215;159;206;48;2;215;159;206m▀[38;2;215;159;206;48;2;201;144;191m▀[38;2;210;149;198;48;2;210;149;198m▀[38;2;210;149;198;48;2;210;149;198m▀[38;2;210;149;198;48;2;210;149;198m▀[38;2;210;149;198;48;2;210;149;198m▀[38;2;210;149;198;48;2;210;149;198m▀[38;2;210;149;198;48;2;210;149;198m▀[38;2;181;121;168;48;2;181;121;168m▀[38;2;181;121;168;48;2;181;121;168m▀[38;2;161;106;148;48;2;171;113;159m▀[38;2;189;148;180;48;2;157;102;146m▀[38;2;189;148;180;48;2;157;102;146m▀[38;2;157;102;146;48;2;223;178;215m▀[38;2;215;159;206;48;2;201;144;191m▀[38;2;201;144;191;48;2;195;133;182m▀[38;2;171;113;159;48;2;198;112;147m▀[38;2;198;112;147;48;2;198;112;147m▀[38;2;198;112;147;48;2;212;129;169m▀[38;2;198;112;147;48;2;212;129;169m▀[38;2;212;129;169;48;2;221;134;170m▀[38;2;221;134;170;48;2;221;134;170m▀[38;2;221;134;170;48;2;228;152;183m▀[38;2;210;117;148;48;2;218;137;163m▀[38;2;228;152;183;48;2;228;152;183m▀[38;2;228;152;183;48;2;228;152;183m▀[38;2;221;134;170;48;2;221;134;170m▀[38;2;210;149;198;48;2;199;138;187m▀[38;2;182;123;170;48;2;146;94;134m▀[38;2;189;148;180;48;2;213;172;205m▀[38;2;213;172;205;48;2;189;148;180m▀[38;2;213;172;205;48;2;189;148;180m▀[38;2;189;148;180;48;2;213;172;205m▀[38;2;213;172;205;48;2;213;172;205m▀[38;2;213;172;205;48;2;0;0;0m▀[38;2;0;0;0;48;2;213;172;205m▀[38;2;0;0;0m▄[38;2;0;0;0m▀[38;2;213;172;205;48;2;0;0;0m▀[38;2;0;0;0m▀[0m [0m [0m [0m [0m [0m [0m [0m [0m [0m [0m [0m [0m
[0m [38;2;0;0;0m▀[38;2;0;0;0m▀[38;2;0;0;0m▀[0m [0m [0m [0m [38;2;0;0;0m▄[38;2;0;0;0;48;2;0;0;0m▀[38;2;213;172;205;48;2;213;172;205m▀[38;2;213;172;205;48;2;213;172;205m▀[38;2;189;148;180;48;2;189;148;180m▀[38;2;181;121;168;48;2;181;121;168m▀[38;2;215;159;206;48;2;215;159;206m▀[38;2;215;159;206;48;2;215;159;206m▀[38;2;195;133;182;48;2;195;133;182m▀[38;2;210;149;198;48;2;210;149;198m▀[38;2;210;149;198;48;2;210;149;198m▀[38;2;210;149;198;48;2;210;149;198m▀[38;2;210;149;198;48;2;210;149;198m▀[38;2;210;149;198;48;2;210;149;198m▀[38;2;199;138;187;48;2;199;138;187m▀[38;2;181;121;168;48;2;181;121;168m▀[38;2;181;121;168;48;2;181;121;168m▀[38;2;171;113;159;48;2;171;113;159m▀[38;2;211;165;202;48;2;211;165;202m▀[38;2;211;165;202;48;2;211;165;202m▀[38;2;223;178;215;48;2;223;178;215m▀[38;2;215;159;206;48;2;215;159;206m▀[38;2;171;113;159;48;2;171;113;159m▀[38;2;198;112;147;48;2;198;112;147m▀[38;2;212;129;169;48;2;212;129;169m▀[38;2;221;134;170;48;2;221;134;170m▀[38;2;221;134;170;48;2;221;134;170m▀[38;2;221;134;170;48;2;221;134;170m▀[38;2;228;152;183;48;2;228;152;183m▀[38;2;218;137;163;48;2;218;137;163m▀[38;2;228;152;183;48;2;228;152;183m▀[38;2;221;134;170;48;2;221;134;170m▀[38;2;221;134;170;48;2;221;134;170m▀[38;2;210;149;198;48;2;210;149;198m▀[38;2;182;123;170;48;2;182;123;170m▀[38;2;189;148;180;48;2;189;148;180m▀[38;2;189;148;180;48;2;189;148;180m▀[38;2;213;172;205;48;2;213;172;205m▀[38;2;213;172;205;48;2;213;172;205m▀[38;2;213;172;205;48;2;213;172;205m▀[38;2;213;172;205;48;2;213;172;205m▀[38;2;213;172;205;48;2;213;172;205m▀[38;2;0;0;0;48;2;0;0;0m▀[0m [0m [0m [0m [0m [0m [0m [0m [38;2;0;0;0m▄[38;2;0;0;0m▄[38;2;0;0;0m▄[38;2;0;0;0m▄[0m [0m [0m [0m [0m
[0m [0m [38;2;0;0;0m▄[38;2;0;0;0m▄[38;2;0;0;0;48;2;213;172;205m▀[38;2;0;0;0;48;2;213;172;205m▀[38;2;0;0;0;48;2;213;172;205m▀[38;2;0;0;0;48;2;0;0;0m▀[38;2;213;172;205;48;2;0;0;0m▀[38;2;213;172;205;48;2;0;0;0m▀[38;2;0;0;0;48;2;213;172;205m▀[38;2;213;172;205;48;2;213;172;205m▀[38;2;189;148;180;48;2;213;172;205m▀[38;2;181;121;168;48;2;189;148;180m▀[38;2;210;149;198;48;2;199;138;187m▀[38;2;210;149;198;48;2;199;138;187m▀[38;2;195;133;182;48;2;195;133;182m▀[38;2;210;149;198;48;2;195;133;182m▀[38;2;195;133;182;48;2;210;149;198m▀[38;2;210;149;198;48;2;195;133;182m▀[38;2;210;149;198;48;2;199;138;187m▀[38;2;210;149;198;48;2;199;138;187m▀[38;2;199;138;187;48;2;181;121;168m▀[38;2;181;121;168;48;2;181;121;168m▀[38;2;181;121;168;48;2;181;121;168m▀[38;2;181;121;168;48;2;181;121;168m▀[38;2;190;130;179;48;2;190;130;179m▀[38;2;190;130;179;48;2;190;130;179m▀[38;2;223;178;215;48;2;215;159;206m▀[38;2;201;144;191;48;2;195;133;182m▀[38;2;198;112;147;48;2;198;112;147m▀[38;2;198;112;147;48;2;212;129;169m▀[38;2;212;129;169;48;2;221;134;170m▀[38;2;221;134;170;48;2;210;117;148m▀[38;2;221;134;170;48;2;210;117;148m▀[38;2;228;152;183;48;2;228;152;183m▀[38;2;218;137;163;48;2;228;152;183m▀[38;2;228;152;183;48;2;228;152;183m▀[38;2;228;152;183;48;2;221;134;170m▀[38;2;221;134;170;48;2;210;149;198m▀[38;2;221;134;170;48;2;210;149;198m▀[38;2;199;138;187;48;2;146;94;134m▀[38;2;146;94;134;48;2;189;148;180m▀[38;2;189;148;180;48;2;213;172;205m▀[38;2;213;172;205;48;2;189;148;180m▀[38;2;213;172;205;48;2;213;172;205m▀[38;2;213;172;205;48;2;213;172;205m▀[38;2;213;172;205;48;2;0;0;0m▀[38;2;0;0;0m▀[38;2;0;0;0m▀[38;2;0;0;0m▄[38;2;0;0;0;48;2;213;172;205m▀[38;2;0;0;0;48;2;213;172;205m▀[38;2;0;0;0m▄[38;2;0;0;0;48;2;213;172;205m▀[38;2;0;0;0m▄[38;2;0;0;0m▄[38;2;0;0;0;48;2;213;172;205m▀[38;2;0;0;0;48;2;213;172;205m▀[38;2;213;172;205;48;2;213;172;205m▀[38;2;213;172;205;48;2;213;172;205m▀[38;2;213;172;205;48;2;213;172;205m▀[38;2;213;172;205;48;2;213;172;205m▀[38;2;0;0;0;48;2;213;172;205m▀[38;2;0;0;0;48;2;213;172;205m▀[38;2;0;0;0m▄[0m [0m
[0m [38;2;0;0;0;48;2;0;0;0m▀[38;2;213;172;205;48;2;213;172;205m▀[38;2;213;172;205;48;2;213;172;205m▀[38;2;213;172;205;48;2;213;172;205m▀[38;2;213;172;205;48;2;189;148;180m▀[38;2;213;172;205;48;2;189;148;180m▀[38;2;213;172;205;48;2;213;172;205m▀[38;2;0;0;0;48;2;0;0;0m▀[0m [38;2;0;0;0m▀[38;2;213;172;205;48;2;0;0;0m▀[38;2;189;148;180;48;2;213;172;205m▀[38;2;213;172;205;48;2;189;148;180m▀[38;2;199;138;187;48;2;213;172;205m▀[38;2;199;138;187;48;2;213;172;205m▀[38;2;195;133;182;48;2;181;121;168m▀[38;2;195;133;182;48;2;195;133;182m▀[38;2;210;149;198;48;2;181;121;168m▀[38;2;181;121;168;48;2;181;121;168m▀[38;2;181;121;168;48;2;45;32;46m▀[38;2;181;121;168;48;2;45;32;46m▀[38;2;181;121;168;48;2;45;32;46m▀[38;2;181;121;168;48;2;45;32;46m▀[38;2;181;121;168;48;2;45;32;46m▀[38;2;181;121;168;48;2;161;106;148m▀[38;2;190;130;179;48;2;215;159;206m▀[38;2;190;130;179;48;2;215;159;206m▀[38;2;215;159;206;48;2;201;144;191m▀[38;2;198;112;147;48;2;198;112;147m▀[38;2;198;112;147;48;2;198;112;147m▀[38;2;212;129;169;48;2;198;112;147m▀[38;2;210;117;148;48;2;210;117;148m▀[38;2;228;152;183;48;2;228;152;183m▀[38;2;228;152;183;48;2;228;152;183m▀[38;2;228;152;183;48;2;228;152;183m▀[38;2;228;152;183;48;2;228;152;183m▀[38;2;228;152;183;48;2;221;134;170m▀[38;2;221;134;170;48;2;210;149;198m▀[38;2;199;138;187;48;2;146;94;134m▀[38;2;199;138;187;48;2;146;94;134m▀[38;2;146;94;134;48;2;189;148;180m▀[38;2;189;148;180;48;2;189;148;180m▀[38;2;189;148;180;48;2;213;172;205m▀[38;2;213;172;205;48;2;0;0;0m▀[38;2;0;0;0;48;2;213;172;205m▀[38;2;0;0;0;48;2;213;172;205m▀[38;2;213;172;205;48;2;0;0;0m▀[38;2;0;0;0;48;2;0;0;0m▀[38;2;0;0;0;48;2;213;172;205m▀[38;2;213;172;205;48;2;213;172;205m▀[38;2;0;0;0;48;2;213;172;205m▀[38;2;0;0;0;48;2;213;172;205m▀[38;2;213;172;205;48;2;0;0;0m▀[38;2;0;0;0m▀[0m [38;2;0;0;0;48;2;0;0;0m▀[38;2;213;172;205;48;2;213;172;205m▀[38;2;213;172;205;48;2;213;172;205m▀[38;2;213;172;205;48;2;213;172;205m▀[38;2;213;172;205;48;2;189;148;180m▀[38;2;189;148;180;48;2;189;148;180m▀[38;2;189;148;180;48;2;189;148;180m▀[38;2;213;172;205;48;2;213;172;205m▀[38;2;213;172;205;48;2;213;172;205m▀[38;2;0;0;0;48;2;0;0;0m▀[0m [0m
[0m [38;2;0;0;0;48;2;0;0;0m▀[38;2;213;172;205;48;2;213;172;205m▀[38;2;213;172;205;48;2;213;172;205m▀[38;2;213;172;205;48;2;213;172;205m▀[38;2;189;148;180;48;2;189;148;180m▀[38;2;189;148;180;48;2;189;148;180m▀[38;2;213;172;205;48;2;213;172;205m▀[38;2;0;0;0;48;2;0;0;0m▀[0m [0m [38;2;0;0;0;48;2;0;0;0m▀[38;2;213;172;205;48;2;213;172;205m▀[38;2;213;172;205;48;2;213;172;205m▀[38;2;189;148;180;48;2;189;148;180m▀[38;2;189;148;180;48;2;189;148;180m▀[38;2;171;113;159;48;2;171;113;159m▀[38;2;181;121;168;48;2;181;121;168m▀[38;2;45;32;46;48;2;45;32;46m▀[38;2;45;32;46;48;2;45;32;46m▀[38;2;139;98;131;48;2;139;98;131m▀[38;2;139;98;131;48;2;139;98;131m▀[38;2;139;98;131;48;2;139;98;131m▀[38;2;139;98;131;48;2;139;98;131m▀[38;2;139;98;131;48;2;139;98;131m▀[38;2;161;106;148;48;2;161;106;148m▀[38;2;215;159;206;48;2;215;159;206m▀[38;2;215;159;206;48;2;215;159;206m▀[38;2;195;133;182;48;2;195;133;182m▀[38;2;198;112;147;48;2;198;112;147m▀[38;2;198;112;147;48;2;198;112;147m▀[38;2;210;149;198;48;2;210;149;198m▀[38;2;171;113;159;48;2;171;113;159m▀[38;2;198;112;147;48;2;198;112;147m▀[38;2;198;112;147;48;2;198;112;147m▀[38;2;218;137;163;48;2;218;137;163m▀[38;2;221;134;170;48;2;221;134;170m▀[38;2;210;149;198;48;2;210;149;198m▀[38;2;169;110;156;48;2;169;110;156m▀[38;2;146;94;134;48;2;146;94;134m▀[38;2;146;94;134;48;2;146;94;134m▀[38;2;189;148;180;48;2;189;148;180m▀[38;2;213;172;205;48;2;213;172;205m▀[38;2;213;172;205;48;2;213;172;205m▀[38;2;213;172;205;48;2;213;172;205m▀[38;2;213;172;205;48;2;213;172;205m▀[38;2;213;172;205;48;2;213;172;205m▀[38;2;213;172;205;48;2;213;172;205m▀[38;2;189;148;180;48;2;189;148;180m▀[38;2;213;172;205;48;2;213;172;205m▀[38;2;213;172;205;48;2;213;172;205m▀[38;2;0;0;0;48;2;0;0;0m▀[38;2;0;0;0;48;2;0;0;0m▀[0m [0m [0m [38;2;0;0;0;48;2;0;0;0m▀[38;2;213;172;205;48;2;213;172;205m▀[38;2;213;172;205;48;2;213;172;205m▀[38;2;213;172;205;48;2;213;172;205m▀[38;2;189;148;180;48;2;189;148;180m▀[38;2;189;148;180;48;2;189;148;180m▀[38;2;213;172;205;48;2;213;172;205m▀[38;2;213;172;205;48;2;213;172;205m▀[38;2;213;172;205;48;2;213;172;205m▀[38;2;0;0;0;48;2;0;0;0m▀[0m [0m
[0m [38;2;0;0;0m▀[38;2;213;172;205;48;2;0;0;0m▀[38;2;213;172;205;48;2;0;0;0m▀[38;2;213;172;205;48;2;213;172;205m▀[38;2;213;172;205;48;2;213;172;205m▀[38;2;213;172;205;48;2;213;172;205m▀[38;2;213;172;205;48;2;0;0;0m▀[38;2;0;0;0m▀[0m [38;2;0;0;0m▀[38;2;213;172;205;48;2;0;0;0m▀[38;2;0;0;0;48;2;213;172;205m▀[38;2;213;172;205;48;2;0;0;0m▀[38;2;213;172;205;48;2;213;172;205m▀[38;2;213;172;205;48;2;213;172;205m▀[38;2;189;148;180;48;2;45;32;46m▀[38;2;45;32;46;48;2;189;148;180m▀[38;2;189;148;180;48;2;189;148;180m▀[38;2;189;148;180;48;2;189;148;180m▀[38;2;189;148;180;48;2;189;148;180m▀[38;2;189;148;180;48;2;189;148;180m▀[38;2;189;148;180;48;2;189;148;180m▀[38;2;139;98;131;48;2;189;148;180m▀[38;2;139;98;131;48;2;139;98;131m▀[38;2;112;74;106;48;2;75;49;69m▀[38;2;215;159;206;48;2;139;98;131m▀[38;2;215;159;206;48;2;139;98;131m▀[38;2;210;149;198;48;2;156;103;145m▀[38;2;210;149;198;48;2;195;133;182m▀[38;2;210;149;198;48;2;195;133;182m▀[38;2;195;133;182;48;2;171;113;159m▀[38;2;171;113;159;48;2;198;112;147m▀[38;2;198;112;147;48;2;210;149;198m▀[38;2;198;112;147;48;2;210;149;198m▀[38;2;221;134;170;48;2;210;149;198m▀[38;2;210;149;198;48;2;199;138;187m▀[38;2;169;110;156;48;2;146;94;134m▀[38;2;146;94;134;48;2;189;148;180m▀[38;2;189;148;180;48;2;189;148;180m▀[38;2;189;148;180;48;2;189;148;180m▀[38;2;189;148;180;48;2;189;148;180m▀[38;2;213;172;205;48;2;189;148;180m▀[38;2;189;148;180;48;2;16;16;16m▀[38;2;189;148;180;48;2;45;32;46m▀[38;2;189;148;180;48;2;45;32;46m▀[38;2;189;148;180;48;2;45;32;46m▀[38;2;189;148;180;48;2;45;32;46m▀[38;2;213;172;205;48;2;189;148;180m▀[38;2;189;148;180;48;2;0;0;0m▀[38;2;0;0;0;48;2;213;172;205m▀[38;2;213;172;205;48;2;0;0;0m▀[38;2;213;172;205;48;2;0;0;0m▀[38;2;0;0;0;48;2;213;172;205m▀[38;2;0;0;0m▄[0m [0m [38;2;0;0;0m▀[38;2;0;0;0m▀[38;2;213;172;205;48;2;0;0;0m▀[38;2;213;172;205;48;2;0;0;0m▀[38;2;213;172;205;48;2;0;0;0m▀[38;2;213;172;205;48;2;0;0;0m▀[38;2;0;0;0m▀[38;2;0;0;0m▀[0m [0m [0m
[0m [0m [0m [0m [38;2;0;0;0m▀[38;2;0;0;0m▀[38;2;0;0;0m▀[0m [0m [0m [38;2;0;0;0m▄[38;2;0;0;0;48;2;45;32;46m▀[38;2;115;74;106;48;2;189;148;180m▀[38;2;115;74;106;48;2;189;148;180m▀[38;2;45;32;46;48;2;189;148;180m▀[38;2;45;32;46;48;2;189;148;180m▀[38;2;45;32;46;48;2;189;148;180m▀[38;2;45;32;46;48;2;189;148;180m▀[38;2;189;148;180;48;2;139;98;131m▀[38;2;189;148;180;48;2;139;98;131m▀[38;2;189;148;180;48;2;139;98;131m▀[38;2;189;148;180;48;2;139;98;131m▀[38;2;189;148;180;48;2;139;98;131m▀[38;2;139;98;131;48;2;139;98;131m▀[38;2;139;98;131;48;2;139;98;131m▀[38;2;139;98;131;48;2;16;16;16m▀[38;2;139;98;131;48;2;16;16;16m▀[38;2;139;98;131;48;2;16;16;16m▀[38;2;115;74;106;48;2;139;98;131m▀[38;2;195;133;182;48;2;115;74;106m▀[38;2;195;133;182;48;2;171;113;159m▀[38;2;171;113;159;48;2;195;133;182m▀[38;2;212;129;169;48;2;181;121;168m▀[38;2;210;149;198;48;2;171;113;159m▀[38;2;210;149;198;48;2;171;113;159m▀[38;2;199;138;187;48;2;161;106;148m▀[38;2;161;106;148;48;2;189;148;180m▀[38;2;189;148;180;48;2;189;148;180m▀[38;2;189;148;180;48;2;189;148;180m▀[38;2;189;148;180;48;2;45;32;46m▀[38;2;189;148;180;48;2;45;32;46m▀[38;2;16;16;16;48;2;115;74;106m▀[38;2;45;32;46;48;2;115;74;106m▀[38;2;115;74;106;48;2;115;74;106m▀[38;2;115;74;106;48;2;75;49;69m▀[38;2;75;49;69;48;2;16;16;16m▀[38;2;75;49;69;48;2;16;16;16m▀[38;2;45;32;46;48;2;189;148;180m▀[38;2;189;148;180;48;2;213;172;205m▀[38;2;213;172;205;48;2;213;172;205m▀[38;2;213;172;205;48;2;0;0;0m▀[38;2;0;0;0;48;2;213;172;205m▀[38;2;0;0;0;48;2;213;172;205m▀[38;2;213;172;205;48;2;0;0;0m▀[38;2;0;0;0;48;2;0;0;0m▀[38;2;0;0;0;48;2;213;172;205m▀[38;2;0;0;0m▄[38;2;0;0;0m▄[38;2;0;0;0m▄[38;2;0;0;0m▄[0m [0m [0m [0m [0m [38;2;0;0;0m▄[0m [0m
[0m [0m [0m [0m [0m [0m [0m [0m [0m [0m [0m [38;2;0;0;0m▀[38;2;45;32;46;48;2;0;0;0m▀[38;2;75;49;69;48;2;16;16;16m▀[38;2;189;148;180;48;2;115;74;106m▀[38;2;189;148;180;48;2;115;74;106m▀[38;2;189;148;180;48;2;115;74;106m▀[38;2;189;148;180;48;2;139;98;131m▀[38;2;139;98;131;48;2;139;98;131m▀[38;2;139;98;131;48;2;139;98;131m▀[38;2;139;98;131;48;2;139;98;131m▀[38;2;139;98;131;48;2;139;98;131m▀[38;2;139;98;131;48;2;139;98;131m▀[38;2;139;98;131;48;2;16;16;16m▀[38;2;16;16;16;48;2;255;255;255m▀[38;2;255;255;255;48;2;255;255;255m▀[38;2;255;255;255;48;2;255;255;255m▀[38;2;255;255;255;48;2;255;255;255m▀[38;2;16;16;16;48;2;222;222;222m▀[38;2;115;74;106;48;2;16;16;16m▀[38;2;45;32;46;48;2;115;74;106m▀[38;2;75;49;69;48;2;75;49;69m▀[38;2;171;113;159;48;2;45;32;46m▀[38;2;161;106;148;48;2;75;49;69m▀[38;2;161;106;148;48;2;75;49;69m▀[38;2;45;32;46;48;2;75;49;69m▀[38;2;16;16;16;48;2;75;49;69m▀[38;2;16;16;16;48;2;75;49;69m▀[38;2;115;74;106;48;2;115;74;106m▀[38;2;115;74;106;48;2;115;74;106m▀[38;2;115;74;106;48;2;115;74;106m▀[38;2;115;74;106;48;2;75;49;69m▀[38;2;115;74;106;48;2;16;16;16m▀[38;2;75;49;69;48;2;16;16;16m▀[38;2;16;16;16;48;2;189;148;180m▀[38;2;189;148;180;48;2;189;148;180m▀[38;2;189;148;180;48;2;189;148;180m▀[38;2;213;172;205;48;2;189;148;180m▀[38;2;189;148;180;48;2;213;172;205m▀[38;2;213;172;205;48;2;213;172;205m▀[38;2;0;0;0;48;2;213;172;205m▀[38;2;0;0;0;48;2;0;0;0m▀[38;2;0;0;0;48;2;0;0;0m▀[38;2;0;0;0;48;2;213;172;205m▀[38;2;0;0;0m▄[38;2;0;0;0;48;2;0;0;0m▀[38;2;0;0;0;48;2;213;172;205m▀[38;2;213;172;205;48;2;189;148;180m▀[38;2;213;172;205;48;2;189;148;180m▀[38;2;213;172;205;48;2;189;148;180m▀[38;2;0;0;0;48;2;213;172;205m▀[38;2;0;0;0m▄[38;2;0;0;0m▄[38;2;0;0;0;48;2;213;172;205m▀[38;2;0;0;0;48;2;213;172;205m▀[38;2;213;172;205;48;2;213;172;205m▀[38;2;0;0;0;48;2;213;172;205m▀[0m
[0m [0m [0m [0m [0m [0m [0m [0m [0m [0m [0m [0m [38;2;0;0;0m▀[38;2;16;16;16;48;2;0;0;0m▀[38;2;115;74;106;48;2;16;16;16m▀[38;2;115;74;106;48;2;16;16;16m▀[38;2;115;74;106;48;2;75;49;69m▀[38;2;139;98;131;48;2;115;74;106m▀[38;2;139;98;131;48;2;115;74;106m▀[38;2;139;98;131;48;2;139;98;131m▀[38;2;139;98;131;48;2;139;98;131m▀[38;2;139;98;131;48;2;139;98;131m▀[38;2;139;98;131;48;2;180;41;16m▀[38;2;16;16;16;48;2;16;16;16m▀[38;2;255;255;255;48;2;255;255;255m▀[38;2;255;255;255;48;2;255;255;255m▀[38;2;255;255;255;48;2;255;255;255m▀[38;2;255;255;255;48;2;255;255;255m▀[38;2;222;222;222;48;2;222;222;222m▀[38;2;16;16;16;48;2;16;16;16m▀[38;2;115;74;106;48;2;115;74;106m▀[38;2;75;49;69;48;2;75;49;69m▀[38;2;45;32;46;48;2;16;16;16m▀[38;2;75;49;69;48;2;75;49;69m▀[38;2;75;49;69;48;2;75;49;69m▀[38;2;75;49;69;48;2;75;49;69m▀[38;2;75;49;69;48;2;75;49;69m▀[38;2;75;49;69;48;2;115;74;106m▀[38;2;115;74;106;48;2;75;49;69m▀[38;2;115;74;106;48;2;16;16;16m▀[38;2;115;74;106;48;2;16;16;16m▀[38;2;75;49;69;48;2;16;16;16m▀[38;2;16;16;16;48;2;75;49;69m▀[38;2;16;16;16;48;2;16;16;16m▀[38;2;189;148;180;48;2;45;32;46m▀[38;2;189;148;180;48;2;45;32;46m▀[38;2;189;148;180;48;2;45;32;46m▀[38;2;189;148;180;48;2;45;32;46m▀[38;2;213;172;205;48;2;189;148;180m▀[38;2;213;172;205;48;2;189;148;180m▀[38;2;213;172;205;48;2;0;0;0m▀[38;2;0;0;0;48;2;213;172;205m▀[38;2;0;0;0;48;2;213;172;205m▀[38;2;213;172;205;48;2;0;0;0m▀[38;2;0;0;0m▀[38;2;0;0;0;48;2;0;0;0m▀[38;2;213;172;205;48;2;213;172;205m▀[38;2;189;148;180;48;2;189;148;180m▀[38;2;189;148;180;48;2;189;148;180m▀[38;2;189;148;180;48;2;189;148;180m▀[38;2;213;172;205;48;2;213;172;205m▀[38;2;0;0;0;48;2;0;0;0m▀[38;2;0;0;0m▀[38;2;213;172;205;48;2;0;0;0m▀[38;2;213;172;205;48;2;0;0;0m▀[38;2;213;172;205;48;2;213;172;205m▀[38;2;213;172;205;48;2;0;0;0m▀[0m
[0m [0m [0m [0m [0m [0m [0m [38;2;0;0;0m▄[38;2;0;0;0;48;2;213;172;205m▀[38;2;0;0;0;48;2;213;172;205m▀[38;2;0;0;0;48;2;213;172;205m▀[38;2;0;0;0m▄[0m [38;2;0;0;0;48;2;0;0;0m▀[38;2;16;16;16;48;2;16;16;16m▀[38;2;16;16;16;48;2;16;16;16m▀[38;2;16;16;16;48;2;139;98;131m▀[38;2;75;49;69;48;2;16;16;16m▀[38;2;115;74;106;48;2;45;32;46m▀[38;2;115;74;106;48;2;45;32;46m▀[38;2;180;41;16;48;2;180;41;16m▀[38;2;180;41;16;48;2;180;41;16m▀[38;2;16;16;16;48;2;16;16;16m▀[38;2;255;255;255;48;2;255;255;255m▀[38;2;255;255;255;48;2;115;74;106m▀[38;2;255;255;255;48;2;222;222;222m▀[38;2;222;222;222;48;2;222;222;222m▀[38;2;222;222;222;48;2;222;222;222m▀[38;2;222;222;222;48;2;213;172;205m▀[38;2;16;16;16;48;2;180;41;16m▀[38;2;115;74;106;48;2;115;74;106m▀[38;2;75;49;69;48;2;75;49;69m▀[38;2;16;16;16;48;2;16;16;16m▀[38;2;75;49;69;48;2;75;49;69m▀[38;2;75;49;69;48;2;75;49;69m▀[38;2;75;49;69;48;2;115;74;106m▀[38;2;115;74;106;48;2;115;74;106m▀[38;2;115;74;106;48;2;115;74;106m▀[38;2;16;16;16;48;2;115;74;106m▀[38;2;115;74;106;48;2;115;74;106m▀[38;2;115;74;106;48;2;115;74;106m▀[38;2;115;74;106;48;2;75;49;69m▀[38;2;75;49;69;48;2;45;32;46m▀[38;2;16;16;16;48;2;75;49;69m▀[38;2;75;49;69;48;2;75;49;69m▀[38;2;75;49;69;48;2;75;49;69m▀[38;2;75;49;69;48;2;75;49;69m▀[38;2;75;49;69;48;2;16;16;16m▀[38;2;45;32;46;48;2;189;148;180m▀[38;2;189;148;180;48;2;213;172;205m▀[38;2;213;172;205;48;2;189;148;180m▀[38;2;213;172;205;48;2;0;0;0m▀[38;2;213;172;205;48;2;0;0;0m▀[38;2;0;0;0;48;2;213;172;205m▀[38;2;0;0;0m▄[38;2;0;0;0;48;2;213;172;205m▀[38;2;0;0;0;48;2;0;0;0m▀[38;2;213;172;205;48;2;213;172;205m▀[38;2;213;172;205;48;2;213;172;205m▀[38;2;213;172;205;48;2;0;0;0m▀[38;2;0;0;0m▀[0m [0m [0m [0m [38;2;0;0;0m▀[0m [0m
[0m [0m [0m [0m [0m [0m [38;2;0;0;0;48;2;0;0;0m▀[38;2;213;172;205;48;2;213;172;205m▀[38;2;213;172;205;48;2;213;172;205m▀[38;2;213;172;205;48;2;213;172;205m▀[38;2;213;172;205;48;2;213;172;205m▀[38;2;213;172;205;48;2;213;172;205m▀[38;2;0;0;0;48;2;0;0;0m▀[38;2;0;0;0;48;2;0;0;0m▀[38;2;16;16;16;48;2;16;16;16m▀[38;2;16;16;16;48;2;16;16;16m▀[38;2;139;98;131;48;2;139;98;131m▀[38;2;115;74;106;48;2;139;98;131m▀[38;2;75;49;69;48;2;115;74;106m▀[38;2;45;32;46;48;2;139;98;131m▀[38;2;139;98;131;48;2;139;98;131m▀[38;2;139;98;131;48;2;139;98;131m▀[38;2;16;16;16;48;2;16;16;16m▀[38;2;255;255;255;48;2;222;222;222m▀[38;2;57;41;57;48;2;222;222;222m▀[38;2;222;222;222;48;2;213;172;205m▀[38;2;213;172;205;48;2;115;74;106m▀[38;2;213;172;205;48;2;115;74;106m▀[38;2;180;41;16;48;2;115;74;106m▀[38;2;115;74;106;48;2;75;49;69m▀[38;2;75;49;69;48;2;75;49;69m▀[38;2;75;49;69;48;2;45;32;46m▀[38;2;45;32;46;48;2;115;74;106m▀[38;2;115;74;106;48;2;115;74;106m▀[38;2;115;74;106;48;2;115;74;106m▀[38;2;115;74;106;48;2;115;74;106m▀[38;2;115;74;106;48;2;115;74;106m▀[38;2;115;74;106;48;2;115;74;106m▀[38;2;115;74;106;48;2;115;74;106m▀[38;2;115;74;106;48;2;45;32;46m▀[38;2;115;74;106;48;2;45;32;46m▀[38;2;75;49;69;48;2;45;32;46m▀[38;2;45;32;46;48;2;115;74;106m▀[38;2;45;32;46;48;2;115;74;106m▀[38;2;45;32;46;48;2;75;49;69m▀[38;2;16;16;16;48;2;16;16;16m▀[38;2;16;16;16;48;2;16;16;16m▀[38;2;189;148;180;48;2;189;148;180m▀[38;2;213;172;205;48;2;189;148;180m▀[38;2;189;148;180;48;2;213;172;205m▀[38;2;213;172;205;48;2;213;172;205m▀[38;2;213;172;205;48;2;0;0;0m▀[38;2;213;172;205;48;2;0;0;0m▀[38;2;0;0;0;48;2;213;172;205m▀[38;2;213;172;205;48;2;213;172;205m▀[38;2;0;0;0;48;2;213;172;205m▀[38;2;213;172;205;48;2;0;0;0m▀[38;2;0;0;0m▀[38;2;0;0;0m▀[0m [0m [0m [0m [0m [0m [0m [0m [0m
[0m [0m [0m [0m [0m [0m [38;2;0;0;0m▀[38;2;213;172;205;48;2;0;0;0m▀[38;2;213;172;205;48;2;213;172;205m▀[38;2;213;172;205;48;2;213;172;205m▀[38;2;213;172;205;48;2;213;172;205m▀[38;2;213;172;205;48;2;0;0;0m▀[38;2;0;0;0m▀[38;2;0;0;0m▀[38;2;16;16;16;48;2;0;0;0m▀[38;2;16;16;16;48;2;0;0;0m▀[38;2;139;98;131;48;2;16;16;16m▀[38;2;139;98;131;48;2;139;98;131m▀[38;2;115;74;106;48;2;139;98;131m▀[38;2;139;98;131;48;2;139;98;131m▀[38;2;139;98;131;48;2;139;98;131m▀[38;2;139;98;131;48;2;139;98;131m▀[38;2;16;16;16;48;2;115;74;106m▀[38;2;222;222;222;48;2;115;74;106m▀[38;2;222;222;222;48;2;115;74;106m▀[38;2;213;172;205;48;2;115;74;106m▀[38;2;115;74;106;48;2;115;74;106m▀[38;2;115;74;106;48;2;115;74;106m▀[38;2;115;74;106;48;2;75;49;69m▀[38;2;75;49;69;48;2;75;49;69m▀[38;2;75;49;69;48;2;45;32;46m▀[38;2;45;32;46;48;2;115;74;106m▀[38;2;115;74;106;48;2;115;74;106m▀[38;2;115;74;106;48;2;115;74;106m▀[38;2;115;74;106;48;2;115;74;106m▀[38;2;115;74;106;48;2;45;32;46m▀[38;2;115;74;106;48;2;115;74;106m▀[38;2;115;74;106;48;2;115;74;106m▀[38;2;115;74;106;48;2;115;74;106m▀[38;2;45;32;46;48;2;45;32;46m▀[38;2;45;32;46;48;2;45;32;46m▀[38;2;45;32;46;48;2;45;32;46m▀[38;2;115;74;106;48;2;45;32;46m▀[38;2;115;74;106;48;2;115;74;106m▀[38;2;75;49;69;48;2;16;16;16m▀[38;2;16;16;16;48;2;75;49;69m▀[38;2;16;16;16;48;2;75;49;69m▀[38;2;189;148;180;48;2;45;32;46m▀[38;2;189;148;180;48;2;45;32;46m▀[38;2;213;172;205;48;2;189;148;180m▀[38;2;213;172;205;48;2;189;148;180m▀[38;2;0;0;0;48;2;213;172;205m▀[38;2;0;0;0;48;2;213;172;205m▀[38;2;213;172;205;48;2;189;148;180m▀[38;2;213;172;205;48;2;213;172;205m▀[38;2;213;172;205;48;2;0;0;0m▀[38;2;0;0;0m▀[0m [0m [38;2;0;0;0m▄[38;2;0;0;0m▄[0m [0m [0m [0m [0m [0m [0m
[0m [0m [0m [0m [0m [0m [0m [0m [38;2;0;0;0m▀[38;2;0;0;0m▀[38;2;0;0;0m▀[0m [0m [0m [0m [38;2;0;0;0m▀[38;2;16;16;16;48;2;0;0;0m▀[38;2;139;98;131;48;2;16;16;16m▀[38;2;139;98;131;48;2;115;74;106m▀[38;2;115;74;106;48;2;115;74;106m▀[38;2;45;32;46;48;2;115;74;106m▀[38;2;45;32;46;48;2;115;74;106m▀[38;2;115;74;106;48;2;115;74;106m▀[38;2;115;74;106;48;2;115;74;106m▀[38;2;115;74;106;48;2;75;49;69m▀[38;2;115;74;106;48;2;16;16;16m▀[38;2;16;16;16;48;2;255;255;255m▀[38;2;16;16;16;48;2;255;255;255m▀[38;2;16;16;16;48;2;222;222;222m▀[38;2;16;16;16;48;2;16;16;16m▀[38;2;75;49;69;48;2;115;74;106m▀[38;2;115;74;106;48;2;115;74;106m▀[38;2;115;74;106;48;2;115;74;106m▀[38;2;115;74;106;48;2;115;74;106m▀[38;2;115;74;106;48;2;115;74;106m▀[38;2;45;32;46;48;2;45;32;46m▀[38;2;45;32;46;48;2;45;32;46m▀[38;2;115;74;106;48;2;115;74;106m▀[38;2;115;74;106;48;2;115;74;106m▀[38;2;45;32;46;48;2;115;74;106m▀[38;2;45;32;46;48;2;115;74;106m▀[38;2;45;32;46;48;2;45;32;46m▀[38;2;45;32;46;48;2;45;32;46m▀[38;2;115;74;106;48;2;115;74;106m▀[38;2;75;49;69;48;2;16;16;16m▀[38;2;16;16;16;48;2;75;49;69m▀[38;2;16;16;16;48;2;75;49;69m▀[38;2;75;49;69;48;2;75;49;69m▀[38;2;75;49;69;48;2;16;16;16m▀[38;2;45;32;46;48;2;189;148;180m▀[38;2;189;148;180;48;2;213;172;205m▀[38;2;189;148;180;48;2;213;172;205m▀[38;2;189;148;180;48;2;213;172;205m▀[38;2;213;172;205;48;2;0;0;0m▀[38;2;0;0;0;48;2;213;172;205m▀[38;2;213;172;205;48;2;0;0;0m▀[38;2;0;0;0m▀[0m [38;2;0;0;0;48;2;0;0;0m▀[38;2;213;172;205;48;2;213;172;205m▀[38;2;213;172;205;48;2;213;172;205m▀[38;2;0;0;0;48;2;0;0;0m▀[0m [0m [0m [0m [0m [0m
[0m [0m [0m [0m [0m [0m [0m [0m [0m [0m [0m [0m [0m [38;2;0;0;0m▄[38;2;0;0;0;48;2;213;172;205m▀[38;2;0;0;0;48;2;213;172;205m▀[38;2;0;0;0m▄[38;2;0;0;0m▀[38;2;16;16;16;48;2;0;0;0m▀[38;2;16;16;16;48;2;0;0;0m▀[38;2;16;16;16;48;2;16;16;16m▀[38;2;16;16;16;48;2;16;16;16m▀[38;2;16;16;16;48;2;75;49;69m▀[38;2;16;16;16;48;2;75;49;69m▀[38;2;16;16;16;48;2;75;49;69m▀[38;2;75;49;69;48;2;75;49;69m▀[38;2;16;16;16;48;2;75;49;69m▀[38;2;16;16;16;48;2;75;49;69m▀[38;2;222;222;222;48;2;16;16;16m▀[38;2;16;16;16;48;2;75;49;69m▀[38;2;115;74;106;48;2;115;74;106m▀[38;2;115;74;106;48;2;115;74;106m▀[38;2;115;74;106;48;2;115;74;106m▀[38;2;115;74;106;48;2;115;74;106m▀[38;2;115;74;106;48;2;115;74;106m▀[38;2;115;74;106;48;2;115;74;106m▀[38;2;115;74;106;48;2;115;74;106m▀[38;2;115;74;106;48;2;115;74;106m▀[38;2;115;74;106;48;2;45;32;46m▀[38;2;115;74;106;48;2;115;74;106m▀[38;2;115;74;106;48;2;115;74;106m▀[38;2;115;74;106;48;2;115;74;106m▀[38;2;115;74;106;48;2;115;74;106m▀[38;2;115;74;106;48;2;115;74;106m▀[38;2;16;16;16;48;2;75;49;69m▀[38;2;75;49;69;48;2;16;16;16m▀[38;2;75;49;69;48;2;16;16;16m▀[38;2;16;16;16;48;2;189;148;180m▀[38;2;189;148;180;48;2;189;148;180m▀[38;2;213;172;205;48;2;189;148;180m▀[38;2;189;148;180;48;2;213;172;205m▀[38;2;0;0;0;48;2;213;172;205m▀[38;2;0;0;0;48;2;213;172;205m▀[38;2;0;0;0m▄[38;2;0;0;0;48;2;0;0;0m▀[38;2;0;0;0;48;2;213;172;205m▀[38;2;0;0;0m▄[0m [0m [38;2;0;0;0m▀[38;2;0;0;0m▀[0m [0m [0m [0m [0m [0m [0m
[0m [0m [0m [0m [0m [0m [0m [0m [0m [0m [0m [0m [38;2;0;0;0m▄[38;2;0;0;0;48;2;213;172;205m▀[38;2;213;172;205;48;2;213;172;205m▀[38;2;213;172;205;48;2;213;172;205m▀[38;2;0;0;0;48;2;213;172;205m▀[38;2;0;0;0m▄[38;2;0;0;0m▄[38;2;0;0;0;48;2;16;16;16m▀[38;2;16;16;16;48;2;75;49;69m▀[38;2;16;16;16;48;2;75;49;69m▀[38;2;75;49;69;48;2;115;74;106m▀[38;2;75;49;69;48;2;115;74;106m▀[38;2;75;49;69;48;2;75;49;69m▀[38;2;75;49;69;48;2;75;49;69m▀[38;2;75;49;69;48;2;75;49;69m▀[38;2;75;49;69;48;2;75;49;69m▀[38;2;16;16;16;48;2;75;49;69m▀[38;2;75;49;69;48;2;75;49;69m▀[38;2;115;74;106;48;2;115;74;106m▀[38;2;115;74;106;48;2;115;74;106m▀[38;2;115;74;106;48;2;115;74;106m▀[38;2;115;74;106;48;2;115;74;106m▀[38;2;115;74;106;48;2;115;74;106m▀[38;2;115;74;106;48;2;139;98;131m▀[38;2;115;74;106;48;2;139;98;131m▀[38;2;115;74;106;48;2;45;32;46m▀[38;2;45;32;46;48;2;75;49;69m▀[38;2;115;74;106;48;2;115;74;106m▀[38;2;115;74;106;48;2;115;74;106m▀[38;2;115;74;106;48;2;115;74;106m▀[38;2;115;74;106;48;2;115;74;106m▀[38;2;115;74;106;48;2;115;74;106m▀[38;2;75;49;69;48;2;75;49;69m▀[38;2;16;16;16;48;2;16;16;16m▀[38;2;16;16;16;48;2;16;16;16m▀[38;2;189;148;180;48;2;189;148;180m▀[38;2;189;148;180;48;2;189;148;180m▀[38;2;189;148;180;48;2;213;172;205m▀[38;2;213;172;205;48;2;0;0;0m▀[38;2;213;172;205;48;2;0;0;0m▀[38;2;213;172;205;48;2;0;0;0m▀[38;2;0;0;0;48;2;213;172;205m▀[38;2;0;0;0;48;2;0;0;0m▀[38;2;213;172;205;48;2;0;0;0m▀[38;2;0;0;0m▀[0m [0m [0m [0m [0m [0m [0m [0m [0m [0m [0m
[0m [0m [0m [0m [0m [0m [0m [0m [0m [0m [0m [0m [0m [38;2;0;0;0m▀[38;2;213;172;205;48;2;0;0;0m▀[38;2;213;172;205;48;2;0;0;0m▀[38;2;0;0;0m▀[0m [38;2;0;0;0;48;2;0;0;0m▀[38;2;16;16;16;48;2;16;16;16m▀[38;2;75;49;69;48;2;115;74;106m▀[38;2;75;49;69;48;2;115;74;106m▀[38;2;115;74;106;48;2;115;74;106m▀[38;2;115;74;106;48;2;115;74;106m▀[38;2;115;74;106;48;2;115;74;106m▀[38;2;75;49;69;48;2;16;16;16m▀[38;2;16;16;16;48;2;0;0;0m▀[38;2;16;16;16;48;2;0;0;0m▀[38;2;16;16;16;48;2;0;0;0m▀[38;2;75;49;69;48;2;16;16;16m▀[38;2;45;32;46;48;2;45;32;46m▀[38;2;115;74;106;48;2;115;74;106m▀[38;2;115;74;106;48;2;115;74;106m▀[38;2;139;98;131;48;2;139;98;131m▀[38;2;139;98;131;48;2;139;98;131m▀[38;2;139;98;131;48;2;139;98;131m▀[38;2;139;98;131;48;2;139;98;131m▀[38;2;45;32;46;48;2;16;16;16m▀[38;2;75;49;69;48;2;75;49;69m▀[38;2;115;74;106;48;2;115;74;106m▀[38;2;115;74;106;48;2;115;74;106m▀[38;2;115;74;106;48;2;115;74;106m▀[38;2;115;74;106;48;2;115;74;106m▀[38;2;115;74;106;48;2;75;49;69m▀[38;2;75;49;69;48;2;16;16;16m▀[38;2;16;16;16;48;2;0;0;0m▀[38;2;16;16;16;48;2;0;0;0m▀[38;2;213;172;205;48;2;0;0;0m▀[38;2;213;172;205;48;2;0;0;0m▀[38;2;0;0;0;48;2;213;172;205m▀[38;2;213;172;205;48;2;0;0;0m▀[38;2;0;0;0m▀[0m [38;2;0;0;0m▀[0m [0m [0m [0m [0m [0m [0m [0m [0m [0m [0m [0m [0m [0m
[0m [0m [0m [0m [0m [0m [0m [0m [0m [0m [0m [0m [0m [0m [0m [0m [0m [0m [38;2;0;0;0;48;2;0;0;0m▀[38;2;45;32;46;48;2;45;32;46m▀[38;2;115;74;106;48;2;115;74;106m▀[38;2;115;74;106;48;2;115;74;106m▀[38;2;115;74;106;48;2;115;74;106m▀[38;2;115;74;106;48;2;115;74;106m▀[38;2;75;49;69;48;2;16;16;16m▀[38;2;16;16;16;48;2;0;0;0m▀[38;2;0;0;0m▀[0m [0m [38;2;0;0;0m▀[38;2;16;16;16;48;2;0;0;0m▀[38;2;75;49;69;48;2;16;16;16m▀[38;2;115;74;106;48;2;115;74;106m▀[38;2;139;98;131;48;2;139;98;131m▀[38;2;139;98;131;48;2;139;98;131m▀[38;2;139;98;131;48;2;139;98;131m▀[38;2;75;49;69;48;2;16;16;16m▀[38;2;16;16;16;48;2;0;0;0m▀[38;2;16;16;16;48;2;16;16;16m▀[38;2;16;16;16;48;2;180;41;16m▀[38;2;16;16;16;48;2;180;41;16m▀[38;2;115;74;106;48;2;45;32;46m▀[38;2;75;49;69;48;2;125;30;14m▀[38;2;16;16;16;48;2;75;49;69m▀[38;2;16;16;16;48;2;16;16;16m▀[38;2;0;0;0;48;2;0;0;0m▀[0m [0m [0m [38;2;0;0;0m▀[0m [0m [0m [0m [0m [0m [0m [0m [0m [0m [0m [0m [0m [0m [0m [0m [0m [0m
[0m [0m [0m [0m [0m [0m [0m [0m [0m [0m [0m [0m [0m [0m [0m [0m [0m [38;2;0;0;0;48;2;0;0;0m▀[38;2;16;16;16;48;2;16;16;16m▀[38;2;180;41;16;48;2;180;41;16m▀[38;2;45;32;46;48;2;45;32;46m▀[38;2;45;32;46;48;2;45;32;46m▀[38;2;115;74;106;48;2;115;74;106m▀[38;2;75;49;69;48;2;75;49;69m▀[38;2;16;16;16;48;2;16;16;16m▀[38;2;0;0;0;48;2;0;0;0m▀[0m [0m [0m [0m [38;2;0;0;0;48;2;0;0;0m▀[38;2;16;16;16;48;2;16;16;16m▀[38;2;115;74;106;48;2;115;74;106m▀[38;2;115;74;106;48;2;115;74;106m▀[38;2;115;74;106;48;2;115;74;106m▀[38;2;75;49;69;48;2;75;49;69m▀[38;2;16;16;16;48;2;16;16;16m▀[38;2;0;0;0;48;2;0;0;0m▀[38;2;16;16;16;48;2;16;16;16m▀[38;2;16;16;16;48;2;16;16;16m▀[38;2;16;16;16;48;2;16;16;16m▀[38;2;16;16;16;48;2;16;16;16m▀[38;2;16;16;16;48;2;16;16;16m▀[38;2;16;16;16;48;2;16;16;16m▀[38;2;0;0;0;48;2;0;0;0m▀[0m [0m [0m [0m [0m [0m [0m [0m [0m [0m [0m [0m [0m [0m [0m [0m [0m [0m [0m [0m [0m [0m [0m
[0m [0m [0m [0m [0m [0m [0m [0m [0m [0m [0m [0m [0m [0m [0m [0m [0m [38;2;0;0;0m▀[38;2;16;16;16;48;2;0;0;0m▀[38;2;16;16;16;48;2;0;0;0m▀[38;2;16;16;16;48;2;0;0;0m▀[38;2;16;16;16;48;2;0;0;0m▀[38;2;16;16;16;48;2;0;0;0m▀[38;2;16;16;16;48;2;0;0;0m▀[38;2;0;0;0m▀[0m [0m [0m [0m [0m [38;2;0;0;0m▀[38;2;16;16;16;48;2;0;0;0m▀[38;2;180;41;16;48;2;16;16;16m▀[38;2;45;32;46;48;2;16;16;16m▀[38;2;45;32;46;48;2;16;16;16m▀[38;2;180;41;16;48;2;16;16;16m▀[38;2;16;16;16;48;2;0;0;0m▀[38;2;0;0;0m▀[38;2;0;0;0m▀[38;2;0;0;0m▀[38;2;0;0;0m▀[38;2;0;0;0m▀[38;2;0;0;0m▀[38;2;0;0;0m▀[0m [0m [0m [0m [0m [0m [0m [0m [0m [0m [0m [0m [0m [0m [0m [0m [0m [0m [0m [0m [0m [0m [0m [0m
