[0m [0m [0m [0m [0m [0m [0m [0m [0m [0m [0m [0m [0m [0m [0m [0m [0m [0m [0m [0m [0m [0m [0m [0m [0m [0m [0m [0m [0m [0m [0m [0m [0m [0m [0m [0m [0m [0m [0m [0m [0m [0m [0m [0m [38;2;0;0;0m▄[38;2;0;0;0m▄[38;2;0;0;0;48;2;152;80;0m▀[38;2;0;0;0;48;2;152;80;0m▀[38;2;152;80;0;48;2;240;224;80m▀[38;2;152;80;0;48;2;240;224;80m▀[38;2;152;80;0;48;2;152;80;0m▀[38;2;152;80;0;48;2;152;80;0m▀[38;2;0;0;0;48;2;0;0;0m▀[0m [0m
[0m [0m [0m [0m [0m [0m [0m [0m [0m [0m [0m [0m [0m [0m [0m [0m [0m [0m [0m [0m [0m [0m [0m [0m [0m [0m [0m [0m [0m [0m [0m [0m [0m [0m [0m [0m [0m [0m [0m [0m [0m [0m [0m [38;2;0;0;0;48;2;0;0;0m▀[38;2;152;80;0;48;2;152;80;0m▀[38;2;152;80;0;48;2;152;80;0m▀[38;2;240;224;80;48;2;240;224;80m▀[38;2;240;224;80;48;2;240;224;80m▀[38;2;240;224;80;48;2;240;224;80m▀[38;2;240;224;80;48;2;240;224;80m▀[38;2;152;80;0;48;2;152;80;0m▀[38;2;152;80;0;48;2;152;80;0m▀[38;2;0;0;0;48;2;0;0;0m▀[0m [0m
[0m [0m [0m [0m [0m [0m [0m [0m [0m [0m [0m [0m [0m [0m [0m [0m [0m [0m [0m [0m [0m [0m [0m [0m [0m [0m [0m [0m [0m [0m [0m [0m [0m [0m [0m [0m [0m [0m [0m [0m [0m [38;2;0;0;0m▄[38;2;0;0;0;48;2;216;144;0m▀[38;2;152;80;0;48;2;240;224;80m▀[38;2;240;224;80;48;2;240;224;80m▀[38;2;240;224;80;48;2;240;224;80m▀[38;2;240;224;80;48;2;240;224;80m▀[38;2;240;224;80;48;2;240;224;80m▀[38;2;240;184;32;48;2;240;224;80m▀[38;2;152;80;0;48;2;152;80;0m▀[38;2;0;0;0;48;2;0;0;0m▀[38;2;0;0;0;48;2;0;0;0m▀[0m [0m [0m
[0m [0m [0m [0m [0m [0m [0m [0m [0m [0m [0m [0m [0m [0m [0m [0m [0m [0m [0m [0m [0m [0m [0m [0m [0m [0m [0m [0m [0m [0m [0m [0m [0m [0m [0m [0m [38;2;0;0;0m▄[0m [38;2;0;0;0m▄[38;2;0;0;0m▄[38;2;0;0;0;48;2;216;144;0m▀[38;2;216;144;0;48;2;240;224;80m▀[38;2;240;224;80;48;2;240;224;80m▀[38;2;240;224;80;48;2;240;224;80m▀[38;2;240;224;80;48;2;240;224;80m▀[38;2;240;224;80;48;2;240;224;80m▀[38;2;240;224;80;48;2;240;224;80m▀[38;2;240;224;80;48;2;240;224;80m▀[38;2;240;224;80;48;2;240;224;80m▀[38;2;240;184;32;48;2;240;224;80m▀[38;2;152;80;0;48;2;240;224;80m▀[38;2;152;80;0;48;2;240;224;80m▀[38;2;0;0;0;48;2;152;80;0m▀[38;2;0;0;0m▄[0m
[0m [0m [0m [0m [0m [0m [0m [0m [0m [0m [0m [0m [0m [0m [0m [0m [0m [0m [0m [0m [0m [0m [0m [0m [0m [0m [0m [0m [0m [0m [0m [0m [0m [0m [0m [38;2;0;0;0;48;2;0;0;0m▀[38;2;152;80;0;48;2;152;80;0m▀[38;2;0;0;0;48;2;0;0;0m▀[38;2;152;80;0;48;2;152;80;0m▀[38;2;152;80;0;48;2;152;80;0m▀[38;2;240;224;80;48;2;240;224;80m▀[38;2;240;224;80;48;2;240;224;80m▀[38;2;240;224;80;48;2;240;224;80m▀[38;2;240;224;80;48;2;240;224;80m▀[38;2;240;224;80;48;2;240;224;80m▀[38;2;240;224;80;48;2;240;224;80m▀[38;2;240;224;80;48;2;240;224;80m▀[38;2;240;224;80;48;2;240;224;80m▀[38;2;240;224;80;48;2;240;224;80m▀[38;2;240;224;80;48;2;240;224;80m▀[38;2;240;224;80;48;2;240;224;80m▀[38;2;240;224;80;48;2;240;224;80m▀[38;2;240;224;80;48;2;240;224;80m▀[38;2;152;80;0;48;2;152;80;0m▀[0m
[0m [0m [0m [0m [0m [0m [0m [0m [0m [0m [0m [0m [0m [0m [0m [0m [0m [0m [0m [0m [0m [0m [0m [0m [0m [0m [0m [0m [0m [0m [0m [0m [0m [0m [38;2;0;0;0;48;2;0;0;0m▀[38;2;152;80;0;48;2;152;80;0m▀[38;2;240;224;80;48;2;240;224;80m▀[38;2;152;80;0;48;2;240;224;80m▀[38;2;240;224;80;48;2;240;224;80m▀[38;2;240;224;80;48;2;240;224;80m▀[38;2;240;224;80;48;2;240;224;80m▀[38;2;240;224;80;48;2;240;224;80m▀[38;2;240;224;80;48;2;240;224;80m▀[38;2;240;224;80;48;2;240;224;80m▀[38;2;240;224;80;48;2;240;224;80m▀[38;2;240;224;80;48;2;240;224;80m▀[38;2;240;224;80;48;2;240;224;80m▀[38;2;240;224;80;48;2;240;224;80m▀[38;2;240;224;80;48;2;240;224;80m▀[38;2;240;224;80;48;2;240;224;80m▀[38;2;240;224;80;48;2;240;224;80m▀[38;2;240;224;80;48;2;240;224;80m▀[38;2;152;80;0;48;2;152;80;0m▀[38;2;0;0;0;48;2;0;0;0m▀[0m
[0m [0m [0m [0m [0m [0m [0m [0m [0m [0m [0m [0m [0m [0m [0m [0m [0m [0m [0m [0m [0m [0m [0m [0m [0m [0m [0m [0m [0m [0m [0m [0m [38;2;0;0;0m▄[38;2;0;0;0m▄[38;2;0;0;0;48;2;152;80;0m▀[38;2;152;80;0;48;2;240;224;80m▀[38;2;240;224;80;48;2;240;224;80m▀[38;2;240;224;80;48;2;240;224;80m▀[38;2;240;224;80;48;2;240;224;80m▀[38;2;240;224;80;48;2;240;224;80m▀[38;2;240;224;80;48;2;240;224;80m▀[38;2;240;224;80;48;2;240;224;80m▀[38;2;240;224;80;48;2;240;224;80m▀[38;2;240;224;80;48;2;240;224;80m▀[38;2;240;224;80;48;2;240;224;80m▀[38;2;240;224;80;48;2;240;224;80m▀[38;2;240;224;80;48;2;240;224;80m▀[38;2;240;224;80;48;2;240;224;80m▀[38;2;240;224;80;48;2;240;224;80m▀[38;2;240;224;80;48;2;240;184;32m▀[38;2;240;184;32;48;2;240;184;32m▀[38;2;240;184;32;48;2;240;184;32m▀[38;2;152;80;0;48;2;240;184;32m▀[38;2;0;0;0;48;2;152;80;0m▀[0m
[0m [0m [0m [0m [0m [0m [0m [0m [0m [0m [0m [0m [0m [0m [0m [0m [0m [0m [0m [0m [0m [0m [0m [0m [0m [0m [0m [0m [0m [0m [0m [38;2;0;0;0;48;2;0;0;0m▀[38;2;152;80;0;48;2;152;80;0m▀[38;2;152;80;0;48;2;152;80;0m▀[38;2;240;224;80;48;2;240;224;80m▀[38;2;240;224;80;48;2;240;224;80m▀[38;2;240;224;80;48;2;240;224;80m▀[38;2;240;224;80;48;2;240;224;80m▀[38;2;240;224;80;48;2;240;224;80m▀[38;2;240;224;80;48;2;240;224;80m▀[38;2;240;224;80;48;2;240;224;80m▀[38;2;240;224;80;48;2;240;224;80m▀[38;2;240;224;80;48;2;240;224;80m▀[38;2;240;224;80;48;2;240;224;80m▀[38;2;240;224;80;48;2;240;224;80m▀[38;2;240;224;80;48;2;240;224;80m▀[38;2;240;224;80;48;2;240;224;80m▀[38;2;240;184;32;48;2;240;184;32m▀[38;2;0;0;0;48;2;0;0;0m▀[38;2;0;0;0;48;2;0;0;0m▀[38;2;152;80;0;48;2;152;80;0m▀[38;2;152;80;0;48;2;152;80;0m▀[38;2;152;80;0;48;2;152;80;0m▀[38;2;152;80;0;48;2;152;80;0m▀[0m
[0m [0m [0m [0m [0m [0m [0m [0m [0m [0m [0m [0m [0m [0m [0m [0m [0m [0m [0m [0m [0m [0m [0m [0m [0m [0m [0m [0m [0m [0m [0m [38;2;0;0;0;48;2;0;0;0m▀[38;2;152;80;0;48;2;152;80;0m▀[38;2;152;80;0;48;2;152;80;0m▀[38;2;240;224;80;48;2;240;224;80m▀[38;2;240;224;80;48;2;240;224;80m▀[38;2;240;224;80;48;2;240;224;80m▀[38;2;240;224;80;48;2;240;224;80m▀[38;2;240;224;80;48;2;240;224;80m▀[38;2;240;224;80;48;2;240;224;80m▀[38;2;240;224;80;48;2;240;224;80m▀[38;2;240;224;80;48;2;240;224;80m▀[38;2;240;224;80;48;2;240;184;32m▀[38;2;240;224;80;48;2;0;0;0m▀[38;2;240;184;32;48;2;0;0;0m▀[38;2;240;184;32;48;2;0;0;0m▀[38;2;0;0;0;48;2;0;0;0m▀[38;2;0;0;0;48;2;0;0;0m▀[38;2;0;0;0m▀[38;2;0;0;0m▀[38;2;0;0;0m▀[38;2;0;0;0m▀[38;2;0;0;0m▀[38;2;0;0;0m▀[0m
[0m [0m [0m [0m [38;2;0;0;0m▄[38;2;0;0;0;48;2;0;0;0m▀[38;2;0;0;0m▄[0m [0m [0m [0m [0m [0m [0m [0m [0m [0m [0m [0m [0m [0m [0m [0m [0m [0m [0m [0m [0m [0m [0m [0m [38;2;0;0;0m▀[38;2;96;48;8;48;2;0;0;0m▀[38;2;96;48;8;48;2;0;0;0m▀[38;2;240;224;80;48;2;96;48;8m▀[38;2;240;224;80;48;2;240;224;80m▀[38;2;240;224;80;48;2;240;224;80m▀[38;2;240;224;80;48;2;240;224;80m▀[38;2;240;224;80;48;2;240;224;80m▀[38;2;240;224;80;48;2;240;224;80m▀[38;2;240;224;80;48;2;152;80;0m▀[38;2;0;0;0;48;2;0;0;0m▀[38;2;0;0;0;48;2;0;0;0m▀[38;2;0;0;0m▀[38;2;0;0;0m▀[38;2;0;0;0m▀[0m [0m [0m [0m [0m [0m [0m [0m [0m
[0m [0m [0m [38;2;0;0;0;48;2;0;0;0m▀[38;2;0;0;0;48;2;0;0;0m▀[38;2;41;41;41;48;2;41;41;41m▀[38;2;0;0;0;48;2;0;0;0m▀[38;2;0;0;0;48;2;0;0;0m▀[0m [0m [0m [0m [0m [0m [0m [0m [0m [0m [0m [0m [0m [0m [0m [0m [0m [0m [0m [0m [0m [0m [0m [0m [0m [0m [38;2;0;0;0;48;2;0;0;0m▀[38;2;96;48;8;48;2;96;48;8m▀[38;2;240;224;80;48;2;240;224;80m▀[38;2;240;224;80;48;2;240;224;80m▀[38;2;240;184;32;48;2;240;184;32m▀[38;2;240;184;32;48;2;240;184;32m▀[38;2;240;184;32;48;2;240;184;32m▀[38;2;96;48;8;48;2;96;48;8m▀[38;2;0;0;0;48;2;0;0;0m▀[0m [0m [0m [0m [0m [0m [0m [0m [0m [0m [0m [0m
[0m [0m [38;2;0;0;0m▄[38;2;0;0;0;48;2;0;0;0m▀[38;2;0;0;0;48;2;0;0;0m▀[38;2;41;41;41;48;2;41;41;41m▀[38;2;0;0;0;48;2;41;41;41m▀[38;2;0;0;0;48;2;0;0;0m▀[38;2;0;0;0m▄[0m [0m [0m [0m [0m [0m [0m [0m [0m [0m [0m [0m [0m [0m [0m [0m [0m [0m [0m [0m [0m [0m [0m [0m [0m [38;2;0;0;0m▄[38;2;0;0;0;48;2;0;0;0m▀[38;2;96;48;8;48;2;216;144;0m▀[38;2;240;184;32;48;2;240;184;32m▀[38;2;240;184;32;48;2;240;184;32m▀[38;2;240;184;32;48;2;240;184;32m▀[38;2;240;184;32;48;2;240;184;32m▀[38;2;96;48;8;48;2;240;184;32m▀[38;2;0;0;0;48;2;96;48;8m▀[38;2;0;0;0m▄[0m [0m [0m [0m [0m [0m [0m [0m [0m [0m [0m
[0m [38;2;0;0;0;48;2;0;0;0m▀[38;2;0;0;0;48;2;0;0;0m▀[38;2;0;0;0;48;2;0;0;0m▀[38;2;41;41;41;48;2;41;41;41m▀[38;2;41;41;41;48;2;41;41;41m▀[38;2;41;41;41;48;2;41;41;41m▀[38;2;0;0;0;48;2;98;49;8m▀[38;2;0;0;0;48;2;0;0;0m▀[0m [0m [0m [0m [0m [0m [0m [0m [0m [0m [0m [0m [0m [0m [0m [0m [38;2;0;0;0m▄[38;2;0;0;0m▄[38;2;0;0;0m▄[38;2;0;0;0m▄[38;2;0;0;0;48;2;0;0;0m▀[38;2;0;0;0;48;2;0;0;0m▀[38;2;0;0;0;48;2;0;0;0m▀[38;2;0;0;0;48;2;0;0;0m▀[38;2;0;0;0;48;2;0;0;0m▀[38;2;96;48;8;48;2;0;0;0m▀[38;2;216;144;0;48;2;216;144;0m▀[38;2;216;144;0;48;2;216;144;0m▀[38;2;216;144;0;48;2;216;144;0m▀[38;2;240;184;32;48;2;96;48;8m▀[38;2;240;184;32;48;2;96;48;8m▀[38;2;216;144;0;48;2;96;48;8m▀[38;2;96;48;8;48;2;0;0;0m▀[38;2;0;0;0;48;2;0;0;0m▀[38;2;0;0;0m▀[0m [0m [0m [0m [0m [0m [0m [0m [0m [0m [0m
[0m [38;2;0;0;0;48;2;0;0;0m▀[38;2;0;0;0;48;2;0;0;0m▀[38;2;0;0;0;48;2;0;0;0m▀[38;2;41;41;41;48;2;41;41;41m▀[38;2;65;65;74;48;2;65;65;74m▀[38;2;246;189;32;48;2;246;189;32m▀[38;2;98;49;8;48;2;98;49;8m▀[38;2;0;0;0;48;2;0;0;0m▀[38;2;0;0;0m▄[0m [0m [0m [0m [0m [0m [0m [0m [0m [0m [0m [0m [0m [38;2;0;0;0m▄[38;2;0;0;0;48;2;0;0;0m▀[38;2;0;0;0;48;2;0;0;0m▀[38;2;40;40;40;48;2;40;40;40m▀[38;2;40;40;40;48;2;40;40;40m▀[38;2;0;0;0;48;2;0;0;0m▀[38;2;80;80;88;48;2;80;80;88m▀[38;2;80;80;88;48;2;80;80;88m▀[38;2;80;80;88;48;2;80;80;88m▀[38;2;40;40;40;48;2;40;40;40m▀[38;2;40;40;40;48;2;40;40;40m▀[38;2;0;0;0;48;2;0;0;0m▀[38;2;216;144;0;48;2;216;144;0m▀[38;2;216;144;0;48;2;216;144;0m▀[38;2;0;0;0;48;2;0;0;0m▀[38;2;0;0;0;48;2;0;0;0m▀[38;2;0;0;0;48;2;0;0;0m▀[38;2;0;0;0m▀[0m [0m [0m [0m [0m [0m [0m [0m [0m [0m [0m [0m [0m [0m
[0m [38;2;0;0;0;48;2;0;0;0m▀[38;2;0;0;0;48;2;0;0;0m▀[38;2;0;0;0;48;2;0;0;0m▀[38;2;65;65;74;48;2;246;189;32m▀[38;2;246;189;32;48;2;246;189;32m▀[38;2;246;189;32;48;2;246;189;32m▀[38;2;246;189;32;48;2;246;189;32m▀[38;2;98;49;8;48;2;98;49;8m▀[38;2;98;49;8;48;2;98;49;8m▀[38;2;0;0;0;48;2;0;0;0m▀[0m [0m [0m [0m [0m [0m [0m [38;2;0;0;0m▄[38;2;0;0;0m▄[38;2;0;0;0;48;2;152;80;0m▀[38;2;0;0;0;48;2;152;80;0m▀[38;2;0;0;0;48;2;152;80;0m▀[38;2;0;0;0;48;2;240;224;80m▀[38;2;0;0;0;48;2;240;224;80m▀[38;2;80;80;88;48;2;80;80;88m▀[38;2;80;80;88;48;2;80;80;88m▀[38;2;80;80;88;48;2;80;80;88m▀[38;2;80;80;88;48;2;40;40;40m▀[38;2;80;80;88;48;2;40;40;40m▀[38;2;40;40;40;48;2;40;40;40m▀[38;2;40;40;40;48;2;0;0;0m▀[38;2;0;0;0;48;2;0;0;0m▀[38;2;0;0;0;48;2;0;0;0m▀[38;2;0;0;0;48;2;0;0;0m▀[38;2;0;0;0;48;2;0;0;0m▀[38;2;152;80;0;48;2;0;0;0m▀[38;2;216;144;0;48;2;152;80;0m▀[38;2;0;0;0;48;2;152;80;0m▀[38;2;0;0;0;48;2;152;80;0m▀[38;2;0;0;0;48;2;0;0;0m▀[38;2;0;0;0m▄[0m [0m [0m [0m [0m [0m [0m [0m [0m [0m [0m [0m [0m
[0m [38;2;0;0;0m▀[38;2;0;0;0;48;2;0;0;0m▀[38;2;0;0;0;48;2;0;0;0m▀[38;2;246;189;32;48;2;98;49;8m▀[38;2;246;189;32;48;2;246;189;32m▀[38;2;246;189;32;48;2;246;189;32m▀[38;2;246;189;32;48;2;246;189;32m▀[38;2;98;49;8;48;2;156;82;0m▀[38;2;98;49;8;48;2;156;82;0m▀[38;2;0;0;0;48;2;156;82;0m▀[38;2;0;0;0;48;2;156;82;0m▀[38;2;0;0;0;48;2;156;82;0m▀[38;2;0;0;0;48;2;156;82;0m▀[38;2;0;0;0;48;2;156;82;0m▀[38;2;0;0;0;48;2;156;82;0m▀[38;2;0;0;0;48;2;156;82;0m▀[38;2;0;0;0;48;2;152;80;0m▀[38;2;152;80;0;48;2;240;184;32m▀[38;2;152;80;0;48;2;240;224;80m▀[38;2;240;224;80;48;2;240;224;80m▀[38;2;240;224;80;48;2;240;224;80m▀[38;2;240;224;80;48;2;240;224;80m▀[38;2;240;224;80;48;2;240;224;80m▀[38;2;240;224;80;48;2;240;224;80m▀[38;2;240;224;80;48;2;240;224;80m▀[38;2;40;40;40;48;2;40;40;40m▀[38;2;40;40;40;48;2;40;40;40m▀[38;2;40;40;40;48;2;40;40;40m▀[38;2;40;40;40;48;2;0;0;0m▀[38;2;0;0;0;48;2;246;189;32m▀[38;2;0;0;0;48;2;246;189;32m▀[38;2;16;16;16;48;2;156;82;0m▀[38;2;16;16;16;48;2;156;82;0m▀[38;2;16;16;16;48;2;246;189;32m▀[38;2;156;82;0;48;2;16;16;16m▀[38;2;152;80;0;48;2;152;80;0m▀[38;2;152;80;0;48;2;0;0;0m▀[38;2;152;80;0;48;2;0;0;0m▀[38;2;152;80;0;48;2;0;0;0m▀[38;2;0;0;0;48;2;0;0;0m▀[38;2;0;0;0m▀[0m [0m [0m [0m [0m [0m [0m [0m [0m [0m [0m [0m [0m
[0m [0m [0m [38;2;0;0;0m▀[38;2;98;49;8;48;2;0;0;0m▀[38;2;246;189;32;48;2;98;49;8m▀[38;2;246;189;32;48;2;156;82;0m▀[38;2;156;82;0;48;2;255;246;164m▀[38;2;246;189;32;48;2;255;246;164m▀[38;2;246;189;32;48;2;255;246;164m▀[38;2;246;230;82;48;2;255;246;164m▀[38;2;246;230;82;48;2;255;246;164m▀[38;2;246;230;82;48;2;246;230;82m▀[38;2;246;189;32;48;2;246;230;82m▀[38;2;246;189;32;48;2;156;82;0m▀[38;2;246;189;32;48;2;156;82;0m▀[38;2;156;82;0;48;2;240;224;80m▀[38;2;240;224;80;48;2;240;224;80m▀[38;2;240;224;80;48;2;240;224;80m▀[38;2;240;224;80;48;2;240;224;80m▀[38;2;240;224;80;48;2;240;224;80m▀[38;2;240;224;80;48;2;240;224;80m▀[38;2;240;224;80;48;2;240;224;80m▀[38;2;240;224;80;48;2;240;184;32m▀[38;2;240;224;80;48;2;0;0;0m▀[38;2;216;144;0;48;2;0;0;0m▀[38;2;0;0;0;48;2;246;189;32m▀[38;2;0;0;0;48;2;246;189;32m▀[38;2;0;0;0;48;2;246;189;32m▀[38;2;246;189;32;48;2;246;189;32m▀[38;2;246;189;32;48;2;156;82;0m▀[38;2;246;189;32;48;2;156;82;0m▀[38;2;246;189;32;48;2;246;230;82m▀[38;2;246;189;32;48;2;246;230;82m▀[38;2;246;189;32;48;2;246;230;82m▀[38;2;246;189;32;48;2;156;82;0m▀[38;2;0;0;0;48;2;16;16;16m▀[38;2;0;0;0;48;2;0;0;0m▀[38;2;0;0;0m▀[38;2;0;0;0m▀[0m [0m [0m [0m [0m [0m [0m [0m [0m [0m [0m [0m [0m [0m [0m
[38;2;0;0;0m▄[38;2;0;0;0m▄[38;2;0;0;0m▄[38;2;0;0;0m▄[38;2;0;0;0;48;2;0;0;0m▀[38;2;98;49;8;48;2;156;82;0m▀[38;2;156;82;0;48;2;255;246;164m▀[38;2;255;246;164;48;2;255;246;164m▀[38;2;255;246;164;48;2;255;246;164m▀[38;2;255;246;164;48;2;255;246;164m▀[38;2;255;246;164;48;2;255;246;164m▀[38;2;255;246;164;48;2;255;246;164m▀[38;2;246;230;82;48;2;255;246;164m▀[38;2;246;230;82;48;2;246;230;82m▀[38;2;156;82;0;48;2;246;189;32m▀[38;2;156;82;0;48;2;246;189;32m▀[38;2;240;224;80;48;2;246;230;82m▀[38;2;240;224;80;48;2;240;224;80m▀[38;2;240;224;80;48;2;240;224;80m▀[38;2;240;224;80;48;2;216;144;0m▀[38;2;240;224;80;48;2;216;144;0m▀[38;2;240;224;80;48;2;216;144;0m▀[38;2;240;224;80;48;2;0;0;0m▀[38;2;240;184;32;48;2;0;0;0m▀[38;2;0;0;0;48;2;246;189;32m▀[38;2;0;0;0;48;2;246;189;32m▀[38;2;246;189;32;48;2;246;189;32m▀[38;2;246;189;32;48;2;246;189;32m▀[38;2;246;189;32;48;2;246;189;32m▀[38;2;246;189;32;48;2;246;189;32m▀[38;2;156;82;0;48;2;156;82;0m▀[38;2;156;82;0;48;2;156;82;0m▀[38;2;246;230;82;48;2;156;82;0m▀[38;2;246;230;82;48;2;156;82;0m▀[38;2;246;230;82;48;2;246;230;82m▀[38;2;156;82;0;48;2;246;230;82m▀[38;2;16;16;16;48;2;16;16;16m▀[38;2;0;0;0;48;2;0;0;0m▀[0m [0m [0m [0m [0m [0m [0m [0m [0m [0m [0m [0m [0m [0m [0m [0m [0m
[38;2;246;189;32;48;2;156;82;0m▀[38;2;246;189;32;48;2;255;246;164m▀[38;2;246;189;32;48;2;255;246;164m▀[38;2;246;189;32;48;2;255;246;164m▀[38;2;156;82;0;48;2;255;246;164m▀[38;2;156;82;0;48;2;255;246;164m▀[38;2;156;82;0;48;2;255;246;164m▀[38;2;246;230;82;48;2;246;230;82m▀[38;2;255;246;164;48;2;246;230;82m▀[38;2;255;246;164;48;2;246;230;82m▀[38;2;255;246;164;48;2;246;230;82m▀[38;2;255;246;164;48;2;246;230;82m▀[38;2;246;230;82;48;2;246;230;82m▀[38;2;246;230;82;48;2;246;230;82m▀[38;2;246;230;82;48;2;246;230;82m▀[38;2;246;230;82;48;2;246;230;82m▀[38;2;246;230;82;48;2;246;230;82m▀[38;2;246;230;82;48;2;246;230;82m▀[38;2;240;224;80;48;2;246;189;32m▀[38;2;240;224;80;48;2;240;224;80m▀[38;2;0;0;0;48;2;96;48;8m▀[38;2;0;0;0;48;2;96;48;8m▀[38;2;246;189;32;48;2;246;189;32m▀[38;2;246;189;32;48;2;246;189;32m▀[38;2;246;189;32;48;2;246;189;32m▀[38;2;246;189;32;48;2;246;189;32m▀[38;2;246;189;32;48;2;246;189;32m▀[38;2;246;189;32;48;2;246;189;32m▀[38;2;246;189;32;48;2;246;189;32m▀[38;2;156;82;0;48;2;156;82;0m▀[38;2;156;82;0;48;2;156;82;0m▀[38;2;156;82;0;48;2;156;82;0m▀[38;2;156;82;0;48;2;246;230;82m▀[38;2;156;82;0;48;2;246;230;82m▀[38;2;246;230;82;48;2;246;230;82m▀[38;2;246;230;82;48;2;246;230;82m▀[38;2;246;230;82;48;2;246;189;32m▀[38;2;156;82;0;48;2;156;82;0m▀[38;2;0;0;0;48;2;16;16;16m▀[38;2;0;0;0;48;2;16;16;16m▀[38;2;0;0;0m▄[0m [0m [0m [0m [0m [0m [0m [0m [0m [0m [0m [0m [0m [0m
[38;2;0;0;0m▀[38;2;156;82;0;48;2;0;0;0m▀[38;2;246;189;32;48;2;16;16;16m▀[38;2;246;189;32;48;2;16;16;16m▀[38;2;255;246;164;48;2;246;189;32m▀[38;2;255;246;164;48;2;246;189;32m▀[38;2;246;230;82;48;2;246;230;82m▀[38;2;246;230;82;48;2;246;230;82m▀[38;2;246;230;82;48;2;246;230;82m▀[38;2;246;230;82;48;2;246;230;82m▀[38;2;246;230;82;48;2;246;230;82m▀[38;2;246;230;82;48;2;246;230;82m▀[38;2;246;230;82;48;2;246;230;82m▀[38;2;246;230;82;48;2;246;230;82m▀[38;2;246;230;82;48;2;246;230;82m▀[38;2;246;230;82;48;2;246;230;82m▀[38;2;246;230;82;48;2;246;230;82m▀[38;2;246;230;82;48;2;246;189;32m▀[38;2;246;189;32;48;2;246;189;32m▀[38;2;156;82;0;48;2;246;189;32m▀[38;2;246;189;32;48;2;246;189;32m▀[38;2;246;189;32;48;2;246;189;32m▀[38;2;156;82;0;48;2;156;82;0m▀[38;2;246;189;32;48;2;246;189;32m▀[38;2;246;189;32;48;2;246;189;32m▀[38;2;246;189;32;48;2;246;189;32m▀[38;2;246;189;32;48;2;156;82;0m▀[38;2;246;189;32;48;2;156;82;0m▀[38;2;246;189;32;48;2;246;189;32m▀[38;2;246;189;32;48;2;246;189;32m▀[38;2;246;189;32;48;2;246;189;32m▀[38;2;246;189;32;48;2;246;189;32m▀[38;2;246;189;32;48;2;246;189;32m▀[38;2;246;189;32;48;2;246;189;32m▀[38;2;246;189;32;48;2;246;189;32m▀[38;2;246;189;32;48;2;246;189;32m▀[38;2;246;189;32;48;2;246;189;32m▀[38;2;16;16;16;48;2;16;16;16m▀[38;2;246;189;32;48;2;246;189;32m▀[38;2;246;189;32;48;2;246;189;32m▀[38;2;16;16;16;48;2;16;16;16m▀[38;2;0;0;0;48;2;0;0;0m▀[0m [0m [0m [0m [0m [0m [0m [0m [0m [0m [0m [0m [0m
[0m [38;2;0;0;0m▀[38;2;16;16;16;48;2;0;0;0m▀[38;2;16;16;16;48;2;0;0;0m▀[38;2;246;189;32;48;2;16;16;16m▀[38;2;246;189;32;48;2;246;189;32m▀[38;2;246;230;82;48;2;246;189;32m▀[38;2;246;230;82;48;2;246;189;32m▀[38;2;246;230;82;48;2;246;230;82m▀[38;2;246;230;82;48;2;246;230;82m▀[38;2;246;230;82;48;2;246;230;82m▀[38;2;246;230;82;48;2;246;230;82m▀[38;2;246;230;82;48;2;246;230;82m▀[38;2;246;230;82;48;2;246;230;82m▀[38;2;246;230;82;48;2;246;230;82m▀[38;2;246;230;82;48;2;246;230;82m▀[38;2;246;230;82;48;2;156;82;0m▀[38;2;246;189;32;48;2;156;82;0m▀[38;2;246;189;32;48;2;246;189;32m▀[38;2;246;189;32;48;2;246;189;32m▀[38;2;246;189;32;48;2;246;189;32m▀[38;2;246;189;32;48;2;246;189;32m▀[38;2;156;82;0;48;2;16;16;16m▀[38;2;246;189;32;48;2;246;189;32m▀[38;2;246;189;32;48;2;246;189;32m▀[38;2;246;189;32;48;2;246;189;32m▀[38;2;156;82;0;48;2;156;82;0m▀[38;2;156;82;0;48;2;156;82;0m▀[38;2;246;189;32;48;2;156;82;0m▀[38;2;246;189;32;48;2;246;189;32m▀[38;2;246;189;32;48;2;246;189;32m▀[38;2;246;189;32;48;2;246;189;32m▀[38;2;246;189;32;48;2;246;189;32m▀[38;2;246;189;32;48;2;246;189;32m▀[38;2;246;189;32;48;2;246;189;32m▀[38;2;246;189;32;48;2;246;189;32m▀[38;2;246;189;32;48;2;16;16;16m▀[38;2;16;16;16;48;2;246;189;32m▀[38;2;246;189;32;48;2;246;189;32m▀[38;2;246;189;32;48;2;246;189;32m▀[38;2;16;16;16;48;2;16;16;16m▀[38;2;0;0;0;48;2;0;0;0m▀[0m [0m [0m [0m [0m [0m [0m [0m [0m [0m [0m [0m [0m
[0m [0m [0m [38;2;0;0;0;48;2;0;0;0m▀[38;2;156;82;0;48;2;156;82;0m▀[38;2;16;16;16;48;2;246;189;32m▀[38;2;246;189;32;48;2;16;16;16m▀[38;2;246;189;32;48;2;156;82;0m▀[38;2;246;189;32;48;2;246;230;82m▀[38;2;246;189;32;48;2;246;230;82m▀[38;2;246;230;82;48;2;246;230;82m▀[38;2;246;230;82;48;2;246;230;82m▀[38;2;246;230;82;48;2;246;230;82m▀[38;2;246;230;82;48;2;156;82;0m▀[38;2;156;82;0;48;2;255;255;255m▀[38;2;156;82;0;48;2;255;255;255m▀[38;2;0;0;0;48;2;0;0;0m▀[38;2;246;189;32;48;2;41;41;41m▀[38;2;246;189;32;48;2;246;189;32m▀[38;2;246;189;32;48;2;246;189;32m▀[38;2;246;189;32;48;2;246;189;32m▀[38;2;246;189;32;48;2;246;189;32m▀[38;2;16;16;16;48;2;156;82;0m▀[38;2;246;189;32;48;2;246;189;32m▀[38;2;246;189;32;48;2;246;189;32m▀[38;2;246;189;32;48;2;246;189;32m▀[38;2;156;82;0;48;2;246;189;32m▀[38;2;156;82;0;48;2;246;189;32m▀[38;2;156;82;0;48;2;246;189;32m▀[38;2;246;189;32;48;2;246;189;32m▀[38;2;246;189;32;48;2;16;16;16m▀[38;2;156;82;0;48;2;0;0;0m▀[38;2;156;82;0;48;2;0;0;0m▀[38;2;156;82;0;48;2;0;0;0m▀[38;2;16;16;16;48;2;0;0;0m▀[38;2;16;16;16;48;2;0;0;0m▀[38;2;246;189;32;48;2;16;16;16m▀[38;2;246;189;32;48;2;206;206;206m▀[38;2;156;82;0;48;2;206;206;206m▀[38;2;156;82;0;48;2;206;206;206m▀[38;2;16;16;16;48;2;16;16;16m▀[38;2;0;0;0;48;2;0;0;0m▀[0m [0m [0m [0m [0m [0m [0m [0m [0m [0m [0m [0m [0m
[0m [0m [0m [38;2;0;0;0;48;2;0;0;0m▀[38;2;156;82;0;48;2;156;82;0m▀[38;2;246;230;82;48;2;246;230;82m▀[38;2;156;82;0;48;2;246;189;32m▀[38;2;246;189;32;48;2;246;230;82m▀[38;2;246;230;82;48;2;246;230;82m▀[38;2;246;230;82;48;2;246;230;82m▀[38;2;246;230;82;48;2;246;230;82m▀[38;2;246;230;82;48;2;246;230;82m▀[38;2;246;189;32;48;2;246;230;82m▀[38;2;0;0;0;48;2;246;189;32m▀[38;2;0;0;0;48;2;0;0;0m▀[38;2;0;0;0;48;2;0;0;0m▀[38;2;65;65;74;48;2;0;0;0m▀[38;2;41;41;41;48;2;246;189;32m▀[38;2;246;189;32;48;2;246;189;32m▀[38;2;246;189;32;48;2;246;189;32m▀[38;2;156;82;0;48;2;16;16;16m▀[38;2;156;82;0;48;2;16;16;16m▀[38;2;246;189;32;48;2;246;189;32m▀[38;2;246;189;32;48;2;246;189;32m▀[38;2;246;189;32;48;2;246;189;32m▀[38;2;246;189;32;48;2;246;230;82m▀[38;2;246;189;32;48;2;246;230;82m▀[38;2;246;189;32;48;2;246;230;82m▀[38;2;246;189;32;48;2;246;230;82m▀[38;2;156;82;0;48;2;16;16;16m▀[38;2;0;0;0;48;2;0;0;0m▀[0m [0m [0m [0m [0m [38;2;0;0;0m▀[38;2;16;16;16;48;2;0;0;0m▀[38;2;16;16;16;48;2;0;0;0m▀[38;2;16;16;16;48;2;0;0;0m▀[38;2;0;0;0m▀[0m [0m [0m [0m [0m [0m [0m [0m [0m [0m [0m [0m [0m [0m
[0m [0m [0m [38;2;0;0;0m▀[38;2;156;82;0;48;2;0;0;0m▀[38;2;246;230;82;48;2;156;82;0m▀[38;2;246;189;32;48;2;246;230;82m▀[38;2;246;230;82;48;2;246;230;82m▀[38;2;246;230;82;48;2;246;230;82m▀[38;2;246;230;82;48;2;246;230;82m▀[38;2;246;230;82;48;2;246;230;82m▀[38;2;246;230;82;48;2;246;189;32m▀[38;2;246;230;82;48;2;246;189;32m▀[38;2;246;189;32;48;2;246;189;32m▀[38;2;0;0;0;48;2;246;189;32m▀[38;2;0;0;0;48;2;246;189;32m▀[38;2;0;0;0;48;2;246;189;32m▀[38;2;246;189;32;48;2;197;32;24m▀[38;2;246;189;32;48;2;197;32;24m▀[38;2;246;189;32;48;2;16;16;16m▀[38;2;16;16;16;48;2;156;82;0m▀[38;2;16;16;16;48;2;156;82;0m▀[38;2;246;189;32;48;2;246;189;32m▀[38;2;246;189;32;48;2;246;230;82m▀[38;2;246;189;32;48;2;246;230;82m▀[38;2;246;230;82;48;2;246;230;82m▀[38;2;246;230;82;48;2;246;230;82m▀[38;2;246;230;82;48;2;246;230;82m▀[38;2;246;230;82;48;2;16;16;16m▀[38;2;16;16;16;48;2;0;0;0m▀[38;2;0;0;0m▀[0m [0m [0m [0m [0m [0m [0m [0m [0m [0m [0m [0m [0m [0m [0m [0m [0m [0m [0m [0m [0m [0m [0m [0m
[0m [0m [0m [0m [38;2;0;0;0;48;2;0;0;0m▀[38;2;156;82;0;48;2;16;16;16m▀[38;2;246;230;82;48;2;246;230;82m▀[38;2;246;230;82;48;2;246;230;82m▀[38;2;246;230;82;48;2;156;82;0m▀[38;2;246;230;82;48;2;156;82;0m▀[38;2;246;230;82;48;2;246;189;32m▀[38;2;246;189;32;48;2;246;189;32m▀[38;2;246;189;32;48;2;246;189;32m▀[38;2;246;189;32;48;2;246;189;32m▀[38;2;246;189;32;48;2;16;16;16m▀[38;2;246;189;32;48;2;16;16;16m▀[38;2;197;32;24;48;2;16;16;16m▀[38;2;16;16;16;48;2;0;0;0m▀[38;2;16;16;16;48;2;0;0;0m▀[38;2;0;0;0;48;2;0;0;0m▀[38;2;16;16;16;48;2;16;16;16m▀[38;2;16;16;16;48;2;16;16;16m▀[38;2;246;189;32;48;2;246;230;82m▀[38;2;246;230;82;48;2;246;230;82m▀[38;2;246;230;82;48;2;246;230;82m▀[38;2;246;230;82;48;2;246;230;82m▀[38;2;246;230;82;48;2;16;16;16m▀[38;2;246;230;82;48;2;16;16;16m▀[38;2;16;16;16;48;2;0;0;0m▀[38;2;0;0;0m▀[0m [0m [0m [0m [0m [0m [0m [0m [0m [0m [0m [0m [0m [0m [0m [0m [0m [0m [0m [0m [0m [0m [0m [0m [0m
[0m [0m [0m [0m [38;2;0;0;0m▀[38;2;16;16;16;48;2;0;0;0m▀[38;2;246;189;32;48;2;16;16;16m▀[38;2;246;189;32;48;2;222;148;0m▀[38;2;246;189;32;48;2;206;206;206m▀[38;2;246;189;32;48;2;206;206;206m▀[38;2;246;189;32;48;2;206;206;206m▀[38;2;246;189;32;48;2;16;16;16m▀[38;2;16;16;16;48;2;0;0;0m▀[38;2;156;82;0;48;2;0;0;0m▀[38;2;0;0;0m▀[38;2;0;0;0m▀[38;2;0;0;0m▀[0m [38;2;0;0;0m▄[38;2;0;0;0;48;2;222;148;0m▀[38;2;222;148;0;48;2;246;189;32m▀[38;2;222;148;0;48;2;246;189;32m▀[38;2;246;230;82;48;2;246;189;32m▀[38;2;246;230;82;48;2;246;189;32m▀[38;2;246;230;82;48;2;246;230;82m▀[38;2;246;230;82;48;2;16;16;16m▀[38;2;16;16;16;48;2;0;0;0m▀[38;2;16;16;16;48;2;0;0;0m▀[38;2;0;0;0m▀[0m [0m [0m [0m [0m [0m [0m [0m [0m [0m [0m [0m [0m [0m [0m [0m [0m [0m [0m [0m [0m [0m [0m [0m [0m [0m
[0m [0m [0m [0m [0m [38;2;0;0;0m▀[38;2;16;16;16;48;2;0;0;0m▀[38;2;222;148;0;48;2;222;148;0m▀[38;2;206;206;206;48;2;255;255;255m▀[38;2;206;206;206;48;2;255;255;255m▀[38;2;206;206;206;48;2;255;255;255m▀[38;2;16;16;16;48;2;16;16;16m▀[38;2;0;0;0;48;2;0;0;0m▀[0m [0m [0m [0m [0m [38;2;0;0;0;48;2;0;0;0m▀[38;2;222;148;0;48;2;16;16;16m▀[38;2;246;189;32;48;2;255;255;255m▀[38;2;246;189;32;48;2;255;255;255m▀[38;2;246;189;32;48;2;156;82;0m▀[38;2;246;189;32;48;2;255;255;255m▀[38;2;246;230;82;48;2;246;189;32m▀[38;2;16;16;16;48;2;16;16;16m▀[38;2;0;0;0;48;2;0;0;0m▀[0m [0m [0m [0m [0m [0m [0m [0m [0m [0m [0m [0m [0m [0m [0m [0m [0m [0m [0m [0m [0m [0m [0m [0m [0m [0m [0m [0m
