[0m [0m [0m [0m [0m [0m [0m [0m [0m [0m [0m [0m [0m [0m [0m [38;2;0;0;0m▄[38;2;0;0;0;48;2;90;73;149m▀[38;2;90;73;149;48;2;174;166;246m▀[38;2;0;0;0;48;2;0;0;0m▀[38;2;0;0;0m▄[0m [0m [0m [0m [0m [0m [0m [0m [0m [0m [0m [0m [0m [0m [0m [0m [0m [0m [0m [0m [0m [0m [0m [0m [0m [0m [0m [0m [0m [0m
[0m [0m [0m [0m [0m [0m [0m [0m [0m [0m [0m [0m [0m [0m [0m [38;2;0;0;0;48;2;0;0;0m▀[38;2;90;73;149;48;2;90;73;149m▀[38;2;174;166;246;48;2;174;166;246m▀[38;2;0;0;0;48;2;0;0;0m▀[38;2;0;0;0;48;2;0;0;0m▀[0m [0m [0m [0m [0m [0m [0m [0m [0m [0m [0m [0m [0m [0m [0m [0m [0m [0m [0m [0m [0m [0m [0m [0m [0m [0m [0m [0m [0m [0m
[0m [0m [0m [0m [0m [0m [0m [0m [0m [0m [0m [0m [0m [0m [0m [38;2;0;0;0;48;2;0;0;0m▀[38;2;90;73;149;48;2;90;73;149m▀[38;2;174;166;246;48;2;174;166;246m▀[38;2;0;0;0;48;2;0;0;0m▀[38;2;0;0;0;48;2;0;0;0m▀[0m [0m [0m [0m [0m [0m [0m [0m [0m [0m [0m [0m [0m [0m [0m [0m [0m [0m [0m [0m [0m [0m [0m [0m [0m [0m [0m [0m [0m [0m
[0m [0m [0m [0m [0m [0m [0m [0m [0m [0m [0m [0m [0m [0m [38;2;0;0;0m▄[38;2;0;0;0;48;2;0;0;0m▀[38;2;90;73;149;48;2;90;73;149m▀[38;2;174;166;246;48;2;174;166;246m▀[38;2;140;116;214;48;2;140;116;214m▀[38;2;0;0;0;48;2;0;0;0m▀[38;2;0;0;0;48;2;0;0;0m▀[0m [0m [0m [0m [0m [0m [0m [0m [0m [0m [0m [0m [0m [0m [0m [0m [0m [0m [0m [0m [0m [0m [0m [0m [0m [0m [0m [0m [0m
[0m [0m [0m [0m [0m [0m [0m [0m [0m [0m [0m [0m [0m [38;2;0;0;0;48;2;0;0;0m▀[38;2;90;73;149;48;2;90;73;149m▀[38;2;90;73;149;48;2;90;73;149m▀[38;2;174;166;246;48;2;174;166;246m▀[38;2;174;166;246;48;2;174;166;246m▀[38;2;140;116;214;48;2;140;116;214m▀[38;2;0;0;0;48;2;0;0;0m▀[38;2;0;0;0;48;2;0;0;0m▀[0m [0m [0m [0m [0m [0m [0m [0m [0m [0m [0m [0m [0m [0m [0m [0m [0m [0m [0m [0m [0m [0m [0m [0m [0m [0m [0m [0m [0m
[0m [0m [0m [0m [0m [0m [0m [0m [0m [0m [0m [0m [0m [38;2;0;0;0;48;2;0;0;0m▀[38;2;90;73;149;48;2;90;73;149m▀[38;2;90;73;149;48;2;90;73;149m▀[38;2;174;166;246;48;2;174;166;246m▀[38;2;174;166;246;48;2;174;166;246m▀[38;2;140;116;214;48;2;140;116;214m▀[38;2;0;0;0;48;2;90;73;149m▀[38;2;0;0;0;48;2;0;0;0m▀[38;2;0;0;0;48;2;0;0;0m▀[38;2;0;0;0m▄[0m [0m [0m [0m [0m [0m [0m [0m [0m [0m [0m [0m [0m [0m [0m [0m [0m [0m [0m [0m [38;2;0;0;0m▄[38;2;0;0;0;48;2;54;54;81m▀[38;2;0;0;0m▄[38;2;0;0;0m▄[0m [0m [0m
[0m [0m [0m [0m [0m [0m [0m [0m [0m [0m [0m [0m [0m [38;2;0;0;0;48;2;0;0;0m▀[38;2;90;73;149;48;2;90;73;149m▀[38;2;90;73;149;48;2;90;73;149m▀[38;2;174;166;246;48;2;174;166;246m▀[38;2;174;166;246;48;2;174;166;246m▀[38;2;140;116;214;48;2;140;116;214m▀[38;2;90;73;149;48;2;90;73;149m▀[38;2;0;0;0;48;2;0;0;0m▀[38;2;0;0;0;48;2;0;0;0m▀[38;2;0;0;0;48;2;0;0;0m▀[0m [0m [0m [0m [0m [0m [0m [0m [0m [0m [0m [0m [0m [0m [0m [0m [0m [0m [0m [38;2;0;0;0;48;2;0;0;0m▀[38;2;54;54;81;48;2;54;54;81m▀[38;2;140;116;214;48;2;140;116;214m▀[38;2;0;0;0;48;2;0;0;0m▀[38;2;0;0;0;48;2;0;0;0m▀[38;2;0;0;0;48;2;0;0;0m▀[0m [0m
[0m [0m [0m [0m [0m [0m [0m [0m [0m [0m [0m [0m [38;2;0;0;0;48;2;0;0;0m▀[38;2;90;73;149;48;2;90;73;149m▀[38;2;174;166;246;48;2;174;166;246m▀[38;2;174;166;246;48;2;174;166;246m▀[38;2;174;166;246;48;2;174;166;246m▀[38;2;174;166;246;48;2;174;166;246m▀[38;2;140;116;214;48;2;140;116;214m▀[38;2;90;73;149;48;2;90;73;149m▀[38;2;0;0;0;48;2;0;0;0m▀[38;2;0;0;0;48;2;0;0;0m▀[38;2;0;0;0;48;2;0;0;0m▀[0m [0m [0m [0m [0m [0m [0m [0m [0m [0m [0m [0m [0m [0m [0m [0m [0m [0m [0m [38;2;0;0;0;48;2;0;0;0m▀[38;2;54;54;81;48;2;54;54;81m▀[38;2;140;116;214;48;2;140;116;214m▀[38;2;0;0;0;48;2;0;0;0m▀[38;2;0;0;0;48;2;0;0;0m▀[38;2;0;0;0;48;2;0;0;0m▀[0m [0m
[0m [0m [0m [0m [0m [0m [0m [0m [0m [0m [0m [0m [38;2;0;0;0;48;2;0;0;0m▀[38;2;90;73;149;48;2;90;73;149m▀[38;2;174;166;246;48;2;174;166;246m▀[38;2;174;166;246;48;2;174;166;246m▀[38;2;174;166;246;48;2;174;166;246m▀[38;2;174;166;246;48;2;174;166;246m▀[38;2;140;116;214;48;2;140;116;214m▀[38;2;90;73;149;48;2;116;90;174m▀[38;2;0;0;0;48;2;90;73;149m▀[38;2;0;0;0;48;2;90;73;149m▀[38;2;0;0;0;48;2;0;0;0m▀[38;2;0;0;0m▄[0m [0m [0m [0m [0m [0m [0m [0m [0m [0m [0m [0m [0m [0m [0m [0m [0m [0m [38;2;0;0;0;48;2;0;0;0m▀[38;2;54;54;81;48;2;54;54;81m▀[38;2;140;116;214;48;2;140;116;214m▀[38;2;0;0;0;48;2;116;90;174m▀[38;2;0;0;0;48;2;116;90;174m▀[38;2;0;0;0;48;2;0;0;0m▀[38;2;0;0;0m▄[0m
[0m [0m [0m [0m [0m [0m [0m [0m [0m [0m [0m [0m [38;2;0;0;0;48;2;0;0;0m▀[38;2;90;73;149;48;2;90;73;149m▀[38;2;174;166;246;48;2;174;166;246m▀[38;2;174;166;246;48;2;174;166;246m▀[38;2;174;166;246;48;2;174;166;246m▀[38;2;174;166;246;48;2;174;166;246m▀[38;2;140;116;214;48;2;140;116;214m▀[38;2;116;90;174;48;2;140;116;214m▀[38;2;90;73;149;48;2;90;73;149m▀[38;2;90;73;149;48;2;90;73;149m▀[38;2;0;0;0;48;2;0;0;0m▀[38;2;0;0;0;48;2;0;0;0m▀[0m [0m [0m [0m [0m [0m [0m [0m [0m [0m [0m [0m [0m [0m [0m [0m [0m [38;2;0;0;0m▄[38;2;0;0;0;48;2;54;54;81m▀[38;2;54;54;81;48;2;140;116;214m▀[38;2;140;116;214;48;2;140;116;214m▀[38;2;116;90;174;48;2;116;90;174m▀[38;2;116;90;174;48;2;116;90;174m▀[38;2;0;0;0;48;2;0;0;0m▀[38;2;0;0;0;48;2;0;0;0m▀[0m
[0m [0m [0m [0m [0m [0m [0m [38;2;0;0;0m▄[0m [0m [0m [38;2;0;0;0;48;2;0;0;0m▀[38;2;90;73;149;48;2;90;73;149m▀[38;2;174;166;246;48;2;174;166;246m▀[38;2;174;166;246;48;2;174;166;246m▀[38;2;174;166;246;48;2;174;166;246m▀[38;2;174;166;246;48;2;174;166;246m▀[38;2;140;116;214;48;2;140;116;214m▀[38;2;140;116;214;48;2;140;116;214m▀[38;2;140;116;214;48;2;140;116;214m▀[38;2;90;73;149;48;2;90;73;149m▀[38;2;90;73;149;48;2;90;73;149m▀[38;2;0;0;0;48;2;0;0;0m▀[38;2;0;0;0;48;2;0;0;0m▀[0m [0m [0m [0m [0m [0m [0m [0m [0m [0m [0m [0m [0m [0m [0m [0m [0m [38;2;0;0;0;48;2;0;0;0m▀[38;2;54;54;81;48;2;54;54;81m▀[38;2;140;116;214;48;2;140;116;214m▀[38;2;140;116;214;48;2;140;116;214m▀[38;2;116;90;174;48;2;116;90;174m▀[38;2;116;90;174;48;2;116;90;174m▀[38;2;0;0;0;48;2;0;0;0m▀[38;2;0;0;0;48;2;0;0;0m▀[0m
[0m [0m [0m [0m [0m [38;2;0;0;0m▄[38;2;0;0;0;48;2;90;73;149m▀[38;2;54;54;81;48;2;174;166;246m▀[38;2;0;0;0;48;2;54;54;81m▀[38;2;0;0;0;48;2;54;54;81m▀[38;2;0;0;0m▄[38;2;0;0;0;48;2;0;0;0m▀[38;2;90;73;149;48;2;90;73;149m▀[38;2;174;166;246;48;2;174;166;246m▀[38;2;174;166;246;48;2;174;166;246m▀[38;2;174;166;246;48;2;174;166;246m▀[38;2;174;166;246;48;2;174;166;246m▀[38;2;140;116;214;48;2;140;116;214m▀[38;2;140;116;214;48;2;140;116;214m▀[38;2;140;116;214;48;2;140;116;214m▀[38;2;90;73;149;48;2;116;90;174m▀[38;2;90;73;149;48;2;116;90;174m▀[38;2;0;0;0;48;2;0;0;0m▀[38;2;0;0;0;48;2;0;0;0m▀[0m [0m [0m [0m [0m [0m [0m [0m [0m [0m [0m [0m [0m [0m [0m [0m [0m [38;2;0;0;0;48;2;0;0;0m▀[38;2;54;54;81;48;2;54;54;81m▀[38;2;140;116;214;48;2;140;116;214m▀[38;2;116;90;174;48;2;116;90;174m▀[38;2;116;90;174;48;2;116;90;174m▀[38;2;116;90;174;48;2;116;90;174m▀[38;2;90;73;149;48;2;90;73;149m▀[38;2;0;0;0;48;2;0;0;0m▀[0m
[0m [0m [0m [0m [0m [38;2;0;0;0;48;2;0;0;0m▀[38;2;90;73;149;48;2;90;73;149m▀[38;2;174;166;246;48;2;174;166;246m▀[38;2;140;116;214;48;2;174;166;246m▀[38;2;140;116;214;48;2;174;166;246m▀[38;2;54;54;81;48;2;54;54;81m▀[38;2;0;0;0;48;2;0;0;0m▀[38;2;90;73;149;48;2;90;73;149m▀[38;2;174;166;246;48;2;174;166;246m▀[38;2;174;166;246;48;2;174;166;246m▀[38;2;174;166;246;48;2;174;166;246m▀[38;2;174;166;246;48;2;174;166;246m▀[38;2;140;116;214;48;2;140;116;214m▀[38;2;140;116;214;48;2;140;116;214m▀[38;2;140;116;214;48;2;140;116;214m▀[38;2;116;90;174;48;2;116;90;174m▀[38;2;116;90;174;48;2;116;90;174m▀[38;2;90;73;149;48;2;90;73;149m▀[38;2;0;0;0;48;2;0;0;0m▀[38;2;0;0;0;48;2;0;0;0m▀[38;2;0;0;0m▄[38;2;0;0;0m▄[38;2;0;0;0;48;2;54;54;81m▀[38;2;0;0;0;48;2;54;54;81m▀[38;2;0;0;0;48;2;54;54;81m▀[38;2;0;0;0;48;2;54;54;81m▀[38;2;0;0;0;48;2;54;54;81m▀[38;2;0;0;0;48;2;54;54;81m▀[38;2;0;0;0;48;2;54;54;81m▀[38;2;0;0;0;48;2;54;54;81m▀[38;2;0;0;0m▄[38;2;0;0;0m▄[38;2;0;0;0m▄[0m [0m [38;2;0;0;0m▄[38;2;0;0;0;48;2;54;54;81m▀[38;2;54;54;81;48;2;140;116;214m▀[38;2;140;116;214;48;2;140;116;214m▀[38;2;116;90;174;48;2;116;90;174m▀[38;2;116;90;174;48;2;116;90;174m▀[38;2;116;90;174;48;2;116;90;174m▀[38;2;90;73;149;48;2;90;73;149m▀[38;2;0;0;0;48;2;0;0;0m▀[0m
[0m [0m [0m [0m [0m [0m [38;2;0;0;0;48;2;0;0;0m▀[38;2;90;73;149;48;2;90;73;149m▀[38;2;174;166;246;48;2;174;166;246m▀[38;2;174;166;246;48;2;174;166;246m▀[38;2;140;116;214;48;2;140;116;214m▀[38;2;54;54;81;48;2;54;54;81m▀[38;2;90;73;149;48;2;90;73;149m▀[38;2;174;166;246;48;2;174;166;246m▀[38;2;174;166;246;48;2;174;166;246m▀[38;2;174;166;246;48;2;174;166;246m▀[38;2;174;166;246;48;2;174;166;246m▀[38;2;140;116;214;48;2;140;116;214m▀[38;2;140;116;214;48;2;140;116;214m▀[38;2;140;116;214;48;2;140;116;214m▀[38;2;116;90;174;48;2;116;90;174m▀[38;2;116;90;174;48;2;116;90;174m▀[38;2;90;73;149;48;2;90;73;149m▀[38;2;0;0;0;48;2;0;0;0m▀[38;2;54;54;81;48;2;54;54;81m▀[38;2;54;54;81;48;2;54;54;81m▀[38;2;54;54;81;48;2;54;54;81m▀[38;2;140;116;214;48;2;140;116;214m▀[38;2;140;116;214;48;2;140;116;214m▀[38;2;174;166;246;48;2;174;166;246m▀[38;2;174;166;246;48;2;174;166;246m▀[38;2;140;116;214;48;2;140;116;214m▀[38;2;140;116;214;48;2;140;116;214m▀[38;2;90;73;149;48;2;90;73;149m▀[38;2;90;73;149;48;2;90;73;149m▀[38;2;54;54;81;48;2;54;54;81m▀[38;2;0;0;0;48;2;0;0;0m▀[38;2;0;0;0;48;2;0;0;0m▀[38;2;0;0;0;48;2;0;0;0m▀[38;2;0;0;0m▄[38;2;0;0;0;48;2;0;0;0m▀[38;2;54;54;81;48;2;54;54;81m▀[38;2;140;116;214;48;2;140;116;214m▀[38;2;140;116;214;48;2;140;116;214m▀[38;2;116;90;174;48;2;116;90;174m▀[38;2;90;73;149;48;2;90;73;149m▀[38;2;90;73;149;48;2;90;73;149m▀[38;2;90;73;149;48;2;90;73;149m▀[38;2;0;0;0;48;2;0;0;0m▀[0m
[0m [0m [0m [0m [0m [0m [38;2;0;0;0;48;2;0;0;0m▀[38;2;90;73;149;48;2;90;73;149m▀[38;2;174;166;246;48;2;174;166;246m▀[38;2;174;166;246;48;2;174;166;246m▀[38;2;174;166;246;48;2;174;166;246m▀[38;2;54;54;81;48;2;140;116;214m▀[38;2;90;73;149;48;2;90;73;149m▀[38;2;174;166;246;48;2;174;166;246m▀[38;2;174;166;246;48;2;174;166;246m▀[38;2;174;166;246;48;2;174;166;246m▀[38;2;174;166;246;48;2;174;166;246m▀[38;2;140;116;214;48;2;140;116;214m▀[38;2;140;116;214;48;2;116;90;174m▀[38;2;116;90;174;48;2;90;73;149m▀[38;2;90;73;149;48;2;54;54;81m▀[38;2;90;73;149;48;2;54;54;81m▀[38;2;54;54;81;48;2;140;116;214m▀[38;2;54;54;81;48;2;174;166;246m▀[38;2;140;116;214;48;2;116;90;174m▀[38;2;174;166;246;48;2;116;90;174m▀[38;2;174;166;246;48;2;116;90;174m▀[38;2;174;166;246;48;2;174;166;246m▀[38;2;174;166;246;48;2;174;166;246m▀[38;2;174;166;246;48;2;174;166;246m▀[38;2;174;166;246;48;2;174;166;246m▀[38;2;174;166;246;48;2;174;166;246m▀[38;2;140;116;214;48;2;140;116;214m▀[38;2;140;116;214;48;2;140;116;214m▀[38;2;140;116;214;48;2;140;116;214m▀[38;2;90;73;149;48;2;116;90;174m▀[38;2;116;90;174;48;2;90;73;149m▀[38;2;116;90;174;48;2;116;90;174m▀[38;2;0;0;0;48;2;116;90;174m▀[38;2;0;0;0;48;2;132;198;214m▀[38;2;0;0;0;48;2;132;198;214m▀[38;2;54;54;81;48;2;132;198;214m▀[38;2;132;198;214;48;2;181;231;246m▀[38;2;63;149;166;48;2;181;231;246m▀[38;2;63;149;166;48;2;63;149;166m▀[38;2;90;73;149;48;2;90;73;149m▀[38;2;90;73;149;48;2;90;73;149m▀[38;2;90;73;149;48;2;90;73;149m▀[38;2;0;0;0;48;2;0;0;0m▀[0m
[0m [0m [0m [0m [0m [0m [38;2;0;0;0m▀[38;2;90;73;149;48;2;0;0;0m▀[38;2;174;166;246;48;2;90;73;149m▀[38;2;174;166;246;48;2;90;73;149m▀[38;2;174;166;246;48;2;174;166;246m▀[38;2;140;116;214;48;2;174;166;246m▀[38;2;140;116;214;48;2;140;116;214m▀[38;2;90;73;149;48;2;90;73;149m▀[38;2;174;166;246;48;2;174;166;246m▀[38;2;174;166;246;48;2;174;166;246m▀[38;2;174;166;246;48;2;140;116;214m▀[38;2;140;116;214;48;2;140;116;214m▀[38;2;116;90;174;48;2;116;90;174m▀[38;2;54;54;81;48;2;140;116;214m▀[38;2;140;116;214;48;2;174;166;246m▀[38;2;140;116;214;48;2;174;166;246m▀[38;2;174;166;246;48;2;116;90;174m▀[38;2;116;90;174;48;2;181;231;246m▀[38;2;181;231;246;48;2;181;231;246m▀[38;2;132;198;214;48;2;124;140;181m▀[38;2;124;140;181;48;2;181;231;246m▀[38;2;116;90;174;48;2;181;231;246m▀[38;2;116;90;174;48;2;181;231;246m▀[38;2;174;166;246;48;2;54;54;81m▀[38;2;174;166;246;48;2;140;116;214m▀[38;2;140;116;214;48;2;140;116;214m▀[38;2;140;116;214;48;2;140;116;214m▀[38;2;140;116;214;48;2;140;116;214m▀[38;2;140;116;214;48;2;140;116;214m▀[38;2;140;116;214;48;2;132;198;214m▀[38;2;132;198;214;48;2;255;255;255m▀[38;2;132;198;214;48;2;181;231;246m▀[38;2;132;198;214;48;2;124;140;181m▀[38;2;255;255;255;48;2;181;231;246m▀[38;2;255;255;255;48;2;181;231;246m▀[38;2;181;231;246;48;2;132;198;214m▀[38;2;132;198;214;48;2;181;231;246m▀[38;2;132;198;214;48;2;63;149;166m▀[38;2;63;149;166;48;2;90;73;149m▀[38;2;90;73;149;48;2;90;73;149m▀[38;2;90;73;149;48;2;90;73;149m▀[38;2;90;73;149;48;2;90;73;149m▀[38;2;0;0;0;48;2;0;0;0m▀[0m
[0m [0m [0m [0m [0m [0m [0m [38;2;0;0;0;48;2;0;0;0m▀[38;2;90;73;149;48;2;90;73;149m▀[38;2;90;73;149;48;2;90;73;149m▀[38;2;174;166;246;48;2;174;166;246m▀[38;2;174;166;246;48;2;174;166;246m▀[38;2;140;116;214;48;2;140;116;214m▀[38;2;90;73;149;48;2;90;73;149m▀[38;2;174;166;246;48;2;174;166;246m▀[38;2;174;166;246;48;2;174;166;246m▀[38;2;140;116;214;48;2;140;116;214m▀[38;2;116;90;174;48;2;116;90;174m▀[38;2;140;116;214;48;2;140;116;214m▀[38;2;174;166;246;48;2;174;166;246m▀[38;2;116;90;174;48;2;116;90;174m▀[38;2;116;90;174;48;2;116;90;174m▀[38;2;181;231;246;48;2;181;231;246m▀[38;2;124;140;181;48;2;124;140;181m▀[38;2;255;255;255;48;2;255;255;255m▀[38;2;255;255;255;48;2;255;255;255m▀[38;2;181;231;246;48;2;181;231;246m▀[38;2;124;140;181;48;2;124;140;181m▀[38;2;124;140;181;48;2;124;140;181m▀[38;2;132;198;214;48;2;132;198;214m▀[38;2;54;54;81;48;2;54;54;81m▀[38;2;140;116;214;48;2;140;116;214m▀[38;2;140;116;214;48;2;140;116;214m▀[38;2;140;116;214;48;2;140;116;214m▀[38;2;140;116;214;48;2;140;116;214m▀[38;2;63;149;166;48;2;63;149;166m▀[38;2;181;231;246;48;2;181;231;246m▀[38;2;181;231;246;48;2;181;231;246m▀[38;2;132;198;214;48;2;132;198;214m▀[38;2;124;140;181;48;2;124;140;181m▀[38;2;124;140;181;48;2;124;140;181m▀[38;2;132;198;214;48;2;132;198;214m▀[38;2;63;149;166;48;2;63;149;166m▀[38;2;90;73;149;48;2;90;73;149m▀[38;2;0;0;0;48;2;0;0;0m▀[38;2;90;73;149;48;2;90;73;149m▀[38;2;90;73;149;48;2;90;73;149m▀[38;2;90;73;149;48;2;90;73;149m▀[38;2;0;0;0;48;2;0;0;0m▀[0m
[0m [0m [0m [0m [0m [0m [0m [38;2;0;0;0;48;2;0;0;0m▀[38;2;90;73;149;48;2;90;73;149m▀[38;2;90;73;149;48;2;90;73;149m▀[38;2;174;166;246;48;2;174;166;246m▀[38;2;174;166;246;48;2;174;166;246m▀[38;2;140;116;214;48;2;140;116;214m▀[38;2;140;116;214;48;2;140;116;214m▀[38;2;140;116;214;48;2;140;116;214m▀[38;2;140;116;214;48;2;140;116;214m▀[38;2;140;116;214;48;2;116;90;174m▀[38;2;116;90;174;48;2;140;116;214m▀[38;2;174;166;246;48;2;174;166;246m▀[38;2;174;166;246;48;2;174;166;246m▀[38;2;116;90;174;48;2;116;90;174m▀[38;2;116;90;174;48;2;116;90;174m▀[38;2;181;231;246;48;2;181;231;246m▀[38;2;255;255;255;48;2;255;255;255m▀[38;2;255;255;255;48;2;255;255;255m▀[38;2;255;255;255;48;2;255;255;255m▀[38;2;255;255;255;48;2;255;255;255m▀[38;2;132;198;214;48;2;124;140;181m▀[38;2;132;198;214;48;2;124;140;181m▀[38;2;132;198;214;48;2;132;198;214m▀[38;2;54;54;81;48;2;54;54;81m▀[38;2;140;116;214;48;2;140;116;214m▀[38;2;140;116;214;48;2;140;116;214m▀[38;2;140;116;214;48;2;140;116;214m▀[38;2;140;116;214;48;2;140;116;214m▀[38;2;63;149;166;48;2;140;116;214m▀[38;2;181;231;246;48;2;63;149;166m▀[38;2;132;198;214;48;2;63;149;166m▀[38;2;181;231;246;48;2;63;149;166m▀[38;2;63;149;166;48;2;116;90;174m▀[38;2;63;149;166;48;2;116;90;174m▀[38;2;63;149;166;48;2;90;73;149m▀[38;2;90;73;149;48;2;90;73;149m▀[38;2;90;73;149;48;2;90;73;149m▀[38;2;0;0;0;48;2;90;73;149m▀[38;2;90;73;149;48;2;0;0;0m▀[38;2;90;73;149;48;2;0;0;0m▀[38;2;90;73;149;48;2;90;73;149m▀[38;2;0;0;0;48;2;0;0;0m▀[0m
[0m [0m [0m [0m [0m [0m [0m [0m [38;2;0;0;0m▀[38;2;0;0;0;48;2;0;0;0m▀[38;2;90;73;149;48;2;198;8;26m▀[38;2;174;166;246;48;2;198;8;26m▀[38;2;174;166;246;48;2;198;8;26m▀[38;2;140;116;214;48;2;140;116;214m▀[38;2;140;116;214;48;2;140;116;214m▀[38;2;140;116;214;48;2;140;116;214m▀[38;2;54;54;81;48;2;54;54;81m▀[38;2;140;116;214;48;2;174;166;246m▀[38;2;174;166;246;48;2;174;166;246m▀[38;2;174;166;246;48;2;174;166;246m▀[38;2;116;90;174;48;2;140;116;214m▀[38;2;116;90;174;48;2;140;116;214m▀[38;2;181;231;246;48;2;116;90;174m▀[38;2;124;140;181;48;2;132;198;214m▀[38;2;255;255;255;48;2;132;198;214m▀[38;2;255;255;255;48;2;124;140;181m▀[38;2;181;231;246;48;2;132;198;214m▀[38;2;132;198;214;48;2;63;149;166m▀[38;2;132;198;214;48;2;63;149;166m▀[38;2;124;140;181;48;2;54;54;81m▀[38;2;54;54;81;48;2;140;116;214m▀[38;2;140;116;214;48;2;140;116;214m▀[38;2;140;116;214;48;2;140;116;214m▀[38;2;140;116;214;48;2;140;116;214m▀[38;2;140;116;214;48;2;140;116;214m▀[38;2;140;116;214;48;2;140;116;214m▀[38;2;90;73;149;48;2;90;73;149m▀[38;2;116;90;174;48;2;116;90;174m▀[38;2;116;90;174;48;2;116;90;174m▀[38;2;116;90;174;48;2;90;73;149m▀[38;2;116;90;174;48;2;90;73;149m▀[38;2;90;73;149;48;2;54;54;81m▀[38;2;54;54;81;48;2;255;255;255m▀[38;2;54;54;81;48;2;124;140;181m▀[38;2;54;54;81;48;2;132;198;214m▀[38;2;0;0;0;48;2;54;54;81m▀[38;2;0;0;0;48;2;54;54;81m▀[38;2;90;73;149;48;2;0;0;0m▀[38;2;0;0;0;48;2;0;0;0m▀[0m
[0m [0m [0m [0m [38;2;0;0;0m▄[38;2;0;0;0m▄[38;2;0;0;0m▄[38;2;0;0;0m▄[0m [38;2;0;0;0;48;2;0;0;0m▀[38;2;198;8;26;48;2;198;8;26m▀[38;2;255;255;255;48;2;255;255;255m▀[38;2;255;149;174;48;2;255;149;174m▀[38;2;198;8;26;48;2;198;8;26m▀[38;2;121;8;0;48;2;121;8;0m▀[38;2;121;8;0;48;2;121;8;0m▀[38;2;54;54;81;48;2;54;54;81m▀[38;2;174;166;246;48;2;174;166;246m▀[38;2;140;116;214;48;2;140;116;214m▀[38;2;54;54;81;48;2;54;54;81m▀[38;2;174;166;246;48;2;174;166;246m▀[38;2;174;166;246;48;2;174;166;246m▀[38;2;140;116;214;48;2;140;116;214m▀[38;2;54;54;81;48;2;54;54;81m▀[38;2;132;198;214;48;2;132;198;214m▀[38;2;124;140;181;48;2;124;140;181m▀[38;2;63;149;166;48;2;63;149;166m▀[38;2;54;54;81;48;2;54;54;81m▀[38;2;54;54;81;48;2;54;54;81m▀[38;2;140;116;214;48;2;140;116;214m▀[38;2;140;116;214;48;2;140;116;214m▀[38;2;140;116;214;48;2;140;116;214m▀[38;2;140;116;214;48;2;140;116;214m▀[38;2;140;116;214;48;2;140;116;214m▀[38;2;140;116;214;48;2;140;116;214m▀[38;2;140;116;214;48;2;140;116;214m▀[38;2;90;73;149;48;2;90;73;149m▀[38;2;116;90;174;48;2;116;90;174m▀[38;2;116;90;174;48;2;116;90;174m▀[38;2;54;54;81;48;2;54;54;81m▀[38;2;54;54;81;48;2;54;54;81m▀[38;2;255;255;255;48;2;255;255;255m▀[38;2;181;231;246;48;2;181;231;246m▀[38;2;124;140;181;48;2;124;140;181m▀[38;2;132;198;214;48;2;132;198;214m▀[38;2;132;198;214;48;2;132;198;214m▀[38;2;132;198;214;48;2;132;198;214m▀[38;2;54;54;81;48;2;54;54;81m▀[38;2;0;0;0;48;2;0;0;0m▀[0m
[0m [38;2;0;0;0m▄[38;2;0;0;0;48;2;63;149;166m▀[38;2;0;0;0;48;2;63;149;166m▀[38;2;63;149;166;48;2;132;198;214m▀[38;2;63;149;166;48;2;181;231;246m▀[38;2;63;149;166;48;2;181;231;246m▀[38;2;63;149;166;48;2;132;198;214m▀[38;2;0;0;0;48;2;63;149;166m▀[38;2;0;0;0;48;2;63;149;166m▀[38;2;0;0;0;48;2;63;149;166m▀[38;2;198;8;26;48;2;63;149;166m▀[38;2;255;73;90;48;2;121;8;0m▀[38;2;255;149;174;48;2;255;73;90m▀[38;2;255;73;90;48;2;198;8;26m▀[38;2;255;73;90;48;2;198;8;26m▀[38;2;54;54;81;48;2;54;54;81m▀[38;2;140;116;214;48;2;140;116;214m▀[38;2;140;116;214;48;2;140;116;214m▀[38;2;54;54;81;48;2;54;54;81m▀[38;2;54;54;81;48;2;121;8;0m▀[38;2;54;54;81;48;2;121;8;0m▀[38;2;174;166;246;48;2;54;54;81m▀[38;2;140;116;214;48;2;174;166;246m▀[38;2;54;54;81;48;2;140;116;214m▀[38;2;54;54;81;48;2;140;116;214m▀[38;2;54;54;81;48;2;140;116;214m▀[38;2;140;116;214;48;2;140;116;214m▀[38;2;140;116;214;48;2;140;116;214m▀[38;2;140;116;214;48;2;140;116;214m▀[38;2;140;116;214;48;2;140;116;214m▀[38;2;140;116;214;48;2;140;116;214m▀[38;2;140;116;214;48;2;140;116;214m▀[38;2;140;116;214;48;2;140;116;214m▀[38;2;140;116;214;48;2;140;116;214m▀[38;2;90;73;149;48;2;90;73;149m▀[38;2;116;90;174;48;2;116;90;174m▀[38;2;116;90;174;48;2;116;90;174m▀[38;2;54;54;81;48;2;54;54;81m▀[38;2;181;231;246;48;2;255;255;255m▀[38;2;181;231;246;48;2;255;255;255m▀[38;2;124;140;181;48;2;132;198;214m▀[38;2;132;198;214;48;2;181;231;246m▀[38;2;181;231;246;48;2;181;231;246m▀[38;2;181;231;246;48;2;181;231;246m▀[38;2;63;149;166;48;2;132;198;214m▀[38;2;63;149;166;48;2;132;198;214m▀[38;2;54;54;81;48;2;54;54;81m▀[38;2;0;0;0;48;2;0;0;0m▀[0m
[0m [38;2;0;0;0m▀[38;2;63;149;166;48;2;0;0;0m▀[38;2;63;149;166;48;2;0;0;0m▀[38;2;124;140;181;48;2;54;54;81m▀[38;2;132;198;214;48;2;54;54;81m▀[38;2;132;198;214;48;2;124;140;181m▀[38;2;181;231;246;48;2;124;140;181m▀[38;2;124;140;181;48;2;132;198;214m▀[38;2;124;140;181;48;2;132;198;214m▀[38;2;132;198;214;48;2;132;198;214m▀[38;2;181;231;246;48;2;132;198;214m▀[38;2;121;8;0;48;2;54;54;81m▀[38;2;54;54;81;48;2;116;90;174m▀[38;2;54;54;81;48;2;140;116;214m▀[38;2;54;54;81;48;2;140;116;214m▀[38;2;116;90;174;48;2;140;116;214m▀[38;2;54;54;81;48;2;140;116;214m▀[38;2;140;116;214;48;2;54;54;81m▀[38;2;54;54;81;48;2;140;116;214m▀[38;2;255;255;255;48;2;54;54;81m▀[38;2;255;255;255;48;2;54;54;81m▀[38;2;121;8;0;48;2;255;255;255m▀[38;2;54;54;81;48;2;121;8;0m▀[38;2;54;54;81;48;2;206;206;206m▀[38;2;116;90;174;48;2;54;54;81m▀[38;2;116;90;174;48;2;54;54;81m▀[38;2;140;116;214;48;2;116;90;174m▀[38;2;140;116;214;48;2;116;90;174m▀[38;2;140;116;214;48;2;116;90;174m▀[38;2;140;116;214;48;2;116;90;174m▀[38;2;140;116;214;48;2;116;90;174m▀[38;2;140;116;214;48;2;90;73;149m▀[38;2;90;73;149;48;2;116;90;174m▀[38;2;90;73;149;48;2;116;90;174m▀[38;2;116;90;174;48;2;116;90;174m▀[38;2;116;90;174;48;2;116;90;174m▀[38;2;116;90;174;48;2;116;90;174m▀[38;2;54;54;81;48;2;54;54;81m▀[38;2;255;255;255;48;2;124;140;181m▀[38;2;255;255;255;48;2;124;140;181m▀[38;2;181;231;246;48;2;124;140;181m▀[38;2;181;231;246;48;2;132;198;214m▀[38;2;181;231;246;48;2;181;231;246m▀[38;2;181;231;246;48;2;63;149;166m▀[38;2;63;149;166;48;2;54;54;81m▀[38;2;63;149;166;48;2;54;54;81m▀[38;2;54;54;81;48;2;0;0;0m▀[38;2;0;0;0m▀[0m
[0m [0m [0m [0m [38;2;0;0;0;48;2;0;0;0m▀[38;2;63;149;166;48;2;63;149;166m▀[38;2;54;54;81;48;2;54;54;81m▀[38;2;54;54;81;48;2;54;54;81m▀[38;2;132;198;214;48;2;132;198;214m▀[38;2;132;198;214;48;2;132;198;214m▀[38;2;132;198;214;48;2;132;198;214m▀[38;2;54;54;81;48;2;54;54;81m▀[38;2;116;90;174;48;2;116;90;174m▀[38;2;140;116;214;48;2;140;116;214m▀[38;2;223;140;0;48;2;223;140;0m▀[38;2;223;140;0;48;2;223;140;0m▀[38;2;223;140;0;48;2;223;140;0m▀[38;2;223;140;0;48;2;223;140;0m▀[38;2;116;90;174;48;2;116;90;174m▀[38;2;54;54;81;48;2;54;54;81m▀[38;2;140;116;214;48;2;140;116;214m▀[38;2;140;116;214;48;2;140;116;214m▀[38;2;54;54;81;48;2;54;54;81m▀[38;2;121;8;0;48;2;121;8;0m▀[38;2;255;255;255;48;2;255;255;255m▀[38;2;121;8;0;48;2;121;8;0m▀[38;2;206;206;206;48;2;206;206;206m▀[38;2;54;54;81;48;2;54;54;81m▀[38;2;54;54;81;48;2;54;54;81m▀[38;2;54;54;81;48;2;54;54;81m▀[38;2;54;54;81;48;2;54;54;81m▀[38;2;54;54;81;48;2;54;54;81m▀[38;2;54;54;81;48;2;54;54;81m▀[38;2;116;90;174;48;2;116;90;174m▀[38;2;116;90;174;48;2;116;90;174m▀[38;2;116;90;174;48;2;116;90;174m▀[38;2;116;90;174;48;2;116;90;174m▀[38;2;90;73;149;48;2;90;73;149m▀[38;2;90;73;149;48;2;90;73;149m▀[38;2;54;54;81;48;2;54;54;81m▀[38;2;54;54;81;48;2;54;54;81m▀[38;2;132;198;214;48;2;132;198;214m▀[38;2;63;149;166;48;2;63;149;166m▀[38;2;124;140;181;48;2;124;140;181m▀[38;2;54;54;81;48;2;54;54;81m▀[38;2;0;0;0;48;2;0;0;0m▀[38;2;0;0;0;48;2;0;0;0m▀[38;2;0;0;0;48;2;0;0;0m▀[0m [0m
[0m [0m [38;2;0;0;0m▄[38;2;0;0;0;48;2;0;0;0m▀[38;2;63;149;166;48;2;0;0;0m▀[38;2;255;255;255;48;2;7;198;73m▀[38;2;181;231;246;48;2;7;198;73m▀[38;2;132;198;214;48;2;7;198;73m▀[38;2;54;54;81;48;2;72;255;132m▀[38;2;54;54;81;48;2;72;255;132m▀[38;2;54;54;81;48;2;7;198;73m▀[38;2;116;90;174;48;2;116;90;174m▀[38;2;140;116;214;48;2;140;116;214m▀[38;2;140;116;214;48;2;174;166;246m▀[38;2;223;140;0;48;2;174;166;246m▀[38;2;223;140;0;48;2;174;166;246m▀[38;2;255;255;255;48;2;223;140;0m▀[38;2;246;190;0;48;2;255;255;132m▀[38;2;223;140;0;48;2;246;190;0m▀[38;2;116;90;174;48;2;223;140;0m▀[38;2;0;0;0;48;2;90;73;149m▀[38;2;0;0;0;48;2;90;73;149m▀[38;2;0;0;0;48;2;116;90;174m▀[38;2;0;0;0;48;2;90;73;149m▀[38;2;121;8;0;48;2;0;0;0m▀[38;2;121;8;0;48;2;198;8;26m▀[38;2;255;255;255;48;2;198;8;26m▀[38;2;206;206;206;48;2;121;8;0m▀[38;2;206;206;206;48;2;121;8;0m▀[38;2;54;54;81;48;2;54;54;81m▀[38;2;255;255;255;48;2;255;255;255m▀[38;2;255;255;255;48;2;206;206;206m▀[38;2;206;206;206;48;2;206;206;206m▀[38;2;0;0;0;48;2;0;0;0m▀[38;2;0;0;0;48;2;0;0;0m▀[38;2;54;54;81;48;2;206;206;206m▀[38;2;90;73;149;48;2;54;54;81m▀[38;2;90;73;149;48;2;54;54;81m▀[38;2;90;73;149;48;2;54;54;81m▀[38;2;90;73;149;48;2;54;54;81m▀[38;2;90;73;149;48;2;54;54;81m▀[38;2;54;54;81;48;2;0;0;0m▀[38;2;54;54;81;48;2;90;73;149m▀[38;2;54;54;81;48;2;90;73;149m▀[38;2;0;0;0;48;2;0;0;0m▀[38;2;0;0;0;48;2;0;0;0m▀[38;2;0;0;0m▀[0m [0m [0m
[38;2;0;0;0m▄[38;2;0;0;0;48;2;7;198;73m▀[38;2;7;198;73;48;2;255;255;255m▀[38;2;7;198;73;48;2;255;255;255m▀[38;2;7;198;73;48;2;72;255;132m▀[38;2;255;255;255;48;2;72;255;132m▀[38;2;7;198;73;48;2;72;255;132m▀[38;2;72;255;132;48;2;7;198;73m▀[38;2;72;255;132;48;2;7;198;73m▀[38;2;72;255;132;48;2;7;198;73m▀[38;2;7;198;73;48;2;0;0;0m▀[38;2;116;90;174;48;2;140;116;214m▀[38;2;124;140;181;48;2;124;140;181m▀[38;2;63;149;166;48;2;181;231;246m▀[38;2;63;149;166;48;2;124;140;181m▀[38;2;63;149;166;48;2;124;140;181m▀[38;2;223;140;0;48;2;132;198;214m▀[38;2;255;255;132;48;2;223;140;0m▀[38;2;246;190;0;48;2;223;140;0m▀[38;2;223;140;0;48;2;116;90;174m▀[38;2;116;90;174;48;2;140;116;214m▀[38;2;116;90;174;48;2;140;116;214m▀[38;2;140;116;214;48;2;174;166;246m▀[38;2;116;90;174;48;2;140;116;214m▀[38;2;90;73;149;48;2;116;90;174m▀[38;2;0;0;0;48;2;90;73;149m▀[38;2;124;140;181;48;2;0;0;0m▀[38;2;198;8;26;48;2;206;206;206m▀[38;2;198;8;26;48;2;206;206;206m▀[38;2;54;54;81;48;2;198;8;26m▀[38;2;206;206;206;48;2;0;0;0m▀[38;2;206;206;206;48;2;0;0;0m▀[38;2;0;0;0;48;2;124;140;181m▀[38;2;121;8;0;48;2;121;8;0m▀[38;2;121;8;0;48;2;121;8;0m▀[38;2;206;206;206;48;2;124;140;181m▀[38;2;124;140;181;48;2;121;8;0m▀[38;2;206;206;206;48;2;124;140;181m▀[38;2;206;206;206;48;2;0;0;0m▀[38;2;0;0;0;48;2;90;73;149m▀[38;2;0;0;0;48;2;90;73;149m▀[38;2;90;73;149;48;2;0;0;0m▀[38;2;90;73;149;48;2;0;0;0m▀[38;2;0;0;0;48;2;0;0;0m▀[38;2;0;0;0m▀[0m [0m [0m [0m [0m
[0m [38;2;0;0;0;48;2;0;0;0m▀[38;2;0;0;0;48;2;0;0;0m▀[38;2;0;0;0;48;2;0;0;0m▀[38;2;0;0;0;48;2;0;0;0m▀[38;2;0;0;0;48;2;0;0;0m▀[38;2;0;0;0;48;2;0;0;0m▀[38;2;0;0;0;48;2;0;0;0m▀[38;2;0;0;0;48;2;0;0;0m▀[38;2;0;0;0;48;2;0;0;0m▀[38;2;116;90;174;48;2;116;90;174m▀[38;2;174;166;246;48;2;174;166;246m▀[38;2;174;166;246;48;2;174;166;246m▀[38;2;124;140;181;48;2;124;140;181m▀[38;2;63;149;166;48;2;63;149;166m▀[38;2;63;149;166;48;2;63;149;166m▀[38;2;54;54;81;48;2;54;54;81m▀[38;2;116;90;174;48;2;116;90;174m▀[38;2;116;90;174;48;2;116;90;174m▀[38;2;140;116;214;48;2;140;116;214m▀[38;2;174;166;246;48;2;174;166;246m▀[38;2;174;166;246;48;2;174;166;246m▀[38;2;174;166;246;48;2;174;166;246m▀[38;2;174;166;246;48;2;174;166;246m▀[38;2;140;116;214;48;2;140;116;214m▀[38;2;116;90;174;48;2;116;90;174m▀[38;2;90;73;149;48;2;90;73;149m▀[38;2;0;0;0;48;2;0;0;0m▀[38;2;0;0;0;48;2;0;0;0m▀[38;2;124;140;181;48;2;124;140;181m▀[38;2;206;206;206;48;2;206;206;206m▀[38;2;124;140;181;48;2;124;140;181m▀[38;2;206;206;206;48;2;206;206;206m▀[38;2;124;140;181;48;2;124;140;181m▀[38;2;124;140;181;48;2;124;140;181m▀[38;2;206;206;206;48;2;206;206;206m▀[38;2;124;140;181;48;2;124;140;181m▀[38;2;0;0;0;48;2;0;0;0m▀[38;2;0;0;0;48;2;0;0;0m▀[38;2;0;0;0;48;2;0;0;0m▀[38;2;0;0;0;48;2;0;0;0m▀[38;2;0;0;0;48;2;0;0;0m▀[38;2;0;0;0m▀[0m [0m [0m [0m [0m [0m [0m
[38;2;0;0;0;48;2;54;54;81m▀[38;2;54;54;81;48;2;174;166;246m▀[38;2;174;166;246;48;2;140;116;214m▀[38;2;174;166;246;48;2;140;116;214m▀[38;2;140;116;214;48;2;198;8;26m▀[38;2;198;8;26;48;2;255;149;174m▀[38;2;255;149;174;48;2;255;73;90m▀[38;2;255;73;90;48;2;198;8;26m▀[38;2;121;8;0;48;2;121;8;0m▀[38;2;121;8;0;48;2;121;8;0m▀[38;2;140;116;214;48;2;140;116;214m▀[38;2;174;166;246;48;2;174;166;246m▀[38;2;198;8;26;48;2;174;166;246m▀[38;2;255;73;90;48;2;121;8;0m▀[38;2;121;8;0;48;2;116;90;174m▀[38;2;121;8;0;48;2;116;90;174m▀[38;2;116;90;174;48;2;140;116;214m▀[38;2;140;116;214;48;2;174;166;246m▀[38;2;54;54;81;48;2;174;166;246m▀[38;2;54;54;81;48;2;140;116;214m▀[38;2;54;54;81;48;2;116;90;174m▀[38;2;54;54;81;48;2;116;90;174m▀[38;2;54;54;81;48;2;90;73;149m▀[38;2;140;116;214;48;2;54;54;81m▀[38;2;116;90;174;48;2;90;73;149m▀[38;2;116;90;174;48;2;116;90;174m▀[38;2;90;73;149;48;2;90;73;149m▀[38;2;0;0;0;48;2;0;0;0m▀[38;2;0;0;0;48;2;0;0;0m▀[38;2;0;0;0;48;2;90;73;149m▀[38;2;0;0;0;48;2;90;73;149m▀[38;2;0;0;0;48;2;54;54;81m▀[38;2;0;0;0;48;2;54;54;81m▀[38;2;0;0;0;48;2;0;0;0m▀[38;2;0;0;0;48;2;0;0;0m▀[38;2;0;0;0;48;2;0;0;0m▀[38;2;0;0;0;48;2;0;0;0m▀[38;2;0;0;0m▀[38;2;0;0;0m▀[38;2;0;0;0m▀[38;2;0;0;0m▀[0m [0m [0m [0m [0m [0m [0m [0m [0m
[38;2;54;54;81;48;2;54;54;81m▀[38;2;174;166;246;48;2;174;166;246m▀[38;2;140;116;214;48;2;140;116;214m▀[38;2;140;116;214;48;2;140;116;214m▀[38;2;121;8;0;48;2;116;90;174m▀[38;2;121;8;0;48;2;0;0;0m▀[38;2;121;8;0;48;2;116;90;174m▀[38;2;121;8;0;48;2;140;116;214m▀[38;2;140;116;214;48;2;140;116;214m▀[38;2;140;116;214;48;2;140;116;214m▀[38;2;140;116;214;48;2;140;116;214m▀[38;2;140;116;214;48;2;140;116;214m▀[38;2;174;166;246;48;2;140;116;214m▀[38;2;174;166;246;48;2;140;116;214m▀[38;2;140;116;214;48;2;174;166;246m▀[38;2;140;116;214;48;2;174;166;246m▀[38;2;174;166;246;48;2;140;116;214m▀[38;2;140;116;214;48;2;140;116;214m▀[38;2;140;116;214;48;2;116;90;174m▀[38;2;140;116;214;48;2;116;90;174m▀[38;2;140;116;214;48;2;140;116;214m▀[38;2;140;116;214;48;2;140;116;214m▀[38;2;116;90;174;48;2;140;116;214m▀[38;2;90;73;149;48;2;116;90;174m▀[38;2;54;54;81;48;2;90;73;149m▀[38;2;90;73;149;48;2;0;0;0m▀[38;2;90;73;149;48;2;90;73;149m▀[38;2;90;73;149;48;2;90;73;149m▀[38;2;90;73;149;48;2;90;73;149m▀[38;2;0;0;0;48;2;0;0;0m▀[38;2;90;73;149;48;2;0;0;0m▀[38;2;90;73;149;48;2;90;73;149m▀[38;2;90;73;149;48;2;54;54;81m▀[38;2;54;54;81;48;2;7;198;73m▀[38;2;54;54;81;48;2;7;198;73m▀[38;2;0;0;0;48;2;0;166;116m▀[38;2;0;0;0m▄[0m [0m [0m [0m [0m [0m [0m [0m [0m [0m [0m [0m [0m
[38;2;0;0;0;48;2;0;0;0m▀[38;2;54;54;81;48;2;54;54;81m▀[38;2;174;166;246;48;2;174;166;246m▀[38;2;174;166;246;48;2;174;166;246m▀[38;2;140;116;214;48;2;140;116;214m▀[38;2;0;0;0;48;2;0;0;0m▀[38;2;90;73;149;48;2;90;73;149m▀[38;2;116;90;174;48;2;116;90;174m▀[38;2;116;90;174;48;2;116;90;174m▀[38;2;116;90;174;48;2;116;90;174m▀[38;2;140;116;214;48;2;140;116;214m▀[38;2;140;116;214;48;2;140;116;214m▀[38;2;140;116;214;48;2;140;116;214m▀[38;2;54;54;81;48;2;54;54;81m▀[38;2;174;166;246;48;2;174;166;246m▀[38;2;174;166;246;48;2;174;166;246m▀[38;2;140;116;214;48;2;140;116;214m▀[38;2;116;90;174;48;2;116;90;174m▀[38;2;116;90;174;48;2;116;90;174m▀[38;2;116;90;174;48;2;116;90;174m▀[38;2;140;116;214;48;2;140;116;214m▀[38;2;140;116;214;48;2;140;116;214m▀[38;2;140;116;214;48;2;140;116;214m▀[38;2;116;90;174;48;2;116;90;174m▀[38;2;90;73;149;48;2;90;73;149m▀[38;2;0;0;0;48;2;0;0;0m▀[38;2;90;73;149;48;2;90;73;149m▀[38;2;90;73;149;48;2;90;73;149m▀[38;2;90;73;149;48;2;90;73;149m▀[38;2;0;0;0;48;2;0;0;0m▀[38;2;0;0;0;48;2;0;0;0m▀[38;2;0;0;0;48;2;0;0;0m▀[38;2;0;166;116;48;2;0;166;116m▀[38;2;72;255;132;48;2;72;255;132m▀[38;2;72;255;132;48;2;72;255;132m▀[38;2;0;166;116;48;2;0;166;116m▀[38;2;0;0;0;48;2;0;0;0m▀[0m [0m [0m [0m [0m [0m [0m [0m [0m [0m [0m [0m [0m
[38;2;0;0;0m▄[38;2;0;0;0;48;2;54;54;81m▀[38;2;54;54;81;48;2;116;90;174m▀[38;2;54;54;81;48;2;116;90;174m▀[38;2;116;90;174;48;2;90;73;149m▀[38;2;90;73;149;48;2;90;73;149m▀[38;2;0;0;0;48;2;0;0;0m▀[38;2;90;73;149;48;2;90;73;149m▀[38;2;90;73;149;48;2;90;73;149m▀[38;2;90;73;149;48;2;90;73;149m▀[38;2;116;90;174;48;2;90;73;149m▀[38;2;116;90;174;48;2;90;73;149m▀[38;2;54;54;81;48;2;54;54;81m▀[38;2;174;166;246;48;2;174;166;246m▀[38;2;140;116;214;48;2;140;116;214m▀[38;2;140;116;214;48;2;140;116;214m▀[38;2;140;116;214;48;2;140;116;214m▀[38;2;116;90;174;48;2;140;116;214m▀[38;2;116;90;174;48;2;140;116;214m▀[38;2;140;116;214;48;2;140;116;214m▀[38;2;140;116;214;48;2;140;116;214m▀[38;2;140;116;214;48;2;140;116;214m▀[38;2;140;116;214;48;2;116;90;174m▀[38;2;116;90;174;48;2;90;73;149m▀[38;2;90;73;149;48;2;90;73;149m▀[38;2;0;0;0;48;2;0;0;0m▀[38;2;90;73;149;48;2;90;73;149m▀[38;2;90;73;149;48;2;90;73;149m▀[38;2;90;73;149;48;2;90;73;149m▀[38;2;90;73;149;48;2;90;73;149m▀[38;2;0;0;0;48;2;90;73;149m▀[38;2;0;0;0;48;2;0;0;0m▀[38;2;0;0;0;48;2;0;0;0m▀[38;2;0;166;116;48;2;0;0;0m▀[38;2;0;166;116;48;2;0;0;0m▀[38;2;0;166;116;48;2;0;0;0m▀[38;2;0;0;0m▀[0m [0m [0m [0m [0m [0m [0m [0m [0m [0m [0m [0m [0m
[0m [38;2;0;0;0m▀[38;2;54;54;81;48;2;0;0;0m▀[38;2;54;54;81;48;2;0;0;0m▀[38;2;54;54;81;48;2;0;0;0m▀[38;2;54;54;81;48;2;0;0;0m▀[38;2;54;54;81;48;2;0;0;0m▀[38;2;0;0;0;48;2;0;0;0m▀[38;2;90;73;149;48;2;0;0;0m▀[38;2;90;73;149;48;2;0;0;0m▀[38;2;90;73;149;48;2;0;0;0m▀[38;2;90;73;149;48;2;90;73;149m▀[38;2;54;54;81;48;2;90;73;149m▀[38;2;174;166;246;48;2;54;54;81m▀[38;2;140;116;214;48;2;174;166;246m▀[38;2;140;116;214;48;2;174;166;246m▀[38;2;140;116;214;48;2;140;116;214m▀[38;2;140;116;214;48;2;140;116;214m▀[38;2;140;116;214;48;2;140;116;214m▀[38;2;140;116;214;48;2;116;90;174m▀[38;2;140;116;214;48;2;90;73;149m▀[38;2;140;116;214;48;2;90;73;149m▀[38;2;90;73;149;48;2;90;73;149m▀[38;2;90;73;149;48;2;0;0;0m▀[38;2;90;73;149;48;2;0;0;0m▀[38;2;0;0;0;48;2;0;0;0m▀[38;2;54;54;81;48;2;0;0;0m▀[38;2;90;73;149;48;2;54;54;81m▀[38;2;90;73;149;48;2;54;54;81m▀[38;2;90;73;149;48;2;223;140;0m▀[38;2;223;140;0;48;2;246;190;0m▀[38;2;223;140;0;48;2;255;255;132m▀[38;2;0;0;0;48;2;223;140;0m▀[38;2;0;0;0m▄[0m [0m [0m [0m [0m [0m [0m [0m [0m [0m [0m [0m [0m [0m [0m [0m
[0m [0m [0m [0m [0m [0m [0m [0m [38;2;0;0;0m▀[38;2;0;0;0m▀[38;2;0;0;0;48;2;0;0;0m▀[38;2;0;0;0;48;2;0;0;0m▀[38;2;0;0;0;48;2;0;0;0m▀[38;2;0;0;0;48;2;0;0;0m▀[38;2;54;54;81;48;2;54;54;81m▀[38;2;54;54;81;48;2;54;54;81m▀[38;2;174;166;246;48;2;174;166;246m▀[38;2;116;90;174;48;2;116;90;174m▀[38;2;116;90;174;48;2;116;90;174m▀[38;2;90;73;149;48;2;90;73;149m▀[38;2;0;0;0;48;2;0;0;0m▀[38;2;0;0;0;48;2;0;0;0m▀[38;2;0;0;0;48;2;0;0;0m▀[38;2;54;54;81;48;2;54;54;81m▀[38;2;63;149;166;48;2;63;149;166m▀[38;2;63;149;166;48;2;63;149;166m▀[38;2;0;0;0;48;2;0;0;0m▀[38;2;0;0;0m▀[38;2;0;0;0;48;2;0;0;0m▀[38;2;54;54;81;48;2;54;54;81m▀[38;2;223;140;0;48;2;223;140;0m▀[38;2;223;140;0;48;2;223;140;0m▀[38;2;223;140;0;48;2;223;140;0m▀[38;2;0;0;0;48;2;0;0;0m▀[0m [0m [0m [0m [0m [0m [0m [0m [0m [0m [0m [0m [0m [0m [0m [0m
[0m [0m [0m [0m [0m [0m [0m [0m [0m [0m [0m [38;2;0;0;0m▀[38;2;0;0;0m▀[38;2;54;54;81;48;2;0;0;0m▀[38;2;116;90;174;48;2;0;0;0m▀[38;2;116;90;174;48;2;0;0;0m▀[38;2;116;90;174;48;2;0;0;0m▀[38;2;90;73;149;48;2;0;0;0m▀[38;2;90;73;149;48;2;0;0;0m▀[38;2;90;73;149;48;2;0;0;0m▀[38;2;90;73;149;48;2;0;0;0m▀[38;2;90;73;149;48;2;0;0;0m▀[38;2;90;73;149;48;2;0;0;0m▀[38;2;124;140;181;48;2;0;0;0m▀[38;2;132;198;214;48;2;54;54;81m▀[38;2;181;231;246;48;2;54;54;81m▀[38;2;63;149;166;48;2;54;54;81m▀[38;2;0;0;0;48;2;0;0;0m▀[0m [38;2;0;0;0m▀[38;2;0;0;0m▀[38;2;0;0;0m▀[38;2;0;0;0m▀[0m [0m [0m [0m [0m [0m [0m [0m [0m [0m [0m [0m [0m [0m [0m [0m [0m
