[0m [0m [0m [0m [0m [0m [0m [0m [0m [38;2;0;0;0m▄[38;2;0;0;0;48;2;0;0;0m▀[38;2;0;0;0;48;2;41;41;41m▀[38;2;0;0;0;48;2;0;0;0m▀[38;2;0;0;0m▄[0m [0m [0m [0m [0m [0m [0m [0m [0m [0m [0m [0m [0m [0m [0m [0m [0m [0m [0m [0m [0m [0m [0m [0m [0m [0m [0m [0m [0m [0m [0m [0m [0m [0m [0m [0m [0m [0m [0m [0m [38;2;0;0;0m▄[38;2;0;0;0m▄[38;2;0;0;0m▄[38;2;0;0;0m▄[38;2;0;0;0m▄[38;2;0;0;0m▄[0m [0m
[0m [0m [0m [0m [0m [0m [0m [0m [0m [38;2;0;0;0;48;2;0;0;0m▀[38;2;0;0;0;48;2;0;0;0m▀[38;2;41;41;41;48;2;41;41;41m▀[38;2;0;0;0;48;2;0;0;0m▀[38;2;0;0;0;48;2;0;0;0m▀[0m [0m [0m [0m [0m [0m [0m [0m [0m [0m [0m [0m [0m [0m [0m [0m [0m [0m [0m [0m [0m [0m [0m [0m [0m [0m [0m [0m [0m [0m [0m [0m [0m [0m [38;2;0;0;0m▄[38;2;0;0;0m▄[38;2;0;0;0m▄[38;2;0;0;0m▄[38;2;0;0;0m▄[38;2;0;0;0;48;2;0;0;0m▀[38;2;16;16;16;48;2;16;16;16m▀[38;2;16;16;16;48;2;16;16;16m▀[38;2;16;16;16;48;2;16;16;16m▀[38;2;16;16;16;48;2;16;16;16m▀[38;2;16;16;16;48;2;16;16;16m▀[38;2;16;16;16;48;2;16;16;16m▀[38;2;0;0;0;48;2;0;0;0m▀[0m
[0m [0m [0m [0m [0m [0m [0m [38;2;0;0;0m▄[38;2;0;0;0;48;2;0;0;0m▀[38;2;0;0;0;48;2;0;0;0m▀[38;2;0;0;0;48;2;41;41;41m▀[38;2;41;41;41;48;2;41;41;41m▀[38;2;41;41;41;48;2;41;41;41m▀[38;2;0;0;0;48;2;0;0;0m▀[38;2;0;0;0;48;2;0;0;0m▀[0m [38;2;0;0;0m▄[38;2;0;0;0m▄[38;2;0;0;0m▄[38;2;0;0;0m▄[0m [0m [0m [0m [0m [0m [0m [0m [0m [0m [0m [0m [0m [0m [0m [0m [0m [0m [0m [0m [0m [38;2;0;0;0m▄[38;2;0;0;0m▄[38;2;0;0;0m▄[38;2;0;0;0;48;2;16;16;16m▀[38;2;0;0;0;48;2;16;16;16m▀[38;2;0;0;0;48;2;16;16;16m▀[38;2;0;0;0;48;2;16;16;16m▀[38;2;16;16;16;48;2;139;180;238m▀[38;2;16;16;16;48;2;189;205;255m▀[38;2;16;16;16;48;2;189;205;255m▀[38;2;16;16;16;48;2;139;180;238m▀[38;2;16;16;16;48;2;139;180;238m▀[38;2;16;16;16;48;2;139;180;238m▀[38;2;98;123;180;48;2;74;65;123m▀[38;2;98;123;180;48;2;74;65;123m▀[38;2;98;123;180;48;2;74;65;123m▀[38;2;98;123;180;48;2;74;65;123m▀[38;2;98;123;180;48;2;74;65;123m▀[38;2;98;123;180;48;2;74;65;123m▀[38;2;16;16;16;48;2;0;0;0m▀[0m
[0m [0m [0m [0m [0m [0m [0m [38;2;0;0;0;48;2;0;0;0m▀[38;2;0;0;0;48;2;0;0;0m▀[38;2;0;0;0;48;2;0;0;0m▀[38;2;41;41;41;48;2;41;41;41m▀[38;2;41;41;41;48;2;65;65;74m▀[38;2;41;41;41;48;2;98;123;180m▀[38;2;74;65;123;48;2;74;65;123m▀[38;2;0;0;0;48;2;98;123;180m▀[38;2;0;0;0;48;2;98;123;180m▀[38;2;98;123;180;48;2;189;205;255m▀[38;2;98;123;180;48;2;189;205;255m▀[38;2;98;123;180;48;2;189;205;255m▀[38;2;98;123;180;48;2;98;123;180m▀[38;2;0;0;0;48;2;0;0;0m▀[0m [0m [0m [0m [0m [0m [0m [0m [0m [0m [38;2;0;0;0m▄[38;2;0;0;0m▄[38;2;0;0;0m▄[38;2;0;0;0m▄[38;2;0;0;0;48;2;41;41;41m▀[38;2;0;0;0;48;2;41;41;41m▀[38;2;0;0;0;48;2;41;41;41m▀[38;2;0;0;0;48;2;16;16;16m▀[38;2;0;0;0;48;2;16;16;16m▀[38;2;0;0;0;48;2;16;16;16m▀[38;2;16;16;16;48;2;139;180;238m▀[38;2;16;16;16;48;2;139;180;238m▀[38;2;16;16;16;48;2;189;205;255m▀[38;2;139;180;238;48;2;189;205;255m▀[38;2;139;180;238;48;2;74;65;123m▀[38;2;139;180;238;48;2;74;65;123m▀[38;2;139;180;238;48;2;74;65;123m▀[38;2;98;123;180;48;2;74;65;123m▀[38;2;98;123;180;48;2;180;82;156m▀[38;2;74;65;123;48;2;180;82;156m▀[38;2;74;65;123;48;2;180;82;156m▀[38;2;74;65;123;48;2;180;82;156m▀[38;2;74;65;123;48;2;180;82;156m▀[38;2;180;82;156;48;2;180;82;156m▀[38;2;180;82;156;48;2;115;32;90m▀[38;2;115;32;90;48;2;0;0;0m▀[38;2;0;0;0m▀[38;2;0;0;0m▀[38;2;0;0;0m▀[0m [0m
[0m [0m [0m [0m [0m [0m [0m [38;2;0;0;0;48;2;0;0;0m▀[38;2;0;0;0;48;2;0;0;0m▀[38;2;0;0;0;48;2;0;0;0m▀[38;2;65;65;74;48;2;65;65;74m▀[38;2;98;123;180;48;2;98;123;180m▀[38;2;98;123;180;48;2;98;123;180m▀[38;2;98;123;180;48;2;98;123;180m▀[38;2;74;65;123;48;2;74;65;123m▀[38;2;74;65;123;48;2;74;65;123m▀[38;2;189;205;255;48;2;189;205;255m▀[38;2;139;180;238;48;2;139;180;238m▀[38;2;98;123;180;48;2;98;123;180m▀[38;2;0;0;0;48;2;0;0;0m▀[0m [0m [0m [0m [0m [0m [0m [0m [0m [38;2;0;0;0m▄[38;2;0;0;0;48;2;0;0;0m▀[38;2;41;41;41;48;2;41;41;41m▀[38;2;41;41;41;48;2;41;41;41m▀[38;2;41;41;41;48;2;41;41;41m▀[38;2;41;41;41;48;2;41;41;41m▀[38;2;65;65;74;48;2;65;65;74m▀[38;2;65;65;74;48;2;65;65;74m▀[38;2;16;16;16;48;2;16;16;16m▀[38;2;139;180;238;48;2;139;180;238m▀[38;2;189;205;255;48;2;189;205;255m▀[38;2;189;205;255;48;2;189;205;255m▀[38;2;189;205;255;48;2;189;205;255m▀[38;2;98;123;180;48;2;98;123;180m▀[38;2;74;65;123;48;2;74;65;123m▀[38;2;74;65;123;48;2;74;65;123m▀[38;2;180;82;156;48;2;180;82;156m▀[38;2;180;82;156;48;2;180;82;156m▀[38;2;180;82;156;48;2;180;82;156m▀[38;2;180;82;156;48;2;180;82;156m▀[38;2;180;82;156;48;2;180;82;156m▀[38;2;180;82;156;48;2;180;82;156m▀[38;2;180;82;156;48;2;180;82;156m▀[38;2;180;82;156;48;2;180;82;156m▀[38;2;180;82;156;48;2;180;82;156m▀[38;2;115;32;90;48;2;115;32;90m▀[38;2;0;0;0;48;2;0;0;0m▀[0m [0m [0m [0m [0m [0m
[0m [0m [0m [0m [0m [0m [38;2;0;0;0m▄[38;2;0;0;0;48;2;98;123;180m▀[38;2;0;0;0;48;2;0;0;0m▀[38;2;0;0;0;48;2;0;0;0m▀[38;2;115;32;90;48;2;180;82;156m▀[38;2;0;0;0;48;2;115;32;90m▀[38;2;98;123;180;48;2;0;0;0m▀[38;2;98;123;180;48;2;98;123;180m▀[38;2;74;65;123;48;2;74;65;123m▀[38;2;74;65;123;48;2;74;65;123m▀[38;2;139;180;238;48;2;139;180;238m▀[38;2;139;180;238;48;2;74;65;123m▀[38;2;74;65;123;48;2;74;65;123m▀[38;2;0;0;0;48;2;74;65;123m▀[38;2;0;0;0;48;2;74;65;123m▀[38;2;0;0;0;48;2;74;65;123m▀[38;2;0;0;0;48;2;74;65;123m▀[38;2;0;0;0;48;2;74;65;123m▀[38;2;0;0;0m▄[38;2;0;0;0m▄[38;2;0;0;0;48;2;74;65;123m▀[38;2;0;0;0;48;2;74;65;123m▀[38;2;0;0;0;48;2;74;65;123m▀[38;2;74;65;123;48;2;139;180;238m▀[38;2;74;65;123;48;2;139;180;238m▀[38;2;98;123;180;48;2;139;180;238m▀[38;2;139;180;238;48;2;139;180;238m▀[38;2;139;180;238;48;2;139;180;238m▀[38;2;139;180;238;48;2;139;180;238m▀[38;2;65;65;74;48;2;65;65;74m▀[38;2;65;65;74;48;2;65;65;74m▀[38;2;74;65;123;48;2;74;65;123m▀[38;2;139;180;238;48;2;139;180;238m▀[38;2;98;123;180;48;2;115;32;90m▀[38;2;98;123;180;48;2;115;32;90m▀[38;2;74;65;123;48;2;115;32;90m▀[38;2;74;65;123;48;2;180;82;156m▀[38;2;180;82;156;48;2;180;82;156m▀[38;2;180;82;156;48;2;180;82;156m▀[38;2;180;82;156;48;2;180;82;156m▀[38;2;180;82;156;48;2;180;82;156m▀[38;2;180;82;156;48;2;180;82;156m▀[38;2;180;82;156;48;2;180;82;156m▀[38;2;180;82;156;48;2;180;82;156m▀[38;2;180;82;156;48;2;180;82;156m▀[38;2;180;82;156;48;2;115;32;90m▀[38;2;180;82;156;48;2;115;32;90m▀[38;2;115;32;90;48;2;0;0;0m▀[38;2;0;0;0m▀[0m [0m [0m [0m [0m [0m [0m
[0m [0m [0m [0m [38;2;0;0;0m▄[38;2;0;0;0;48;2;98;123;180m▀[38;2;98;123;180;48;2;189;205;255m▀[38;2;189;205;255;48;2;189;205;255m▀[38;2;189;205;255;48;2;139;180;238m▀[38;2;189;205;255;48;2;139;180;238m▀[38;2;98;49;8;48;2;98;49;8m▀[38;2;180;82;156;48;2;180;82;156m▀[38;2;0;0;0;48;2;74;65;123m▀[38;2;98;123;180;48;2;78;102;160m▀[38;2;0;0;0;48;2;78;102;160m▀[38;2;0;0;0;48;2;78;102;160m▀[38;2;74;65;123;48;2;189;205;255m▀[38;2;78;102;160;48;2;189;205;255m▀[38;2;189;205;255;48;2;189;205;255m▀[38;2;189;205;255;48;2;189;205;255m▀[38;2;189;205;255;48;2;189;205;255m▀[38;2;189;205;255;48;2;189;205;255m▀[38;2;139;180;238;48;2;189;205;255m▀[38;2;139;180;238;48;2;139;180;238m▀[38;2;78;102;160;48;2;139;180;238m▀[38;2;74;65;123;48;2;139;180;238m▀[38;2;139;180;238;48;2;139;180;238m▀[38;2;139;180;238;48;2;139;180;238m▀[38;2;139;180;238;48;2;139;180;238m▀[38;2;139;180;238;48;2;0;0;0m▀[38;2;0;0;0;48;2;115;32;90m▀[38;2;0;0;0;48;2;180;82;156m▀[38;2;0;0;0;48;2;213;115;189m▀[38;2;115;115;131;48;2;65;65;74m▀[38;2;115;115;131;48;2;65;65;74m▀[38;2;65;65;74;48;2;65;65;74m▀[38;2;74;65;123;48;2;74;65;123m▀[38;2;139;180;238;48;2;189;205;255m▀[38;2;98;123;180;48;2;115;32;90m▀[38;2;115;32;90;48;2;180;82;156m▀[38;2;115;32;90;48;2;180;82;156m▀[38;2;180;82;156;48;2;180;82;156m▀[38;2;180;82;156;48;2;180;82;156m▀[38;2;180;82;156;48;2;180;82;156m▀[38;2;180;82;156;48;2;180;82;156m▀[38;2;180;82;156;48;2;180;82;156m▀[38;2;180;82;156;48;2;180;82;156m▀[38;2;180;82;156;48;2;180;82;156m▀[38;2;180;82;156;48;2;180;82;156m▀[38;2;180;82;156;48;2;180;82;156m▀[38;2;180;82;156;48;2;115;32;90m▀[38;2;115;32;90;48;2;0;0;0m▀[38;2;115;32;90;48;2;0;0;0m▀[38;2;0;0;0m▀[0m [0m [0m [0m [0m [0m [0m [0m
[0m [0m [38;2;0;0;0m▄[38;2;0;0;0;48;2;0;0;0m▀[38;2;98;123;180;48;2;98;123;180m▀[38;2;189;205;255;48;2;189;205;255m▀[38;2;189;205;255;48;2;189;205;255m▀[38;2;139;180;238;48;2;139;180;238m▀[38;2;139;180;238;48;2;139;180;238m▀[38;2;139;180;238;48;2;139;180;238m▀[38;2;139;180;238;48;2;139;180;238m▀[38;2;74;65;123;48;2;74;65;123m▀[38;2;78;102;160;48;2;78;102;160m▀[38;2;139;180;238;48;2;139;180;238m▀[38;2;189;205;255;48;2;189;205;255m▀[38;2;189;205;255;48;2;189;205;255m▀[38;2;189;205;255;48;2;189;205;255m▀[38;2;189;205;255;48;2;189;205;255m▀[38;2;189;205;255;48;2;189;205;255m▀[38;2;189;205;255;48;2;189;205;255m▀[38;2;189;205;255;48;2;189;205;255m▀[38;2;189;205;255;48;2;189;205;255m▀[38;2;139;180;238;48;2;139;180;238m▀[38;2;139;180;238;48;2;139;180;238m▀[38;2;139;180;238;48;2;139;180;238m▀[38;2;139;180;238;48;2;139;180;238m▀[38;2;139;180;238;48;2;139;180;238m▀[38;2;139;180;238;48;2;139;180;238m▀[38;2;0;0;0;48;2;0;0;0m▀[38;2;180;82;156;48;2;180;82;156m▀[38;2;213;115;189;48;2;213;115;189m▀[38;2;213;115;189;48;2;213;115;189m▀[38;2;0;0;0;48;2;0;0;0m▀[38;2;0;0;0;48;2;0;0;0m▀[38;2;0;0;0;48;2;0;0;0m▀[38;2;0;0;0;48;2;0;0;0m▀[38;2;74;65;123;48;2;74;65;123m▀[38;2;189;205;255;48;2;189;205;255m▀[38;2;115;32;90;48;2;115;32;90m▀[38;2;180;82;156;48;2;180;82;156m▀[38;2;180;82;156;48;2;180;82;156m▀[38;2;180;82;156;48;2;180;82;156m▀[38;2;180;82;156;48;2;180;82;156m▀[38;2;180;82;156;48;2;180;82;156m▀[38;2;180;82;156;48;2;180;82;156m▀[38;2;180;82;156;48;2;180;82;156m▀[38;2;180;82;156;48;2;180;82;156m▀[38;2;180;82;156;48;2;180;82;156m▀[38;2;180;82;156;48;2;180;82;156m▀[38;2;180;82;156;48;2;180;82;156m▀[38;2;115;32;90;48;2;115;32;90m▀[38;2;0;0;0;48;2;0;0;0m▀[0m [0m [0m [0m [0m [0m [0m [0m [0m [0m
[0m [38;2;0;0;0;48;2;0;0;0m▀[38;2;98;123;180;48;2;98;123;180m▀[38;2;98;123;180;48;2;98;123;180m▀[38;2;189;205;255;48;2;189;205;255m▀[38;2;189;205;255;48;2;139;180;238m▀[38;2;139;180;238;48;2;139;180;238m▀[38;2;139;180;238;48;2;139;180;238m▀[38;2;139;180;238;48;2;139;180;238m▀[38;2;139;180;238;48;2;139;180;238m▀[38;2;139;180;238;48;2;55;73;115m▀[38;2;74;65;123;48;2;78;102;160m▀[38;2;139;180;238;48;2;139;180;238m▀[38;2;139;180;238;48;2;139;180;238m▀[38;2;139;180;238;48;2;139;180;238m▀[38;2;139;180;238;48;2;139;180;238m▀[38;2;139;180;238;48;2;139;180;238m▀[38;2;139;180;238;48;2;139;180;238m▀[38;2;139;180;238;48;2;139;180;238m▀[38;2;139;180;238;48;2;139;180;238m▀[38;2;139;180;238;48;2;139;180;238m▀[38;2;139;180;238;48;2;139;180;238m▀[38;2;139;180;238;48;2;139;180;238m▀[38;2;139;180;238;48;2;139;180;238m▀[38;2;139;180;238;48;2;139;180;238m▀[38;2;139;180;238;48;2;139;180;238m▀[38;2;139;180;238;48;2;139;180;238m▀[38;2;139;180;238;48;2;139;180;238m▀[38;2;139;180;238;48;2;139;180;238m▀[38;2;98;123;180;48;2;139;180;238m▀[38;2;74;65;123;48;2;0;0;0m▀[38;2;0;0;0;48;2;0;0;0m▀[38;2;0;0;0m▀[38;2;0;0;0m▀[38;2;0;0;0m▀[38;2;0;0;0;48;2;0;0;0m▀[38;2;74;65;123;48;2;74;65;123m▀[38;2;139;180;238;48;2;139;180;238m▀[38;2;115;32;90;48;2;98;123;180m▀[38;2;115;32;90;48;2;98;123;180m▀[38;2;115;32;90;48;2;98;123;180m▀[38;2;180;82;156;48;2;98;123;180m▀[38;2;180;82;156;48;2;98;123;180m▀[38;2;180;82;156;48;2;98;123;180m▀[38;2;180;82;156;48;2;115;32;90m▀[38;2;180;82;156;48;2;115;32;90m▀[38;2;180;82;156;48;2;115;32;90m▀[38;2;180;82;156;48;2;115;32;90m▀[38;2;180;82;156;48;2;180;82;156m▀[38;2;115;32;90;48;2;115;32;90m▀[38;2;74;65;123;48;2;74;65;123m▀[38;2;0;0;0;48;2;0;0;0m▀[38;2;0;0;0m▄[0m [0m [0m [0m [0m [0m [0m [0m [0m
[38;2;0;0;0;48;2;0;0;0m▀[38;2;98;123;180;48;2;98;123;180m▀[38;2;189;205;255;48;2;189;205;255m▀[38;2;189;205;255;48;2;189;205;255m▀[38;2;189;205;255;48;2;139;180;238m▀[38;2;139;180;238;48;2;139;180;238m▀[38;2;139;180;238;48;2;139;180;238m▀[38;2;139;180;238;48;2;139;180;238m▀[38;2;139;180;238;48;2;139;180;238m▀[38;2;139;180;238;48;2;139;180;238m▀[38;2;74;65;123;48;2;74;65;123m▀[38;2;139;180;238;48;2;139;180;238m▀[38;2;139;180;238;48;2;139;180;238m▀[38;2;139;180;238;48;2;139;180;238m▀[38;2;139;180;238;48;2;139;180;238m▀[38;2;139;180;238;48;2;139;180;238m▀[38;2;139;180;238;48;2;139;180;238m▀[38;2;139;180;238;48;2;139;180;238m▀[38;2;139;180;238;48;2;139;180;238m▀[38;2;139;180;238;48;2;139;180;238m▀[38;2;139;180;238;48;2;139;180;238m▀[38;2;139;180;238;48;2;139;180;238m▀[38;2;139;180;238;48;2;139;180;238m▀[38;2;139;180;238;48;2;139;180;238m▀[38;2;139;180;238;48;2;139;180;238m▀[38;2;139;180;238;48;2;139;180;238m▀[38;2;139;180;238;48;2;139;180;238m▀[38;2;139;180;238;48;2;139;180;238m▀[38;2;139;180;238;48;2;139;180;238m▀[38;2;139;180;238;48;2;139;180;238m▀[38;2;0;0;0;48;2;74;65;123m▀[38;2;0;0;0;48;2;0;0;0m▀[0m [0m [38;2;0;0;0;48;2;0;0;0m▀[38;2;74;65;123;48;2;74;65;123m▀[38;2;189;205;255;48;2;139;180;238m▀[38;2;139;180;238;48;2;115;32;90m▀[38;2;74;65;123;48;2;115;32;90m▀[38;2;74;65;123;48;2;180;82;156m▀[38;2;74;65;123;48;2;180;82;156m▀[38;2;74;65;123;48;2;180;82;156m▀[38;2;74;65;123;48;2;180;82;156m▀[38;2;74;65;123;48;2;180;82;156m▀[38;2;98;123;180;48;2;74;65;123m▀[38;2;98;123;180;48;2;74;65;123m▀[38;2;98;123;180;48;2;74;65;123m▀[38;2;98;123;180;48;2;74;65;123m▀[38;2;98;123;180;48;2;74;65;123m▀[38;2;98;123;180;48;2;74;65;123m▀[38;2;0;0;0;48;2;139;180;238m▀[38;2;74;65;123;48;2;74;65;123m▀[38;2;74;65;123;48;2;74;65;123m▀[38;2;0;0;0;48;2;0;0;0m▀[0m [0m [0m [0m [0m [0m [0m [0m
[38;2;98;123;180;48;2;98;123;180m▀[38;2;189;205;255;48;2;189;205;255m▀[38;2;189;205;255;48;2;189;205;255m▀[38;2;189;205;255;48;2;189;205;255m▀[38;2;139;180;238;48;2;139;180;238m▀[38;2;139;180;238;48;2;139;180;238m▀[38;2;139;180;238;48;2;139;180;238m▀[38;2;189;205;255;48;2;189;205;255m▀[38;2;0;0;0;48;2;0;0;0m▀[38;2;0;0;0;48;2;0;0;0m▀[38;2;78;102;160;48;2;78;102;160m▀[38;2;139;180;238;48;2;139;180;238m▀[38;2;139;180;238;48;2;139;180;238m▀[38;2;139;180;238;48;2;139;180;238m▀[38;2;139;180;238;48;2;139;180;238m▀[38;2;139;180;238;48;2;139;180;238m▀[38;2;139;180;238;48;2;139;180;238m▀[38;2;139;180;238;48;2;139;180;238m▀[38;2;139;180;238;48;2;139;180;238m▀[38;2;139;180;238;48;2;139;180;238m▀[38;2;139;180;238;48;2;139;180;238m▀[38;2;139;180;238;48;2;139;180;238m▀[38;2;139;180;238;48;2;139;180;238m▀[38;2;139;180;238;48;2;139;180;238m▀[38;2;139;180;238;48;2;139;180;238m▀[38;2;139;180;238;48;2;139;180;238m▀[38;2;230;90;65;48;2;230;90;65m▀[38;2;230;90;65;48;2;230;90;65m▀[38;2;230;90;65;48;2;230;90;65m▀[38;2;139;180;238;48;2;139;180;238m▀[38;2;78;102;160;48;2;78;102;160m▀[38;2;74;65;123;48;2;74;65;123m▀[38;2;0;0;0;48;2;0;0;0m▀[0m [38;2;0;0;0;48;2;0;0;0m▀[38;2;74;65;123;48;2;74;65;123m▀[38;2;139;180;238;48;2;139;180;238m▀[38;2;115;32;90;48;2;115;32;90m▀[38;2;115;32;90;48;2;115;32;90m▀[38;2;180;82;156;48;2;180;82;156m▀[38;2;180;82;156;48;2;180;82;156m▀[38;2;180;82;156;48;2;180;82;156m▀[38;2;180;82;156;48;2;180;82;156m▀[38;2;180;82;156;48;2;180;82;156m▀[38;2;180;82;156;48;2;180;82;156m▀[38;2;180;82;156;48;2;180;82;156m▀[38;2;180;82;156;48;2;180;82;156m▀[38;2;180;82;156;48;2;180;82;156m▀[38;2;115;32;90;48;2;115;32;90m▀[38;2;139;180;238;48;2;139;180;238m▀[38;2;139;180;238;48;2;139;180;238m▀[38;2;74;65;123;48;2;74;65;123m▀[38;2;74;65;123;48;2;74;65;123m▀[38;2;0;0;0;48;2;0;0;0m▀[0m [0m [0m [0m [0m [0m [0m [0m
[38;2;74;65;123;48;2;74;65;123m▀[38;2;189;205;255;48;2;139;180;238m▀[38;2;139;180;238;48;2;139;180;238m▀[38;2;139;180;238;48;2;139;180;238m▀[38;2;139;180;238;48;2;139;180;238m▀[38;2;139;180;238;48;2;139;180;238m▀[38;2;98;123;180;48;2;98;123;180m▀[38;2;74;65;123;48;2;98;123;180m▀[38;2;0;0;0;48;2;74;65;123m▀[38;2;0;0;0;48;2;74;65;123m▀[38;2;139;180;238;48;2;230;90;65m▀[38;2;139;180;238;48;2;98;123;180m▀[38;2;139;180;238;48;2;139;180;238m▀[38;2;139;180;238;48;2;0;0;0m▀[38;2;0;0;0;48;2;255;255;255m▀[38;2;0;0;0;48;2;255;255;255m▀[38;2;0;0;0;48;2;98;98;98m▀[38;2;0;0;0;48;2;98;98;98m▀[38;2;0;0;0;48;2;98;98;98m▀[38;2;0;0;0;48;2;98;98;98m▀[38;2;0;0;0;48;2;255;255;255m▀[38;2;0;0;0;48;2;255;255;255m▀[38;2;139;180;238;48;2;0;0;0m▀[38;2;139;180;238;48;2;139;180;238m▀[38;2;139;180;238;48;2;98;123;180m▀[38;2;230;90;65;48;2;197;32;24m▀[38;2;230;90;65;48;2;197;32;24m▀[38;2;230;90;65;48;2;197;32;24m▀[38;2;230;90;65;48;2;197;32;24m▀[38;2;197;32;24;48;2;197;32;24m▀[38;2;98;123;180;48;2;98;123;180m▀[38;2;0;0;0;48;2;0;0;0m▀[38;2;0;0;0;48;2;0;0;0m▀[38;2;0;0;0;48;2;74;65;123m▀[38;2;0;0;0;48;2;74;65;123m▀[38;2;74;65;123;48;2;189;205;255m▀[38;2;139;180;238;48;2;139;180;238m▀[38;2;115;32;90;48;2;115;32;90m▀[38;2;180;82;156;48;2;180;82;156m▀[38;2;180;82;156;48;2;180;82;156m▀[38;2;180;82;156;48;2;180;82;156m▀[38;2;180;82;156;48;2;180;82;156m▀[38;2;180;82;156;48;2;115;32;90m▀[38;2;180;82;156;48;2;115;32;90m▀[38;2;115;32;90;48;2;139;180;238m▀[38;2;115;32;90;48;2;139;180;238m▀[38;2;115;32;90;48;2;139;180;238m▀[38;2;115;32;90;48;2;139;180;238m▀[38;2;139;180;238;48;2;139;180;238m▀[38;2;139;180;238;48;2;139;180;238m▀[38;2;139;180;238;48;2;139;180;238m▀[38;2;139;180;238;48;2;139;180;238m▀[38;2;139;180;238;48;2;139;180;238m▀[38;2;74;65;123;48;2;74;65;123m▀[38;2;0;0;0;48;2;0;0;0m▀[0m [0m [0m [0m [0m [0m [0m
[38;2;0;0;0m▀[38;2;74;65;123;48;2;0;0;0m▀[38;2;74;65;123;48;2;0;0;0m▀[38;2;74;65;123;48;2;0;0;0m▀[38;2;98;123;180;48;2;74;65;123m▀[38;2;139;180;238;48;2;98;123;180m▀[38;2;139;180;238;48;2;139;180;238m▀[38;2;98;123;180;48;2;139;180;238m▀[38;2;74;65;123;48;2;74;65;123m▀[38;2;74;65;123;48;2;74;65;123m▀[38;2;197;32;24;48;2;197;32;24m▀[38;2;98;123;180;48;2;98;123;180m▀[38;2;98;123;180;48;2;98;123;180m▀[38;2;0;0;0;48;2;98;123;180m▀[38;2;98;98;98;48;2;0;0;0m▀[38;2;98;98;98;48;2;0;0;0m▀[38;2;98;98;98;48;2;0;0;0m▀[38;2;98;98;98;48;2;0;0;0m▀[38;2;98;98;98;48;2;0;0;0m▀[38;2;0;0;0;48;2;0;0;0m▀[38;2;0;0;0;48;2;0;0;0m▀[38;2;0;0;0;48;2;0;0;0m▀[38;2;0;0;0;48;2;0;0;0m▀[38;2;98;123;180;48;2;0;0;0m▀[38;2;98;123;180;48;2;98;123;180m▀[38;2;197;32;24;48;2;98;123;180m▀[38;2;197;32;24;48;2;197;32;24m▀[38;2;197;32;24;48;2;197;32;24m▀[38;2;197;32;24;48;2;197;32;24m▀[38;2;197;32;24;48;2;98;123;180m▀[38;2;98;123;180;48;2;98;123;180m▀[38;2;0;0;0;48;2;0;0;0m▀[38;2;0;0;0;48;2;0;0;0m▀[38;2;74;65;123;48;2;74;65;123m▀[38;2;74;65;123;48;2;74;65;123m▀[38;2;189;205;255;48;2;139;180;238m▀[38;2;115;32;90;48;2;115;32;90m▀[38;2;180;82;156;48;2;180;82;156m▀[38;2;180;82;156;48;2;180;82;156m▀[38;2;180;82;156;48;2;115;32;90m▀[38;2;180;82;156;48;2;115;32;90m▀[38;2;115;32;90;48;2;139;180;238m▀[38;2;139;180;238;48;2;139;180;238m▀[38;2;139;180;238;48;2;139;180;238m▀[38;2;139;180;238;48;2;139;180;238m▀[38;2;139;180;238;48;2;139;180;238m▀[38;2;139;180;238;48;2;139;180;238m▀[38;2;139;180;238;48;2;139;180;238m▀[38;2;139;180;238;48;2;139;180;238m▀[38;2;139;180;238;48;2;139;180;238m▀[38;2;139;180;238;48;2;139;180;238m▀[38;2;139;180;238;48;2;0;0;0m▀[38;2;139;180;238;48;2;0;0;0m▀[38;2;74;65;123;48;2;0;0;0m▀[38;2;0;0;0m▀[0m [0m [0m [0m [0m [0m [0m
[0m [0m [0m [0m [38;2;0;0;0m▀[38;2;0;0;0;48;2;0;0;0m▀[38;2;74;65;123;48;2;74;65;123m▀[38;2;98;123;180;48;2;98;123;180m▀[38;2;139;180;238;48;2;139;180;238m▀[38;2;139;180;238;48;2;139;180;238m▀[38;2;74;65;123;48;2;74;65;123m▀[38;2;98;123;180;48;2;98;123;180m▀[38;2;98;123;180;48;2;98;123;180m▀[38;2;98;123;180;48;2;98;123;180m▀[38;2;0;0;0;48;2;0;0;0m▀[38;2;0;0;0;48;2;0;0;0m▀[38;2;255;255;255;48;2;255;255;255m▀[38;2;0;0;0;48;2;0;0;0m▀[38;2;0;0;0;48;2;0;0;0m▀[38;2;0;0;0;48;2;0;0;0m▀[38;2;255;255;255;48;2;255;255;255m▀[38;2;255;255;255;48;2;255;255;255m▀[38;2;0;0;0;48;2;0;0;0m▀[38;2;0;0;0;48;2;0;0;0m▀[38;2;98;123;180;48;2;98;123;180m▀[38;2;98;123;180;48;2;98;123;180m▀[38;2;98;123;180;48;2;98;123;180m▀[38;2;98;123;180;48;2;98;123;180m▀[38;2;98;123;180;48;2;98;123;180m▀[38;2;98;123;180;48;2;98;123;180m▀[38;2;98;123;180;48;2;98;123;180m▀[38;2;0;0;0;48;2;0;0;0m▀[38;2;74;65;123;48;2;74;65;123m▀[38;2;189;205;255;48;2;189;205;255m▀[38;2;189;205;255;48;2;189;205;255m▀[38;2;139;180;238;48;2;139;180;238m▀[38;2;115;32;90;48;2;115;32;90m▀[38;2;180;82;156;48;2;180;82;156m▀[38;2;115;32;90;48;2;115;32;90m▀[38;2;98;123;180;48;2;98;123;180m▀[38;2;98;123;180;48;2;98;123;180m▀[38;2;98;123;180;48;2;98;123;180m▀[38;2;98;123;180;48;2;98;123;180m▀[38;2;139;180;238;48;2;139;180;238m▀[38;2;139;180;238;48;2;139;180;238m▀[38;2;139;180;238;48;2;139;180;238m▀[38;2;139;180;238;48;2;139;180;238m▀[38;2;139;180;238;48;2;139;180;238m▀[38;2;139;180;238;48;2;139;180;238m▀[38;2;0;0;0;48;2;0;0;0m▀[38;2;0;0;0;48;2;0;0;0m▀[38;2;0;0;0;48;2;0;0;0m▀[38;2;0;0;0m▀[0m [0m [0m [0m [0m [0m [0m [0m [0m
[0m [0m [0m [0m [0m [0m [38;2;0;0;0m▀[38;2;0;0;0m▀[38;2;74;65;123;48;2;0;0;0m▀[38;2;74;65;123;48;2;0;0;0m▀[38;2;139;180;238;48;2;74;65;123m▀[38;2;0;0;0;48;2;0;0;0m▀[38;2;98;123;180;48;2;98;123;180m▀[38;2;98;123;180;48;2;98;123;180m▀[38;2;98;123;180;48;2;98;123;180m▀[38;2;98;123;180;48;2;98;123;180m▀[38;2;0;0;0;48;2;98;123;180m▀[38;2;0;0;0;48;2;98;123;180m▀[38;2;0;0;0;48;2;98;123;180m▀[38;2;0;0;0;48;2;98;123;180m▀[38;2;0;0;0;48;2;98;123;180m▀[38;2;0;0;0;48;2;98;123;180m▀[38;2;0;0;0;48;2;98;123;180m▀[38;2;98;123;180;48;2;98;123;180m▀[38;2;98;123;180;48;2;98;123;180m▀[38;2;98;123;180;48;2;98;123;180m▀[38;2;98;123;180;48;2;98;123;180m▀[38;2;98;123;180;48;2;98;123;180m▀[38;2;98;123;180;48;2;98;123;180m▀[38;2;98;123;180;48;2;98;123;180m▀[38;2;98;123;180;48;2;98;123;180m▀[38;2;55;73;115;48;2;74;65;123m▀[38;2;74;65;123;48;2;189;205;255m▀[38;2;139;180;238;48;2;139;180;238m▀[38;2;139;180;238;48;2;139;180;238m▀[38;2;115;32;90;48;2;115;32;90m▀[38;2;180;82;156;48;2;180;82;156m▀[38;2;115;32;90;48;2;115;32;90m▀[38;2;98;123;180;48;2;98;123;180m▀[38;2;98;123;180;48;2;98;123;180m▀[38;2;98;123;180;48;2;98;123;180m▀[38;2;98;123;180;48;2;98;123;180m▀[38;2;98;123;180;48;2;98;123;180m▀[38;2;98;123;180;48;2;98;123;180m▀[38;2;98;123;180;48;2;0;0;0m▀[38;2;139;180;238;48;2;0;0;0m▀[38;2;139;180;238;48;2;0;0;0m▀[38;2;0;0;0;48;2;0;0;0m▀[38;2;0;0;0;48;2;0;0;0m▀[38;2;0;0;0m▀[38;2;0;0;0m▀[0m [0m [0m [0m [0m [0m [0m [0m [0m [0m [0m
[0m [0m [0m [0m [0m [0m [0m [0m [0m [0m [38;2;0;0;0;48;2;0;0;0m▀[38;2;0;0;0;48;2;0;0;0m▀[38;2;139;180;238;48;2;139;180;238m▀[38;2;98;123;180;48;2;139;180;238m▀[38;2;98;123;180;48;2;139;180;238m▀[38;2;98;123;180;48;2;139;180;238m▀[38;2;98;123;180;48;2;98;123;180m▀[38;2;98;123;180;48;2;98;123;180m▀[38;2;98;123;180;48;2;98;123;180m▀[38;2;98;123;180;48;2;98;123;180m▀[38;2;98;123;180;48;2;98;123;180m▀[38;2;98;123;180;48;2;98;123;180m▀[38;2;98;123;180;48;2;98;123;180m▀[38;2;98;123;180;48;2;98;123;180m▀[38;2;98;123;180;48;2;98;123;180m▀[38;2;98;123;180;48;2;98;123;180m▀[38;2;98;123;180;48;2;98;123;180m▀[38;2;98;123;180;48;2;98;123;180m▀[38;2;98;123;180;48;2;98;123;180m▀[38;2;98;123;180;48;2;139;180;238m▀[38;2;139;180;238;48;2;98;123;180m▀[38;2;98;123;180;48;2;139;180;238m▀[38;2;139;180;238;48;2;139;180;238m▀[38;2;115;32;90;48;2;115;32;90m▀[38;2;115;32;90;48;2;115;32;90m▀[38;2;115;32;90;48;2;74;65;123m▀[38;2;115;32;90;48;2;0;0;0m▀[38;2;98;123;180;48;2;74;65;123m▀[38;2;98;123;180;48;2;98;123;180m▀[38;2;98;123;180;48;2;98;123;180m▀[38;2;98;123;180;48;2;98;123;180m▀[38;2;98;123;180;48;2;74;65;123m▀[38;2;0;0;0;48;2;0;0;0m▀[38;2;0;0;0;48;2;0;0;0m▀[38;2;0;0;0m▀[38;2;0;0;0m▀[38;2;0;0;0m▀[0m [0m [0m [0m [0m [0m [0m [0m [0m [0m [0m [0m [0m [0m [0m
[0m [0m [0m [0m [0m [0m [0m [0m [0m [0m [38;2;0;0;0;48;2;0;0;0m▀[38;2;0;0;0;48;2;98;123;180m▀[38;2;139;180;238;48;2;139;180;238m▀[38;2;139;180;238;48;2;139;180;238m▀[38;2;139;180;238;48;2;139;180;238m▀[38;2;139;180;238;48;2;139;180;238m▀[38;2;139;180;238;48;2;139;180;238m▀[38;2;139;180;238;48;2;139;180;238m▀[38;2;98;123;180;48;2;139;180;238m▀[38;2;98;123;180;48;2;139;180;238m▀[38;2;98;123;180;48;2;139;180;238m▀[38;2;98;123;180;48;2;139;180;238m▀[38;2;98;123;180;48;2;139;180;238m▀[38;2;98;123;180;48;2;139;180;238m▀[38;2;98;123;180;48;2;139;180;238m▀[38;2;98;123;180;48;2;139;180;238m▀[38;2;139;180;238;48;2;139;180;238m▀[38;2;139;180;238;48;2;139;180;238m▀[38;2;139;180;238;48;2;139;180;238m▀[38;2;139;180;238;48;2;139;180;238m▀[38;2;139;180;238;48;2;139;180;238m▀[38;2;139;180;238;48;2;139;180;238m▀[38;2;115;32;90;48;2;74;65;123m▀[38;2;74;65;123;48;2;0;0;0m▀[38;2;74;65;123;48;2;0;0;0m▀[38;2;0;0;0m▀[38;2;0;0;0m▄[38;2;0;0;0;48;2;0;0;0m▀[38;2;74;65;123;48;2;78;102;160m▀[38;2;98;123;180;48;2;98;123;180m▀[38;2;98;123;180;48;2;98;123;180m▀[38;2;98;123;180;48;2;98;123;180m▀[38;2;74;65;123;48;2;74;65;123m▀[38;2;0;0;0;48;2;0;0;0m▀[0m [0m [0m [0m [0m [0m [0m [0m [0m [0m [0m [0m [0m [0m [0m [0m [0m [0m
[0m [0m [0m [0m [0m [0m [0m [0m [0m [38;2;0;0;0m▄[38;2;0;0;0;48;2;0;0;0m▀[38;2;98;123;180;48;2;139;180;238m▀[38;2;139;180;238;48;2;139;180;238m▀[38;2;139;180;238;48;2;139;180;238m▀[38;2;139;180;238;48;2;139;180;238m▀[38;2;139;180;238;48;2;139;180;238m▀[38;2;139;180;238;48;2;139;180;238m▀[38;2;139;180;238;48;2;139;180;238m▀[38;2;139;180;238;48;2;139;180;238m▀[38;2;139;180;238;48;2;139;180;238m▀[38;2;139;180;238;48;2;139;180;238m▀[38;2;139;180;238;48;2;139;180;238m▀[38;2;139;180;238;48;2;139;180;238m▀[38;2;139;180;238;48;2;139;180;238m▀[38;2;139;180;238;48;2;139;180;238m▀[38;2;139;180;238;48;2;139;180;238m▀[38;2;139;180;238;48;2;139;180;238m▀[38;2;139;180;238;48;2;139;180;238m▀[38;2;139;180;238;48;2;139;180;238m▀[38;2;139;180;238;48;2;139;180;238m▀[38;2;139;180;238;48;2;139;180;238m▀[38;2;139;180;238;48;2;139;180;238m▀[38;2;74;65;123;48;2;139;180;238m▀[38;2;0;0;0;48;2;0;0;0m▀[38;2;0;0;0;48;2;0;0;0m▀[38;2;0;0;0m▄[38;2;0;0;0;48;2;0;0;0m▀[38;2;0;0;0;48;2;78;102;160m▀[38;2;78;102;160;48;2;98;123;180m▀[38;2;98;123;180;48;2;98;123;180m▀[38;2;98;123;180;48;2;98;123;180m▀[38;2;98;123;180;48;2;98;123;180m▀[38;2;74;65;123;48;2;78;102;160m▀[38;2;0;0;0;48;2;74;65;123m▀[38;2;0;0;0m▄[0m [0m [0m [0m [0m [0m [0m [0m [0m [0m [0m [0m [0m [0m [0m [0m [0m
[0m [0m [0m [0m [0m [0m [0m [0m [0m [38;2;0;0;0;48;2;0;0;0m▀[38;2;0;0;0;48;2;0;0;0m▀[38;2;139;180;238;48;2;139;180;238m▀[38;2;139;180;238;48;2;139;180;238m▀[38;2;139;180;238;48;2;139;180;238m▀[38;2;139;180;238;48;2;139;180;238m▀[38;2;139;180;238;48;2;139;180;238m▀[38;2;139;180;238;48;2;139;180;238m▀[38;2;139;180;238;48;2;139;180;238m▀[38;2;139;180;238;48;2;139;180;238m▀[38;2;139;180;238;48;2;139;180;238m▀[38;2;139;180;238;48;2;139;180;238m▀[38;2;139;180;238;48;2;139;180;238m▀[38;2;139;180;238;48;2;139;180;238m▀[38;2;139;180;238;48;2;139;180;238m▀[38;2;139;180;238;48;2;139;180;238m▀[38;2;139;180;238;48;2;139;180;238m▀[38;2;139;180;238;48;2;139;180;238m▀[38;2;139;180;238;48;2;139;180;238m▀[38;2;139;180;238;48;2;139;180;238m▀[38;2;139;180;238;48;2;139;180;238m▀[38;2;139;180;238;48;2;139;180;238m▀[38;2;139;180;238;48;2;139;180;238m▀[38;2;139;180;238;48;2;98;123;180m▀[38;2;0;0;0;48;2;0;0;0m▀[38;2;0;0;0;48;2;0;0;0m▀[38;2;74;65;123;48;2;78;102;160m▀[38;2;78;102;160;48;2;78;102;160m▀[38;2;78;102;160;48;2;78;102;160m▀[38;2;78;102;160;48;2;78;102;160m▀[38;2;98;123;180;48;2;74;65;123m▀[38;2;98;123;180;48;2;74;65;123m▀[38;2;78;102;160;48;2;74;65;123m▀[38;2;74;65;123;48;2;0;0;0m▀[38;2;0;0;0;48;2;0;0;0m▀[38;2;0;0;0m▀[0m [0m [0m [0m [0m [0m [0m [0m [0m [0m [0m [0m [0m [0m [0m [0m [0m
[0m [0m [0m [0m [0m [0m [0m [0m [0m [38;2;0;0;0;48;2;0;0;0m▀[38;2;0;0;0;48;2;0;0;0m▀[38;2;139;180;238;48;2;139;180;238m▀[38;2;139;180;238;48;2;139;180;238m▀[38;2;139;180;238;48;2;139;180;238m▀[38;2;139;180;238;48;2;139;180;238m▀[38;2;139;180;238;48;2;139;180;238m▀[38;2;139;180;238;48;2;139;180;238m▀[38;2;139;180;238;48;2;139;180;238m▀[38;2;139;180;238;48;2;139;180;238m▀[38;2;139;180;238;48;2;139;180;238m▀[38;2;139;180;238;48;2;139;180;238m▀[38;2;139;180;238;48;2;139;180;238m▀[38;2;139;180;238;48;2;139;180;238m▀[38;2;139;180;238;48;2;139;180;238m▀[38;2;139;180;238;48;2;139;180;238m▀[38;2;139;180;238;48;2;139;180;238m▀[38;2;139;180;238;48;2;139;180;238m▀[38;2;139;180;238;48;2;139;180;238m▀[38;2;139;180;238;48;2;139;180;238m▀[38;2;139;180;238;48;2;139;180;238m▀[38;2;139;180;238;48;2;139;180;238m▀[38;2;139;180;238;48;2;98;123;180m▀[38;2;98;123;180;48;2;98;123;180m▀[38;2;0;0;0;48;2;98;123;180m▀[38;2;0;0;0;48;2;98;123;180m▀[38;2;0;0;0;48;2;0;0;0m▀[38;2;78;102;160;48;2;0;0;0m▀[38;2;78;102;160;48;2;55;73;115m▀[38;2;0;0;0;48;2;55;73;115m▀[38;2;0;0;0;48;2;0;0;0m▀[38;2;0;0;0;48;2;0;0;0m▀[38;2;0;0;0;48;2;0;0;0m▀[0m [0m [0m [0m [0m [0m [0m [0m [0m [0m [0m [0m [0m [0m [0m [0m [0m [0m [0m [0m
[0m [0m [0m [0m [0m [0m [0m [38;2;0;0;0m▄[38;2;0;0;0;48;2;0;0;0m▀[38;2;0;0;0;48;2;0;0;0m▀[38;2;0;0;0;48;2;139;180;238m▀[38;2;139;180;238;48;2;139;180;238m▀[38;2;139;180;238;48;2;139;180;238m▀[38;2;139;180;238;48;2;139;180;238m▀[38;2;139;180;238;48;2;139;180;238m▀[38;2;139;180;238;48;2;139;180;238m▀[38;2;139;180;238;48;2;139;180;238m▀[38;2;139;180;238;48;2;139;180;238m▀[38;2;139;180;238;48;2;139;180;238m▀[38;2;139;180;238;48;2;139;180;238m▀[38;2;139;180;238;48;2;139;180;238m▀[38;2;139;180;238;48;2;139;180;238m▀[38;2;139;180;238;48;2;139;180;238m▀[38;2;139;180;238;48;2;139;180;238m▀[38;2;139;180;238;48;2;139;180;238m▀[38;2;139;180;238;48;2;139;180;238m▀[38;2;139;180;238;48;2;139;180;238m▀[38;2;139;180;238;48;2;139;180;238m▀[38;2;139;180;238;48;2;139;180;238m▀[38;2;139;180;238;48;2;139;180;238m▀[38;2;139;180;238;48;2;139;180;238m▀[38;2;98;123;180;48;2;98;123;180m▀[38;2;98;123;180;48;2;98;123;180m▀[38;2;98;123;180;48;2;98;123;180m▀[38;2;98;123;180;48;2;98;123;180m▀[38;2;0;0;0;48;2;0;0;0m▀[38;2;0;0;0;48;2;0;0;0m▀[38;2;55;73;115;48;2;0;0;0m▀[38;2;55;73;115;48;2;55;73;115m▀[38;2;0;0;0;48;2;55;73;115m▀[38;2;0;0;0;48;2;55;73;115m▀[38;2;0;0;0;48;2;0;0;0m▀[38;2;0;0;0m▄[0m [0m [0m [0m [0m [0m [0m [0m [0m [0m [0m [0m [0m [0m [0m [0m [0m [0m [0m
[0m [0m [0m [0m [0m [0m [38;2;0;0;0m▄[38;2;0;0;0;48;2;0;0;0m▀[38;2;74;65;123;48;2;98;123;180m▀[38;2;74;65;123;48;2;98;123;180m▀[38;2;139;180;238;48;2;139;180;238m▀[38;2;139;180;238;48;2;139;180;238m▀[38;2;139;180;238;48;2;139;180;238m▀[38;2;139;180;238;48;2;139;180;238m▀[38;2;139;180;238;48;2;139;180;238m▀[38;2;139;180;238;48;2;139;180;238m▀[38;2;139;180;238;48;2;139;180;238m▀[38;2;139;180;238;48;2;139;180;238m▀[38;2;139;180;238;48;2;139;180;238m▀[38;2;139;180;238;48;2;139;180;238m▀[38;2;139;180;238;48;2;139;180;238m▀[38;2;139;180;238;48;2;139;180;238m▀[38;2;139;180;238;48;2;139;180;238m▀[38;2;139;180;238;48;2;139;180;238m▀[38;2;139;180;238;48;2;139;180;238m▀[38;2;139;180;238;48;2;139;180;238m▀[38;2;139;180;238;48;2;139;180;238m▀[38;2;139;180;238;48;2;139;180;238m▀[38;2;139;180;238;48;2;98;123;180m▀[38;2;139;180;238;48;2;139;180;238m▀[38;2;98;123;180;48;2;98;123;180m▀[38;2;98;123;180;48;2;98;123;180m▀[38;2;98;123;180;48;2;98;123;180m▀[38;2;98;123;180;48;2;98;123;180m▀[38;2;98;123;180;48;2;98;123;180m▀[38;2;0;0;0;48;2;74;65;123m▀[38;2;0;0;0;48;2;74;65;123m▀[38;2;55;73;115;48;2;55;73;115m▀[38;2;55;73;115;48;2;0;0;0m▀[38;2;55;73;115;48;2;0;0;0m▀[38;2;55;73;115;48;2;0;0;0m▀[38;2;0;0;0;48;2;0;0;0m▀[38;2;0;0;0m▀[0m [0m [0m [0m [0m [0m [0m [0m [0m [0m [0m [0m [0m [0m [0m [0m [0m [0m [0m
[0m [0m [0m [0m [0m [0m [38;2;0;0;0;48;2;0;0;0m▀[38;2;0;0;0;48;2;0;0;0m▀[38;2;98;123;180;48;2;98;123;180m▀[38;2;98;123;180;48;2;98;123;180m▀[38;2;98;123;180;48;2;98;123;180m▀[38;2;139;180;238;48;2;98;123;180m▀[38;2;139;180;238;48;2;98;123;180m▀[38;2;139;180;238;48;2;98;123;180m▀[38;2;139;180;238;48;2;139;180;238m▀[38;2;139;180;238;48;2;139;180;238m▀[38;2;139;180;238;48;2;139;180;238m▀[38;2;139;180;238;48;2;139;180;238m▀[38;2;139;180;238;48;2;139;180;238m▀[38;2;139;180;238;48;2;139;180;238m▀[38;2;139;180;238;48;2;139;180;238m▀[38;2;139;180;238;48;2;139;180;238m▀[38;2;139;180;238;48;2;139;180;238m▀[38;2;139;180;238;48;2;98;123;180m▀[38;2;139;180;238;48;2;98;123;180m▀[38;2;139;180;238;48;2;98;123;180m▀[38;2;98;123;180;48;2;139;180;238m▀[38;2;98;123;180;48;2;139;180;238m▀[38;2;139;180;238;48;2;98;123;180m▀[38;2;98;123;180;48;2;139;180;238m▀[38;2;139;180;238;48;2;98;123;180m▀[38;2;98;123;180;48;2;98;123;180m▀[38;2;98;123;180;48;2;98;123;180m▀[38;2;98;123;180;48;2;98;123;180m▀[38;2;98;123;180;48;2;98;123;180m▀[38;2;98;123;180;48;2;98;123;180m▀[38;2;0;0;0;48;2;0;0;0m▀[38;2;0;0;0;48;2;0;0;0m▀[38;2;0;0;0m▀[38;2;0;0;0m▀[38;2;0;0;0m▀[0m [0m [0m [0m [0m [0m [0m [0m [0m [0m [0m [0m [0m [0m [0m [0m [0m [0m [0m [0m [0m
[0m [0m [0m [0m [0m [0m [38;2;0;0;0m▀[38;2;0;0;0;48;2;0;0;0m▀[38;2;98;123;180;48;2;74;65;123m▀[38;2;98;123;180;48;2;74;65;123m▀[38;2;98;123;180;48;2;98;123;180m▀[38;2;98;123;180;48;2;98;123;180m▀[38;2;98;123;180;48;2;98;123;180m▀[38;2;98;123;180;48;2;98;123;180m▀[38;2;139;180;238;48;2;98;123;180m▀[38;2;139;180;238;48;2;98;123;180m▀[38;2;139;180;238;48;2;98;123;180m▀[38;2;139;180;238;48;2;98;123;180m▀[38;2;139;180;238;48;2;98;123;180m▀[38;2;139;180;238;48;2;98;123;180m▀[38;2;139;180;238;48;2;98;123;180m▀[38;2;139;180;238;48;2;98;123;180m▀[38;2;139;180;238;48;2;98;123;180m▀[38;2;98;123;180;48;2;98;123;180m▀[38;2;98;123;180;48;2;98;123;180m▀[38;2;98;123;180;48;2;98;123;180m▀[38;2;139;180;238;48;2;98;123;180m▀[38;2;139;180;238;48;2;98;123;180m▀[38;2;98;123;180;48;2;98;123;180m▀[38;2;139;180;238;48;2;98;123;180m▀[38;2;98;123;180;48;2;98;123;180m▀[38;2;98;123;180;48;2;98;123;180m▀[38;2;98;123;180;48;2;98;123;180m▀[38;2;98;123;180;48;2;98;123;180m▀[38;2;98;123;180;48;2;98;123;180m▀[38;2;98;123;180;48;2;74;65;123m▀[38;2;0;0;0;48;2;0;0;0m▀[38;2;0;0;0m▀[0m [0m [0m [0m [0m [0m [0m [0m [0m [0m [0m [0m [0m [0m [0m [0m [0m [0m [0m [0m [0m [0m [0m [0m
[0m [0m [0m [0m [0m [0m [0m [38;2;0;0;0m▀[38;2;0;0;0;48;2;0;0;0m▀[38;2;0;0;0;48;2;0;0;0m▀[38;2;98;123;180;48;2;0;0;0m▀[38;2;98;123;180;48;2;0;0;0m▀[38;2;98;123;180;48;2;98;123;180m▀[38;2;98;123;180;48;2;98;123;180m▀[38;2;98;123;180;48;2;98;123;180m▀[38;2;98;123;180;48;2;98;123;180m▀[38;2;98;123;180;48;2;78;102;160m▀[38;2;98;123;180;48;2;78;102;160m▀[38;2;98;123;180;48;2;0;0;0m▀[38;2;98;123;180;48;2;0;0;0m▀[38;2;98;123;180;48;2;0;0;0m▀[38;2;98;123;180;48;2;0;0;0m▀[38;2;98;123;180;48;2;0;0;0m▀[38;2;98;123;180;48;2;74;65;123m▀[38;2;98;123;180;48;2;98;123;180m▀[38;2;98;123;180;48;2;98;123;180m▀[38;2;98;123;180;48;2;98;123;180m▀[38;2;98;123;180;48;2;98;123;180m▀[38;2;98;123;180;48;2;98;123;180m▀[38;2;98;123;180;48;2;98;123;180m▀[38;2;98;123;180;48;2;98;123;180m▀[38;2;98;123;180;48;2;98;123;180m▀[38;2;98;123;180;48;2;78;102;160m▀[38;2;78;102;160;48;2;0;0;0m▀[38;2;78;102;160;48;2;0;0;0m▀[38;2;0;0;0;48;2;0;0;0m▀[38;2;0;0;0m▀[0m [0m [0m [0m [0m [0m [0m [0m [0m [0m [0m [0m [0m [0m [0m [0m [0m [0m [0m [0m [0m [0m [0m [0m [0m
[0m [0m [0m [0m [0m [0m [38;2;0;0;0m▄[38;2;0;0;0;48;2;74;65;123m▀[38;2;74;65;123;48;2;139;180;238m▀[38;2;74;65;123;48;2;139;180;238m▀[38;2;74;65;123;48;2;78;102;160m▀[38;2;98;123;180;48;2;139;180;238m▀[38;2;55;73;115;48;2;98;123;180m▀[38;2;55;73;115;48;2;74;65;123m▀[38;2;55;73;115;48;2;0;0;0m▀[38;2;55;73;115;48;2;0;0;0m▀[38;2;55;73;115;48;2;0;0;0m▀[38;2;0;0;0;48;2;0;0;0m▀[38;2;0;0;0m▀[38;2;0;0;0m▀[38;2;0;0;0m▀[38;2;0;0;0m▀[38;2;0;0;0m▀[38;2;0;0;0m▀[38;2;0;0;0;48;2;0;0;0m▀[38;2;74;65;123;48;2;0;0;0m▀[38;2;55;73;115;48;2;0;0;0m▀[38;2;55;73;115;48;2;0;0;0m▀[38;2;55;73;115;48;2;74;65;123m▀[38;2;78;102;160;48;2;98;123;180m▀[38;2;78;102;160;48;2;98;123;180m▀[38;2;74;65;123;48;2;98;123;180m▀[38;2;0;0;0;48;2;74;65;123m▀[38;2;0;0;0;48;2;0;0;0m▀[38;2;0;0;0;48;2;0;0;0m▀[38;2;0;0;0m▄[0m [0m [0m [0m [0m [0m [0m [0m [0m [0m [0m [0m [0m [0m [0m [0m [0m [0m [0m [0m [0m [0m [0m [0m [0m [0m
[0m [0m [0m [0m [0m [0m [38;2;0;0;0m▀[38;2;74;65;123;48;2;0;0;0m▀[38;2;139;180;238;48;2;0;0;0m▀[38;2;139;180;238;48;2;0;0;0m▀[38;2;78;102;160;48;2;0;0;0m▀[38;2;139;180;238;48;2;0;0;0m▀[38;2;98;123;180;48;2;74;65;123m▀[38;2;74;65;123;48;2;0;0;0m▀[38;2;0;0;0;48;2;0;0;0m▀[38;2;0;0;0;48;2;0;0;0m▀[38;2;0;0;0;48;2;0;0;0m▀[38;2;0;0;0m▀[0m [0m [0m [0m [0m [0m [0m [0m [0m [38;2;0;0;0;48;2;0;0;0m▀[38;2;74;65;123;48;2;0;0;0m▀[38;2;98;123;180;48;2;0;0;0m▀[38;2;98;123;180;48;2;139;180;238m▀[38;2;98;123;180;48;2;74;65;123m▀[38;2;74;65;123;48;2;139;180;238m▀[38;2;0;0;0;48;2;0;0;0m▀[38;2;0;0;0;48;2;0;0;0m▀[38;2;0;0;0;48;2;0;0;0m▀[0m [0m [0m [0m [0m [0m [0m [0m [0m [0m [0m [0m [0m [0m [0m [0m [0m [0m [0m [0m [0m [0m [0m [0m [0m [0m
