[0m [0m [0m [0m [0m [0m [0m [0m [0m [0m [0m [0m [0m [0m [0m [0m [0m [0m [38;2;0;0;0;48;2;0;0;0m▀[38;2;0;0;0;48;2;0;0;0m▀[38;2;0;0;0;48;2;65;65;82m▀[38;2;0;0;0;48;2;65;65;82m▀[38;2;41;49;74;48;2;98;98;123m▀[38;2;41;49;74;48;2;98;98;123m▀[38;2;0;0;0;48;2;41;49;74m▀[38;2;0;0;0;48;2;41;49;74m▀[38;2;0;0;0m▄[38;2;0;0;0m▄[38;2;0;0;0m▄[0m [0m [0m [0m [0m [0m [0m [0m [0m [0m [0m [0m [0m [0m [0m [0m [0m [0m [0m [0m [0m [0m [0m [0m [38;2;0;0;0m▄[38;2;0;0;0m▄[38;2;0;0;0;48;2;41;49;74m▀[38;2;0;0;0;48;2;41;49;74m▀[38;2;41;49;74;48;2;98;98;123m▀[38;2;41;49;74;48;2;98;98;123m▀[38;2;41;49;74;48;2;98;98;123m▀[38;2;0;0;0;48;2;65;65;82m▀[38;2;0;0;0;48;2;0;0;0m▀[38;2;0;0;0;48;2;0;0;0m▀[0m [0m [0m [0m [0m [0m [0m [0m [0m [0m [0m [0m [0m [0m [0m [0m [0m
[0m [0m [0m [0m [0m [0m [0m [0m [0m [0m [0m [0m [0m [0m [0m [0m [0m [0m [38;2;0;0;0;48;2;0;0;0m▀[38;2;0;0;0;48;2;0;0;0m▀[38;2;65;65;82;48;2;65;65;82m▀[38;2;65;65;82;48;2;65;65;82m▀[38;2;98;98;123;48;2;98;98;123m▀[38;2;98;98;123;48;2;98;98;123m▀[38;2;98;98;123;48;2;98;98;123m▀[38;2;98;98;123;48;2;98;98;123m▀[38;2;41;49;74;48;2;41;49;74m▀[38;2;41;49;74;48;2;41;49;74m▀[38;2;180;148;41;48;2;180;148;41m▀[38;2;0;0;0;48;2;0;0;0m▀[0m [0m [0m [0m [0m [0m [0m [0m [0m [0m [0m [0m [0m [0m [0m [0m [0m [0m [0m [0m [0m [38;2;0;0;0m▄[38;2;0;0;0;48;2;0;0;0m▀[38;2;180;148;41;48;2;180;148;41m▀[38;2;41;49;74;48;2;41;49;74m▀[38;2;98;98;123;48;2;98;98;123m▀[38;2;98;98;123;48;2;98;98;123m▀[38;2;98;98;123;48;2;98;98;123m▀[38;2;98;98;123;48;2;98;98;123m▀[38;2;98;98;123;48;2;98;98;123m▀[38;2;65;65;82;48;2;65;65;82m▀[38;2;0;0;0;48;2;0;0;0m▀[38;2;0;0;0;48;2;0;0;0m▀[0m [0m [0m [0m [0m [0m [0m [0m [0m [0m [0m [0m [0m [0m [0m [0m [0m
[0m [0m [0m [0m [0m [0m [0m [0m [0m [0m [0m [0m [0m [0m [0m [0m [0m [0m [38;2;0;0;0m▀[38;2;0;0;0;48;2;0;0;0m▀[38;2;65;65;82;48;2;0;0;0m▀[38;2;65;65;82;48;2;0;0;0m▀[38;2;65;65;82;48;2;65;65;82m▀[38;2;98;98;123;48;2;65;65;82m▀[38;2;98;98;123;48;2;238;213;82m▀[38;2;238;213;82;48;2;238;213;82m▀[38;2;238;213;82;48;2;238;213;82m▀[38;2;238;213;82;48;2;238;213;82m▀[38;2;238;213;82;48;2;238;213;82m▀[38;2;180;148;41;48;2;98;98;123m▀[38;2;0;0;0;48;2;41;49;74m▀[38;2;0;0;0m▄[0m [0m [0m [0m [38;2;0;0;0m▄[38;2;0;0;0m▄[38;2;0;0;0m▄[38;2;0;0;0m▄[38;2;0;0;0m▄[38;2;0;0;0m▄[38;2;0;0;0m▄[38;2;0;0;0m▄[38;2;0;0;0m▄[0m [0m [0m [0m [38;2;0;0;0m▄[38;2;0;0;0;48;2;41;49;74m▀[38;2;180;148;41;48;2;98;98;123m▀[38;2;180;148;41;48;2;98;98;123m▀[38;2;238;213;82;48;2;238;213;82m▀[38;2;238;213;82;48;2;238;213;82m▀[38;2;238;213;82;48;2;238;213;82m▀[38;2;98;98;123;48;2;238;213;82m▀[38;2;98;98;123;48;2;65;65;82m▀[38;2;98;98;123;48;2;65;65;82m▀[38;2;65;65;82;48;2;65;65;82m▀[38;2;65;65;82;48;2;0;0;0m▀[38;2;0;0;0;48;2;0;0;0m▀[38;2;0;0;0m▀[0m [0m [0m [0m [0m [0m [0m [0m [0m [0m [0m [0m [0m [0m [0m [0m [0m
[0m [0m [0m [0m [0m [0m [38;2;0;0;0m▄[38;2;0;0;0;48;2;180;148;41m▀[38;2;0;0;0;48;2;180;148;41m▀[38;2;0;0;0;48;2;180;148;41m▀[38;2;0;0;0;48;2;180;148;41m▀[38;2;0;0;0;48;2;180;148;41m▀[38;2;0;0;0;48;2;180;148;41m▀[38;2;0;0;0;48;2;180;148;41m▀[38;2;0;0;0;48;2;106;32;16m▀[38;2;0;0;0;48;2;106;32;16m▀[38;2;0;0;0m▄[38;2;0;0;0m▄[0m [38;2;0;0;0m▀[38;2;0;0;0;48;2;0;0;0m▀[38;2;0;0;0;48;2;0;0;0m▀[38;2;65;65;82;48;2;0;0;0m▀[38;2;238;213;82;48;2;180;148;41m▀[38;2;238;213;82;48;2;238;213;82m▀[38;2;238;213;82;48;2;65;65;82m▀[38;2;98;98;123;48;2;98;98;123m▀[38;2;98;98;123;48;2;98;98;123m▀[38;2;98;98;123;48;2;98;98;123m▀[38;2;98;98;123;48;2;65;65;82m▀[38;2;41;49;74;48;2;65;65;82m▀[38;2;0;0;0;48;2;41;49;74m▀[38;2;0;0;0;48;2;213;246;222m▀[38;2;0;0;0;48;2;213;246;222m▀[38;2;0;0;0;48;2;213;246;222m▀[38;2;0;0;0;48;2;213;246;222m▀[38;2;213;246;222;48;2;180;213;189m▀[38;2;213;246;222;48;2;180;213;189m▀[38;2;213;246;222;48;2;180;213;189m▀[38;2;213;246;222;48;2;180;213;189m▀[38;2;213;246;222;48;2;180;213;189m▀[38;2;213;246;222;48;2;180;213;189m▀[38;2;213;246;222;48;2;180;213;189m▀[38;2;213;246;222;48;2;180;213;189m▀[38;2;213;246;222;48;2;180;213;189m▀[38;2;0;0;0;48;2;213;246;222m▀[38;2;0;0;0;48;2;213;246;222m▀[38;2;0;0;0;48;2;213;246;222m▀[38;2;0;0;0;48;2;213;246;222m▀[38;2;0;0;0;48;2;41;49;74m▀[38;2;41;49;74;48;2;65;65;82m▀[38;2;98;98;123;48;2;65;65;82m▀[38;2;98;98;123;48;2;65;65;82m▀[38;2;98;98;123;48;2;98;98;123m▀[38;2;98;98;123;48;2;98;98;123m▀[38;2;238;213;82;48;2;65;65;82m▀[38;2;238;213;82;48;2;238;213;82m▀[38;2;238;213;82;48;2;180;148;41m▀[38;2;238;213;82;48;2;180;148;41m▀[38;2;65;65;82;48;2;0;0;0m▀[38;2;0;0;0;48;2;0;0;0m▀[38;2;0;0;0m▀[0m [38;2;0;0;0m▄[38;2;0;0;0m▄[38;2;0;0;0m▄[38;2;0;0;0;48;2;106;32;16m▀[38;2;0;0;0;48;2;106;32;16m▀[38;2;0;0;0;48;2;180;148;41m▀[38;2;0;0;0;48;2;180;148;41m▀[38;2;0;0;0;48;2;180;148;41m▀[38;2;0;0;0;48;2;180;148;41m▀[38;2;0;0;0;48;2;180;148;41m▀[38;2;0;0;0;48;2;106;32;16m▀[38;2;0;0;0m▄[0m [0m [0m [0m [0m
[0m [0m [0m [0m [0m [0m [0m [38;2;0;0;0m▀[38;2;0;0;0m▀[38;2;0;0;0;48;2;0;0;0m▀[38;2;106;32;16;48;2;106;32;16m▀[38;2;106;32;16;48;2;106;32;16m▀[38;2;180;148;41;48;2;180;148;41m▀[38;2;238;213;82;48;2;238;213;82m▀[38;2;238;213;82;48;2;238;213;82m▀[38;2;238;213;82;48;2;238;213;82m▀[38;2;106;32;16;48;2;106;32;16m▀[38;2;106;32;16;48;2;106;32;16m▀[38;2;0;0;0;48;2;0;0;0m▀[0m [0m [38;2;0;0;0;48;2;0;0;0m▀[38;2;0;0;0;48;2;0;0;0m▀[38;2;180;148;41;48;2;180;148;41m▀[38;2;180;148;41;48;2;180;148;41m▀[38;2;65;65;82;48;2;65;65;82m▀[38;2;65;65;82;48;2;65;65;82m▀[38;2;65;65;82;48;2;65;65;82m▀[38;2;65;65;82;48;2;65;65;82m▀[38;2;65;65;82;48;2;65;65;82m▀[38;2;65;65;82;48;2;65;65;82m▀[38;2;82;74;74;48;2;82;74;74m▀[38;2;0;0;0;48;2;0;0;0m▀[38;2;0;0;0;48;2;0;0;0m▀[38;2;180;213;189;48;2;180;213;189m▀[38;2;180;213;189;48;2;180;213;189m▀[38;2;180;213;189;48;2;180;213;189m▀[38;2;139;180;164;48;2;139;180;164m▀[38;2;41;49;74;48;2;41;49;74m▀[38;2;41;49;74;48;2;41;49;74m▀[38;2;41;49;74;48;2;41;49;74m▀[38;2;41;49;74;48;2;41;49;74m▀[38;2;41;49;74;48;2;41;49;74m▀[38;2;139;180;164;48;2;139;180;164m▀[38;2;180;213;189;48;2;180;213;189m▀[38;2;180;213;189;48;2;180;213;189m▀[38;2;180;213;189;48;2;180;213;189m▀[38;2;180;213;189;48;2;180;213;189m▀[38;2;82;74;74;48;2;82;74;74m▀[38;2;82;74;74;48;2;82;74;74m▀[38;2;65;65;82;48;2;65;65;82m▀[38;2;65;65;82;48;2;65;65;82m▀[38;2;65;65;82;48;2;65;65;82m▀[38;2;65;65;82;48;2;65;65;82m▀[38;2;65;65;82;48;2;65;65;82m▀[38;2;65;65;82;48;2;65;65;82m▀[38;2;180;148;41;48;2;180;148;41m▀[38;2;180;148;41;48;2;180;148;41m▀[38;2;180;148;41;48;2;180;148;41m▀[38;2;0;0;0;48;2;0;0;0m▀[38;2;0;0;0;48;2;0;0;0m▀[0m [38;2;0;0;0;48;2;0;0;0m▀[38;2;106;32;16;48;2;106;32;16m▀[38;2;106;32;16;48;2;106;32;16m▀[38;2;106;32;16;48;2;106;32;16m▀[38;2;238;213;82;48;2;238;213;82m▀[38;2;238;213;82;48;2;238;213;82m▀[38;2;238;213;82;48;2;238;213;82m▀[38;2;238;213;82;48;2;238;213;82m▀[38;2;238;213;82;48;2;238;213;82m▀[38;2;106;32;16;48;2;106;32;16m▀[38;2;106;32;16;48;2;106;32;16m▀[38;2;0;0;0;48;2;0;0;0m▀[0m [0m [0m [0m [0m [0m
[0m [0m [0m [0m [38;2;0;0;0m▄[38;2;0;0;0;48;2;180;148;41m▀[38;2;0;0;0m▄[0m [0m [0m [38;2;0;0;0m▀[38;2;0;0;0m▀[38;2;106;32;16;48;2;0;0;0m▀[38;2;180;148;41;48;2;106;32;16m▀[38;2;238;213;82;48;2;106;32;16m▀[38;2;238;213;82;48;2;106;32;16m▀[38;2;238;213;82;48;2;238;213;82m▀[38;2;180;148;41;48;2;238;213;82m▀[38;2;106;32;16;48;2;180;148;41m▀[38;2;0;0;0;48;2;16;16;16m▀[38;2;0;0;0m▄[38;2;0;0;0m▄[38;2;0;0;0m▀[38;2;0;0;0;48;2;0;0;0m▀[38;2;180;148;41;48;2;0;0;0m▀[38;2;65;65;82;48;2;41;49;74m▀[38;2;65;65;82;48;2;65;65;82m▀[38;2;65;65;82;48;2;65;65;82m▀[38;2;65;65;82;48;2;65;65;82m▀[38;2;65;65;82;48;2;82;74;74m▀[38;2;82;74;74;48;2;139;139;139m▀[38;2;139;139;139;48;2;139;139;139m▀[38;2;82;74;74;48;2;139;139;139m▀[38;2;82;74;74;48;2;139;139;139m▀[38;2;0;0;0;48;2;82;74;74m▀[38;2;139;180;164;48;2;41;49;74m▀[38;2;41;49;74;48;2;98;98;123m▀[38;2;41;49;74;48;2;98;98;123m▀[38;2;98;98;123;48;2;98;98;123m▀[38;2;98;98;123;48;2;98;98;123m▀[38;2;98;98;123;48;2;98;98;123m▀[38;2;98;98;123;48;2;98;98;123m▀[38;2;98;98;123;48;2;98;98;123m▀[38;2;41;49;74;48;2;98;98;123m▀[38;2;41;49;74;48;2;98;98;123m▀[38;2;139;180;164;48;2;41;49;74m▀[38;2;139;180;164;48;2;41;49;74m▀[38;2;82;74;74;48;2;139;139;139m▀[38;2;139;139;139;48;2;139;139;139m▀[38;2;139;139;139;48;2;139;139;139m▀[38;2;0;0;0;48;2;139;139;139m▀[38;2;65;65;82;48;2;0;0;0m▀[38;2;65;65;82;48;2;0;0;0m▀[38;2;65;65;82;48;2;65;65;82m▀[38;2;65;65;82;48;2;65;65;82m▀[38;2;65;65;82;48;2;41;49;74m▀[38;2;180;148;41;48;2;0;0;0m▀[38;2;0;0;0;48;2;0;0;0m▀[38;2;0;0;0;48;2;0;0;0m▀[38;2;0;0;0m▀[38;2;0;0;0m▄[38;2;0;0;0;48;2;106;32;16m▀[38;2;106;32;16;48;2;180;148;41m▀[38;2;238;213;82;48;2;238;213;82m▀[38;2;238;213;82;48;2;238;213;82m▀[38;2;238;213;82;48;2;238;213;82m▀[38;2;238;213;82;48;2;16;16;16m▀[38;2;238;213;82;48;2;106;32;16m▀[38;2;106;32;16;48;2;0;0;0m▀[38;2;106;32;16;48;2;0;0;0m▀[38;2;106;32;16;48;2;0;0;0m▀[38;2;0;0;0m▀[38;2;0;0;0m▀[0m [38;2;0;0;0m▄[38;2;0;0;0;48;2;180;148;41m▀[38;2;0;0;0;48;2;180;148;41m▀[38;2;0;0;0m▄[0m [0m
[0m [0m [0m [0m [38;2;0;0;0;48;2;0;0;0m▀[38;2;180;148;41;48;2;180;148;41m▀[38;2;106;32;16;48;2;106;32;16m▀[38;2;0;0;0;48;2;0;0;0m▀[0m [0m [0m [0m [0m [38;2;0;0;0m▀[38;2;0;0;0m▀[38;2;0;0;0m▀[38;2;106;32;16;48;2;0;0;0m▀[38;2;238;213;82;48;2;180;148;41m▀[38;2;238;213;82;48;2;238;213;82m▀[38;2;238;213;82;48;2;238;213;82m▀[38;2;16;16;16;48;2;180;148;41m▀[38;2;16;16;16;48;2;180;148;41m▀[38;2;0;0;0;48;2;16;16;16m▀[38;2;213;246;222;48;2;180;213;189m▀[38;2;180;213;189;48;2;180;213;189m▀[38;2;0;0;0;48;2;139;180;164m▀[38;2;41;49;74;48;2;0;0;0m▀[38;2;41;49;74;48;2;0;0;0m▀[38;2;41;49;74;48;2;0;0;0m▀[38;2;0;0;0;48;2;0;0;0m▀[38;2;82;74;74;48;2;82;74;74m▀[38;2;139;139;139;48;2;82;74;74m▀[38;2;139;139;139;48;2;0;0;0m▀[38;2;139;139;139;48;2;0;0;0m▀[38;2;0;0;0;48;2;65;65;82m▀[38;2;98;98;123;48;2;98;98;123m▀[38;2;98;98;123;48;2;98;98;123m▀[38;2;98;98;123;48;2;98;98;123m▀[38;2;98;98;123;48;2;98;98;123m▀[38;2;98;98;123;48;2;180;148;41m▀[38;2;98;98;123;48;2;180;148;41m▀[38;2;98;98;123;48;2;238;213;82m▀[38;2;98;98;123;48;2;98;98;123m▀[38;2;98;98;123;48;2;98;98;123m▀[38;2;98;98;123;48;2;98;98;123m▀[38;2;98;98;123;48;2;98;98;123m▀[38;2;98;98;123;48;2;98;98;123m▀[38;2;0;0;0;48;2;65;65;82m▀[38;2;139;139;139;48;2;0;0;0m▀[38;2;139;139;139;48;2;82;74;74m▀[38;2;82;74;74;48;2;82;74;74m▀[38;2;0;0;0;48;2;0;0;0m▀[38;2;0;0;0;48;2;0;0;0m▀[38;2;41;49;74;48;2;0;0;0m▀[38;2;41;49;74;48;2;0;0;0m▀[38;2;0;0;0;48;2;139;180;164m▀[38;2;180;213;189;48;2;180;213;189m▀[38;2;213;246;222;48;2;180;213;189m▀[38;2;213;246;222;48;2;180;213;189m▀[38;2;0;0;0;48;2;16;16;16m▀[38;2;106;32;16;48;2;180;148;41m▀[38;2;180;148;41;48;2;238;213;82m▀[38;2;238;213;82;48;2;238;213;82m▀[38;2;238;213;82;48;2;16;16;16m▀[38;2;238;213;82;48;2;16;16;16m▀[38;2;16;16;16;48;2;0;0;0m▀[38;2;0;0;0m▀[38;2;0;0;0m▀[0m [0m [0m [0m [0m [38;2;0;0;0;48;2;0;0;0m▀[38;2;180;148;41;48;2;180;148;41m▀[38;2;106;32;16;48;2;106;32;16m▀[38;2;106;32;16;48;2;106;32;16m▀[38;2;0;0;0;48;2;0;0;0m▀[0m [0m
[0m [0m [0m [0m [38;2;0;0;0;48;2;0;0;0m▀[38;2;180;148;41;48;2;180;148;41m▀[38;2;180;148;41;48;2;238;213;82m▀[38;2;106;32;16;48;2;106;32;16m▀[38;2;0;0;0;48;2;0;0;0m▀[0m [0m [0m [0m [0m [0m [0m [38;2;0;0;0m▀[38;2;180;148;41;48;2;0;0;0m▀[38;2;238;213;82;48;2;180;148;41m▀[38;2;238;213;82;48;2;238;213;82m▀[38;2;238;213;82;48;2;238;213;82m▀[38;2;238;213;82;48;2;238;213;82m▀[38;2;106;32;16;48;2;180;148;41m▀[38;2;180;213;189;48;2;106;32;16m▀[38;2;139;180;164;48;2;21;26;44m▀[38;2;21;26;44;48;2;21;26;44m▀[38;2;21;26;44;48;2;21;26;44m▀[38;2;21;26;44;48;2;21;26;44m▀[38;2;21;26;44;48;2;21;26;44m▀[38;2;21;26;44;48;2;0;0;0m▀[38;2;0;0;0;48;2;65;65;82m▀[38;2;41;49;74;48;2;65;65;82m▀[38;2;65;65;82;48;2;98;98;123m▀[38;2;65;65;82;48;2;98;98;123m▀[38;2;98;98;123;48;2;98;98;123m▀[38;2;98;98;123;48;2;98;98;123m▀[38;2;98;98;123;48;2;98;98;123m▀[38;2;98;98;123;48;2;180;148;41m▀[38;2;180;148;41;48;2;98;98;123m▀[38;2;98;98;123;48;2;98;98;123m▀[38;2;98;98;123;48;2;98;98;123m▀[38;2;98;98;123;48;2;98;98;123m▀[38;2;238;213;82;48;2;98;98;123m▀[38;2;98;98;123;48;2;238;213;82m▀[38;2;98;98;123;48;2;98;98;123m▀[38;2;98;98;123;48;2;98;98;123m▀[38;2;98;98;123;48;2;98;98;123m▀[38;2;98;98;123;48;2;98;98;123m▀[38;2;65;65;82;48;2;98;98;123m▀[38;2;41;49;74;48;2;65;65;82m▀[38;2;0;0;0;48;2;65;65;82m▀[38;2;21;26;44;48;2;0;0;0m▀[38;2;21;26;44;48;2;0;0;0m▀[38;2;21;26;44;48;2;21;26;44m▀[38;2;21;26;44;48;2;21;26;44m▀[38;2;21;26;44;48;2;21;26;44m▀[38;2;139;180;164;48;2;21;26;44m▀[38;2;180;213;189;48;2;16;16;16m▀[38;2;180;213;189;48;2;16;16;16m▀[38;2;16;16;16;48;2;180;148;41m▀[38;2;238;213;82;48;2;238;213;82m▀[38;2;238;213;82;48;2;238;213;82m▀[38;2;238;213;82;48;2;106;32;16m▀[38;2;16;16;16;48;2;0;0;0m▀[38;2;16;16;16;48;2;0;0;0m▀[38;2;0;0;0m▀[0m [0m [0m [0m [0m [0m [38;2;0;0;0;48;2;0;0;0m▀[38;2;180;148;41;48;2;180;148;41m▀[38;2;238;213;82;48;2;238;213;82m▀[38;2;106;32;16;48;2;106;32;16m▀[38;2;106;32;16;48;2;106;32;16m▀[38;2;0;0;0;48;2;0;0;0m▀[0m [0m
[0m [0m [0m [0m [38;2;0;0;0m▀[38;2;180;148;41;48;2;0;0;0m▀[38;2;238;213;82;48;2;180;148;41m▀[38;2;106;32;16;48;2;180;148;41m▀[38;2;0;0;0;48;2;106;32;16m▀[38;2;0;0;0;48;2;106;32;16m▀[38;2;0;0;0m▄[0m [0m [0m [0m [0m [0m [38;2;0;0;0;48;2;0;0;0m▀[38;2;180;148;41;48;2;180;148;41m▀[38;2;238;213;82;48;2;238;213;82m▀[38;2;238;213;82;48;2;238;213;82m▀[38;2;238;213;82;48;2;238;213;82m▀[38;2;180;148;41;48;2;180;148;41m▀[38;2;106;32;16;48;2;106;32;16m▀[38;2;21;26;44;48;2;21;26;44m▀[38;2;21;26;44;48;2;106;32;16m▀[38;2;21;26;44;48;2;180;148;41m▀[38;2;21;26;44;48;2;180;148;41m▀[38;2;21;26;44;48;2;21;26;44m▀[38;2;0;0;0;48;2;0;0;0m▀[38;2;65;65;82;48;2;65;65;82m▀[38;2;65;65;82;48;2;98;98;123m▀[38;2;98;98;123;48;2;98;98;123m▀[38;2;98;98;123;48;2;98;98;123m▀[38;2;98;98;123;48;2;98;98;123m▀[38;2;98;98;123;48;2;98;98;123m▀[38;2;98;98;123;48;2;98;98;123m▀[38;2;180;148;41;48;2;238;213;82m▀[38;2;98;98;123;48;2;98;98;123m▀[38;2;98;98;123;48;2;98;98;123m▀[38;2;98;98;123;48;2;98;98;123m▀[38;2;98;98;123;48;2;98;98;123m▀[38;2;98;98;123;48;2;98;98;123m▀[38;2;238;213;82;48;2;238;213;82m▀[38;2;98;98;123;48;2;98;98;123m▀[38;2;98;98;123;48;2;98;98;123m▀[38;2;98;98;123;48;2;98;98;123m▀[38;2;98;98;123;48;2;98;98;123m▀[38;2;98;98;123;48;2;98;98;123m▀[38;2;65;65;82;48;2;98;98;123m▀[38;2;65;65;82;48;2;65;65;82m▀[38;2;0;0;0;48;2;0;0;0m▀[38;2;0;0;0;48;2;0;0;0m▀[38;2;21;26;44;48;2;21;26;44m▀[38;2;21;26;44;48;2;180;148;41m▀[38;2;21;26;44;48;2;180;148;41m▀[38;2;21;26;44;48;2;21;26;44m▀[38;2;16;16;16;48;2;16;16;16m▀[38;2;16;16;16;48;2;16;16;16m▀[38;2;180;148;41;48;2;180;148;41m▀[38;2;238;213;82;48;2;238;213;82m▀[38;2;238;213;82;48;2;238;213;82m▀[38;2;106;32;16;48;2;106;32;16m▀[38;2;0;0;0;48;2;0;0;0m▀[38;2;0;0;0m▄[0m [0m [0m [0m [0m [0m [38;2;0;0;0m▄[38;2;0;0;0;48;2;180;148;41m▀[38;2;180;148;41;48;2;238;213;82m▀[38;2;238;213;82;48;2;106;32;16m▀[38;2;106;32;16;48;2;0;0;0m▀[38;2;106;32;16;48;2;0;0;0m▀[38;2;0;0;0m▀[0m [0m
[0m [0m [0m [0m [0m [38;2;0;0;0m▀[38;2;180;148;41;48;2;0;0;0m▀[38;2;238;213;82;48;2;180;148;41m▀[38;2;180;148;41;48;2;238;213;82m▀[38;2;180;148;41;48;2;238;213;82m▀[38;2;106;32;16;48;2;180;148;41m▀[38;2;0;0;0;48;2;106;32;16m▀[38;2;0;0;0;48;2;106;32;16m▀[38;2;0;0;0m▄[38;2;0;0;0m▄[38;2;0;0;0m▄[38;2;0;0;0;48;2;213;246;222m▀[38;2;213;246;222;48;2;180;148;41m▀[38;2;180;148;41;48;2;238;213;82m▀[38;2;238;213;82;48;2;238;213;82m▀[38;2;238;213;82;48;2;238;213;82m▀[38;2;238;213;82;48;2;238;213;82m▀[38;2;180;148;41;48;2;180;148;41m▀[38;2;106;32;16;48;2;0;0;0m▀[38;2;0;0;0;48;2;180;148;41m▀[38;2;238;213;82;48;2;238;213;82m▀[38;2;238;213;82;48;2;238;213;82m▀[38;2;238;213;82;48;2;238;213;82m▀[38;2;180;148;41;48;2;238;213;82m▀[38;2;65;65;82;48;2;180;148;41m▀[38;2;65;65;82;48;2;65;65;82m▀[38;2;0;0;0;48;2;0;0;0m▀[38;2;0;0;0;48;2;106;32;16m▀[38;2;0;0;0;48;2;106;32;16m▀[38;2;98;98;123;48;2;41;49;74m▀[38;2;98;98;123;48;2;41;49;74m▀[38;2;98;98;123;48;2;98;98;123m▀[38;2;98;98;123;48;2;98;98;123m▀[38;2;238;213;82;48;2;98;98;123m▀[38;2;98;98;123;48;2;238;213;82m▀[38;2;98;98;123;48;2;238;213;82m▀[38;2;98;98;123;48;2;180;148;41m▀[38;2;180;148;41;48;2;98;98;123m▀[38;2;98;98;123;48;2;98;98;123m▀[38;2;98;98;123;48;2;98;98;123m▀[38;2;98;98;123;48;2;41;49;74m▀[38;2;98;98;123;48;2;41;49;74m▀[38;2;98;98;123;48;2;41;49;74m▀[38;2;0;0;0;48;2;106;32;16m▀[38;2;0;0;0;48;2;0;0;0m▀[38;2;65;65;82;48;2;65;65;82m▀[38;2;65;65;82;48;2;0;0;0m▀[38;2;65;65;82;48;2;0;0;0m▀[38;2;0;0;0;48;2;180;148;41m▀[38;2;238;213;82;48;2;238;213;82m▀[38;2;238;213;82;48;2;238;213;82m▀[38;2;180;148;41;48;2;238;213;82m▀[38;2;16;16;16;48;2;106;32;16m▀[38;2;16;16;16;48;2;106;32;16m▀[38;2;180;148;41;48;2;180;148;41m▀[38;2;180;148;41;48;2;180;148;41m▀[38;2;238;213;82;48;2;238;213;82m▀[38;2;106;32;16;48;2;238;213;82m▀[38;2;213;246;222;48;2;180;148;41m▀[38;2;213;246;222;48;2;180;148;41m▀[38;2;0;0;0;48;2;213;246;222m▀[38;2;0;0;0m▄[38;2;0;0;0m▄[38;2;0;0;0;48;2;180;148;41m▀[38;2;0;0;0;48;2;180;148;41m▀[38;2;0;0;0;48;2;180;148;41m▀[38;2;180;148;41;48;2;238;213;82m▀[38;2;238;213;82;48;2;180;148;41m▀[38;2;180;148;41;48;2;16;16;16m▀[38;2;106;32;16;48;2;0;0;0m▀[38;2;0;0;0m▀[0m [0m [0m [0m
[0m [0m [0m [0m [0m [0m [0m [38;2;0;0;0m▀[38;2;180;148;41;48;2;0;0;0m▀[38;2;180;148;41;48;2;0;0;0m▀[38;2;238;213;82;48;2;106;32;16m▀[38;2;238;213;82;48;2;238;213;82m▀[38;2;238;213;82;48;2;238;213;82m▀[38;2;180;148;41;48;2;238;213;82m▀[38;2;180;148;41;48;2;238;213;82m▀[38;2;180;148;41;48;2;238;213;82m▀[38;2;180;148;41;48;2;238;213;82m▀[38;2;238;213;82;48;2;238;213;82m▀[38;2;238;213;82;48;2;180;148;41m▀[38;2;238;213;82;48;2;180;148;41m▀[38;2;180;148;41;48;2;180;148;41m▀[38;2;180;148;41;48;2;180;148;41m▀[38;2;180;148;41;48;2;16;16;16m▀[38;2;0;0;0;48;2;21;26;44m▀[38;2;180;148;41;48;2;0;0;0m▀[38;2;180;148;41;48;2;180;148;41m▀[38;2;238;213;82;48;2;180;148;41m▀[38;2;238;213;82;48;2;180;148;41m▀[38;2;238;213;82;48;2;106;32;16m▀[38;2;106;32;16;48;2;41;49;74m▀[38;2;65;65;82;48;2;65;65;82m▀[38;2;0;0;0;48;2;0;0;0m▀[38;2;106;32;16;48;2;172;65;74m▀[38;2;106;32;16;48;2;172;65;74m▀[38;2;0;0;0;48;2;0;0;0m▀[38;2;255;238;222;48;2;0;0;0m▀[38;2;98;98;123;48;2;41;49;74m▀[38;2;98;98;123;48;2;98;98;123m▀[38;2;98;98;123;48;2;98;98;123m▀[38;2;98;98;123;48;2;98;98;123m▀[38;2;98;98;123;48;2;98;98;123m▀[38;2;98;98;123;48;2;98;98;123m▀[38;2;98;98;123;48;2;98;98;123m▀[38;2;98;98;123;48;2;41;49;74m▀[38;2;41;49;74;48;2;0;0;0m▀[38;2;0;0;0;48;2;255;238;222m▀[38;2;0;0;0;48;2;255;238;222m▀[38;2;172;65;74;48;2;172;65;74m▀[38;2;106;32;16;48;2;172;65;74m▀[38;2;0;0;0;48;2;0;0;0m▀[38;2;65;65;82;48;2;65;65;82m▀[38;2;0;0;0;48;2;41;49;74m▀[38;2;0;0;0;48;2;41;49;74m▀[38;2;180;148;41;48;2;106;32;16m▀[38;2;180;148;41;48;2;180;148;41m▀[38;2;238;213;82;48;2;180;148;41m▀[38;2;238;213;82;48;2;106;32;16m▀[38;2;106;32;16;48;2;21;26;44m▀[38;2;106;32;16;48;2;21;26;44m▀[38;2;180;148;41;48;2;16;16;16m▀[38;2;180;148;41;48;2;180;148;41m▀[38;2;180;148;41;48;2;180;148;41m▀[38;2;238;213;82;48;2;180;148;41m▀[38;2;238;213;82;48;2;238;213;82m▀[38;2;238;213;82;48;2;238;213;82m▀[38;2;180;148;41;48;2;238;213;82m▀[38;2;180;148;41;48;2;238;213;82m▀[38;2;180;148;41;48;2;238;213;82m▀[38;2;238;213;82;48;2;238;213;82m▀[38;2;238;213;82;48;2;180;148;41m▀[38;2;238;213;82;48;2;180;148;41m▀[38;2;180;148;41;48;2;16;16;16m▀[38;2;16;16;16;48;2;0;0;0m▀[38;2;0;0;0m▀[0m [0m [0m [0m [0m [0m
[0m [0m [0m [0m [0m [0m [0m [0m [0m [38;2;0;0;0m▀[38;2;106;32;16;48;2;0;0;0m▀[38;2;238;213;82;48;2;106;32;16m▀[38;2;238;213;82;48;2;106;32;16m▀[38;2;238;213;82;48;2;180;148;41m▀[38;2;238;213;82;48;2;180;148;41m▀[38;2;238;213;82;48;2;180;148;41m▀[38;2;238;213;82;48;2;180;148;41m▀[38;2;238;213;82;48;2;180;148;41m▀[38;2;180;148;41;48;2;180;148;41m▀[38;2;180;148;41;48;2;180;148;41m▀[38;2;180;148;41;48;2;16;16;16m▀[38;2;180;148;41;48;2;16;16;16m▀[38;2;16;16;16;48;2;21;26;44m▀[38;2;21;26;44;48;2;21;26;44m▀[38;2;0;0;0;48;2;21;26;44m▀[38;2;180;148;41;48;2;0;0;0m▀[38;2;180;148;41;48;2;106;32;16m▀[38;2;180;148;41;48;2;106;32;16m▀[38;2;106;32;16;48;2;0;0;0m▀[38;2;41;49;74;48;2;41;49;74m▀[38;2;65;65;82;48;2;65;65;82m▀[38;2;0;0;0;48;2;65;65;82m▀[38;2;172;65;74;48;2;0;0;0m▀[38;2;172;65;74;48;2;0;0;0m▀[38;2;0;0;0;48;2;106;32;16m▀[38;2;0;0;0;48;2;0;0;0m▀[38;2;41;49;74;48;2;106;32;16m▀[38;2;98;98;123;48;2;98;98;123m▀[38;2;98;98;123;48;2;98;98;123m▀[38;2;98;98;123;48;2;98;98;123m▀[38;2;98;98;123;48;2;98;98;123m▀[38;2;98;98;123;48;2;98;98;123m▀[38;2;98;98;123;48;2;98;98;123m▀[38;2;41;49;74;48;2;41;49;74m▀[38;2;0;0;0;48;2;0;0;0m▀[38;2;255;238;222;48;2;172;65;74m▀[38;2;255;238;222;48;2;172;65;74m▀[38;2;172;65;74;48;2;106;32;16m▀[38;2;172;65;74;48;2;0;0;0m▀[38;2;0;0;0;48;2;65;65;82m▀[38;2;65;65;82;48;2;65;65;82m▀[38;2;41;49;74;48;2;41;49;74m▀[38;2;41;49;74;48;2;41;49;74m▀[38;2;106;32;16;48;2;0;0;0m▀[38;2;180;148;41;48;2;106;32;16m▀[38;2;180;148;41;48;2;106;32;16m▀[38;2;106;32;16;48;2;0;0;0m▀[38;2;21;26;44;48;2;21;26;44m▀[38;2;21;26;44;48;2;21;26;44m▀[38;2;16;16;16;48;2;21;26;44m▀[38;2;180;148;41;48;2;16;16;16m▀[38;2;180;148;41;48;2;180;148;41m▀[38;2;180;148;41;48;2;180;148;41m▀[38;2;238;213;82;48;2;180;148;41m▀[38;2;238;213;82;48;2;180;148;41m▀[38;2;238;213;82;48;2;180;148;41m▀[38;2;238;213;82;48;2;180;148;41m▀[38;2;238;213;82;48;2;180;148;41m▀[38;2;238;213;82;48;2;16;16;16m▀[38;2;180;148;41;48;2;16;16;16m▀[38;2;180;148;41;48;2;16;16;16m▀[38;2;16;16;16;48;2;0;0;0m▀[38;2;0;0;0m▀[0m [0m [0m [0m [0m [0m [0m
[0m [0m [0m [0m [0m [0m [0m [0m [0m [0m [0m [38;2;0;0;0;48;2;0;0;0m▀[38;2;0;0;0;48;2;213;246;222m▀[38;2;106;32;16;48;2;180;213;189m▀[38;2;106;32;16;48;2;180;213;189m▀[38;2;106;32;16;48;2;180;213;189m▀[38;2;106;32;16;48;2;139;180;164m▀[38;2;106;32;16;48;2;21;26;44m▀[38;2;16;16;16;48;2;21;26;44m▀[38;2;16;16;16;48;2;21;26;44m▀[38;2;21;26;44;48;2;21;26;44m▀[38;2;21;26;44;48;2;21;26;44m▀[38;2;21;26;44;48;2;21;26;44m▀[38;2;21;26;44;48;2;21;26;44m▀[38;2;21;26;44;48;2;21;26;44m▀[38;2;21;26;44;48;2;21;26;44m▀[38;2;21;26;44;48;2;21;26;44m▀[38;2;21;26;44;48;2;21;26;44m▀[38;2;0;0;0;48;2;21;26;44m▀[38;2;41;49;74;48;2;0;0;0m▀[38;2;41;49;74;48;2;41;49;74m▀[38;2;65;65;82;48;2;65;65;82m▀[38;2;65;65;82;48;2;65;65;82m▀[38;2;65;65;82;48;2;65;65;82m▀[38;2;41;49;74;48;2;65;65;82m▀[38;2;106;32;16;48;2;65;65;82m▀[38;2;172;65;74;48;2;98;98;123m▀[38;2;98;98;123;48;2;41;49;74m▀[38;2;98;98;123;48;2;0;0;0m▀[38;2;98;98;123;48;2;0;0;0m▀[38;2;98;98;123;48;2;0;0;0m▀[38;2;98;98;123;48;2;41;49;74m▀[38;2;98;98;123;48;2;41;49;74m▀[38;2;65;65;82;48;2;65;65;82m▀[38;2;172;65;74;48;2;65;65;82m▀[38;2;0;0;0;48;2;65;65;82m▀[38;2;0;0;0;48;2;65;65;82m▀[38;2;0;0;0;48;2;65;65;82m▀[38;2;65;65;82;48;2;65;65;82m▀[38;2;65;65;82;48;2;65;65;82m▀[38;2;41;49;74;48;2;41;49;74m▀[38;2;41;49;74;48;2;0;0;0m▀[38;2;41;49;74;48;2;0;0;0m▀[38;2;0;0;0;48;2;21;26;44m▀[38;2;21;26;44;48;2;21;26;44m▀[38;2;0;0;0;48;2;0;0;0m▀[38;2;65;65;82;48;2;65;65;82m▀[38;2;0;0;0;48;2;65;65;82m▀[38;2;0;0;0;48;2;65;65;82m▀[38;2;21;26;44;48;2;0;0;0m▀[38;2;21;26;44;48;2;21;26;44m▀[38;2;16;16;16;48;2;21;26;44m▀[38;2;16;16;16;48;2;21;26;44m▀[38;2;16;16;16;48;2;21;26;44m▀[38;2;16;16;16;48;2;21;26;44m▀[38;2;16;16;16;48;2;139;180;164m▀[38;2;16;16;16;48;2;180;213;189m▀[38;2;16;16;16;48;2;180;213;189m▀[38;2;0;0;0;48;2;213;246;222m▀[38;2;0;0;0;48;2;0;0;0m▀[38;2;0;0;0m▀[0m [0m [0m [0m [0m [0m [0m [0m [0m
[0m [0m [0m [0m [0m [0m [0m [0m [0m [0m [0m [38;2;0;0;0;48;2;0;0;0m▀[38;2;213;246;222;48;2;213;246;222m▀[38;2;180;213;189;48;2;180;213;189m▀[38;2;139;180;164;48;2;139;180;164m▀[38;2;139;180;164;48;2;139;180;164m▀[38;2;21;26;44;48;2;21;26;44m▀[38;2;21;26;44;48;2;21;26;44m▀[38;2;21;26;44;48;2;21;26;44m▀[38;2;21;26;44;48;2;21;26;44m▀[38;2;21;26;44;48;2;21;26;44m▀[38;2;21;26;44;48;2;21;26;44m▀[38;2;21;26;44;48;2;21;26;44m▀[38;2;21;26;44;48;2;21;26;44m▀[38;2;21;26;44;48;2;21;26;44m▀[38;2;21;26;44;48;2;41;49;74m▀[38;2;21;26;44;48;2;41;49;74m▀[38;2;21;26;44;48;2;41;49;74m▀[38;2;41;49;74;48;2;65;65;82m▀[38;2;0;0;0;48;2;41;49;74m▀[38;2;41;49;74;48;2;0;0;0m▀[38;2;41;49;74;48;2;41;49;74m▀[38;2;65;65;82;48;2;41;49;74m▀[38;2;65;65;82;48;2;41;49;74m▀[38;2;65;65;82;48;2;65;65;82m▀[38;2;65;65;82;48;2;65;65;82m▀[38;2;41;49;74;48;2;65;65;82m▀[38;2;65;65;82;48;2;65;65;82m▀[38;2;0;0;0;48;2;41;49;74m▀[38;2;41;49;74;48;2;65;65;82m▀[38;2;41;49;74;48;2;65;65;82m▀[38;2;65;65;82;48;2;65;65;82m▀[38;2;65;65;82;48;2;65;65;82m▀[38;2;41;49;74;48;2;65;65;82m▀[38;2;41;49;74;48;2;65;65;82m▀[38;2;65;65;82;48;2;65;65;82m▀[38;2;65;65;82;48;2;65;65;82m▀[38;2;65;65;82;48;2;65;65;82m▀[38;2;65;65;82;48;2;41;49;74m▀[38;2;41;49;74;48;2;41;49;74m▀[38;2;41;49;74;48;2;0;0;0m▀[38;2;0;0;0;48;2;213;246;222m▀[38;2;0;0;0;48;2;213;246;222m▀[38;2;21;26;44;48;2;21;26;44m▀[38;2;21;26;44;48;2;0;0;0m▀[38;2;0;0;0;48;2;65;65;82m▀[38;2;65;65;82;48;2;65;65;82m▀[38;2;98;98;123;48;2;98;98;123m▀[38;2;98;98;123;48;2;98;98;123m▀[38;2;65;65;82;48;2;98;98;123m▀[38;2;0;0;0;48;2;0;0;0m▀[38;2;21;26;44;48;2;21;26;44m▀[38;2;21;26;44;48;2;21;26;44m▀[38;2;21;26;44;48;2;21;26;44m▀[38;2;21;26;44;48;2;21;26;44m▀[38;2;21;26;44;48;2;21;26;44m▀[38;2;139;180;164;48;2;139;180;164m▀[38;2;180;213;189;48;2;180;213;189m▀[38;2;213;246;222;48;2;213;246;222m▀[38;2;0;0;0;48;2;0;0;0m▀[0m [0m [0m [0m [0m [0m [0m [0m [0m [0m
[0m [0m [0m [0m [0m [0m [0m [0m [0m [0m [38;2;0;0;0m▄[38;2;0;0;0;48;2;213;246;222m▀[38;2;213;246;222;48;2;180;213;189m▀[38;2;180;213;189;48;2;180;213;189m▀[38;2;139;180;164;48;2;139;180;164m▀[38;2;139;180;164;48;2;139;180;164m▀[38;2;21;26;44;48;2;21;26;44m▀[38;2;21;26;44;48;2;21;26;44m▀[38;2;21;26;44;48;2;21;26;44m▀[38;2;21;26;44;48;2;21;26;44m▀[38;2;21;26;44;48;2;21;26;44m▀[38;2;21;26;44;48;2;21;26;44m▀[38;2;21;26;44;48;2;21;26;44m▀[38;2;21;26;44;48;2;21;26;44m▀[38;2;21;26;44;48;2;180;148;41m▀[38;2;41;49;74;48;2;238;213;82m▀[38;2;41;49;74;48;2;65;65;82m▀[38;2;41;49;74;48;2;65;65;82m▀[38;2;65;65;82;48;2;41;49;74m▀[38;2;41;49;74;48;2;41;49;74m▀[38;2;0;0;0;48;2;0;0;0m▀[38;2;41;49;74;48;2;0;0;0m▀[38;2;41;49;74;48;2;41;49;74m▀[38;2;41;49;74;48;2;41;49;74m▀[38;2;65;65;82;48;2;41;49;74m▀[38;2;65;65;82;48;2;41;49;74m▀[38;2;65;65;82;48;2;65;65;82m▀[38;2;65;65;82;48;2;65;65;82m▀[38;2;41;49;74;48;2;65;65;82m▀[38;2;65;65;82;48;2;65;65;82m▀[38;2;65;65;82;48;2;65;65;82m▀[38;2;65;65;82;48;2;65;65;82m▀[38;2;65;65;82;48;2;65;65;82m▀[38;2;65;65;82;48;2;65;65;82m▀[38;2;65;65;82;48;2;65;65;82m▀[38;2;65;65;82;48;2;41;49;74m▀[38;2;65;65;82;48;2;41;49;74m▀[38;2;65;65;82;48;2;41;49;74m▀[38;2;41;49;74;48;2;41;49;74m▀[38;2;41;49;74;48;2;0;0;0m▀[38;2;0;0;0;48;2;180;213;189m▀[38;2;213;246;222;48;2;213;246;222m▀[38;2;213;246;222;48;2;213;246;222m▀[38;2;21;26;44;48;2;21;26;44m▀[38;2;0;0;0;48;2;0;0;0m▀[38;2;65;65;82;48;2;65;65;82m▀[38;2;65;65;82;48;2;65;65;82m▀[38;2;98;98;123;48;2;238;213;82m▀[38;2;98;98;123;48;2;238;213;82m▀[38;2;98;98;123;48;2;238;213;82m▀[38;2;0;0;0;48;2;238;213;82m▀[38;2;21;26;44;48;2;180;148;41m▀[38;2;21;26;44;48;2;21;26;44m▀[38;2;21;26;44;48;2;21;26;44m▀[38;2;21;26;44;48;2;21;26;44m▀[38;2;21;26;44;48;2;21;26;44m▀[38;2;139;180;164;48;2;139;180;164m▀[38;2;180;213;189;48;2;180;213;189m▀[38;2;213;246;222;48;2;180;213;189m▀[38;2;0;0;0;48;2;213;246;222m▀[38;2;0;0;0;48;2;213;246;222m▀[38;2;0;0;0m▄[0m [0m [0m [0m [0m [0m [0m [0m
[0m [0m [0m [0m [0m [0m [0m [0m [0m [0m [38;2;0;0;0;48;2;0;0;0m▀[38;2;213;246;222;48;2;213;246;222m▀[38;2;180;213;189;48;2;180;213;189m▀[38;2;139;180;164;48;2;139;180;164m▀[38;2;21;26;44;48;2;21;26;44m▀[38;2;21;26;44;48;2;21;26;44m▀[38;2;21;26;44;48;2;21;26;44m▀[38;2;21;26;44;48;2;21;26;44m▀[38;2;21;26;44;48;2;21;26;44m▀[38;2;21;26;44;48;2;21;26;44m▀[38;2;21;26;44;48;2;21;26;44m▀[38;2;21;26;44;48;2;21;26;44m▀[38;2;21;26;44;48;2;41;49;74m▀[38;2;180;148;41;48;2;65;65;82m▀[38;2;238;213;82;48;2;65;65;82m▀[38;2;238;213;82;48;2;238;213;82m▀[38;2;238;213;82;48;2;238;213;82m▀[38;2;238;213;82;48;2;238;213;82m▀[38;2;41;49;74;48;2;180;148;41m▀[38;2;41;49;74;48;2;0;0;0m▀[38;2;0;0;0;48;2;213;246;222m▀[38;2;180;213;189;48;2;180;213;189m▀[38;2;0;0;0;48;2;139;180;164m▀[38;2;0;0;0;48;2;139;180;164m▀[38;2;41;49;74;48;2;0;0;0m▀[38;2;41;49;74;48;2;0;0;0m▀[38;2;41;49;74;48;2;41;49;74m▀[38;2;65;65;82;48;2;41;49;74m▀[38;2;65;65;82;48;2;41;49;74m▀[38;2;65;65;82;48;2;41;49;74m▀[38;2;65;65;82;48;2;41;49;74m▀[38;2;65;65;82;48;2;41;49;74m▀[38;2;65;65;82;48;2;41;49;74m▀[38;2;65;65;82;48;2;41;49;74m▀[38;2;41;49;74;48;2;41;49;74m▀[38;2;41;49;74;48;2;0;0;0m▀[38;2;41;49;74;48;2;0;0;0m▀[38;2;41;49;74;48;2;0;0;0m▀[38;2;0;0;0;48;2;0;0;0m▀[38;2;180;213;189;48;2;180;213;189m▀[38;2;213;246;222;48;2;213;246;222m▀[38;2;21;26;44;48;2;21;26;44m▀[38;2;21;26;44;48;2;21;26;44m▀[38;2;21;26;44;48;2;21;26;44m▀[38;2;0;0;0;48;2;0;0;0m▀[38;2;65;65;82;48;2;180;148;41m▀[38;2;180;148;41;48;2;180;148;41m▀[38;2;238;213;82;48;2;98;98;123m▀[38;2;238;213;82;48;2;98;98;123m▀[38;2;238;213;82;48;2;98;98;123m▀[38;2;238;213;82;48;2;98;98;123m▀[38;2;180;148;41;48;2;238;213;82m▀[38;2;21;26;44;48;2;0;0;0m▀[38;2;21;26;44;48;2;21;26;44m▀[38;2;21;26;44;48;2;21;26;44m▀[38;2;21;26;44;48;2;21;26;44m▀[38;2;21;26;44;48;2;21;26;44m▀[38;2;139;180;164;48;2;139;180;164m▀[38;2;180;213;189;48;2;180;213;189m▀[38;2;213;246;222;48;2;213;246;222m▀[38;2;213;246;222;48;2;213;246;222m▀[38;2;0;0;0;48;2;0;0;0m▀[0m [0m [0m [0m [0m [0m [0m [0m
[0m [0m [0m [0m [0m [0m [0m [0m [0m [0m [38;2;0;0;0;48;2;0;0;0m▀[38;2;213;246;222;48;2;213;246;222m▀[38;2;180;213;189;48;2;180;213;189m▀[38;2;139;180;164;48;2;139;180;164m▀[38;2;21;26;44;48;2;21;26;44m▀[38;2;21;26;44;48;2;21;26;44m▀[38;2;21;26;44;48;2;21;26;44m▀[38;2;21;26;44;48;2;21;26;44m▀[38;2;21;26;44;48;2;21;26;44m▀[38;2;21;26;44;48;2;21;26;44m▀[38;2;21;26;44;48;2;41;49;74m▀[38;2;21;26;44;48;2;41;49;74m▀[38;2;41;49;74;48;2;65;65;82m▀[38;2;65;65;82;48;2;65;65;82m▀[38;2;65;65;82;48;2;65;65;82m▀[38;2;65;65;82;48;2;41;49;74m▀[38;2;180;148;41;48;2;180;148;41m▀[38;2;180;148;41;48;2;180;148;41m▀[38;2;180;148;41;48;2;0;0;0m▀[38;2;0;0;0;48;2;21;26;44m▀[38;2;21;26;44;48;2;21;26;44m▀[38;2;213;246;222;48;2;21;26;44m▀[38;2;180;148;41;48;2;0;0;0m▀[38;2;180;148;41;48;2;0;0;0m▀[38;2;238;213;82;48;2;65;65;82m▀[38;2;180;148;41;48;2;65;65;82m▀[38;2;0;0;0;48;2;238;213;82m▀[38;2;0;0;0;48;2;180;148;41m▀[38;2;41;49;74;48;2;0;0;0m▀[38;2;41;49;74;48;2;0;0;0m▀[38;2;41;49;74;48;2;0;0;0m▀[38;2;41;49;74;48;2;0;0;0m▀[38;2;41;49;74;48;2;0;0;0m▀[38;2;0;0;0;48;2;180;148;41m▀[38;2;0;0;0;48;2;65;65;82m▀[38;2;180;148;41;48;2;65;65;82m▀[38;2;180;148;41;48;2;65;65;82m▀[38;2;65;65;82;48;2;65;65;82m▀[38;2;65;65;82;48;2;65;65;82m▀[38;2;0;0;0;48;2;41;49;74m▀[38;2;21;26;44;48;2;21;26;44m▀[38;2;21;26;44;48;2;21;26;44m▀[38;2;21;26;44;48;2;21;26;44m▀[38;2;21;26;44;48;2;21;26;44m▀[38;2;0;0;0;48;2;0;0;0m▀[38;2;180;148;41;48;2;65;65;82m▀[38;2;65;65;82;48;2;65;65;82m▀[38;2;65;65;82;48;2;65;65;82m▀[38;2;65;65;82;48;2;65;65;82m▀[38;2;98;98;123;48;2;98;98;123m▀[38;2;98;98;123;48;2;98;98;123m▀[38;2;98;98;123;48;2;98;98;123m▀[38;2;41;49;74;48;2;41;49;74m▀[38;2;21;26;44;48;2;21;26;44m▀[38;2;21;26;44;48;2;21;26;44m▀[38;2;21;26;44;48;2;21;26;44m▀[38;2;21;26;44;48;2;21;26;44m▀[38;2;139;180;164;48;2;139;180;164m▀[38;2;180;213;189;48;2;180;213;189m▀[38;2;213;246;222;48;2;213;246;222m▀[38;2;213;246;222;48;2;213;246;222m▀[38;2;0;0;0;48;2;0;0;0m▀[0m [0m [0m [0m [0m [0m [0m [0m
[0m [0m [0m [0m [0m [0m [0m [0m [0m [0m [38;2;0;0;0;48;2;0;0;0m▀[38;2;213;246;222;48;2;213;246;222m▀[38;2;180;213;189;48;2;180;213;189m▀[38;2;139;180;164;48;2;139;180;164m▀[38;2;21;26;44;48;2;21;26;44m▀[38;2;21;26;44;48;2;21;26;44m▀[38;2;21;26;44;48;2;21;26;44m▀[38;2;21;26;44;48;2;21;26;44m▀[38;2;21;26;44;48;2;21;26;44m▀[38;2;21;26;44;48;2;21;26;44m▀[38;2;41;49;74;48;2;82;74;74m▀[38;2;41;49;74;48;2;82;74;74m▀[38;2;65;65;82;48;2;82;74;74m▀[38;2;65;65;82;48;2;0;0;0m▀[38;2;65;65;82;48;2;41;49;74m▀[38;2;41;49;74;48;2;41;49;74m▀[38;2;180;148;41;48;2;0;0;0m▀[38;2;180;148;41;48;2;0;0;0m▀[38;2;0;0;0;48;2;21;26;44m▀[38;2;21;26;44;48;2;21;26;44m▀[38;2;21;26;44;48;2;21;26;44m▀[38;2;21;26;44;48;2;41;49;74m▀[38;2;0;0;0;48;2;65;65;82m▀[38;2;0;0;0;48;2;65;65;82m▀[38;2;65;65;82;48;2;65;65;82m▀[38;2;65;65;82;48;2;65;65;82m▀[38;2;238;213;82;48;2;65;65;82m▀[38;2;180;148;41;48;2;238;213;82m▀[38;2;0;0;0;48;2;180;148;41m▀[38;2;0;0;0;48;2;0;0;0m▀[38;2;0;0;0;48;2;0;0;0m▀[38;2;0;0;0;48;2;0;0;0m▀[38;2;0;0;0;48;2;180;148;41m▀[38;2;180;148;41;48;2;65;65;82m▀[38;2;65;65;82;48;2;65;65;82m▀[38;2;65;65;82;48;2;65;65;82m▀[38;2;65;65;82;48;2;65;65;82m▀[38;2;65;65;82;48;2;98;98;123m▀[38;2;65;65;82;48;2;98;98;123m▀[38;2;41;49;74;48;2;98;98;123m▀[38;2;21;26;44;48;2;41;49;74m▀[38;2;21;26;44;48;2;21;26;44m▀[38;2;21;26;44;48;2;21;26;44m▀[38;2;21;26;44;48;2;21;26;44m▀[38;2;0;0;0;48;2;21;26;44m▀[38;2;65;65;82;48;2;0;0;0m▀[38;2;65;65;82;48;2;65;65;82m▀[38;2;65;65;82;48;2;65;65;82m▀[38;2;65;65;82;48;2;65;65;82m▀[38;2;98;98;123;48;2;98;98;123m▀[38;2;98;98;123;48;2;98;98;123m▀[38;2;98;98;123;48;2;98;98;123m▀[38;2;41;49;74;48;2;41;49;74m▀[38;2;21;26;44;48;2;21;26;44m▀[38;2;21;26;44;48;2;21;26;44m▀[38;2;21;26;44;48;2;21;26;44m▀[38;2;21;26;44;48;2;21;26;44m▀[38;2;139;180;164;48;2;139;180;164m▀[38;2;180;213;189;48;2;180;213;189m▀[38;2;213;246;222;48;2;213;246;222m▀[38;2;213;246;222;48;2;213;246;222m▀[38;2;0;0;0;48;2;0;0;0m▀[0m [0m [0m [0m [0m [0m [0m [0m
[0m [0m [0m [0m [0m [0m [0m [0m [0m [0m [38;2;0;0;0;48;2;0;0;0m▀[38;2;213;246;222;48;2;213;246;222m▀[38;2;180;213;189;48;2;180;213;189m▀[38;2;139;180;164;48;2;139;180;164m▀[38;2;21;26;44;48;2;21;26;44m▀[38;2;21;26;44;48;2;21;26;44m▀[38;2;21;26;44;48;2;21;26;44m▀[38;2;21;26;44;48;2;21;26;44m▀[38;2;21;26;44;48;2;21;26;44m▀[38;2;82;74;74;48;2;0;0;0m▀[38;2;139;139;139;48;2;41;49;74m▀[38;2;139;139;139;48;2;41;49;74m▀[38;2;139;139;139;48;2;65;65;82m▀[38;2;139;139;139;48;2;65;65;82m▀[38;2;82;74;74;48;2;65;65;82m▀[38;2;0;0;0;48;2;41;49;74m▀[38;2;21;26;44;48;2;41;49;74m▀[38;2;21;26;44;48;2;41;49;74m▀[38;2;21;26;44;48;2;213;246;222m▀[38;2;21;26;44;48;2;213;246;222m▀[38;2;213;246;222;48;2;82;74;74m▀[38;2;41;49;74;48;2;82;74;74m▀[38;2;65;65;82;48;2;65;65;82m▀[38;2;65;65;82;48;2;65;65;82m▀[38;2;65;65;82;48;2;65;65;82m▀[38;2;65;65;82;48;2;41;49;74m▀[38;2;41;49;74;48;2;41;49;74m▀[38;2;180;148;41;48;2;0;0;0m▀[38;2;0;0;0;48;2;213;246;222m▀[38;2;180;213;189;48;2;213;246;222m▀[38;2;180;213;189;48;2;213;246;222m▀[38;2;0;0;0;48;2;213;246;222m▀[38;2;180;148;41;48;2;0;0;0m▀[38;2;41;49;74;48;2;41;49;74m▀[38;2;41;49;74;48;2;41;49;74m▀[38;2;65;65;82;48;2;41;49;74m▀[38;2;65;65;82;48;2;41;49;74m▀[38;2;65;65;82;48;2;41;49;74m▀[38;2;98;98;123;48;2;0;0;0m▀[38;2;98;98;123;48;2;82;74;74m▀[38;2;41;49;74;48;2;82;74;74m▀[38;2;21;26;44;48;2;82;74;74m▀[38;2;21;26;44;48;2;82;74;74m▀[38;2;21;26;44;48;2;0;0;0m▀[38;2;21;26;44;48;2;41;49;74m▀[38;2;0;0;0;48;2;41;49;74m▀[38;2;65;65;82;48;2;41;49;74m▀[38;2;65;65;82;48;2;65;65;82m▀[38;2;65;65;82;48;2;65;65;82m▀[38;2;98;98;123;48;2;0;0;0m▀[38;2;98;98;123;48;2;0;0;0m▀[38;2;98;98;123;48;2;82;74;74m▀[38;2;41;49;74;48;2;21;26;44m▀[38;2;21;26;44;48;2;21;26;44m▀[38;2;21;26;44;48;2;21;26;44m▀[38;2;21;26;44;48;2;21;26;44m▀[38;2;21;26;44;48;2;21;26;44m▀[38;2;139;180;164;48;2;139;180;164m▀[38;2;180;213;189;48;2;180;213;189m▀[38;2;213;246;222;48;2;213;246;222m▀[38;2;213;246;222;48;2;213;246;222m▀[38;2;0;0;0;48;2;0;0;0m▀[0m [0m [0m [0m [0m [0m [0m [0m
[0m [0m [0m [0m [0m [0m [0m [0m [0m [0m [38;2;0;0;0;48;2;0;0;0m▀[38;2;213;246;222;48;2;213;246;222m▀[38;2;180;213;189;48;2;180;213;189m▀[38;2;139;180;164;48;2;139;180;164m▀[38;2;21;26;44;48;2;21;26;44m▀[38;2;21;26;44;48;2;21;26;44m▀[38;2;21;26;44;48;2;21;26;44m▀[38;2;21;26;44;48;2;41;49;74m▀[38;2;41;49;74;48;2;65;65;82m▀[38;2;65;65;82;48;2;98;98;123m▀[38;2;65;65;82;48;2;98;98;123m▀[38;2;65;65;82;48;2;98;98;123m▀[38;2;98;98;123;48;2;98;98;123m▀[38;2;98;98;123;48;2;98;98;123m▀[38;2;98;98;123;48;2;98;98;123m▀[38;2;65;65;82;48;2;98;98;123m▀[38;2;65;65;82;48;2;98;98;123m▀[38;2;65;65;82;48;2;98;98;123m▀[38;2;41;49;74;48;2;65;65;82m▀[38;2;0;0;0;48;2;41;49;74m▀[38;2;139;139;139;48;2;139;139;139m▀[38;2;139;139;139;48;2;139;139;139m▀[38;2;0;0;0;48;2;82;74;74m▀[38;2;0;0;0;48;2;82;74;74m▀[38;2;41;49;74;48;2;0;0;0m▀[38;2;41;49;74;48;2;0;0;0m▀[38;2;0;0;0;48;2;213;246;222m▀[38;2;21;26;44;48;2;21;26;44m▀[38;2;21;26;44;48;2;21;26;44m▀[38;2;21;26;44;48;2;21;26;44m▀[38;2;21;26;44;48;2;21;26;44m▀[38;2;21;26;44;48;2;21;26;44m▀[38;2;21;26;44;48;2;21;26;44m▀[38;2;0;0;0;48;2;213;246;222m▀[38;2;41;49;74;48;2;0;0;0m▀[38;2;41;49;74;48;2;0;0;0m▀[38;2;41;49;74;48;2;0;0;0m▀[38;2;0;0;0;48;2;82;74;74m▀[38;2;139;139;139;48;2;139;139;139m▀[38;2;139;139;139;48;2;139;139;139m▀[38;2;139;139;139;48;2;0;0;0m▀[38;2;0;0;0;48;2;98;98;123m▀[38;2;0;0;0;48;2;98;98;123m▀[38;2;65;65;82;48;2;98;98;123m▀[38;2;98;98;123;48;2;98;98;123m▀[38;2;98;98;123;48;2;98;98;123m▀[38;2;65;65;82;48;2;98;98;123m▀[38;2;0;0;0;48;2;98;98;123m▀[38;2;0;0;0;48;2;98;98;123m▀[38;2;41;49;74;48;2;65;65;82m▀[38;2;139;139;139;48;2;41;49;74m▀[38;2;139;139;139;48;2;139;139;139m▀[38;2;82;74;74;48;2;82;74;74m▀[38;2;21;26;44;48;2;21;26;44m▀[38;2;21;26;44;48;2;21;26;44m▀[38;2;21;26;44;48;2;21;26;44m▀[38;2;21;26;44;48;2;21;26;44m▀[38;2;139;180;164;48;2;139;180;164m▀[38;2;180;213;189;48;2;180;213;189m▀[38;2;213;246;222;48;2;213;246;222m▀[38;2;213;246;222;48;2;213;246;222m▀[38;2;0;0;0;48;2;0;0;0m▀[0m [0m [0m [0m [0m [0m [0m [0m
[0m [0m [0m [0m [0m [0m [0m [0m [0m [0m [38;2;0;0;0;48;2;0;0;0m▀[38;2;213;246;222;48;2;213;246;222m▀[38;2;180;213;189;48;2;180;213;189m▀[38;2;139;180;164;48;2;139;180;164m▀[38;2;21;26;44;48;2;21;26;44m▀[38;2;21;26;44;48;2;21;26;44m▀[38;2;41;49;74;48;2;41;49;74m▀[38;2;65;65;82;48;2;65;65;82m▀[38;2;98;98;123;48;2;98;98;123m▀[38;2;98;98;123;48;2;98;98;123m▀[38;2;98;98;123;48;2;98;98;123m▀[38;2;98;98;123;48;2;98;98;123m▀[38;2;98;98;123;48;2;98;98;123m▀[38;2;98;98;123;48;2;98;98;123m▀[38;2;98;98;123;48;2;98;98;123m▀[38;2;98;98;123;48;2;98;98;123m▀[38;2;98;98;123;48;2;98;98;123m▀[38;2;98;98;123;48;2;98;98;123m▀[38;2;98;98;123;48;2;98;98;123m▀[38;2;65;65;82;48;2;65;65;82m▀[38;2;0;0;0;48;2;0;0;0m▀[38;2;82;74;74;48;2;82;74;74m▀[38;2;82;74;74;48;2;82;74;74m▀[38;2;82;74;74;48;2;82;74;74m▀[38;2;0;0;0;48;2;0;0;0m▀[38;2;139;180;164;48;2;139;180;164m▀[38;2;180;213;189;48;2;180;213;189m▀[38;2;213;246;222;48;2;213;246;222m▀[38;2;21;26;44;48;2;21;26;44m▀[38;2;21;26;44;48;2;21;26;44m▀[38;2;21;26;44;48;2;21;26;44m▀[38;2;21;26;44;48;2;21;26;44m▀[38;2;213;246;222;48;2;213;246;222m▀[38;2;180;213;189;48;2;180;213;189m▀[38;2;139;180;164;48;2;139;180;164m▀[38;2;0;0;0;48;2;0;0;0m▀[38;2;0;0;0;48;2;0;0;0m▀[38;2;82;74;74;48;2;82;74;74m▀[38;2;0;0;0;48;2;0;0;0m▀[38;2;65;65;82;48;2;65;65;82m▀[38;2;98;98;123;48;2;98;98;123m▀[38;2;98;98;123;48;2;98;98;123m▀[38;2;98;98;123;48;2;98;98;123m▀[38;2;98;98;123;48;2;98;98;123m▀[38;2;98;98;123;48;2;98;98;123m▀[38;2;98;98;123;48;2;98;98;123m▀[38;2;98;98;123;48;2;98;98;123m▀[38;2;98;98;123;48;2;98;98;123m▀[38;2;98;98;123;48;2;98;98;123m▀[38;2;98;98;123;48;2;98;98;123m▀[38;2;65;65;82;48;2;65;65;82m▀[38;2;41;49;74;48;2;41;49;74m▀[38;2;0;0;0;48;2;0;0;0m▀[38;2;21;26;44;48;2;21;26;44m▀[38;2;21;26;44;48;2;21;26;44m▀[38;2;21;26;44;48;2;21;26;44m▀[38;2;21;26;44;48;2;21;26;44m▀[38;2;139;180;164;48;2;139;180;164m▀[38;2;180;213;189;48;2;180;213;189m▀[38;2;213;246;222;48;2;213;246;222m▀[38;2;213;246;222;48;2;213;246;222m▀[38;2;0;0;0;48;2;0;0;0m▀[0m [0m [0m [0m [0m [0m [0m [0m
[0m [0m [0m [0m [0m [0m [0m [0m [0m [0m [38;2;0;0;0m▀[38;2;213;246;222;48;2;0;0;0m▀[38;2;180;213;189;48;2;213;246;222m▀[38;2;180;213;189;48;2;180;213;189m▀[38;2;41;49;74;48;2;41;49;74m▀[38;2;41;49;74;48;2;41;49;74m▀[38;2;65;65;82;48;2;65;65;82m▀[38;2;98;98;123;48;2;180;148;41m▀[38;2;98;98;123;48;2;238;213;82m▀[38;2;98;98;123;48;2;238;213;82m▀[38;2;98;98;123;48;2;98;98;123m▀[38;2;98;98;123;48;2;98;98;123m▀[38;2;98;98;123;48;2;98;98;123m▀[38;2;98;98;123;48;2;98;98;123m▀[38;2;98;98;123;48;2;98;98;123m▀[38;2;98;98;123;48;2;98;98;123m▀[38;2;98;98;123;48;2;98;98;123m▀[38;2;98;98;123;48;2;98;98;123m▀[38;2;98;98;123;48;2;65;65;82m▀[38;2;65;65;82;48;2;65;65;82m▀[38;2;65;65;82;48;2;65;65;82m▀[38;2;0;0;0;48;2;41;49;74m▀[38;2;0;0;0;48;2;0;0;0m▀[38;2;0;0;0;48;2;0;0;0m▀[38;2;21;26;44;48;2;21;26;44m▀[38;2;139;180;164;48;2;21;26;44m▀[38;2;180;213;189;48;2;139;180;164m▀[38;2;213;246;222;48;2;180;213;189m▀[38;2;21;26;44;48;2;213;246;222m▀[38;2;21;26;44;48;2;21;26;44m▀[38;2;21;26;44;48;2;21;26;44m▀[38;2;21;26;44;48;2;213;246;222m▀[38;2;213;246;222;48;2;180;213;189m▀[38;2;180;213;189;48;2;139;180;164m▀[38;2;139;180;164;48;2;0;0;0m▀[38;2;0;0;0;48;2;41;49;74m▀[38;2;0;0;0;48;2;41;49;74m▀[38;2;0;0;0;48;2;65;65;82m▀[38;2;65;65;82;48;2;65;65;82m▀[38;2;65;65;82;48;2;65;65;82m▀[38;2;98;98;123;48;2;98;98;123m▀[38;2;98;98;123;48;2;98;98;123m▀[38;2;98;98;123;48;2;98;98;123m▀[38;2;98;98;123;48;2;98;98;123m▀[38;2;98;98;123;48;2;98;98;123m▀[38;2;98;98;123;48;2;98;98;123m▀[38;2;98;98;123;48;2;98;98;123m▀[38;2;98;98;123;48;2;238;213;82m▀[38;2;98;98;123;48;2;238;213;82m▀[38;2;98;98;123;48;2;238;213;82m▀[38;2;98;98;123;48;2;98;98;123m▀[38;2;65;65;82;48;2;65;65;82m▀[38;2;41;49;74;48;2;65;65;82m▀[38;2;21;26;44;48;2;41;49;74m▀[38;2;21;26;44;48;2;41;49;74m▀[38;2;21;26;44;48;2;21;26;44m▀[38;2;139;180;164;48;2;139;180;164m▀[38;2;180;213;189;48;2;180;213;189m▀[38;2;180;213;189;48;2;213;246;222m▀[38;2;213;246;222;48;2;0;0;0m▀[38;2;213;246;222;48;2;0;0;0m▀[38;2;0;0;0m▀[0m [0m [0m [0m [0m [0m [0m [0m
[0m [0m [0m [0m [0m [0m [0m [0m [0m [0m [0m [38;2;0;0;0;48;2;0;0;0m▀[38;2;213;246;222;48;2;213;246;222m▀[38;2;180;213;189;48;2;0;0;0m▀[38;2;41;49;74;48;2;65;65;82m▀[38;2;41;49;74;48;2;65;65;82m▀[38;2;98;98;123;48;2;180;148;41m▀[38;2;98;98;123;48;2;98;98;123m▀[38;2;98;98;123;48;2;98;98;123m▀[38;2;238;213;82;48;2;238;213;82m▀[38;2;238;213;82;48;2;180;148;41m▀[38;2;238;213;82;48;2;180;148;41m▀[38;2;98;98;123;48;2;98;98;123m▀[38;2;98;98;123;48;2;98;98;123m▀[38;2;98;98;123;48;2;41;49;74m▀[38;2;41;49;74;48;2;0;0;0m▀[38;2;41;49;74;48;2;106;32;16m▀[38;2;41;49;74;48;2;106;32;16m▀[38;2;65;65;82;48;2;0;0;0m▀[38;2;65;65;82;48;2;65;65;82m▀[38;2;65;65;82;48;2;65;65;82m▀[38;2;65;65;82;48;2;65;65;82m▀[38;2;41;49;74;48;2;41;49;74m▀[38;2;41;49;74;48;2;41;49;74m▀[38;2;0;0;0;48;2;0;0;0m▀[38;2;21;26;44;48;2;21;26;44m▀[38;2;139;180;164;48;2;139;180;164m▀[38;2;180;213;189;48;2;180;213;189m▀[38;2;213;246;222;48;2;213;246;222m▀[38;2;21;26;44;48;2;21;26;44m▀[38;2;21;26;44;48;2;21;26;44m▀[38;2;213;246;222;48;2;213;246;222m▀[38;2;180;213;189;48;2;180;213;189m▀[38;2;139;180;164;48;2;0;0;0m▀[38;2;0;0;0;48;2;41;49;74m▀[38;2;41;49;74;48;2;65;65;82m▀[38;2;41;49;74;48;2;65;65;82m▀[38;2;65;65;82;48;2;65;65;82m▀[38;2;65;65;82;48;2;65;65;82m▀[38;2;65;65;82;48;2;65;65;82m▀[38;2;65;65;82;48;2;0;0;0m▀[38;2;98;98;123;48;2;0;0;0m▀[38;2;98;98;123;48;2;0;0;0m▀[38;2;98;98;123;48;2;65;65;82m▀[38;2;98;98;123;48;2;98;98;123m▀[38;2;98;98;123;48;2;98;98;123m▀[38;2;238;213;82;48;2;238;213;82m▀[38;2;180;148;41;48;2;98;98;123m▀[38;2;180;148;41;48;2;98;98;123m▀[38;2;98;98;123;48;2;98;98;123m▀[38;2;238;213;82;48;2;98;98;123m▀[38;2;98;98;123;48;2;98;98;123m▀[38;2;65;65;82;48;2;65;65;82m▀[38;2;41;49;74;48;2;41;49;74m▀[38;2;41;49;74;48;2;41;49;74m▀[38;2;21;26;44;48;2;139;180;164m▀[38;2;139;180;164;48;2;180;213;189m▀[38;2;180;213;189;48;2;180;213;189m▀[38;2;213;246;222;48;2;213;246;222m▀[38;2;0;0;0;48;2;0;0;0m▀[0m [0m [0m [0m [0m [0m [0m [0m [0m [0m
[0m [0m [0m [0m [0m [0m [0m [0m [0m [0m [0m [0m [38;2;0;0;0;48;2;0;0;0m▀[38;2;0;0;0;48;2;0;0;0m▀[38;2;65;65;82;48;2;65;65;82m▀[38;2;65;65;82;48;2;65;65;82m▀[38;2;98;98;123;48;2;98;98;123m▀[38;2;180;148;41;48;2;180;148;41m▀[38;2;238;213;82;48;2;238;213;82m▀[38;2;238;213;82;48;2;238;213;82m▀[38;2;98;98;123;48;2;98;98;123m▀[38;2;98;98;123;48;2;98;98;123m▀[38;2;98;98;123;48;2;98;98;123m▀[38;2;0;0;0;48;2;0;0;0m▀[38;2;0;0;0;48;2;0;0;0m▀[38;2;106;32;16;48;2;106;32;16m▀[38;2;172;65;74;48;2;172;65;74m▀[38;2;172;65;74;48;2;172;65;74m▀[38;2;0;0;0;48;2;0;0;0m▀[38;2;65;65;82;48;2;65;65;82m▀[38;2;65;65;82;48;2;65;65;82m▀[38;2;65;65;82;48;2;65;65;82m▀[38;2;41;49;74;48;2;41;49;74m▀[38;2;41;49;74;48;2;41;49;74m▀[38;2;41;49;74;48;2;41;49;74m▀[38;2;0;0;0;48;2;0;0;0m▀[38;2;139;180;164;48;2;139;180;164m▀[38;2;180;213;189;48;2;180;213;189m▀[38;2;213;246;222;48;2;213;246;222m▀[38;2;21;26;44;48;2;21;26;44m▀[38;2;21;26;44;48;2;21;26;44m▀[38;2;213;246;222;48;2;213;246;222m▀[38;2;180;148;41;48;2;180;148;41m▀[38;2;180;148;41;48;2;180;148;41m▀[38;2;41;49;74;48;2;41;49;74m▀[38;2;65;65;82;48;2;65;65;82m▀[38;2;65;65;82;48;2;65;65;82m▀[38;2;65;65;82;48;2;65;65;82m▀[38;2;65;65;82;48;2;65;65;82m▀[38;2;65;65;82;48;2;65;65;82m▀[38;2;172;65;74;48;2;172;65;74m▀[38;2;106;32;16;48;2;106;32;16m▀[38;2;106;32;16;48;2;106;32;16m▀[38;2;0;0;0;48;2;0;0;0m▀[38;2;41;49;74;48;2;41;49;74m▀[38;2;98;98;123;48;2;98;98;123m▀[38;2;98;98;123;48;2;98;98;123m▀[38;2;238;213;82;48;2;238;213;82m▀[38;2;238;213;82;48;2;238;213;82m▀[38;2;98;98;123;48;2;98;98;123m▀[38;2;98;98;123;48;2;98;98;123m▀[38;2;180;148;41;48;2;180;148;41m▀[38;2;98;98;123;48;2;98;98;123m▀[38;2;65;65;82;48;2;65;65;82m▀[38;2;65;65;82;48;2;65;65;82m▀[38;2;41;49;74;48;2;41;49;74m▀[38;2;180;213;189;48;2;180;213;189m▀[38;2;213;246;222;48;2;213;246;222m▀[38;2;0;0;0;48;2;0;0;0m▀[0m [0m [0m [0m [0m [0m [0m [0m [0m [0m [0m
[0m [0m [0m [0m [0m [0m [0m [0m [0m [0m [0m [0m [38;2;0;0;0;48;2;0;0;0m▀[38;2;41;49;74;48;2;0;0;0m▀[38;2;65;65;82;48;2;41;49;74m▀[38;2;65;65;82;48;2;41;49;74m▀[38;2;98;98;123;48;2;65;65;82m▀[38;2;98;98;123;48;2;98;98;123m▀[38;2;98;98;123;48;2;98;98;123m▀[38;2;98;98;123;48;2;98;98;123m▀[38;2;98;98;123;48;2;65;65;82m▀[38;2;98;98;123;48;2;65;65;82m▀[38;2;41;49;74;48;2;0;0;0m▀[38;2;255;238;222;48;2;0;0;0m▀[38;2;0;0;0;48;2;0;0;0m▀[38;2;106;32;16;48;2;0;0;0m▀[38;2;172;65;74;48;2;0;0;0m▀[38;2;172;65;74;48;2;0;0;0m▀[38;2;41;49;74;48;2;106;32;16m▀[38;2;65;65;82;48;2;106;32;16m▀[38;2;65;65;82;48;2;106;32;16m▀[38;2;65;65;82;48;2;65;65;82m▀[38;2;41;49;74;48;2;41;49;74m▀[38;2;41;49;74;48;2;41;49;74m▀[38;2;41;49;74;48;2;41;49;74m▀[38;2;0;0;0;48;2;0;0;0m▀[38;2;139;180;164;48;2;139;180;164m▀[38;2;180;213;189;48;2;180;213;189m▀[38;2;213;246;222;48;2;213;246;222m▀[38;2;21;26;44;48;2;0;0;0m▀[38;2;21;26;44;48;2;0;0;0m▀[38;2;0;0;0;48;2;180;148;41m▀[38;2;238;213;82;48;2;238;213;82m▀[38;2;238;213;82;48;2;238;213;82m▀[38;2;180;148;41;48;2;238;213;82m▀[38;2;65;65;82;48;2;0;0;0m▀[38;2;65;65;82;48;2;0;0;0m▀[38;2;65;65;82;48;2;65;65;82m▀[38;2;65;65;82;48;2;65;65;82m▀[38;2;65;65;82;48;2;65;65;82m▀[38;2;172;65;74;48;2;255;238;222m▀[38;2;0;0;0;48;2;0;0;0m▀[38;2;0;0;0;48;2;0;0;0m▀[38;2;0;0;0;48;2;0;0;0m▀[38;2;0;0;0;48;2;106;32;16m▀[38;2;41;49;74;48;2;0;0;0m▀[38;2;65;65;82;48;2;41;49;74m▀[38;2;98;98;123;48;2;98;98;123m▀[38;2;98;98;123;48;2;98;98;123m▀[38;2;180;148;41;48;2;98;98;123m▀[38;2;238;213;82;48;2;98;98;123m▀[38;2;98;98;123;48;2;98;98;123m▀[38;2;98;98;123;48;2;65;65;82m▀[38;2;65;65;82;48;2;0;0;0m▀[38;2;65;65;82;48;2;0;0;0m▀[38;2;41;49;74;48;2;41;49;74m▀[38;2;180;213;189;48;2;213;246;222m▀[38;2;213;246;222;48;2;0;0;0m▀[38;2;0;0;0m▀[38;2;0;0;0m▄[38;2;0;0;0m▄[38;2;0;0;0m▄[38;2;0;0;0m▄[0m [0m [0m [0m [0m [0m [0m
[0m [0m [0m [0m [0m [0m [0m [0m [0m [0m [0m [0m [38;2;0;0;0;48;2;0;0;0m▀[38;2;0;0;0;48;2;0;0;0m▀[38;2;0;0;0;48;2;172;65;74m▀[38;2;0;0;0;48;2;172;65;74m▀[38;2;255;238;222;48;2;0;0;0m▀[38;2;98;98;123;48;2;98;98;123m▀[38;2;98;98;123;48;2;98;98;123m▀[38;2;98;98;123;48;2;98;98;123m▀[38;2;0;0;0;48;2;65;65;82m▀[38;2;0;0;0;48;2;65;65;82m▀[38;2;180;148;41;48;2;65;65;82m▀[38;2;180;148;41;48;2;65;65;82m▀[38;2;180;148;41;48;2;65;65;82m▀[38;2;180;148;41;48;2;65;65;82m▀[38;2;238;213;82;48;2;180;148;41m▀[38;2;238;213;82;48;2;180;148;41m▀[38;2;238;213;82;48;2;180;148;41m▀[38;2;238;213;82;48;2;180;148;41m▀[38;2;180;148;41;48;2;238;213;82m▀[38;2;106;32;16;48;2;238;213;82m▀[38;2;106;32;16;48;2;180;148;41m▀[38;2;106;32;16;48;2;180;148;41m▀[38;2;41;49;74;48;2;106;32;16m▀[38;2;0;0;0;48;2;106;32;16m▀[38;2;180;148;41;48;2;238;213;82m▀[38;2;180;148;41;48;2;238;213;82m▀[38;2;106;32;16;48;2;238;213;82m▀[38;2;0;0;0;48;2;106;32;16m▀[38;2;0;0;0;48;2;106;32;16m▀[38;2;180;148;41;48;2;0;0;0m▀[38;2;180;148;41;48;2;180;148;41m▀[38;2;238;213;82;48;2;106;32;16m▀[38;2;106;32;16;48;2;180;148;41m▀[38;2;106;32;16;48;2;238;213;82m▀[38;2;106;32;16;48;2;238;213;82m▀[38;2;180;148;41;48;2;238;213;82m▀[38;2;65;65;82;48;2;180;148;41m▀[38;2;65;65;82;48;2;65;65;82m▀[38;2;41;49;74;48;2;65;65;82m▀[38;2;0;0;0;48;2;41;49;74m▀[38;2;0;0;0;48;2;41;49;74m▀[38;2;106;32;16;48;2;106;32;16m▀[38;2;106;32;16;48;2;106;32;16m▀[38;2;106;32;16;48;2;172;65;74m▀[38;2;41;49;74;48;2;0;0;0m▀[38;2;65;65;82;48;2;65;65;82m▀[38;2;65;65;82;48;2;65;65;82m▀[38;2;98;98;123;48;2;98;98;123m▀[38;2;98;98;123;48;2;98;98;123m▀[38;2;98;98;123;48;2;98;98;123m▀[38;2;41;49;74;48;2;255;238;222m▀[38;2;106;32;16;48;2;106;32;16m▀[38;2;106;32;16;48;2;106;32;16m▀[38;2;0;0;0;48;2;0;0;0m▀[38;2;0;0;0;48;2;0;0;0m▀[38;2;0;0;0;48;2;106;32;16m▀[38;2;0;0;0;48;2;106;32;16m▀[38;2;106;32;16;48;2;180;148;41m▀[38;2;106;32;16;48;2;180;148;41m▀[38;2;106;32;16;48;2;238;213;82m▀[38;2;106;32;16;48;2;238;213;82m▀[38;2;0;0;0;48;2;180;148;41m▀[38;2;0;0;0m▄[0m [0m [0m [0m [0m
[0m [0m [0m [0m [0m [0m [0m [0m [38;2;0;0;0m▄[38;2;0;0;0m▄[38;2;0;0;0m▄[38;2;0;0;0m▄[38;2;0;0;0m▄[38;2;0;0;0;48;2;0;0;0m▀[38;2;106;32;16;48;2;106;32;16m▀[38;2;106;32;16;48;2;106;32;16m▀[38;2;0;0;0;48;2;0;0;0m▀[38;2;180;148;41;48;2;180;148;41m▀[38;2;106;32;16;48;2;106;32;16m▀[38;2;98;98;123;48;2;98;98;123m▀[38;2;65;65;82;48;2;65;65;82m▀[38;2;65;65;82;48;2;65;65;82m▀[38;2;65;65;82;48;2;65;65;82m▀[38;2;65;65;82;48;2;65;65;82m▀[38;2;65;65;82;48;2;65;65;82m▀[38;2;65;65;82;48;2;65;65;82m▀[38;2;65;65;82;48;2;65;65;82m▀[38;2;65;65;82;48;2;65;65;82m▀[38;2;65;65;82;48;2;65;65;82m▀[38;2;65;65;82;48;2;65;65;82m▀[38;2;180;148;41;48;2;180;148;41m▀[38;2;180;148;41;48;2;180;148;41m▀[38;2;238;213;82;48;2;238;213;82m▀[38;2;238;213;82;48;2;238;213;82m▀[38;2;238;213;82;48;2;238;213;82m▀[38;2;180;148;41;48;2;180;148;41m▀[38;2;106;32;16;48;2;106;32;16m▀[38;2;238;213;82;48;2;238;213;82m▀[38;2;238;213;82;48;2;238;213;82m▀[38;2;180;148;41;48;2;180;148;41m▀[38;2;180;148;41;48;2;180;148;41m▀[38;2;106;32;16;48;2;106;32;16m▀[38;2;0;0;0;48;2;0;0;0m▀[38;2;180;148;41;48;2;180;148;41m▀[38;2;238;213;82;48;2;238;213;82m▀[38;2;238;213;82;48;2;238;213;82m▀[38;2;238;213;82;48;2;238;213;82m▀[38;2;238;213;82;48;2;238;213;82m▀[38;2;238;213;82;48;2;238;213;82m▀[38;2;180;148;41;48;2;180;148;41m▀[38;2;65;65;82;48;2;65;65;82m▀[38;2;65;65;82;48;2;65;65;82m▀[38;2;65;65;82;48;2;65;65;82m▀[38;2;41;49;74;48;2;41;49;74m▀[38;2;172;65;74;48;2;172;65;74m▀[38;2;172;65;74;48;2;172;65;74m▀[38;2;106;32;16;48;2;106;32;16m▀[38;2;0;0;0;48;2;0;0;0m▀[38;2;0;0;0;48;2;0;0;0m▀[38;2;98;98;123;48;2;98;98;123m▀[38;2;98;98;123;48;2;98;98;123m▀[38;2;41;49;74;48;2;41;49;74m▀[38;2;0;0;0;48;2;0;0;0m▀[38;2;172;65;74;48;2;172;65;74m▀[38;2;172;65;74;48;2;172;65;74m▀[38;2;0;0;0;48;2;0;0;0m▀[38;2;106;32;16;48;2;106;32;16m▀[38;2;180;148;41;48;2;180;148;41m▀[38;2;238;213;82;48;2;238;213;82m▀[38;2;238;213;82;48;2;238;213;82m▀[38;2;238;213;82;48;2;238;213;82m▀[38;2;238;213;82;48;2;238;213;82m▀[38;2;238;213;82;48;2;238;213;82m▀[38;2;238;213;82;48;2;238;213;82m▀[38;2;180;148;41;48;2;180;148;41m▀[38;2;0;0;0;48;2;0;0;0m▀[38;2;0;0;0m▄[0m [0m [0m
[0m [0m [0m [0m [0m [38;2;0;0;0m▄[38;2;0;0;0;48;2;180;148;41m▀[38;2;0;0;0;48;2;180;148;41m▀[38;2;106;32;16;48;2;238;213;82m▀[38;2;106;32;16;48;2;238;213;82m▀[38;2;106;32;16;48;2;238;213;82m▀[38;2;106;32;16;48;2;180;148;41m▀[38;2;106;32;16;48;2;180;148;41m▀[38;2;106;32;16;48;2;180;148;41m▀[38;2;0;0;0;48;2;0;0;0m▀[38;2;0;0;0;48;2;0;0;0m▀[38;2;65;65;82;48;2;65;65;82m▀[38;2;180;148;41;48;2;98;98;123m▀[38;2;238;213;82;48;2;180;148;41m▀[38;2;106;32;16;48;2;238;213;82m▀[38;2;106;32;16;48;2;238;213;82m▀[38;2;106;32;16;48;2;238;213;82m▀[38;2;65;65;82;48;2;106;32;16m▀[38;2;65;65;82;48;2;0;0;0m▀[38;2;65;65;82;48;2;0;0;0m▀[38;2;65;65;82;48;2;65;65;82m▀[38;2;65;65;82;48;2;41;49;74m▀[38;2;65;65;82;48;2;41;49;74m▀[38;2;41;49;74;48;2;41;49;74m▀[38;2;41;49;74;48;2;41;49;74m▀[38;2;41;49;74;48;2;41;49;74m▀[38;2;41;49;74;48;2;0;0;0m▀[38;2;180;148;41;48;2;106;32;16m▀[38;2;180;148;41;48;2;106;32;16m▀[38;2;238;213;82;48;2;238;213;82m▀[38;2;238;213;82;48;2;238;213;82m▀[38;2;180;148;41;48;2;238;213;82m▀[38;2;0;0;0;48;2;180;148;41m▀[38;2;180;148;41;48;2;0;0;0m▀[38;2;180;148;41;48;2;180;148;41m▀[38;2;180;148;41;48;2;180;148;41m▀[38;2;0;0;0;48;2;0;0;0m▀[38;2;180;148;41;48;2;180;148;41m▀[38;2;238;213;82;48;2;238;213;82m▀[38;2;238;213;82;48;2;238;213;82m▀[38;2;238;213;82;48;2;238;213;82m▀[38;2;238;213;82;48;2;238;213;82m▀[38;2;238;213;82;48;2;238;213;82m▀[38;2;238;213;82;48;2;238;213;82m▀[38;2;238;213;82;48;2;238;213;82m▀[38;2;180;148;41;48;2;180;148;41m▀[38;2;65;65;82;48;2;65;65;82m▀[38;2;65;65;82;48;2;65;65;82m▀[38;2;65;65;82;48;2;65;65;82m▀[38;2;65;65;82;48;2;65;65;82m▀[38;2;65;65;82;48;2;65;65;82m▀[38;2;65;65;82;48;2;65;65;82m▀[38;2;41;49;74;48;2;65;65;82m▀[38;2;41;49;74;48;2;65;65;82m▀[38;2;98;98;123;48;2;65;65;82m▀[38;2;98;98;123;48;2;98;98;123m▀[38;2;0;0;0;48;2;98;98;123m▀[38;2;172;65;74;48;2;65;65;82m▀[38;2;0;0;0;48;2;0;0;0m▀[38;2;0;0;0;48;2;0;0;0m▀[38;2;106;32;16;48;2;180;148;41m▀[38;2;180;148;41;48;2;180;148;41m▀[38;2;238;213;82;48;2;180;148;41m▀[38;2;180;148;41;48;2;180;148;41m▀[38;2;180;148;41;48;2;180;148;41m▀[38;2;180;148;41;48;2;180;148;41m▀[38;2;180;148;41;48;2;106;32;16m▀[38;2;238;213;82;48;2;106;32;16m▀[38;2;238;213;82;48;2;106;32;16m▀[38;2;238;213;82;48;2;180;148;41m▀[38;2;180;148;41;48;2;238;213;82m▀[38;2;180;148;41;48;2;238;213;82m▀[38;2;0;0;0;48;2;180;148;41m▀[38;2;0;0;0m▄[0m
[0m [0m [38;2;0;0;0m▄[38;2;0;0;0m▄[38;2;0;0;0;48;2;180;148;41m▀[38;2;180;148;41;48;2;238;213;82m▀[38;2;238;213;82;48;2;238;213;82m▀[38;2;238;213;82;48;2;238;213;82m▀[38;2;238;213;82;48;2;238;213;82m▀[38;2;238;213;82;48;2;238;213;82m▀[38;2;238;213;82;48;2;238;213;82m▀[38;2;238;213;82;48;2;238;213;82m▀[38;2;238;213;82;48;2;238;213;82m▀[38;2;180;148;41;48;2;238;213;82m▀[38;2;0;0;0;48;2;180;148;41m▀[38;2;0;0;0;48;2;180;148;41m▀[38;2;65;65;82;48;2;0;0;0m▀[38;2;0;0;0;48;2;65;65;82m▀[38;2;41;49;74;48;2;65;65;82m▀[38;2;180;148;41;48;2;65;65;82m▀[38;2;238;213;82;48;2;180;148;41m▀[38;2;238;213;82;48;2;180;148;41m▀[38;2;238;213;82;48;2;180;148;41m▀[38;2;238;213;82;48;2;238;213;82m▀[38;2;238;213;82;48;2;238;213;82m▀[38;2;0;0;0;48;2;238;213;82m▀[38;2;0;0;0;48;2;238;213;82m▀[38;2;0;0;0;48;2;238;213;82m▀[38;2;0;0;0;48;2;238;213;82m▀[38;2;0;0;0;48;2;238;213;82m▀[38;2;0;0;0;48;2;238;213;82m▀[38;2;106;32;16;48;2;238;213;82m▀[38;2;238;213;82;48;2;238;213;82m▀[38;2;238;213;82;48;2;238;213;82m▀[38;2;238;213;82;48;2;238;213;82m▀[38;2;238;213;82;48;2;238;213;82m▀[38;2;238;213;82;48;2;180;148;41m▀[38;2;180;148;41;48;2;180;148;41m▀[38;2;0;0;0;48;2;0;0;0m▀[38;2;0;0;0;48;2;106;32;16m▀[38;2;0;0;0;48;2;106;32;16m▀[38;2;180;148;41;48;2;180;148;41m▀[38;2;238;213;82;48;2;238;213;82m▀[38;2;238;213;82;48;2;238;213;82m▀[38;2;238;213;82;48;2;180;148;41m▀[38;2;238;213;82;48;2;106;32;16m▀[38;2;238;213;82;48;2;106;32;16m▀[38;2;238;213;82;48;2;106;32;16m▀[38;2;238;213;82;48;2;238;213;82m▀[38;2;238;213;82;48;2;238;213;82m▀[38;2;238;213;82;48;2;238;213;82m▀[38;2;180;148;41;48;2;180;148;41m▀[38;2;180;148;41;48;2;180;148;41m▀[38;2;41;49;74;48;2;41;49;74m▀[38;2;65;65;82;48;2;41;49;74m▀[38;2;65;65;82;48;2;41;49;74m▀[38;2;65;65;82;48;2;41;49;74m▀[38;2;65;65;82;48;2;41;49;74m▀[38;2;65;65;82;48;2;41;49;74m▀[38;2;65;65;82;48;2;41;49;74m▀[38;2;65;65;82;48;2;41;49;74m▀[38;2;0;0;0;48;2;41;49;74m▀[38;2;65;65;82;48;2;65;65;82m▀[38;2;41;49;74;48;2;41;49;74m▀[38;2;41;49;74;48;2;41;49;74m▀[38;2;180;148;41;48;2;180;148;41m▀[38;2;180;148;41;48;2;180;148;41m▀[38;2;180;148;41;48;2;180;148;41m▀[38;2;180;148;41;48;2;106;32;16m▀[38;2;106;32;16;48;2;0;0;0m▀[38;2;106;32;16;48;2;0;0;0m▀[38;2;0;0;0m▀[38;2;0;0;0m▀[38;2;0;0;0m▀[38;2;106;32;16;48;2;0;0;0m▀[38;2;238;213;82;48;2;106;32;16m▀[38;2;238;213;82;48;2;106;32;16m▀[38;2;180;148;41;48;2;238;213;82m▀[38;2;0;0;0;48;2;180;148;41m▀[0m
[0m [38;2;0;0;0;48;2;0;0;0m▀[38;2;180;148;41;48;2;180;148;41m▀[38;2;180;148;41;48;2;180;148;41m▀[38;2;238;213;82;48;2;238;213;82m▀[38;2;238;213;82;48;2;238;213;82m▀[38;2;238;213;82;48;2;238;213;82m▀[38;2;238;213;82;48;2;238;213;82m▀[38;2;238;213;82;48;2;238;213;82m▀[38;2;238;213;82;48;2;238;213;82m▀[38;2;238;213;82;48;2;238;213;82m▀[38;2;238;213;82;48;2;238;213;82m▀[38;2;238;213;82;48;2;238;213;82m▀[38;2;238;213;82;48;2;238;213;82m▀[38;2;238;213;82;48;2;238;213;82m▀[38;2;238;213;82;48;2;238;213;82m▀[38;2;180;148;41;48;2;180;148;41m▀[38;2;0;0;0;48;2;0;0;0m▀[38;2;0;0;0;48;2;0;0;0m▀[38;2;41;49;74;48;2;41;49;74m▀[38;2;41;49;74;48;2;41;49;74m▀[38;2;41;49;74;48;2;41;49;74m▀[38;2;41;49;74;48;2;41;49;74m▀[38;2;180;148;41;48;2;180;148;41m▀[38;2;180;148;41;48;2;180;148;41m▀[38;2;180;148;41;48;2;180;148;41m▀[38;2;238;213;82;48;2;238;213;82m▀[38;2;238;213;82;48;2;238;213;82m▀[38;2;238;213;82;48;2;238;213;82m▀[38;2;238;213;82;48;2;238;213;82m▀[38;2;238;213;82;48;2;238;213;82m▀[38;2;180;148;41;48;2;180;148;41m▀[38;2;180;148;41;48;2;180;148;41m▀[38;2;180;148;41;48;2;180;148;41m▀[38;2;180;148;41;48;2;180;148;41m▀[38;2;180;148;41;48;2;180;148;41m▀[38;2;180;148;41;48;2;180;148;41m▀[38;2;0;0;0;48;2;0;0;0m▀[38;2;106;32;16;48;2;106;32;16m▀[38;2;180;148;41;48;2;180;148;41m▀[38;2;180;148;41;48;2;180;148;41m▀[38;2;238;213;82;48;2;238;213;82m▀[38;2;238;213;82;48;2;238;213;82m▀[38;2;180;148;41;48;2;180;148;41m▀[38;2;213;246;222;48;2;213;246;222m▀[38;2;213;246;222;48;2;213;246;222m▀[38;2;213;246;222;48;2;213;246;222m▀[38;2;180;213;189;48;2;180;213;189m▀[38;2;106;32;16;48;2;106;32;16m▀[38;2;180;148;41;48;2;180;148;41m▀[38;2;238;213;82;48;2;238;213;82m▀[38;2;238;213;82;48;2;238;213;82m▀[38;2;238;213;82;48;2;238;213;82m▀[38;2;180;148;41;48;2;180;148;41m▀[38;2;0;0;0;48;2;0;0;0m▀[38;2;41;49;74;48;2;41;49;74m▀[38;2;41;49;74;48;2;41;49;74m▀[38;2;41;49;74;48;2;41;49;74m▀[38;2;41;49;74;48;2;41;49;74m▀[38;2;41;49;74;48;2;41;49;74m▀[38;2;41;49;74;48;2;41;49;74m▀[38;2;0;0;0;48;2;0;0;0m▀[38;2;0;0;0;48;2;0;0;0m▀[38;2;180;148;41;48;2;180;148;41m▀[38;2;180;148;41;48;2;180;148;41m▀[38;2;180;148;41;48;2;180;148;41m▀[38;2;180;148;41;48;2;180;148;41m▀[38;2;106;32;16;48;2;106;32;16m▀[38;2;0;0;0;48;2;0;0;0m▀[0m [0m [0m [0m [0m [0m [38;2;0;0;0m▀[38;2;0;0;0;48;2;0;0;0m▀[38;2;106;32;16;48;2;106;32;16m▀[38;2;180;148;41;48;2;180;148;41m▀[0m
[38;2;0;0;0;48;2;0;0;0m▀[38;2;180;148;41;48;2;180;148;41m▀[38;2;238;213;82;48;2;238;213;82m▀[38;2;238;213;82;48;2;238;213;82m▀[38;2;238;213;82;48;2;180;148;41m▀[38;2;180;148;41;48;2;106;32;16m▀[38;2;106;32;16;48;2;0;0;0m▀[38;2;16;16;16;48;2;0;0;0m▀[38;2;16;16;16;48;2;0;0;0m▀[38;2;16;16;16;48;2;0;0;0m▀[38;2;16;16;16;48;2;0;0;0m▀[38;2;16;16;16;48;2;0;0;0m▀[38;2;238;213;82;48;2;16;16;16m▀[38;2;238;213;82;48;2;238;213;82m▀[38;2;238;213;82;48;2;238;213;82m▀[38;2;238;213;82;48;2;238;213;82m▀[38;2;180;148;41;48;2;238;213;82m▀[38;2;180;148;41;48;2;180;148;41m▀[38;2;180;148;41;48;2;180;148;41m▀[38;2;0;0;0;48;2;106;32;16m▀[38;2;0;0;0;48;2;0;0;0m▀[38;2;0;0;0;48;2;0;0;0m▀[38;2;0;0;0;48;2;0;0;0m▀[38;2;0;0;0;48;2;0;0;0m▀[38;2;0;0;0;48;2;0;0;0m▀[38;2;213;246;222;48;2;0;0;0m▀[38;2;180;148;41;48;2;213;246;222m▀[38;2;180;148;41;48;2;213;246;222m▀[38;2;180;148;41;48;2;213;246;222m▀[38;2;106;32;16;48;2;180;213;189m▀[38;2;106;32;16;48;2;180;213;189m▀[38;2;106;32;16;48;2;180;213;189m▀[38;2;106;32;16;48;2;139;180;164m▀[38;2;106;32;16;48;2;139;180;164m▀[38;2;106;32;16;48;2;139;180;164m▀[38;2;0;0;0;48;2;139;180;164m▀[38;2;0;0;0;48;2;139;180;164m▀[38;2;21;26;44;48;2;21;26;44m▀[38;2;106;32;16;48;2;106;32;16m▀[38;2;180;148;41;48;2;180;148;41m▀[38;2;180;148;41;48;2;180;148;41m▀[38;2;238;213;82;48;2;238;213;82m▀[38;2;180;148;41;48;2;180;148;41m▀[38;2;21;26;44;48;2;21;26;44m▀[38;2;21;26;44;48;2;139;180;164m▀[38;2;21;26;44;48;2;139;180;164m▀[38;2;21;26;44;48;2;139;180;164m▀[38;2;213;246;222;48;2;139;180;164m▀[38;2;213;246;222;48;2;139;180;164m▀[38;2;0;0;0;48;2;0;0;0m▀[38;2;238;213;82;48;2;180;148;41m▀[38;2;238;213;82;48;2;238;213;82m▀[38;2;238;213;82;48;2;238;213;82m▀[38;2;180;148;41;48;2;180;148;41m▀[38;2;180;213;189;48;2;213;246;222m▀[38;2;0;0;0;48;2;0;0;0m▀[38;2;0;0;0;48;2;0;0;0m▀[38;2;0;0;0;48;2;0;0;0m▀[38;2;0;0;0;48;2;0;0;0m▀[38;2;0;0;0;48;2;0;0;0m▀[38;2;0;0;0;48;2;0;0;0m▀[38;2;0;0;0;48;2;0;0;0m▀[38;2;0;0;0;48;2;0;0;0m▀[38;2;180;148;41;48;2;180;148;41m▀[38;2;180;148;41;48;2;180;148;41m▀[38;2;180;148;41;48;2;180;148;41m▀[38;2;238;213;82;48;2;238;213;82m▀[38;2;106;32;16;48;2;106;32;16m▀[38;2;0;0;0;48;2;0;0;0m▀[0m [0m [0m [0m [0m [0m [0m [38;2;0;0;0m▀[38;2;106;32;16;48;2;0;0;0m▀[38;2;180;148;41;48;2;106;32;16m▀[0m
[38;2;180;148;41;48;2;180;148;41m▀[38;2;238;213;82;48;2;238;213;82m▀[38;2;180;148;41;48;2;106;32;16m▀[38;2;180;148;41;48;2;106;32;16m▀[38;2;106;32;16;48;2;0;0;0m▀[38;2;0;0;0m▀[0m [0m [0m [0m [0m [0m [38;2;0;0;0m▀[38;2;106;32;16;48;2;0;0;0m▀[38;2;238;213;82;48;2;106;32;16m▀[38;2;238;213;82;48;2;106;32;16m▀[38;2;238;213;82;48;2;238;213;82m▀[38;2;180;148;41;48;2;180;148;41m▀[38;2;180;148;41;48;2;180;148;41m▀[38;2;106;32;16;48;2;106;32;16m▀[38;2;0;0;0;48;2;0;0;0m▀[0m [0m [0m [0m [0m [38;2;0;0;0m▀[38;2;0;0;0m▀[38;2;0;0;0m▀[38;2;213;246;222;48;2;0;0;0m▀[38;2;213;246;222;48;2;0;0;0m▀[38;2;180;213;189;48;2;213;246;222m▀[38;2;180;213;189;48;2;213;246;222m▀[38;2;180;213;189;48;2;213;246;222m▀[38;2;180;213;189;48;2;213;246;222m▀[38;2;180;213;189;48;2;213;246;222m▀[38;2;180;213;189;48;2;180;213;189m▀[38;2;139;180;164;48;2;180;213;189m▀[38;2;106;32;16;48;2;106;32;16m▀[38;2;238;213;82;48;2;238;213;82m▀[38;2;238;213;82;48;2;238;213;82m▀[38;2;180;148;41;48;2;180;148;41m▀[38;2;139;180;164;48;2;180;213;189m▀[38;2;139;180;164;48;2;180;213;189m▀[38;2;180;213;189;48;2;180;213;189m▀[38;2;180;213;189;48;2;213;246;222m▀[38;2;180;213;189;48;2;213;246;222m▀[38;2;180;213;189;48;2;213;246;222m▀[38;2;180;213;189;48;2;213;246;222m▀[38;2;180;213;189;48;2;213;246;222m▀[38;2;0;0;0;48;2;0;0;0m▀[38;2;238;213;82;48;2;238;213;82m▀[38;2;238;213;82;48;2;238;213;82m▀[38;2;180;148;41;48;2;180;148;41m▀[38;2;0;0;0;48;2;0;0;0m▀[0m [0m [0m [0m [0m [0m [38;2;0;0;0m▀[38;2;0;0;0;48;2;0;0;0m▀[38;2;180;148;41;48;2;0;0;0m▀[38;2;180;148;41;48;2;0;0;0m▀[38;2;180;148;41;48;2;180;148;41m▀[38;2;238;213;82;48;2;238;213;82m▀[38;2;180;148;41;48;2;180;148;41m▀[38;2;0;0;0;48;2;0;0;0m▀[0m [0m [0m [0m [0m [0m [0m [0m [0m [38;2;0;0;0m▀[0m
[38;2;180;148;41;48;2;180;148;41m▀[38;2;180;148;41;48;2;106;32;16m▀[38;2;106;32;16;48;2;0;0;0m▀[38;2;106;32;16;48;2;0;0;0m▀[38;2;0;0;0m▀[0m [0m [0m [0m [0m [0m [0m [0m [38;2;0;0;0;48;2;0;0;0m▀[38;2;106;32;16;48;2;180;148;41m▀[38;2;106;32;16;48;2;180;148;41m▀[38;2;238;213;82;48;2;238;213;82m▀[38;2;180;148;41;48;2;180;148;41m▀[38;2;106;32;16;48;2;106;32;16m▀[38;2;0;0;0;48;2;0;0;0m▀[0m [0m [0m [0m [0m [0m [0m [0m [0m [0m [0m [38;2;0;0;0m▀[38;2;0;0;0m▀[38;2;0;0;0m▀[38;2;0;0;0m▀[38;2;0;0;0m▀[38;2;213;246;222;48;2;0;0;0m▀[38;2;213;246;222;48;2;0;0;0m▀[38;2;106;32;16;48;2;106;32;16m▀[38;2;238;213;82;48;2;238;213;82m▀[38;2;238;213;82;48;2;238;213;82m▀[38;2;180;148;41;48;2;106;32;16m▀[38;2;213;246;222;48;2;0;0;0m▀[38;2;213;246;222;48;2;0;0;0m▀[38;2;213;246;222;48;2;0;0;0m▀[38;2;0;0;0m▀[38;2;0;0;0m▀[38;2;0;0;0m▀[38;2;0;0;0m▀[38;2;0;0;0;48;2;0;0;0m▀[38;2;0;0;0;48;2;106;32;16m▀[38;2;180;148;41;48;2;180;148;41m▀[38;2;180;148;41;48;2;180;148;41m▀[38;2;106;32;16;48;2;106;32;16m▀[38;2;0;0;0;48;2;0;0;0m▀[0m [0m [0m [0m [0m [0m [0m [38;2;0;0;0m▀[38;2;0;0;0;48;2;0;0;0m▀[38;2;0;0;0;48;2;0;0;0m▀[38;2;180;148;41;48;2;106;32;16m▀[38;2;238;213;82;48;2;180;148;41m▀[38;2;180;148;41;48;2;238;213;82m▀[38;2;0;0;0;48;2;180;148;41m▀[38;2;0;0;0m▄[0m [0m [0m [0m [0m [0m [0m [0m [0m [0m
[38;2;180;148;41;48;2;180;148;41m▀[38;2;106;32;16;48;2;106;32;16m▀[38;2;0;0;0;48;2;0;0;0m▀[0m [0m [0m [0m [0m [0m [0m [0m [0m [0m [38;2;0;0;0;48;2;0;0;0m▀[38;2;180;148;41;48;2;180;148;41m▀[38;2;180;148;41;48;2;180;148;41m▀[38;2;238;213;82;48;2;238;213;82m▀[38;2;180;148;41;48;2;180;148;41m▀[38;2;106;32;16;48;2;16;16;16m▀[38;2;0;0;0;48;2;0;0;0m▀[0m [0m [0m [0m [0m [0m [0m [0m [0m [0m [0m [0m [0m [0m [0m [0m [0m [38;2;0;0;0;48;2;0;0;0m▀[38;2;106;32;16;48;2;0;0;0m▀[38;2;238;213;82;48;2;180;148;41m▀[38;2;238;213;82;48;2;180;148;41m▀[38;2;106;32;16;48;2;106;32;16m▀[38;2;0;0;0;48;2;0;0;0m▀[0m [0m [0m [0m [0m [38;2;0;0;0m▄[38;2;0;0;0;48;2;106;32;16m▀[38;2;106;32;16;48;2;180;148;41m▀[38;2;180;148;41;48;2;106;32;16m▀[38;2;180;148;41;48;2;106;32;16m▀[38;2;106;32;16;48;2;0;0;0m▀[38;2;0;0;0m▀[0m [0m [0m [0m [0m [0m [0m [0m [0m [38;2;0;0;0;48;2;0;0;0m▀[38;2;106;32;16;48;2;106;32;16m▀[38;2;180;148;41;48;2;180;148;41m▀[38;2;238;213;82;48;2;180;148;41m▀[38;2;180;148;41;48;2;238;213;82m▀[38;2;0;0;0;48;2;180;148;41m▀[38;2;0;0;0;48;2;180;148;41m▀[38;2;0;0;0m▄[38;2;0;0;0m▄[0m [0m [38;2;0;0;0m▄[38;2;0;0;0m▄[0m [0m [0m
[38;2;0;0;0;48;2;0;0;0m▀[38;2;180;148;41;48;2;180;148;41m▀[38;2;0;0;0;48;2;0;0;0m▀[0m [0m [0m [0m [0m [0m [0m [0m [0m [38;2;0;0;0m▄[38;2;0;0;0;48;2;180;148;41m▀[38;2;180;148;41;48;2;238;213;82m▀[38;2;180;148;41;48;2;238;213;82m▀[38;2;238;213;82;48;2;180;148;41m▀[38;2;16;16;16;48;2;16;16;16m▀[38;2;0;0;0;48;2;0;0;0m▀[0m [0m [0m [0m [0m [0m [0m [0m [0m [0m [0m [0m [0m [0m [0m [0m [0m [0m [38;2;0;0;0m▀[38;2;0;0;0;48;2;0;0;0m▀[38;2;180;148;41;48;2;0;0;0m▀[38;2;180;148;41;48;2;0;0;0m▀[38;2;106;32;16;48;2;180;148;41m▀[38;2;0;0;0;48;2;106;32;16m▀[38;2;0;0;0m▄[0m [0m [0m [0m [38;2;0;0;0;48;2;0;0;0m▀[38;2;106;32;16;48;2;106;32;16m▀[38;2;180;148;41;48;2;180;148;41m▀[38;2;106;32;16;48;2;106;32;16m▀[38;2;106;32;16;48;2;106;32;16m▀[38;2;0;0;0;48;2;0;0;0m▀[0m [0m [0m [0m [0m [0m [0m [0m [0m [0m [0m [38;2;0;0;0m▀[38;2;106;32;16;48;2;0;0;0m▀[38;2;180;148;41;48;2;106;32;16m▀[38;2;180;148;41;48;2;180;148;41m▀[38;2;238;213;82;48;2;180;148;41m▀[38;2;238;213;82;48;2;180;148;41m▀[38;2;180;148;41;48;2;238;213;82m▀[38;2;180;148;41;48;2;238;213;82m▀[38;2;0;0;0;48;2;180;148;41m▀[38;2;0;0;0;48;2;180;148;41m▀[38;2;180;148;41;48;2;0;0;0m▀[38;2;180;148;41;48;2;0;0;0m▀[38;2;0;0;0m▀[0m [0m
[0m [38;2;0;0;0m▀[0m [0m [0m [0m [0m [0m [0m [0m [38;2;0;0;0m▄[38;2;0;0;0;48;2;180;148;41m▀[38;2;180;148;41;48;2;238;213;82m▀[38;2;238;213;82;48;2;106;32;16m▀[38;2;238;213;82;48;2;16;16;16m▀[38;2;238;213;82;48;2;16;16;16m▀[38;2;16;16;16;48;2;0;0;0m▀[38;2;0;0;0m▀[0m [0m [0m [0m [0m [0m [0m [0m [0m [0m [0m [0m [0m [0m [0m [0m [0m [0m [0m [0m [38;2;0;0;0m▀[38;2;0;0;0;48;2;0;0;0m▀[38;2;0;0;0;48;2;0;0;0m▀[38;2;180;148;41;48;2;106;32;16m▀[38;2;106;32;16;48;2;180;148;41m▀[38;2;0;0;0;48;2;106;32;16m▀[38;2;0;0;0m▄[0m [0m [0m [38;2;0;0;0;48;2;0;0;0m▀[38;2;180;148;41;48;2;106;32;16m▀[38;2;106;32;16;48;2;0;0;0m▀[38;2;0;0;0m▀[38;2;0;0;0m▀[0m [0m [0m [0m [0m [0m [0m [0m [0m [0m [0m [0m [0m [0m [38;2;0;0;0m▀[38;2;106;32;16;48;2;0;0;0m▀[38;2;106;32;16;48;2;0;0;0m▀[38;2;106;32;16;48;2;0;0;0m▀[38;2;106;32;16;48;2;0;0;0m▀[38;2;106;32;16;48;2;0;0;0m▀[38;2;0;0;0m▀[38;2;0;0;0m▀[0m [0m [0m [0m [0m
[0m [0m [0m [0m [0m [0m [38;2;0;0;0m▄[38;2;0;0;0;48;2;180;148;41m▀[38;2;0;0;0;48;2;180;148;41m▀[38;2;0;0;0;48;2;180;148;41m▀[38;2;0;0;0;48;2;180;148;41m▀[38;2;180;148;41;48;2;106;32;16m▀[38;2;238;213;82;48;2;106;32;16m▀[38;2;106;32;16;48;2;0;0;0m▀[38;2;16;16;16;48;2;0;0;0m▀[38;2;16;16;16;48;2;0;0;0m▀[38;2;0;0;0m▀[0m [0m [0m [0m [0m [0m [0m [0m [0m [0m [0m [0m [0m [0m [0m [0m [0m [0m [0m [0m [0m [0m [0m [38;2;0;0;0m▀[38;2;106;32;16;48;2;0;0;0m▀[38;2;180;148;41;48;2;106;32;16m▀[38;2;106;32;16;48;2;180;148;41m▀[38;2;0;0;0;48;2;0;0;0m▀[0m [0m [38;2;0;0;0m▄[38;2;0;0;0;48;2;106;32;16m▀[38;2;106;32;16;48;2;0;0;0m▀[38;2;0;0;0m▀[0m [0m [0m [0m [0m [0m [0m [0m [0m [0m [0m [0m [0m [0m [0m [0m [0m [0m [0m [0m [0m [0m [0m [0m [0m [0m [0m [0m [0m
