[0m [0m [0m [0m [0m [0m [0m [38;2;0;0;0m▄[38;2;0;0;0;48;2;189;98;197m▀[38;2;0;0;0;48;2;189;98;197m▀[38;2;189;98;197;48;2;230;156;213m▀[38;2;189;98;197;48;2;98;65;106m▀[38;2;0;0;0;48;2;0;0;0m▀[38;2;0;0;0m▄[0m [0m [0m [0m [0m [0m [0m [0m [0m [38;2;0;0;0m▄[38;2;0;0;0;48;2;98;65;106m▀[38;2;0;0;0m▄[38;2;0;0;0m▄[38;2;0;0;0;48;2;189;98;197m▀[38;2;0;0;0;48;2;189;98;197m▀[38;2;0;0;0;48;2;189;98;197m▀[38;2;189;98;197;48;2;238;189;238m▀[38;2;189;98;197;48;2;238;189;238m▀[38;2;98;65;106;48;2;98;65;106m▀[38;2;0;0;0;48;2;0;0;0m▀[0m [0m [0m [0m [0m [0m [0m [0m [0m [0m [0m [0m [0m [0m [0m [0m
[0m [0m [0m [0m [0m [0m [0m [38;2;0;0;0;48;2;0;0;0m▀[38;2;189;98;197;48;2;189;98;197m▀[38;2;189;98;197;48;2;189;98;197m▀[38;2;230;156;213;48;2;230;156;213m▀[38;2;16;16;16;48;2;16;16;16m▀[38;2;0;0;0;48;2;0;0;0m▀[38;2;16;16;16;48;2;16;16;16m▀[38;2;0;0;0;48;2;0;0;0m▀[38;2;0;0;0m▄[0m [0m [0m [0m [0m [0m [38;2;0;0;0;48;2;0;0;0m▀[38;2;189;98;197;48;2;189;98;197m▀[38;2;238;189;238;48;2;238;189;238m▀[38;2;98;65;106;48;2;98;65;106m▀[38;2;98;65;106;48;2;98;65;106m▀[38;2;238;189;238;48;2;238;189;238m▀[38;2;238;189;238;48;2;238;189;238m▀[38;2;238;189;238;48;2;238;189;238m▀[38;2;230;156;213;48;2;230;156;213m▀[38;2;16;16;16;48;2;16;16;16m▀[38;2;0;0;0;48;2;0;0;0m▀[0m [0m [0m [0m [0m [0m [0m [0m [0m [0m [0m [0m [0m [0m [0m [0m [0m
[0m [0m [0m [0m [0m [38;2;0;0;0m▄[38;2;0;0;0;48;2;98;65;106m▀[38;2;98;65;106;48;2;230;156;213m▀[38;2;189;98;197;48;2;230;156;213m▀[38;2;189;98;197;48;2;230;156;213m▀[38;2;230;156;213;48;2;230;156;213m▀[38;2;230;156;213;48;2;230;156;213m▀[38;2;16;16;16;48;2;230;156;213m▀[38;2;230;156;213;48;2;230;156;213m▀[38;2;16;16;16;48;2;16;16;16m▀[38;2;16;16;16;48;2;16;16;16m▀[38;2;0;0;0;48;2;0;0;0m▀[0m [0m [0m [38;2;0;0;0m▄[38;2;0;0;0;48;2;0;0;0m▀[38;2;189;98;197;48;2;98;65;106m▀[38;2;189;98;197;48;2;230;156;213m▀[38;2;238;189;238;48;2;230;156;213m▀[38;2;98;65;106;48;2;230;156;213m▀[38;2;230;156;213;48;2;230;156;213m▀[38;2;230;156;213;48;2;0;98;65m▀[38;2;230;156;213;48;2;0;98;65m▀[38;2;230;156;213;48;2;16;16;16m▀[38;2;230;156;213;48;2;189;98;197m▀[38;2;16;16;16;48;2;189;98;197m▀[38;2;0;0;0;48;2;16;16;16m▀[38;2;0;0;0m▄[38;2;0;0;0m▄[0m [0m [0m [0m [0m [0m [0m [0m [0m [0m [0m [0m [0m [0m [0m
[0m [0m [38;2;0;0;0m▄[38;2;0;0;0m▄[38;2;0;0;0m▄[38;2;0;0;0;48;2;98;65;106m▀[38;2;189;98;197;48;2;230;156;213m▀[38;2;230;156;213;48;2;230;156;213m▀[38;2;230;156;213;48;2;230;156;213m▀[38;2;230;156;213;48;2;230;156;213m▀[38;2;230;156;213;48;2;230;156;213m▀[38;2;230;156;213;48;2;230;156;213m▀[38;2;230;156;213;48;2;189;98;197m▀[38;2;189;98;197;48;2;189;98;197m▀[38;2;16;16;16;48;2;189;98;197m▀[38;2;16;16;16;48;2;189;98;197m▀[38;2;0;0;0;48;2;16;16;16m▀[38;2;0;0;0m▄[38;2;0;0;0;48;2;189;98;197m▀[38;2;0;0;0;48;2;189;98;197m▀[38;2;16;16;16;48;2;230;156;213m▀[38;2;16;16;16;48;2;230;156;213m▀[38;2;230;156;213;48;2;230;156;213m▀[38;2;230;156;213;48;2;230;156;213m▀[38;2;230;156;213;48;2;0;98;65m▀[38;2;0;98;65;48;2;0;98;65m▀[38;2;0;98;65;48;2;0;98;65m▀[38;2;0;98;65;48;2;0;98;65m▀[38;2;0;98;65;48;2;0;98;65m▀[38;2;0;98;65;48;2;0;98;65m▀[38;2;16;16;16;48;2;16;16;16m▀[38;2;189;98;197;48;2;189;98;197m▀[38;2;189;98;197;48;2;189;98;197m▀[38;2;16;16;16;48;2;189;98;197m▀[38;2;16;16;16;48;2;189;98;197m▀[38;2;0;0;0;48;2;16;16;16m▀[38;2;0;0;0m▄[0m [0m [0m [0m [0m [0m [0m [0m [0m [0m [0m [0m [0m
[0m [38;2;0;0;0;48;2;0;0;0m▀[38;2;98;65;106;48;2;98;65;106m▀[38;2;98;65;106;48;2;98;65;106m▀[38;2;98;65;106;48;2;98;65;106m▀[38;2;189;98;197;48;2;189;98;197m▀[38;2;230;156;213;48;2;230;156;213m▀[38;2;230;156;213;48;2;230;156;213m▀[38;2;230;156;213;48;2;230;156;213m▀[38;2;230;156;213;48;2;230;156;213m▀[38;2;230;156;213;48;2;230;156;213m▀[38;2;189;98;197;48;2;189;98;197m▀[38;2;189;98;197;48;2;189;98;197m▀[38;2;189;98;197;48;2;189;98;197m▀[38;2;189;98;197;48;2;189;98;197m▀[38;2;189;98;197;48;2;189;98;197m▀[38;2;16;16;16;48;2;16;16;16m▀[38;2;189;98;197;48;2;189;98;197m▀[38;2;230;156;213;48;2;230;156;213m▀[38;2;230;156;213;48;2;230;156;213m▀[38;2;230;156;213;48;2;230;156;213m▀[38;2;230;156;213;48;2;230;156;213m▀[38;2;230;156;213;48;2;230;156;213m▀[38;2;0;98;65;48;2;0;98;65m▀[38;2;0;98;65;48;2;0;98;65m▀[38;2;0;98;65;48;2;0;98;65m▀[38;2;0;164;115;48;2;0;164;115m▀[38;2;0;164;115;48;2;0;164;115m▀[38;2;0;164;115;48;2;0;164;115m▀[38;2;0;98;65;48;2;0;98;65m▀[38;2;16;16;16;48;2;16;16;16m▀[38;2;189;98;197;48;2;189;98;197m▀[38;2;16;16;16;48;2;16;16;16m▀[38;2;16;16;16;48;2;16;16;16m▀[38;2;16;16;16;48;2;16;16;16m▀[38;2;0;0;0;48;2;0;0;0m▀[0m [0m [0m [0m [0m [0m [0m [0m [0m [0m [0m [0m [0m [0m
[0m [38;2;0;0;0m▀[38;2;98;65;106;48;2;0;0;0m▀[38;2;98;65;106;48;2;0;0;0m▀[38;2;230;156;213;48;2;98;65;106m▀[38;2;230;156;213;48;2;230;156;213m▀[38;2;230;156;213;48;2;230;156;213m▀[38;2;230;156;213;48;2;230;156;213m▀[38;2;230;156;213;48;2;230;156;213m▀[38;2;230;156;213;48;2;230;156;213m▀[38;2;230;156;213;48;2;189;98;197m▀[38;2;189;98;197;48;2;189;98;197m▀[38;2;189;98;197;48;2;189;98;197m▀[38;2;189;98;197;48;2;189;98;197m▀[38;2;189;98;197;48;2;189;98;197m▀[38;2;189;98;197;48;2;189;98;197m▀[38;2;16;16;16;48;2;16;16;16m▀[38;2;0;0;0;48;2;16;16;16m▀[38;2;16;16;16;48;2;230;156;213m▀[38;2;230;156;213;48;2;230;156;213m▀[38;2;230;156;213;48;2;0;98;65m▀[38;2;230;156;213;48;2;0;98;65m▀[38;2;0;98;65;48;2;0;98;65m▀[38;2;0;98;65;48;2;0;164;115m▀[38;2;0;164;115;48;2;0;164;115m▀[38;2;0;164;115;48;2;0;164;115m▀[38;2;0;164;115;48;2;0;164;115m▀[38;2;0;164;115;48;2;0;164;115m▀[38;2;0;164;115;48;2;0;164;115m▀[38;2;0;164;115;48;2;0;164;115m▀[38;2;16;16;16;48;2;16;16;16m▀[38;2;189;98;197;48;2;189;98;197m▀[38;2;16;16;16;48;2;16;16;16m▀[38;2;0;0;0;48;2;0;0;0m▀[38;2;0;0;0;48;2;0;0;0m▀[0m [0m [0m [0m [0m [0m [0m [0m [0m [0m [0m [0m [0m [0m [0m
[0m [0m [0m [38;2;0;0;0m▀[38;2;98;65;106;48;2;0;0;0m▀[38;2;230;156;213;48;2;16;16;16m▀[38;2;230;156;213;48;2;230;156;213m▀[38;2;230;156;213;48;2;189;98;197m▀[38;2;189;98;197;48;2;189;98;197m▀[38;2;189;98;197;48;2;189;98;197m▀[38;2;189;98;197;48;2;189;98;197m▀[38;2;189;98;197;48;2;189;98;197m▀[38;2;189;98;197;48;2;189;98;197m▀[38;2;189;98;197;48;2;189;98;197m▀[38;2;189;98;197;48;2;189;98;197m▀[38;2;189;98;197;48;2;189;98;197m▀[38;2;16;16;16;48;2;189;98;197m▀[38;2;230;156;213;48;2;16;16;16m▀[38;2;230;156;213;48;2;230;156;213m▀[38;2;230;156;213;48;2;0;98;65m▀[38;2;0;98;65;48;2;0;98;65m▀[38;2;0;98;65;48;2;0;98;65m▀[38;2;0;98;65;48;2;0;164;115m▀[38;2;0;164;115;48;2;0;164;115m▀[38;2;0;164;115;48;2;0;164;115m▀[38;2;0;164;115;48;2;0;164;115m▀[38;2;0;164;115;48;2;0;164;115m▀[38;2;0;164;115;48;2;0;164;115m▀[38;2;0;164;115;48;2;0;164;115m▀[38;2;16;16;16;48;2;16;16;16m▀[38;2;189;98;197;48;2;189;98;197m▀[38;2;189;98;197;48;2;16;16;16m▀[38;2;189;98;197;48;2;16;16;16m▀[38;2;16;16;16;48;2;0;0;0m▀[38;2;16;16;16;48;2;0;0;0m▀[38;2;0;0;0m▀[0m [0m [0m [0m [0m [0m [0m [0m [0m [0m [0m [0m [0m [0m
[0m [0m [0m [0m [38;2;0;0;0;48;2;0;0;0m▀[38;2;16;16;16;48;2;16;16;16m▀[38;2;189;98;197;48;2;189;98;197m▀[38;2;189;98;197;48;2;189;98;197m▀[38;2;189;98;197;48;2;189;98;197m▀[38;2;189;98;197;48;2;189;98;197m▀[38;2;189;98;197;48;2;189;98;197m▀[38;2;99;66;107;48;2;99;66;107m▀[38;2;99;66;107;48;2;99;66;107m▀[38;2;99;66;107;48;2;99;66;107m▀[38;2;99;66;107;48;2;99;66;107m▀[38;2;99;66;107;48;2;99;66;107m▀[38;2;99;66;107;48;2;99;66;107m▀[38;2;16;16;16;48;2;16;16;16m▀[38;2;230;156;213;48;2;230;156;213m▀[38;2;0;98;65;48;2;0;98;65m▀[38;2;0;98;65;48;2;0;98;65m▀[38;2;0;98;65;48;2;0;98;65m▀[38;2;0;164;115;48;2;0;164;115m▀[38;2;0;98;65;48;2;0;98;65m▀[38;2;0;98;65;48;2;0;98;65m▀[38;2;0;164;115;48;2;0;164;115m▀[38;2;0;164;115;48;2;0;164;115m▀[38;2;0;164;115;48;2;0;164;115m▀[38;2;0;164;115;48;2;0;164;115m▀[38;2;16;16;16;48;2;16;16;16m▀[38;2;189;98;197;48;2;189;98;197m▀[38;2;16;16;16;48;2;16;16;16m▀[38;2;0;0;0;48;2;0;0;0m▀[0m [0m [0m [0m [0m [0m [0m [0m [0m [0m [0m [0m [0m [0m [0m [0m [0m
[0m [38;2;0;0;0m▄[38;2;0;0;0;48;2;189;99;197m▀[38;2;0;0;0;48;2;189;99;197m▀[38;2;16;16;16;48;2;189;99;197m▀[38;2;16;16;16;48;2;189;99;197m▀[38;2;189;98;197;48;2;99;66;107m▀[38;2;189;98;197;48;2;16;16;16m▀[38;2;99;66;107;48;2;16;16;16m▀[38;2;99;66;107;48;2;16;16;16m▀[38;2;99;66;107;48;2;230;156;214m▀[38;2;230;156;214;48;2;230;156;214m▀[38;2;230;156;214;48;2;230;156;214m▀[38;2;230;156;214;48;2;230;156;214m▀[38;2;230;156;214;48;2;230;156;214m▀[38;2;230;156;214;48;2;230;156;214m▀[38;2;230;156;214;48;2;230;156;214m▀[38;2;16;16;16;48;2;16;16;16m▀[38;2;230;156;213;48;2;230;156;213m▀[38;2;0;98;65;48;2;0;98;65m▀[38;2;0;98;65;48;2;0;98;65m▀[38;2;0;98;65;48;2;0;98;65m▀[38;2;0;98;65;48;2;230;156;213m▀[38;2;230;156;213;48;2;230;156;213m▀[38;2;0;98;65;48;2;0;98;65m▀[38;2;0;164;115;48;2;0;164;115m▀[38;2;0;164;115;48;2;0;164;115m▀[38;2;16;16;16;48;2;16;16;16m▀[38;2;16;16;16;48;2;16;16;16m▀[38;2;189;98;197;48;2;189;98;197m▀[38;2;189;98;197;48;2;16;16;16m▀[38;2;16;16;16;48;2;0;0;0m▀[38;2;0;0;0m▀[0m [0m [0m [0m [0m [0m [0m [0m [0m [0m [0m [0m [0m [0m [0m [0m [0m
[0m [38;2;0;0;0m▀[38;2;99;66;107;48;2;0;0;0m▀[38;2;99;66;107;48;2;0;0;0m▀[38;2;239;189;239;48;2;99;66;107m▀[38;2;239;189;239;48;2;189;99;197m▀[38;2;239;189;239;48;2;239;189;239m▀[38;2;239;189;239;48;2;239;189;239m▀[38;2;239;189;239;48;2;230;156;214m▀[38;2;239;189;239;48;2;230;156;214m▀[38;2;230;156;214;48;2;230;156;214m▀[38;2;230;156;214;48;2;230;156;214m▀[38;2;230;156;214;48;2;230;156;214m▀[38;2;230;156;214;48;2;230;156;214m▀[38;2;230;156;214;48;2;189;99;197m▀[38;2;230;156;214;48;2;189;99;197m▀[38;2;230;156;214;48;2;230;156;214m▀[38;2;16;16;16;48;2;16;16;16m▀[38;2;230;156;213;48;2;230;156;213m▀[38;2;0;98;65;48;2;230;156;213m▀[38;2;230;156;213;48;2;230;156;213m▀[38;2;230;156;213;48;2;230;156;213m▀[38;2;230;156;213;48;2;230;156;213m▀[38;2;0;98;65;48;2;0;98;65m▀[38;2;0;164;115;48;2;0;98;65m▀[38;2;0;164;115;48;2;16;16;16m▀[38;2;16;16;16;48;2;189;98;197m▀[38;2;189;98;197;48;2;189;98;197m▀[38;2;189;98;197;48;2;189;98;197m▀[38;2;189;98;197;48;2;16;16;16m▀[38;2;16;16;16;48;2;16;16;16m▀[38;2;0;0;0;48;2;0;0;0m▀[0m [0m [0m [0m [0m [0m [0m [0m [0m [0m [0m [0m [0m [0m [0m [0m [0m [0m
[0m [0m [0m [0m [38;2;0;0;0;48;2;0;0;0m▀[38;2;16;16;16;48;2;16;16;16m▀[38;2;189;99;197;48;2;189;99;197m▀[38;2;189;99;197;48;2;189;99;197m▀[38;2;230;156;214;48;2;230;156;214m▀[38;2;230;156;214;48;2;230;156;214m▀[38;2;230;156;214;48;2;230;156;214m▀[38;2;230;156;214;48;2;230;156;214m▀[38;2;230;156;214;48;2;230;156;214m▀[38;2;189;99;197;48;2;189;99;197m▀[38;2;230;156;214;48;2;230;156;214m▀[38;2;230;156;214;48;2;230;156;214m▀[38;2;189;99;197;48;2;189;99;197m▀[38;2;189;99;197;48;2;189;99;197m▀[38;2;189;99;197;48;2;189;99;197m▀[38;2;230;156;213;48;2;230;156;213m▀[38;2;230;156;213;48;2;230;156;213m▀[38;2;230;156;213;48;2;230;156;213m▀[38;2;0;98;65;48;2;0;98;65m▀[38;2;0;98;65;48;2;0;98;65m▀[38;2;16;16;16;48;2;16;16;16m▀[38;2;189;98;197;48;2;189;98;197m▀[38;2;189;98;197;48;2;189;98;197m▀[38;2;16;16;16;48;2;16;16;16m▀[38;2;16;16;16;48;2;16;16;16m▀[38;2;0;0;0;48;2;0;0;0m▀[38;2;0;0;0m▀[0m [0m [0m [0m [0m [0m [0m [0m [0m [0m [0m [0m [0m [0m [0m [0m [0m [0m [0m
[0m [0m [0m [38;2;0;0;0;48;2;0;0;0m▀[38;2;99;66;107;48;2;99;66;107m▀[38;2;16;16;16;48;2;255;255;255m▀[38;2;16;16;16;48;2;99;66;107m▀[38;2;189;99;197;48;2;16;16;16m▀[38;2;189;99;197;48;2;189;99;197m▀[38;2;189;99;197;48;2;189;99;197m▀[38;2;189;99;197;48;2;189;99;197m▀[38;2;230;156;214;48;2;189;99;197m▀[38;2;230;156;214;48;2;230;156;214m▀[38;2;230;156;214;48;2;230;156;214m▀[38;2;189;99;197;48;2;99;66;107m▀[38;2;189;99;197;48;2;99;66;107m▀[38;2;99;66;107;48;2;255;255;255m▀[38;2;205;197;197;48;2;16;16;16m▀[38;2;205;197;197;48;2;205;197;197m▀[38;2;189;99;197;48;2;99;66;107m▀[38;2;189;98;197;48;2;189;98;197m▀[38;2;189;98;197;48;2;189;98;197m▀[38;2;189;98;197;48;2;189;98;197m▀[38;2;189;98;197;48;2;98;65;106m▀[38;2;189;98;197;48;2;98;65;106m▀[38;2;16;16;16;48;2;98;65;106m▀[38;2;16;16;16;48;2;0;0;0m▀[38;2;0;0;0m▀[38;2;0;0;0m▀[0m [0m [0m [0m [0m [0m [0m [0m [0m [0m [0m [0m [0m [0m [0m [0m [0m [0m [0m [0m [0m
[0m [0m [38;2;0;0;0m▄[38;2;0;0;0;48;2;0;0;0m▀[38;2;99;66;107;48;2;99;66;107m▀[38;2;16;16;16;48;2;181;25;0m▀[38;2;189;99;197;48;2;230;156;214m▀[38;2;189;99;197;48;2;230;156;214m▀[38;2;16;16;16;48;2;230;156;214m▀[38;2;16;16;16;48;2;230;156;214m▀[38;2;99;66;107;48;2;230;156;214m▀[38;2;230;156;214;48;2;230;156;214m▀[38;2;230;156;214;48;2;230;156;214m▀[38;2;189;99;197;48;2;99;66;107m▀[38;2;16;16;16;48;2;181;25;0m▀[38;2;16;16;16;48;2;181;25;0m▀[38;2;16;16;16;48;2;16;16;16m▀[38;2;16;16;16;48;2;181;25;0m▀[38;2;255;255;255;48;2;255;255;255m▀[38;2;99;66;107;48;2;189;99;197m▀[38;2;189;99;197;48;2;189;99;197m▀[38;2;189;99;197;48;2;189;99;197m▀[38;2;189;99;197;48;2;189;99;197m▀[38;2;189;99;197;48;2;189;99;197m▀[38;2;16;16;16;48;2;16;16;16m▀[38;2;0;0;0;48;2;0;0;0m▀[0m [0m [0m [0m [0m [0m [0m [0m [0m [0m [0m [0m [0m [0m [0m [0m [0m [0m [0m [0m [0m [0m [0m [0m
[0m [38;2;0;0;0;48;2;0;0;0m▀[38;2;99;66;107;48;2;99;66;107m▀[38;2;99;66;107;48;2;99;66;107m▀[38;2;189;99;197;48;2;189;99;197m▀[38;2;189;99;197;48;2;189;99;197m▀[38;2;230;156;214;48;2;230;156;214m▀[38;2;230;156;214;48;2;230;156;214m▀[38;2;230;156;214;48;2;230;156;214m▀[38;2;230;156;214;48;2;230;156;214m▀[38;2;230;156;214;48;2;230;156;214m▀[38;2;230;156;214;48;2;230;156;214m▀[38;2;230;156;214;48;2;230;156;214m▀[38;2;230;156;214;48;2;230;156;214m▀[38;2;255;107;82;48;2;255;107;82m▀[38;2;255;107;82;48;2;255;107;82m▀[38;2;181;25;0;48;2;181;25;0m▀[38;2;189;99;197;48;2;189;99;197m▀[38;2;189;99;197;48;2;189;99;197m▀[38;2;189;99;197;48;2;189;99;197m▀[38;2;189;99;197;48;2;189;99;197m▀[38;2;189;99;197;48;2;189;99;197m▀[38;2;189;99;197;48;2;189;99;197m▀[38;2;189;99;197;48;2;189;99;197m▀[38;2;16;16;16;48;2;16;16;16m▀[38;2;0;0;0;48;2;0;0;0m▀[0m [0m [0m [0m [0m [0m [0m [0m [0m [0m [0m [0m [0m [0m [0m [0m [0m [0m [0m [0m [0m [0m [0m [0m
[0m [38;2;0;0;0m▀[38;2;99;66;107;48;2;0;0;0m▀[38;2;99;66;107;48;2;0;0;0m▀[38;2;230;156;214;48;2;99;66;107m▀[38;2;230;156;214;48;2;16;16;16m▀[38;2;189;99;197;48;2;230;156;214m▀[38;2;230;156;214;48;2;230;156;214m▀[38;2;189;99;197;48;2;230;156;214m▀[38;2;189;99;197;48;2;230;156;214m▀[38;2;230;156;214;48;2;189;99;197m▀[38;2;230;156;214;48;2;189;99;197m▀[38;2;230;156;214;48;2;189;99;197m▀[38;2;230;156;214;48;2;16;16;16m▀[38;2;230;156;214;48;2;16;16;16m▀[38;2;230;156;214;48;2;16;16;16m▀[38;2;189;99;197;48;2;16;16;16m▀[38;2;189;99;197;48;2;16;16;16m▀[38;2;189;99;197;48;2;16;16;16m▀[38;2;189;99;197;48;2;99;66;107m▀[38;2;189;99;197;48;2;189;99;197m▀[38;2;189;99;197;48;2;189;99;197m▀[38;2;189;99;197;48;2;189;99;197m▀[38;2;189;99;197;48;2;189;99;197m▀[38;2;16;16;16;48;2;99;66;107m▀[38;2;0;0;0;48;2;0;0;0m▀[38;2;0;0;0m▄[38;2;0;0;0;48;2;98;41;0m▀[38;2;0;0;0;48;2;98;41;0m▀[38;2;0;0;0;48;2;98;41;0m▀[38;2;0;0;0m▄[0m [0m [0m [0m [0m [0m [0m [0m [0m [0m [0m [0m [0m [0m [0m [0m [0m [0m [0m
[0m [0m [0m [38;2;0;0;0m▀[38;2;16;16;16;48;2;0;0;0m▀[38;2;99;66;107;48;2;99;66;107m▀[38;2;16;16;16;48;2;99;66;107m▀[38;2;16;16;16;48;2;123;49;8m▀[38;2;99;66;107;48;2;99;66;107m▀[38;2;99;66;107;48;2;99;66;107m▀[38;2;206;206;206;48;2;255;255;255m▀[38;2;206;206;206;48;2;255;255;255m▀[38;2;16;16;16;48;2;16;16;16m▀[38;2;123;49;8;48;2;205;123;41m▀[38;2;123;49;8;48;2;205;123;41m▀[38;2;123;49;8;48;2;205;123;41m▀[38;2;123;49;8;48;2;205;123;41m▀[38;2;123;49;8;48;2;205;123;41m▀[38;2;16;16;16;48;2;99;66;107m▀[38;2;189;99;197;48;2;189;99;197m▀[38;2;189;99;197;48;2;189;99;197m▀[38;2;189;99;197;48;2;189;99;197m▀[38;2;189;99;197;48;2;189;99;197m▀[38;2;99;66;107;48;2;16;16;16m▀[38;2;255;255;255;48;2;255;255;255m▀[38;2;98;41;0;48;2;189;106;0m▀[38;2;98;41;0;48;2;98;41;0m▀[38;2;213;148;82;48;2;213;148;82m▀[38;2;213;148;82;48;2;213;148;82m▀[38;2;98;41;0;48;2;16;16;16m▀[38;2;0;0;0;48;2;0;0;0m▀[0m [0m [38;2;0;0;0m▄[38;2;0;0;0m▄[38;2;0;0;0m▄[0m [0m [0m [0m [0m [0m [0m [0m [0m [0m [0m [0m [0m [0m
[0m [0m [0m [0m [0m [38;2;0;0;0;48;2;0;0;0m▀[38;2;16;16;16;48;2;16;16;16m▀[38;2;99;66;107;48;2;99;66;107m▀[38;2;123;49;8;48;2;123;49;8m▀[38;2;123;49;8;48;2;123;49;8m▀[38;2;16;16;16;48;2;16;16;16m▀[38;2;16;16;16;48;2;16;16;16m▀[38;2;205;123;41;48;2;205;123;41m▀[38;2;205;123;41;48;2;205;123;41m▀[38;2;205;123;41;48;2;205;123;41m▀[38;2;205;123;41;48;2;205;123;41m▀[38;2;205;123;41;48;2;205;123;41m▀[38;2;16;16;16;48;2;16;16;16m▀[38;2;189;99;197;48;2;189;99;197m▀[38;2;189;99;197;48;2;189;99;197m▀[38;2;189;99;197;48;2;189;99;197m▀[38;2;189;99;197;48;2;189;99;197m▀[38;2;16;16;16;48;2;16;16;16m▀[38;2;98;41;0;48;2;98;41;0m▀[38;2;255;255;255;48;2;255;255;255m▀[38;2;255;255;255;48;2;255;255;255m▀[38;2;189;106;0;48;2;189;106;0m▀[38;2;16;16;16;48;2;16;16;16m▀[38;2;16;16;16;48;2;16;16;16m▀[38;2;98;41;0;48;2;98;41;0m▀[38;2;98;41;0;48;2;98;41;0m▀[38;2;0;0;0;48;2;0;0;0m▀[38;2;0;0;0;48;2;0;0;0m▀[38;2;98;41;0;48;2;98;41;0m▀[38;2;98;41;0;48;2;98;41;0m▀[38;2;98;41;0;48;2;98;41;0m▀[38;2;0;0;0;48;2;0;0;0m▀[0m [0m [0m [0m [0m [0m [0m [0m [0m [0m [0m [0m [0m
[38;2;0;0;0m▄[38;2;0;0;0;48;2;16;16;16m▀[38;2;0;0;0;48;2;99;66;107m▀[38;2;0;0;0;48;2;99;66;107m▀[38;2;0;0;0;48;2;99;66;107m▀[38;2;0;0;0m▄[38;2;0;0;0;48;2;0;0;0m▀[38;2;16;16;16;48;2;0;0;0m▀[38;2;99;66;107;48;2;16;16;16m▀[38;2;99;66;107;48;2;16;16;16m▀[38;2;99;66;107;48;2;16;16;16m▀[38;2;123;49;8;48;2;99;66;107m▀[38;2;123;49;8;48;2;189;99;197m▀[38;2;123;49;8;48;2;189;99;197m▀[38;2;123;49;8;48;2;189;99;197m▀[38;2;123;49;8;48;2;189;99;197m▀[38;2;99;66;107;48;2;189;99;197m▀[38;2;189;99;197;48;2;189;99;197m▀[38;2;189;99;197;48;2;99;66;107m▀[38;2;189;99;197;48;2;16;16;16m▀[38;2;16;16;16;48;2;205;123;41m▀[38;2;16;16;16;48;2;205;123;41m▀[38;2;98;41;0;48;2;99;66;107m▀[38;2;99;66;107;48;2;189;99;197m▀[38;2;99;66;107;48;2;189;99;197m▀[38;2;99;66;107;48;2;189;99;197m▀[38;2;255;255;255;48;2;99;66;107m▀[38;2;189;106;0;48;2;205;197;197m▀[38;2;189;106;0;48;2;205;197;197m▀[38;2;189;106;0;48;2;213;148;82m▀[38;2;189;106;0;48;2;189;106;0m▀[38;2;98;41;0;48;2;98;41;0m▀[38;2;98;41;0;48;2;213;148;82m▀[38;2;213;148;82;48;2;213;148;82m▀[38;2;213;148;82;48;2;213;148;82m▀[38;2;98;41;0;48;2;98;41;0m▀[38;2;0;0;0;48;2;0;0;0m▀[38;2;0;0;0m▄[38;2;0;0;0m▄[38;2;0;0;0;48;2;99;66;107m▀[38;2;0;0;0;48;2;99;66;107m▀[38;2;0;0;0;48;2;99;66;107m▀[38;2;0;0;0;48;2;99;66;107m▀[38;2;0;0;0;48;2;99;66;107m▀[38;2;0;0;0;48;2;99;66;107m▀[38;2;0;0;0m▄[38;2;0;0;0m▄[0m [0m [0m
[38;2;0;0;0;48;2;99;66;107m▀[38;2;16;16;16;48;2;99;66;107m▀[38;2;230;156;214;48;2;189;99;197m▀[38;2;230;156;214;48;2;189;99;197m▀[38;2;189;99;197;48;2;189;99;197m▀[38;2;189;99;197;48;2;189;99;197m▀[38;2;99;66;107;48;2;189;99;197m▀[38;2;99;66;107;48;2;189;99;197m▀[38;2;99;66;107;48;2;189;99;197m▀[38;2;99;66;107;48;2;189;99;197m▀[38;2;99;66;107;48;2;189;99;197m▀[38;2;16;16;16;48;2;123;49;8m▀[38;2;16;16;16;48;2;230;172;90m▀[38;2;16;16;16;48;2;230;172;90m▀[38;2;16;16;16;48;2;230;172;90m▀[38;2;16;16;16;48;2;230;172;90m▀[38;2;16;16;16;48;2;230;172;90m▀[38;2;99;66;107;48;2;230;172;90m▀[38;2;205;123;41;48;2;16;16;16m▀[38;2;205;123;41;48;2;16;16;16m▀[38;2;16;16;16;48;2;189;99;197m▀[38;2;16;16;16;48;2;189;99;197m▀[38;2;189;99;197;48;2;189;99;197m▀[38;2;189;99;197;48;2;189;99;197m▀[38;2;189;99;197;48;2;189;99;197m▀[38;2;189;99;197;48;2;189;99;197m▀[38;2;189;99;197;48;2;189;99;197m▀[38;2;99;66;107;48;2;16;16;16m▀[38;2;99;66;107;48;2;16;16;16m▀[38;2;189;106;0;48;2;205;197;197m▀[38;2;189;106;0;48;2;189;106;0m▀[38;2;98;41;0;48;2;189;106;0m▀[38;2;189;106;0;48;2;16;16;16m▀[38;2;16;16;16;48;2;98;41;0m▀[38;2;16;16;16;48;2;98;41;0m▀[38;2;0;0;0;48;2;0;0;0m▀[38;2;0;0;0;48;2;99;66;107m▀[38;2;99;66;107;48;2;189;99;197m▀[38;2;189;99;197;48;2;189;99;197m▀[38;2;189;99;197;48;2;230;156;214m▀[38;2;189;99;197;48;2;230;156;214m▀[38;2;230;156;214;48;2;230;156;214m▀[38;2;230;156;214;48;2;230;156;214m▀[38;2;230;156;214;48;2;230;156;214m▀[38;2;189;99;197;48;2;230;156;214m▀[38;2;99;66;107;48;2;189;99;197m▀[38;2;99;66;107;48;2;189;99;197m▀[38;2;0;0;0;48;2;99;66;107m▀[38;2;0;0;0m▄[0m
[38;2;16;16;16;48;2;16;16;16m▀[38;2;189;99;197;48;2;189;99;197m▀[38;2;99;66;107;48;2;99;66;107m▀[38;2;99;66;107;48;2;99;66;107m▀[38;2;16;16;16;48;2;16;16;16m▀[38;2;189;99;197;48;2;189;99;197m▀[38;2;189;99;197;48;2;189;99;197m▀[38;2;99;66;107;48;2;99;66;107m▀[38;2;189;99;197;48;2;189;99;197m▀[38;2;189;99;197;48;2;189;99;197m▀[38;2;189;99;197;48;2;189;99;197m▀[38;2;205;123;41;48;2;205;123;41m▀[38;2;205;123;41;48;2;205;123;41m▀[38;2;230;172;90;48;2;230;172;90m▀[38;2;230;172;90;48;2;230;172;90m▀[38;2;230;172;90;48;2;230;172;90m▀[38;2;230;172;90;48;2;230;172;90m▀[38;2;230;172;90;48;2;230;172;90m▀[38;2;16;16;16;48;2;16;16;16m▀[38;2;230;156;214;48;2;230;156;214m▀[38;2;189;99;197;48;2;189;99;197m▀[38;2;189;99;197;48;2;189;99;197m▀[38;2;99;66;107;48;2;99;66;107m▀[38;2;99;66;107;48;2;99;66;107m▀[38;2;189;99;197;48;2;189;99;197m▀[38;2;99;66;107;48;2;99;66;107m▀[38;2;99;66;107;48;2;99;66;107m▀[38;2;16;16;16;48;2;16;16;16m▀[38;2;16;16;16;48;2;16;16;16m▀[38;2;205;197;197;48;2;205;197;197m▀[38;2;189;106;0;48;2;189;106;0m▀[38;2;189;106;0;48;2;189;106;0m▀[38;2;16;16;16;48;2;16;16;16m▀[38;2;0;0;0;48;2;0;0;0m▀[38;2;0;0;0;48;2;0;0;0m▀[38;2;0;0;0;48;2;0;0;0m▀[38;2;99;66;107;48;2;99;66;107m▀[38;2;189;99;197;48;2;189;99;197m▀[38;2;230;156;214;48;2;230;156;214m▀[38;2;230;156;214;48;2;230;156;214m▀[38;2;230;156;214;48;2;230;156;214m▀[38;2;230;156;214;48;2;230;156;214m▀[38;2;230;156;214;48;2;230;156;214m▀[38;2;230;156;214;48;2;230;156;214m▀[38;2;230;156;214;48;2;230;156;214m▀[38;2;230;156;214;48;2;230;156;214m▀[38;2;230;156;214;48;2;230;156;214m▀[38;2;99;66;107;48;2;99;66;107m▀[38;2;0;0;0;48;2;0;0;0m▀[0m
[38;2;0;0;0m▀[38;2;16;16;16;48;2;0;0;0m▀[38;2;99;66;107;48;2;0;0;0m▀[38;2;99;66;107;48;2;0;0;0m▀[38;2;230;156;214;48;2;16;16;16m▀[38;2;189;99;197;48;2;16;16;16m▀[38;2;99;66;107;48;2;189;99;197m▀[38;2;99;66;107;48;2;189;99;197m▀[38;2;99;66;107;48;2;99;66;107m▀[38;2;99;66;107;48;2;99;66;107m▀[38;2;123;49;8;48;2;123;49;8m▀[38;2;255;213;106;48;2;255;213;106m▀[38;2;230;172;90;48;2;255;213;106m▀[38;2;205;123;41;48;2;255;213;106m▀[38;2;205;123;41;48;2;255;213;106m▀[38;2;205;123;41;48;2;255;213;106m▀[38;2;230;172;90;48;2;205;123;41m▀[38;2;205;123;41;48;2;16;16;16m▀[38;2;99;66;107;48;2;230;156;214m▀[38;2;189;99;197;48;2;189;99;197m▀[38;2;189;99;197;48;2;189;99;197m▀[38;2;189;99;197;48;2;189;99;197m▀[38;2;230;156;214;48;2;189;99;197m▀[38;2;16;16;16;48;2;189;99;197m▀[38;2;189;99;197;48;2;189;99;197m▀[38;2;99;66;107;48;2;16;16;16m▀[38;2;16;16;16;48;2;189;106;0m▀[38;2;205;197;197;48;2;205;197;197m▀[38;2;205;197;197;48;2;205;197;197m▀[38;2;205;197;197;48;2;205;197;197m▀[38;2;98;41;0;48;2;98;41;0m▀[38;2;189;106;0;48;2;189;106;0m▀[38;2;189;106;0;48;2;98;41;0m▀[38;2;98;41;0;48;2;98;41;0m▀[38;2;98;41;0;48;2;98;41;0m▀[38;2;99;66;107;48;2;99;66;107m▀[38;2;189;99;197;48;2;189;99;197m▀[38;2;189;99;197;48;2;189;99;197m▀[38;2;189;99;197;48;2;189;99;197m▀[38;2;230;156;214;48;2;189;99;197m▀[38;2;230;156;214;48;2;189;99;197m▀[38;2;230;156;214;48;2;99;66;107m▀[38;2;99;66;107;48;2;230;156;214m▀[38;2;99;66;107;48;2;230;156;214m▀[38;2;230;156;214;48;2;99;66;107m▀[38;2;230;156;214;48;2;230;156;214m▀[38;2;230;156;214;48;2;230;156;214m▀[38;2;189;99;197;48;2;189;99;197m▀[38;2;16;16;16;48;2;16;16;16m▀[0m
[0m [0m [0m [0m [38;2;0;0;0m▀[38;2;0;0;0m▀[38;2;99;66;107;48;2;0;0;0m▀[38;2;16;16;16;48;2;0;0;0m▀[38;2;16;16;16;48;2;0;0;0m▀[38;2;16;16;16;48;2;0;0;0m▀[38;2;16;16;16;48;2;16;16;16m▀[38;2;205;123;41;48;2;255;213;106m▀[38;2;255;213;106;48;2;205;123;41m▀[38;2;255;213;106;48;2;255;213;106m▀[38;2;255;213;106;48;2;255;213;106m▀[38;2;255;213;106;48;2;255;213;106m▀[38;2;205;123;41;48;2;230;172;90m▀[38;2;16;16;16;48;2;255;213;106m▀[38;2;99;66;107;48;2;255;213;106m▀[38;2;189;99;197;48;2;16;16;16m▀[38;2;189;99;197;48;2;16;16;16m▀[38;2;189;99;197;48;2;16;16;16m▀[38;2;189;99;197;48;2;16;16;16m▀[38;2;99;66;107;48;2;205;123;41m▀[38;2;16;16;16;48;2;230;172;90m▀[38;2;230;172;90;48;2;230;172;90m▀[38;2;98;41;0;48;2;230;172;90m▀[38;2;205;197;197;48;2;189;106;0m▀[38;2;205;197;197;48;2;189;106;0m▀[38;2;205;197;197;48;2;205;197;197m▀[38;2;205;197;197;48;2;205;197;197m▀[38;2;189;106;0;48;2;98;41;0m▀[38;2;98;41;0;48;2;189;106;0m▀[38;2;213;148;82;48;2;213;148;82m▀[38;2;213;148;82;48;2;213;148;82m▀[38;2;98;41;0;48;2;213;148;82m▀[38;2;98;41;0;48;2;213;148;82m▀[38;2;189;99;197;48;2;98;41;0m▀[38;2;189;99;197;48;2;189;99;197m▀[38;2;99;66;107;48;2;16;16;16m▀[38;2;99;66;107;48;2;16;16;16m▀[38;2;189;99;197;48;2;189;99;197m▀[38;2;230;156;214;48;2;189;99;197m▀[38;2;230;156;214;48;2;189;99;197m▀[38;2;230;156;214;48;2;189;99;197m▀[38;2;189;99;197;48;2;189;99;197m▀[38;2;189;99;197;48;2;189;99;197m▀[38;2;189;99;197;48;2;16;16;16m▀[38;2;16;16;16;48;2;0;0;0m▀[0m
[0m [0m [0m [0m [0m [0m [0m [0m [0m [38;2;0;0;0;48;2;0;0;0m▀[38;2;16;16;16;48;2;16;16;16m▀[38;2;255;213;106;48;2;255;213;106m▀[38;2;230;172;90;48;2;230;172;90m▀[38;2;205;123;41;48;2;205;123;41m▀[38;2;205;123;41;48;2;205;123;41m▀[38;2;205;123;41;48;2;205;123;41m▀[38;2;205;123;41;48;2;205;123;41m▀[38;2;230;172;90;48;2;230;172;90m▀[38;2;205;123;41;48;2;205;123;41m▀[38;2;205;123;41;48;2;205;123;41m▀[38;2;230;172;90;48;2;230;172;90m▀[38;2;230;172;90;48;2;230;172;90m▀[38;2;255;213;106;48;2;255;213;106m▀[38;2;255;213;106;48;2;255;213;106m▀[38;2;123;49;8;48;2;123;49;8m▀[38;2;230;172;90;48;2;230;172;90m▀[38;2;230;172;90;48;2;230;172;90m▀[38;2;98;41;0;48;2;98;41;0m▀[38;2;98;41;0;48;2;98;41;0m▀[38;2;205;197;197;48;2;205;197;197m▀[38;2;205;197;197;48;2;205;197;197m▀[38;2;98;41;0;48;2;98;41;0m▀[38;2;98;41;0;48;2;98;41;0m▀[38;2;189;106;0;48;2;189;106;0m▀[38;2;189;106;0;48;2;189;106;0m▀[38;2;16;16;16;48;2;16;16;16m▀[38;2;16;16;16;48;2;16;16;16m▀[38;2;98;41;0;48;2;98;41;0m▀[38;2;189;99;197;48;2;189;99;197m▀[38;2;16;16;16;48;2;16;16;16m▀[38;2;16;16;16;48;2;16;16;16m▀[38;2;189;99;197;48;2;189;99;197m▀[38;2;189;99;197;48;2;189;99;197m▀[38;2;189;99;197;48;2;189;99;197m▀[38;2;189;99;197;48;2;189;99;197m▀[38;2;189;99;197;48;2;189;99;197m▀[38;2;189;99;197;48;2;189;99;197m▀[38;2;16;16;16;48;2;16;16;16m▀[38;2;0;0;0;48;2;0;0;0m▀[0m
[0m [0m [0m [0m [0m [0m [0m [38;2;0;0;0m▄[38;2;0;0;0;48;2;99;66;107m▀[38;2;0;0;0;48;2;99;66;107m▀[38;2;123;49;8;48;2;230;156;214m▀[38;2;255;213;106;48;2;205;123;41m▀[38;2;205;123;41;48;2;230;172;90m▀[38;2;255;213;106;48;2;255;213;106m▀[38;2;255;213;106;48;2;255;213;106m▀[38;2;255;213;106;48;2;255;213;106m▀[38;2;255;213;106;48;2;255;213;106m▀[38;2;230;172;90;48;2;205;123;41m▀[38;2;255;213;106;48;2;255;213;106m▀[38;2;255;213;106;48;2;255;213;106m▀[38;2;255;213;106;48;2;255;213;106m▀[38;2;255;213;106;48;2;255;213;106m▀[38;2;255;213;106;48;2;230;172;90m▀[38;2;255;213;106;48;2;230;172;90m▀[38;2;230;172;90;48;2;230;172;90m▀[38;2;123;49;8;48;2;205;123;41m▀[38;2;230;172;90;48;2;99;66;107m▀[38;2;230;172;90;48;2;16;16;16m▀[38;2;230;172;90;48;2;16;16;16m▀[38;2;189;106;0;48;2;16;16;16m▀[38;2;205;197;197;48;2;205;197;197m▀[38;2;205;197;197;48;2;205;197;197m▀[38;2;98;41;0;48;2;189;106;0m▀[38;2;16;16;16;48;2;16;16;16m▀[38;2;16;16;16;48;2;16;16;16m▀[38;2;189;99;197;48;2;189;99;197m▀[38;2;189;99;197;48;2;189;99;197m▀[38;2;189;99;197;48;2;189;99;197m▀[38;2;189;99;197;48;2;189;99;197m▀[38;2;189;99;197;48;2;189;99;197m▀[38;2;189;99;197;48;2;189;99;197m▀[38;2;16;16;16;48;2;189;99;197m▀[38;2;189;99;197;48;2;16;16;16m▀[38;2;189;99;197;48;2;16;16;16m▀[38;2;189;99;197;48;2;16;16;16m▀[38;2;16;16;16;48;2;0;0;0m▀[38;2;16;16;16;48;2;0;0;0m▀[38;2;0;0;0m▀[0m [0m
[0m [0m [0m [0m [0m [0m [38;2;0;0;0;48;2;0;0;0m▀[38;2;99;66;107;48;2;99;66;107m▀[38;2;239;189;239;48;2;230;156;214m▀[38;2;239;189;239;48;2;230;156;214m▀[38;2;230;156;214;48;2;230;156;214m▀[38;2;123;49;8;48;2;189;99;197m▀[38;2;230;172;90;48;2;123;49;8m▀[38;2;230;172;90;48;2;230;172;90m▀[38;2;230;172;90;48;2;230;172;90m▀[38;2;230;172;90;48;2;230;172;90m▀[38;2;230;172;90;48;2;123;49;8m▀[38;2;123;49;8;48;2;230;172;90m▀[38;2;205;123;41;48;2;230;172;90m▀[38;2;230;172;90;48;2;123;49;8m▀[38;2;230;172;90;48;2;205;123;41m▀[38;2;230;172;90;48;2;205;123;41m▀[38;2;230;172;90;48;2;230;172;90m▀[38;2;230;172;90;48;2;230;172;90m▀[38;2;230;172;90;48;2;99;66;107m▀[38;2;99;66;107;48;2;239;189;239m▀[38;2;230;156;214;48;2;239;189;239m▀[38;2;230;156;214;48;2;230;156;214m▀[38;2;230;156;214;48;2;230;156;214m▀[38;2;189;99;197;48;2;230;156;214m▀[38;2;16;16;16;48;2;189;99;197m▀[38;2;205;197;197;48;2;16;16;16m▀[38;2;16;16;16;48;2;189;99;197m▀[38;2;189;99;197;48;2;189;99;197m▀[38;2;189;99;197;48;2;189;99;197m▀[38;2;189;99;197;48;2;189;99;197m▀[38;2;189;99;197;48;2;16;16;16m▀[38;2;189;99;197;48;2;16;16;16m▀[38;2;189;99;197;48;2;16;16;16m▀[38;2;16;16;16;48;2;0;0;0m▀[38;2;16;16;16;48;2;0;0;0m▀[38;2;16;16;16;48;2;0;0;0m▀[38;2;16;16;16;48;2;0;0;0m▀[38;2;0;0;0m▀[38;2;0;0;0m▀[0m [0m [0m [0m [0m
[0m [0m [0m [0m [0m [38;2;0;0;0;48;2;0;0;0m▀[38;2;16;16;16;48;2;16;16;16m▀[38;2;189;99;197;48;2;189;99;197m▀[38;2;230;156;214;48;2;230;156;214m▀[38;2;230;156;214;48;2;230;156;214m▀[38;2;230;156;214;48;2;230;156;214m▀[38;2;189;99;197;48;2;189;99;197m▀[38;2;189;99;197;48;2;189;99;197m▀[38;2;16;16;16;48;2;16;16;16m▀[38;2;123;49;8;48;2;123;49;8m▀[38;2;123;49;8;48;2;123;49;8m▀[38;2;230;172;90;48;2;230;172;90m▀[38;2;230;172;90;48;2;230;172;90m▀[38;2;230;172;90;48;2;230;172;90m▀[38;2;230;172;90;48;2;230;172;90m▀[38;2;230;172;90;48;2;230;172;90m▀[38;2;230;172;90;48;2;230;172;90m▀[38;2;123;49;8;48;2;123;49;8m▀[38;2;99;66;107;48;2;99;66;107m▀[38;2;230;156;214;48;2;230;156;214m▀[38;2;239;189;239;48;2;239;189;239m▀[38;2;239;189;239;48;2;239;189;239m▀[38;2;230;156;214;48;2;230;156;214m▀[38;2;230;156;214;48;2;230;156;214m▀[38;2;230;156;214;48;2;230;156;214m▀[38;2;189;99;197;48;2;189;99;197m▀[38;2;99;66;107;48;2;99;66;107m▀[38;2;16;16;16;48;2;16;16;16m▀[38;2;16;16;16;48;2;16;16;16m▀[38;2;16;16;16;48;2;16;16;16m▀[38;2;16;16;16;48;2;16;16;16m▀[38;2;0;0;0;48;2;0;0;0m▀[38;2;0;0;0m▀[38;2;0;0;0m▀[0m [0m [0m [0m [0m [0m [0m [0m [0m [0m [0m
[0m [0m [0m [0m [0m [38;2;0;0;0m▀[38;2;16;16;16;48;2;0;0;0m▀[38;2;189;99;197;48;2;99;66;107m▀[38;2;189;99;197;48;2;189;99;197m▀[38;2;189;99;197;48;2;189;99;197m▀[38;2;189;99;197;48;2;189;99;197m▀[38;2;189;99;197;48;2;99;66;107m▀[38;2;99;66;107;48;2;99;66;107m▀[38;2;189;99;197;48;2;189;99;197m▀[38;2;16;16;16;48;2;189;99;197m▀[38;2;16;16;16;48;2;189;99;197m▀[38;2;16;16;16;48;2;189;99;197m▀[38;2;205;123;41;48;2;16;16;16m▀[38;2;230;172;90;48;2;16;16;16m▀[38;2;230;172;90;48;2;16;16;16m▀[38;2;230;172;90;48;2;16;16;16m▀[38;2;230;172;90;48;2;16;16;16m▀[38;2;230;172;90;48;2;16;16;16m▀[38;2;16;16;16;48;2;16;16;16m▀[38;2;230;156;214;48;2;99;66;107m▀[38;2;230;156;214;48;2;230;156;214m▀[38;2;230;156;214;48;2;230;156;214m▀[38;2;230;156;214;48;2;230;156;214m▀[38;2;230;156;214;48;2;230;156;214m▀[38;2;230;156;214;48;2;189;99;197m▀[38;2;189;99;197;48;2;189;99;197m▀[38;2;189;99;197;48;2;99;66;107m▀[38;2;16;16;16;48;2;16;16;16m▀[38;2;0;0;0;48;2;0;0;0m▀[38;2;0;0;0m▀[38;2;0;0;0m▀[0m [0m [0m [0m [0m [0m [0m [0m [0m [0m [0m [0m [0m [0m
[0m [0m [0m [0m [0m [38;2;0;0;0m▄[38;2;0;0;0;48;2;99;66;107m▀[38;2;16;16;16;48;2;230;156;214m▀[38;2;99;66;107;48;2;189;99;197m▀[38;2;99;66;107;48;2;189;99;197m▀[38;2;189;99;197;48;2;189;99;197m▀[38;2;99;66;107;48;2;189;99;197m▀[38;2;99;66;107;48;2;189;99;197m▀[38;2;189;99;197;48;2;189;99;197m▀[38;2;16;16;16;48;2;16;16;16m▀[38;2;16;16;16;48;2;16;16;16m▀[38;2;16;16;16;48;2;0;0;0m▀[38;2;0;0;0m▀[38;2;0;0;0m▀[38;2;0;0;0m▀[38;2;0;0;0m▀[38;2;0;0;0m▀[38;2;0;0;0m▀[38;2;0;0;0m▀[38;2;16;16;16;48;2;0;0;0m▀[38;2;189;99;197;48;2;99;66;107m▀[38;2;189;99;197;48;2;189;99;197m▀[38;2;189;99;197;48;2;189;99;197m▀[38;2;189;99;197;48;2;189;99;197m▀[38;2;189;99;197;48;2;189;99;197m▀[38;2;99;66;107;48;2;99;66;107m▀[38;2;99;66;107;48;2;189;99;197m▀[38;2;16;16;16;48;2;99;66;107m▀[38;2;0;0;0;48;2;0;0;0m▀[38;2;0;0;0m▄[0m [0m [0m [0m [0m [0m [0m [0m [0m [0m [0m [0m [0m [0m [0m
[0m [0m [0m [0m [0m [38;2;0;0;0;48;2;0;0;0m▀[38;2;16;16;16;48;2;16;16;16m▀[38;2;16;16;16;48;2;16;16;16m▀[38;2;230;156;214;48;2;230;156;214m▀[38;2;230;156;214;48;2;230;156;214m▀[38;2;230;156;214;48;2;230;156;214m▀[38;2;189;99;197;48;2;189;99;197m▀[38;2;16;16;16;48;2;16;16;16m▀[38;2;16;16;16;48;2;16;16;16m▀[38;2;0;0;0;48;2;0;0;0m▀[38;2;0;0;0m▀[0m [0m [0m [0m [0m [0m [0m [0m [38;2;0;0;0;48;2;0;0;0m▀[38;2;16;16;16;48;2;16;16;16m▀[38;2;189;99;197;48;2;189;99;197m▀[38;2;189;99;197;48;2;189;99;197m▀[38;2;189;99;197;48;2;189;99;197m▀[38;2;189;99;197;48;2;189;99;197m▀[38;2;189;99;197;48;2;189;99;197m▀[38;2;189;99;197;48;2;189;99;197m▀[38;2;230;156;214;48;2;230;156;214m▀[38;2;16;16;16;48;2;16;16;16m▀[38;2;16;16;16;48;2;16;16;16m▀[38;2;0;0;0;48;2;0;0;0m▀[0m [0m [0m [0m [0m [0m [0m [0m [0m [0m [0m [0m [0m [0m
[0m [0m [0m [0m [0m [0m [38;2;0;0;0m▀[38;2;0;0;0m▀[38;2;16;16;16;48;2;0;0;0m▀[38;2;16;16;16;48;2;0;0;0m▀[38;2;16;16;16;48;2;0;0;0m▀[38;2;16;16;16;48;2;0;0;0m▀[38;2;0;0;0m▀[38;2;0;0;0m▀[0m [0m [0m [0m [0m [0m [0m [0m [0m [0m [0m [38;2;0;0;0m▀[38;2;16;16;16;48;2;0;0;0m▀[38;2;189;99;197;48;2;16;16;16m▀[38;2;189;99;197;48;2;16;16;16m▀[38;2;230;156;214;48;2;16;16;16m▀[38;2;99;66;107;48;2;0;0;0m▀[38;2;230;156;214;48;2;16;16;16m▀[38;2;16;16;16;48;2;16;16;16m▀[38;2;16;16;16;48;2;0;0;0m▀[38;2;16;16;16;48;2;0;0;0m▀[38;2;0;0;0m▀[0m [0m [0m [0m [0m [0m [0m [0m [0m [0m [0m [0m [0m [0m
