[0m [0m [0m [0m [0m [0m [0m [0m [0m [0m [0m [38;2;0;0;0m▄[38;2;0;0;0;48;2;58;49;49m▀[38;2;58;49;49;48;2;214;247;222m▀[38;2;58;49;49;48;2;58;49;49m▀[38;2;0;0;0;48;2;0;0;0m▀[0m [0m [0m [0m [0m [0m [0m [0m [0m [0m [0m [0m [0m [0m [0m [0m [0m [0m [0m [0m [0m [0m [0m [0m [0m [0m [0m [0m [0m [0m [0m
[0m [0m [0m [0m [0m [0m [0m [0m [0m [38;2;0;0;0m▄[38;2;0;0;0;48;2;0;0;0m▀[38;2;58;49;49;48;2;58;49;49m▀[38;2;214;247;222;48;2;214;247;222m▀[38;2;214;247;222;48;2;214;247;222m▀[38;2;58;49;49;48;2;58;49;49m▀[38;2;0;0;0;48;2;0;0;0m▀[0m [0m [0m [0m [0m [0m [0m [0m [0m [0m [0m [0m [0m [0m [0m [0m [0m [0m [0m [0m [0m [0m [0m [0m [0m [0m [0m [0m [0m [0m [0m
[0m [0m [0m [0m [0m [0m [0m [38;2;0;0;0m▄[38;2;0;0;0;48;2;16;16;16m▀[38;2;16;16;16;48;2;214;247;222m▀[38;2;16;16;16;48;2;214;247;222m▀[38;2;214;247;222;48;2;214;247;222m▀[38;2;214;247;222;48;2;214;247;222m▀[38;2;214;247;222;48;2;214;247;222m▀[38;2;58;49;49;48;2;58;49;49m▀[38;2;0;0;0;48;2;0;0;0m▀[0m [0m [0m [0m [0m [0m [0m [0m [0m [0m [0m [0m [0m [0m [0m [0m [0m [0m [0m [0m [0m [0m [0m [0m [0m [0m [0m [0m [0m [0m [0m
[0m [0m [0m [0m [0m [0m [38;2;0;0;0;48;2;0;0;0m▀[38;2;16;16;16;48;2;17;57;74m▀[38;2;181;214;189;48;2;41;132;173m▀[38;2;214;247;222;48;2;28;91;119m▀[38;2;214;247;222;48;2;28;91;119m▀[38;2;214;247;222;48;2;214;247;222m▀[38;2;214;247;222;48;2;214;247;222m▀[38;2;214;247;222;48;2;16;16;16m▀[38;2;16;16;16;48;2;0;0;0m▀[38;2;0;0;0m▀[0m [0m [0m [0m [0m [0m [0m [0m [0m [0m [0m [0m [0m [0m [0m [0m [0m [0m [0m [0m [0m [0m [0m [0m [0m [0m [0m [0m [0m [0m [0m
[0m [0m [0m [0m [0m [38;2;0;0;0;48;2;0;0;0m▀[38;2;16;16;16;48;2;16;16;16m▀[38;2;41;132;173;48;2;41;132;173m▀[38;2;41;132;173;48;2;41;132;173m▀[38;2;41;132;173;48;2;41;132;173m▀[38;2;41;132;173;48;2;41;132;173m▀[38;2;41;132;173;48;2;41;132;173m▀[38;2;214;247;222;48;2;214;247;222m▀[38;2;16;16;16;48;2;16;16;16m▀[38;2;0;0;0;48;2;0;0;0m▀[0m [0m [0m [0m [0m [0m [0m [0m [0m [0m [0m [0m [0m [0m [0m [0m [0m [0m [0m [0m [0m [0m [0m [0m [0m [0m [0m [0m [0m [0m [0m [0m
[0m [0m [0m [0m [0m [38;2;0;0;0;48;2;0;0;0m▀[38;2;16;16;16;48;2;16;16;16m▀[38;2;181;214;189;48;2;181;214;189m▀[38;2;181;214;189;48;2;181;214;189m▀[38;2;41;132;173;48;2;181;214;189m▀[38;2;41;132;173;48;2;181;214;189m▀[38;2;41;132;173;48;2;28;91;119m▀[38;2;17;57;74;48;2;16;16;16m▀[38;2;16;16;16;48;2;0;0;0m▀[38;2;0;0;0m▀[0m [0m [0m [0m [0m [0m [0m [38;2;0;0;0m▄[38;2;0;0;0m▄[38;2;0;0;0m▄[38;2;0;0;0m▄[38;2;0;0;0;48;2;58;49;49m▀[38;2;0;0;0;48;2;16;16;16m▀[38;2;0;0;0;48;2;16;16;16m▀[38;2;0;0;0;48;2;16;16;16m▀[38;2;0;0;0;48;2;16;16;16m▀[38;2;0;0;0;48;2;16;16;16m▀[38;2;0;0;0;48;2;16;16;16m▀[38;2;0;0;0m▄[0m [0m [0m [0m [0m [0m [0m [0m [0m [0m [0m [0m [0m
[0m [0m [0m [0m [38;2;0;0;0;48;2;0;0;0m▀[38;2;16;16;16;48;2;16;16;16m▀[38;2;181;214;189;48;2;181;214;189m▀[38;2;181;214;189;48;2;140;181;165m▀[38;2;181;214;189;48;2;140;181;165m▀[38;2;140;181;165;48;2;140;181;165m▀[38;2;140;181;165;48;2;140;181;165m▀[38;2;140;181;165;48;2;16;16;16m▀[38;2;16;16;16;48;2;0;0;0m▀[38;2;0;0;0m▀[0m [0m [0m [0m [0m [38;2;0;0;0m▄[38;2;0;0;0;48;2;100;10;0m▀[38;2;0;0;0;48;2;100;10;0m▀[38;2;16;16;16;48;2;239;25;0m▀[38;2;16;16;16;48;2;239;25;0m▀[38;2;16;16;16;48;2;239;25;0m▀[38;2;58;49;49;48;2;239;25;0m▀[38;2;214;247;222;48;2;214;247;222m▀[38;2;214;247;222;48;2;214;247;222m▀[38;2;214;247;222;48;2;214;247;222m▀[38;2;214;247;222;48;2;181;214;189m▀[38;2;214;247;222;48;2;181;214;189m▀[38;2;214;247;222;48;2;58;49;49m▀[38;2;58;49;49;48;2;0;0;0m▀[38;2;0;0;0m▀[0m [0m [0m [0m [0m [0m [0m [0m [0m [0m [0m [0m [0m
[0m [0m [0m [0m [38;2;0;0;0;48;2;0;0;0m▀[38;2;16;16;16;48;2;16;16;16m▀[38;2;140;181;165;48;2;140;181;165m▀[38;2;140;181;165;48;2;140;181;165m▀[38;2;140;181;165;48;2;140;181;165m▀[38;2;16;16;16;48;2;16;16;16m▀[38;2;16;16;16;48;2;16;16;16m▀[38;2;0;0;0;48;2;0;0;0m▀[38;2;0;0;0m▄[0m [0m [0m [0m [0m [38;2;0;0;0;48;2;0;0;0m▀[38;2;16;16;16;48;2;16;16;16m▀[38;2;181;214;189;48;2;181;214;189m▀[38;2;181;214;189;48;2;181;214;189m▀[38;2;214;247;222;48;2;214;247;222m▀[38;2;214;247;222;48;2;214;247;222m▀[38;2;239;25;0;48;2;239;25;0m▀[38;2;239;25;0;48;2;239;25;0m▀[38;2;155;16;0;48;2;155;16;0m▀[38;2;181;214;189;48;2;181;214;189m▀[38;2;181;214;189;48;2;181;214;189m▀[38;2;16;16;16;48;2;16;16;16m▀[38;2;16;16;16;48;2;16;16;16m▀[38;2;0;0;0;48;2;0;0;0m▀[0m [0m [0m [0m [0m [0m [0m [0m [0m [0m [0m [0m [0m [0m [0m
[0m [0m [0m [0m [38;2;0;0;0;48;2;0;0;0m▀[38;2;16;16;16;48;2;16;16;16m▀[38;2;140;181;165;48;2;16;16;16m▀[38;2;140;181;165;48;2;214;247;222m▀[38;2;16;16;16;48;2;214;247;222m▀[38;2;16;16;16;48;2;214;247;222m▀[38;2;16;16;16;48;2;214;247;222m▀[38;2;16;16;16;48;2;214;247;222m▀[38;2;16;16;16;48;2;214;247;222m▀[38;2;0;0;0;48;2;58;49;49m▀[38;2;0;0;0;48;2;16;16;16m▀[38;2;0;0;0m▄[38;2;0;0;0m▄[38;2;0;0;0;48;2;16;16;16m▀[38;2;16;16;16;48;2;140;181;165m▀[38;2;181;214;189;48;2;140;181;165m▀[38;2;181;214;189;48;2;181;214;189m▀[38;2;181;214;189;48;2;181;214;189m▀[38;2;181;214;189;48;2;181;214;189m▀[38;2;181;214;189;48;2;181;214;189m▀[38;2;155;16;0;48;2;181;214;189m▀[38;2;155;16;0;48;2;155;16;0m▀[38;2;155;16;0;48;2;155;16;0m▀[38;2;181;214;189;48;2;16;16;16m▀[38;2;16;16;16;48;2;0;0;0m▀[38;2;0;0;0m▀[38;2;0;0;0m▀[0m [0m [0m [0m [0m [0m [0m [0m [0m [0m [0m [0m [0m [0m [0m [0m
[0m [38;2;0;0;0m▄[38;2;0;0;0;48;2;58;49;49m▀[38;2;0;0;0;48;2;58;49;49m▀[38;2;58;49;49;48;2;140;181;165m▀[38;2;90;132;99;48;2;214;214;214m▀[38;2;140;181;165;48;2;255;255;255m▀[38;2;140;181;165;48;2;255;255;255m▀[38;2;140;181;165;48;2;255;255;255m▀[38;2;140;181;165;48;2;214;214;214m▀[38;2;140;181;165;48;2;214;214;214m▀[38;2;214;247;222;48;2;90;132;99m▀[38;2;214;247;222;48;2;214;247;222m▀[38;2;214;247;222;48;2;214;247;222m▀[38;2;214;247;222;48;2;181;214;189m▀[38;2;16;16;16;48;2;140;181;165m▀[38;2;16;16;16;48;2;140;181;165m▀[38;2;140;181;165;48;2;140;181;165m▀[38;2;140;181;165;48;2;140;181;165m▀[38;2;140;181;165;48;2;140;181;165m▀[38;2;140;181;165;48;2;140;181;165m▀[38;2;140;181;165;48;2;140;181;165m▀[38;2;181;214;189;48;2;140;181;165m▀[38;2;181;214;189;48;2;140;181;165m▀[38;2;181;214;189;48;2;16;16;16m▀[38;2;155;16;0;48;2;16;16;16m▀[38;2;16;16;16;48;2;0;0;0m▀[38;2;0;0;0m▀[0m [0m [0m [0m [0m [0m [0m [0m [0m [0m [0m [0m [0m [0m [0m [0m [0m [0m [0m
[0m [38;2;0;0;0;48;2;0;0;0m▀[38;2;90;132;99;48;2;90;132;99m▀[38;2;90;132;99;48;2;90;132;99m▀[38;2;214;214;214;48;2;214;214;214m▀[38;2;255;255;255;48;2;255;255;255m▀[38;2;255;255;255;48;2;255;255;255m▀[38;2;255;255;255;48;2;255;255;255m▀[38;2;255;255;255;48;2;255;255;255m▀[38;2;255;255;255;48;2;255;255;255m▀[38;2;255;255;255;48;2;255;255;255m▀[38;2;214;214;214;48;2;214;214;214m▀[38;2;140;181;165;48;2;140;181;165m▀[38;2;214;247;222;48;2;214;247;222m▀[38;2;140;181;165;48;2;140;181;165m▀[38;2;140;181;165;48;2;140;181;165m▀[38;2;140;181;165;48;2;140;181;165m▀[38;2;140;181;165;48;2;140;181;165m▀[38;2;140;181;165;48;2;140;181;165m▀[38;2;140;181;165;48;2;140;181;165m▀[38;2;16;16;16;48;2;16;16;16m▀[38;2;16;16;16;48;2;16;16;16m▀[38;2;16;16;16;48;2;16;16;16m▀[38;2;16;16;16;48;2;16;16;16m▀[38;2;0;0;0;48;2;0;0;0m▀[38;2;0;0;0m▀[0m [0m [0m [0m [0m [0m [0m [0m [0m [0m [0m [0m [0m [0m [0m [0m [0m [0m [0m [0m [0m
[38;2;0;0;0;48;2;0;0;0m▀[38;2;58;49;49;48;2;58;49;49m▀[38;2;140;181;165;48;2;140;181;165m▀[38;2;140;181;165;48;2;140;181;165m▀[38;2;255;255;255;48;2;255;255;255m▀[38;2;255;255;255;48;2;255;255;255m▀[38;2;255;255;255;48;2;16;16;16m▀[38;2;255;255;255;48;2;255;255;255m▀[38;2;255;255;255;48;2;255;255;255m▀[38;2;255;255;255;48;2;255;255;255m▀[38;2;255;255;255;48;2;255;255;255m▀[38;2;255;255;255;48;2;255;255;255m▀[38;2;90;132;99;48;2;90;132;99m▀[38;2;181;214;189;48;2;181;214;189m▀[38;2;181;214;189;48;2;181;214;189m▀[38;2;16;16;16;48;2;181;214;189m▀[38;2;16;16;16;48;2;181;214;189m▀[38;2;16;16;16;48;2;181;214;189m▀[38;2;16;16;16;48;2;16;16;16m▀[38;2;16;16;16;48;2;0;0;0m▀[38;2;0;0;0m▀[38;2;0;0;0m▀[38;2;0;0;0m▀[38;2;0;0;0m▀[0m [0m [0m [0m [0m [0m [0m [0m [0m [0m [0m [0m [0m [38;2;0;0;0m▄[38;2;0;0;0m▄[38;2;0;0;0;48;2;58;49;49m▀[38;2;0;0;0;48;2;58;49;49m▀[38;2;0;0;0m▄[0m [0m [0m [0m [0m
[38;2;0;0;0;48;2;58;49;49m▀[38;2;58;49;49;48;2;214;247;222m▀[38;2;90;132;99;48;2;140;181;165m▀[38;2;90;132;99;48;2;140;181;165m▀[38;2;255;255;255;48;2;214;214;214m▀[38;2;255;255;255;48;2;255;255;255m▀[38;2;255;255;255;48;2;255;255;255m▀[38;2;255;255;255;48;2;255;255;255m▀[38;2;255;255;255;48;2;255;255;255m▀[38;2;255;255;255;48;2;255;255;255m▀[38;2;255;255;255;48;2;255;255;255m▀[38;2;255;255;255;48;2;214;214;214m▀[38;2;90;132;99;48;2;140;181;165m▀[38;2;181;214;189;48;2;181;214;189m▀[38;2;181;214;189;48;2;181;214;189m▀[38;2;181;214;189;48;2;181;214;189m▀[38;2;181;214;189;48;2;181;214;189m▀[38;2;181;214;189;48;2;181;214;189m▀[38;2;16;16;16;48;2;16;16;16m▀[38;2;0;0;0;48;2;0;0;0m▀[0m [0m [0m [0m [0m [0m [0m [0m [0m [0m [0m [0m [0m [38;2;0;0;0m▄[38;2;0;0;0;48;2;58;49;49m▀[38;2;0;0;0;48;2;58;49;49m▀[38;2;0;0;0;48;2;58;49;49m▀[38;2;58;49;49;48;2;82;74;74m▀[38;2;58;49;49;48;2;41;132;173m▀[38;2;41;132;173;48;2;41;132;173m▀[38;2;41;132;173;48;2;41;132;173m▀[38;2;58;49;49;48;2;16;16;16m▀[38;2;0;0;0;48;2;0;0;0m▀[0m [0m [0m [0m
[38;2;82;74;74;48;2;82;74;74m▀[38;2;181;214;189;48;2;181;214;189m▀[38;2;214;247;222;48;2;214;247;222m▀[38;2;214;247;222;48;2;214;247;222m▀[38;2;90;132;99;48;2;90;132;99m▀[38;2;214;214;214;48;2;214;214;214m▀[38;2;255;255;255;48;2;255;255;255m▀[38;2;255;255;255;48;2;255;255;255m▀[38;2;255;255;255;48;2;255;255;255m▀[38;2;214;214;214;48;2;214;214;214m▀[38;2;214;214;214;48;2;214;214;214m▀[38;2;90;132;99;48;2;90;132;99m▀[38;2;181;214;189;48;2;181;214;189m▀[38;2;181;214;189;48;2;181;214;189m▀[38;2;181;214;189;48;2;181;214;189m▀[38;2;181;214;189;48;2;181;214;189m▀[38;2;181;214;189;48;2;181;214;189m▀[38;2;181;214;189;48;2;181;214;189m▀[38;2;16;16;16;48;2;16;16;16m▀[38;2;0;0;0;48;2;0;0;0m▀[0m [0m [0m [0m [0m [0m [0m [0m [0m [0m [0m [0m [38;2;0;0;0;48;2;0;0;0m▀[38;2;58;49;49;48;2;58;49;49m▀[38;2;82;74;74;48;2;82;74;74m▀[38;2;82;74;74;48;2;82;74;74m▀[38;2;82;74;74;48;2;82;74;74m▀[38;2;82;74;74;48;2;82;74;74m▀[38;2;58;49;49;48;2;58;49;49m▀[38;2;41;132;173;48;2;41;132;173m▀[38;2;16;16;16;48;2;16;16;16m▀[38;2;0;0;0;48;2;0;0;0m▀[38;2;0;0;0m▄[38;2;0;0;0m▄[38;2;0;0;0m▄[0m [0m
[38;2;58;49;49;48;2;0;0;0m▀[38;2;181;214;189;48;2;16;16;16m▀[38;2;181;214;189;48;2;181;214;189m▀[38;2;181;214;189;48;2;181;214;189m▀[38;2;181;214;189;48;2;181;214;189m▀[38;2;140;181;165;48;2;181;214;189m▀[38;2;90;132;99;48;2;181;214;189m▀[38;2;90;132;99;48;2;181;214;189m▀[38;2;90;132;99;48;2;181;214;189m▀[38;2;140;181;165;48;2;181;214;189m▀[38;2;140;181;165;48;2;181;214;189m▀[38;2;181;214;189;48;2;181;214;189m▀[38;2;181;214;189;48;2;181;214;189m▀[38;2;181;214;189;48;2;181;214;189m▀[38;2;181;214;189;48;2;181;214;189m▀[38;2;181;214;189;48;2;140;181;165m▀[38;2;181;214;189;48;2;140;181;165m▀[38;2;58;49;49;48;2;16;16;16m▀[38;2;0;0;0;48;2;0;0;0m▀[0m [0m [0m [0m [0m [0m [0m [0m [0m [0m [0m [38;2;0;0;0m▄[38;2;0;0;0;48;2;58;49;49m▀[38;2;58;49;49;48;2;82;74;74m▀[38;2;82;74;74;48;2;82;74;74m▀[38;2;82;74;74;48;2;58;49;49m▀[38;2;58;49;49;48;2;16;16;16m▀[38;2;58;49;49;48;2;16;16;16m▀[38;2;58;49;49;48;2;16;16;16m▀[38;2;16;16;16;48;2;0;0;0m▀[38;2;16;16;16;48;2;0;0;0m▀[38;2;0;0;0;48;2;58;49;49m▀[38;2;0;0;0;48;2;58;49;49m▀[38;2;58;49;49;48;2;239;25;0m▀[38;2;58;49;49;48;2;239;25;0m▀[38;2;58;49;49;48;2;239;25;0m▀[38;2;0;0;0;48;2;58;49;49m▀[0m
[0m [38;2;0;0;0m▀[38;2;16;16;16;48;2;0;0;0m▀[38;2;16;16;16;48;2;0;0;0m▀[38;2;16;16;16;48;2;0;0;0m▀[38;2;181;214;189;48;2;16;16;16m▀[38;2;181;214;189;48;2;16;16;16m▀[38;2;181;214;189;48;2;16;16;16m▀[38;2;181;214;189;48;2;181;214;189m▀[38;2;181;214;189;48;2;181;214;189m▀[38;2;181;214;189;48;2;181;214;189m▀[38;2;181;214;189;48;2;181;214;189m▀[38;2;181;214;189;48;2;140;181;165m▀[38;2;181;214;189;48;2;140;181;165m▀[38;2;140;181;165;48;2;140;181;165m▀[38;2;140;181;165;48;2;140;181;165m▀[38;2;140;181;165;48;2;140;181;165m▀[38;2;16;16;16;48;2;58;49;49m▀[38;2;0;0;0;48;2;0;0;0m▀[0m [0m [0m [0m [0m [38;2;0;0;0m▄[38;2;0;0;0m▄[38;2;0;0;0m▄[38;2;0;0;0;48;2;16;16;16m▀[38;2;0;0;0;48;2;16;16;16m▀[38;2;0;0;0;48;2;16;16;16m▀[38;2;0;0;0;48;2;16;16;16m▀[38;2;58;49;49;48;2;58;49;49m▀[38;2;82;74;74;48;2;58;49;49m▀[38;2;82;74;74;48;2;82;74;74m▀[38;2;58;49;49;48;2;82;74;74m▀[38;2;16;16;16;48;2;58;49;49m▀[38;2;16;16;16;48;2;58;49;49m▀[38;2;0;0;0;48;2;58;49;49m▀[38;2;58;49;49;48;2;82;74;74m▀[38;2;58;49;49;48;2;82;74;74m▀[38;2;82;74;74;48;2;82;74;74m▀[38;2;239;25;0;48;2;58;49;49m▀[38;2;239;25;0;48;2;239;25;0m▀[38;2;239;25;0;48;2;239;25;0m▀[38;2;239;25;0;48;2;16;16;16m▀[38;2;16;16;16;48;2;0;0;0m▀[0m
[0m [0m [0m [0m [0m [38;2;0;0;0m▀[38;2;0;0;0m▀[38;2;0;0;0;48;2;0;0;0m▀[38;2;16;16;16;48;2;16;16;16m▀[38;2;16;16;16;48;2;140;181;165m▀[38;2;16;16;16;48;2;140;181;165m▀[38;2;16;16;16;48;2;140;181;165m▀[38;2;16;16;16;48;2;140;181;165m▀[38;2;140;181;165;48;2;140;181;165m▀[38;2;140;181;165;48;2;140;181;165m▀[38;2;140;181;165;48;2;140;181;165m▀[38;2;140;181;165;48;2;140;181;165m▀[38;2;140;181;165;48;2;181;214;189m▀[38;2;16;16;16;48;2;181;214;189m▀[38;2;0;0;0;48;2;82;74;74m▀[38;2;0;0;0;48;2;16;16;16m▀[38;2;0;0;0;48;2;16;16;16m▀[38;2;0;0;0;48;2;16;16;16m▀[38;2;0;0;0;48;2;16;16;16m▀[38;2;16;16;16;48;2;214;247;222m▀[38;2;16;16;16;48;2;214;247;222m▀[38;2;82;74;74;48;2;214;247;222m▀[38;2;214;247;222;48;2;214;247;222m▀[38;2;181;214;189;48;2;214;247;222m▀[38;2;181;214;189;48;2;181;214;189m▀[38;2;181;214;189;48;2;181;214;189m▀[38;2;181;214;189;48;2;181;214;189m▀[38;2;140;181;165;48;2;181;214;189m▀[38;2;16;16;16;48;2;16;16;16m▀[38;2;82;74;74;48;2;58;49;49m▀[38;2;82;74;74;48;2;82;74;74m▀[38;2;82;74;74;48;2;82;74;74m▀[38;2;82;74;74;48;2;58;49;49m▀[38;2;82;74;74;48;2;16;16;16m▀[38;2;58;49;49;48;2;16;16;16m▀[38;2;16;16;16;48;2;16;16;16m▀[38;2;16;16;16;48;2;0;0;0m▀[38;2;16;16;16;48;2;0;0;0m▀[38;2;16;16;16;48;2;0;0;0m▀[38;2;0;0;0m▀[0m [0m
[0m [0m [0m [0m [0m [0m [38;2;0;0;0m▄[38;2;0;0;0;48;2;16;16;16m▀[38;2;16;16;16;48;2;140;181;165m▀[38;2;140;181;165;48;2;140;181;165m▀[38;2;140;181;165;48;2;140;181;165m▀[38;2;140;181;165;48;2;140;181;165m▀[38;2;140;181;165;48;2;140;181;165m▀[38;2;140;181;165;48;2;140;181;165m▀[38;2;140;181;165;48;2;181;214;189m▀[38;2;140;181;165;48;2;181;214;189m▀[38;2;140;181;165;48;2;181;214;189m▀[38;2;181;214;189;48;2;181;214;189m▀[38;2;181;214;189;48;2;181;214;189m▀[38;2;82;74;74;48;2;181;214;189m▀[38;2;16;16;16;48;2;214;247;222m▀[38;2;16;16;16;48;2;214;247;222m▀[38;2;16;16;16;48;2;214;247;222m▀[38;2;16;16;16;48;2;214;247;222m▀[38;2;214;247;222;48;2;214;247;222m▀[38;2;214;247;222;48;2;214;247;222m▀[38;2;214;247;222;48;2;214;247;222m▀[38;2;214;247;222;48;2;214;247;222m▀[38;2;214;247;222;48;2;214;247;222m▀[38;2;181;214;189;48;2;214;247;222m▀[38;2;181;214;189;48;2;214;247;222m▀[38;2;181;214;189;48;2;181;214;189m▀[38;2;181;214;189;48;2;181;214;189m▀[38;2;16;16;16;48;2;181;214;189m▀[38;2;58;49;49;48;2;16;16;16m▀[38;2;82;74;74;48;2;16;16;16m▀[38;2;82;74;74;48;2;16;16;16m▀[38;2;58;49;49;48;2;16;16;16m▀[38;2;16;16;16;48;2;16;16;16m▀[38;2;16;16;16;48;2;0;0;0m▀[38;2;16;16;16;48;2;0;0;0m▀[38;2;0;0;0m▀[0m [0m [0m [0m [0m
[0m [0m [0m [0m [0m [0m [38;2;0;0;0;48;2;0;0;0m▀[38;2;16;16;16;48;2;16;16;16m▀[38;2;140;181;165;48;2;140;181;165m▀[38;2;140;181;165;48;2;140;181;165m▀[38;2;140;181;165;48;2;140;181;165m▀[38;2;140;181;165;48;2;140;181;165m▀[38;2;140;181;165;48;2;181;214;189m▀[38;2;181;214;189;48;2;181;214;189m▀[38;2;181;214;189;48;2;181;214;189m▀[38;2;181;214;189;48;2;181;214;189m▀[38;2;181;214;189;48;2;181;214;189m▀[38;2;181;214;189;48;2;181;214;189m▀[38;2;181;214;189;48;2;181;214;189m▀[38;2;181;214;189;48;2;181;214;189m▀[38;2;181;214;189;48;2;181;214;189m▀[38;2;214;247;222;48;2;181;214;189m▀[38;2;214;247;222;48;2;181;214;189m▀[38;2;214;247;222;48;2;181;214;189m▀[38;2;214;247;222;48;2;214;247;222m▀[38;2;214;247;222;48;2;214;247;222m▀[38;2;214;247;222;48;2;214;247;222m▀[38;2;214;247;222;48;2;214;247;222m▀[38;2;214;247;222;48;2;181;214;189m▀[38;2;181;214;189;48;2;181;214;189m▀[38;2;181;214;189;48;2;181;214;189m▀[38;2;181;214;189;48;2;181;214;189m▀[38;2;181;214;189;48;2;181;214;189m▀[38;2;181;214;189;48;2;181;214;189m▀[38;2;16;16;16;48;2;181;214;189m▀[38;2;0;0;0;48;2;16;16;16m▀[38;2;0;0;0;48;2;16;16;16m▀[38;2;0;0;0;48;2;0;0;0m▀[38;2;0;0;0m▀[0m [0m [0m [0m [0m [0m [0m [0m
[0m [0m [0m [0m [0m [0m [38;2;0;0;0m▀[38;2;16;16;16;48;2;0;0;0m▀[38;2;140;181;165;48;2;16;16;16m▀[38;2;140;181;165;48;2;181;214;189m▀[38;2;140;181;165;48;2;181;214;189m▀[38;2;181;214;189;48;2;181;214;189m▀[38;2;181;214;189;48;2;181;214;189m▀[38;2;181;214;189;48;2;181;214;189m▀[38;2;181;214;189;48;2;181;214;189m▀[38;2;181;214;189;48;2;181;214;189m▀[38;2;181;214;189;48;2;181;214;189m▀[38;2;181;214;189;48;2;181;214;189m▀[38;2;181;214;189;48;2;181;214;189m▀[38;2;181;214;189;48;2;181;214;189m▀[38;2;181;214;189;48;2;181;214;189m▀[38;2;181;214;189;48;2;181;214;189m▀[38;2;181;214;189;48;2;181;214;189m▀[38;2;181;214;189;48;2;181;214;189m▀[38;2;181;214;189;48;2;181;214;189m▀[38;2;181;214;189;48;2;181;214;189m▀[38;2;181;214;189;48;2;181;214;189m▀[38;2;181;214;189;48;2;181;214;189m▀[38;2;181;214;189;48;2;181;214;189m▀[38;2;181;214;189;48;2;140;181;165m▀[38;2;181;214;189;48;2;140;181;165m▀[38;2;181;214;189;48;2;181;214;189m▀[38;2;181;214;189;48;2;140;181;165m▀[38;2;181;214;189;48;2;181;214;189m▀[38;2;181;214;189;48;2;181;214;189m▀[38;2;16;16;16;48;2;181;214;189m▀[38;2;16;16;16;48;2;181;214;189m▀[38;2;0;0;0;48;2;16;16;16m▀[38;2;0;0;0m▄[0m [0m [0m [0m [0m [0m [0m [0m
[0m [0m [0m [0m [0m [0m [0m [38;2;0;0;0;48;2;0;0;0m▀[38;2;16;16;16;48;2;16;16;16m▀[38;2;181;214;189;48;2;181;214;189m▀[38;2;181;214;189;48;2;181;214;189m▀[38;2;181;214;189;48;2;181;214;189m▀[38;2;181;214;189;48;2;181;214;189m▀[38;2;181;214;189;48;2;181;214;189m▀[38;2;181;214;189;48;2;181;214;189m▀[38;2;181;214;189;48;2;181;214;189m▀[38;2;181;214;189;48;2;181;214;189m▀[38;2;181;214;189;48;2;181;214;189m▀[38;2;181;214;189;48;2;181;214;189m▀[38;2;181;214;189;48;2;181;214;189m▀[38;2;181;214;189;48;2;181;214;189m▀[38;2;181;214;189;48;2;181;214;189m▀[38;2;181;214;189;48;2;181;214;189m▀[38;2;181;214;189;48;2;181;214;189m▀[38;2;181;214;189;48;2;181;214;189m▀[38;2;181;214;189;48;2;181;214;189m▀[38;2;181;214;189;48;2;181;214;189m▀[38;2;181;214;189;48;2;181;214;189m▀[38;2;181;214;189;48;2;181;214;189m▀[38;2;140;181;165;48;2;181;214;189m▀[38;2;140;181;165;48;2;181;214;189m▀[38;2;181;214;189;48;2;140;181;165m▀[38;2;140;181;165;48;2;181;214;189m▀[38;2;181;214;189;48;2;140;181;165m▀[38;2;181;214;189;48;2;140;140;140m▀[38;2;181;214;189;48;2;82;74;74m▀[38;2;181;214;189;48;2;82;74;74m▀[38;2;16;16;16;48;2;82;74;74m▀[38;2;0;0;0;48;2;0;0;0m▀[0m [0m [0m [0m [0m [0m [0m [0m
[0m [0m [0m [0m [0m [0m [0m [38;2;0;0;0;48;2;0;0;0m▀[38;2;16;16;16;48;2;16;16;16m▀[38;2;16;16;16;48;2;140;181;165m▀[38;2;16;16;16;48;2;140;181;165m▀[38;2;181;214;189;48;2;16;16;16m▀[38;2;181;214;189;48;2;181;214;189m▀[38;2;181;214;189;48;2;181;214;189m▀[38;2;181;214;189;48;2;181;214;189m▀[38;2;181;214;189;48;2;181;214;189m▀[38;2;181;214;189;48;2;181;214;189m▀[38;2;181;214;189;48;2;181;214;189m▀[38;2;181;214;189;48;2;140;140;140m▀[38;2;181;214;189;48;2;82;74;74m▀[38;2;181;214;189;48;2;82;74;74m▀[38;2;181;214;189;48;2;140;181;165m▀[38;2;140;181;165;48;2;16;16;16m▀[38;2;140;181;165;48;2;16;16;16m▀[38;2;140;181;165;48;2;16;16;16m▀[38;2;16;16;16;48;2;140;181;165m▀[38;2;16;16;16;48;2;140;181;165m▀[38;2;181;214;189;48;2;16;16;16m▀[38;2;181;214;189;48;2;140;181;165m▀[38;2;140;181;165;48;2;140;181;165m▀[38;2;140;181;165;48;2;140;181;165m▀[38;2;181;214;189;48;2;140;181;165m▀[38;2;140;181;165;48;2;140;181;165m▀[38;2;140;140;140;48;2;82;74;74m▀[38;2;214;214;214;48;2;16;16;16m▀[38;2;82;74;74;48;2;82;74;74m▀[38;2;82;74;74;48;2;82;74;74m▀[38;2;214;214;214;48;2;16;16;16m▀[38;2;82;74;74;48;2;82;74;74m▀[38;2;0;0;0;48;2;16;16;16m▀[38;2;0;0;0m▄[0m [0m [0m [0m [0m [0m
[0m [0m [0m [0m [0m [0m [38;2;0;0;0m▄[38;2;0;0;0;48;2;16;16;16m▀[38;2;16;16;16;48;2;140;181;165m▀[38;2;140;181;165;48;2;140;181;165m▀[38;2;140;181;165;48;2;140;181;165m▀[38;2;140;181;165;48;2;140;181;165m▀[38;2;16;16;16;48;2;140;181;165m▀[38;2;181;214;189;48;2;140;181;165m▀[38;2;181;214;189;48;2;16;16;16m▀[38;2;181;214;189;48;2;181;214;189m▀[38;2;181;214;189;48;2;181;214;189m▀[38;2;140;140;140;48;2;82;74;74m▀[38;2;214;214;214;48;2;16;16;16m▀[38;2;82;74;74;48;2;82;74;74m▀[38;2;214;214;214;48;2;16;16;16m▀[38;2;82;74;74;48;2;82;74;74m▀[38;2;0;0;0;48;2;0;0;0m▀[38;2;0;0;0m▀[38;2;58;49;49;48;2;0;0;0m▀[38;2;140;181;165;48;2;16;16;16m▀[38;2;140;181;165;48;2;140;181;165m▀[38;2;140;181;165;48;2;140;181;165m▀[38;2;16;16;16;48;2;140;181;165m▀[38;2;16;16;16;48;2;140;181;165m▀[38;2;16;16;16;48;2;140;181;165m▀[38;2;140;181;165;48;2;16;16;16m▀[38;2;140;181;165;48;2;16;16;16m▀[38;2;82;74;74;48;2;58;49;49m▀[38;2;214;214;214;48;2;82;74;74m▀[38;2;16;16;16;48;2;82;74;74m▀[38;2;16;16;16;48;2;82;74;74m▀[38;2;181;181;181;48;2;82;74;74m▀[38;2;82;74;74;48;2;140;181;165m▀[38;2;16;16;16;48;2;140;181;165m▀[38;2;0;0;0;48;2;16;16;16m▀[38;2;0;0;0m▄[0m [0m [0m [0m [0m
[0m [0m [0m [0m [0m [0m [38;2;0;0;0;48;2;0;0;0m▀[38;2;16;16;16;48;2;16;16;16m▀[38;2;140;181;165;48;2;140;181;165m▀[38;2;140;181;165;48;2;140;181;165m▀[38;2;140;181;165;48;2;140;181;165m▀[38;2;140;181;165;48;2;140;181;165m▀[38;2;140;181;165;48;2;140;181;165m▀[38;2;140;181;165;48;2;16;16;16m▀[38;2;16;16;16;48;2;16;16;16m▀[38;2;181;214;189;48;2;181;214;189m▀[38;2;181;214;189;48;2;181;214;189m▀[38;2;82;74;74;48;2;82;74;74m▀[38;2;16;16;16;48;2;214;214;214m▀[38;2;82;74;74;48;2;16;16;16m▀[38;2;16;16;16;48;2;181;181;181m▀[38;2;82;74;74;48;2;82;74;74m▀[38;2;0;0;0;48;2;0;0;0m▀[0m [38;2;0;0;0m▀[38;2;16;16;16;48;2;0;0;0m▀[38;2;140;181;165;48;2;16;16;16m▀[38;2;140;181;165;48;2;140;181;165m▀[38;2;140;181;165;48;2;140;181;165m▀[38;2;140;181;165;48;2;140;181;165m▀[38;2;140;181;165;48;2;140;181;165m▀[38;2;16;16;16;48;2;16;16;16m▀[38;2;16;16;16;48;2;0;0;0m▀[38;2;58;49;49;48;2;0;0;0m▀[38;2;82;74;74;48;2;16;16;16m▀[38;2;82;74;74;48;2;140;181;165m▀[38;2;82;74;74;48;2;140;181;165m▀[38;2;82;74;74;48;2;140;181;165m▀[38;2;140;181;165;48;2;140;181;165m▀[38;2;140;181;165;48;2;140;181;165m▀[38;2;16;16;16;48;2;16;16;16m▀[38;2;0;0;0;48;2;0;0;0m▀[0m [0m [0m [0m [0m
[0m [0m [0m [0m [0m [0m [38;2;0;0;0;48;2;0;0;0m▀[38;2;16;16;16;48;2;16;16;16m▀[38;2;140;181;165;48;2;140;181;165m▀[38;2;140;181;165;48;2;140;181;165m▀[38;2;140;181;165;48;2;140;181;165m▀[38;2;140;181;165;48;2;140;181;165m▀[38;2;16;16;16;48;2;16;16;16m▀[38;2;0;0;0;48;2;0;0;0m▀[38;2;16;16;16;48;2;16;16;16m▀[38;2;181;214;189;48;2;181;214;189m▀[38;2;181;214;189;48;2;181;214;189m▀[38;2;181;214;189;48;2;181;214;189m▀[38;2;82;74;74;48;2;181;214;189m▀[38;2;82;74;74;48;2;181;214;189m▀[38;2;82;74;74;48;2;16;16;16m▀[38;2;0;0;0;48;2;0;0;0m▀[0m [0m [0m [0m [38;2;0;0;0;48;2;0;0;0m▀[38;2;16;16;16;48;2;16;16;16m▀[38;2;140;181;165;48;2;140;181;165m▀[38;2;140;181;165;48;2;140;181;165m▀[38;2;140;181;165;48;2;140;181;165m▀[38;2;16;16;16;48;2;16;16;16m▀[38;2;0;0;0;48;2;0;0;0m▀[0m [38;2;0;0;0;48;2;0;0;0m▀[38;2;16;16;16;48;2;16;16;16m▀[38;2;16;16;16;48;2;16;16;16m▀[38;2;140;181;165;48;2;140;181;165m▀[38;2;140;181;165;48;2;140;181;165m▀[38;2;140;181;165;48;2;140;181;165m▀[38;2;16;16;16;48;2;16;16;16m▀[38;2;0;0;0;48;2;0;0;0m▀[0m [0m [0m [0m [0m
[0m [0m [0m [0m [0m [38;2;0;0;0m▄[38;2;0;0;0;48;2;16;16;16m▀[38;2;16;16;16;48;2;181;214;189m▀[38;2;140;181;165;48;2;140;181;165m▀[38;2;140;181;165;48;2;140;181;165m▀[38;2;140;181;165;48;2;140;181;165m▀[38;2;140;181;165;48;2;16;16;16m▀[38;2;16;16;16;48;2;0;0;0m▀[38;2;0;0;0;48;2;0;0;0m▀[38;2;16;16;16;48;2;16;16;16m▀[38;2;181;214;189;48;2;181;214;189m▀[38;2;181;214;189;48;2;181;214;189m▀[38;2;181;214;189;48;2;181;214;189m▀[38;2;181;214;189;48;2;181;214;189m▀[38;2;181;214;189;48;2;181;214;189m▀[38;2;16;16;16;48;2;16;16;16m▀[38;2;0;0;0;48;2;0;0;0m▀[0m [0m [0m [38;2;0;0;0m▄[38;2;0;0;0;48;2;16;16;16m▀[38;2;16;16;16;48;2;16;16;16m▀[38;2;140;181;165;48;2;140;181;165m▀[38;2;140;181;165;48;2;140;181;165m▀[38;2;140;181;165;48;2;140;181;165m▀[38;2;16;16;16;48;2;16;16;16m▀[38;2;0;0;0;48;2;0;0;0m▀[0m [0m [38;2;0;0;0m▀[38;2;0;0;0;48;2;0;0;0m▀[38;2;16;16;16;48;2;16;16;16m▀[38;2;140;181;165;48;2;140;181;165m▀[38;2;140;181;165;48;2;140;181;165m▀[38;2;140;181;165;48;2;140;181;165m▀[38;2;16;16;16;48;2;16;16;16m▀[38;2;0;0;0;48;2;0;0;0m▀[0m [0m [0m [0m
[0m [0m [0m [0m [0m [38;2;0;0;0;48;2;0;0;0m▀[38;2;16;16;16;48;2;16;16;16m▀[38;2;181;214;189;48;2;181;214;189m▀[38;2;140;181;165;48;2;181;214;189m▀[38;2;140;181;165;48;2;181;214;189m▀[38;2;140;181;165;48;2;181;214;189m▀[38;2;16;16;16;48;2;16;16;16m▀[38;2;0;0;0;48;2;0;0;0m▀[38;2;0;0;0;48;2;0;0;0m▀[38;2;16;16;16;48;2;16;16;16m▀[38;2;181;214;189;48;2;181;214;189m▀[38;2;181;214;189;48;2;181;214;189m▀[38;2;181;214;189;48;2;181;214;189m▀[38;2;181;214;189;48;2;181;214;189m▀[38;2;181;214;189;48;2;16;16;16m▀[38;2;16;16;16;48;2;0;0;0m▀[38;2;0;0;0m▀[0m [0m [38;2;0;0;0m▄[38;2;0;0;0;48;2;16;16;16m▀[38;2;16;16;16;48;2;181;214;189m▀[38;2;16;16;16;48;2;181;214;189m▀[38;2;140;181;165;48;2;140;181;165m▀[38;2;140;181;165;48;2;58;49;49m▀[38;2;140;181;165;48;2;58;49;49m▀[38;2;16;16;16;48;2;0;0;0m▀[38;2;0;0;0m▀[0m [0m [0m [38;2;0;0;0;48;2;0;0;0m▀[38;2;16;16;16;48;2;16;16;16m▀[38;2;140;181;165;48;2;140;181;165m▀[38;2;140;181;165;48;2;140;181;165m▀[38;2;140;181;165;48;2;140;181;165m▀[38;2;16;16;16;48;2;16;16;16m▀[38;2;0;0;0;48;2;0;0;0m▀[0m [0m [0m [0m
[0m [0m [0m [0m [38;2;0;0;0m▄[38;2;0;0;0;48;2;16;16;16m▀[38;2;16;16;16;48;2;214;247;222m▀[38;2;181;214;189;48;2;214;247;222m▀[38;2;181;214;189;48;2;214;247;222m▀[38;2;16;16;16;48;2;16;16;16m▀[38;2;16;16;16;48;2;16;16;16m▀[38;2;0;0;0;48;2;0;0;0m▀[38;2;0;0;0m▄[38;2;0;0;0;48;2;16;16;16m▀[38;2;16;16;16;48;2;181;214;189m▀[38;2;181;214;189;48;2;181;214;189m▀[38;2;181;214;189;48;2;181;214;189m▀[38;2;181;214;189;48;2;181;214;189m▀[38;2;181;214;189;48;2;16;16;16m▀[38;2;16;16;16;48;2;0;0;0m▀[38;2;0;0;0m▀[0m [0m [0m [38;2;0;0;0m▀[38;2;58;49;49;48;2;0;0;0m▀[38;2;181;214;189;48;2;16;16;16m▀[38;2;140;181;165;48;2;16;16;16m▀[38;2;140;181;165;48;2;16;16;16m▀[38;2;16;16;16;48;2;0;0;0m▀[38;2;16;16;16;48;2;0;0;0m▀[38;2;0;0;0m▀[0m [0m [38;2;0;0;0m▄[38;2;0;0;0;48;2;16;16;16m▀[38;2;0;0;0;48;2;16;16;16m▀[38;2;16;16;16;48;2;214;247;222m▀[38;2;181;214;189;48;2;214;247;222m▀[38;2;181;214;189;48;2;214;247;222m▀[38;2;140;181;165;48;2;16;16;16m▀[38;2;16;16;16;48;2;0;0;0m▀[38;2;0;0;0m▀[0m [0m [0m [0m
[0m [0m [0m [0m [38;2;0;0;0m▀[38;2;16;16;16;48;2;0;0;0m▀[38;2;140;181;165;48;2;16;16;16m▀[38;2;214;247;222;48;2;16;16;16m▀[38;2;140;181;165;48;2;16;16;16m▀[38;2;16;16;16;48;2;0;0;0m▀[38;2;16;16;16;48;2;0;0;0m▀[38;2;0;0;0;48;2;0;0;0m▀[38;2;0;0;0;48;2;16;16;16m▀[38;2;16;16;16;48;2;214;247;222m▀[38;2;181;214;189;48;2;214;247;222m▀[38;2;181;214;189;48;2;214;247;222m▀[38;2;181;214;189;48;2;214;247;222m▀[38;2;181;214;189;48;2;16;16;16m▀[38;2;16;16;16;48;2;0;0;0m▀[38;2;0;0;0m▀[0m [0m [0m [0m [0m [0m [38;2;0;0;0m▀[38;2;0;0;0m▀[38;2;0;0;0m▀[0m [0m [0m [0m [0m [38;2;0;0;0m▀[38;2;16;16;16;48;2;0;0;0m▀[38;2;16;16;16;48;2;0;0;0m▀[38;2;214;247;222;48;2;16;16;16m▀[38;2;140;181;165;48;2;16;16;16m▀[38;2;181;214;189;48;2;16;16;16m▀[38;2;16;16;16;48;2;0;0;0m▀[38;2;0;0;0m▀[0m [0m [0m [0m [0m
[0m [0m [0m [0m [0m [38;2;0;0;0m▀[38;2;16;16;16;48;2;0;0;0m▀[38;2;16;16;16;48;2;0;0;0m▀[38;2;16;16;16;48;2;0;0;0m▀[38;2;0;0;0m▀[0m [38;2;0;0;0;48;2;0;0;0m▀[38;2;16;16;16;48;2;16;16;16m▀[38;2;214;247;222;48;2;214;247;222m▀[38;2;214;247;222;48;2;140;181;165m▀[38;2;214;247;222;48;2;214;247;222m▀[38;2;214;247;222;48;2;214;247;222m▀[38;2;16;16;16;48;2;16;16;16m▀[38;2;0;0;0;48;2;0;0;0m▀[0m [0m [0m [0m [0m [0m [0m [0m [0m [0m [0m [0m [0m [0m [0m [0m [0m [38;2;0;0;0m▀[38;2;16;16;16;48;2;0;0;0m▀[38;2;16;16;16;48;2;0;0;0m▀[38;2;16;16;16;48;2;0;0;0m▀[38;2;0;0;0m▀[0m [0m [0m [0m [0m [0m
