[0m [0m [0m [0m [0m [0m [0m [0m [0m [0m [0m [0m [0m [0m [0m [0m [0m [0m [0m [0m [0m [0m [0m [0m [0m [0m [0m [0m [0m [0m [0m [0m [0m [0m [0m [0m [0m [0m [0m [0m [0m [0m [0m [0m [0m [0m [0m [0m [0m [0m [0m [0m [0m [0m [0m [0m [38;2;0;0;0m▄[38;2;0;0;0m▄[38;2;0;0;0;48;2;170;85;50m▀[38;2;0;0;0;48;2;170;85;50m▀[38;2;170;85;50;48;2;255;197;99m▀[38;2;170;85;50;48;2;255;148;66m▀[38;2;170;85;50;48;2;255;148;66m▀[38;2;170;85;50;48;2;255;148;66m▀[38;2;140;41;0;48;2;255;197;99m▀[38;2;140;41;0;48;2;255;197;99m▀[38;2;0;0;0;48;2;140;41;0m▀[38;2;0;0;0m▄[0m [0m [0m [0m [0m
[0m [0m [0m [0m [0m [0m [0m [0m [0m [0m [0m [0m [0m [0m [0m [0m [0m [0m [0m [0m [0m [0m [0m [0m [0m [0m [0m [0m [0m [0m [0m [0m [0m [0m [0m [0m [0m [0m [0m [0m [0m [0m [0m [0m [0m [0m [0m [0m [0m [0m [0m [0m [0m [0m [0m [38;2;0;0;0;48;2;0;0;0m▀[38;2;170;85;50;48;2;170;85;50m▀[38;2;170;85;50;48;2;170;85;50m▀[38;2;255;197;99;48;2;255;197;99m▀[38;2;255;197;99;48;2;255;197;99m▀[38;2;255;148;66;48;2;255;148;66m▀[38;2;255;148;66;48;2;255;148;66m▀[38;2;255;148;66;48;2;255;148;66m▀[38;2;255;148;66;48;2;255;148;66m▀[38;2;255;148;66;48;2;255;148;66m▀[38;2;255;148;66;48;2;255;148;66m▀[38;2;140;41;0;48;2;140;41;0m▀[38;2;0;0;0;48;2;0;0;0m▀[0m [0m [0m [0m [0m
[0m [0m [0m [0m [0m [0m [0m [0m [0m [0m [0m [0m [0m [0m [0m [0m [0m [0m [0m [0m [0m [0m [0m [0m [0m [0m [0m [0m [0m [0m [0m [0m [0m [0m [0m [0m [0m [0m [0m [0m [0m [0m [0m [0m [0m [0m [0m [0m [0m [0m [0m [0m [0m [0m [38;2;0;0;0m▄[38;2;0;0;0;48;2;170;85;50m▀[38;2;170;85;50;48;2;255;148;66m▀[38;2;170;85;50;48;2;255;148;66m▀[38;2;255;197;99;48;2;255;148;66m▀[38;2;255;148;66;48;2;222;82;58m▀[38;2;255;148;66;48;2;170;85;50m▀[38;2;170;85;50;48;2;255;148;66m▀[38;2;255;148;66;48;2;255;148;66m▀[38;2;255;148;66;48;2;255;148;66m▀[38;2;255;148;66;48;2;255;148;66m▀[38;2;255;148;66;48;2;255;148;66m▀[38;2;255;148;66;48;2;255;148;66m▀[38;2;140;41;0;48;2;255;148;66m▀[38;2;0;0;0;48;2;140;41;0m▀[38;2;0;0;0;48;2;140;41;0m▀[38;2;0;0;0m▄[0m [0m
[0m [0m [0m [0m [0m [0m [0m [0m [0m [0m [0m [0m [0m [0m [0m [0m [0m [0m [0m [0m [0m [0m [0m [0m [0m [0m [0m [0m [0m [0m [0m [0m [0m [0m [38;2;0;0;0m▄[38;2;0;0;0m▄[38;2;0;0;0m▄[38;2;0;0;0m▄[38;2;0;0;0m▄[38;2;0;0;0m▄[38;2;0;0;0m▄[38;2;0;0;0m▄[0m [0m [0m [0m [0m [0m [0m [0m [0m [0m [0m [0m [38;2;0;0;0;48;2;0;0;0m▀[38;2;140;41;0;48;2;140;41;0m▀[38;2;222;82;58;48;2;16;16;16m▀[38;2;222;82;58;48;2;16;16;16m▀[38;2;222;82;58;48;2;140;41;0m▀[38;2;170;85;50;48;2;222;82;58m▀[38;2;255;148;66;48;2;255;148;66m▀[38;2;255;148;66;48;2;255;148;66m▀[38;2;255;148;66;48;2;170;85;50m▀[38;2;255;148;66;48;2;170;85;50m▀[38;2;170;85;50;48;2;255;148;66m▀[38;2;255;148;66;48;2;255;148;66m▀[38;2;255;148;66;48;2;255;148;66m▀[38;2;255;148;66;48;2;255;148;66m▀[38;2;140;41;0;48;2;255;148;66m▀[38;2;140;41;0;48;2;255;148;66m▀[38;2;0;0;0;48;2;140;41;0m▀[38;2;0;0;0m▄[0m
[0m [0m [0m [0m [0m [38;2;0;0;0m▄[38;2;0;0;0;48;2;170;85;50m▀[38;2;0;0;0;48;2;170;85;50m▀[38;2;0;0;0;48;2;170;85;50m▀[38;2;0;0;0;48;2;170;85;50m▀[38;2;0;0;0m▄[0m [0m [0m [0m [0m [0m [0m [0m [0m [0m [0m [0m [0m [0m [0m [0m [0m [0m [0m [38;2;0;0;0m▄[38;2;0;0;0;48;2;222;82;58m▀[38;2;0;0;0;48;2;222;82;58m▀[38;2;0;0;0;48;2;222;82;58m▀[38;2;222;82;58;48;2;255;148;66m▀[38;2;222;82;58;48;2;255;148;66m▀[38;2;222;82;58;48;2;255;148;66m▀[38;2;140;41;0;48;2;255;148;66m▀[38;2;140;41;0;48;2;255;148;66m▀[38;2;140;41;0;48;2;255;148;66m▀[38;2;140;41;0;48;2;255;148;66m▀[38;2;140;41;0;48;2;255;148;66m▀[38;2;0;0;0;48;2;140;41;0m▀[38;2;0;0;0;48;2;140;41;0m▀[38;2;0;0;0;48;2;140;41;0m▀[38;2;0;0;0;48;2;140;41;0m▀[38;2;0;0;0m▄[0m [0m [0m [0m [0m [0m [38;2;0;0;0;48;2;0;0;0m▀[38;2;140;41;0;48;2;140;41;0m▀[38;2;255;148;66;48;2;255;148;66m▀[38;2;255;148;66;48;2;255;148;66m▀[38;2;255;148;66;48;2;255;148;66m▀[38;2;140;41;0;48;2;222;82;58m▀[38;2;222;82;58;48;2;16;16;16m▀[38;2;222;82;58;48;2;140;41;0m▀[38;2;170;85;50;48;2;222;82;58m▀[38;2;255;148;66;48;2;255;148;66m▀[38;2;255;148;66;48;2;255;148;66m▀[38;2;255;148;66;48;2;255;148;66m▀[38;2;255;148;66;48;2;170;85;50m▀[38;2;255;148;66;48;2;222;82;58m▀[38;2;222;82;58;48;2;222;82;58m▀[38;2;222;82;58;48;2;222;82;58m▀[38;2;222;82;58;48;2;222;82;58m▀[38;2;222;82;58;48;2;222;82;58m▀[38;2;140;41;0;48;2;140;41;0m▀[0m
[0m [0m [0m [0m [38;2;0;0;0m▄[38;2;0;0;0;48;2;140;41;0m▀[38;2;170;85;50;48;2;255;197;99m▀[38;2;170;85;50;48;2;255;197;99m▀[38;2;170;85;50;48;2;255;197;99m▀[38;2;170;85;50;48;2;255;197;99m▀[38;2;0;0;0;48;2;170;85;50m▀[38;2;0;0;0;48;2;170;85;50m▀[38;2;0;0;0m▄[38;2;0;0;0m▄[0m [0m [0m [0m [0m [0m [0m [0m [0m [0m [0m [0m [0m [0m [0m [38;2;0;0;0m▄[38;2;0;0;0;48;2;222;82;58m▀[38;2;222;82;58;48;2;255;148;66m▀[38;2;222;82;58;48;2;255;148;66m▀[38;2;222;82;58;48;2;255;148;66m▀[38;2;255;148;66;48;2;255;197;99m▀[38;2;255;148;66;48;2;255;148;66m▀[38;2;255;148;66;48;2;255;148;66m▀[38;2;255;148;66;48;2;255;148;66m▀[38;2;255;148;66;48;2;255;148;66m▀[38;2;255;148;66;48;2;255;148;66m▀[38;2;255;148;66;48;2;255;148;66m▀[38;2;255;148;66;48;2;255;148;66m▀[38;2;140;41;0;48;2;255;148;66m▀[38;2;140;41;0;48;2;255;148;66m▀[38;2;140;41;0;48;2;255;148;66m▀[38;2;140;41;0;48;2;255;148;66m▀[38;2;0;0;0;48;2;140;41;0m▀[38;2;0;0;0;48;2;140;41;0m▀[38;2;0;0;0m▄[0m [0m [0m [0m [38;2;0;0;0m▀[38;2;140;41;0;48;2;0;0;0m▀[38;2;255;148;66;48;2;16;16;16m▀[38;2;255;148;66;48;2;222;82;58m▀[38;2;255;148;66;48;2;222;82;58m▀[38;2;222;82;58;48;2;222;82;58m▀[38;2;16;16;16;48;2;170;85;50m▀[38;2;140;41;0;48;2;140;41;0m▀[38;2;222;82;58;48;2;222;82;58m▀[38;2;255;148;66;48;2;222;82;58m▀[38;2;255;148;66;48;2;222;82;58m▀[38;2;255;148;66;48;2;16;16;16m▀[38;2;170;85;50;48;2;222;82;58m▀[38;2;222;82;58;48;2;222;82;58m▀[38;2;222;82;58;48;2;222;82;58m▀[38;2;222;82;58;48;2;222;82;58m▀[38;2;222;82;58;48;2;222;82;58m▀[38;2;222;82;58;48;2;222;82;58m▀[38;2;140;41;0;48;2;16;16;16m▀[0m
[0m [38;2;0;0;0m▄[38;2;0;0;0;48;2;140;41;0m▀[38;2;0;0;0;48;2;140;41;0m▀[38;2;140;41;0;48;2;255;197;99m▀[38;2;170;85;50;48;2;255;197;99m▀[38;2;255;148;66;48;2;255;148;66m▀[38;2;255;197;99;48;2;255;148;66m▀[38;2;255;197;99;48;2;255;148;66m▀[38;2;255;197;99;48;2;255;148;66m▀[38;2;255;148;66;48;2;255;148;66m▀[38;2;255;148;66;48;2;255;148;66m▀[38;2;170;85;50;48;2;255;148;66m▀[38;2;140;41;0;48;2;255;148;66m▀[38;2;0;0;0;48;2;140;41;0m▀[38;2;0;0;0;48;2;140;41;0m▀[38;2;0;0;0m▄[0m [0m [0m [0m [0m [0m [0m [0m [0m [0m [38;2;0;0;0m▄[38;2;0;0;0;48;2;222;82;58m▀[38;2;222;82;58;48;2;255;148;66m▀[38;2;255;148;66;48;2;255;148;66m▀[38;2;255;148;66;48;2;255;148;66m▀[38;2;255;197;99;48;2;255;197;99m▀[38;2;255;197;99;48;2;255;197;99m▀[38;2;255;197;99;48;2;255;197;99m▀[38;2;255;197;99;48;2;255;197;99m▀[38;2;255;148;66;48;2;255;148;66m▀[38;2;255;148;66;48;2;255;148;66m▀[38;2;255;148;66;48;2;255;148;66m▀[38;2;255;148;66;48;2;255;148;66m▀[38;2;255;148;66;48;2;255;148;66m▀[38;2;255;148;66;48;2;255;148;66m▀[38;2;255;148;66;48;2;255;148;66m▀[38;2;255;148;66;48;2;255;148;66m▀[38;2;255;148;66;48;2;255;148;66m▀[38;2;255;148;66;48;2;255;148;66m▀[38;2;255;148;66;48;2;255;148;66m▀[38;2;255;148;66;48;2;255;148;66m▀[38;2;140;41;0;48;2;255;148;66m▀[38;2;0;0;0;48;2;140;41;0m▀[38;2;0;0;0m▄[0m [0m [0m [0m [38;2;0;0;0m▀[38;2;16;16;16;48;2;0;0;0m▀[38;2;16;16;16;48;2;0;0;0m▀[38;2;16;16;16;48;2;0;0;0m▀[38;2;170;85;50;48;2;16;16;16m▀[38;2;170;85;50;48;2;222;82;58m▀[38;2;16;16;16;48;2;222;82;58m▀[38;2;16;16;16;48;2;16;16;16m▀[38;2;16;16;16;48;2;16;16;16m▀[38;2;222;82;58;48;2;222;82;58m▀[38;2;222;82;58;48;2;222;82;58m▀[38;2;222;82;58;48;2;140;41;0m▀[38;2;170;85;50;48;2;140;41;0m▀[38;2;222;82;58;48;2;222;82;58m▀[38;2;222;82;58;48;2;222;82;58m▀[38;2;222;82;58;48;2;222;82;58m▀[38;2;16;16;16;48;2;16;16;16m▀[0m
[38;2;0;0;0m▄[38;2;0;0;0;48;2;140;41;0m▀[38;2;170;85;50;48;2;255;197;99m▀[38;2;170;85;50;48;2;255;197;99m▀[38;2;255;148;66;48;2;255;148;66m▀[38;2;255;148;66;48;2;255;148;66m▀[38;2;255;148;66;48;2;255;148;66m▀[38;2;255;148;66;48;2;255;148;66m▀[38;2;170;85;50;48;2;255;148;66m▀[38;2;170;85;50;48;2;255;148;66m▀[38;2;222;82;58;48;2;170;85;50m▀[38;2;255;148;66;48;2;16;16;16m▀[38;2;255;148;66;48;2;222;82;58m▀[38;2;255;148;66;48;2;222;82;58m▀[38;2;140;41;0;48;2;140;41;0m▀[38;2;140;41;0;48;2;140;41;0m▀[38;2;0;0;0;48;2;0;0;0m▀[0m [0m [0m [0m [0m [0m [0m [0m [0m [0m [38;2;0;0;0;48;2;0;0;0m▀[38;2;222;82;58;48;2;222;82;58m▀[38;2;255;148;66;48;2;255;148;66m▀[38;2;255;148;66;48;2;255;148;66m▀[38;2;255;148;66;48;2;255;148;66m▀[38;2;255;148;66;48;2;255;148;66m▀[38;2;255;148;66;48;2;255;148;66m▀[38;2;255;197;99;48;2;255;148;66m▀[38;2;255;148;66;48;2;255;148;66m▀[38;2;255;148;66;48;2;255;148;66m▀[38;2;255;148;66;48;2;255;148;66m▀[38;2;255;148;66;48;2;255;148;66m▀[38;2;255;148;66;48;2;255;148;66m▀[38;2;255;148;66;48;2;255;148;66m▀[38;2;255;148;66;48;2;255;148;66m▀[38;2;255;148;66;48;2;255;148;66m▀[38;2;255;148;66;48;2;255;148;66m▀[38;2;255;148;66;48;2;255;148;66m▀[38;2;255;148;66;48;2;255;148;66m▀[38;2;255;148;66;48;2;255;148;66m▀[38;2;255;148;66;48;2;255;148;66m▀[38;2;222;82;58;48;2;222;82;58m▀[38;2;16;16;16;48;2;255;148;66m▀[38;2;0;0;0;48;2;16;16;16m▀[38;2;0;0;0;48;2;16;16;16m▀[38;2;0;0;0m▄[0m [0m [0m [0m [0m [0m [38;2;0;0;0;48;2;0;0;0m▀[38;2;16;16;16;48;2;140;41;0m▀[38;2;222;82;58;48;2;16;16;16m▀[38;2;222;82;58;48;2;16;16;16m▀[38;2;222;82;58;48;2;16;16;16m▀[38;2;16;16;16;48;2;222;82;58m▀[38;2;16;16;16;48;2;222;82;58m▀[38;2;222;82;58;48;2;222;82;58m▀[38;2;222;82;58;48;2;222;82;58m▀[38;2;222;82;58;48;2;222;82;58m▀[38;2;222;82;58;48;2;222;82;58m▀[38;2;222;82;58;48;2;16;16;16m▀[38;2;16;16;16;48;2;0;0;0m▀[0m
[38;2;0;0;0;48;2;0;0;0m▀[38;2;140;41;0;48;2;140;41;0m▀[38;2;255;197;99;48;2;255;148;66m▀[38;2;255;197;99;48;2;255;148;66m▀[38;2;255;148;66;48;2;255;148;66m▀[38;2;255;148;66;48;2;255;148;66m▀[38;2;255;148;66;48;2;255;148;66m▀[38;2;255;148;66;48;2;255;148;66m▀[38;2;255;148;66;48;2;255;148;66m▀[38;2;255;148;66;48;2;255;148;66m▀[38;2;170;85;50;48;2;255;148;66m▀[38;2;16;16;16;48;2;170;85;50m▀[38;2;222;82;58;48;2;16;16;16m▀[38;2;222;82;58;48;2;222;82;58m▀[38;2;140;41;0;48;2;16;16;16m▀[38;2;140;41;0;48;2;16;16;16m▀[38;2;0;0;0;48;2;140;41;0m▀[38;2;0;0;0m▄[0m [0m [0m [0m [0m [0m [0m [38;2;0;0;0m▄[38;2;0;0;0;48;2;222;82;58m▀[38;2;0;0;0;48;2;222;82;58m▀[38;2;222;82;58;48;2;255;148;66m▀[38;2;255;148;66;48;2;255;148;66m▀[38;2;255;148;66;48;2;255;148;66m▀[38;2;255;148;66;48;2;255;148;66m▀[38;2;255;148;66;48;2;255;148;66m▀[38;2;255;148;66;48;2;255;148;66m▀[38;2;255;148;66;48;2;255;148;66m▀[38;2;255;148;66;48;2;255;148;66m▀[38;2;255;148;66;48;2;255;148;66m▀[38;2;255;148;66;48;2;255;148;66m▀[38;2;255;148;66;48;2;255;148;66m▀[38;2;255;148;66;48;2;255;148;66m▀[38;2;255;148;66;48;2;255;148;66m▀[38;2;255;148;66;48;2;222;82;58m▀[38;2;255;148;66;48;2;255;148;66m▀[38;2;255;148;66;48;2;255;148;66m▀[38;2;255;148;66;48;2;255;148;66m▀[38;2;255;148;66;48;2;255;148;66m▀[38;2;255;148;66;48;2;255;148;66m▀[38;2;255;148;66;48;2;255;148;66m▀[38;2;222;82;58;48;2;255;148;66m▀[38;2;255;148;66;48;2;222;82;58m▀[38;2;16;16;16;48;2;16;16;16m▀[38;2;16;16;16;48;2;16;16;16m▀[38;2;0;0;0;48;2;0;0;0m▀[0m [0m [0m [0m [0m [0m [38;2;0;0;0;48;2;0;0;0m▀[38;2;140;41;0;48;2;140;41;0m▀[38;2;16;16;16;48;2;255;148;66m▀[38;2;16;16;16;48;2;255;148;66m▀[38;2;16;16;16;48;2;255;148;66m▀[38;2;222;82;58;48;2;16;16;16m▀[38;2;222;82;58;48;2;16;16;16m▀[38;2;222;82;58;48;2;222;82;58m▀[38;2;222;82;58;48;2;222;82;58m▀[38;2;222;82;58;48;2;222;82;58m▀[38;2;222;82;58;48;2;222;82;58m▀[38;2;16;16;16;48;2;16;16;16m▀[38;2;0;0;0;48;2;0;0;0m▀[0m
[38;2;0;0;0;48;2;140;41;0m▀[38;2;170;85;50;48;2;255;148;66m▀[38;2;255;148;66;48;2;255;148;66m▀[38;2;255;148;66;48;2;255;148;66m▀[38;2;255;148;66;48;2;255;148;66m▀[38;2;255;148;66;48;2;255;148;66m▀[38;2;255;148;66;48;2;255;148;66m▀[38;2;170;85;50;48;2;255;148;66m▀[38;2;255;148;66;48;2;170;85;50m▀[38;2;255;148;66;48;2;170;85;50m▀[38;2;255;148;66;48;2;222;82;58m▀[38;2;222;82;58;48;2;222;82;58m▀[38;2;16;16;16;48;2;16;16;16m▀[38;2;16;16;16;48;2;222;82;58m▀[38;2;255;148;66;48;2;255;148;66m▀[38;2;255;148;66;48;2;255;148;66m▀[38;2;140;41;0;48;2;140;41;0m▀[38;2;0;0;0;48;2;0;0;0m▀[0m [0m [0m [0m [0m [0m [0m [38;2;0;0;0;48;2;0;0;0m▀[38;2;222;82;58;48;2;8;58;140m▀[38;2;222;82;58;48;2;8;58;140m▀[38;2;222;82;58;48;2;222;82;58m▀[38;2;255;148;66;48;2;255;148;66m▀[38;2;255;148;66;48;2;255;148;66m▀[38;2;255;148;66;48;2;255;148;66m▀[38;2;255;148;66;48;2;255;148;66m▀[38;2;255;148;66;48;2;255;148;66m▀[38;2;255;148;66;48;2;255;148;66m▀[38;2;255;148;66;48;2;255;148;66m▀[38;2;255;148;66;48;2;255;148;66m▀[38;2;255;148;66;48;2;255;148;66m▀[38;2;255;148;66;48;2;255;148;66m▀[38;2;255;148;66;48;2;255;148;66m▀[38;2;222;82;58;48;2;222;82;58m▀[38;2;255;148;66;48;2;255;148;66m▀[38;2;255;148;66;48;2;8;58;140m▀[38;2;8;58;140;48;2;8;58;140m▀[38;2;8;58;140;48;2;8;58;140m▀[38;2;8;58;140;48;2;8;58;140m▀[38;2;8;58;140;48;2;8;58;140m▀[38;2;255;148;66;48;2;165;70;31m▀[38;2;255;148;66;48;2;255;148;66m▀[38;2;255;148;66;48;2;222;82;58m▀[38;2;16;16;16;48;2;222;82;58m▀[38;2;16;16;16;48;2;222;82;58m▀[38;2;0;0;0;48;2;16;16;16m▀[38;2;0;0;0;48;2;165;70;31m▀[38;2;0;0;0;48;2;140;41;0m▀[38;2;0;0;0;48;2;140;41;0m▀[38;2;0;0;0m▄[38;2;0;0;0m▄[38;2;0;0;0m▄[38;2;0;0;0;48;2;140;41;0m▀[38;2;140;41;0;48;2;255;148;66m▀[38;2;255;148;66;48;2;255;148;66m▀[38;2;255;148;66;48;2;255;148;66m▀[38;2;255;148;66;48;2;255;148;66m▀[38;2;222;82;58;48;2;222;82;58m▀[38;2;222;82;58;48;2;222;82;58m▀[38;2;222;82;58;48;2;222;82;58m▀[38;2;222;82;58;48;2;16;16;16m▀[38;2;16;16;16;48;2;0;0;0m▀[38;2;16;16;16;48;2;0;0;0m▀[38;2;0;0;0m▀[0m [0m
[38;2;140;41;0;48;2;16;16;16m▀[38;2;255;148;66;48;2;222;82;58m▀[38;2;255;148;66;48;2;255;148;66m▀[38;2;255;148;66;48;2;255;148;66m▀[38;2;255;148;66;48;2;255;148;66m▀[38;2;170;85;50;48;2;222;82;58m▀[38;2;255;148;66;48;2;170;85;50m▀[38;2;255;148;66;48;2;222;82;58m▀[38;2;222;82;58;48;2;222;82;58m▀[38;2;222;82;58;48;2;222;82;58m▀[38;2;16;16;16;48;2;16;16;16m▀[38;2;16;16;16;48;2;170;85;50m▀[38;2;222;82;58;48;2;16;16;16m▀[38;2;222;82;58;48;2;16;16;16m▀[38;2;16;16;16;48;2;222;82;58m▀[38;2;16;16;16;48;2;222;82;58m▀[38;2;140;41;0;48;2;255;148;66m▀[38;2;0;0;0;48;2;140;41;0m▀[38;2;0;0;0m▄[0m [0m [0m [0m [0m [0m [38;2;0;0;0;48;2;0;0;0m▀[38;2;255;255;255;48;2;255;255;255m▀[38;2;255;255;255;48;2;255;255;255m▀[38;2;255;148;66;48;2;16;16;16m▀[38;2;255;148;66;48;2;255;148;66m▀[38;2;255;148;66;48;2;255;148;66m▀[38;2;255;148;66;48;2;255;148;66m▀[38;2;255;148;66;48;2;255;148;66m▀[38;2;255;148;66;48;2;255;148;66m▀[38;2;255;148;66;48;2;255;148;66m▀[38;2;255;148;66;48;2;255;148;66m▀[38;2;255;148;66;48;2;255;148;66m▀[38;2;255;148;66;48;2;255;148;66m▀[38;2;255;148;66;48;2;255;148;66m▀[38;2;255;148;66;48;2;255;148;66m▀[38;2;255;148;66;48;2;255;148;66m▀[38;2;255;148;66;48;2;16;16;16m▀[38;2;255;255;255;48;2;255;255;255m▀[38;2;16;16;16;48;2;8;58;140m▀[38;2;8;58;140;48;2;49;173;239m▀[38;2;8;58;140;48;2;49;173;239m▀[38;2;25;140;181;48;2;49;173;239m▀[38;2;165;70;31;48;2;165;70;31m▀[38;2;222;82;58;48;2;255;148;66m▀[38;2;255;148;66;48;2;222;82;58m▀[38;2;255;148;66;48;2;255;148;66m▀[38;2;255;148;66;48;2;255;148;66m▀[38;2;255;148;66;48;2;255;148;66m▀[38;2;165;70;31;48;2;255;148;66m▀[38;2;255;148;66;48;2;255;148;66m▀[38;2;255;148;66;48;2;170;85;50m▀[38;2;140;41;0;48;2;170;85;50m▀[38;2;140;41;0;48;2;170;85;50m▀[38;2;140;41;0;48;2;222;82;58m▀[38;2;16;16;16;48;2;16;16;16m▀[38;2;255;148;66;48;2;255;148;66m▀[38;2;255;148;66;48;2;255;148;66m▀[38;2;170;85;50;48;2;170;85;50m▀[38;2;170;85;50;48;2;170;85;50m▀[38;2;222;82;58;48;2;222;82;58m▀[38;2;222;82;58;48;2;222;82;58m▀[38;2;222;82;58;48;2;222;82;58m▀[38;2;16;16;16;48;2;16;16;16m▀[38;2;0;0;0;48;2;0;0;0m▀[0m [0m [0m [0m
[38;2;16;16;16;48;2;0;0;0m▀[38;2;222;82;58;48;2;16;16;16m▀[38;2;255;148;66;48;2;222;82;58m▀[38;2;255;148;66;48;2;222;82;58m▀[38;2;255;148;66;48;2;222;82;58m▀[38;2;222;82;58;48;2;222;82;58m▀[38;2;170;85;50;48;2;222;82;58m▀[38;2;222;82;58;48;2;16;16;16m▀[38;2;222;82;58;48;2;16;16;16m▀[38;2;222;82;58;48;2;16;16;16m▀[38;2;16;16;16;48;2;222;82;58m▀[38;2;170;85;50;48;2;222;82;58m▀[38;2;16;16;16;48;2;222;82;58m▀[38;2;16;16;16;48;2;222;82;58m▀[38;2;222;82;58;48;2;222;82;58m▀[38;2;222;82;58;48;2;222;82;58m▀[38;2;255;148;66;48;2;255;148;66m▀[38;2;140;41;0;48;2;255;148;66m▀[38;2;0;0;0;48;2;140;41;0m▀[38;2;0;0;0m▄[0m [0m [0m [38;2;0;0;0m▄[38;2;0;0;0;48;2;140;41;0m▀[38;2;0;0;0;48;2;140;41;0m▀[38;2;255;255;255;48;2;25;140;181m▀[38;2;255;255;255;48;2;25;140;181m▀[38;2;16;16;16;48;2;165;70;31m▀[38;2;255;148;66;48;2;255;148;66m▀[38;2;255;148;66;48;2;255;148;66m▀[38;2;255;148;66;48;2;255;148;66m▀[38;2;255;148;66;48;2;255;148;66m▀[38;2;255;148;66;48;2;255;148;66m▀[38;2;255;148;66;48;2;255;148;66m▀[38;2;255;148;66;48;2;255;148;66m▀[38;2;255;148;66;48;2;255;148;66m▀[38;2;255;148;66;48;2;255;148;66m▀[38;2;255;148;66;48;2;255;148;66m▀[38;2;255;148;66;48;2;255;148;66m▀[38;2;255;148;66;48;2;255;148;66m▀[38;2;16;16;16;48;2;165;70;31m▀[38;2;255;255;255;48;2;25;140;181m▀[38;2;8;58;140;48;2;25;140;181m▀[38;2;49;173;239;48;2;49;173;239m▀[38;2;49;173;239;48;2;49;173;239m▀[38;2;49;173;239;48;2;49;173;239m▀[38;2;165;70;31;48;2;165;70;31m▀[38;2;255;148;66;48;2;222;82;58m▀[38;2;222;82;58;48;2;222;82;58m▀[38;2;255;148;66;48;2;222;82;58m▀[38;2;255;148;66;48;2;222;82;58m▀[38;2;255;148;66;48;2;255;148;66m▀[38;2;255;148;66;48;2;255;148;66m▀[38;2;255;148;66;48;2;255;148;66m▀[38;2;170;85;50;48;2;255;148;66m▀[38;2;170;85;50;48;2;255;148;66m▀[38;2;170;85;50;48;2;255;148;66m▀[38;2;222;82;58;48;2;222;82;58m▀[38;2;16;16;16;48;2;170;85;50m▀[38;2;255;148;66;48;2;222;82;58m▀[38;2;255;148;66;48;2;170;85;50m▀[38;2;170;85;50;48;2;222;82;58m▀[38;2;170;85;50;48;2;222;82;58m▀[38;2;222;82;58;48;2;222;82;58m▀[38;2;222;82;58;48;2;222;82;58m▀[38;2;222;82;58;48;2;222;82;58m▀[38;2;16;16;16;48;2;16;16;16m▀[38;2;0;0;0;48;2;0;0;0m▀[0m [0m [0m [0m
[0m [38;2;0;0;0m▀[38;2;16;16;16;48;2;0;0;0m▀[38;2;16;16;16;48;2;0;0;0m▀[38;2;16;16;16;48;2;0;0;0m▀[38;2;222;82;58;48;2;16;16;16m▀[38;2;222;82;58;48;2;16;16;16m▀[38;2;16;16;16;48;2;0;0;0m▀[38;2;222;82;58;48;2;16;16;16m▀[38;2;222;82;58;48;2;16;16;16m▀[38;2;222;82;58;48;2;222;82;58m▀[38;2;222;82;58;48;2;222;82;58m▀[38;2;222;82;58;48;2;222;82;58m▀[38;2;222;82;58;48;2;222;82;58m▀[38;2;170;85;50;48;2;222;82;58m▀[38;2;170;85;50;48;2;222;82;58m▀[38;2;255;148;66;48;2;170;85;50m▀[38;2;255;148;66;48;2;255;148;66m▀[38;2;140;41;0;48;2;255;148;66m▀[38;2;0;0;0;48;2;140;41;0m▀[38;2;0;0;0;48;2;16;16;16m▀[38;2;0;0;0;48;2;16;16;16m▀[38;2;0;0;0;48;2;16;16;16m▀[38;2;140;41;0;48;2;170;85;50m▀[38;2;255;148;66;48;2;170;85;50m▀[38;2;140;41;0;48;2;140;41;0m▀[38;2;165;70;31;48;2;255;197;99m▀[38;2;165;70;31;48;2;255;197;99m▀[38;2;255;148;66;48;2;255;197;99m▀[38;2;255;148;66;48;2;255;197;99m▀[38;2;255;148;66;48;2;255;197;99m▀[38;2;255;148;66;48;2;255;197;99m▀[38;2;255;148;66;48;2;255;148;66m▀[38;2;255;148;66;48;2;255;148;66m▀[38;2;255;148;66;48;2;255;148;66m▀[38;2;255;148;66;48;2;255;148;66m▀[38;2;255;148;66;48;2;255;148;66m▀[38;2;255;148;66;48;2;255;148;66m▀[38;2;255;148;66;48;2;255;148;66m▀[38;2;255;148;66;48;2;255;148;66m▀[38;2;255;148;66;48;2;255;148;66m▀[38;2;255;148;66;48;2;255;148;66m▀[38;2;255;148;66;48;2;255;148;66m▀[38;2;255;148;66;48;2;255;148;66m▀[38;2;165;70;31;48;2;255;148;66m▀[38;2;165;70;31;48;2;255;148;66m▀[38;2;165;70;31;48;2;222;82;58m▀[38;2;222;82;58;48;2;222;82;58m▀[38;2;222;82;58;48;2;222;82;58m▀[38;2;222;82;58;48;2;222;82;58m▀[38;2;222;82;58;48;2;222;82;58m▀[38;2;222;82;58;48;2;222;82;58m▀[38;2;255;148;66;48;2;16;16;16m▀[38;2;255;148;66;48;2;140;41;0m▀[38;2;255;148;66;48;2;16;16;16m▀[38;2;255;148;66;48;2;16;16;16m▀[38;2;222;82;58;48;2;16;16;16m▀[38;2;222;82;58;48;2;16;16;16m▀[38;2;222;82;58;48;2;16;16;16m▀[38;2;222;82;58;48;2;222;82;58m▀[38;2;222;82;58;48;2;222;82;58m▀[38;2;222;82;58;48;2;222;82;58m▀[38;2;222;82;58;48;2;222;82;58m▀[38;2;222;82;58;48;2;222;82;58m▀[38;2;222;82;58;48;2;170;85;50m▀[38;2;222;82;58;48;2;16;16;16m▀[38;2;16;16;16;48;2;0;0;0m▀[38;2;0;0;0m▀[0m [0m [0m [0m [0m
[0m [0m [0m [0m [0m [38;2;0;0;0m▀[38;2;0;0;0m▀[0m [38;2;0;0;0m▀[38;2;0;0;0m▀[38;2;16;16;16;48;2;0;0;0m▀[38;2;222;82;58;48;2;16;16;16m▀[38;2;222;82;58;48;2;222;82;58m▀[38;2;222;82;58;48;2;222;82;58m▀[38;2;222;82;58;48;2;222;82;58m▀[38;2;222;82;58;48;2;222;82;58m▀[38;2;222;82;58;48;2;222;82;58m▀[38;2;222;82;58;48;2;222;82;58m▀[38;2;222;82;58;48;2;222;82;58m▀[38;2;222;82;58;48;2;222;82;58m▀[38;2;170;85;50;48;2;222;82;58m▀[38;2;170;85;50;48;2;222;82;58m▀[38;2;222;82;58;48;2;222;82;58m▀[38;2;222;82;58;48;2;222;82;58m▀[38;2;222;82;58;48;2;16;16;16m▀[38;2;140;41;0;48;2;140;41;0m▀[38;2;255;197;99;48;2;255;197;99m▀[38;2;255;197;99;48;2;255;197;99m▀[38;2;255;197;99;48;2;255;197;99m▀[38;2;255;197;99;48;2;255;197;99m▀[38;2;255;197;99;48;2;255;148;66m▀[38;2;255;148;66;48;2;255;148;66m▀[38;2;255;148;66;48;2;255;148;66m▀[38;2;255;148;66;48;2;255;148;66m▀[38;2;222;82;58;48;2;255;148;66m▀[38;2;255;148;66;48;2;255;148;66m▀[38;2;255;148;66;48;2;255;148;66m▀[38;2;255;148;66;48;2;255;148;66m▀[38;2;255;148;66;48;2;255;148;66m▀[38;2;255;148;66;48;2;255;148;66m▀[38;2;255;148;66;48;2;255;148;66m▀[38;2;255;148;66;48;2;255;148;66m▀[38;2;255;148;66;48;2;222;82;58m▀[38;2;255;148;66;48;2;222;82;58m▀[38;2;222;82;58;48;2;140;41;0m▀[38;2;222;82;58;48;2;140;41;0m▀[38;2;222;82;58;48;2;222;82;58m▀[38;2;222;82;58;48;2;222;82;58m▀[38;2;222;82;58;48;2;222;82;58m▀[38;2;222;82;58;48;2;222;82;58m▀[38;2;222;82;58;48;2;222;82;58m▀[38;2;222;82;58;48;2;222;82;58m▀[38;2;16;16;16;48;2;16;16;16m▀[38;2;0;0;0;48;2;0;0;0m▀[38;2;0;0;0m▀[38;2;0;0;0m▀[38;2;0;0;0m▀[38;2;0;0;0m▀[38;2;0;0;0m▀[38;2;16;16;16;48;2;0;0;0m▀[38;2;16;16;16;48;2;0;0;0m▀[38;2;222;82;58;48;2;16;16;16m▀[38;2;222;82;58;48;2;16;16;16m▀[38;2;222;82;58;48;2;16;16;16m▀[38;2;16;16;16;48;2;0;0;0m▀[38;2;0;0;0m▀[0m [0m [0m [0m [0m [0m [0m
[0m [0m [0m [0m [0m [0m [0m [0m [0m [0m [0m [38;2;0;0;0;48;2;0;0;0m▀[38;2;16;16;16;48;2;16;16;16m▀[38;2;16;16;16;48;2;16;16;16m▀[38;2;16;16;16;48;2;16;16;16m▀[38;2;16;16;16;48;2;16;16;16m▀[38;2;222;82;58;48;2;222;82;58m▀[38;2;222;82;58;48;2;222;82;58m▀[38;2;222;82;58;48;2;222;82;58m▀[38;2;222;82;58;48;2;222;82;58m▀[38;2;170;85;50;48;2;170;85;50m▀[38;2;170;85;50;48;2;170;85;50m▀[38;2;16;16;16;48;2;16;16;16m▀[38;2;16;16;16;48;2;16;16;16m▀[38;2;0;0;0;48;2;0;0;0m▀[38;2;0;0;0;48;2;0;0;0m▀[38;2;140;41;0;48;2;140;41;0m▀[38;2;140;41;0;48;2;140;41;0m▀[38;2;255;148;66;48;2;255;148;66m▀[38;2;255;148;66;48;2;255;148;66m▀[38;2;255;148;66;48;2;255;148;66m▀[38;2;255;148;66;48;2;255;148;66m▀[38;2;255;148;66;48;2;255;148;66m▀[38;2;255;148;66;48;2;255;148;66m▀[38;2;255;148;66;48;2;255;148;66m▀[38;2;255;148;66;48;2;255;148;66m▀[38;2;255;148;66;48;2;255;148;66m▀[38;2;255;148;66;48;2;255;148;66m▀[38;2;255;148;66;48;2;255;148;66m▀[38;2;255;148;66;48;2;255;148;66m▀[38;2;255;148;66;48;2;255;148;66m▀[38;2;16;16;16;48;2;16;16;16m▀[38;2;140;41;0;48;2;140;41;0m▀[38;2;140;41;0;48;2;140;41;0m▀[38;2;222;82;58;48;2;222;82;58m▀[38;2;222;82;58;48;2;222;82;58m▀[38;2;222;82;58;48;2;222;82;58m▀[38;2;222;82;58;48;2;222;82;58m▀[38;2;222;82;58;48;2;222;82;58m▀[38;2;222;82;58;48;2;222;82;58m▀[38;2;16;16;16;48;2;16;16;16m▀[38;2;16;16;16;48;2;16;16;16m▀[38;2;0;0;0;48;2;0;0;0m▀[0m [0m [0m [0m [0m [0m [0m [0m [38;2;0;0;0m▀[38;2;0;0;0m▀[38;2;0;0;0m▀[0m [0m [0m [0m [0m [0m [0m [0m [0m
[0m [0m [0m [0m [0m [0m [0m [0m [0m [0m [0m [0m [38;2;0;0;0m▀[38;2;0;0;0m▀[38;2;0;0;0m▀[38;2;0;0;0m▀[38;2;16;16;16;48;2;0;0;0m▀[38;2;16;16;16;48;2;0;0;0m▀[38;2;222;82;58;48;2;16;16;16m▀[38;2;222;82;58;48;2;16;16;16m▀[38;2;16;16;16;48;2;0;0;0m▀[38;2;16;16;16;48;2;0;0;0m▀[38;2;0;0;0m▀[38;2;0;0;0m▀[0m [38;2;0;0;0m▀[38;2;16;16;16;48;2;0;0;0m▀[38;2;16;16;16;48;2;0;0;0m▀[38;2;16;16;16;48;2;0;0;0m▀[38;2;255;148;66;48;2;16;16;16m▀[38;2;255;148;66;48;2;16;16;16m▀[38;2;255;148;66;48;2;16;16;16m▀[38;2;255;148;66;48;2;16;16;16m▀[38;2;255;148;66;48;2;16;16;16m▀[38;2;255;148;66;48;2;16;16;16m▀[38;2;255;148;66;48;2;16;16;16m▀[38;2;140;41;0;48;2;230;58;0m▀[38;2;140;41;0;48;2;230;58;0m▀[38;2;140;41;0;48;2;230;58;0m▀[38;2;140;41;0;48;2;230;58;0m▀[38;2;16;16;16;48;2;140;41;0m▀[38;2;255;255;255;48;2;222;82;58m▀[38;2;222;82;58;48;2;222;82;58m▀[38;2;222;82;58;48;2;222;82;58m▀[38;2;222;82;58;48;2;222;82;58m▀[38;2;222;82;58;48;2;222;82;58m▀[38;2;222;82;58;48;2;222;82;58m▀[38;2;222;82;58;48;2;222;82;58m▀[38;2;222;82;58;48;2;222;82;58m▀[38;2;222;82;58;48;2;222;82;58m▀[38;2;16;16;16;48;2;16;16;16m▀[38;2;16;16;16;48;2;16;16;16m▀[38;2;0;0;0;48;2;0;0;0m▀[0m [0m [0m [0m [0m [0m [0m [0m [0m [0m [0m [0m [0m [0m [0m [0m [0m [0m [0m [0m
[0m [0m [0m [0m [0m [0m [0m [0m [0m [0m [0m [0m [0m [0m [0m [0m [0m [0m [38;2;0;0;0m▀[38;2;0;0;0m▀[0m [0m [0m [0m [0m [0m [0m [0m [38;2;0;0;0m▀[38;2;16;16;16;48;2;0;0;0m▀[38;2;222;82;58;48;2;16;16;16m▀[38;2;222;82;58;48;2;222;82;58m▀[38;2;222;82;58;48;2;255;148;66m▀[38;2;222;82;58;48;2;255;148;66m▀[38;2;140;41;0;48;2;255;148;66m▀[38;2;230;58;0;48;2;140;41;0m▀[38;2;230;58;0;48;2;140;41;0m▀[38;2;230;58;0;48;2;140;41;0m▀[38;2;140;41;0;48;2;255;148;66m▀[38;2;140;41;0;48;2;255;148;66m▀[38;2;222;82;58;48;2;222;82;58m▀[38;2;222;82;58;48;2;222;82;58m▀[38;2;222;82;58;48;2;222;82;58m▀[38;2;222;82;58;48;2;222;82;58m▀[38;2;222;82;58;48;2;222;82;58m▀[38;2;222;82;58;48;2;222;82;58m▀[38;2;222;82;58;48;2;222;82;58m▀[38;2;222;82;58;48;2;222;82;58m▀[38;2;222;82;58;48;2;16;16;16m▀[38;2;16;16;16;48;2;0;0;0m▀[38;2;0;0;0m▀[38;2;0;0;0m▀[0m [0m [0m [0m [0m [0m [0m [0m [0m [0m [0m [0m [0m [0m [0m [0m [0m [0m [0m [0m [0m
[0m [0m [0m [0m [0m [0m [0m [0m [0m [0m [0m [0m [0m [0m [0m [0m [0m [0m [0m [0m [0m [0m [0m [0m [0m [0m [0m [0m [0m [0m [38;2;0;0;0;48;2;0;0;0m▀[38;2;16;16;16;48;2;16;16;16m▀[38;2;255;148;66;48;2;255;148;66m▀[38;2;255;148;66;48;2;255;148;66m▀[38;2;255;148;66;48;2;255;148;66m▀[38;2;255;148;66;48;2;255;148;66m▀[38;2;255;148;66;48;2;255;148;66m▀[38;2;255;148;66;48;2;255;148;66m▀[38;2;255;148;66;48;2;255;148;66m▀[38;2;255;148;66;48;2;255;148;66m▀[38;2;255;148;66;48;2;255;148;66m▀[38;2;222;82;58;48;2;222;82;58m▀[38;2;222;82;58;48;2;222;82;58m▀[38;2;222;82;58;48;2;222;82;58m▀[38;2;222;82;58;48;2;222;82;58m▀[38;2;222;82;58;48;2;222;82;58m▀[38;2;16;16;16;48;2;16;16;16m▀[38;2;16;16;16;48;2;16;16;16m▀[38;2;0;0;0;48;2;0;0;0m▀[0m [0m [0m [0m [0m [0m [0m [0m [0m [0m [0m [0m [0m [0m [0m [0m [0m [0m [0m [0m [0m [0m [0m [0m
[0m [0m [0m [0m [0m [0m [0m [0m [0m [0m [0m [0m [0m [0m [0m [0m [0m [0m [0m [0m [0m [0m [0m [0m [0m [0m [0m [0m [0m [0m [0m [38;2;0;0;0m▀[38;2;16;16;16;48;2;0;0;0m▀[38;2;16;16;16;48;2;0;0;0m▀[38;2;16;16;16;48;2;0;0;0m▀[38;2;255;148;66;48;2;16;16;16m▀[38;2;255;148;66;48;2;16;16;16m▀[38;2;255;148;66;48;2;16;16;16m▀[38;2;255;148;66;48;2;16;16;16m▀[38;2;255;148;66;48;2;16;16;16m▀[38;2;255;148;66;48;2;16;16;16m▀[38;2;222;82;58;48;2;16;16;16m▀[38;2;16;16;16;48;2;0;0;0m▀[38;2;16;16;16;48;2;0;0;0m▀[38;2;16;16;16;48;2;0;0;0m▀[38;2;16;16;16;48;2;0;0;0m▀[38;2;0;0;0m▀[38;2;0;0;0m▀[0m [0m [0m [0m [0m [0m [0m [0m [0m [0m [0m [0m [0m [0m [0m [0m [0m [0m [0m [0m [0m [0m [0m [0m [0m
