[0m [0m [0m [0m [0m [0m [38;2;0;0;0m▄[38;2;0;0;0;48;2;99;123;181m▀[38;2;99;123;181;48;2;189;206;255m▀[38;2;99;123;181;48;2;189;206;255m▀[38;2;99;123;181;48;2;189;206;255m▀[38;2;99;123;181;48;2;189;206;255m▀[38;2;99;123;181;48;2;140;181;239m▀[38;2;99;123;181;48;2;140;181;239m▀[38;2;0;0;0;48;2;74;66;123m▀[38;2;0;0;0;48;2;74;66;123m▀[38;2;0;0;0;48;2;99;123;181m▀[38;2;0;0;0m▄[0m [0m [0m [0m [0m [0m [0m [0m [38;2;0;0;0m▄[38;2;0;0;0m▄[38;2;0;0;0m▄[38;2;0;0;0m▄[38;2;0;0;0m▄[0m [0m [0m [0m [38;2;0;0;0m▄[38;2;0;0;0m▄[38;2;0;0;0;48;2;99;123;181m▀[38;2;0;0;0;48;2;99;123;181m▀[38;2;0;0;0;48;2;99;123;181m▀[38;2;0;0;0;48;2;99;123;181m▀[38;2;0;0;0;48;2;99;123;181m▀[38;2;0;0;0;48;2;99;123;181m▀[38;2;0;0;0m▄[0m [0m [0m [0m [0m [0m [0m [0m [0m [0m [0m [0m [0m [0m [0m [0m [0m [0m [0m [0m [0m [0m [0m
[0m [0m [0m [0m [0m [0m [38;2;0;0;0;48;2;0;0;0m▀[38;2;99;123;181;48;2;99;123;181m▀[38;2;115;33;90;48;2;115;33;90m▀[38;2;115;33;90;48;2;115;33;90m▀[38;2;181;82;156;48;2;181;82;156m▀[38;2;140;181;239;48;2;140;181;239m▀[38;2;189;206;255;48;2;189;206;255m▀[38;2;140;181;239;48;2;140;181;239m▀[38;2;140;181;239;48;2;140;181;239m▀[38;2;140;181;239;48;2;140;181;239m▀[38;2;140;181;239;48;2;140;181;239m▀[38;2;99;123;181;48;2;99;123;181m▀[38;2;0;0;0;48;2;0;0;0m▀[38;2;0;0;0m▄[38;2;0;0;0m▄[38;2;0;0;0m▄[0m [0m [38;2;0;0;0m▄[38;2;0;0;0;48;2;0;0;0m▀[38;2;101;91;167;48;2;101;91;167m▀[38;2;101;91;167;48;2;101;91;167m▀[38;2;101;91;167;48;2;101;91;167m▀[38;2;101;91;167;48;2;101;91;167m▀[38;2;101;91;167;48;2;101;91;167m▀[38;2;0;0;0;48;2;0;0;0m▀[38;2;0;0;0m▄[38;2;0;0;0m▄[38;2;0;0;0;48;2;0;0;0m▀[38;2;99;123;181;48;2;99;123;181m▀[38;2;74;66;123;48;2;74;66;123m▀[38;2;140;181;239;48;2;140;181;239m▀[38;2;140;181;239;48;2;140;181;239m▀[38;2;140;181;239;48;2;140;181;239m▀[38;2;189;206;255;48;2;189;206;255m▀[38;2;189;206;255;48;2;189;206;255m▀[38;2;189;206;255;48;2;189;206;255m▀[38;2;99;123;181;48;2;99;123;181m▀[38;2;0;0;0;48;2;0;0;0m▀[0m [0m [0m [0m [0m [0m [0m [0m [0m [0m [0m [0m [0m [0m [0m [0m [0m [0m [0m [0m [0m [0m
[0m [0m [0m [0m [0m [0m [0m [38;2;0;0;0m▀[38;2;115;33;90;48;2;0;0;0m▀[38;2;115;33;90;48;2;0;0;0m▀[38;2;181;82;156;48;2;115;33;90m▀[38;2;181;82;156;48;2;214;115;189m▀[38;2;115;33;90;48;2;115;33;90m▀[38;2;140;181;239;48;2;115;33;90m▀[38;2;140;181;239;48;2;140;181;239m▀[38;2;140;181;239;48;2;140;181;239m▀[38;2;140;181;239;48;2;101;91;167m▀[38;2;140;181;239;48;2;101;91;167m▀[38;2;101;91;167;48;2;189;206;255m▀[38;2;74;66;123;48;2;189;206;255m▀[38;2;74;66;123;48;2;140;181;239m▀[38;2;74;66;123;48;2;140;181;239m▀[38;2;0;0;0;48;2;74;66;123m▀[38;2;0;0;0;48;2;16;16;16m▀[38;2;74;66;123;48;2;140;181;239m▀[38;2;101;91;167;48;2;140;181;239m▀[38;2;140;181;239;48;2;140;181;239m▀[38;2;140;181;239;48;2;140;181;239m▀[38;2;140;181;239;48;2;140;181;239m▀[38;2;140;181;239;48;2;140;181;239m▀[38;2;99;123;181;48;2;140;181;239m▀[38;2;74;66;123;48;2;99;123;181m▀[38;2;16;16;16;48;2;101;91;167m▀[38;2;16;16;16;48;2;101;91;167m▀[38;2;99;123;181;48;2;16;16;16m▀[38;2;140;181;239;48;2;74;66;123m▀[38;2;140;181;239;48;2;140;181;239m▀[38;2;140;181;239;48;2;140;181;239m▀[38;2;189;206;255;48;2;115;33;90m▀[38;2;189;206;255;48;2;115;33;90m▀[38;2;140;181;239;48;2;181;82;156m▀[38;2;181;82;156;48;2;181;82;156m▀[38;2;115;33;90;48;2;115;33;90m▀[38;2;99;123;181;48;2;0;0;0m▀[38;2;0;0;0m▀[0m [0m [0m [0m [0m [0m [0m [0m [0m [0m [0m [0m [0m [0m [0m [0m [0m [0m [0m [0m [0m [0m
[0m [0m [0m [0m [0m [0m [0m [0m [0m [0m [38;2;0;0;0m▀[38;2;115;33;90;48;2;0;0;0m▀[38;2;214;115;189;48;2;115;33;90m▀[38;2;115;33;90;48;2;101;91;167m▀[38;2;101;91;167;48;2;189;206;255m▀[38;2;101;91;167;48;2;189;206;255m▀[38;2;189;206;255;48;2;189;206;255m▀[38;2;189;206;255;48;2;140;181;239m▀[38;2;189;206;255;48;2;140;181;239m▀[38;2;140;181;239;48;2;101;91;167m▀[38;2;140;181;239;48;2;140;181;239m▀[38;2;140;181;239;48;2;140;181;239m▀[38;2;140;181;239;48;2;140;181;239m▀[38;2;140;181;239;48;2;140;181;239m▀[38;2;140;181;239;48;2;101;91;167m▀[38;2;140;181;239;48;2;101;91;167m▀[38;2;101;91;167;48;2;189;206;255m▀[38;2;101;91;167;48;2;189;206;255m▀[38;2;101;91;167;48;2;140;181;239m▀[38;2;140;181;239;48;2;140;181;239m▀[38;2;140;181;239;48;2;140;181;239m▀[38;2;74;66;123;48;2;140;181;239m▀[38;2;99;123;181;48;2;74;66;123m▀[38;2;99;123;181;48;2;74;66;123m▀[38;2;140;181;239;48;2;140;181;239m▀[38;2;140;181;239;48;2;140;181;239m▀[38;2;74;66;123;48;2;99;123;181m▀[38;2;115;33;90;48;2;115;33;90m▀[38;2;115;33;90;48;2;214;115;189m▀[38;2;115;33;90;48;2;214;115;189m▀[38;2;214;115;189;48;2;115;33;90m▀[38;2;115;33;90;48;2;0;0;0m▀[38;2;0;0;0m▀[0m [0m [0m [0m [0m [0m [0m [0m [0m [0m [0m [0m [0m [0m [0m [0m [0m [0m [0m [0m [0m [0m [0m [0m
[0m [0m [0m [0m [0m [0m [0m [0m [0m [0m [0m [0m [38;2;0;0;0;48;2;0;0;0m▀[38;2;101;91;167;48;2;16;16;16m▀[38;2;140;181;239;48;2;74;66;123m▀[38;2;140;181;239;48;2;74;66;123m▀[38;2;16;16;16;48;2;140;181;239m▀[38;2;101;91;167;48;2;16;16;16m▀[38;2;140;181;239;48;2;101;91;167m▀[38;2;140;181;239;48;2;99;123;181m▀[38;2;101;91;167;48;2;74;66;123m▀[38;2;101;91;167;48;2;74;66;123m▀[38;2;99;123;181;48;2;99;123;181m▀[38;2;74;66;123;48;2;74;66;123m▀[38;2;140;181;239;48;2;140;181;239m▀[38;2;189;206;255;48;2;140;181;239m▀[38;2;189;206;255;48;2;99;123;181m▀[38;2;189;206;255;48;2;99;123;181m▀[38;2;140;181;239;48;2;16;16;16m▀[38;2;140;181;239;48;2;16;16;16m▀[38;2;140;181;239;48;2;16;16;16m▀[38;2;99;123;181;48;2;74;66;123m▀[38;2;99;123;181;48;2;99;123;181m▀[38;2;99;123;181;48;2;99;123;181m▀[38;2;74;66;123;48;2;101;91;167m▀[38;2;99;123;181;48;2;99;123;181m▀[38;2;99;123;181;48;2;101;91;167m▀[38;2;74;66;123;48;2;16;16;16m▀[38;2;115;33;90;48;2;0;0;0m▀[38;2;115;33;90;48;2;0;0;0m▀[38;2;0;0;0m▀[0m [0m [0m [0m [0m [38;2;0;0;0m▄[38;2;0;0;0;48;2;99;123;181m▀[38;2;0;0;0;48;2;99;123;181m▀[38;2;0;0;0;48;2;99;123;181m▀[38;2;0;0;0;48;2;99;123;181m▀[38;2;0;0;0;48;2;99;123;181m▀[38;2;0;0;0;48;2;99;123;181m▀[38;2;0;0;0;48;2;99;123;181m▀[38;2;0;0;0;48;2;99;123;181m▀[38;2;0;0;0m▄[0m [0m [0m [0m [0m [0m [0m [0m [0m [0m [0m
[0m [0m [0m [0m [0m [0m [0m [0m [0m [0m [0m [0m [38;2;0;0;0;48;2;0;0;0m▀[38;2;16;16;16;48;2;16;16;16m▀[38;2;74;66;123;48;2;140;181;239m▀[38;2;74;66;123;48;2;140;181;239m▀[38;2;140;181;239;48;2;140;181;239m▀[38;2;16;16;16;48;2;140;181;239m▀[38;2;101;91;167;48;2;16;16;16m▀[38;2;99;123;181;48;2;16;16;16m▀[38;2;74;66;123;48;2;99;123;181m▀[38;2;74;66;123;48;2;99;123;181m▀[38;2;99;123;181;48;2;99;123;181m▀[38;2;74;66;123;48;2;99;123;181m▀[38;2;140;181;239;48;2;16;16;16m▀[38;2;140;181;239;48;2;16;16;16m▀[38;2;99;123;181;48;2;16;16;16m▀[38;2;99;123;181;48;2;16;16;16m▀[38;2;16;16;16;48;2;140;181;239m▀[38;2;16;16;16;48;2;140;181;239m▀[38;2;16;16;16;48;2;140;181;239m▀[38;2;74;66;123;48;2;16;16;16m▀[38;2;99;123;181;48;2;74;66;123m▀[38;2;99;123;181;48;2;74;66;123m▀[38;2;101;91;167;48;2;99;123;181m▀[38;2;99;123;181;48;2;99;123;181m▀[38;2;101;91;167;48;2;101;91;167m▀[38;2;16;16;16;48;2;101;91;167m▀[38;2;0;0;0;48;2;16;16;16m▀[38;2;0;0;0;48;2;16;16;16m▀[38;2;0;0;0;48;2;99;123;181m▀[38;2;0;0;0;48;2;99;123;181m▀[38;2;0;0;0;48;2;99;123;181m▀[38;2;0;0;0;48;2;99;123;181m▀[38;2;0;0;0;48;2;99;123;181m▀[38;2;0;0;0;48;2;99;123;181m▀[38;2;0;0;0;48;2;99;123;181m▀[38;2;99;123;181;48;2;99;123;181m▀[38;2;99;123;181;48;2;140;181;239m▀[38;2;99;123;181;48;2;140;181;239m▀[38;2;99;123;181;48;2;140;181;239m▀[38;2;99;123;181;48;2;140;181;239m▀[38;2;99;123;181;48;2;140;181;239m▀[38;2;99;123;181;48;2;140;181;239m▀[38;2;99;123;181;48;2;140;181;239m▀[38;2;0;0;0;48;2;74;66;123m▀[38;2;0;0;0m▄[0m [0m [0m [0m [0m [0m [0m [0m [0m [0m
[0m [0m [0m [0m [0m [0m [0m [0m [0m [0m [0m [38;2;0;0;0m▄[38;2;0;0;0;48;2;74;66;123m▀[38;2;74;66;123;48;2;189;206;255m▀[38;2;189;206;255;48;2;189;206;255m▀[38;2;189;206;255;48;2;189;206;255m▀[38;2;140;181;239;48;2;140;181;239m▀[38;2;140;181;239;48;2;140;181;239m▀[38;2;140;181;239;48;2;140;181;239m▀[38;2;99;123;181;48;2;140;181;239m▀[38;2;99;123;181;48;2;140;181;239m▀[38;2;99;123;181;48;2;140;181;239m▀[38;2;99;123;181;48;2;140;181;239m▀[38;2;140;181;239;48;2;140;181;239m▀[38;2;16;16;16;48;2;140;181;239m▀[38;2;140;181;239;48;2;140;181;239m▀[38;2;140;181;239;48;2;140;181;239m▀[38;2;140;181;239;48;2;140;181;239m▀[38;2;140;181;239;48;2;140;181;239m▀[38;2;140;181;239;48;2;140;181;239m▀[38;2;140;181;239;48;2;140;181;239m▀[38;2;140;181;239;48;2;140;181;239m▀[38;2;99;123;181;48;2;140;181;239m▀[38;2;99;123;181;48;2;140;181;239m▀[38;2;99;123;181;48;2;99;123;181m▀[38;2;99;123;181;48;2;99;123;181m▀[38;2;99;123;181;48;2;99;123;181m▀[38;2;99;123;181;48;2;99;123;181m▀[38;2;16;16;16;48;2;101;91;167m▀[38;2;16;16;16;48;2;101;91;167m▀[38;2;140;181;239;48;2;16;16;16m▀[38;2;140;181;239;48;2;99;123;181m▀[38;2;140;181;239;48;2;16;16;16m▀[38;2;140;181;239;48;2;16;16;16m▀[38;2;140;181;239;48;2;16;16;16m▀[38;2;140;181;239;48;2;16;16;16m▀[38;2;140;181;239;48;2;16;16;16m▀[38;2;140;181;239;48;2;16;16;16m▀[38;2;99;123;181;48;2;16;16;16m▀[38;2;16;16;16;48;2;0;0;0m▀[38;2;16;16;16;48;2;0;0;0m▀[38;2;16;16;16;48;2;0;0;0m▀[38;2;16;16;16;48;2;0;0;0m▀[38;2;16;16;16;48;2;0;0;0m▀[38;2;74;66;123;48;2;0;0;0m▀[38;2;0;0;0m▀[0m [0m [0m [0m [0m [0m [0m [0m [0m [0m [0m
[0m [0m [0m [0m [0m [0m [0m [0m [0m [0m [38;2;0;0;0;48;2;0;0;0m▀[38;2;74;66;123;48;2;74;66;123m▀[38;2;189;206;255;48;2;140;181;239m▀[38;2;140;181;239;48;2;140;181;239m▀[38;2;140;181;239;48;2;140;181;239m▀[38;2;140;181;239;48;2;140;181;239m▀[38;2;140;181;239;48;2;140;181;239m▀[38;2;140;181;239;48;2;140;181;239m▀[38;2;140;181;239;48;2;140;181;239m▀[38;2;140;181;239;48;2;140;181;239m▀[38;2;140;181;239;48;2;140;181;239m▀[38;2;140;181;239;48;2;140;181;239m▀[38;2;140;181;239;48;2;140;181;239m▀[38;2;140;181;239;48;2;140;181;239m▀[38;2;140;181;239;48;2;140;181;239m▀[38;2;140;181;239;48;2;140;181;239m▀[38;2;140;181;239;48;2;140;181;239m▀[38;2;140;181;239;48;2;140;181;239m▀[38;2;140;181;239;48;2;140;181;239m▀[38;2;140;181;239;48;2;140;181;239m▀[38;2;140;181;239;48;2;140;181;239m▀[38;2;140;181;239;48;2;140;181;239m▀[38;2;140;181;239;48;2;99;123;181m▀[38;2;140;181;239;48;2;99;123;181m▀[38;2;99;123;181;48;2;99;123;181m▀[38;2;99;123;181;48;2;99;123;181m▀[38;2;99;123;181;48;2;99;123;181m▀[38;2;99;123;181;48;2;140;181;239m▀[38;2;99;123;181;48;2;140;181;239m▀[38;2;99;123;181;48;2;140;181;239m▀[38;2;16;16;16;48;2;16;16;16m▀[38;2;16;16;16;48;2;0;0;0m▀[38;2;0;0;0m▀[38;2;0;0;0m▀[38;2;0;0;0m▀[38;2;0;0;0m▀[38;2;0;0;0m▀[38;2;0;0;0m▀[38;2;0;0;0m▀[0m [0m [0m [0m [0m [0m [0m [0m [0m [0m [0m [0m [0m [0m [0m [0m [0m [0m
[0m [0m [0m [0m [0m [0m [0m [0m [0m [0m [38;2;0;0;0;48;2;0;0;0m▀[38;2;74;66;123;48;2;16;16;16m▀[38;2;140;181;239;48;2;140;181;239m▀[38;2;140;181;239;48;2;140;181;239m▀[38;2;140;181;239;48;2;99;123;181m▀[38;2;140;181;239;48;2;99;123;181m▀[38;2;140;181;239;48;2;101;91;167m▀[38;2;140;181;239;48;2;74;66;123m▀[38;2;140;181;239;48;2;74;66;123m▀[38;2;140;181;239;48;2;74;66;123m▀[38;2;140;181;239;48;2;74;66;123m▀[38;2;140;181;239;48;2;74;66;123m▀[38;2;140;181;239;48;2;74;66;123m▀[38;2;140;181;239;48;2;101;91;167m▀[38;2;140;181;239;48;2;101;91;167m▀[38;2;140;181;239;48;2;101;91;167m▀[38;2;140;181;239;48;2;140;181;239m▀[38;2;140;181;239;48;2;140;181;239m▀[38;2;140;181;239;48;2;140;181;239m▀[38;2;140;181;239;48;2;140;181;239m▀[38;2;140;181;239;48;2;140;181;239m▀[38;2;140;181;239;48;2;99;123;181m▀[38;2;99;123;181;48;2;99;123;181m▀[38;2;99;123;181;48;2;99;123;181m▀[38;2;99;123;181;48;2;99;123;181m▀[38;2;99;123;181;48;2;99;123;181m▀[38;2;99;123;181;48;2;140;181;239m▀[38;2;140;181;239;48;2;140;181;239m▀[38;2;140;181;239;48;2;140;181;239m▀[38;2;140;181;239;48;2;140;181;239m▀[38;2;16;16;16;48;2;74;66;123m▀[38;2;0;0;0;48;2;0;0;0m▀[38;2;0;0;0m▄[38;2;0;0;0m▄[0m [0m [0m [0m [0m [0m [0m [0m [0m [0m [0m [0m [0m [0m [0m [0m [0m [0m [0m [0m [0m [0m [0m
[0m [0m [0m [0m [0m [0m [0m [38;2;0;0;0m▄[38;2;0;0;0;48;2;74;66;123m▀[38;2;0;0;0;48;2;74;66;123m▀[38;2;99;123;181;48;2;99;123;181m▀[38;2;115;33;90;48;2;115;33;90m▀[38;2;16;16;16;48;2;115;33;90m▀[38;2;99;123;181;48;2;74;66;123m▀[38;2;99;123;181;48;2;101;91;167m▀[38;2;99;123;181;48;2;101;91;167m▀[38;2;99;99;99;48;2;99;99;99m▀[38;2;255;255;255;48;2;255;255;255m▀[38;2;16;16;16;48;2;74;66;123m▀[38;2;123;24;32;48;2;123;24;32m▀[38;2;123;24;32;48;2;123;24;32m▀[38;2;123;24;32;48;2;123;24;32m▀[38;2;123;24;32;48;2;123;24;32m▀[38;2;255;255;255;48;2;16;16;16m▀[38;2;214;214;214;48;2;255;255;255m▀[38;2;16;16;16;48;2;16;16;16m▀[38;2;74;66;123;48;2;123;24;32m▀[38;2;74;66;123;48;2;123;24;32m▀[38;2;140;181;239;48;2;74;66;123m▀[38;2;140;181;239;48;2;99;123;181m▀[38;2;99;123;181;48;2;99;123;181m▀[38;2;99;123;181;48;2;99;123;181m▀[38;2;99;123;181;48;2;99;123;181m▀[38;2;99;123;181;48;2;99;123;181m▀[38;2;99;123;181;48;2;99;123;181m▀[38;2;99;123;181;48;2;99;123;181m▀[38;2;140;181;239;48;2;99;123;181m▀[38;2;140;181;239;48;2;140;181;239m▀[38;2;140;181;239;48;2;140;181;239m▀[38;2;140;181;239;48;2;140;181;239m▀[38;2;74;66;123;48;2;140;181;239m▀[38;2;74;66;123;48;2;74;66;123m▀[38;2;74;66;123;48;2;99;123;181m▀[38;2;74;66;123;48;2;99;123;181m▀[38;2;0;0;0;48;2;74;66;123m▀[38;2;0;0;0;48;2;74;66;123m▀[38;2;0;0;0;48;2;74;66;123m▀[38;2;0;0;0;48;2;74;66;123m▀[38;2;0;0;0;48;2;74;66;123m▀[38;2;0;0;0m▄[38;2;0;0;0m▄[38;2;0;0;0m▄[38;2;0;0;0m▄[0m [0m [0m [0m [0m [0m [0m [0m [0m [0m [0m [0m [0m [0m
[0m [0m [0m [0m [0m [0m [38;2;0;0;0m▄[38;2;0;0;0;48;2;74;66;123m▀[38;2;99;123;181;48;2;99;123;181m▀[38;2;99;123;181;48;2;99;123;181m▀[38;2;115;33;90;48;2;115;33;90m▀[38;2;181;82;156;48;2;181;82;156m▀[38;2;115;33;90;48;2;181;82;156m▀[38;2;0;0;0;48;2;115;33;90m▀[38;2;74;66;123;48;2;0;0;0m▀[38;2;74;66;123;48;2;0;0;0m▀[38;2;99;123;181;48;2;74;66;123m▀[38;2;99;99;99;48;2;99;123;181m▀[38;2;123;24;32;48;2;74;66;123m▀[38;2;123;24;32;48;2;99;99;99m▀[38;2;123;24;32;48;2;123;24;32m▀[38;2;123;24;32;48;2;123;24;32m▀[38;2;123;24;32;48;2;123;24;32m▀[38;2;123;24;32;48;2;123;24;32m▀[38;2;99;99;99;48;2;197;49;49m▀[38;2;123;24;32;48;2;230;74;65m▀[38;2;123;24;32;48;2;230;74;65m▀[38;2;123;24;32;48;2;230;74;65m▀[38;2;123;24;32;48;2;230;74;65m▀[38;2;123;24;32;48;2;230;74;65m▀[38;2;99;123;181;48;2;16;16;16m▀[38;2;99;123;181;48;2;74;66;123m▀[38;2;99;123;181;48;2;74;66;123m▀[38;2;99;123;181;48;2;74;66;123m▀[38;2;74;66;123;48;2;99;123;181m▀[38;2;74;66;123;48;2;99;123;181m▀[38;2;74;66;123;48;2;74;66;123m▀[38;2;189;206;255;48;2;74;66;123m▀[38;2;140;181;239;48;2;189;206;255m▀[38;2;140;181;239;48;2;189;206;255m▀[38;2;140;181;239;48;2;140;181;239m▀[38;2;74;66;123;48;2;140;181;239m▀[38;2;16;16;16;48;2;74;66;123m▀[38;2;16;16;16;48;2;0;0;0m▀[38;2;99;123;181;48;2;16;16;16m▀[38;2;99;123;181;48;2;16;16;16m▀[38;2;99;123;181;48;2;16;16;16m▀[38;2;99;123;181;48;2;16;16;16m▀[38;2;99;123;181;48;2;16;16;16m▀[38;2;74;66;123;48;2;99;123;181m▀[38;2;74;66;123;48;2;99;123;181m▀[38;2;74;66;123;48;2;99;123;181m▀[38;2;74;66;123;48;2;99;123;181m▀[38;2;0;0;0;48;2;74;66;123m▀[38;2;0;0;0m▄[0m [0m [0m [0m [0m [0m [0m [0m [0m [0m [0m [0m
[0m [0m [0m [0m [0m [38;2;0;0;0m▄[38;2;0;0;0;48;2;74;66;123m▀[38;2;74;66;123;48;2;140;181;239m▀[38;2;99;123;181;48;2;115;33;90m▀[38;2;99;123;181;48;2;115;33;90m▀[38;2;115;33;90;48;2;181;82;156m▀[38;2;181;82;156;48;2;181;82;156m▀[38;2;181;82;156;48;2;181;82;156m▀[38;2;115;33;90;48;2;115;33;90m▀[38;2;0;0;0;48;2;74;66;123m▀[38;2;0;0;0;48;2;74;66;123m▀[38;2;74;66;123;48;2;99;123;181m▀[38;2;99;123;181;48;2;74;66;123m▀[38;2;74;66;123;48;2;99;99;99m▀[38;2;99;99;99;48;2;214;214;214m▀[38;2;123;24;32;48;2;99;99;99m▀[38;2;123;24;32;48;2;99;99;99m▀[38;2;123;24;32;48;2;197;49;49m▀[38;2;123;24;32;48;2;230;74;65m▀[38;2;197;49;49;48;2;230;74;65m▀[38;2;230;74;65;48;2;230;74;65m▀[38;2;230;74;65;48;2;230;74;65m▀[38;2;230;74;65;48;2;230;74;65m▀[38;2;230;74;65;48;2;16;16;16m▀[38;2;230;74;65;48;2;230;74;65m▀[38;2;16;16;16;48;2;230;74;65m▀[38;2;74;66;123;48;2;16;16;16m▀[38;2;74;66;123;48;2;99;123;181m▀[38;2;74;66;123;48;2;99;123;181m▀[38;2;99;123;181;48;2;99;123;181m▀[38;2;99;123;181;48;2;99;123;181m▀[38;2;74;66;123;48;2;99;123;181m▀[38;2;74;66;123;48;2;74;66;123m▀[38;2;189;206;255;48;2;189;206;255m▀[38;2;189;206;255;48;2;189;206;255m▀[38;2;140;181;239;48;2;140;181;239m▀[38;2;140;181;239;48;2;140;181;239m▀[38;2;74;66;123;48;2;140;181;239m▀[38;2;0;0;0;48;2;74;66;123m▀[38;2;16;16;16;48;2;0;0;0m▀[38;2;16;16;16;48;2;0;0;0m▀[38;2;16;16;16;48;2;0;0;0m▀[38;2;16;16;16;48;2;0;0;0m▀[38;2;16;16;16;48;2;0;0;0m▀[38;2;99;123;181;48;2;16;16;16m▀[38;2;99;123;181;48;2;16;16;16m▀[38;2;99;123;181;48;2;16;16;16m▀[38;2;99;123;181;48;2;16;16;16m▀[38;2;74;66;123;48;2;0;0;0m▀[38;2;0;0;0m▀[0m [0m [0m [0m [0m [0m [0m [0m [0m [0m [0m [0m
[0m [0m [0m [0m [38;2;0;0;0m▄[38;2;0;0;0;48;2;99;123;181m▀[38;2;99;123;181;48;2;189;206;255m▀[38;2;140;181;239;48;2;115;33;90m▀[38;2;115;33;90;48;2;181;82;156m▀[38;2;115;33;90;48;2;181;82;156m▀[38;2;181;82;156;48;2;181;82;156m▀[38;2;181;82;156;48;2;181;82;156m▀[38;2;181;82;156;48;2;181;82;156m▀[38;2;115;33;90;48;2;181;82;156m▀[38;2;74;66;123;48;2;115;33;90m▀[38;2;74;66;123;48;2;115;33;90m▀[38;2;99;123;181;48;2;74;66;123m▀[38;2;16;16;16;48;2;140;181;239m▀[38;2;99;99;99;48;2;16;16;16m▀[38;2;255;255;255;48;2;16;16;16m▀[38;2;16;16;16;48;2;74;66;123m▀[38;2;16;16;16;48;2;74;66;123m▀[38;2;230;74;65;48;2;74;66;123m▀[38;2;230;74;65;48;2;230;74;65m▀[38;2;230;74;65;48;2;230;74;65m▀[38;2;230;74;65;48;2;230;74;65m▀[38;2;16;16;16;48;2;16;16;16m▀[38;2;16;16;16;48;2;16;16;16m▀[38;2;214;214;214;48;2;255;255;255m▀[38;2;16;16;16;48;2;214;214;214m▀[38;2;230;74;65;48;2;74;66;123m▀[38;2;16;16;16;48;2;99;123;181m▀[38;2;99;123;181;48;2;99;123;181m▀[38;2;99;123;181;48;2;99;123;181m▀[38;2;99;123;181;48;2;99;123;181m▀[38;2;99;123;181;48;2;16;16;16m▀[38;2;99;123;181;48;2;16;16;16m▀[38;2;16;16;16;48;2;0;0;0m▀[38;2;74;66;123;48;2;74;66;123m▀[38;2;74;66;123;48;2;74;66;123m▀[38;2;189;206;255;48;2;189;206;255m▀[38;2;140;181;239;48;2;140;181;239m▀[38;2;140;181;239;48;2;140;181;239m▀[38;2;140;181;239;48;2;140;181;239m▀[38;2;74;66;123;48;2;140;181;239m▀[38;2;74;66;123;48;2;140;181;239m▀[38;2;0;0;0;48;2;74;66;123m▀[38;2;0;0;0m▄[38;2;0;0;0m▄[38;2;0;0;0m▀[38;2;0;0;0m▀[38;2;0;0;0m▀[38;2;0;0;0m▀[0m [0m [0m [0m [0m [0m [0m [0m [0m [0m [0m [0m [0m [0m
[0m [0m [38;2;0;0;0m▄[38;2;0;0;0m▄[38;2;0;0;0;48;2;99;123;181m▀[38;2;99;123;181;48;2;189;206;255m▀[38;2;140;181;239;48;2;99;123;181m▀[38;2;99;123;181;48;2;99;123;181m▀[38;2;115;33;90;48;2;99;123;181m▀[38;2;115;33;90;48;2;99;123;181m▀[38;2;115;33;90;48;2;99;123;181m▀[38;2;181;82;156;48;2;74;66;123m▀[38;2;181;82;156;48;2;74;66;123m▀[38;2;181;82;156;48;2;74;66;123m▀[38;2;181;82;156;48;2;74;66;123m▀[38;2;181;82;156;48;2;74;66;123m▀[38;2;16;16;16;48;2;74;66;123m▀[38;2;99;123;181;48;2;16;16;16m▀[38;2;140;181;239;48;2;16;16;16m▀[38;2;140;181;239;48;2;16;16;16m▀[38;2;140;181;239;48;2;16;16;16m▀[38;2;140;181;239;48;2;16;16;16m▀[38;2;140;181;239;48;2;140;181;239m▀[38;2;74;66;123;48;2;140;181;239m▀[38;2;74;66;123;48;2;140;181;239m▀[38;2;74;66;123;48;2;140;181;239m▀[38;2;74;66;123;48;2;140;181;239m▀[38;2;74;66;123;48;2;140;181;239m▀[38;2;74;66;123;48;2;140;181;239m▀[38;2;74;66;123;48;2;99;123;181m▀[38;2;99;123;181;48;2;99;123;181m▀[38;2;99;123;181;48;2;16;16;16m▀[38;2;16;16;16;48;2;0;0;0m▀[38;2;16;16;16;48;2;0;0;0m▀[38;2;16;16;16;48;2;0;0;0m▀[38;2;0;0;0m▀[38;2;0;0;0m▀[38;2;0;0;0m▀[38;2;74;66;123;48;2;0;0;0m▀[38;2;74;66;123;48;2;0;0;0m▀[38;2;189;206;255;48;2;74;66;123m▀[38;2;140;181;239;48;2;189;206;255m▀[38;2;140;181;239;48;2;140;181;239m▀[38;2;140;181;239;48;2;140;181;239m▀[38;2;140;181;239;48;2;140;181;239m▀[38;2;140;181;239;48;2;140;181;239m▀[38;2;140;181;239;48;2;140;181;239m▀[38;2;74;66;123;48;2;140;181;239m▀[38;2;74;66;123;48;2;140;181;239m▀[38;2;0;0;0;48;2;74;66;123m▀[38;2;0;0;0;48;2;74;66;123m▀[38;2;0;0;0;48;2;74;66;123m▀[38;2;0;0;0;48;2;74;66;123m▀[38;2;0;0;0m▄[38;2;0;0;0m▄[0m [0m [0m [0m [0m [0m [0m [0m [0m [0m [0m [0m
[0m [38;2;0;0;0;48;2;0;0;0m▀[38;2;99;123;181;48;2;99;123;181m▀[38;2;99;123;181;48;2;99;123;181m▀[38;2;189;206;255;48;2;189;206;255m▀[38;2;140;181;239;48;2;140;181;239m▀[38;2;115;33;90;48;2;115;33;90m▀[38;2;115;33;90;48;2;115;33;90m▀[38;2;115;33;90;48;2;115;33;90m▀[38;2;115;33;90;48;2;115;33;90m▀[38;2;99;123;181;48;2;99;123;181m▀[38;2;99;123;181;48;2;99;123;181m▀[38;2;99;123;181;48;2;99;123;181m▀[38;2;99;123;181;48;2;99;123;181m▀[38;2;99;123;181;48;2;99;123;181m▀[38;2;99;123;181;48;2;99;123;181m▀[38;2;99;123;181;48;2;99;123;181m▀[38;2;74;66;123;48;2;74;66;123m▀[38;2;0;0;0;48;2;0;0;0m▀[38;2;0;0;0m▀[38;2;0;0;0m▀[38;2;0;0;0;48;2;0;0;0m▀[38;2;16;16;16;48;2;16;16;16m▀[38;2;16;16;16;48;2;16;16;16m▀[38;2;140;181;239;48;2;140;181;239m▀[38;2;140;181;239;48;2;140;181;239m▀[38;2;140;181;239;48;2;140;181;239m▀[38;2;140;181;239;48;2;140;181;239m▀[38;2;99;123;181;48;2;99;123;181m▀[38;2;16;16;16;48;2;16;16;16m▀[38;2;16;16;16;48;2;16;16;16m▀[38;2;0;0;0;48;2;0;0;0m▀[0m [0m [0m [0m [0m [0m [0m [38;2;0;0;0;48;2;0;0;0m▀[38;2;74;66;123;48;2;74;66;123m▀[38;2;189;206;255;48;2;189;206;255m▀[38;2;140;181;239;48;2;140;181;239m▀[38;2;140;181;239;48;2;140;181;239m▀[38;2;140;181;239;48;2;140;181;239m▀[38;2;140;181;239;48;2;140;181;239m▀[38;2;140;181;239;48;2;140;181;239m▀[38;2;140;181;239;48;2;140;181;239m▀[38;2;140;181;239;48;2;140;181;239m▀[38;2;140;181;239;48;2;140;181;239m▀[38;2;140;181;239;48;2;140;181;239m▀[38;2;140;181;239;48;2;140;181;239m▀[38;2;140;181;239;48;2;140;181;239m▀[38;2;74;66;123;48;2;74;66;123m▀[38;2;74;66;123;48;2;74;66;123m▀[38;2;0;0;0;48;2;0;0;0m▀[0m [0m [0m [0m [0m [0m [0m [0m [0m [0m [0m
[38;2;0;0;0m▄[38;2;0;0;0;48;2;99;123;181m▀[38;2;99;123;181;48;2;189;206;255m▀[38;2;99;123;181;48;2;189;206;255m▀[38;2;189;206;255;48;2;140;181;239m▀[38;2;115;33;90;48;2;115;33;90m▀[38;2;181;82;156;48;2;181;82;156m▀[38;2;181;82;156;48;2;181;82;156m▀[38;2;181;82;156;48;2;181;82;156m▀[38;2;181;82;156;48;2;181;82;156m▀[38;2;115;33;90;48;2;181;82;156m▀[38;2;115;33;90;48;2;181;82;156m▀[38;2;115;33;90;48;2;181;82;156m▀[38;2;115;33;90;48;2;181;82;156m▀[38;2;115;33;90;48;2;115;33;90m▀[38;2;115;33;90;48;2;115;33;90m▀[38;2;115;33;90;48;2;0;0;0m▀[38;2;0;0;0m▀[0m [0m [0m [0m [38;2;0;0;0m▀[38;2;0;0;0m▀[38;2;16;16;16;48;2;0;0;0m▀[38;2;16;16;16;48;2;0;0;0m▀[38;2;16;16;16;48;2;0;0;0m▀[38;2;16;16;16;48;2;0;0;0m▀[38;2;16;16;16;48;2;0;0;0m▀[38;2;0;0;0m▀[38;2;0;0;0m▀[0m [0m [0m [0m [0m [0m [0m [0m [38;2;0;0;0;48;2;0;0;0m▀[38;2;74;66;123;48;2;74;66;123m▀[38;2;189;206;255;48;2;189;206;255m▀[38;2;140;181;239;48;2;189;206;255m▀[38;2;140;181;239;48;2;189;206;255m▀[38;2;140;181;239;48;2;189;206;255m▀[38;2;140;181;239;48;2;189;206;255m▀[38;2;140;181;239;48;2;189;206;255m▀[38;2;140;181;239;48;2;189;206;255m▀[38;2;140;181;239;48;2;140;181;239m▀[38;2;140;181;239;48;2;74;66;123m▀[38;2;140;181;239;48;2;74;66;123m▀[38;2;140;181;239;48;2;74;66;123m▀[38;2;140;181;239;48;2;99;123;181m▀[38;2;140;181;239;48;2;99;123;181m▀[38;2;140;181;239;48;2;74;66;123m▀[38;2;74;66;123;48;2;0;0;0m▀[38;2;0;0;0m▀[0m [0m [0m [0m [0m [0m [0m [0m [0m [0m
[38;2;0;0;0;48;2;74;66;123m▀[38;2;74;66;123;48;2;140;181;239m▀[38;2;140;181;239;48;2;99;123;181m▀[38;2;140;181;239;48;2;99;123;181m▀[38;2;115;33;90;48;2;115;33;90m▀[38;2;181;82;156;48;2;181;82;156m▀[38;2;181;82;156;48;2;181;82;156m▀[38;2;181;82;156;48;2;181;82;156m▀[38;2;181;82;156;48;2;181;82;156m▀[38;2;181;82;156;48;2;181;82;156m▀[38;2;181;82;156;48;2;181;82;156m▀[38;2;181;82;156;48;2;181;82;156m▀[38;2;181;82;156;48;2;181;82;156m▀[38;2;181;82;156;48;2;181;82;156m▀[38;2;115;33;90;48;2;181;82;156m▀[38;2;115;33;90;48;2;181;82;156m▀[38;2;0;0;0;48;2;0;0;0m▀[0m [0m [0m [0m [0m [0m [0m [0m [0m [0m [0m [0m [0m [0m [0m [0m [0m [0m [0m [0m [0m [0m [38;2;0;0;0m▀[38;2;74;66;123;48;2;0;0;0m▀[38;2;189;206;255;48;2;74;66;123m▀[38;2;189;206;255;48;2;189;206;255m▀[38;2;99;123;181;48;2;99;123;181m▀[38;2;74;66;123;48;2;99;123;181m▀[38;2;74;66;123;48;2;99;123;181m▀[38;2;74;66;123;48;2;99;123;181m▀[38;2;74;66;123;48;2;99;123;181m▀[38;2;99;123;181;48;2;99;123;181m▀[38;2;99;123;181;48;2;99;123;181m▀[38;2;99;123;181;48;2;99;123;181m▀[38;2;99;123;181;48;2;99;123;181m▀[38;2;99;123;181;48;2;99;123;181m▀[38;2;99;123;181;48;2;99;123;181m▀[38;2;16;16;16;48;2;16;16;16m▀[38;2;0;0;0;48;2;0;0;0m▀[0m [0m [0m [0m [0m [0m [0m [0m [0m [0m [0m
[38;2;74;66;123;48;2;74;66;123m▀[38;2;140;181;239;48;2;140;181;239m▀[38;2;99;123;181;48;2;99;123;181m▀[38;2;99;123;181;48;2;99;123;181m▀[38;2;74;66;123;48;2;74;66;123m▀[38;2;74;66;123;48;2;74;66;123m▀[38;2;181;82;156;48;2;181;82;156m▀[38;2;181;82;156;48;2;181;82;156m▀[38;2;181;82;156;48;2;181;82;156m▀[38;2;181;82;156;48;2;181;82;156m▀[38;2;181;82;156;48;2;181;82;156m▀[38;2;181;82;156;48;2;181;82;156m▀[38;2;181;82;156;48;2;181;82;156m▀[38;2;214;115;189;48;2;214;115;189m▀[38;2;181;82;156;48;2;181;82;156m▀[38;2;181;82;156;48;2;181;82;156m▀[38;2;0;0;0;48;2;0;0;0m▀[0m [0m [0m [0m [0m [0m [0m [0m [0m [0m [0m [0m [0m [0m [0m [0m [0m [0m [0m [0m [0m [0m [0m [38;2;0;0;0;48;2;0;0;0m▀[38;2;74;66;123;48;2;74;66;123m▀[38;2;140;181;239;48;2;140;181;239m▀[38;2;99;123;181;48;2;99;123;181m▀[38;2;99;123;181;48;2;99;123;181m▀[38;2;99;123;181;48;2;99;123;181m▀[38;2;99;123;181;48;2;99;123;181m▀[38;2;99;123;181;48;2;99;123;181m▀[38;2;99;123;181;48;2;99;123;181m▀[38;2;99;123;181;48;2;99;123;181m▀[38;2;99;123;181;48;2;99;123;181m▀[38;2;99;123;181;48;2;99;123;181m▀[38;2;99;123;181;48;2;99;123;181m▀[38;2;99;123;181;48;2;99;123;181m▀[38;2;99;123;181;48;2;99;123;181m▀[38;2;16;16;16;48;2;16;16;16m▀[38;2;0;0;0;48;2;0;0;0m▀[0m [0m [0m [0m [0m [0m [0m [0m [0m [0m
[38;2;0;0;0m▀[38;2;16;16;16;48;2;0;0;0m▀[38;2;99;123;181;48;2;16;16;16m▀[38;2;99;123;181;48;2;16;16;16m▀[38;2;99;123;181;48;2;16;16;16m▀[38;2;99;123;181;48;2;99;123;181m▀[38;2;74;66;123;48;2;99;123;181m▀[38;2;74;66;123;48;2;99;123;181m▀[38;2;181;82;156;48;2;115;33;90m▀[38;2;181;82;156;48;2;115;33;90m▀[38;2;181;82;156;48;2;115;33;90m▀[38;2;181;82;156;48;2;181;82;156m▀[38;2;214;115;189;48;2;214;115;189m▀[38;2;214;115;189;48;2;214;115;189m▀[38;2;214;115;189;48;2;214;115;189m▀[38;2;214;115;189;48;2;214;115;189m▀[38;2;115;33;90;48;2;115;33;90m▀[38;2;0;0;0;48;2;0;0;0m▀[0m [0m [0m [0m [0m [0m [0m [0m [0m [0m [0m [0m [0m [0m [0m [0m [0m [0m [0m [0m [0m [0m [38;2;0;0;0;48;2;0;0;0m▀[38;2;74;66;123;48;2;74;66;123m▀[38;2;140;181;239;48;2;140;181;239m▀[38;2;99;123;181;48;2;99;123;181m▀[38;2;99;123;181;48;2;99;123;181m▀[38;2;99;123;181;48;2;99;123;181m▀[38;2;99;123;181;48;2;99;123;181m▀[38;2;99;123;181;48;2;99;123;181m▀[38;2;99;123;181;48;2;99;123;181m▀[38;2;99;123;181;48;2;99;123;181m▀[38;2;99;123;181;48;2;99;123;181m▀[38;2;99;123;181;48;2;99;123;181m▀[38;2;99;123;181;48;2;99;123;181m▀[38;2;99;123;181;48;2;99;123;181m▀[38;2;99;123;181;48;2;99;123;181m▀[38;2;16;16;16;48;2;99;123;181m▀[38;2;0;0;0;48;2;16;16;16m▀[38;2;0;0;0;48;2;16;16;16m▀[38;2;0;0;0m▄[0m [0m [0m [0m [0m [0m [0m [0m
[0m [0m [38;2;0;0;0m▀[38;2;0;0;0m▀[38;2;0;0;0m▀[38;2;16;16;16;48;2;0;0;0m▀[38;2;16;16;16;48;2;0;0;0m▀[38;2;99;123;181;48;2;16;16;16m▀[38;2;99;123;181;48;2;16;16;16m▀[38;2;99;123;181;48;2;16;16;16m▀[38;2;99;123;181;48;2;16;16;16m▀[38;2;99;123;181;48;2;99;123;181m▀[38;2;74;66;123;48;2;99;123;181m▀[38;2;115;33;90;48;2;99;123;181m▀[38;2;181;82;156;48;2;74;66;123m▀[38;2;181;82;156;48;2;74;66;123m▀[38;2;214;115;189;48;2;74;66;123m▀[38;2;115;33;90;48;2;74;66;123m▀[38;2;0;0;0;48;2;74;66;123m▀[38;2;0;0;0;48;2;74;66;123m▀[38;2;0;0;0m▄[38;2;0;0;0m▄[38;2;0;0;0m▄[0m [0m [0m [0m [0m [0m [0m [0m [0m [0m [0m [0m [0m [0m [0m [0m [0m [0m [38;2;0;0;0;48;2;0;0;0m▀[38;2;74;66;123;48;2;74;66;123m▀[38;2;140;181;239;48;2;140;181;239m▀[38;2;99;123;181;48;2;99;123;181m▀[38;2;99;123;181;48;2;99;123;181m▀[38;2;99;123;181;48;2;99;123;181m▀[38;2;99;123;181;48;2;99;123;181m▀[38;2;99;123;181;48;2;99;123;181m▀[38;2;99;123;181;48;2;99;123;181m▀[38;2;99;123;181;48;2;99;123;181m▀[38;2;99;123;181;48;2;99;123;181m▀[38;2;99;123;181;48;2;99;123;181m▀[38;2;99;123;181;48;2;99;123;181m▀[38;2;99;123;181;48;2;99;123;181m▀[38;2;99;123;181;48;2;99;123;181m▀[38;2;99;123;181;48;2;99;123;181m▀[38;2;99;123;181;48;2;99;123;181m▀[38;2;16;16;16;48;2;99;123;181m▀[38;2;0;0;0;48;2;16;16;16m▀[38;2;0;0;0m▄[38;2;0;0;0m▄[0m [0m [0m [0m [0m
[0m [0m [0m [0m [0m [0m [0m [38;2;0;0;0m▀[38;2;0;0;0m▀[38;2;0;0;0m▀[38;2;0;0;0m▀[38;2;16;16;16;48;2;0;0;0m▀[38;2;16;16;16;48;2;0;0;0m▀[38;2;16;16;16;48;2;0;0;0m▀[38;2;99;123;181;48;2;16;16;16m▀[38;2;99;123;181;48;2;16;16;16m▀[38;2;99;123;181;48;2;16;16;16m▀[38;2;99;123;181;48;2;16;16;16m▀[38;2;99;123;181;48;2;16;16;16m▀[38;2;99;123;181;48;2;16;16;16m▀[38;2;16;16;16;48;2;0;0;0m▀[38;2;16;16;16;48;2;0;0;0m▀[38;2;16;16;16;48;2;0;0;0m▀[38;2;0;0;0m▀[0m [0m [0m [0m [0m [0m [0m [0m [0m [0m [0m [0m [0m [0m [0m [0m [0m [38;2;0;0;0m▀[38;2;16;16;16;48;2;0;0;0m▀[38;2;140;181;239;48;2;16;16;16m▀[38;2;140;181;239;48;2;16;16;16m▀[38;2;140;181;239;48;2;16;16;16m▀[38;2;140;181;239;48;2;16;16;16m▀[38;2;99;123;181;48;2;140;181;239m▀[38;2;99;123;181;48;2;140;181;239m▀[38;2;99;123;181;48;2;140;181;239m▀[38;2;99;123;181;48;2;140;181;239m▀[38;2;99;123;181;48;2;140;181;239m▀[38;2;99;123;181;48;2;140;181;239m▀[38;2;99;123;181;48;2;99;123;181m▀[38;2;99;123;181;48;2;99;123;181m▀[38;2;99;123;181;48;2;99;123;181m▀[38;2;99;123;181;48;2;99;123;181m▀[38;2;99;123;181;48;2;99;123;181m▀[38;2;99;123;181;48;2;99;123;181m▀[38;2;99;123;181;48;2;99;123;181m▀[38;2;16;16;16;48;2;99;123;181m▀[38;2;16;16;16;48;2;99;123;181m▀[38;2;0;0;0;48;2;16;16;16m▀[38;2;0;0;0;48;2;16;16;16m▀[38;2;0;0;0;48;2;16;16;16m▀[38;2;0;0;0m▄[0m
[0m [0m [0m [0m [0m [0m [0m [0m [0m [0m [0m [0m [0m [38;2;0;0;0m▀[38;2;16;16;16;48;2;0;0;0m▀[38;2;16;16;16;48;2;0;0;0m▀[38;2;16;16;16;48;2;0;0;0m▀[38;2;16;16;16;48;2;0;0;0m▀[38;2;16;16;16;48;2;0;0;0m▀[38;2;16;16;16;48;2;0;0;0m▀[38;2;0;0;0m▀[0m [0m [0m [0m [0m [0m [0m [0m [0m [0m [0m [0m [0m [0m [0m [0m [0m [0m [0m [0m [0m [38;2;0;0;0m▀[38;2;16;16;16;48;2;0;0;0m▀[38;2;16;16;16;48;2;0;0;0m▀[38;2;16;16;16;48;2;0;0;0m▀[38;2;16;16;16;48;2;0;0;0m▀[38;2;140;181;239;48;2;16;16;16m▀[38;2;140;181;239;48;2;16;16;16m▀[38;2;140;181;239;48;2;16;16;16m▀[38;2;140;181;239;48;2;16;16;16m▀[38;2;140;181;239;48;2;16;16;16m▀[38;2;140;181;239;48;2;16;16;16m▀[38;2;99;123;181;48;2;140;181;239m▀[38;2;99;123;181;48;2;140;181;239m▀[38;2;99;123;181;48;2;140;181;239m▀[38;2;99;123;181;48;2;140;181;239m▀[38;2;99;123;181;48;2;140;181;239m▀[38;2;99;123;181;48;2;140;181;239m▀[38;2;99;123;181;48;2;99;123;181m▀[38;2;99;123;181;48;2;99;123;181m▀[38;2;99;123;181;48;2;99;123;181m▀[38;2;16;16;16;48;2;99;123;181m▀[38;2;16;16;16;48;2;99;123;181m▀[38;2;16;16;16;48;2;99;123;181m▀[38;2;0;0;0;48;2;16;16;16m▀[0m
