[0m [0m [0m [0m [0m [38;2;0;0;0m▄[38;2;0;0;0m▄[38;2;0;0;0m▄[38;2;0;0;0;48;2;16;16;16m▀[38;2;57;49;49;48;2;238;24;0m▀[38;2;57;49;49;48;2;238;24;0m▀[38;2;57;49;49;48;2;238;24;0m▀[38;2;0;0;0;48;2;57;49;49m▀[38;2;0;0;0m▄[0m [0m [0m [0m [0m [0m [0m [0m [0m [0m [0m [0m [0m [0m [0m [0m [0m [0m [0m [0m [0m [0m [0m [0m [0m [0m [0m [0m [0m [0m [0m [0m
[0m [0m [0m [0m [38;2;0;0;0;48;2;0;0;0m▀[38;2;57;49;49;48;2;57;49;49m▀[38;2;57;49;49;48;2;57;49;49m▀[38;2;0;0;0;48;2;0;0;0m▀[38;2;16;16;16;48;2;16;16;16m▀[38;2;238;24;0;48;2;238;24;0m▀[38;2;238;24;0;48;2;238;24;0m▀[38;2;238;24;0;48;2;238;24;0m▀[38;2;57;49;49;48;2;57;49;49m▀[38;2;0;0;0;48;2;0;0;0m▀[0m [0m [0m [0m [0m [0m [0m [0m [0m [0m [0m [0m [0m [0m [0m [0m [0m [0m [0m [0m [0m [0m [0m [0m [0m [0m [0m [0m [0m [0m [0m [0m
[0m [0m [0m [38;2;0;0;0;48;2;0;0;0m▀[38;2;16;16;16;48;2;16;16;16m▀[38;2;41;131;172;48;2;41;131;172m▀[38;2;41;131;172;48;2;41;131;172m▀[38;2;57;49;49;48;2;57;49;49m▀[38;2;0;0;0;48;2;0;0;0m▀[38;2;16;16;16;48;2;16;16;16m▀[38;2;16;16;16;48;2;16;16;16m▀[38;2;82;74;74;48;2;82;74;74m▀[38;2;82;74;74;48;2;82;74;74m▀[38;2;57;49;49;48;2;57;49;49m▀[38;2;0;0;0;48;2;0;0;0m▀[0m [0m [0m [0m [0m [38;2;0;0;0m▄[38;2;0;0;0;48;2;139;139;139m▀[38;2;0;0;0;48;2;139;139;139m▀[38;2;0;0;0;48;2;139;139;139m▀[38;2;0;0;0;48;2;139;139;139m▀[38;2;0;0;0m▄[38;2;0;0;0m▄[0m [0m [0m [0m [0m [0m [0m [0m [0m [0m [0m [0m [0m [0m [0m [0m [0m [0m [0m
[0m [0m [0m [0m [38;2;0;0;0;48;2;0;0;0m▀[38;2;16;16;16;48;2;16;16;16m▀[38;2;82;74;74;48;2;82;74;74m▀[38;2;82;74;74;48;2;82;74;74m▀[38;2;57;49;49;48;2;57;49;49m▀[38;2;0;0;0;48;2;0;0;0m▀[38;2;0;0;0;48;2;0;0;0m▀[38;2;16;16;16;48;2;16;16;16m▀[38;2;82;74;74;48;2;57;49;49m▀[38;2;82;74;74;48;2;82;74;74m▀[38;2;57;49;49;48;2;57;49;49m▀[38;2;0;0;0;48;2;0;0;0m▀[38;2;0;0;0m▄[38;2;0;0;0m▄[38;2;0;0;0m▄[38;2;0;0;0;48;2;0;0;0m▀[38;2;82;74;74;48;2;16;16;16m▀[38;2;180;180;180;48;2;139;139;139m▀[38;2;180;180;180;48;2;139;139;139m▀[38;2;213;213;213;48;2;82;74;74m▀[38;2;213;213;213;48;2;82;74;74m▀[38;2;139;139;139;48;2;213;213;213m▀[38;2;180;180;180;48;2;255;255;255m▀[38;2;0;0;0;48;2;180;180;180m▀[38;2;0;0;0m▄[38;2;0;0;0m▄[0m [0m [38;2;0;0;0m▄[38;2;0;0;0m▄[0m [0m [0m [0m [0m [0m [0m [0m [0m [0m [0m [0m
[0m [0m [0m [0m [0m [38;2;0;0;0;48;2;0;0;0m▀[38;2;16;16;16;48;2;16;16;16m▀[38;2;57;49;49;48;2;57;49;49m▀[38;2;57;49;49;48;2;57;49;49m▀[38;2;57;49;49;48;2;57;49;49m▀[38;2;57;49;49;48;2;57;49;49m▀[38;2;16;16;16;48;2;16;16;16m▀[38;2;57;49;49;48;2;57;49;49m▀[38;2;139;180;164;48;2;139;180;164m▀[38;2;139;180;164;48;2;139;180;164m▀[38;2;139;180;164;48;2;139;180;164m▀[38;2;139;180;164;48;2;139;180;164m▀[38;2;139;180;164;48;2;139;180;164m▀[38;2;90;131;98;48;2;90;131;98m▀[38;2;90;131;98;48;2;90;131;98m▀[38;2;0;0;0;48;2;0;0;0m▀[38;2;16;16;16;48;2;16;16;16m▀[38;2;16;16;16;48;2;16;16;16m▀[38;2;16;16;16;48;2;16;16;16m▀[38;2;82;74;74;48;2;82;74;74m▀[38;2;82;74;74;48;2;82;74;74m▀[38;2;180;180;180;48;2;180;180;180m▀[38;2;180;180;180;48;2;180;180;180m▀[38;2;139;139;139;48;2;139;139;139m▀[38;2;139;139;139;48;2;139;139;139m▀[38;2;0;0;0;48;2;0;0;0m▀[38;2;0;0;0;48;2;0;0;0m▀[38;2;57;49;49;48;2;57;49;49m▀[38;2;57;49;49;48;2;57;49;49m▀[38;2;0;0;0;48;2;0;0;0m▀[38;2;0;0;0m▄[0m [0m [0m [0m [0m [0m [0m [0m [0m [0m
[0m [0m [0m [0m [0m [38;2;0;0;0m▀[38;2;16;16;16;48;2;0;0;0m▀[38;2;57;49;49;48;2;0;0;0m▀[38;2;57;49;49;48;2;0;0;0m▀[38;2;57;49;49;48;2;139;180;164m▀[38;2;57;49;49;48;2;139;180;164m▀[38;2;139;180;164;48;2;213;246;222m▀[38;2;139;180;164;48;2;213;246;222m▀[38;2;213;246;222;48;2;213;246;222m▀[38;2;213;246;222;48;2;213;246;222m▀[38;2;213;246;222;48;2;180;213;189m▀[38;2;213;246;222;48;2;180;213;189m▀[38;2;213;246;222;48;2;180;213;189m▀[38;2;180;213;189;48;2;180;213;189m▀[38;2;180;213;189;48;2;180;213;189m▀[38;2;90;131;98;48;2;180;213;189m▀[38;2;90;131;98;48;2;180;213;189m▀[38;2;90;131;98;48;2;180;213;189m▀[38;2;16;16;16;48;2;90;131;98m▀[38;2;16;16;16;48;2;0;0;0m▀[38;2;16;16;16;48;2;16;16;16m▀[38;2;139;139;139;48;2;16;16;16m▀[38;2;139;139;139;48;2;57;49;49m▀[38;2;82;74;74;48;2;57;49;49m▀[38;2;82;74;74;48;2;57;49;49m▀[38;2;57;49;49;48;2;82;74;74m▀[38;2;57;49;49;48;2;41;131;172m▀[38;2;41;131;172;48;2;41;131;172m▀[38;2;41;131;172;48;2;41;131;172m▀[38;2;57;49;49;48;2;16;16;16m▀[38;2;57;49;49;48;2;16;16;16m▀[38;2;0;0;0;48;2;0;0;0m▀[0m [0m [0m [0m [0m [0m [0m [0m [0m
[0m [0m [0m [0m [0m [38;2;0;0;0m▄[38;2;0;0;0;48;2;82;74;74m▀[38;2;0;0;0;48;2;90;131;98m▀[38;2;90;131;98;48;2;180;213;189m▀[38;2;213;246;222;48;2;213;246;222m▀[38;2;213;246;222;48;2;213;246;222m▀[38;2;213;246;222;48;2;213;246;222m▀[38;2;213;246;222;48;2;213;246;222m▀[38;2;213;246;222;48;2;139;180;164m▀[38;2;180;213;189;48;2;179;179;179m▀[38;2;180;213;189;48;2;179;179;179m▀[38;2;180;213;189;48;2;179;179;179m▀[38;2;180;213;189;48;2;139;180;164m▀[38;2;180;213;189;48;2;180;213;189m▀[38;2;180;213;189;48;2;180;213;189m▀[38;2;180;213;189;48;2;180;213;189m▀[38;2;180;213;189;48;2;180;213;189m▀[38;2;180;213;189;48;2;180;213;189m▀[38;2;180;213;189;48;2;180;213;189m▀[38;2;90;131;98;48;2;180;213;189m▀[38;2;0;0;0;48;2;57;49;49m▀[38;2;57;49;49;48;2;82;74;74m▀[38;2;82;74;74;48;2;82;74;74m▀[38;2;82;74;74;48;2;57;49;49m▀[38;2;82;74;74;48;2;57;49;49m▀[38;2;82;74;74;48;2;57;49;49m▀[38;2;57;49;49;48;2;16;16;16m▀[38;2;41;131;172;48;2;16;16;16m▀[38;2;16;16;16;48;2;0;0;0m▀[38;2;0;0;0;48;2;0;0;0m▀[38;2;0;0;0;48;2;0;0;0m▀[38;2;0;0;0;48;2;57;49;49m▀[38;2;0;0;0;48;2;57;49;49m▀[38;2;0;0;0m▄[0m [0m [0m [0m [0m [0m [0m
[0m [0m [0m [0m [0m [0m [38;2;0;0;0;48;2;0;0;0m▀[38;2;90;131;98;48;2;90;131;98m▀[38;2;180;213;189;48;2;180;213;189m▀[38;2;180;213;189;48;2;180;213;189m▀[38;2;180;213;189;48;2;180;213;189m▀[38;2;180;213;189;48;2;180;213;189m▀[38;2;179;179;179;48;2;179;179;179m▀[38;2;255;255;255;48;2;255;255;255m▀[38;2;255;255;255;48;2;255;255;255m▀[38;2;255;255;255;48;2;255;255;255m▀[38;2;255;255;255;48;2;255;255;255m▀[38;2;255;255;255;48;2;255;255;255m▀[38;2;90;131;98;48;2;90;131;98m▀[38;2;180;213;189;48;2;180;213;189m▀[38;2;180;213;189;48;2;180;213;189m▀[38;2;180;213;189;48;2;180;213;189m▀[38;2;180;213;189;48;2;180;213;189m▀[38;2;180;213;189;48;2;180;213;189m▀[38;2;57;49;49;48;2;57;49;49m▀[38;2;82;74;74;48;2;82;74;74m▀[38;2;82;74;74;48;2;82;74;74m▀[38;2;57;49;49;48;2;57;49;49m▀[38;2;16;16;16;48;2;16;16;16m▀[38;2;16;16;16;48;2;16;16;16m▀[38;2;16;16;16;48;2;16;16;16m▀[38;2;0;0;0;48;2;0;0;0m▀[38;2;0;0;0;48;2;0;0;0m▀[38;2;57;49;49;48;2;57;49;49m▀[38;2;57;49;49;48;2;57;49;49m▀[38;2;57;49;49;48;2;57;49;49m▀[38;2;238;24;0;48;2;238;24;0m▀[38;2;238;24;0;48;2;238;24;0m▀[38;2;57;49;49;48;2;57;49;49m▀[38;2;0;0;0;48;2;0;0;0m▀[0m [0m [0m [0m [0m [0m
[0m [0m [0m [0m [0m [38;2;0;0;0;48;2;0;0;0m▀[38;2;90;131;98;48;2;90;131;98m▀[38;2;139;180;164;48;2;180;213;189m▀[38;2;180;213;189;48;2;180;213;189m▀[38;2;180;213;189;48;2;180;213;189m▀[38;2;180;213;189;48;2;180;213;189m▀[38;2;139;180;164;48;2;90;131;98m▀[38;2;255;255;255;48;2;255;255;255m▀[38;2;255;255;255;48;2;255;255;255m▀[38;2;255;255;255;48;2;0;0;0m▀[38;2;255;255;255;48;2;255;255;255m▀[38;2;255;255;255;48;2;255;255;255m▀[38;2;255;255;255;48;2;255;255;255m▀[38;2;255;255;255;48;2;255;255;255m▀[38;2;139;180;164;48;2;90;131;98m▀[38;2;180;213;189;48;2;180;213;189m▀[38;2;180;213;189;48;2;180;213;189m▀[38;2;180;213;189;48;2;180;213;189m▀[38;2;180;213;189;48;2;180;213;189m▀[38;2;57;49;49;48;2;57;49;49m▀[38;2;82;74;74;48;2;82;74;74m▀[38;2;82;74;74;48;2;82;74;74m▀[38;2;57;49;49;48;2;82;74;74m▀[38;2;16;16;16;48;2;57;49;49m▀[38;2;16;16;16;48;2;57;49;49m▀[38;2;0;0;0;48;2;57;49;49m▀[38;2;57;49;49;48;2;82;74;74m▀[38;2;57;49;49;48;2;82;74;74m▀[38;2;82;74;74;48;2;82;74;74m▀[38;2;238;24;0;48;2;57;49;49m▀[38;2;238;24;0;48;2;57;49;49m▀[38;2;238;24;0;48;2;238;24;0m▀[38;2;238;24;0;48;2;16;16;16m▀[38;2;16;16;16;48;2;0;0;0m▀[38;2;0;0;0m▀[0m [0m [0m [0m [0m [0m
[0m [0m [0m [0m [0m [38;2;0;0;0;48;2;0;0;0m▀[38;2;90;131;98;48;2;90;131;98m▀[38;2;180;213;189;48;2;180;213;189m▀[38;2;180;213;189;48;2;180;213;189m▀[38;2;180;213;189;48;2;180;213;189m▀[38;2;180;213;189;48;2;180;213;189m▀[38;2;90;131;98;48;2;139;180;164m▀[38;2;255;255;255;48;2;255;255;255m▀[38;2;255;255;255;48;2;255;255;255m▀[38;2;255;255;255;48;2;255;255;255m▀[38;2;255;255;255;48;2;255;255;255m▀[38;2;255;255;255;48;2;255;255;255m▀[38;2;255;255;255;48;2;255;255;255m▀[38;2;224;224;224;48;2;224;224;224m▀[38;2;90;131;98;48;2;139;180;164m▀[38;2;180;213;189;48;2;180;213;189m▀[38;2;180;213;189;48;2;180;213;189m▀[38;2;180;213;189;48;2;180;213;189m▀[38;2;139;180;164;48;2;139;180;164m▀[38;2;139;180;164;48;2;139;180;164m▀[38;2;57;49;49;48;2;16;16;16m▀[38;2;82;74;74;48;2;57;49;49m▀[38;2;82;74;74;48;2;57;49;49m▀[38;2;82;74;74;48;2;82;74;74m▀[38;2;82;74;74;48;2;82;74;74m▀[38;2;82;74;74;48;2;57;49;49m▀[38;2;82;74;74;48;2;16;16;16m▀[38;2;57;49;49;48;2;16;16;16m▀[38;2;16;16;16;48;2;16;16;16m▀[38;2;16;16;16;48;2;0;0;0m▀[38;2;16;16;16;48;2;0;0;0m▀[38;2;16;16;16;48;2;0;0;0m▀[38;2;0;0;0m▀[0m [0m [0m [0m [0m [0m [0m [0m
[0m [0m [0m [0m [0m [38;2;0;0;0;48;2;0;0;0m▀[38;2;90;131;98;48;2;90;131;98m▀[38;2;180;213;189;48;2;180;213;189m▀[38;2;180;213;189;48;2;180;213;189m▀[38;2;180;213;189;48;2;180;213;189m▀[38;2;180;213;189;48;2;180;213;189m▀[38;2;180;213;189;48;2;180;213;189m▀[38;2;90;131;98;48;2;90;131;98m▀[38;2;255;255;255;48;2;255;255;255m▀[38;2;255;255;255;48;2;255;255;255m▀[38;2;224;224;224;48;2;224;224;224m▀[38;2;224;224;224;48;2;224;224;224m▀[38;2;224;224;224;48;2;224;224;224m▀[38;2;90;131;98;48;2;90;131;98m▀[38;2;180;213;189;48;2;180;213;189m▀[38;2;180;213;189;48;2;180;213;189m▀[38;2;180;213;189;48;2;180;213;189m▀[38;2;180;213;189;48;2;180;213;189m▀[38;2;139;180;164;48;2;139;180;164m▀[38;2;139;180;164;48;2;139;180;164m▀[38;2;139;180;164;48;2;139;180;164m▀[38;2;16;16;16;48;2;16;16;16m▀[38;2;16;16;16;48;2;16;16;16m▀[38;2;16;16;16;48;2;16;16;16m▀[38;2;16;16;16;48;2;16;16;16m▀[38;2;16;16;16;48;2;16;16;16m▀[38;2;16;16;16;48;2;16;16;16m▀[38;2;0;0;0;48;2;0;0;0m▀[38;2;0;0;0m▀[0m [0m [0m [0m [0m [0m [0m [0m [0m [0m [0m [0m
[0m [0m [0m [0m [38;2;0;0;0;48;2;0;0;0m▀[38;2;90;131;98;48;2;16;16;16m▀[38;2;213;246;222;48;2;213;246;222m▀[38;2;213;246;222;48;2;180;213;189m▀[38;2;180;213;189;48;2;139;180;164m▀[38;2;180;213;189;48;2;180;213;189m▀[38;2;180;213;189;48;2;180;213;189m▀[38;2;180;213;189;48;2;139;180;164m▀[38;2;180;213;189;48;2;180;213;189m▀[38;2;139;180;164;48;2;180;213;189m▀[38;2;90;131;98;48;2;180;213;189m▀[38;2;90;131;98;48;2;180;213;189m▀[38;2;90;131;98;48;2;180;213;189m▀[38;2;139;180;164;48;2;180;213;189m▀[38;2;180;213;189;48;2;180;213;189m▀[38;2;180;213;189;48;2;139;180;164m▀[38;2;180;213;189;48;2;139;180;164m▀[38;2;139;180;164;48;2;139;180;164m▀[38;2;139;180;164;48;2;139;180;164m▀[38;2;139;180;164;48;2;139;180;164m▀[38;2;139;180;164;48;2;139;180;164m▀[38;2;139;180;164;48;2;139;180;164m▀[38;2;16;16;16;48;2;16;16;16m▀[38;2;0;0;0;48;2;0;0;0m▀[38;2;0;0;0;48;2;0;0;0m▀[38;2;0;0;0;48;2;0;0;0m▀[38;2;0;0;0;48;2;0;0;0m▀[38;2;0;0;0;48;2;0;0;0m▀[38;2;0;0;0m▄[0m [0m [0m [0m [0m [0m [0m [0m [0m [0m [0m [0m [0m
[38;2;0;0;0m▄[38;2;0;0;0;48;2;139;180;164m▀[38;2;0;0;0m▄[38;2;0;0;0m▄[38;2;0;0;0;48;2;139;180;164m▀[38;2;0;0;0;48;2;0;0;0m▀[38;2;16;16;16;48;2;0;0;0m▀[38;2;90;131;98;48;2;16;16;16m▀[38;2;180;213;189;48;2;16;16;16m▀[38;2;180;213;189;48;2;180;213;189m▀[38;2;180;213;189;48;2;180;213;189m▀[38;2;180;213;189;48;2;180;213;189m▀[38;2;180;213;189;48;2;139;180;164m▀[38;2;180;213;189;48;2;90;131;98m▀[38;2;180;213;189;48;2;90;131;98m▀[38;2;180;213;189;48;2;90;131;98m▀[38;2;180;213;189;48;2;90;131;98m▀[38;2;180;213;189;48;2;90;131;98m▀[38;2;139;180;164;48;2;90;131;98m▀[38;2;139;180;164;48;2;131;41;0m▀[38;2;90;131;98;48;2;131;41;0m▀[38;2;139;180;164;48;2;139;180;164m▀[38;2;139;180;164;48;2;139;180;164m▀[38;2;139;180;164;48;2;139;180;164m▀[38;2;139;180;164;48;2;139;180;164m▀[38;2;16;16;16;48;2;90;131;98m▀[38;2;0;0;0;48;2;0;0;0m▀[38;2;0;0;0;48;2;139;180;164m▀[38;2;139;180;164;48;2;180;213;189m▀[38;2;139;180;164;48;2;180;213;189m▀[38;2;90;131;98;48;2;180;213;189m▀[38;2;90;131;98;48;2;139;180;164m▀[38;2;90;131;98;48;2;139;180;164m▀[38;2;0;0;0;48;2;16;16;16m▀[38;2;0;0;0m▄[0m [0m [0m [0m [0m [0m [0m [0m [0m [0m [0m
[38;2;0;0;0;48;2;0;0;0m▀[38;2;90;131;98;48;2;90;131;98m▀[38;2;180;213;189;48;2;180;213;189m▀[38;2;180;213;189;48;2;180;213;189m▀[38;2;139;180;164;48;2;139;180;164m▀[38;2;90;131;98;48;2;90;131;98m▀[38;2;16;16;16;48;2;16;16;16m▀[38;2;16;16;16;48;2;16;16;16m▀[38;2;139;180;164;48;2;139;180;164m▀[38;2;16;16;16;48;2;16;16;16m▀[38;2;16;16;16;48;2;16;16;16m▀[38;2;16;16;16;48;2;16;16;16m▀[38;2;131;41;0;48;2;131;41;0m▀[38;2;205;123;41;48;2;205;123;41m▀[38;2;205;123;41;48;2;205;123;41m▀[38;2;205;123;41;48;2;205;123;41m▀[38;2;205;123;41;48;2;205;123;41m▀[38;2;205;123;41;48;2;205;123;41m▀[38;2;131;41;0;48;2;131;41;0m▀[38;2;131;41;0;48;2;131;41;0m▀[38;2;139;180;164;48;2;139;180;164m▀[38;2;139;180;164;48;2;139;180;164m▀[38;2;139;180;164;48;2;139;180;164m▀[38;2;139;180;164;48;2;139;180;164m▀[38;2;16;16;16;48;2;16;16;16m▀[38;2;139;180;164;48;2;139;180;164m▀[38;2;82;74;74;48;2;82;74;74m▀[38;2;180;213;189;48;2;180;213;189m▀[38;2;180;213;189;48;2;180;213;189m▀[38;2;180;213;189;48;2;180;213;189m▀[38;2;90;131;98;48;2;90;131;98m▀[38;2;139;180;164;48;2;139;180;164m▀[38;2;16;16;16;48;2;16;16;16m▀[38;2;0;0;0;48;2;0;0;0m▀[0m [0m [0m [0m [0m [0m [0m [0m [0m [0m [0m [0m
[38;2;139;180;164;48;2;90;131;98m▀[38;2;180;213;189;48;2;180;213;189m▀[38;2;180;213;189;48;2;180;213;189m▀[38;2;180;213;189;48;2;180;213;189m▀[38;2;180;213;189;48;2;180;213;189m▀[38;2;180;213;189;48;2;180;213;189m▀[38;2;139;180;164;48;2;180;213;189m▀[38;2;139;180;164;48;2;180;213;189m▀[38;2;16;16;16;48;2;180;213;189m▀[38;2;139;180;164;48;2;16;16;16m▀[38;2;139;180;164;48;2;16;16;16m▀[38;2;139;180;164;48;2;90;131;98m▀[38;2;131;41;0;48;2;139;180;164m▀[38;2;131;41;0;48;2;139;180;164m▀[38;2;131;41;0;48;2;139;180;164m▀[38;2;131;41;0;48;2;139;180;164m▀[38;2;131;41;0;48;2;139;180;164m▀[38;2;131;41;0;48;2;139;180;164m▀[38;2;139;180;164;48;2;139;180;164m▀[38;2;139;180;164;48;2;16;16;16m▀[38;2;139;180;164;48;2;16;16;16m▀[38;2;90;131;98;48;2;205;123;41m▀[38;2;90;131;98;48;2;205;123;41m▀[38;2;16;16;16;48;2;213;205;205m▀[38;2;90;131;98;48;2;139;180;164m▀[38;2;180;213;189;48;2;180;213;189m▀[38;2;180;213;189;48;2;180;213;189m▀[38;2;180;213;189;48;2;180;213;189m▀[38;2;90;131;98;48;2;139;180;164m▀[38;2;90;131;98;48;2;139;180;164m▀[38;2;90;131;98;48;2;139;180;164m▀[38;2;139;180;164;48;2;16;16;16m▀[38;2;16;16;16;48;2;0;0;0m▀[38;2;0;0;0m▀[0m [0m [0m [0m [0m [0m [0m [0m [0m [0m [0m [0m
[38;2;0;0;0m▀[38;2;90;131;98;48;2;0;0;0m▀[38;2;139;180;164;48;2;90;131;98m▀[38;2;139;180;164;48;2;90;131;98m▀[38;2;180;213;189;48;2;139;180;164m▀[38;2;180;213;189;48;2;139;180;164m▀[38;2;180;213;189;48;2;139;180;164m▀[38;2;180;213;189;48;2;139;180;164m▀[38;2;180;213;189;48;2;139;180;164m▀[38;2;139;180;164;48;2;139;180;164m▀[38;2;139;180;164;48;2;139;180;164m▀[38;2;139;180;164;48;2;205;123;41m▀[38;2;90;131;98;48;2;230;172;90m▀[38;2;16;16;16;48;2;255;213;106m▀[38;2;16;16;16;48;2;255;213;106m▀[38;2;16;16;16;48;2;255;213;106m▀[38;2;16;16;16;48;2;255;213;106m▀[38;2;16;16;16;48;2;255;213;106m▀[38;2;16;16;16;48;2;230;172;90m▀[38;2;230;172;90;48;2;230;172;90m▀[38;2;230;172;90;48;2;230;172;90m▀[38;2;230;172;90;48;2;90;131;98m▀[38;2;230;172;90;48;2;90;131;98m▀[38;2;90;131;98;48;2;139;180;164m▀[38;2;180;213;189;48;2;180;213;189m▀[38;2;180;213;189;48;2;180;213;189m▀[38;2;180;213;189;48;2;139;180;164m▀[38;2;139;180;164;48;2;139;180;164m▀[38;2;139;180;164;48;2;139;180;164m▀[38;2;139;180;164;48;2;139;180;164m▀[38;2;139;180;164;48;2;16;16;16m▀[38;2;16;16;16;48;2;0;0;0m▀[38;2;0;0;0m▀[0m [0m [0m [0m [38;2;0;0;0m▄[38;2;0;0;0m▄[38;2;0;0;0m▄[38;2;0;0;0m▄[0m [0m [0m [0m [0m
[0m [0m [38;2;0;0;0m▀[38;2;0;0;0m▀[38;2;90;131;98;48;2;0;0;0m▀[38;2;90;131;98;48;2;0;0;0m▀[38;2;139;180;164;48;2;16;16;16m▀[38;2;139;180;164;48;2;16;16;16m▀[38;2;139;180;164;48;2;139;180;164m▀[38;2;205;123;41;48;2;205;123;41m▀[38;2;205;123;41;48;2;205;123;41m▀[38;2;205;123;41;48;2;255;230;156m▀[38;2;255;213;106;48;2;205;123;41m▀[38;2;255;213;106;48;2;205;123;41m▀[38;2;255;213;106;48;2;205;123;41m▀[38;2;255;213;106;48;2;205;123;41m▀[38;2;255;213;106;48;2;205;123;41m▀[38;2;205;123;41;48;2;230;172;90m▀[38;2;205;123;41;48;2;255;213;106m▀[38;2;205;123;41;48;2;255;213;106m▀[38;2;205;123;41;48;2;255;213;106m▀[38;2;90;131;98;48;2;205;123;41m▀[38;2;90;131;98;48;2;205;123;41m▀[38;2;139;180;164;48;2;90;131;98m▀[38;2;139;180;164;48;2;139;180;164m▀[38;2;139;180;164;48;2;139;180;164m▀[38;2;139;180;164;48;2;139;180;164m▀[38;2;139;180;164;48;2;16;16;16m▀[38;2;16;16;16;48;2;82;74;74m▀[38;2;16;16;16;48;2;82;74;74m▀[38;2;57;49;49;48;2;82;74;74m▀[38;2;0;0;0;48;2;57;49;49m▀[38;2;0;0;0m▄[38;2;0;0;0m▄[38;2;0;0;0;48;2;90;131;98m▀[38;2;0;0;0;48;2;90;131;98m▀[38;2;0;0;0;48;2;90;131;98m▀[38;2;90;131;98;48;2;180;213;189m▀[38;2;90;131;98;48;2;180;213;189m▀[38;2;90;131;98;48;2;180;213;189m▀[38;2;90;131;98;48;2;139;180;164m▀[38;2;0;0;0;48;2;90;131;98m▀[38;2;0;0;0;48;2;90;131;98m▀[38;2;0;0;0m▄[0m [0m
[0m [0m [0m [0m [0m [38;2;0;0;0m▀[38;2;16;16;16;48;2;0;0;0m▀[38;2;16;16;16;48;2;0;0;0m▀[38;2;139;180;164;48;2;205;123;41m▀[38;2;205;123;41;48;2;255;230;156m▀[38;2;205;123;41;48;2;255;230;156m▀[38;2;255;230;156;48;2;255;230;156m▀[38;2;205;123;41;48;2;255;213;106m▀[38;2;205;123;41;48;2;230;172;90m▀[38;2;205;123;41;48;2;255;230;156m▀[38;2;205;123;41;48;2;255;230;156m▀[38;2;205;123;41;48;2;255;230;156m▀[38;2;230;172;90;48;2;255;230;156m▀[38;2;255;213;106;48;2;255;230;156m▀[38;2;255;213;106;48;2;255;213;106m▀[38;2;255;213;106;48;2;255;213;106m▀[38;2;205;123;41;48;2;205;123;41m▀[38;2;205;123;41;48;2;205;123;41m▀[38;2;90;131;98;48;2;230;172;90m▀[38;2;139;180;164;48;2;16;16;16m▀[38;2;139;180;164;48;2;16;16;16m▀[38;2;139;180;164;48;2;16;16;16m▀[38;2;16;16;16;48;2;213;205;205m▀[38;2;82;74;74;48;2;82;74;74m▀[38;2;82;74;74;48;2;82;74;74m▀[38;2;82;74;74;48;2;82;74;74m▀[38;2;57;49;49;48;2;57;49;49m▀[38;2;0;0;0;48;2;0;0;0m▀[38;2;0;0;0;48;2;90;131;98m▀[38;2;90;131;98;48;2;139;180;164m▀[38;2;90;131;98;48;2;139;180;164m▀[38;2;90;131;98;48;2;180;213;189m▀[38;2;180;213;189;48;2;180;213;189m▀[38;2;180;213;189;48;2;180;213;189m▀[38;2;180;213;189;48;2;180;213;189m▀[38;2;139;180;164;48;2;180;213;189m▀[38;2;90;131;98;48;2;139;180;164m▀[38;2;90;131;98;48;2;139;180;164m▀[38;2;0;0;0;48;2;90;131;98m▀[38;2;0;0;0m▄[0m
[0m [0m [0m [0m [0m [0m [0m [38;2;0;0;0;48;2;0;0;0m▀[38;2;205;123;41;48;2;205;123;41m▀[38;2;255;230;156;48;2;255;230;156m▀[38;2;255;230;156;48;2;255;230;156m▀[38;2;255;230;156;48;2;139;139;139m▀[38;2;139;139;139;48;2;213;213;213m▀[38;2;82;74;74;48;2;82;74;74m▀[38;2;82;74;74;48;2;213;213;213m▀[38;2;255;230;156;48;2;82;74;74m▀[38;2;255;230;156;48;2;82;74;74m▀[38;2;255;230;156;48;2;255;230;156m▀[38;2;255;230;156;48;2;255;230;156m▀[38;2;255;213;106;48;2;255;213;106m▀[38;2;230;172;90;48;2;205;123;41m▀[38;2;230;172;90;48;2;255;213;106m▀[38;2;230;172;90;48;2;255;213;106m▀[38;2;230;172;90;48;2;230;172;90m▀[38;2;230;172;90;48;2;230;172;90m▀[38;2;57;49;49;48;2;57;49;49m▀[38;2;213;205;205;48;2;213;205;205m▀[38;2;213;205;205;48;2;213;205;205m▀[38;2;82;74;74;48;2;82;74;74m▀[38;2;82;74;74;48;2;82;74;74m▀[38;2;82;74;74;48;2;82;74;74m▀[38;2;57;49;49;48;2;16;16;16m▀[38;2;90;131;98;48;2;139;180;164m▀[38;2;139;180;164;48;2;139;180;164m▀[38;2;180;213;189;48;2;139;180;164m▀[38;2;180;213;189;48;2;139;180;164m▀[38;2;180;213;189;48;2;180;213;189m▀[38;2;180;213;189;48;2;180;213;189m▀[38;2;180;213;189;48;2;90;131;98m▀[38;2;180;213;189;48;2;90;131;98m▀[38;2;180;213;189;48;2;180;213;189m▀[38;2;180;213;189;48;2;180;213;189m▀[38;2;180;213;189;48;2;180;213;189m▀[38;2;90;131;98;48;2;139;180;164m▀[38;2;0;0;0;48;2;16;16;16m▀[0m
[0m [0m [0m [0m [0m [0m [0m [38;2;0;0;0;48;2;0;0;0m▀[38;2;205;123;41;48;2;205;123;41m▀[38;2;205;123;41;48;2;255;230;156m▀[38;2;205;123;41;48;2;255;230;156m▀[38;2;82;74;74;48;2;82;74;74m▀[38;2;16;16;16;48;2;213;213;213m▀[38;2;82;74;74;48;2;16;16;16m▀[38;2;16;16;16;48;2;180;180;180m▀[38;2;82;74;74;48;2;82;74;74m▀[38;2;82;74;74;48;2;82;74;74m▀[38;2;255;230;156;48;2;230;172;90m▀[38;2;255;213;106;48;2;205;123;41m▀[38;2;205;123;41;48;2;205;123;41m▀[38;2;255;213;106;48;2;255;213;106m▀[38;2;255;213;106;48;2;255;213;106m▀[38;2;255;213;106;48;2;255;213;106m▀[38;2;230;172;90;48;2;255;213;106m▀[38;2;230;172;90;48;2;230;172;90m▀[38;2;82;74;74;48;2;205;123;41m▀[38;2;213;205;205;48;2;82;74;74m▀[38;2;213;205;205;48;2;213;205;205m▀[38;2;82;74;74;48;2;16;16;16m▀[38;2;82;74;74;48;2;16;16;16m▀[38;2;16;16;16;48;2;82;74;74m▀[38;2;57;49;49;48;2;57;49;49m▀[38;2;139;180;164;48;2;139;180;164m▀[38;2;139;180;164;48;2;139;180;164m▀[38;2;139;180;164;48;2;139;180;164m▀[38;2;139;180;164;48;2;139;180;164m▀[38;2;139;180;164;48;2;90;131;98m▀[38;2;90;131;98;48;2;139;180;164m▀[38;2;180;213;189;48;2;180;213;189m▀[38;2;180;213;189;48;2;180;213;189m▀[38;2;90;131;98;48;2;180;213;189m▀[38;2;180;213;189;48;2;139;180;164m▀[38;2;180;213;189;48;2;139;180;164m▀[38;2;139;180;164;48;2;139;180;164m▀[38;2;16;16;16;48;2;16;16;16m▀[0m
[0m [0m [0m [0m [0m [0m [0m [38;2;0;0;0;48;2;0;0;0m▀[38;2;205;123;41;48;2;205;123;41m▀[38;2;255;230;156;48;2;255;230;156m▀[38;2;255;230;156;48;2;255;230;156m▀[38;2;82;74;74;48;2;255;230;156m▀[38;2;213;213;213;48;2;82;74;74m▀[38;2;16;16;16;48;2;82;74;74m▀[38;2;180;180;180;48;2;82;74;74m▀[38;2;82;74;74;48;2;255;230;156m▀[38;2;82;74;74;48;2;255;230;156m▀[38;2;230;172;90;48;2;255;230;156m▀[38;2;205;123;41;48;2;255;213;106m▀[38;2;205;123;41;48;2;230;172;90m▀[38;2;255;213;106;48;2;205;123;41m▀[38;2;255;213;106;48;2;255;213;106m▀[38;2;255;213;106;48;2;255;213;106m▀[38;2;255;213;106;48;2;255;213;106m▀[38;2;230;172;90;48;2;230;172;90m▀[38;2;205;123;41;48;2;205;123;41m▀[38;2;82;74;74;48;2;57;49;49m▀[38;2;213;205;205;48;2;213;205;205m▀[38;2;16;16;16;48;2;213;205;205m▀[38;2;16;16;16;48;2;213;205;205m▀[38;2;82;74;74;48;2;82;74;74m▀[38;2;57;49;49;48;2;16;16;16m▀[38;2;139;180;164;48;2;139;180;164m▀[38;2;139;180;164;48;2;139;180;164m▀[38;2;139;180;164;48;2;139;180;164m▀[38;2;139;180;164;48;2;139;180;164m▀[38;2;90;131;98;48;2;16;16;16m▀[38;2;139;180;164;48;2;139;180;164m▀[38;2;180;213;189;48;2;139;180;164m▀[38;2;180;213;189;48;2;139;180;164m▀[38;2;180;213;189;48;2;139;180;164m▀[38;2;139;180;164;48;2;139;180;164m▀[38;2;139;180;164;48;2;139;180;164m▀[38;2;139;180;164;48;2;16;16;16m▀[38;2;16;16;16;48;2;0;0;0m▀[0m
[0m [0m [0m [0m [0m [38;2;0;0;0m▄[38;2;0;0;0;48;2;139;180;164m▀[38;2;139;180;164;48;2;180;213;189m▀[38;2;205;123;41;48;2;180;213;189m▀[38;2;255;213;106;48;2;205;123;41m▀[38;2;255;213;106;48;2;205;123;41m▀[38;2;255;230;156;48;2;255;213;106m▀[38;2;255;230;156;48;2;255;213;106m▀[38;2;230;172;90;48;2;230;172;90m▀[38;2;255;230;156;48;2;255;213;106m▀[38;2;255;230;156;48;2;255;230;156m▀[38;2;255;230;156;48;2;255;230;156m▀[38;2;255;230;156;48;2;255;230;156m▀[38;2;255;230;156;48;2;255;230;156m▀[38;2;255;213;106;48;2;255;213;106m▀[38;2;230;172;90;48;2;230;172;90m▀[38;2;205;123;41;48;2;230;172;90m▀[38;2;205;123;41;48;2;230;172;90m▀[38;2;230;172;90;48;2;139;180;164m▀[38;2;139;180;164;48;2;180;213;189m▀[38;2;139;180;164;48;2;180;213;189m▀[38;2;90;131;98;48;2;180;213;189m▀[38;2;90;131;98;48;2;139;180;164m▀[38;2;213;205;205;48;2;90;131;98m▀[38;2;213;205;205;48;2;90;131;98m▀[38;2;82;74;74;48;2;213;205;205m▀[38;2;16;16;16;48;2;16;16;16m▀[38;2;139;180;164;48;2;139;180;164m▀[38;2;139;180;164;48;2;139;180;164m▀[38;2;139;180;164;48;2;139;180;164m▀[38;2;139;180;164;48;2;139;180;164m▀[38;2;16;16;16;48;2;139;180;164m▀[38;2;139;180;164;48;2;16;16;16m▀[38;2;139;180;164;48;2;139;180;164m▀[38;2;139;180;164;48;2;139;180;164m▀[38;2;139;180;164;48;2;139;180;164m▀[38;2;139;180;164;48;2;16;16;16m▀[38;2;139;180;164;48;2;16;16;16m▀[38;2;16;16;16;48;2;0;0;0m▀[38;2;0;0;0m▀[0m
[0m [0m [0m [0m [38;2;0;0;0;48;2;0;0;0m▀[38;2;139;180;164;48;2;139;180;164m▀[38;2;180;213;189;48;2;180;213;189m▀[38;2;180;213;189;48;2;180;213;189m▀[38;2;180;213;189;48;2;180;213;189m▀[38;2;205;123;41;48;2;180;213;189m▀[38;2;205;123;41;48;2;180;213;189m▀[38;2;230;172;90;48;2;205;123;41m▀[38;2;230;172;90;48;2;205;123;41m▀[38;2;205;123;41;48;2;230;172;90m▀[38;2;205;123;41;48;2;230;172;90m▀[38;2;230;172;90;48;2;205;123;41m▀[38;2;230;172;90;48;2;205;123;41m▀[38;2;230;172;90;48;2;205;123;41m▀[38;2;230;172;90;48;2;230;172;90m▀[38;2;230;172;90;48;2;230;172;90m▀[38;2;230;172;90;48;2;230;172;90m▀[38;2;139;180;164;48;2;90;131;98m▀[38;2;139;180;164;48;2;90;131;98m▀[38;2;180;213;189;48;2;180;213;189m▀[38;2;180;213;189;48;2;180;213;189m▀[38;2;180;213;189;48;2;180;213;189m▀[38;2;180;213;189;48;2;180;213;189m▀[38;2;180;213;189;48;2;180;213;189m▀[38;2;139;180;164;48;2;139;180;164m▀[38;2;139;180;164;48;2;139;180;164m▀[38;2;90;131;98;48;2;16;16;16m▀[38;2;139;180;164;48;2;139;180;164m▀[38;2;139;180;164;48;2;139;180;164m▀[38;2;139;180;164;48;2;139;180;164m▀[38;2;139;180;164;48;2;139;180;164m▀[38;2;139;180;164;48;2;139;180;164m▀[38;2;139;180;164;48;2;16;16;16m▀[38;2;139;180;164;48;2;16;16;16m▀[38;2;16;16;16;48;2;16;16;16m▀[38;2;16;16;16;48;2;0;0;0m▀[38;2;16;16;16;48;2;0;0;0m▀[38;2;0;0;0m▀[38;2;0;0;0m▀[0m [0m [0m
[0m [0m [0m [0m [38;2;0;0;0;48;2;0;0;0m▀[38;2;139;180;164;48;2;90;131;98m▀[38;2;180;213;189;48;2;180;213;189m▀[38;2;180;213;189;48;2;180;213;189m▀[38;2;180;213;189;48;2;180;213;189m▀[38;2;180;213;189;48;2;180;213;189m▀[38;2;180;213;189;48;2;180;213;189m▀[38;2;205;123;41;48;2;139;180;164m▀[38;2;205;123;41;48;2;131;41;0m▀[38;2;230;172;90;48;2;230;172;90m▀[38;2;230;172;90;48;2;230;172;90m▀[38;2;205;123;41;48;2;230;172;90m▀[38;2;205;123;41;48;2;230;172;90m▀[38;2;205;123;41;48;2;230;172;90m▀[38;2;230;172;90;48;2;205;123;41m▀[38;2;230;172;90;48;2;205;123;41m▀[38;2;230;172;90;48;2;205;123;41m▀[38;2;90;131;98;48;2;90;131;98m▀[38;2;90;131;98;48;2;90;131;98m▀[38;2;180;213;189;48;2;180;213;189m▀[38;2;180;213;189;48;2;180;213;189m▀[38;2;180;213;189;48;2;180;213;189m▀[38;2;180;213;189;48;2;180;213;189m▀[38;2;180;213;189;48;2;180;213;189m▀[38;2;139;180;164;48;2;139;180;164m▀[38;2;139;180;164;48;2;139;180;164m▀[38;2;16;16;16;48;2;90;131;98m▀[38;2;139;180;164;48;2;16;16;16m▀[38;2;139;180;164;48;2;16;16;16m▀[38;2;139;180;164;48;2;16;16;16m▀[38;2;139;180;164;48;2;16;16;16m▀[38;2;139;180;164;48;2;16;16;16m▀[38;2;16;16;16;48;2;0;0;0m▀[38;2;16;16;16;48;2;0;0;0m▀[38;2;16;16;16;48;2;0;0;0m▀[38;2;0;0;0m▀[0m [0m [0m [0m [0m [0m
[0m [0m [0m [0m [38;2;0;0;0m▀[38;2;16;16;16;48;2;0;0;0m▀[38;2;139;180;164;48;2;16;16;16m▀[38;2;180;213;189;48;2;139;180;164m▀[38;2;180;213;189;48;2;139;180;164m▀[38;2;139;180;164;48;2;139;180;164m▀[38;2;139;180;164;48;2;139;180;164m▀[38;2;139;180;164;48;2;139;180;164m▀[38;2;139;180;164;48;2;139;180;164m▀[38;2;131;41;0;48;2;139;180;164m▀[38;2;131;41;0;48;2;16;16;16m▀[38;2;230;172;90;48;2;131;41;0m▀[38;2;230;172;90;48;2;131;41;0m▀[38;2;230;172;90;48;2;131;41;0m▀[38;2;230;172;90;48;2;16;16;16m▀[38;2;230;172;90;48;2;16;16;16m▀[38;2;205;123;41;48;2;16;16;16m▀[38;2;16;16;16;48;2;16;16;16m▀[38;2;16;16;16;48;2;16;16;16m▀[38;2;139;180;164;48;2;90;131;98m▀[38;2;180;213;189;48;2;139;180;164m▀[38;2;180;213;189;48;2;139;180;164m▀[38;2;180;213;189;48;2;139;180;164m▀[38;2;139;180;164;48;2;139;180;164m▀[38;2;139;180;164;48;2;139;180;164m▀[38;2;139;180;164;48;2;139;180;164m▀[38;2;139;180;164;48;2;139;180;164m▀[38;2;16;16;16;48;2;16;16;16m▀[38;2;0;0;0;48;2;0;0;0m▀[38;2;0;0;0m▀[38;2;0;0;0m▀[38;2;0;0;0m▀[0m [0m [0m [0m [0m [0m [0m [0m [0m [0m
[0m [0m [0m [0m [38;2;0;0;0m▄[38;2;0;0;0;48;2;90;131;98m▀[38;2;90;131;98;48;2;180;213;189m▀[38;2;139;180;164;48;2;139;180;164m▀[38;2;139;180;164;48;2;90;131;98m▀[38;2;139;180;164;48;2;180;213;189m▀[38;2;139;180;164;48;2;180;213;189m▀[38;2;139;180;164;48;2;139;180;164m▀[38;2;139;180;164;48;2;16;16;16m▀[38;2;16;16;16;48;2;16;16;16m▀[38;2;16;16;16;48;2;0;0;0m▀[38;2;0;0;0m▀[38;2;0;0;0m▀[38;2;0;0;0m▀[38;2;0;0;0m▀[38;2;0;0;0m▀[38;2;0;0;0m▀[38;2;0;0;0m▀[38;2;0;0;0m▀[38;2;16;16;16;48;2;0;0;0m▀[38;2;139;180;164;48;2;16;16;16m▀[38;2;139;180;164;48;2;139;180;164m▀[38;2;139;180;164;48;2;139;180;164m▀[38;2;139;180;164;48;2;139;180;164m▀[38;2;139;180;164;48;2;139;180;164m▀[38;2;139;180;164;48;2;139;180;164m▀[38;2;139;180;164;48;2;139;180;164m▀[38;2;16;16;16;48;2;139;180;164m▀[38;2;0;0;0;48;2;16;16;16m▀[38;2;0;0;0m▄[0m [0m [0m [0m [0m [0m [0m [0m [0m [0m [0m [0m
[0m [0m [0m [0m [38;2;0;0;0m▀[38;2;90;131;98;48;2;0;0;0m▀[38;2;180;213;189;48;2;16;16;16m▀[38;2;139;180;164;48;2;16;16;16m▀[38;2;90;131;98;48;2;0;0;0m▀[38;2;180;213;189;48;2;16;16;16m▀[38;2;180;213;189;48;2;16;16;16m▀[38;2;139;180;164;48;2;16;16;16m▀[38;2;16;16;16;48;2;0;0;0m▀[38;2;16;16;16;48;2;0;0;0m▀[38;2;0;0;0m▀[0m [0m [0m [0m [0m [0m [0m [0m [38;2;0;0;0;48;2;0;0;0m▀[38;2;16;16;16;48;2;16;16;16m▀[38;2;139;180;164;48;2;180;213;189m▀[38;2;139;180;164;48;2;139;180;164m▀[38;2;139;180;164;48;2;16;16;16m▀[38;2;139;180;164;48;2;180;213;189m▀[38;2;139;180;164;48;2;180;213;189m▀[38;2;139;180;164;48;2;90;131;98m▀[38;2;139;180;164;48;2;16;16;16m▀[38;2;16;16;16;48;2;16;16;16m▀[38;2;0;0;0;48;2;0;0;0m▀[0m [0m [0m [0m [0m [0m [0m [0m [0m [0m [0m [0m
