[38;2;0;0;0;48;2;0;0;0m▀[38;2;0;0;0;48;2;0;0;0m▀[38;2;0;0;0;48;2;0;0;0m▀[38;2;0;0;0;48;2;0;0;0m▀[38;2;0;0;0;48;2;0;0;0m▀[38;2;0;0;0;48;2;0;0;0m▀[38;2;0;0;0m▄[38;2;0;0;0m▄[0m [0m [0m [0m [0m [0m [0m [0m [0m [0m [0m [0m [0m [0m [0m [0m [0m [0m [0m [0m [0m [0m [0m [0m [0m [0m [0m [0m [0m [38;2;0;0;0m▄[38;2;0;0;0m▄[38;2;0;0;0;48;2;0;0;0m▀[38;2;0;0;0;48;2;40;40;40m▀[38;2;0;0;0;48;2;40;40;40m▀[38;2;0;0;0;48;2;0;0;0m▀[38;2;0;0;0;48;2;80;80;88m▀[38;2;0;0;0;48;2;80;80;88m▀[38;2;0;0;0;48;2;80;80;88m▀[38;2;0;0;0;48;2;40;40;40m▀[38;2;0;0;0;48;2;0;0;0m▀[38;2;0;0;0;48;2;0;0;0m▀[38;2;0;0;0;48;2;0;0;0m▀[0m [0m [0m [0m [0m [0m [0m [0m
[38;2;0;0;0;48;2;0;0;0m▀[38;2;40;40;40;48;2;40;40;40m▀[38;2;80;80;88;48;2;80;80;88m▀[38;2;80;80;88;48;2;80;80;88m▀[38;2;80;80;88;48;2;80;80;88m▀[38;2;80;80;88;48;2;80;80;88m▀[38;2;40;40;40;48;2;40;40;40m▀[38;2;0;0;0;48;2;0;0;0m▀[38;2;0;0;0;48;2;0;0;0m▀[38;2;0;0;0m▄[38;2;0;0;0m▄[0m [0m [0m [0m [0m [0m [0m [0m [0m [0m [0m [0m [0m [0m [0m [0m [0m [0m [0m [0m [0m [0m [0m [38;2;0;0;0m▄[38;2;0;0;0m▄[38;2;0;0;0;48;2;0;0;0m▀[38;2;0;0;0;48;2;0;0;0m▀[38;2;0;0;0;48;2;0;0;0m▀[38;2;80;80;88;48;2;80;80;88m▀[38;2;80;80;88;48;2;80;80;88m▀[38;2;80;80;88;48;2;80;80;88m▀[38;2;80;80;88;48;2;80;80;88m▀[38;2;80;80;88;48;2;80;80;88m▀[38;2;40;40;40;48;2;40;40;40m▀[38;2;40;40;40;48;2;40;40;40m▀[38;2;0;0;0;48;2;0;0;0m▀[38;2;0;0;0;48;2;0;0;0m▀[38;2;0;0;0m▀[0m [38;2;0;0;0m▄[38;2;0;0;0m▄[0m [0m [0m [0m [0m [0m
[38;2;0;0;0;48;2;0;0;0m▀[38;2;0;0;0;48;2;0;0;0m▀[38;2;40;40;40;48;2;40;40;40m▀[38;2;40;40;40;48;2;40;40;40m▀[38;2;40;40;40;48;2;40;40;40m▀[38;2;80;80;88;48;2;40;40;40m▀[38;2;80;80;88;48;2;80;80;88m▀[38;2;80;80;88;48;2;80;80;88m▀[38;2;0;0;0;48;2;240;224;80m▀[38;2;0;0;0;48;2;240;224;80m▀[38;2;0;0;0;48;2;240;224;80m▀[38;2;0;0;0;48;2;152;80;0m▀[38;2;0;0;0;48;2;152;80;0m▀[38;2;0;0;0m▄[38;2;0;0;0m▄[0m [0m [0m [38;2;0;0;0m▄[38;2;0;0;0m▄[38;2;0;0;0;48;2;240;184;32m▀[38;2;0;0;0;48;2;240;184;32m▀[38;2;0;0;0;48;2;240;184;32m▀[38;2;0;0;0;48;2;240;184;32m▀[38;2;0;0;0;48;2;240;184;32m▀[38;2;0;0;0m▄[38;2;0;0;0m▄[38;2;0;0;0m▄[0m [0m [0m [38;2;0;0;0m▄[38;2;0;0;0;48;2;152;80;0m▀[38;2;0;0;0;48;2;152;80;0m▀[38;2;152;80;0;48;2;240;224;80m▀[38;2;152;80;0;48;2;240;224;80m▀[38;2;152;80;0;48;2;240;224;80m▀[38;2;240;224;80;48;2;240;224;80m▀[38;2;240;224;80;48;2;240;224;80m▀[38;2;80;80;88;48;2;240;224;80m▀[38;2;80;80;88;48;2;40;40;40m▀[38;2;80;80;88;48;2;40;40;40m▀[38;2;40;40;40;48;2;40;40;40m▀[38;2;40;40;40;48;2;40;40;40m▀[38;2;40;40;40;48;2;40;40;40m▀[38;2;40;40;40;48;2;0;0;0m▀[38;2;0;0;0;48;2;0;0;0m▀[38;2;0;0;0;48;2;0;0;0m▀[38;2;0;0;0m▄[38;2;0;0;0;48;2;152;80;0m▀[38;2;152;80;0;48;2;240;224;80m▀[38;2;152;80;0;48;2;240;224;80m▀[38;2;0;0;0;48;2;152;80;0m▀[38;2;0;0;0m▄[38;2;0;0;0m▄[0m [0m [0m
[0m [38;2;0;0;0;48;2;0;0;0m▀[38;2;0;0;0;48;2;0;0;0m▀[38;2;0;0;0;48;2;0;0;0m▀[38;2;40;40;40;48;2;40;40;40m▀[38;2;40;40;40;48;2;40;40;40m▀[38;2;40;40;40;48;2;40;40;40m▀[38;2;240;224;80;48;2;240;224;80m▀[38;2;248;240;160;48;2;240;224;80m▀[38;2;248;240;160;48;2;248;240;160m▀[38;2;248;240;160;48;2;248;240;160m▀[38;2;240;224;80;48;2;248;240;160m▀[38;2;240;224;80;48;2;248;240;160m▀[38;2;152;80;0;48;2;240;224;80m▀[38;2;152;80;0;48;2;240;224;80m▀[38;2;0;0;0;48;2;152;80;0m▀[38;2;0;0;0;48;2;152;80;0m▀[38;2;0;0;0;48;2;240;184;32m▀[38;2;240;184;32;48;2;248;240;160m▀[38;2;240;184;32;48;2;248;240;160m▀[38;2;248;240;160;48;2;248;240;160m▀[38;2;248;240;160;48;2;248;240;160m▀[38;2;248;240;160;48;2;248;240;160m▀[38;2;248;240;160;48;2;248;240;160m▀[38;2;248;240;160;48;2;248;240;160m▀[38;2;240;184;32;48;2;248;240;160m▀[38;2;240;184;32;48;2;248;240;160m▀[38;2;152;80;0;48;2;240;224;80m▀[38;2;0;0;0;48;2;152;80;0m▀[38;2;0;0;0;48;2;152;80;0m▀[38;2;0;0;0;48;2;152;80;0m▀[38;2;152;80;0;48;2;240;224;80m▀[38;2;240;184;32;48;2;240;224;80m▀[38;2;240;224;80;48;2;240;224;80m▀[38;2;240;224;80;48;2;240;224;80m▀[38;2;240;224;80;48;2;240;224;80m▀[38;2;240;224;80;48;2;240;224;80m▀[38;2;240;224;80;48;2;240;224;80m▀[38;2;240;224;80;48;2;240;224;80m▀[38;2;240;224;80;48;2;216;144;0m▀[38;2;40;40;40;48;2;40;40;40m▀[38;2;40;40;40;48;2;40;40;40m▀[38;2;40;40;40;48;2;40;40;40m▀[38;2;40;40;40;48;2;40;40;40m▀[38;2;0;0;0;48;2;0;0;0m▀[38;2;0;0;0;48;2;0;0;0m▀[38;2;0;0;0;48;2;216;144;0m▀[38;2;152;80;0;48;2;240;224;80m▀[38;2;152;80;0;48;2;240;224;80m▀[38;2;240;224;80;48;2;240;224;80m▀[38;2;240;224;80;48;2;240;224;80m▀[38;2;240;224;80;48;2;240;224;80m▀[38;2;240;224;80;48;2;240;224;80m▀[38;2;152;80;0;48;2;152;80;0m▀[38;2;152;80;0;48;2;152;80;0m▀[38;2;0;0;0;48;2;0;0;0m▀[0m [0m
[0m [0m [38;2;0;0;0m▀[38;2;0;0;0;48;2;0;0;0m▀[38;2;0;0;0;48;2;0;0;0m▀[38;2;40;40;40;48;2;40;40;40m▀[38;2;152;80;0;48;2;152;80;0m▀[38;2;240;224;80;48;2;240;224;80m▀[38;2;240;224;80;48;2;240;224;80m▀[38;2;240;224;80;48;2;240;224;80m▀[38;2;240;224;80;48;2;240;224;80m▀[38;2;240;224;80;48;2;240;224;80m▀[38;2;248;240;160;48;2;248;240;160m▀[38;2;248;240;160;48;2;248;240;160m▀[38;2;240;224;80;48;2;240;224;80m▀[38;2;240;184;32;48;2;240;184;32m▀[38;2;240;184;32;48;2;240;184;32m▀[38;2;248;240;160;48;2;248;240;160m▀[38;2;248;240;160;48;2;248;240;160m▀[38;2;248;240;160;48;2;248;240;160m▀[38;2;248;240;160;48;2;248;240;160m▀[38;2;248;240;160;48;2;248;240;160m▀[38;2;248;240;160;48;2;248;240;160m▀[38;2;248;240;160;48;2;248;240;160m▀[38;2;248;240;160;48;2;248;240;160m▀[38;2;240;224;80;48;2;240;224;80m▀[38;2;240;224;80;48;2;240;224;80m▀[38;2;240;224;80;48;2;240;224;80m▀[38;2;240;224;80;48;2;240;224;80m▀[38;2;240;224;80;48;2;240;224;80m▀[38;2;240;224;80;48;2;240;224;80m▀[38;2;240;224;80;48;2;240;224;80m▀[38;2;240;224;80;48;2;240;224;80m▀[38;2;240;224;80;48;2;240;224;80m▀[38;2;240;224;80;48;2;240;224;80m▀[38;2;240;224;80;48;2;240;224;80m▀[38;2;240;224;80;48;2;240;224;80m▀[38;2;240;184;32;48;2;240;184;32m▀[38;2;16;16;16;48;2;16;16;16m▀[38;2;115;65;24;48;2;115;65;24m▀[38;2;240;184;32;48;2;240;184;32m▀[38;2;240;184;32;48;2;240;184;32m▀[38;2;40;40;40;48;2;40;40;40m▀[38;2;0;0;0;48;2;0;0;0m▀[38;2;0;0;0;48;2;0;0;0m▀[38;2;216;144;0;48;2;216;144;0m▀[38;2;240;224;80;48;2;240;224;80m▀[38;2;240;224;80;48;2;240;224;80m▀[38;2;240;224;80;48;2;240;224;80m▀[38;2;240;224;80;48;2;240;224;80m▀[38;2;240;224;80;48;2;240;224;80m▀[38;2;240;224;80;48;2;240;224;80m▀[38;2;240;224;80;48;2;240;224;80m▀[38;2;240;224;80;48;2;240;224;80m▀[38;2;240;224;80;48;2;240;224;80m▀[38;2;152;80;0;48;2;152;80;0m▀[38;2;0;0;0;48;2;0;0;0m▀[0m
[0m [0m [0m [38;2;0;0;0m▀[38;2;16;16;16;48;2;0;0;0m▀[38;2;240;184;32;48;2;16;16;16m▀[38;2;152;80;0;48;2;152;80;0m▀[38;2;115;65;24;48;2;115;65;24m▀[38;2;240;224;80;48;2;16;16;16m▀[38;2;240;224;80;48;2;240;224;80m▀[38;2;240;224;80;48;2;240;224;80m▀[38;2;240;224;80;48;2;240;224;80m▀[38;2;240;224;80;48;2;240;224;80m▀[38;2;240;224;80;48;2;240;184;32m▀[38;2;240;184;32;48;2;248;240;160m▀[38;2;248;240;160;48;2;248;240;160m▀[38;2;248;240;160;48;2;248;240;160m▀[38;2;248;240;160;48;2;248;240;160m▀[38;2;248;240;160;48;2;248;240;160m▀[38;2;248;240;160;48;2;248;240;160m▀[38;2;248;240;160;48;2;240;224;80m▀[38;2;248;240;160;48;2;240;224;80m▀[38;2;248;240;160;48;2;240;224;80m▀[38;2;240;224;80;48;2;240;224;80m▀[38;2;240;224;80;48;2;240;224;80m▀[38;2;240;224;80;48;2;240;224;80m▀[38;2;240;224;80;48;2;240;224;80m▀[38;2;240;224;80;48;2;240;184;32m▀[38;2;240;224;80;48;2;240;224;80m▀[38;2;240;224;80;48;2;240;224;80m▀[38;2;240;224;80;48;2;240;224;80m▀[38;2;240;224;80;48;2;240;224;80m▀[38;2;240;224;80;48;2;240;224;80m▀[38;2;216;144;0;48;2;240;184;32m▀[38;2;216;144;0;48;2;16;16;16m▀[38;2;216;144;0;48;2;16;16;16m▀[38;2;0;0;0;48;2;16;16;16m▀[38;2;0;0;0;48;2;16;16;16m▀[38;2;16;16;16;48;2;16;16;16m▀[38;2;115;65;24;48;2;115;65;24m▀[38;2;240;184;32;48;2;240;184;32m▀[38;2;240;184;32;48;2;240;184;32m▀[38;2;240;184;32;48;2;16;16;16m▀[38;2;16;16;16;48;2;240;224;80m▀[38;2;216;144;0;48;2;240;224;80m▀[38;2;240;224;80;48;2;240;224;80m▀[38;2;240;224;80;48;2;240;224;80m▀[38;2;240;224;80;48;2;240;224;80m▀[38;2;240;224;80;48;2;240;224;80m▀[38;2;240;224;80;48;2;240;224;80m▀[38;2;240;224;80;48;2;240;224;80m▀[38;2;240;224;80;48;2;240;224;80m▀[38;2;240;224;80;48;2;240;224;80m▀[38;2;240;224;80;48;2;240;224;80m▀[38;2;240;224;80;48;2;240;224;80m▀[38;2;152;80;0;48;2;152;80;0m▀[38;2;0;0;0;48;2;0;0;0m▀[0m
[0m [0m [0m [0m [38;2;0;0;0m▀[38;2;16;16;16;48;2;0;0;0m▀[38;2;240;184;32;48;2;16;16;16m▀[38;2;152;80;0;48;2;240;184;32m▀[38;2;16;16;16;48;2;115;65;24m▀[38;2;16;16;16;48;2;16;16;16m▀[38;2;16;16;16;48;2;16;16;16m▀[38;2;240;224;80;48;2;16;16;16m▀[38;2;152;80;0;48;2;240;184;32m▀[38;2;240;184;32;48;2;152;80;0m▀[38;2;248;240;160;48;2;240;224;80m▀[38;2;248;240;160;48;2;248;240;160m▀[38;2;248;240;160;48;2;248;240;160m▀[38;2;248;240;160;48;2;240;224;80m▀[38;2;248;240;160;48;2;240;224;80m▀[38;2;240;224;80;48;2;240;224;80m▀[38;2;240;224;80;48;2;240;224;80m▀[38;2;240;224;80;48;2;152;80;0m▀[38;2;240;224;80;48;2;152;80;0m▀[38;2;240;224;80;48;2;16;16;16m▀[38;2;240;224;80;48;2;16;16;16m▀[38;2;16;16;16;48;2;240;184;32m▀[38;2;152;80;0;48;2;240;224;80m▀[38;2;240;224;80;48;2;240;224;80m▀[38;2;240;224;80;48;2;240;224;80m▀[38;2;240;224;80;48;2;240;224;80m▀[38;2;240;224;80;48;2;240;224;80m▀[38;2;240;224;80;48;2;240;224;80m▀[38;2;240;224;80;48;2;240;224;80m▀[38;2;240;224;80;48;2;240;224;80m▀[38;2;240;184;32;48;2;240;184;32m▀[38;2;240;184;32;48;2;240;184;32m▀[38;2;16;16;16;48;2;240;184;32m▀[38;2;16;16;16;48;2;16;16;16m▀[38;2;115;65;24;48;2;115;65;24m▀[38;2;115;65;24;48;2;240;184;32m▀[38;2;240;184;32;48;2;16;16;16m▀[38;2;240;184;32;48;2;16;16;16m▀[38;2;16;16;16;48;2;240;224;80m▀[38;2;240;224;80;48;2;240;224;80m▀[38;2;240;224;80;48;2;240;224;80m▀[38;2;240;224;80;48;2;240;224;80m▀[38;2;240;224;80;48;2;240;224;80m▀[38;2;240;224;80;48;2;240;224;80m▀[38;2;240;224;80;48;2;240;224;80m▀[38;2;240;224;80;48;2;240;224;80m▀[38;2;240;224;80;48;2;240;224;80m▀[38;2;240;224;80;48;2;240;224;80m▀[38;2;240;224;80;48;2;240;224;80m▀[38;2;240;224;80;48;2;240;224;80m▀[38;2;240;224;80;48;2;240;224;80m▀[38;2;240;224;80;48;2;240;224;80m▀[38;2;152;80;0;48;2;152;80;0m▀[0m
[0m [0m [0m [0m [0m [0m [38;2;0;0;0;48;2;0;0;0m▀[38;2;16;16;16;48;2;16;16;16m▀[38;2;240;184;32;48;2;240;184;32m▀[38;2;16;16;16;48;2;16;16;16m▀[38;2;16;16;16;48;2;16;16;16m▀[38;2;240;184;32;48;2;240;184;32m▀[38;2;248;240;160;48;2;248;240;160m▀[38;2;152;80;0;48;2;152;80;0m▀[38;2;240;224;80;48;2;240;224;80m▀[38;2;240;224;80;48;2;240;224;80m▀[38;2;240;224;80;48;2;240;224;80m▀[38;2;240;224;80;48;2;240;224;80m▀[38;2;240;224;80;48;2;240;224;80m▀[38;2;240;224;80;48;2;240;224;80m▀[38;2;152;80;0;48;2;152;80;0m▀[38;2;240;224;80;48;2;240;224;80m▀[38;2;240;224;80;48;2;240;224;80m▀[38;2;240;224;80;48;2;240;224;80m▀[38;2;152;80;0;48;2;152;80;0m▀[38;2;240;224;80;48;2;240;224;80m▀[38;2;240;224;80;48;2;240;224;80m▀[38;2;240;224;80;48;2;240;224;80m▀[38;2;240;224;80;48;2;240;224;80m▀[38;2;240;224;80;48;2;240;224;80m▀[38;2;240;224;80;48;2;240;224;80m▀[38;2;240;224;80;48;2;240;224;80m▀[38;2;240;224;80;48;2;240;224;80m▀[38;2;240;224;80;48;2;240;224;80m▀[38;2;240;224;80;48;2;240;224;80m▀[38;2;240;224;80;48;2;240;224;80m▀[38;2;240;184;32;48;2;240;184;32m▀[38;2;240;184;32;48;2;240;184;32m▀[38;2;115;65;24;48;2;115;65;24m▀[38;2;240;184;32;48;2;240;184;32m▀[38;2;16;16;16;48;2;16;16;16m▀[38;2;16;16;16;48;2;16;16;16m▀[38;2;240;224;80;48;2;240;224;80m▀[38;2;240;224;80;48;2;240;224;80m▀[38;2;240;224;80;48;2;240;224;80m▀[38;2;240;224;80;48;2;240;224;80m▀[38;2;240;224;80;48;2;240;224;80m▀[38;2;240;224;80;48;2;240;224;80m▀[38;2;240;224;80;48;2;240;224;80m▀[38;2;240;224;80;48;2;240;224;80m▀[38;2;240;224;80;48;2;240;224;80m▀[38;2;240;224;80;48;2;240;224;80m▀[38;2;240;224;80;48;2;240;224;80m▀[38;2;240;224;80;48;2;240;224;80m▀[38;2;240;224;80;48;2;240;224;80m▀[38;2;240;224;80;48;2;240;224;80m▀[38;2;152;80;0;48;2;152;80;0m▀[0m
[0m [0m [0m [0m [0m [0m [38;2;0;0;0m▀[38;2;16;16;16;48;2;0;0;0m▀[38;2;240;184;32;48;2;16;16;16m▀[38;2;240;184;32;48;2;240;184;32m▀[38;2;240;184;32;48;2;240;184;32m▀[38;2;248;240;160;48;2;248;240;160m▀[38;2;248;240;160;48;2;240;184;32m▀[38;2;240;224;80;48;2;0;0;0m▀[38;2;152;80;0;48;2;0;0;0m▀[38;2;240;224;80;48;2;152;80;0m▀[38;2;240;224;80;48;2;152;80;0m▀[38;2;240;224;80;48;2;240;184;32m▀[38;2;240;224;80;48;2;240;224;80m▀[38;2;240;224;80;48;2;240;224;80m▀[38;2;240;224;80;48;2;240;224;80m▀[38;2;240;224;80;48;2;240;184;32m▀[38;2;240;224;80;48;2;240;184;32m▀[38;2;240;224;80;48;2;152;80;0m▀[38;2;16;16;16;48;2;240;224;80m▀[38;2;240;224;80;48;2;240;184;32m▀[38;2;240;184;32;48;2;40;40;40m▀[38;2;152;80;0;48;2;0;0;0m▀[38;2;152;80;0;48;2;0;0;0m▀[38;2;152;80;0;48;2;0;0;0m▀[38;2;152;80;0;48;2;40;40;40m▀[38;2;240;184;32;48;2;230;230;230m▀[38;2;240;224;80;48;2;240;184;32m▀[38;2;240;224;80;48;2;240;224;80m▀[38;2;240;224;80;48;2;240;224;80m▀[38;2;240;224;80;48;2;240;224;80m▀[38;2;240;184;32;48;2;240;184;32m▀[38;2;240;184;32;48;2;240;184;32m▀[38;2;240;184;32;48;2;240;184;32m▀[38;2;16;16;16;48;2;16;16;16m▀[38;2;240;184;32;48;2;240;184;32m▀[38;2;240;184;32;48;2;240;184;32m▀[38;2;240;184;32;48;2;240;184;32m▀[38;2;240;184;32;48;2;240;184;32m▀[38;2;240;224;80;48;2;240;184;32m▀[38;2;240;224;80;48;2;240;184;32m▀[38;2;240;224;80;48;2;240;224;80m▀[38;2;240;224;80;48;2;240;224;80m▀[38;2;240;224;80;48;2;240;224;80m▀[38;2;240;224;80;48;2;240;224;80m▀[38;2;240;224;80;48;2;240;224;80m▀[38;2;240;224;80;48;2;240;224;80m▀[38;2;240;224;80;48;2;0;0;0m▀[38;2;240;224;80;48;2;0;0;0m▀[38;2;240;224;80;48;2;0;0;0m▀[38;2;0;0;0;48;2;0;0;0m▀[38;2;0;0;0m▀[0m
[0m [0m [0m [0m [0m [0m [0m [38;2;0;0;0;48;2;0;0;0m▀[38;2;240;184;32;48;2;240;184;32m▀[38;2;240;224;80;48;2;240;184;32m▀[38;2;240;224;80;48;2;240;184;32m▀[38;2;240;224;80;48;2;255;255;255m▀[38;2;80;80;88;48;2;0;0;0m▀[38;2;255;255;255;48;2;255;255;255m▀[38;2;255;255;255;48;2;255;255;255m▀[38;2;0;0;0;48;2;0;0;0m▀[38;2;0;0;0;48;2;0;0;0m▀[38;2;152;80;0;48;2;240;224;80m▀[38;2;152;80;0;48;2;240;224;80m▀[38;2;152;80;0;48;2;240;224;80m▀[38;2;152;80;0;48;2;240;224;80m▀[38;2;152;80;0;48;2;240;224;80m▀[38;2;152;80;0;48;2;240;224;80m▀[38;2;240;224;80;48;2;240;224;80m▀[38;2;240;184;32;48;2;152;80;0m▀[38;2;0;0;0;48;2;0;0;0m▀[38;2;255;255;255;48;2;255;255;255m▀[38;2;255;255;255;48;2;255;255;255m▀[38;2;0;0;0;48;2;0;0;0m▀[38;2;0;0;0;48;2;0;0;0m▀[38;2;0;0;0;48;2;0;0;0m▀[38;2;40;40;40;48;2;0;0;0m▀[38;2;230;230;230;48;2;255;255;255m▀[38;2;240;184;32;48;2;152;80;0m▀[38;2;240;224;80;48;2;240;224;80m▀[38;2;240;224;80;48;2;240;224;80m▀[38;2;240;224;80;48;2;240;224;80m▀[38;2;240;184;32;48;2;240;184;32m▀[38;2;240;184;32;48;2;240;184;32m▀[38;2;240;184;32;48;2;240;184;32m▀[38;2;16;16;16;48;2;16;16;16m▀[38;2;16;16;16;48;2;16;16;16m▀[38;2;240;184;32;48;2;240;184;32m▀[38;2;240;184;32;48;2;240;184;32m▀[38;2;240;184;32;48;2;240;184;32m▀[38;2;240;184;32;48;2;240;184;32m▀[38;2;240;184;32;48;2;240;184;32m▀[38;2;240;184;32;48;2;0;0;0m▀[38;2;240;184;32;48;2;0;0;0m▀[38;2;240;224;80;48;2;0;0;0m▀[38;2;0;0;0;48;2;0;0;0m▀[38;2;0;0;0;48;2;0;0;0m▀[38;2;0;0;0m▀[38;2;0;0;0m▀[38;2;0;0;0m▀[0m [0m [0m
[0m [0m [0m [0m [0m [0m [38;2;0;0;0;48;2;0;0;0m▀[38;2;240;184;32;48;2;240;184;32m▀[38;2;248;240;160;48;2;248;240;160m▀[38;2;240;184;32;48;2;240;184;32m▀[38;2;240;184;32;48;2;240;184;32m▀[38;2;255;255;255;48;2;255;255;255m▀[38;2;0;0;0;48;2;0;0;0m▀[38;2;0;0;0;48;2;0;0;0m▀[38;2;0;0;0;48;2;0;0;0m▀[38;2;0;0;0;48;2;0;0;0m▀[38;2;0;0;0;48;2;0;0;0m▀[38;2;240;224;80;48;2;240;224;80m▀[38;2;240;224;80;48;2;240;224;80m▀[38;2;240;224;80;48;2;240;224;80m▀[38;2;240;224;80;48;2;240;224;80m▀[38;2;240;224;80;48;2;240;224;80m▀[38;2;240;224;80;48;2;240;224;80m▀[38;2;240;224;80;48;2;240;224;80m▀[38;2;152;80;0;48;2;152;80;0m▀[38;2;0;0;0;48;2;0;0;0m▀[38;2;40;40;40;48;2;40;40;40m▀[38;2;0;0;0;48;2;0;0;0m▀[38;2;0;0;0;48;2;0;0;0m▀[38;2;0;0;0;48;2;0;0;0m▀[38;2;40;40;40;48;2;40;40;40m▀[38;2;0;0;0;48;2;0;0;0m▀[38;2;255;255;255;48;2;255;255;255m▀[38;2;152;80;0;48;2;152;80;0m▀[38;2;240;224;80;48;2;240;224;80m▀[38;2;240;224;80;48;2;240;224;80m▀[38;2;240;224;80;48;2;240;224;80m▀[38;2;240;184;32;48;2;240;184;32m▀[38;2;240;184;32;48;2;240;184;32m▀[38;2;240;184;32;48;2;240;184;32m▀[38;2;240;184;32;48;2;240;184;32m▀[38;2;240;184;32;48;2;240;184;32m▀[38;2;16;16;16;48;2;16;16;16m▀[38;2;240;184;32;48;2;240;184;32m▀[38;2;240;184;32;48;2;240;184;32m▀[38;2;0;0;0;48;2;0;0;0m▀[38;2;0;0;0;48;2;0;0;0m▀[38;2;0;0;0;48;2;0;0;0m▀[38;2;0;0;0m▀[38;2;0;0;0m▀[0m [0m [0m [0m [0m [0m [0m [0m
[0m [0m [38;2;0;0;0m▄[38;2;0;0;0m▄[38;2;0;0;0;48;2;240;184;32m▀[38;2;0;0;0;48;2;240;184;32m▀[38;2;240;184;32;48;2;248;240;160m▀[38;2;152;80;0;48;2;152;80;0m▀[38;2;248;240;160;48;2;248;240;160m▀[38;2;240;184;32;48;2;240;184;32m▀[38;2;240;184;32;48;2;240;184;32m▀[38;2;255;255;255;48;2;230;230;230m▀[38;2;40;40;40;48;2;230;230;230m▀[38;2;0;0;0;48;2;80;80;88m▀[38;2;40;40;40;48;2;80;80;88m▀[38;2;0;0;0;48;2;240;184;32m▀[38;2;0;0;0;48;2;240;184;32m▀[38;2;240;224;80;48;2;240;224;80m▀[38;2;240;224;80;48;2;240;224;80m▀[38;2;240;224;80;48;2;240;224;80m▀[38;2;240;224;80;48;2;240;224;80m▀[38;2;240;224;80;48;2;240;224;80m▀[38;2;240;224;80;48;2;240;224;80m▀[38;2;240;224;80;48;2;240;224;80m▀[38;2;152;80;0;48;2;240;184;32m▀[38;2;0;0;0;48;2;230;230;230m▀[38;2;40;40;40;48;2;0;0;0m▀[38;2;40;40;40;48;2;80;80;88m▀[38;2;40;40;40;48;2;80;80;88m▀[38;2;40;40;40;48;2;80;80;88m▀[38;2;40;40;40;48;2;0;0;0m▀[38;2;0;0;0;48;2;230;230;230m▀[38;2;230;230;230;48;2;230;230;230m▀[38;2;152;80;0;48;2;240;184;32m▀[38;2;240;224;80;48;2;240;224;80m▀[38;2;240;224;80;48;2;240;224;80m▀[38;2;240;224;80;48;2;240;224;80m▀[38;2;240;184;32;48;2;240;184;32m▀[38;2;240;184;32;48;2;240;184;32m▀[38;2;240;184;32;48;2;240;184;32m▀[38;2;240;184;32;48;2;240;184;32m▀[38;2;240;184;32;48;2;240;184;32m▀[38;2;152;80;0;48;2;240;224;80m▀[38;2;152;80;0;48;2;240;224;80m▀[38;2;96;48;8;48;2;152;80;0m▀[38;2;0;0;0;48;2;152;80;0m▀[38;2;0;0;0;48;2;0;0;0m▀[0m [0m [0m [0m [0m [0m [0m [0m [0m [0m [0m
[0m [38;2;0;0;0;48;2;0;0;0m▀[38;2;152;80;0;48;2;152;80;0m▀[38;2;152;80;0;48;2;152;80;0m▀[38;2;240;224;80;48;2;240;224;80m▀[38;2;248;240;160;48;2;240;224;80m▀[38;2;240;224;80;48;2;240;224;80m▀[38;2;152;80;0;48;2;152;80;0m▀[38;2;248;240;160;48;2;248;240;160m▀[38;2;248;240;160;48;2;248;240;160m▀[38;2;248;240;160;48;2;248;240;160m▀[38;2;240;184;32;48;2;248;240;160m▀[38;2;230;230;230;48;2;240;184;32m▀[38;2;230;230;230;48;2;152;80;0m▀[38;2;230;230;230;48;2;240;184;32m▀[38;2;240;184;32;48;2;240;224;80m▀[38;2;240;184;32;48;2;240;224;80m▀[38;2;240;224;80;48;2;240;224;80m▀[38;2;240;224;80;48;2;152;80;0m▀[38;2;240;224;80;48;2;16;16;16m▀[38;2;240;224;80;48;2;16;16;16m▀[38;2;240;224;80;48;2;16;16;16m▀[38;2;240;224;80;48;2;16;16;16m▀[38;2;240;224;80;48;2;240;224;80m▀[38;2;240;224;80;48;2;240;224;80m▀[38;2;240;184;32;48;2;240;224;80m▀[38;2;230;230;230;48;2;240;184;32m▀[38;2;230;230;230;48;2;152;80;0m▀[38;2;230;230;230;48;2;152;80;0m▀[38;2;230;230;230;48;2;152;80;0m▀[38;2;230;230;230;48;2;152;80;0m▀[38;2;230;230;230;48;2;240;184;32m▀[38;2;240;184;32;48;2;240;224;80m▀[38;2;240;224;80;48;2;240;224;80m▀[38;2;240;224;80;48;2;240;224;80m▀[38;2;240;224;80;48;2;240;224;80m▀[38;2;240;224;80;48;2;240;224;80m▀[38;2;240;184;32;48;2;240;184;32m▀[38;2;240;184;32;48;2;240;184;32m▀[38;2;240;184;32;48;2;240;184;32m▀[38;2;240;224;80;48;2;240;224;80m▀[38;2;240;224;80;48;2;240;224;80m▀[38;2;240;224;80;48;2;240;224;80m▀[38;2;240;224;80;48;2;240;184;32m▀[38;2;240;224;80;48;2;240;184;32m▀[38;2;240;224;80;48;2;240;184;32m▀[38;2;152;80;0;48;2;240;184;32m▀[38;2;0;0;0;48;2;152;80;0m▀[38;2;0;0;0;48;2;152;80;0m▀[38;2;0;0;0m▄[0m [0m [0m [0m [0m [0m [0m [0m
[0m [0m [38;2;0;0;0m▀[38;2;0;0;0;48;2;0;0;0m▀[38;2;152;80;0;48;2;152;80;0m▀[38;2;16;16;16;48;2;16;16;16m▀[38;2;240;224;80;48;2;240;224;80m▀[38;2;152;80;0;48;2;152;80;0m▀[38;2;248;240;160;48;2;248;240;160m▀[38;2;248;240;160;48;2;248;240;160m▀[38;2;248;240;160;48;2;248;240;160m▀[38;2;248;240;160;48;2;248;240;160m▀[38;2;248;240;160;48;2;248;240;160m▀[38;2;248;240;160;48;2;248;240;160m▀[38;2;240;224;80;48;2;240;224;80m▀[38;2;240;224;80;48;2;240;224;80m▀[38;2;240;224;80;48;2;240;224;80m▀[38;2;240;224;80;48;2;240;224;80m▀[38;2;240;224;80;48;2;240;224;80m▀[38;2;16;16;16;48;2;16;16;16m▀[38;2;164;49;0;48;2;164;49;0m▀[38;2;213;57;49;48;2;213;57;49m▀[38;2;213;57;49;48;2;213;57;49m▀[38;2;240;224;80;48;2;240;224;80m▀[38;2;240;224;80;48;2;240;224;80m▀[38;2;240;224;80;48;2;240;224;80m▀[38;2;240;224;80;48;2;240;224;80m▀[38;2;240;224;80;48;2;240;224;80m▀[38;2;240;224;80;48;2;240;224;80m▀[38;2;240;224;80;48;2;240;224;80m▀[38;2;240;224;80;48;2;240;224;80m▀[38;2;240;224;80;48;2;240;224;80m▀[38;2;240;224;80;48;2;240;224;80m▀[38;2;240;224;80;48;2;240;224;80m▀[38;2;240;224;80;48;2;240;224;80m▀[38;2;240;224;80;48;2;240;224;80m▀[38;2;240;184;32;48;2;240;184;32m▀[38;2;240;184;32;48;2;240;184;32m▀[38;2;240;184;32;48;2;240;184;32m▀[38;2;240;184;32;48;2;240;184;32m▀[38;2;240;184;32;48;2;240;184;32m▀[38;2;240;184;32;48;2;240;184;32m▀[38;2;240;184;32;48;2;240;184;32m▀[38;2;240;184;32;48;2;240;184;32m▀[38;2;240;184;32;48;2;240;184;32m▀[38;2;240;184;32;48;2;240;184;32m▀[38;2;240;184;32;48;2;240;184;32m▀[38;2;16;16;16;48;2;16;16;16m▀[38;2;16;16;16;48;2;16;16;16m▀[38;2;0;0;0;48;2;0;0;0m▀[0m [0m [0m [0m [0m [0m [0m [0m
[0m [0m [0m [0m [38;2;0;0;0m▀[38;2;0;0;0m▀[38;2;16;16;16;48;2;0;0;0m▀[38;2;152;80;0;48;2;152;80;0m▀[38;2;240;224;80;48;2;224;88;64m▀[38;2;224;88;64;48;2;224;88;64m▀[38;2;224;88;64;48;2;224;88;64m▀[38;2;224;88;64;48;2;224;88;64m▀[38;2;224;88;64;48;2;224;88;64m▀[38;2;240;224;80;48;2;224;88;64m▀[38;2;240;224;80;48;2;240;224;80m▀[38;2;240;224;80;48;2;240;224;80m▀[38;2;240;224;80;48;2;240;224;80m▀[38;2;240;224;80;48;2;240;224;80m▀[38;2;240;224;80;48;2;240;224;80m▀[38;2;164;49;0;48;2;213;57;49m▀[38;2;213;57;49;48;2;213;57;49m▀[38;2;213;57;49;48;2;213;57;49m▀[38;2;213;57;49;48;2;213;57;49m▀[38;2;240;224;80;48;2;240;224;80m▀[38;2;240;224;80;48;2;240;224;80m▀[38;2;240;224;80;48;2;240;224;80m▀[38;2;240;224;80;48;2;240;224;80m▀[38;2;240;224;80;48;2;240;224;80m▀[38;2;240;224;80;48;2;240;224;80m▀[38;2;240;224;80;48;2;240;224;80m▀[38;2;240;224;80;48;2;224;88;64m▀[38;2;224;88;64;48;2;224;88;64m▀[38;2;224;88;64;48;2;224;88;64m▀[38;2;224;88;64;48;2;224;88;64m▀[38;2;240;224;80;48;2;224;88;64m▀[38;2;240;224;80;48;2;224;88;64m▀[38;2;240;184;32;48;2;240;184;32m▀[38;2;240;184;32;48;2;240;184;32m▀[38;2;240;184;32;48;2;240;184;32m▀[38;2;240;184;32;48;2;240;184;32m▀[38;2;240;184;32;48;2;152;80;0m▀[38;2;240;184;32;48;2;152;80;0m▀[38;2;240;184;32;48;2;16;16;16m▀[38;2;240;184;32;48;2;16;16;16m▀[38;2;240;184;32;48;2;152;80;0m▀[38;2;16;16;16;48;2;0;0;0m▀[38;2;16;16;16;48;2;0;0;0m▀[38;2;0;0;0m▀[38;2;0;0;0m▀[0m [0m [0m [0m [0m [0m [0m [0m [0m
[0m [0m [0m [0m [0m [0m [0m [38;2;0;0;0;48;2;0;0;0m▀[38;2;152;80;0;48;2;152;80;0m▀[38;2;224;88;64;48;2;192;32;24m▀[38;2;224;88;64;48;2;192;32;24m▀[38;2;224;88;64;48;2;224;88;64m▀[38;2;224;88;64;48;2;224;88;64m▀[38;2;224;88;64;48;2;224;88;64m▀[38;2;240;224;80;48;2;240;224;80m▀[38;2;240;224;80;48;2;240;224;80m▀[38;2;240;224;80;48;2;240;224;80m▀[38;2;240;224;80;48;2;240;224;80m▀[38;2;240;224;80;48;2;240;224;80m▀[38;2;213;57;49;48;2;240;224;80m▀[38;2;213;57;49;48;2;213;57;49m▀[38;2;213;57;49;48;2;240;184;32m▀[38;2;213;57;49;48;2;240;184;32m▀[38;2;240;224;80;48;2;240;224;80m▀[38;2;240;224;80;48;2;240;224;80m▀[38;2;240;224;80;48;2;240;224;80m▀[38;2;240;224;80;48;2;240;224;80m▀[38;2;240;224;80;48;2;240;224;80m▀[38;2;240;224;80;48;2;240;224;80m▀[38;2;240;224;80;48;2;240;224;80m▀[38;2;224;88;64;48;2;224;88;64m▀[38;2;224;88;64;48;2;224;88;64m▀[38;2;224;88;64;48;2;224;88;64m▀[38;2;224;88;64;48;2;224;88;64m▀[38;2;192;32;24;48;2;192;32;24m▀[38;2;192;32;24;48;2;192;32;24m▀[38;2;240;184;32;48;2;240;184;32m▀[38;2;240;184;32;48;2;240;184;32m▀[38;2;240;184;32;48;2;240;184;32m▀[38;2;240;184;32;48;2;240;184;32m▀[38;2;16;16;16;48;2;16;16;16m▀[38;2;16;16;16;48;2;16;16;16m▀[38;2;0;0;0;48;2;0;0;0m▀[38;2;0;0;0;48;2;0;0;0m▀[38;2;0;0;0m▀[0m [0m [0m [0m [0m [0m [0m [0m [0m [0m [0m [0m [0m
[0m [0m [0m [0m [0m [0m [0m [0m [38;2;0;0;0;48;2;0;0;0m▀[38;2;152;80;0;48;2;152;80;0m▀[38;2;152;80;0;48;2;152;80;0m▀[38;2;224;88;64;48;2;224;88;64m▀[38;2;224;88;64;48;2;224;88;64m▀[38;2;240;224;80;48;2;240;224;80m▀[38;2;240;224;80;48;2;240;224;80m▀[38;2;240;224;80;48;2;240;224;80m▀[38;2;240;224;80;48;2;240;224;80m▀[38;2;240;224;80;48;2;240;224;80m▀[38;2;240;224;80;48;2;240;224;80m▀[38;2;240;224;80;48;2;240;224;80m▀[38;2;240;224;80;48;2;240;224;80m▀[38;2;240;224;80;48;2;240;224;80m▀[38;2;240;224;80;48;2;240;224;80m▀[38;2;240;224;80;48;2;240;224;80m▀[38;2;240;224;80;48;2;240;224;80m▀[38;2;240;224;80;48;2;240;224;80m▀[38;2;240;224;80;48;2;240;224;80m▀[38;2;240;224;80;48;2;240;224;80m▀[38;2;240;224;80;48;2;240;224;80m▀[38;2;240;224;80;48;2;240;224;80m▀[38;2;240;224;80;48;2;240;224;80m▀[38;2;224;88;64;48;2;224;88;64m▀[38;2;224;88;64;48;2;224;88;64m▀[38;2;192;32;24;48;2;192;32;24m▀[38;2;240;184;32;48;2;240;184;32m▀[38;2;240;184;32;48;2;240;184;32m▀[38;2;240;184;32;48;2;240;184;32m▀[38;2;240;184;32;48;2;240;184;32m▀[38;2;240;184;32;48;2;240;184;32m▀[38;2;16;16;16;48;2;16;16;16m▀[38;2;0;0;0;48;2;0;0;0m▀[38;2;0;0;0;48;2;0;0;0m▀[38;2;0;0;0;48;2;0;0;0m▀[0m [0m [0m [0m [0m [0m [0m [0m [0m [0m [0m [0m [0m [0m [0m
[0m [0m [0m [0m [0m [0m [0m [0m [38;2;0;0;0m▀[38;2;152;80;0;48;2;0;0;0m▀[38;2;152;80;0;48;2;0;0;0m▀[38;2;240;184;32;48;2;152;80;0m▀[38;2;240;224;80;48;2;240;184;32m▀[38;2;240;224;80;48;2;240;224;80m▀[38;2;240;224;80;48;2;240;224;80m▀[38;2;240;224;80;48;2;240;224;80m▀[38;2;240;224;80;48;2;240;224;80m▀[38;2;240;224;80;48;2;240;224;80m▀[38;2;240;224;80;48;2;240;224;80m▀[38;2;240;224;80;48;2;240;224;80m▀[38;2;240;224;80;48;2;240;224;80m▀[38;2;240;224;80;48;2;240;224;80m▀[38;2;240;224;80;48;2;240;224;80m▀[38;2;240;224;80;48;2;240;224;80m▀[38;2;240;224;80;48;2;240;224;80m▀[38;2;240;224;80;48;2;240;224;80m▀[38;2;240;224;80;48;2;240;224;80m▀[38;2;240;224;80;48;2;240;224;80m▀[38;2;240;224;80;48;2;240;224;80m▀[38;2;240;224;80;48;2;240;224;80m▀[38;2;240;224;80;48;2;240;224;80m▀[38;2;240;224;80;48;2;240;184;32m▀[38;2;240;184;32;48;2;240;184;32m▀[38;2;240;184;32;48;2;240;184;32m▀[38;2;240;184;32;48;2;240;184;32m▀[38;2;240;184;32;48;2;240;184;32m▀[38;2;240;184;32;48;2;240;184;32m▀[38;2;240;184;32;48;2;240;184;32m▀[38;2;240;184;32;48;2;16;16;16m▀[38;2;16;16;16;48;2;0;0;0m▀[38;2;0;0;0m▀[38;2;0;0;0m▀[0m [0m [0m [0m [0m [0m [0m [0m [0m [0m [0m [0m [0m [0m [0m [0m
[0m [0m [0m [0m [0m [0m [0m [0m [0m [0m [0m [38;2;0;0;0m▀[38;2;152;80;0;48;2;0;0;0m▀[38;2;240;184;32;48;2;152;80;0m▀[38;2;240;184;32;48;2;240;184;32m▀[38;2;240;224;80;48;2;240;184;32m▀[38;2;240;224;80;48;2;240;184;32m▀[38;2;240;224;80;48;2;240;184;32m▀[38;2;240;224;80;48;2;240;184;32m▀[38;2;240;224;80;48;2;240;224;80m▀[38;2;240;224;80;48;2;240;224;80m▀[38;2;240;224;80;48;2;240;224;80m▀[38;2;240;224;80;48;2;240;224;80m▀[38;2;240;224;80;48;2;240;224;80m▀[38;2;240;224;80;48;2;240;224;80m▀[38;2;240;224;80;48;2;240;184;32m▀[38;2;240;224;80;48;2;240;184;32m▀[38;2;240;224;80;48;2;240;184;32m▀[38;2;240;184;32;48;2;240;184;32m▀[38;2;240;184;32;48;2;240;184;32m▀[38;2;240;184;32;48;2;240;184;32m▀[38;2;240;184;32;48;2;240;184;32m▀[38;2;240;184;32;48;2;240;184;32m▀[38;2;240;184;32;48;2;240;184;32m▀[38;2;240;184;32;48;2;240;184;32m▀[38;2;240;184;32;48;2;240;184;32m▀[38;2;240;184;32;48;2;16;16;16m▀[38;2;16;16;16;48;2;0;0;0m▀[38;2;0;0;0m▀[0m [0m [0m [0m [0m [0m [0m [0m [0m [0m [0m [0m [0m [0m [0m [0m [0m [0m [0m
[0m [0m [0m [0m [0m [0m [0m [0m [0m [0m [0m [0m [0m [38;2;0;0;0;48;2;0;0;0m▀[38;2;152;80;0;48;2;152;80;0m▀[38;2;16;16;16;48;2;16;16;16m▀[38;2;16;16;16;48;2;16;16;16m▀[38;2;240;184;32;48;2;240;184;32m▀[38;2;240;184;32;48;2;240;184;32m▀[38;2;240;184;32;48;2;240;184;32m▀[38;2;240;184;32;48;2;240;184;32m▀[38;2;240;184;32;48;2;240;184;32m▀[38;2;240;184;32;48;2;240;184;32m▀[38;2;240;184;32;48;2;240;184;32m▀[38;2;240;184;32;48;2;240;184;32m▀[38;2;240;184;32;48;2;240;184;32m▀[38;2;240;184;32;48;2;240;184;32m▀[38;2;240;184;32;48;2;240;184;32m▀[38;2;240;184;32;48;2;240;184;32m▀[38;2;240;184;32;48;2;240;184;32m▀[38;2;240;184;32;48;2;240;184;32m▀[38;2;240;184;32;48;2;240;184;32m▀[38;2;240;184;32;48;2;240;184;32m▀[38;2;16;16;16;48;2;16;16;16m▀[38;2;16;16;16;48;2;16;16;16m▀[38;2;16;16;16;48;2;16;16;16m▀[38;2;0;0;0;48;2;0;0;0m▀[0m [0m [0m [0m [0m [0m [0m [0m [0m [0m [0m [0m [0m [0m [0m [0m [0m [0m [0m [0m [0m
[0m [0m [0m [0m [0m [0m [0m [0m [0m [0m [0m [0m [0m [0m [38;2;0;0;0;48;2;0;0;0m▀[38;2;0;0;0;48;2;16;16;16m▀[38;2;0;0;0;48;2;16;16;16m▀[38;2;16;16;16;48;2;240;184;32m▀[38;2;152;80;0;48;2;240;184;32m▀[38;2;152;80;0;48;2;240;184;32m▀[38;2;240;184;32;48;2;152;80;0m▀[38;2;240;184;32;48;2;16;16;16m▀[38;2;240;184;32;48;2;16;16;16m▀[38;2;240;184;32;48;2;16;16;16m▀[38;2;240;184;32;48;2;16;16;16m▀[38;2;240;184;32;48;2;16;16;16m▀[38;2;240;184;32;48;2;16;16;16m▀[38;2;240;184;32;48;2;16;16;16m▀[38;2;240;184;32;48;2;16;16;16m▀[38;2;240;184;32;48;2;16;16;16m▀[38;2;152;80;0;48;2;16;16;16m▀[38;2;152;80;0;48;2;240;184;32m▀[38;2;152;80;0;48;2;240;184;32m▀[38;2;240;184;32;48;2;240;184;32m▀[38;2;16;16;16;48;2;16;16;16m▀[38;2;16;16;16;48;2;16;16;16m▀[38;2;0;0;0;48;2;0;0;0m▀[0m [0m [0m [0m [0m [0m [0m [0m [0m [0m [0m [0m [0m [0m [0m [0m [0m [0m [0m [0m [0m
[0m [0m [0m [0m [0m [0m [0m [0m [0m [0m [0m [0m [0m [38;2;0;0;0m▄[38;2;0;0;0;48;2;16;16;16m▀[38;2;16;16;16;48;2;240;224;80m▀[38;2;16;16;16;48;2;240;224;80m▀[38;2;240;184;32;48;2;240;224;80m▀[38;2;240;184;32;48;2;240;184;32m▀[38;2;240;184;32;48;2;240;184;32m▀[38;2;240;184;32;48;2;240;184;32m▀[38;2;16;16;16;48;2;16;16;16m▀[38;2;16;16;16;48;2;16;16;16m▀[38;2;0;0;0;48;2;0;0;0m▀[38;2;0;0;0m▀[38;2;0;0;0m▀[38;2;0;0;0m▀[38;2;0;0;0;48;2;0;0;0m▀[38;2;16;16;16;48;2;16;16;16m▀[38;2;16;16;16;48;2;16;16;16m▀[38;2;240;184;32;48;2;240;184;32m▀[38;2;240;184;32;48;2;240;184;32m▀[38;2;240;184;32;48;2;240;184;32m▀[38;2;240;184;32;48;2;240;184;32m▀[38;2;240;184;32;48;2;240;184;32m▀[38;2;240;184;32;48;2;240;184;32m▀[38;2;16;16;16;48;2;16;16;16m▀[38;2;0;0;0;48;2;0;0;0m▀[0m [0m [0m [0m [0m [0m [0m [0m [0m [0m [0m [0m [0m [0m [0m [0m [0m [0m [0m [0m
[0m [0m [0m [0m [0m [0m [0m [0m [0m [0m [0m [0m [0m [38;2;0;0;0;48;2;0;0;0m▀[38;2;16;16;16;48;2;16;16;16m▀[38;2;240;224;80;48;2;240;224;80m▀[38;2;240;224;80;48;2;240;224;80m▀[38;2;240;224;80;48;2;240;224;80m▀[38;2;240;224;80;48;2;240;224;80m▀[38;2;240;224;80;48;2;240;224;80m▀[38;2;240;184;32;48;2;240;184;32m▀[38;2;16;16;16;48;2;16;16;16m▀[38;2;16;16;16;48;2;16;16;16m▀[38;2;0;0;0;48;2;0;0;0m▀[0m [0m [0m [38;2;0;0;0;48;2;0;0;0m▀[38;2;16;16;16;48;2;16;16;16m▀[38;2;16;16;16;48;2;16;16;16m▀[38;2;240;224;80;48;2;240;224;80m▀[38;2;240;224;80;48;2;240;224;80m▀[38;2;240;224;80;48;2;240;224;80m▀[38;2;240;184;32;48;2;240;184;32m▀[38;2;240;184;32;48;2;240;184;32m▀[38;2;240;184;32;48;2;240;184;32m▀[38;2;16;16;16;48;2;16;16;16m▀[38;2;0;0;0;48;2;0;0;0m▀[0m [0m [0m [0m [0m [0m [0m [0m [0m [0m [0m [0m [0m [0m [0m [0m [0m [0m [0m [0m
[0m [0m [0m [0m [0m [0m [0m [0m [0m [0m [0m [0m [0m [0m [38;2;0;0;0m▀[38;2;16;16;16;48;2;0;0;0m▀[38;2;16;16;16;48;2;0;0;0m▀[38;2;240;224;80;48;2;16;16;16m▀[38;2;240;224;80;48;2;16;16;16m▀[38;2;240;224;80;48;2;16;16;16m▀[38;2;16;16;16;48;2;0;0;0m▀[38;2;0;0;0m▀[38;2;0;0;0m▀[0m [0m [0m [0m [0m [38;2;0;0;0m▀[38;2;0;0;0m▀[38;2;16;16;16;48;2;0;0;0m▀[38;2;240;224;80;48;2;16;16;16m▀[38;2;240;224;80;48;2;16;16;16m▀[38;2;240;224;80;48;2;16;16;16m▀[38;2;16;16;16;48;2;0;0;0m▀[38;2;16;16;16;48;2;0;0;0m▀[38;2;0;0;0m▀[0m [0m [0m [0m [0m [0m [0m [0m [0m [0m [0m [0m [0m [0m [0m [0m [0m [0m [0m [0m [0m
