[0m [0m [0m [0m [0m [0m [0m [38;2;0;0;0m▄[38;2;0;0;0;48;2;115;69;63m▀[38;2;0;0;0;48;2;115;69;63m▀[38;2;0;0;0;48;2;115;69;63m▀[38;2;115;69;63;48;2;164;98;90m▀[38;2;115;69;63;48;2;164;98;90m▀[38;2;65;41;24;48;2;164;98;90m▀[38;2;65;41;24;48;2;164;98;90m▀[38;2;65;41;24;48;2;164;98;90m▀[38;2;65;41;24;48;2;164;98;90m▀[38;2;0;0;0;48;2;65;41;24m▀[38;2;0;0;0;48;2;65;41;24m▀[38;2;0;0;0m▄[0m [0m [0m [0m [0m [0m [0m [0m [0m [0m [0m [0m [0m [0m [0m [0m [0m [0m [0m [0m [0m [0m [0m [0m [0m [0m
[0m [0m [0m [0m [0m [0m [38;2;0;0;0;48;2;0;0;0m▀[38;2;115;69;63;48;2;115;69;63m▀[38;2;205;131;90;48;2;205;131;90m▀[38;2;164;98;90;48;2;164;98;90m▀[38;2;164;98;90;48;2;164;98;90m▀[38;2;164;98;90;48;2;164;98;90m▀[38;2;164;98;90;48;2;164;98;90m▀[38;2;164;98;90;48;2;164;98;90m▀[38;2;164;98;90;48;2;164;98;90m▀[38;2;164;98;90;48;2;164;98;90m▀[38;2;164;98;90;48;2;164;98;90m▀[38;2;164;98;90;48;2;164;98;90m▀[38;2;164;98;90;48;2;164;98;90m▀[38;2;11;11;11;48;2;11;11;11m▀[38;2;0;0;0;48;2;0;0;0m▀[0m [0m [0m [0m [0m [0m [0m [0m [0m [0m [0m [0m [0m [0m [0m [0m [0m [0m [0m [0m [0m [0m [0m [0m [0m
[0m [0m [0m [0m [0m [38;2;0;0;0;48;2;0;0;0m▀[38;2;115;69;63;48;2;115;69;63m▀[38;2;205;131;90;48;2;205;131;90m▀[38;2;205;131;90;48;2;205;131;90m▀[38;2;205;131;90;48;2;205;131;90m▀[38;2;205;131;90;48;2;205;131;90m▀[38;2;164;98;90;48;2;164;98;90m▀[38;2;164;98;90;48;2;164;98;90m▀[38;2;164;98;90;48;2;164;98;90m▀[38;2;164;98;90;48;2;164;98;90m▀[38;2;164;98;90;48;2;164;98;90m▀[38;2;164;98;90;48;2;164;98;90m▀[38;2;164;98;90;48;2;220;170;78m▀[38;2;164;98;90;48;2;220;170;78m▀[38;2;220;170;78;48;2;255;238;156m▀[38;2;220;170;78;48;2;220;170;78m▀[38;2;0;0;0;48;2;0;0;0m▀[38;2;0;0;0m▄[0m [0m [0m [0m [0m [0m [0m [0m [0m [0m [0m [0m [0m [0m [0m [0m [0m [0m [0m [0m [0m [0m [0m
[0m [0m [0m [38;2;0;0;0m▄[38;2;0;0;0;48;2;220;170;78m▀[38;2;220;170;78;48;2;230;189;98m▀[38;2;115;69;63;48;2;115;69;63m▀[38;2;164;98;90;48;2;164;98;90m▀[38;2;205;131;90;48;2;164;98;90m▀[38;2;164;98;90;48;2;164;98;90m▀[38;2;164;98;90;48;2;164;98;90m▀[38;2;164;98;90;48;2;164;98;90m▀[38;2;164;98;90;48;2;164;98;90m▀[38;2;164;98;90;48;2;164;98;90m▀[38;2;164;98;90;48;2;220;170;78m▀[38;2;220;170;78;48;2;255;238;156m▀[38;2;220;170;78;48;2;255;238;156m▀[38;2;255;238;156;48;2;255;238;156m▀[38;2;255;238;156;48;2;230;189;98m▀[38;2;230;189;98;48;2;0;0;0m▀[38;2;230;189;98;48;2;0;0;0m▀[38;2;0;0;0;48;2;11;11;11m▀[38;2;0;0;0;48;2;11;11;11m▀[38;2;0;0;0;48;2;0;0;0m▀[0m [0m [0m [0m [0m [0m [0m [0m [0m [0m [0m [0m [0m [0m [0m [0m [0m [0m [0m [0m [0m [0m
[0m [0m [0m [38;2;0;0;0;48;2;0;0;0m▀[38;2;220;170;78;48;2;220;170;78m▀[38;2;230;189;98;48;2;230;189;98m▀[38;2;115;69;63;48;2;115;69;63m▀[38;2;164;98;90;48;2;164;98;90m▀[38;2;164;98;90;48;2;164;98;90m▀[38;2;164;98;90;48;2;164;98;90m▀[38;2;164;98;90;48;2;164;98;90m▀[38;2;164;98;90;48;2;164;98;90m▀[38;2;164;98;90;48;2;164;98;90m▀[38;2;220;170;78;48;2;220;170;78m▀[38;2;255;238;156;48;2;230;189;98m▀[38;2;230;189;98;48;2;0;0;0m▀[38;2;230;189;98;48;2;0;0;0m▀[38;2;230;189;98;48;2;0;0;0m▀[38;2;0;0;0;48;2;255;255;255m▀[38;2;115;69;63;48;2;0;0;0m▀[38;2;115;69;63;48;2;115;69;63m▀[38;2;11;11;11;48;2;11;11;11m▀[38;2;11;11;11;48;2;11;11;11m▀[38;2;0;0;0;48;2;0;0;0m▀[0m [0m [0m [0m [0m [0m [0m [0m [0m [0m [0m [0m [0m [0m [0m [0m [0m [0m [0m [0m [0m [0m
[0m [0m [0m [38;2;0;0;0;48;2;0;0;0m▀[38;2;220;170;78;48;2;220;170;78m▀[38;2;230;189;98;48;2;230;189;98m▀[38;2;115;69;63;48;2;115;69;63m▀[38;2;164;98;90;48;2;164;98;90m▀[38;2;164;98;90;48;2;164;98;90m▀[38;2;164;98;90;48;2;164;98;90m▀[38;2;164;98;90;48;2;164;98;90m▀[38;2;164;98;90;48;2;164;98;90m▀[38;2;164;98;90;48;2;220;170;78m▀[38;2;220;170;78;48;2;230;189;98m▀[38;2;230;189;98;48;2;0;0;0m▀[38;2;0;0;0;48;2;255;255;255m▀[38;2;0;0;0;48;2;255;255;255m▀[38;2;0;0;0;48;2;5;46;126m▀[38;2;255;255;255;48;2;255;255;255m▀[38;2;0;0;0;48;2;0;0;0m▀[38;2;115;69;63;48;2;5;46;126m▀[38;2;11;11;11;48;2;11;11;11m▀[38;2;11;11;11;48;2;11;11;11m▀[38;2;0;0;0;48;2;0;0;0m▀[0m [0m [0m [0m [0m [0m [0m [0m [0m [0m [0m [0m [0m [0m [38;2;0;0;0m▄[0m [0m [0m [0m [0m [0m [0m
[0m [0m [0m [0m [38;2;0;0;0;48;2;0;0;0m▀[38;2;0;0;0;48;2;189;41;32m▀[38;2;189;41;32;48;2;255;172;115m▀[38;2;189;41;32;48;2;255;172;115m▀[38;2;189;41;32;48;2;255;172;115m▀[38;2;189;41;32;48;2;238;98;65m▀[38;2;189;41;32;48;2;238;98;65m▀[38;2;189;41;32;48;2;238;98;65m▀[38;2;220;170;78;48;2;189;41;32m▀[38;2;0;0;0;48;2;189;41;32m▀[38;2;255;255;255;48;2;164;98;90m▀[38;2;18;126;168;48;2;164;98;90m▀[38;2;18;126;168;48;2;164;98;90m▀[38;2;18;126;168;48;2;164;98;90m▀[38;2;255;255;255;48;2;115;69;63m▀[38;2;0;0;0;48;2;5;46;126m▀[38;2;5;46;126;48;2;5;46;126m▀[38;2;11;11;11;48;2;11;11;11m▀[38;2;11;11;11;48;2;11;11;11m▀[38;2;0;0;0;48;2;0;0;0m▀[0m [0m [0m [0m [0m [0m [0m [0m [0m [0m [0m [0m [0m [38;2;0;0;0;48;2;0;0;0m▀[38;2;230;57;0;48;2;230;57;0m▀[38;2;0;0;0;48;2;247;203;5m▀[38;2;0;0;0m▄[0m [0m [0m [0m [0m
[0m [0m [0m [38;2;0;0;0;48;2;0;0;0m▀[38;2;189;41;32;48;2;189;41;32m▀[38;2;255;172;115;48;2;255;172;115m▀[38;2;255;172;115;48;2;238;98;65m▀[38;2;238;98;65;48;2;238;98;65m▀[38;2;238;98;65;48;2;238;98;65m▀[38;2;238;98;65;48;2;238;98;65m▀[38;2;238;98;65;48;2;238;98;65m▀[38;2;238;98;65;48;2;238;98;65m▀[38;2;238;98;65;48;2;238;98;65m▀[38;2;238;98;65;48;2;238;98;65m▀[38;2;189;41;32;48;2;11;11;11m▀[38;2;164;98;90;48;2;230;189;98m▀[38;2;164;98;90;48;2;230;189;98m▀[38;2;115;69;63;48;2;115;69;63m▀[38;2;115;69;63;48;2;115;69;63m▀[38;2;115;69;63;48;2;115;69;63m▀[38;2;5;46;126;48;2;5;46;126m▀[38;2;11;11;11;48;2;11;11;11m▀[38;2;11;11;11;48;2;11;11;11m▀[38;2;0;0;0;48;2;0;0;0m▀[0m [0m [0m [0m [0m [0m [0m [0m [0m [0m [0m [0m [38;2;0;0;0m▄[38;2;0;0;0;48;2;230;57;0m▀[38;2;230;57;0;48;2;246;164;0m▀[38;2;247;203;5;48;2;247;203;5m▀[38;2;0;0;0;48;2;0;0;0m▀[0m [0m [0m [0m [0m
[0m [0m [0m [38;2;0;0;0;48;2;0;0;0m▀[38;2;189;41;32;48;2;189;41;32m▀[38;2;255;172;115;48;2;238;98;65m▀[38;2;238;98;65;48;2;238;98;65m▀[38;2;238;98;65;48;2;238;98;65m▀[38;2;238;98;65;48;2;238;98;65m▀[38;2;238;98;65;48;2;238;98;65m▀[38;2;238;98;65;48;2;238;98;65m▀[38;2;238;98;65;48;2;238;98;65m▀[38;2;238;98;65;48;2;238;98;65m▀[38;2;238;98;65;48;2;11;11;11m▀[38;2;11;11;11;48;2;11;11;11m▀[38;2;230;189;98;48;2;230;189;98m▀[38;2;230;189;98;48;2;230;189;98m▀[38;2;115;69;63;48;2;115;69;63m▀[38;2;115;69;63;48;2;115;69;63m▀[38;2;115;69;63;48;2;115;69;63m▀[38;2;5;46;126;48;2;11;11;11m▀[38;2;11;11;11;48;2;0;0;0m▀[38;2;11;11;11;48;2;0;0;0m▀[38;2;0;0;0m▀[38;2;0;0;0m▄[38;2;0;0;0m▄[38;2;0;0;0m▄[38;2;0;0;0m▄[38;2;0;0;0;48;2;65;41;24m▀[38;2;0;0;0;48;2;65;41;24m▀[38;2;0;0;0;48;2;65;41;24m▀[38;2;0;0;0m▄[0m [0m [0m [0m [38;2;0;0;0;48;2;0;0;0m▀[38;2;230;57;0;48;2;230;57;0m▀[38;2;246;164;0;48;2;247;203;5m▀[38;2;247;203;5;48;2;247;203;5m▀[38;2;0;0;0;48;2;246;164;0m▀[38;2;0;0;0m▄[38;2;0;0;0m▄[0m [0m [0m
[38;2;0;0;0m▄[38;2;0;0;0;48;2;65;41;24m▀[38;2;0;0;0;48;2;65;41;24m▀[38;2;0;0;0;48;2;65;41;24m▀[38;2;0;0;0;48;2;0;0;0m▀[38;2;189;41;32;48;2;0;0;0m▀[38;2;238;98;65;48;2;189;41;32m▀[38;2;238;98;65;48;2;11;11;11m▀[38;2;238;98;65;48;2;11;11;11m▀[38;2;11;11;11;48;2;189;41;32m▀[38;2;11;11;11;48;2;189;41;32m▀[38;2;11;11;11;48;2;189;41;32m▀[38;2;11;11;11;48;2;189;41;32m▀[38;2;189;41;32;48;2;238;98;65m▀[38;2;11;11;11;48;2;189;41;32m▀[38;2;230;189;98;48;2;230;189;98m▀[38;2;230;189;98;48;2;230;189;98m▀[38;2;230;189;98;48;2;230;189;98m▀[38;2;115;69;63;48;2;115;69;63m▀[38;2;115;69;63;48;2;115;69;63m▀[38;2;11;11;11;48;2;65;41;24m▀[38;2;0;0;0;48;2;65;41;24m▀[38;2;0;0;0;48;2;65;41;24m▀[38;2;0;0;0;48;2;65;41;24m▀[38;2;65;41;24;48;2;164;98;90m▀[38;2;65;41;24;48;2;164;98;90m▀[38;2;65;41;24;48;2;164;98;90m▀[38;2;65;41;24;48;2;164;98;90m▀[38;2;115;69;63;48;2;115;69;63m▀[38;2;115;69;63;48;2;115;69;63m▀[38;2;11;11;11;48;2;11;11;11m▀[38;2;0;0;0;48;2;0;0;0m▀[0m [0m [0m [0m [38;2;0;0;0;48;2;0;0;0m▀[38;2;230;57;0;48;2;230;57;0m▀[38;2;246;164;0;48;2;247;203;5m▀[38;2;247;203;5;48;2;230;57;0m▀[38;2;247;203;5;48;2;247;203;5m▀[38;2;230;57;0;48;2;246;164;0m▀[38;2;230;57;0;48;2;246;164;0m▀[38;2;0;0;0;48;2;0;0;0m▀[0m [0m
[38;2;0;0;0;48;2;0;0;0m▀[38;2;11;11;11;48;2;11;11;11m▀[38;2;115;69;63;48;2;115;69;63m▀[38;2;115;69;63;48;2;115;69;63m▀[38;2;65;41;24;48;2;164;98;90m▀[38;2;65;41;24;48;2;164;98;90m▀[38;2;65;41;24;48;2;164;98;90m▀[38;2;115;69;63;48;2;115;69;63m▀[38;2;189;41;32;48;2;115;69;63m▀[38;2;238;98;65;48;2;189;41;32m▀[38;2;238;98;65;48;2;189;41;32m▀[38;2;238;98;65;48;2;189;41;32m▀[38;2;11;11;11;48;2;230;189;98m▀[38;2;189;41;32;48;2;230;189;98m▀[38;2;230;189;98;48;2;230;189;98m▀[38;2;230;189;98;48;2;230;189;98m▀[38;2;230;189;98;48;2;230;189;98m▀[38;2;230;189;98;48;2;230;189;98m▀[38;2;115;69;63;48;2;230;189;98m▀[38;2;115;69;63;48;2;115;69;63m▀[38;2;164;98;90;48;2;115;69;63m▀[38;2;164;98;90;48;2;164;98;90m▀[38;2;164;98;90;48;2;164;98;90m▀[38;2;164;98;90;48;2;164;98;90m▀[38;2;164;98;90;48;2;115;69;63m▀[38;2;164;98;90;48;2;115;69;63m▀[38;2;164;98;90;48;2;115;69;63m▀[38;2;115;69;63;48;2;115;69;63m▀[38;2;115;69;63;48;2;11;11;11m▀[38;2;115;69;63;48;2;11;11;11m▀[38;2;115;69;63;48;2;11;11;11m▀[38;2;11;11;11;48;2;0;0;0m▀[38;2;0;0;0m▀[0m [0m [38;2;0;0;0;48;2;0;0;0m▀[38;2;230;57;0;48;2;230;57;0m▀[38;2;230;57;0;48;2;230;57;0m▀[38;2;230;57;0;48;2;246;164;0m▀[38;2;230;57;0;48;2;230;57;0m▀[38;2;247;203;5;48;2;230;57;0m▀[38;2;247;203;5;48;2;247;203;5m▀[38;2;247;203;5;48;2;247;203;5m▀[38;2;230;57;0;48;2;246;164;0m▀[38;2;0;0;0;48;2;230;57;0m▀[0m
[38;2;11;11;11;48;2;11;11;11m▀[38;2;115;69;63;48;2;115;69;63m▀[38;2;115;69;63;48;2;115;69;63m▀[38;2;115;69;63;48;2;115;69;63m▀[38;2;115;69;63;48;2;115;69;63m▀[38;2;164;98;90;48;2;164;98;90m▀[38;2;164;98;90;48;2;164;98;90m▀[38;2;115;69;63;48;2;115;69;63m▀[38;2;115;69;63;48;2;115;69;63m▀[38;2;115;69;63;48;2;115;69;63m▀[38;2;115;69;63;48;2;115;69;63m▀[38;2;220;170;78;48;2;220;170;78m▀[38;2;230;189;98;48;2;230;189;98m▀[38;2;230;189;98;48;2;230;189;98m▀[38;2;230;189;98;48;2;230;189;98m▀[38;2;230;189;98;48;2;230;189;98m▀[38;2;230;189;98;48;2;230;189;98m▀[38;2;230;189;98;48;2;230;189;98m▀[38;2;230;189;98;48;2;230;189;98m▀[38;2;115;69;63;48;2;115;69;63m▀[38;2;115;69;63;48;2;115;69;63m▀[38;2;115;69;63;48;2;115;69;63m▀[38;2;115;69;63;48;2;115;69;63m▀[38;2;115;69;63;48;2;115;69;63m▀[38;2;115;69;63;48;2;115;69;63m▀[38;2;115;69;63;48;2;115;69;63m▀[38;2;115;69;63;48;2;115;69;63m▀[38;2;11;11;11;48;2;11;11;11m▀[38;2;0;0;0;48;2;0;0;0m▀[38;2;0;0;0m▀[38;2;0;0;0m▀[0m [0m [0m [0m [38;2;0;0;0;48;2;0;0;0m▀[38;2;230;57;0;48;2;230;57;0m▀[38;2;247;203;5;48;2;247;203;5m▀[38;2;247;203;5;48;2;247;203;5m▀[38;2;230;57;0;48;2;230;57;0m▀[38;2;247;203;5;48;2;247;203;5m▀[38;2;247;203;5;48;2;247;203;5m▀[38;2;247;203;5;48;2;247;203;5m▀[38;2;247;203;5;48;2;247;203;5m▀[38;2;230;57;0;48;2;230;57;0m▀[0m
[38;2;0;0;0m▀[38;2;11;11;11;48;2;0;0;0m▀[38;2;11;11;11;48;2;0;0;0m▀[38;2;11;11;11;48;2;0;0;0m▀[38;2;115;69;63;48;2;11;11;11m▀[38;2;115;69;63;48;2;11;11;11m▀[38;2;115;69;63;48;2;115;69;63m▀[38;2;115;69;63;48;2;115;69;63m▀[38;2;115;69;63;48;2;115;69;63m▀[38;2;115;69;63;48;2;220;170;78m▀[38;2;115;69;63;48;2;220;170;78m▀[38;2;220;170;78;48;2;230;189;98m▀[38;2;230;189;98;48;2;230;189;98m▀[38;2;230;189;98;48;2;230;189;98m▀[38;2;230;189;98;48;2;230;189;98m▀[38;2;230;189;98;48;2;230;189;98m▀[38;2;230;189;98;48;2;230;189;98m▀[38;2;230;189;98;48;2;230;189;98m▀[38;2;230;189;98;48;2;230;189;98m▀[38;2;115;69;63;48;2;220;170;78m▀[38;2;115;69;63;48;2;115;69;63m▀[38;2;115;69;63;48;2;65;41;24m▀[38;2;115;69;63;48;2;65;41;24m▀[38;2;115;69;63;48;2;65;41;24m▀[38;2;115;69;63;48;2;11;11;11m▀[38;2;11;11;11;48;2;65;41;24m▀[38;2;11;11;11;48;2;0;0;0m▀[38;2;0;0;0m▀[0m [0m [0m [0m [0m [0m [0m [38;2;0;0;0;48;2;0;0;0m▀[38;2;230;57;0;48;2;230;57;0m▀[38;2;246;164;0;48;2;246;164;0m▀[38;2;247;203;5;48;2;246;164;0m▀[38;2;247;203;5;48;2;246;164;0m▀[38;2;247;203;5;48;2;247;203;5m▀[38;2;247;203;5;48;2;247;203;5m▀[38;2;247;203;5;48;2;247;203;5m▀[38;2;247;203;5;48;2;246;164;0m▀[38;2;230;57;0;48;2;230;57;0m▀[0m
[0m [0m [0m [0m [38;2;0;0;0m▀[38;2;0;0;0m▀[38;2;11;11;11;48;2;0;0;0m▀[38;2;11;11;11;48;2;0;0;0m▀[38;2;115;69;63;48;2;220;170;78m▀[38;2;220;170;78;48;2;230;189;98m▀[38;2;220;170;78;48;2;230;189;98m▀[38;2;230;189;98;48;2;255;238;156m▀[38;2;255;238;156;48;2;255;238;156m▀[38;2;255;238;156;48;2;255;238;156m▀[38;2;255;238;156;48;2;255;238;156m▀[38;2;230;189;98;48;2;255;238;156m▀[38;2;230;189;98;48;2;255;238;156m▀[38;2;230;189;98;48;2;255;238;156m▀[38;2;230;189;98;48;2;230;189;98m▀[38;2;220;170;78;48;2;230;189;98m▀[38;2;164;98;90;48;2;220;170;78m▀[38;2;164;98;90;48;2;164;98;90m▀[38;2;164;98;90;48;2;164;98;90m▀[38;2;11;11;11;48;2;11;11;11m▀[38;2;115;69;63;48;2;115;69;63m▀[38;2;115;69;63;48;2;115;69;63m▀[38;2;65;41;24;48;2;65;41;24m▀[38;2;0;0;0;48;2;0;0;0m▀[0m [0m [0m [0m [0m [0m [0m [0m [38;2;0;0;0m▀[38;2;230;57;0;48;2;0;0;0m▀[38;2;246;164;0;48;2;230;57;0m▀[38;2;230;57;0;48;2;230;57;0m▀[38;2;246;164;0;48;2;65;41;24m▀[38;2;246;164;0;48;2;230;57;0m▀[38;2;246;164;0;48;2;230;57;0m▀[38;2;230;57;0;48;2;230;57;0m▀[38;2;230;57;0;48;2;0;0;0m▀[0m
[0m [0m [0m [0m [0m [0m [0m [38;2;0;0;0;48;2;0;0;0m▀[38;2;220;170;78;48;2;220;170;78m▀[38;2;255;213;123;48;2;255;213;123m▀[38;2;255;213;123;48;2;255;213;123m▀[38;2;220;170;78;48;2;220;170;78m▀[38;2;255;238;156;48;2;255;238;156m▀[38;2;255;238;156;48;2;255;238;156m▀[38;2;255;238;156;48;2;255;238;156m▀[38;2;220;170;78;48;2;220;170;78m▀[38;2;220;170;78;48;2;220;170;78m▀[38;2;255;238;156;48;2;255;238;156m▀[38;2;255;238;156;48;2;255;238;156m▀[38;2;230;189;98;48;2;230;189;98m▀[38;2;220;170;78;48;2;220;170;78m▀[38;2;164;98;90;48;2;164;98;90m▀[38;2;164;98;90;48;2;164;98;90m▀[38;2;115;69;63;48;2;115;69;63m▀[38;2;11;11;11;48;2;11;11;11m▀[38;2;65;41;24;48;2;65;41;24m▀[38;2;255;213;123;48;2;255;213;123m▀[38;2;220;170;78;48;2;220;170;78m▀[38;2;0;0;0;48;2;0;0;0m▀[0m [0m [0m [0m [0m [0m [0m [0m [0m [38;2;0;0;0;48;2;0;0;0m▀[38;2;65;41;24;48;2;65;41;24m▀[38;2;65;41;24;48;2;65;41;24m▀[38;2;230;57;0;48;2;230;57;0m▀[38;2;230;57;0;48;2;230;57;0m▀[38;2;0;0;0;48;2;0;0;0m▀[0m [0m
[0m [0m [0m [0m [0m [0m [0m [38;2;0;0;0m▀[38;2;220;170;78;48;2;0;0;0m▀[38;2;255;213;123;48;2;220;170;78m▀[38;2;255;213;123;48;2;220;170;78m▀[38;2;220;170;78;48;2;220;170;78m▀[38;2;255;238;156;48;2;255;238;156m▀[38;2;255;238;156;48;2;255;238;156m▀[38;2;255;238;156;48;2;255;238;156m▀[38;2;220;170;78;48;2;220;170;78m▀[38;2;220;170;78;48;2;220;170;78m▀[38;2;255;238;156;48;2;255;238;156m▀[38;2;255;238;156;48;2;255;238;156m▀[38;2;230;189;98;48;2;220;170;78m▀[38;2;220;170;78;48;2;164;98;90m▀[38;2;164;98;90;48;2;164;98;90m▀[38;2;164;98;90;48;2;164;98;90m▀[38;2;164;98;90;48;2;164;98;90m▀[38;2;11;11;11;48;2;164;98;90m▀[38;2;65;41;24;48;2;11;11;11m▀[38;2;255;213;123;48;2;255;213;123m▀[38;2;220;170;78;48;2;220;170;78m▀[38;2;0;0;0;48;2;65;41;24m▀[38;2;0;0;0;48;2;65;41;24m▀[38;2;0;0;0;48;2;65;41;24m▀[38;2;0;0;0;48;2;65;41;24m▀[38;2;0;0;0m▄[38;2;0;0;0;48;2;65;41;24m▀[38;2;0;0;0;48;2;65;41;24m▀[38;2;0;0;0;48;2;65;41;24m▀[38;2;0;0;0m▄[38;2;0;0;0m▄[38;2;0;0;0;48;2;0;0;0m▀[38;2;65;41;24;48;2;65;41;24m▀[38;2;205;131;90;48;2;164;98;90m▀[38;2;11;11;11;48;2;11;11;11m▀[38;2;11;11;11;48;2;11;11;11m▀[38;2;0;0;0;48;2;0;0;0m▀[0m [0m
[0m [0m [0m [0m [0m [0m [0m [38;2;0;0;0;48;2;0;0;0m▀[38;2;220;170;78;48;2;220;170;78m▀[38;2;230;189;98;48;2;255;238;156m▀[38;2;230;189;98;48;2;255;238;156m▀[38;2;220;170;78;48;2;255;238;156m▀[38;2;255;238;156;48;2;220;170;78m▀[38;2;255;238;156;48;2;220;170;78m▀[38;2;220;170;78;48;2;255;238;156m▀[38;2;255;238;156;48;2;255;238;156m▀[38;2;255;238;156;48;2;255;238;156m▀[38;2;220;170;78;48;2;255;238;156m▀[38;2;220;170;78;48;2;255;238;156m▀[38;2;230;172;90;48;2;255;238;156m▀[38;2;164;98;90;48;2;164;98;90m▀[38;2;164;98;90;48;2;164;98;90m▀[38;2;164;98;90;48;2;164;98;90m▀[38;2;164;98;90;48;2;164;98;90m▀[38;2;164;98;90;48;2;164;98;90m▀[38;2;11;11;11;48;2;11;11;11m▀[38;2;255;213;123;48;2;255;213;123m▀[38;2;220;170;78;48;2;220;170;78m▀[38;2;164;98;90;48;2;115;69;63m▀[38;2;164;98;90;48;2;115;69;63m▀[38;2;164;98;90;48;2;101;61;39m▀[38;2;164;98;90;48;2;101;61;39m▀[38;2;65;41;24;48;2;115;69;63m▀[38;2;164;98;90;48;2;164;98;90m▀[38;2;164;98;90;48;2;164;98;90m▀[38;2;164;98;90;48;2;164;98;90m▀[38;2;65;41;24;48;2;164;98;90m▀[38;2;65;41;24;48;2;164;98;90m▀[38;2;65;41;24;48;2;11;11;11m▀[38;2;164;98;90;48;2;164;98;90m▀[38;2;164;98;90;48;2;115;69;63m▀[38;2;11;11;11;48;2;11;11;11m▀[38;2;11;11;11;48;2;11;11;11m▀[38;2;0;0;0;48;2;0;0;0m▀[0m [0m
[0m [0m [0m [0m [0m [38;2;0;0;0m▄[38;2;0;0;0;48;2;65;41;24m▀[38;2;65;41;24;48;2;164;98;90m▀[38;2;220;170;78;48;2;220;170;78m▀[38;2;255;238;156;48;2;230;189;98m▀[38;2;255;238;156;48;2;230;189;98m▀[38;2;255;238;156;48;2;255;238;156m▀[38;2;255;238;156;48;2;255;238;156m▀[38;2;255;238;156;48;2;255;238;156m▀[38;2;255;238;156;48;2;255;238;156m▀[38;2;255;238;156;48;2;255;238;156m▀[38;2;255;238;156;48;2;255;238;156m▀[38;2;255;238;156;48;2;255;238;156m▀[38;2;255;238;156;48;2;255;238;156m▀[38;2;255;238;156;48;2;230;189;98m▀[38;2;115;69;63;48;2;115;69;63m▀[38;2;164;98;90;48;2;164;98;90m▀[38;2;164;98;90;48;2;164;98;90m▀[38;2;164;98;90;48;2;164;98;90m▀[38;2;164;98;90;48;2;164;98;90m▀[38;2;164;98;90;48;2;164;98;90m▀[38;2;11;11;11;48;2;115;69;63m▀[38;2;115;69;63;48;2;11;11;11m▀[38;2;101;61;39;48;2;5;46;126m▀[38;2;101;61;39;48;2;5;46;126m▀[38;2;115;69;63;48;2;115;69;63m▀[38;2;115;69;63;48;2;115;69;63m▀[38;2;115;69;63;48;2;115;69;63m▀[38;2;115;69;63;48;2;11;11;11m▀[38;2;164;98;90;48;2;11;11;11m▀[38;2;164;98;90;48;2;11;11;11m▀[38;2;164;98;90;48;2;11;11;11m▀[38;2;164;98;90;48;2;11;11;11m▀[38;2;11;11;11;48;2;115;69;63m▀[38;2;115;69;63;48;2;230;189;98m▀[38;2;220;170;78;48;2;220;170;78m▀[38;2;0;0;0;48;2;0;0;0m▀[38;2;0;0;0m▀[0m [0m [0m
[0m [0m [0m [0m [0m [38;2;0;0;0;48;2;0;0;0m▀[38;2;65;41;24;48;2;65;41;24m▀[38;2;164;98;90;48;2;164;98;90m▀[38;2;220;170;78;48;2;164;98;90m▀[38;2;230;189;98;48;2;220;170;78m▀[38;2;230;189;98;48;2;220;170;78m▀[38;2;255;238;156;48;2;230;189;98m▀[38;2;255;238;156;48;2;255;238;156m▀[38;2;255;238;156;48;2;255;238;156m▀[38;2;255;238;156;48;2;255;238;156m▀[38;2;255;238;156;48;2;255;238;156m▀[38;2;255;238;156;48;2;255;238;156m▀[38;2;255;238;156;48;2;230;189;98m▀[38;2;255;238;156;48;2;230;189;98m▀[38;2;230;189;98;48;2;115;69;63m▀[38;2;115;69;63;48;2;164;98;90m▀[38;2;164;98;90;48;2;164;98;90m▀[38;2;164;98;90;48;2;164;98;90m▀[38;2;164;98;90;48;2;164;98;90m▀[38;2;164;98;90;48;2;164;98;90m▀[38;2;164;98;90;48;2;164;98;90m▀[38;2;115;69;63;48;2;164;98;90m▀[38;2;11;11;11;48;2;11;11;11m▀[38;2;5;46;126;48;2;5;46;126m▀[38;2;5;46;126;48;2;5;46;126m▀[38;2;115;69;63;48;2;5;46;126m▀[38;2;115;69;63;48;2;11;11;11m▀[38;2;115;69;63;48;2;11;11;11m▀[38;2;11;11;11;48;2;164;98;90m▀[38;2;11;11;11;48;2;164;98;90m▀[38;2;11;11;11;48;2;164;98;90m▀[38;2;11;11;11;48;2;65;41;24m▀[38;2;11;11;11;48;2;230;189;98m▀[38;2;115;69;63;48;2;230;189;98m▀[38;2;230;189;98;48;2;220;170;78m▀[38;2;220;170;78;48;2;0;0;0m▀[38;2;0;0;0m▀[0m [0m [0m [0m
[0m [0m [0m [0m [38;2;0;0;0;48;2;0;0;0m▀[38;2;11;11;11;48;2;11;11;11m▀[38;2;164;98;90;48;2;164;98;90m▀[38;2;164;98;90;48;2;164;98;90m▀[38;2;164;98;90;48;2;164;98;90m▀[38;2;220;170;78;48;2;164;98;90m▀[38;2;220;170;78;48;2;164;98;90m▀[38;2;230;189;98;48;2;11;11;11m▀[38;2;230;189;98;48;2;230;189;98m▀[38;2;230;189;98;48;2;230;189;98m▀[38;2;230;189;98;48;2;230;189;98m▀[38;2;230;189;98;48;2;230;189;98m▀[38;2;230;189;98;48;2;230;189;98m▀[38;2;230;189;98;48;2;230;189;98m▀[38;2;230;189;98;48;2;230;189;98m▀[38;2;115;69;63;48;2;115;69;63m▀[38;2;164;98;90;48;2;164;98;90m▀[38;2;164;98;90;48;2;164;98;90m▀[38;2;164;98;90;48;2;164;98;90m▀[38;2;164;98;90;48;2;164;98;90m▀[38;2;164;98;90;48;2;164;98;90m▀[38;2;164;98;90;48;2;164;98;90m▀[38;2;164;98;90;48;2;115;69;63m▀[38;2;115;69;63;48;2;115;69;63m▀[38;2;11;11;11;48;2;11;11;11m▀[38;2;11;11;11;48;2;11;11;11m▀[38;2;11;11;11;48;2;5;46;126m▀[38;2;115;69;63;48;2;5;46;126m▀[38;2;115;69;63;48;2;115;69;63m▀[38;2;115;69;63;48;2;115;69;63m▀[38;2;164;98;90;48;2;11;11;11m▀[38;2;164;98;90;48;2;11;11;11m▀[38;2;164;98;90;48;2;11;11;11m▀[38;2;65;41;24;48;2;220;170;78m▀[38;2;220;170;78;48;2;0;0;0m▀[38;2;0;0;0m▀[0m [0m [0m [0m [0m [0m
[0m [0m [0m [0m [38;2;0;0;0m▀[38;2;11;11;11;48;2;0;0;0m▀[38;2;164;98;90;48;2;11;11;11m▀[38;2;164;98;90;48;2;164;98;90m▀[38;2;164;98;90;48;2;164;98;90m▀[38;2;164;98;90;48;2;115;69;63m▀[38;2;164;98;90;48;2;115;69;63m▀[38;2;115;69;63;48;2;115;69;63m▀[38;2;11;11;11;48;2;115;69;63m▀[38;2;230;189;98;48;2;11;11;11m▀[38;2;230;189;98;48;2;11;11;11m▀[38;2;230;189;98;48;2;230;189;98m▀[38;2;230;189;98;48;2;230;189;98m▀[38;2;230;189;98;48;2;230;189;98m▀[38;2;230;189;98;48;2;230;189;98m▀[38;2;65;41;24;48;2;65;41;24m▀[38;2;115;69;63;48;2;115;69;63m▀[38;2;164;98;90;48;2;115;69;63m▀[38;2;164;98;90;48;2;115;69;63m▀[38;2;164;98;90;48;2;115;69;63m▀[38;2;164;98;90;48;2;115;69;63m▀[38;2;115;69;63;48;2;115;69;63m▀[38;2;115;69;63;48;2;115;69;63m▀[38;2;115;69;63;48;2;115;69;63m▀[38;2;11;11;11;48;2;11;11;11m▀[38;2;11;11;11;48;2;11;11;11m▀[38;2;11;11;11;48;2;230;189;98m▀[38;2;11;11;11;48;2;230;189;98m▀[38;2;11;11;11;48;2;220;170;78m▀[38;2;11;11;11;48;2;220;170;78m▀[38;2;220;170;78;48;2;0;0;0m▀[38;2;220;170;78;48;2;0;0;0m▀[38;2;220;170;78;48;2;0;0;0m▀[38;2;0;0;0m▀[0m [0m [0m [0m [0m [0m [0m [0m
[0m [0m [0m [0m [0m [38;2;0;0;0m▀[38;2;11;11;11;48;2;0;0;0m▀[38;2;164;98;90;48;2;11;11;11m▀[38;2;164;98;90;48;2;115;69;63m▀[38;2;115;69;63;48;2;65;41;24m▀[38;2;115;69;63;48;2;65;41;24m▀[38;2;115;69;63;48;2;65;41;24m▀[38;2;115;69;63;48;2;115;69;63m▀[38;2;11;11;11;48;2;65;41;24m▀[38;2;11;11;11;48;2;0;0;0m▀[38;2;230;189;98;48;2;11;11;11m▀[38;2;230;189;98;48;2;11;11;11m▀[38;2;230;189;98;48;2;11;11;11m▀[38;2;230;189;98;48;2;11;11;11m▀[38;2;65;41;24;48;2;11;11;11m▀[38;2;115;69;63;48;2;65;41;24m▀[38;2;115;69;63;48;2;115;69;63m▀[38;2;115;69;63;48;2;115;69;63m▀[38;2;115;69;63;48;2;115;69;63m▀[38;2;115;69;63;48;2;115;69;63m▀[38;2;115;69;63;48;2;115;69;63m▀[38;2;115;69;63;48;2;115;69;63m▀[38;2;115;69;63;48;2;11;11;11m▀[38;2;11;11;11;48;2;220;170;78m▀[38;2;11;11;11;48;2;220;170;78m▀[38;2;230;189;98;48;2;220;170;78m▀[38;2;230;189;98;48;2;220;170;78m▀[38;2;220;170;78;48;2;0;0;0m▀[38;2;220;170;78;48;2;0;0;0m▀[38;2;0;0;0m▀[0m [0m [0m [0m [0m [0m [0m [0m [0m [0m [0m
[0m [0m [0m [0m [0m [38;2;0;0;0m▄[38;2;0;0;0;48;2;163;34;31m▀[38;2;11;11;11;48;2;163;34;31m▀[38;2;65;41;24;48;2;189;41;32m▀[38;2;189;41;32;48;2;189;41;32m▀[38;2;189;41;32;48;2;189;41;32m▀[38;2;189;41;32;48;2;189;41;32m▀[38;2;65;41;24;48;2;189;41;32m▀[38;2;0;0;0;48;2;163;34;31m▀[38;2;0;0;0m▄[38;2;0;0;0m▀[38;2;0;0;0m▀[38;2;0;0;0m▀[38;2;0;0;0m▀[38;2;0;0;0m▀[38;2;0;0;0m▀[38;2;65;41;24;48;2;0;0;0m▀[38;2;65;41;24;48;2;0;0;0m▀[38;2;115;69;63;48;2;65;41;24m▀[38;2;65;41;24;48;2;189;41;32m▀[38;2;65;41;24;48;2;189;41;32m▀[38;2;115;69;63;48;2;65;41;24m▀[38;2;11;11;11;48;2;0;0;0m▀[38;2;0;0;0;48;2;0;0;0m▀[38;2;0;0;0;48;2;0;0;0m▀[38;2;0;0;0m▀[38;2;0;0;0m▀[0m [0m [0m [0m [0m [0m [0m [0m [0m [0m [0m [0m [0m [0m
[0m [0m [0m [38;2;0;0;0m▄[38;2;0;0;0;48;2;11;11;11m▀[38;2;163;34;31;48;2;255;255;255m▀[38;2;255;255;255;48;2;117;117;117m▀[38;2;189;41;32;48;2;255;255;255m▀[38;2;238;98;65;48;2;189;41;32m▀[38;2;238;98;65;48;2;189;41;32m▀[38;2;238;98;65;48;2;189;41;32m▀[38;2;189;41;32;48;2;11;11;11m▀[38;2;117;117;117;48;2;11;11;11m▀[38;2;177;177;177;48;2;11;11;11m▀[38;2;163;34;31;48;2;11;11;11m▀[38;2;0;0;0;48;2;0;0;0m▀[0m [0m [0m [38;2;0;0;0m▄[38;2;0;0;0;48;2;163;34;31m▀[38;2;163;34;31;48;2;177;177;177m▀[38;2;163;34;31;48;2;177;177;177m▀[38;2;189;41;32;48;2;117;117;117m▀[38;2;189;41;32;48;2;189;41;32m▀[38;2;189;41;32;48;2;238;98;65m▀[38;2;189;41;32;48;2;238;98;65m▀[38;2;163;34;31;48;2;189;41;32m▀[38;2;163;34;31;48;2;255;255;255m▀[38;2;163;34;31;48;2;255;255;255m▀[38;2;0;0;0;48;2;163;34;31m▀[38;2;0;0;0m▄[0m [0m [0m [0m [0m [0m [0m [0m [0m [0m [0m [0m [0m [0m
[0m [0m [0m [0m [38;2;0;0;0;48;2;0;0;0m▀[38;2;11;11;11;48;2;11;11;11m▀[38;2;117;117;117;48;2;117;117;117m▀[38;2;255;255;255;48;2;255;255;255m▀[38;2;11;11;11;48;2;11;11;11m▀[38;2;11;11;11;48;2;11;11;11m▀[38;2;11;11;11;48;2;11;11;11m▀[38;2;0;0;0;48;2;0;0;0m▀[38;2;0;0;0m▀[38;2;0;0;0m▀[38;2;0;0;0m▀[0m [0m [0m [0m [38;2;0;0;0;48;2;0;0;0m▀[38;2;11;11;11;48;2;11;11;11m▀[38;2;11;11;11;48;2;11;11;11m▀[38;2;11;11;11;48;2;11;11;11m▀[38;2;11;11;11;48;2;11;11;11m▀[38;2;11;11;11;48;2;11;11;11m▀[38;2;189;41;32;48;2;189;41;32m▀[38;2;189;41;32;48;2;189;41;32m▀[38;2;255;255;255;48;2;255;255;255m▀[38;2;117;117;117;48;2;117;117;117m▀[38;2;117;117;117;48;2;117;117;117m▀[38;2;255;255;255;48;2;255;255;255m▀[38;2;11;11;11;48;2;11;11;11m▀[38;2;0;0;0;48;2;0;0;0m▀[0m [0m [0m [0m [0m [0m [0m [0m [0m [0m [0m [0m [0m
[0m [0m [0m [0m [0m [38;2;0;0;0m▀[38;2;11;11;11;48;2;0;0;0m▀[38;2;11;11;11;48;2;0;0;0m▀[38;2;0;0;0m▀[38;2;0;0;0m▀[38;2;0;0;0m▀[0m [0m [0m [0m [0m [0m [0m [0m [0m [38;2;0;0;0m▀[38;2;0;0;0m▀[38;2;0;0;0m▀[38;2;0;0;0m▀[38;2;0;0;0m▀[38;2;11;11;11;48;2;0;0;0m▀[38;2;11;11;11;48;2;0;0;0m▀[38;2;255;255;255;48;2;11;11;11m▀[38;2;117;117;117;48;2;11;11;11m▀[38;2;117;117;117;48;2;11;11;11m▀[38;2;11;11;11;48;2;0;0;0m▀[38;2;0;0;0m▀[0m [0m [0m [0m [0m [0m [0m [0m [0m [0m [0m [0m [0m [0m
