[38;2;0;0;0m▄[38;2;0;0;0;48;2;0;0;0m▀[38;2;0;0;0;48;2;41;41;41m▀[38;2;0;0;0;48;2;41;41;41m▀[38;2;0;0;0;48;2;0;0;0m▀[38;2;0;0;0m▄[0m [0m [0m [0m [0m [0m [0m [0m [0m [0m [0m [0m [0m [0m [0m [0m [0m [0m [0m [0m [0m [0m [0m [0m [0m [0m [0m [0m [0m [0m [0m [0m [0m [0m [0m [0m [0m [0m [0m [0m [0m [0m [0m [0m
[38;2;0;0;0;48;2;0;0;0m▀[38;2;0;0;0;48;2;0;0;0m▀[38;2;41;41;41;48;2;41;41;41m▀[38;2;41;41;41;48;2;41;41;41m▀[38;2;0;0;0;48;2;0;0;0m▀[38;2;0;0;0;48;2;0;0;0m▀[0m [0m [0m [0m [0m [0m [0m [0m [0m [0m [0m [0m [0m [0m [0m [0m [0m [0m [0m [0m [0m [0m [0m [0m [0m [0m [0m [0m [0m [0m [0m [0m [0m [0m [0m [0m [0m [0m [0m [0m [0m [0m [0m [0m
[38;2;0;0;0;48;2;0;0;0m▀[38;2;0;0;0;48;2;41;41;41m▀[38;2;41;41;41;48;2;41;41;41m▀[38;2;41;41;41;48;2;41;41;41m▀[38;2;41;41;41;48;2;41;41;41m▀[38;2;0;0;0;48;2;0;0;0m▀[38;2;0;0;0;48;2;0;0;0m▀[0m [0m [0m [0m [0m [0m [0m [0m [0m [0m [0m [0m [0m [0m [0m [0m [0m [0m [0m [0m [0m [0m [38;2;0;0;0m▄[38;2;0;0;0m▄[38;2;0;0;0m▄[0m [0m [0m [0m [0m [0m [0m [0m [0m [0m [0m [0m [0m [0m [0m [0m [0m [0m
[38;2;0;0;0;48;2;0;0;0m▀[38;2;41;41;41;48;2;41;41;41m▀[38;2;41;41;41;48;2;82;82;90m▀[38;2;41;41;41;48;2;82;82;90m▀[38;2;41;41;41;48;2;247;189;33m▀[38;2;99;49;8;48;2;99;49;8m▀[38;2;0;0;0;48;2;0;0;0m▀[0m [0m [0m [0m [0m [0m [0m [0m [0m [0m [0m [0m [0m [0m [0m [0m [38;2;0;0;0m▄[38;2;0;0;0m▄[38;2;0;0;0;48;2;41;41;41m▀[38;2;0;0;0;48;2;41;41;41m▀[38;2;0;0;0;48;2;41;41;41m▀[38;2;0;0;0;48;2;41;41;41m▀[38;2;41;41;41;48;2;82;82;90m▀[38;2;41;41;41;48;2;82;82;90m▀[38;2;41;41;41;48;2;82;82;90m▀[38;2;0;0;0;48;2;41;41;41m▀[38;2;0;0;0;48;2;0;0;0m▀[38;2;0;0;0;48;2;0;0;0m▀[38;2;0;0;0m▄[0m [0m [0m [0m [0m [0m [0m [0m [0m [0m [0m [0m [0m [0m
[38;2;0;0;0;48;2;0;0;0m▀[38;2;82;82;90;48;2;82;82;90m▀[38;2;247;189;33;48;2;247;189;33m▀[38;2;247;189;33;48;2;247;189;33m▀[38;2;247;189;33;48;2;247;189;33m▀[38;2;247;189;33;48;2;247;189;33m▀[38;2;99;49;8;48;2;99;49;8m▀[38;2;0;0;0;48;2;0;0;0m▀[0m [0m [0m [0m [0m [0m [0m [0m [0m [0m [0m [0m [38;2;0;0;0m▄[38;2;0;0;0m▄[38;2;0;0;0;48;2;0;0;0m▀[38;2;41;41;41;48;2;41;41;41m▀[38;2;41;41;41;48;2;41;41;41m▀[38;2;82;82;90;48;2;82;82;90m▀[38;2;82;82;90;48;2;82;82;90m▀[38;2;82;82;90;48;2;82;82;90m▀[38;2;82;82;90;48;2;82;82;90m▀[38;2;82;82;90;48;2;82;82;90m▀[38;2;82;82;90;48;2;82;82;90m▀[38;2;82;82;90;48;2;82;82;90m▀[38;2;82;82;90;48;2;82;82;90m▀[38;2;0;0;0;48;2;0;0;0m▀[38;2;0;0;0;48;2;0;0;0m▀[38;2;0;0;0;48;2;0;0;0m▀[0m [0m [0m [0m [0m [0m [0m [0m [0m [0m [0m [0m [0m [0m
[38;2;0;0;0;48;2;0;0;0m▀[38;2;247;189;33;48;2;247;189;33m▀[38;2;247;189;33;48;2;247;189;33m▀[38;2;247;189;33;48;2;247;189;33m▀[38;2;247;189;33;48;2;247;189;33m▀[38;2;247;189;33;48;2;247;189;33m▀[38;2;99;49;8;48;2;99;49;8m▀[38;2;0;0;0;48;2;0;0;0m▀[38;2;0;0;0m▄[38;2;0;0;0m▄[38;2;0;0;0;48;2;156;82;0m▀[38;2;0;0;0;48;2;156;82;0m▀[38;2;0;0;0;48;2;156;82;0m▀[38;2;0;0;0;48;2;156;82;0m▀[38;2;0;0;0;48;2;156;82;0m▀[38;2;0;0;0;48;2;156;82;0m▀[38;2;0;0;0m▄[38;2;0;0;0m▄[38;2;0;0;0;48;2;156;82;0m▀[38;2;0;0;0;48;2;156;82;0m▀[38;2;156;82;0;48;2;247;230;82m▀[38;2;156;82;0;48;2;247;230;82m▀[38;2;156;82;0;48;2;247;230;82m▀[38;2;247;189;33;48;2;247;230;82m▀[38;2;82;82;90;48;2;247;230;82m▀[38;2;82;82;90;48;2;82;82;90m▀[38;2;82;82;90;48;2;82;82;90m▀[38;2;82;82;90;48;2;82;82;90m▀[38;2;82;82;90;48;2;82;82;90m▀[38;2;82;82;90;48;2;82;82;90m▀[38;2;82;82;90;48;2;82;82;90m▀[38;2;82;82;90;48;2;0;0;0m▀[38;2;0;0;0;48;2;0;0;0m▀[38;2;0;0;0m▀[38;2;0;0;0m▀[0m [0m [0m [0m [0m [0m [0m [38;2;0;0;0m▄[38;2;0;0;0m▄[0m [0m [0m [0m [0m [0m
[38;2;0;0;0;48;2;0;0;0m▀[38;2;99;49;8;48;2;99;49;8m▀[38;2;247;189;33;48;2;247;189;33m▀[38;2;247;189;33;48;2;247;189;33m▀[38;2;247;189;33;48;2;247;189;33m▀[38;2;247;189;33;48;2;222;148;0m▀[38;2;156;82;0;48;2;222;148;0m▀[38;2;156;82;0;48;2;255;247;165m▀[38;2;222;148;0;48;2;255;247;165m▀[38;2;222;148;0;48;2;255;247;165m▀[38;2;255;247;165;48;2;255;247;165m▀[38;2;255;247;165;48;2;255;247;165m▀[38;2;255;247;165;48;2;255;247;165m▀[38;2;247;230;82;48;2;255;247;165m▀[38;2;247;230;82;48;2;247;230;82m▀[38;2;247;230;82;48;2;247;230;82m▀[38;2;222;148;0;48;2;247;230;82m▀[38;2;156;82;0;48;2;247;230;82m▀[38;2;247;230;82;48;2;247;230;82m▀[38;2;247;230;82;48;2;247;230;82m▀[38;2;247;230;82;48;2;247;230;82m▀[38;2;247;230;82;48;2;247;230;82m▀[38;2;247;230;82;48;2;247;230;82m▀[38;2;247;230;82;48;2;247;230;82m▀[38;2;247;230;82;48;2;247;230;82m▀[38;2;247;230;82;48;2;247;230;82m▀[38;2;82;82;90;48;2;0;0;0m▀[38;2;82;82;90;48;2;0;0;0m▀[38;2;82;82;90;48;2;0;0;0m▀[38;2;0;0;0;48;2;0;0;0m▀[38;2;0;0;0;48;2;0;0;0m▀[38;2;0;0;0m▀[0m [0m [0m [0m [0m [0m [0m [38;2;0;0;0m▄[38;2;0;0;0m▄[38;2;0;0;0;48;2;156;82;0m▀[38;2;156;82;0;48;2;247;230;82m▀[38;2;156;82;0;48;2;247;230;82m▀[38;2;0;0;0;48;2;156;82;0m▀[38;2;0;0;0m▄[38;2;0;0;0m▄[0m [0m [0m
[0m [38;2;0;0;0;48;2;0;0;0m▀[38;2;99;49;8;48;2;99;49;8m▀[38;2;99;49;8;48;2;99;49;8m▀[38;2;222;148;0;48;2;222;148;0m▀[38;2;247;230;82;48;2;247;230;82m▀[38;2;255;247;165;48;2;255;247;165m▀[38;2;255;247;165;48;2;255;247;165m▀[38;2;255;247;165;48;2;255;247;165m▀[38;2;255;247;165;48;2;255;247;165m▀[38;2;255;247;165;48;2;255;247;165m▀[38;2;255;247;165;48;2;255;247;165m▀[38;2;255;247;165;48;2;255;247;165m▀[38;2;247;230;82;48;2;247;230;82m▀[38;2;247;230;82;48;2;247;230;82m▀[38;2;247;230;82;48;2;247;230;82m▀[38;2;247;230;82;48;2;247;230;82m▀[38;2;247;230;82;48;2;247;230;82m▀[38;2;247;230;82;48;2;247;230;82m▀[38;2;247;230;82;48;2;247;230;82m▀[38;2;247;230;82;48;2;247;230;82m▀[38;2;247;230;82;48;2;247;230;82m▀[38;2;247;230;82;48;2;247;230;82m▀[38;2;247;230;82;48;2;247;230;82m▀[38;2;0;0;0;48;2;0;0;0m▀[38;2;0;0;0;48;2;0;0;0m▀[38;2;0;0;0;48;2;0;0;0m▀[38;2;0;0;0m▀[38;2;0;0;0m▀[0m [0m [0m [0m [0m [0m [0m [0m [0m [38;2;0;0;0;48;2;0;0;0m▀[38;2;156;82;0;48;2;156;82;0m▀[38;2;156;82;0;48;2;156;82;0m▀[38;2;247;230;82;48;2;247;230;82m▀[38;2;247;230;82;48;2;247;230;82m▀[38;2;247;230;82;48;2;247;230;82m▀[38;2;247;230;82;48;2;247;230;82m▀[38;2;156;82;0;48;2;156;82;0m▀[38;2;156;82;0;48;2;156;82;0m▀[38;2;0;0;0;48;2;0;0;0m▀[0m [0m
[38;2;0;0;0m▄[38;2;0;0;0;48;2;99;49;8m▀[38;2;156;82;0;48;2;222;148;0m▀[38;2;156;82;0;48;2;222;148;0m▀[38;2;247;230;82;48;2;0;0;0m▀[38;2;247;230;82;48;2;247;189;33m▀[38;2;247;230;82;48;2;247;230;82m▀[38;2;247;230;82;48;2;247;230;82m▀[38;2;247;230;82;48;2;247;230;82m▀[38;2;247;230;82;48;2;247;230;82m▀[38;2;247;230;82;48;2;247;230;82m▀[38;2;247;230;82;48;2;247;230;82m▀[38;2;247;230;82;48;2;247;230;82m▀[38;2;247;189;33;48;2;82;82;90m▀[38;2;0;0;0;48;2;255;255;255m▀[38;2;0;0;0;48;2;255;255;255m▀[38;2;0;0;0;48;2;0;0;0m▀[38;2;247;189;33;48;2;41;41;41m▀[38;2;247;230;82;48;2;247;230;82m▀[38;2;247;230;82;48;2;247;230;82m▀[38;2;222;148;0;48;2;247;230;82m▀[38;2;222;148;0;48;2;247;230;82m▀[38;2;156;82;0;48;2;0;0;0m▀[38;2;0;0;0;48;2;0;0;0m▀[38;2;0;0;0m▀[38;2;0;0;0m▀[0m [0m [0m [0m [0m [0m [0m [0m [0m [38;2;0;0;0m▄[38;2;0;0;0m▄[38;2;0;0;0;48;2;222;148;0m▀[38;2;222;148;0;48;2;247;230;82m▀[38;2;247;230;82;48;2;247;230;82m▀[38;2;247;230;82;48;2;247;230;82m▀[38;2;247;230;82;48;2;247;230;82m▀[38;2;247;230;82;48;2;247;230;82m▀[38;2;247;230;82;48;2;247;230;82m▀[38;2;247;230;82;48;2;247;230;82m▀[38;2;156;82;0;48;2;247;230;82m▀[38;2;156;82;0;48;2;247;230;82m▀[38;2;0;0;0;48;2;156;82;0m▀[38;2;0;0;0m▄[0m
[38;2;0;0;0;48;2;0;0;0m▀[38;2;99;49;8;48;2;99;49;8m▀[38;2;0;0;0;48;2;82;82;90m▀[38;2;0;0;0;48;2;82;82;90m▀[38;2;255;255;255;48;2;0;0;0m▀[38;2;247;189;33;48;2;247;230;82m▀[38;2;247;230;82;48;2;247;230;82m▀[38;2;247;230;82;48;2;99;49;8m▀[38;2;247;230;82;48;2;222;148;0m▀[38;2;247;230;82;48;2;222;148;0m▀[38;2;247;230;82;48;2;247;230;82m▀[38;2;247;230;82;48;2;247;230;82m▀[38;2;247;230;82;48;2;247;230;82m▀[38;2;0;0;0;48;2;247;189;33m▀[38;2;0;0;0;48;2;0;0;0m▀[38;2;0;0;0;48;2;0;0;0m▀[38;2;82;82;90;48;2;0;0;0m▀[38;2;41;41;41;48;2;247;189;33m▀[38;2;247;230;82;48;2;247;230;82m▀[38;2;247;230;82;48;2;247;230;82m▀[38;2;247;230;82;48;2;247;230;82m▀[38;2;247;230;82;48;2;247;230;82m▀[38;2;0;0;0;48;2;156;82;0m▀[38;2;0;0;0;48;2;0;0;0m▀[0m [0m [0m [0m [0m [0m [0m [0m [38;2;0;0;0m▄[38;2;0;0;0;48;2;156;82;0m▀[38;2;0;0;0;48;2;156;82;0m▀[38;2;222;148;0;48;2;247;230;82m▀[38;2;222;148;0;48;2;247;230;82m▀[38;2;247;230;82;48;2;247;230;82m▀[38;2;247;230;82;48;2;247;230;82m▀[38;2;247;230;82;48;2;247;230;82m▀[38;2;247;230;82;48;2;247;230;82m▀[38;2;247;230;82;48;2;247;230;82m▀[38;2;247;230;82;48;2;247;230;82m▀[38;2;247;230;82;48;2;247;230;82m▀[38;2;247;230;82;48;2;247;230;82m▀[38;2;247;230;82;48;2;247;230;82m▀[38;2;247;230;82;48;2;247;230;82m▀[38;2;156;82;0;48;2;156;82;0m▀[38;2;0;0;0;48;2;0;0;0m▀[0m
[38;2;0;0;0;48;2;0;0;0m▀[38;2;156;82;0;48;2;156;82;0m▀[38;2;41;41;41;48;2;41;41;41m▀[38;2;41;41;41;48;2;41;41;41m▀[38;2;156;82;0;48;2;156;82;0m▀[38;2;247;230;82;48;2;247;230;82m▀[38;2;247;230;82;48;2;247;230;82m▀[38;2;247;230;82;48;2;247;230;82m▀[38;2;247;230;82;48;2;247;230;82m▀[38;2;247;230;82;48;2;247;230;82m▀[38;2;247;230;82;48;2;247;230;82m▀[38;2;247;230;82;48;2;247;230;82m▀[38;2;247;230;82;48;2;247;230;82m▀[38;2;247;230;82;48;2;247;230;82m▀[38;2;247;230;82;48;2;247;230;82m▀[38;2;247;230;82;48;2;247;230;82m▀[38;2;247;230;82;48;2;247;230;82m▀[38;2;247;230;82;48;2;247;230;82m▀[38;2;230;90;66;48;2;230;90;66m▀[38;2;230;90;66;48;2;230;90;66m▀[38;2;247;230;82;48;2;247;230;82m▀[38;2;247;230;82;48;2;247;230;82m▀[38;2;222;148;0;48;2;222;148;0m▀[38;2;99;49;8;48;2;99;49;8m▀[38;2;0;0;0;48;2;0;0;0m▀[0m [0m [0m [0m [0m [0m [38;2;0;0;0;48;2;0;0;0m▀[38;2;156;82;0;48;2;156;82;0m▀[38;2;247;230;82;48;2;247;230;82m▀[38;2;247;230;82;48;2;247;230;82m▀[38;2;247;230;82;48;2;247;230;82m▀[38;2;247;230;82;48;2;247;230;82m▀[38;2;247;230;82;48;2;247;230;82m▀[38;2;247;230;82;48;2;247;230;82m▀[38;2;247;230;82;48;2;247;230;82m▀[38;2;247;230;82;48;2;247;230;82m▀[38;2;247;230;82;48;2;247;230;82m▀[38;2;247;230;82;48;2;247;230;82m▀[38;2;247;230;82;48;2;247;230;82m▀[38;2;247;230;82;48;2;247;230;82m▀[38;2;247;230;82;48;2;247;230;82m▀[38;2;247;230;82;48;2;247;230;82m▀[38;2;247;230;82;48;2;247;230;82m▀[38;2;156;82;0;48;2;156;82;0m▀[0m
[38;2;99;49;8;48;2;99;49;8m▀[38;2;247;230;82;48;2;230;90;66m▀[38;2;247;230;82;48;2;247;189;33m▀[38;2;247;230;82;48;2;247;189;33m▀[38;2;247;230;82;48;2;247;230;82m▀[38;2;247;230;82;48;2;222;148;0m▀[38;2;247;230;82;48;2;99;49;8m▀[38;2;99;49;8;48;2;156;82;0m▀[38;2;156;82;0;48;2;197;33;25m▀[38;2;156;82;0;48;2;197;33;25m▀[38;2;222;148;0;48;2;197;33;25m▀[38;2;247;230;82;48;2;156;82;0m▀[38;2;247;230;82;48;2;156;82;0m▀[38;2;247;230;82;48;2;222;148;0m▀[38;2;247;230;82;48;2;247;230;82m▀[38;2;247;230;82;48;2;247;230;82m▀[38;2;247;230;82;48;2;247;189;33m▀[38;2;230;90;66;48;2;197;33;25m▀[38;2;230;90;66;48;2;197;33;25m▀[38;2;230;90;66;48;2;197;33;25m▀[38;2;197;33;25;48;2;197;33;25m▀[38;2;197;33;25;48;2;197;33;25m▀[38;2;247;189;33;48;2;247;189;33m▀[38;2;0;0;0;48;2;0;0;0m▀[38;2;0;0;0;48;2;0;0;0m▀[0m [0m [0m [0m [0m [38;2;0;0;0;48;2;0;0;0m▀[38;2;156;82;0;48;2;156;82;0m▀[38;2;247;230;82;48;2;247;189;33m▀[38;2;247;230;82;48;2;247;230;82m▀[38;2;247;230;82;48;2;247;230;82m▀[38;2;247;230;82;48;2;247;230;82m▀[38;2;247;230;82;48;2;247;230;82m▀[38;2;247;230;82;48;2;247;230;82m▀[38;2;247;230;82;48;2;247;230;82m▀[38;2;247;230;82;48;2;247;230;82m▀[38;2;247;230;82;48;2;247;230;82m▀[38;2;247;230;82;48;2;247;230;82m▀[38;2;247;230;82;48;2;247;230;82m▀[38;2;247;230;82;48;2;247;230;82m▀[38;2;247;230;82;48;2;247;230;82m▀[38;2;247;230;82;48;2;247;230;82m▀[38;2;247;230;82;48;2;247;230;82m▀[38;2;247;230;82;48;2;247;230;82m▀[38;2;156;82;0;48;2;156;82;0m▀[0m
[38;2;99;49;8;48;2;99;49;8m▀[38;2;197;33;25;48;2;197;33;25m▀[38;2;247;189;33;48;2;247;189;33m▀[38;2;247;189;33;48;2;247;189;33m▀[38;2;247;189;33;48;2;247;189;33m▀[38;2;247;189;33;48;2;247;189;33m▀[38;2;247;189;33;48;2;247;189;33m▀[38;2;156;82;0;48;2;247;189;33m▀[38;2;197;33;25;48;2;156;82;0m▀[38;2;197;33;25;48;2;156;82;0m▀[38;2;197;33;25;48;2;230;90;66m▀[38;2;197;33;25;48;2;230;90;66m▀[38;2;156;82;0;48;2;156;82;0m▀[38;2;247;189;33;48;2;247;189;33m▀[38;2;247;189;33;48;2;247;189;33m▀[38;2;247;189;33;48;2;247;189;33m▀[38;2;247;189;33;48;2;247;189;33m▀[38;2;197;33;25;48;2;247;189;33m▀[38;2;197;33;25;48;2;197;33;25m▀[38;2;197;33;25;48;2;197;33;25m▀[38;2;197;33;25;48;2;247;189;33m▀[38;2;197;33;25;48;2;247;189;33m▀[38;2;247;189;33;48;2;0;0;0m▀[38;2;0;0;0;48;2;0;0;0m▀[38;2;0;0;0m▀[0m [0m [0m [38;2;0;0;0m▄[38;2;0;0;0;48;2;156;82;0m▀[38;2;156;82;0;48;2;247;189;33m▀[38;2;247;189;33;48;2;247;189;33m▀[38;2;247;189;33;48;2;247;189;33m▀[38;2;247;189;33;48;2;247;189;33m▀[38;2;247;189;33;48;2;247;189;33m▀[38;2;247;189;33;48;2;247;189;33m▀[38;2;247;230;82;48;2;247;189;33m▀[38;2;247;230;82;48;2;247;189;33m▀[38;2;247;230;82;48;2;247;230;82m▀[38;2;247;230;82;48;2;247;230;82m▀[38;2;247;230;82;48;2;247;230;82m▀[38;2;247;230;82;48;2;247;230;82m▀[38;2;247;230;82;48;2;247;230;82m▀[38;2;247;230;82;48;2;247;230;82m▀[38;2;247;230;82;48;2;0;0;0m▀[38;2;247;230;82;48;2;0;0;0m▀[38;2;247;230;82;48;2;0;0;0m▀[38;2;0;0;0;48;2;0;0;0m▀[38;2;0;0;0m▀[0m
[38;2;0;0;0;48;2;0;0;0m▀[38;2;156;82;0;48;2;156;82;0m▀[38;2;247;189;33;48;2;247;189;33m▀[38;2;247;189;33;48;2;247;189;33m▀[38;2;247;189;33;48;2;247;189;33m▀[38;2;247;189;33;48;2;247;189;33m▀[38;2;247;189;33;48;2;247;189;33m▀[38;2;247;189;33;48;2;247;189;33m▀[38;2;156;82;0;48;2;156;82;0m▀[38;2;156;82;0;48;2;156;82;0m▀[38;2;230;90;66;48;2;230;90;66m▀[38;2;230;90;66;48;2;230;90;66m▀[38;2;156;82;0;48;2;156;82;0m▀[38;2;247;189;33;48;2;247;189;33m▀[38;2;247;189;33;48;2;247;189;33m▀[38;2;247;189;33;48;2;247;189;33m▀[38;2;247;189;33;48;2;247;189;33m▀[38;2;247;189;33;48;2;247;189;33m▀[38;2;247;189;33;48;2;247;189;33m▀[38;2;247;189;33;48;2;247;189;33m▀[38;2;247;189;33;48;2;247;189;33m▀[38;2;247;189;33;48;2;247;189;33m▀[38;2;0;0;0;48;2;0;0;0m▀[38;2;0;0;0;48;2;0;0;0m▀[0m [0m [0m [0m [38;2;0;0;0;48;2;0;0;0m▀[38;2;156;82;0;48;2;156;82;0m▀[38;2;247;189;33;48;2;247;189;33m▀[38;2;247;189;33;48;2;247;189;33m▀[38;2;247;189;33;48;2;247;189;33m▀[38;2;247;189;33;48;2;247;189;33m▀[38;2;247;189;33;48;2;247;189;33m▀[38;2;247;189;33;48;2;247;189;33m▀[38;2;247;189;33;48;2;247;189;33m▀[38;2;247;189;33;48;2;247;189;33m▀[38;2;247;189;33;48;2;247;189;33m▀[38;2;247;189;33;48;2;247;189;33m▀[38;2;247;189;33;48;2;247;189;33m▀[38;2;247;230;82;48;2;247;230;82m▀[38;2;0;0;0;48;2;0;0;0m▀[38;2;0;0;0;48;2;0;0;0m▀[38;2;0;0;0;48;2;0;0;0m▀[38;2;0;0;0m▀[38;2;0;0;0m▀[0m [0m [0m
[0m [38;2;0;0;0;48;2;0;0;0m▀[38;2;0;0;0;48;2;0;0;0m▀[38;2;0;0;0;48;2;0;0;0m▀[38;2;247;189;33;48;2;247;189;33m▀[38;2;247;189;33;48;2;247;189;33m▀[38;2;247;189;33;48;2;247;189;33m▀[38;2;247;189;33;48;2;247;189;33m▀[38;2;247;189;33;48;2;247;189;33m▀[38;2;247;189;33;48;2;247;189;33m▀[38;2;156;82;0;48;2;247;189;33m▀[38;2;156;82;0;48;2;247;189;33m▀[38;2;247;189;33;48;2;247;189;33m▀[38;2;247;189;33;48;2;247;189;33m▀[38;2;247;189;33;48;2;247;189;33m▀[38;2;247;189;33;48;2;247;189;33m▀[38;2;247;189;33;48;2;247;189;33m▀[38;2;247;189;33;48;2;247;189;33m▀[38;2;247;189;33;48;2;41;41;41m▀[38;2;247;189;33;48;2;41;41;41m▀[38;2;16;16;16;48;2;16;16;16m▀[38;2;16;16;16;48;2;16;16;16m▀[38;2;0;0;0;48;2;0;0;0m▀[38;2;0;0;0m▄[0m [0m [0m [0m [0m [38;2;0;0;0m▀[38;2;99;49;8;48;2;0;0;0m▀[38;2;247;189;33;48;2;99;49;8m▀[38;2;247;189;33;48;2;247;189;33m▀[38;2;247;189;33;48;2;247;189;33m▀[38;2;247;189;33;48;2;247;189;33m▀[38;2;247;189;33;48;2;247;189;33m▀[38;2;247;189;33;48;2;247;189;33m▀[38;2;247;189;33;48;2;0;0;0m▀[38;2;247;189;33;48;2;0;0;0m▀[38;2;0;0;0;48;2;0;0;0m▀[38;2;0;0;0;48;2;0;0;0m▀[38;2;0;0;0;48;2;0;0;0m▀[38;2;0;0;0m▀[38;2;0;0;0m▀[0m [0m [0m [0m [0m [0m
[0m [38;2;0;0;0;48;2;0;0;0m▀[38;2;0;0;0;48;2;0;0;0m▀[38;2;0;0;0;48;2;0;0;0m▀[38;2;247;230;82;48;2;247;230;82m▀[38;2;247;230;82;48;2;247;230;82m▀[38;2;247;189;33;48;2;247;230;82m▀[38;2;247;189;33;48;2;247;189;33m▀[38;2;247;189;33;48;2;247;189;33m▀[38;2;247;189;33;48;2;247;189;33m▀[38;2;247;189;33;48;2;247;189;33m▀[38;2;247;189;33;48;2;247;230;82m▀[38;2;247;230;82;48;2;247;230;82m▀[38;2;247;230;82;48;2;247;230;82m▀[38;2;0;0;0;48;2;82;82;90m▀[38;2;0;0;0;48;2;82;82;90m▀[38;2;41;41;41;48;2;41;41;41m▀[38;2;41;41;41;48;2;41;41;41m▀[38;2;41;41;41;48;2;41;41;41m▀[38;2;0;0;0;48;2;41;41;41m▀[38;2;16;16;16;48;2;41;41;41m▀[38;2;16;16;16;48;2;41;41;41m▀[38;2;16;16;16;48;2;82;82;90m▀[38;2;0;0;0;48;2;82;82;90m▀[38;2;0;0;0;48;2;0;0;0m▀[38;2;0;0;0;48;2;0;0;0m▀[38;2;0;0;0m▄[0m [0m [0m [0m [38;2;0;0;0m▀[38;2;99;49;8;48;2;0;0;0m▀[38;2;247;189;33;48;2;99;49;8m▀[38;2;247;189;33;48;2;99;49;8m▀[38;2;247;189;33;48;2;247;189;33m▀[38;2;156;82;0;48;2;247;189;33m▀[38;2;0;0;0;48;2;99;49;8m▀[38;2;0;0;0;48;2;0;0;0m▀[0m [0m [0m [0m [0m [0m [0m [0m [0m [0m [0m
[0m [38;2;0;0;0;48;2;0;0;0m▀[38;2;82;82;90;48;2;82;82;90m▀[38;2;82;82;90;48;2;82;82;90m▀[38;2;247;230;82;48;2;247;230;82m▀[38;2;247;230;82;48;2;247;230;82m▀[38;2;247;230;82;48;2;247;230;82m▀[38;2;247;230;82;48;2;247;230;82m▀[38;2;247;230;82;48;2;247;230;82m▀[38;2;247;230;82;48;2;247;230;82m▀[38;2;247;230;82;48;2;247;230;82m▀[38;2;247;230;82;48;2;247;230;82m▀[38;2;247;230;82;48;2;247;230;82m▀[38;2;247;189;33;48;2;247;189;33m▀[38;2;82;82;90;48;2;82;82;90m▀[38;2;82;82;90;48;2;82;82;90m▀[38;2;41;41;41;48;2;41;41;41m▀[38;2;41;41;41;48;2;41;41;41m▀[38;2;82;82;90;48;2;82;82;90m▀[38;2;82;82;90;48;2;82;82;90m▀[38;2;82;82;90;48;2;82;82;90m▀[38;2;82;82;90;48;2;82;82;90m▀[38;2;82;82;90;48;2;82;82;90m▀[38;2;82;82;90;48;2;82;82;90m▀[38;2;82;82;90;48;2;82;82;90m▀[38;2;82;82;90;48;2;82;82;90m▀[38;2;0;0;0;48;2;0;0;0m▀[38;2;0;0;0;48;2;0;0;0m▀[38;2;0;0;0m▄[38;2;0;0;0m▄[0m [38;2;0;0;0;48;2;0;0;0m▀[38;2;0;0;0;48;2;0;0;0m▀[38;2;222;148;0;48;2;222;148;0m▀[38;2;222;148;0;48;2;222;148;0m▀[38;2;247;189;33;48;2;247;189;33m▀[38;2;247;189;33;48;2;247;189;33m▀[38;2;99;49;8;48;2;99;49;8m▀[38;2;0;0;0;48;2;0;0;0m▀[0m [0m [0m [0m [0m [0m [0m [0m [0m [0m [0m
[38;2;0;0;0;48;2;0;0;0m▀[38;2;0;0;0;48;2;0;0;0m▀[38;2;247;230;82;48;2;247;230;82m▀[38;2;247;230;82;48;2;247;230;82m▀[38;2;247;230;82;48;2;247;230;82m▀[38;2;247;230;82;48;2;247;230;82m▀[38;2;247;230;82;48;2;247;230;82m▀[38;2;247;230;82;48;2;247;230;82m▀[38;2;247;230;82;48;2;247;230;82m▀[38;2;247;230;82;48;2;247;230;82m▀[38;2;247;230;82;48;2;247;230;82m▀[38;2;247;230;82;48;2;247;230;82m▀[38;2;247;230;82;48;2;247;230;82m▀[38;2;82;82;90;48;2;247;189;33m▀[38;2;82;82;90;48;2;82;82;90m▀[38;2;82;82;90;48;2;82;82;90m▀[38;2;41;41;41;48;2;0;0;0m▀[38;2;41;41;41;48;2;82;82;90m▀[38;2;82;82;90;48;2;82;82;90m▀[38;2;82;82;90;48;2;82;82;90m▀[38;2;82;82;90;48;2;82;82;90m▀[38;2;82;82;90;48;2;82;82;90m▀[38;2;82;82;90;48;2;82;82;90m▀[38;2;82;82;90;48;2;82;82;90m▀[38;2;82;82;90;48;2;41;41;41m▀[38;2;82;82;90;48;2;82;82;90m▀[38;2;82;82;90;48;2;41;41;41m▀[38;2;16;16;16;48;2;41;41;41m▀[38;2;16;16;16;48;2;41;41;41m▀[38;2;0;0;0;48;2;16;16;16m▀[38;2;0;0;0;48;2;99;49;8m▀[38;2;0;0;0;48;2;222;148;0m▀[38;2;222;148;0;48;2;222;148;0m▀[38;2;247;189;33;48;2;222;148;0m▀[38;2;247;189;33;48;2;222;148;0m▀[38;2;247;189;33;48;2;247;189;33m▀[38;2;247;189;33;48;2;222;148;0m▀[38;2;247;189;33;48;2;99;49;8m▀[38;2;99;49;8;48;2;0;0;0m▀[38;2;0;0;0;48;2;0;0;0m▀[0m [0m [0m [0m [0m [0m [0m [0m [0m [0m
[38;2;0;0;0;48;2;0;0;0m▀[38;2;82;82;90;48;2;247;230;82m▀[38;2;247;230;82;48;2;247;230;82m▀[38;2;247;230;82;48;2;247;230;82m▀[38;2;247;230;82;48;2;247;230;82m▀[38;2;247;230;82;48;2;247;230;82m▀[38;2;247;230;82;48;2;247;230;82m▀[38;2;247;230;82;48;2;247;230;82m▀[38;2;247;230;82;48;2;247;230;82m▀[38;2;247;230;82;48;2;247;230;82m▀[38;2;247;230;82;48;2;247;230;82m▀[38;2;247;230;82;48;2;247;230;82m▀[38;2;247;230;82;48;2;247;230;82m▀[38;2;247;230;82;48;2;247;230;82m▀[38;2;247;230;82;48;2;247;230;82m▀[38;2;247;230;82;48;2;247;230;82m▀[38;2;0;0;0;48;2;16;16;16m▀[38;2;82;82;90;48;2;41;41;41m▀[38;2;82;82;90;48;2;82;82;90m▀[38;2;82;82;90;48;2;82;82;90m▀[38;2;82;82;90;48;2;82;82;90m▀[38;2;82;82;90;48;2;82;82;90m▀[38;2;82;82;90;48;2;41;41;41m▀[38;2;82;82;90;48;2;82;82;90m▀[38;2;82;82;90;48;2;41;41;41m▀[38;2;41;41;41;48;2;41;41;41m▀[38;2;82;82;90;48;2;41;41;41m▀[38;2;41;41;41;48;2;0;0;0m▀[38;2;41;41;41;48;2;0;0;0m▀[38;2;41;41;41;48;2;16;16;16m▀[38;2;16;16;16;48;2;0;0;0m▀[38;2;222;148;0;48;2;222;148;0m▀[38;2;222;148;0;48;2;222;148;0m▀[38;2;222;148;0;48;2;0;0;0m▀[38;2;222;148;0;48;2;0;0;0m▀[38;2;99;49;8;48;2;0;0;0m▀[38;2;99;49;8;48;2;0;0;0m▀[38;2;0;0;0m▀[38;2;0;0;0m▀[0m [0m [0m [0m [0m [0m [0m [0m [0m [0m [0m
[38;2;0;0;0;48;2;0;0;0m▀[38;2;247;230;82;48;2;247;230;82m▀[38;2;247;230;82;48;2;247;230;82m▀[38;2;247;230;82;48;2;247;230;82m▀[38;2;247;230;82;48;2;247;230;82m▀[38;2;247;230;82;48;2;247;230;82m▀[38;2;247;230;82;48;2;247;230;82m▀[38;2;247;230;82;48;2;247;230;82m▀[38;2;247;230;82;48;2;247;230;82m▀[38;2;247;230;82;48;2;247;230;82m▀[38;2;247;230;82;48;2;247;230;82m▀[38;2;247;230;82;48;2;247;230;82m▀[38;2;247;230;82;48;2;247;230;82m▀[38;2;247;189;33;48;2;247;189;33m▀[38;2;247;230;82;48;2;247;230;82m▀[38;2;247;230;82;48;2;247;230;82m▀[38;2;16;16;16;48;2;16;16;16m▀[38;2;41;41;41;48;2;41;41;41m▀[38;2;41;41;41;48;2;41;41;41m▀[38;2;82;82;90;48;2;82;82;90m▀[38;2;82;82;90;48;2;82;82;90m▀[38;2;82;82;90;48;2;82;82;90m▀[38;2;82;82;90;48;2;82;82;90m▀[38;2;41;41;41;48;2;41;41;41m▀[38;2;41;41;41;48;2;41;41;41m▀[38;2;0;0;0;48;2;0;0;0m▀[38;2;0;0;0;48;2;0;0;0m▀[38;2;247;230;82;48;2;247;230;82m▀[38;2;247;230;82;48;2;247;230;82m▀[38;2;247;189;33;48;2;247;189;33m▀[38;2;16;16;16;48;2;16;16;16m▀[38;2;0;0;0;48;2;0;0;0m▀[38;2;156;82;0;48;2;156;82;0m▀[38;2;156;82;0;48;2;156;82;0m▀[38;2;156;82;0;48;2;156;82;0m▀[38;2;0;0;0;48;2;0;0;0m▀[38;2;0;0;0;48;2;0;0;0m▀[0m [0m [0m [0m [0m [0m [0m [0m [0m [0m [0m [0m [0m
[38;2;16;16;16;48;2;16;16;16m▀[38;2;247;230;82;48;2;247;189;33m▀[38;2;247;230;82;48;2;247;230;82m▀[38;2;247;230;82;48;2;247;230;82m▀[38;2;247;230;82;48;2;247;230;82m▀[38;2;247;189;33;48;2;41;41;41m▀[38;2;247;230;82;48;2;247;230;82m▀[38;2;247;230;82;48;2;247;230;82m▀[38;2;247;230;82;48;2;247;230;82m▀[38;2;247;230;82;48;2;247;230;82m▀[38;2;247;189;33;48;2;41;41;41m▀[38;2;247;230;82;48;2;247;230;82m▀[38;2;247;230;82;48;2;247;230;82m▀[38;2;247;230;82;48;2;247;230;82m▀[38;2;41;41;41;48;2;41;41;41m▀[38;2;41;41;41;48;2;41;41;41m▀[38;2;16;16;16;48;2;82;82;90m▀[38;2;41;41;41;48;2;0;0;0m▀[38;2;41;41;41;48;2;41;41;41m▀[38;2;41;41;41;48;2;41;41;41m▀[38;2;41;41;41;48;2;41;41;41m▀[38;2;41;41;41;48;2;41;41;41m▀[38;2;41;41;41;48;2;41;41;41m▀[38;2;41;41;41;48;2;41;41;41m▀[38;2;41;41;41;48;2;0;0;0m▀[38;2;41;41;41;48;2;0;0;0m▀[38;2;247;189;33;48;2;247;230;82m▀[38;2;247;230;82;48;2;247;230;82m▀[38;2;247;230;82;48;2;247;230;82m▀[38;2;247;230;82;48;2;247;230;82m▀[38;2;82;82;90;48;2;247;230;82m▀[38;2;16;16;16;48;2;16;16;16m▀[38;2;0;0;0;48;2;156;82;0m▀[38;2;156;82;0;48;2;156;82;0m▀[38;2;156;82;0;48;2;156;82;0m▀[38;2;156;82;0;48;2;156;82;0m▀[38;2;0;0;0;48;2;0;0;0m▀[38;2;0;0;0;48;2;0;0;0m▀[0m [0m [0m [0m [0m [0m [0m [0m [0m [0m [0m [0m
[38;2;0;0;0;48;2;0;0;0m▀[38;2;41;41;41;48;2;16;16;16m▀[38;2;247;230;82;48;2;247;189;33m▀[38;2;247;230;82;48;2;247;189;33m▀[38;2;247;230;82;48;2;41;41;41m▀[38;2;16;16;16;48;2;82;82;90m▀[38;2;247;189;33;48;2;41;41;41m▀[38;2;247;230;82;48;2;247;189;33m▀[38;2;247;230;82;48;2;247;189;33m▀[38;2;247;230;82;48;2;247;189;33m▀[38;2;247;189;33;48;2;247;189;33m▀[38;2;41;41;41;48;2;41;41;41m▀[38;2;247;230;82;48;2;16;16;16m▀[38;2;247;230;82;48;2;247;189;33m▀[38;2;247;189;33;48;2;247;189;33m▀[38;2;247;189;33;48;2;247;189;33m▀[38;2;41;41;41;48;2;16;16;16m▀[38;2;16;16;16;48;2;82;82;90m▀[38;2;0;0;0;48;2;16;16;16m▀[38;2;41;41;41;48;2;16;16;16m▀[38;2;41;41;41;48;2;41;41;41m▀[38;2;41;41;41;48;2;41;41;41m▀[38;2;0;0;0;48;2;41;41;41m▀[38;2;41;41;41;48;2;0;0;0m▀[38;2;247;189;33;48;2;247;189;33m▀[38;2;247;230;82;48;2;247;189;33m▀[38;2;247;230;82;48;2;247;230;82m▀[38;2;247;230;82;48;2;247;230;82m▀[38;2;247;230;82;48;2;247;230;82m▀[38;2;82;82;90;48;2;247;230;82m▀[38;2;247;230;82;48;2;0;0;0m▀[38;2;0;0;0;48;2;247;189;33m▀[38;2;156;82;0;48;2;65;41;24m▀[38;2;0;0;0;48;2;0;0;0m▀[38;2;0;0;0;48;2;0;0;0m▀[38;2;0;0;0;48;2;0;0;0m▀[38;2;0;0;0m▀[0m [0m [0m [0m [0m [0m [0m [0m [0m [0m [0m [0m [0m
[38;2;0;0;0;48;2;0;0;0m▀[38;2;16;16;16;48;2;16;16;16m▀[38;2;16;16;16;48;2;16;16;16m▀[38;2;16;16;16;48;2;16;16;16m▀[38;2;16;16;16;48;2;16;16;16m▀[38;2;82;82;90;48;2;82;82;90m▀[38;2;16;16;16;48;2;16;16;16m▀[38;2;247;189;33;48;2;247;189;33m▀[38;2;41;41;41;48;2;41;41;41m▀[38;2;41;41;41;48;2;41;41;41m▀[38;2;247;189;33;48;2;247;189;33m▀[38;2;16;16;16;48;2;16;16;16m▀[38;2;82;82;90;48;2;82;82;90m▀[38;2;16;16;16;48;2;16;16;16m▀[38;2;16;16;16;48;2;16;16;16m▀[38;2;16;16;16;48;2;16;16;16m▀[38;2;82;82;90;48;2;82;82;90m▀[38;2;82;82;90;48;2;82;82;90m▀[38;2;82;82;90;48;2;82;82;90m▀[38;2;82;82;90;48;2;82;82;90m▀[38;2;16;16;16;48;2;16;16;16m▀[38;2;16;16;16;48;2;16;16;16m▀[38;2;65;41;24;48;2;65;41;24m▀[38;2;82;82;90;48;2;82;82;90m▀[38;2;247;189;33;48;2;247;189;33m▀[38;2;247;189;33;48;2;247;189;33m▀[38;2;247;189;33;48;2;247;189;33m▀[38;2;82;82;90;48;2;82;82;90m▀[38;2;82;82;90;48;2;82;82;90m▀[38;2;247;230;82;48;2;247;230;82m▀[38;2;247;230;82;48;2;247;230;82m▀[38;2;0;0;0;48;2;0;0;0m▀[38;2;65;41;24;48;2;65;41;24m▀[38;2;0;0;0;48;2;0;0;0m▀[0m [0m [0m [0m [0m [0m [0m [0m [0m [0m [0m [0m [0m [0m [0m [0m
[0m [38;2;0;0;0m▀[38;2;0;0;0m▀[38;2;0;0;0m▀[38;2;0;0;0m▀[38;2;16;16;16;48;2;0;0;0m▀[38;2;82;82;90;48;2;16;16;16m▀[38;2;41;41;41;48;2;16;16;16m▀[38;2;16;16;16;48;2;82;82;90m▀[38;2;16;16;16;48;2;82;82;90m▀[38;2;16;16;16;48;2;82;82;90m▀[38;2;82;82;90;48;2;82;82;90m▀[38;2;82;82;90;48;2;82;82;90m▀[38;2;82;82;90;48;2;82;82;90m▀[38;2;82;82;90;48;2;82;82;90m▀[38;2;82;82;90;48;2;82;82;90m▀[38;2;82;82;90;48;2;82;82;90m▀[38;2;82;82;90;48;2;82;82;90m▀[38;2;82;82;90;48;2;82;82;90m▀[38;2;82;82;90;48;2;82;82;90m▀[38;2;82;82;90;48;2;0;0;0m▀[38;2;82;82;90;48;2;0;0;0m▀[38;2;82;82;90;48;2;16;16;16m▀[38;2;65;41;24;48;2;0;0;0m▀[38;2;65;41;24;48;2;0;0;0m▀[38;2;82;82;90;48;2;65;41;24m▀[38;2;247;189;33;48;2;65;41;24m▀[38;2;247;189;33;48;2;82;82;90m▀[38;2;247;189;33;48;2;82;82;90m▀[38;2;0;0;0;48;2;247;189;33m▀[38;2;247;189;33;48;2;0;0;0m▀[38;2;247;189;33;48;2;82;82;90m▀[38;2;65;41;24;48;2;65;41;24m▀[38;2;0;0;0;48;2;0;0;0m▀[0m [0m [0m [0m [0m [0m [0m [0m [0m [0m [0m [0m [0m [0m [0m [0m
[0m [0m [0m [0m [38;2;0;0;0m▄[38;2;0;0;0m▄[38;2;0;0;0;48;2;16;16;16m▀[38;2;16;16;16;48;2;99;49;8m▀[38;2;16;16;16;48;2;99;49;8m▀[38;2;16;16;16;48;2;99;49;8m▀[38;2;16;16;16;48;2;16;16;16m▀[38;2;82;82;90;48;2;16;16;16m▀[38;2;82;82;90;48;2;16;16;16m▀[38;2;82;82;90;48;2;16;16;16m▀[38;2;82;82;90;48;2;16;16;16m▀[38;2;82;82;90;48;2;16;16;16m▀[38;2;82;82;90;48;2;16;16;16m▀[38;2;0;0;0;48;2;16;16;16m▀[38;2;16;16;16;48;2;0;0;0m▀[38;2;0;0;0;48;2;16;16;16m▀[38;2;99;49;8;48;2;99;49;8m▀[38;2;99;49;8;48;2;99;49;8m▀[38;2;16;16;16;48;2;99;49;8m▀[38;2;0;0;0;48;2;0;0;0m▀[0m [38;2;0;0;0m▀[38;2;0;0;0m▀[38;2;65;41;24;48;2;0;0;0m▀[38;2;65;41;24;48;2;0;0;0m▀[38;2;65;41;24;48;2;0;0;0m▀[38;2;65;41;24;48;2;0;0;0m▀[38;2;65;41;24;48;2;0;0;0m▀[38;2;0;0;0m▀[0m [0m [0m [0m [0m [0m [0m [0m [0m [0m [0m [0m [0m [0m [0m [0m [0m
[0m [0m [38;2;0;0;0m▄[38;2;0;0;0;48;2;0;0;0m▀[38;2;16;16;16;48;2;16;16;16m▀[38;2;99;49;8;48;2;99;49;8m▀[38;2;156;82;0;48;2;156;82;0m▀[38;2;156;82;0;48;2;156;82;0m▀[38;2;99;49;8;48;2;99;49;8m▀[38;2;99;49;8;48;2;99;49;8m▀[38;2;99;49;8;48;2;99;49;8m▀[38;2;99;49;8;48;2;99;49;8m▀[38;2;16;16;16;48;2;16;16;16m▀[38;2;131;131;131;48;2;131;131;131m▀[38;2;0;0;0;48;2;0;0;0m▀[38;2;0;0;0;48;2;0;0;0m▀[38;2;0;0;0m▀[38;2;0;0;0m▀[38;2;0;0;0;48;2;0;0;0m▀[38;2;16;16;16;48;2;16;16;16m▀[38;2;99;49;8;48;2;99;49;8m▀[38;2;99;49;8;48;2;99;49;8m▀[38;2;99;49;8;48;2;99;49;8m▀[38;2;16;16;16;48;2;16;16;16m▀[38;2;0;0;0;48;2;0;0;0m▀[0m [0m [0m [0m [0m [0m [0m [0m [0m [0m [0m [0m [0m [0m [0m [0m [0m [0m [0m [0m [0m [0m [0m [0m [0m
[38;2;0;0;0m▄[38;2;0;0;0;48;2;16;16;16m▀[38;2;131;131;131;48;2;189;189;189m▀[38;2;131;131;131;48;2;189;189;189m▀[38;2;189;189;189;48;2;189;189;189m▀[38;2;131;131;131;48;2;131;131;131m▀[38;2;99;49;8;48;2;189;189;189m▀[38;2;99;49;8;48;2;189;189;189m▀[38;2;99;49;8;48;2;99;49;8m▀[38;2;99;49;8;48;2;99;49;8m▀[38;2;99;49;8;48;2;99;49;8m▀[38;2;99;49;8;48;2;16;16;16m▀[38;2;131;131;131;48;2;16;16;16m▀[38;2;189;189;189;48;2;16;16;16m▀[38;2;16;16;16;48;2;16;16;16m▀[38;2;16;16;16;48;2;16;16;16m▀[38;2;0;0;0;48;2;0;0;0m▀[38;2;0;0;0m▄[38;2;0;0;0;48;2;16;16;16m▀[38;2;16;16;16;48;2;156;82;0m▀[38;2;156;82;0;48;2;156;82;0m▀[38;2;156;82;0;48;2;156;82;0m▀[38;2;156;82;0;48;2;156;82;0m▀[38;2;156;82;0;48;2;156;82;0m▀[38;2;99;49;8;48;2;156;82;0m▀[38;2;0;0;0;48;2;99;49;8m▀[38;2;0;0;0m▄[0m [0m [0m [0m [0m [0m [0m [0m [0m [0m [0m [0m [0m [0m [0m [0m [0m [0m [0m [0m [0m [0m [0m
[38;2;0;0;0m▀[38;2;16;16;16;48;2;0;0;0m▀[38;2;16;16;16;48;2;0;0;0m▀[38;2;16;16;16;48;2;0;0;0m▀[38;2;16;16;16;48;2;16;16;16m▀[38;2;255;255;255;48;2;189;189;189m▀[38;2;255;255;255;48;2;16;16;16m▀[38;2;189;189;189;48;2;16;16;16m▀[38;2;16;16;16;48;2;0;0;0m▀[38;2;16;16;16;48;2;0;0;0m▀[38;2;16;16;16;48;2;0;0;0m▀[38;2;0;0;0m▀[38;2;0;0;0m▀[38;2;0;0;0m▀[38;2;0;0;0m▀[38;2;0;0;0m▀[38;2;0;0;0m▄[38;2;0;0;0;48;2;131;131;131m▀[38;2;16;16;16;48;2;255;255;255m▀[38;2;99;49;8;48;2;255;255;255m▀[38;2;99;49;8;48;2;99;49;8m▀[38;2;99;49;8;48;2;99;49;8m▀[38;2;156;82;0;48;2;16;16;16m▀[38;2;99;49;8;48;2;99;49;8m▀[38;2;99;49;8;48;2;255;255;255m▀[38;2;16;16;16;48;2;255;255;255m▀[38;2;0;0;0;48;2;131;131;131m▀[38;2;0;0;0m▄[0m [0m [0m [0m [0m [0m [0m [0m [0m [0m [0m [0m [0m [0m [0m [0m [0m [0m [0m [0m [0m [0m
[0m [0m [0m [38;2;0;0;0;48;2;0;0;0m▀[38;2;16;16;16;48;2;16;16;16m▀[38;2;16;16;16;48;2;16;16;16m▀[38;2;0;0;0;48;2;0;0;0m▀[38;2;0;0;0m▀[0m [0m [0m [0m [0m [0m [0m [0m [38;2;0;0;0;48;2;0;0;0m▀[38;2;16;16;16;48;2;16;16;16m▀[38;2;255;255;255;48;2;255;255;255m▀[38;2;189;189;189;48;2;189;189;189m▀[38;2;16;16;16;48;2;16;16;16m▀[38;2;16;16;16;48;2;16;16;16m▀[38;2;16;16;16;48;2;16;16;16m▀[38;2;16;16;16;48;2;16;16;16m▀[38;2;189;189;189;48;2;189;189;189m▀[38;2;255;255;255;48;2;255;255;255m▀[38;2;16;16;16;48;2;16;16;16m▀[38;2;0;0;0;48;2;0;0;0m▀[0m [0m [0m [0m [0m [0m [0m [0m [0m [0m [0m [0m [0m [0m [0m [0m [0m [0m [0m [0m [0m [0m
[0m [0m [0m [0m [38;2;0;0;0m▀[38;2;0;0;0m▀[0m [0m [0m [0m [0m [0m [0m [0m [0m [0m [38;2;0;0;0m▀[38;2;16;16;16;48;2;0;0;0m▀[38;2;255;255;255;48;2;16;16;16m▀[38;2;16;16;16;48;2;0;0;0m▀[38;2;0;0;0m▀[38;2;0;0;0m▀[38;2;0;0;0m▀[38;2;0;0;0m▀[38;2;16;16;16;48;2;0;0;0m▀[38;2;255;255;255;48;2;16;16;16m▀[38;2;16;16;16;48;2;0;0;0m▀[38;2;0;0;0m▀[0m [0m [0m [0m [0m [0m [0m [0m [0m [0m [0m [0m [0m [0m [0m [0m [0m [0m [0m [0m [0m [0m
