[0m [0m [0m [0m [0m [0m [0m [0m [0m [0m [0m [0m [0m [0m [0m [0m [0m [0m [0m [38;2;0;0;0m▄[38;2;0;0;0;48;2;115;172;49m▀[38;2;0;0;0;48;2;115;172;49m▀[38;2;0;0;0;48;2;115;172;49m▀[38;2;0;0;0m▄[38;2;0;0;0;48;2;115;172;49m▀[38;2;115;172;49;48;2;189;255;115m▀[38;2;115;172;49;48;2;189;255;115m▀[38;2;115;172;49;48;2;164;213;65m▀[38;2;115;172;49;48;2;164;213;65m▀[38;2;0;0;0;48;2;115;172;49m▀[38;2;0;0;0m▄[38;2;0;0;0m▄[38;2;0;0;0;48;2;24;74;74m▀[38;2;24;74;74;48;2;98;213;180m▀[38;2;24;74;74;48;2;98;213;180m▀[38;2;24;74;74;48;2;57;148;148m▀[38;2;0;0;0;48;2;24;74;74m▀[38;2;0;0;0m▄[0m [0m [0m [0m [0m [0m [0m [0m [0m [0m [0m [0m [0m
[0m [0m [0m [0m [0m [0m [0m [0m [0m [0m [0m [0m [0m [0m [0m [0m [0m [0m [38;2;0;0;0;48;2;0;0;0m▀[38;2;115;172;49;48;2;115;172;49m▀[38;2;189;255;115;48;2;189;255;115m▀[38;2;189;255;115;48;2;189;255;115m▀[38;2;189;255;115;48;2;189;255;115m▀[38;2;115;172;49;48;2;115;172;49m▀[38;2;189;255;115;48;2;189;255;115m▀[38;2;189;255;115;48;2;189;255;115m▀[38;2;189;255;115;48;2;189;255;115m▀[38;2;164;213;65;48;2;164;213;65m▀[38;2;164;213;65;48;2;164;213;65m▀[38;2;164;213;65;48;2;164;213;65m▀[38;2;24;74;74;48;2;24;74;74m▀[38;2;57;148;148;48;2;57;148;148m▀[38;2;57;148;148;48;2;57;148;148m▀[38;2;98;213;180;48;2;98;213;180m▀[38;2;98;213;180;48;2;98;213;180m▀[38;2;57;148;148;48;2;57;148;148m▀[38;2;24;74;74;48;2;24;74;74m▀[38;2;0;0;0;48;2;0;0;0m▀[0m [0m [0m [0m [0m [0m [0m [0m [0m [0m [0m [0m [0m
[0m [0m [0m [0m [0m [0m [0m [0m [0m [0m [0m [0m [0m [0m [0m [38;2;0;0;0m▄[38;2;0;0;0m▄[38;2;0;0;0;48;2;115;172;49m▀[38;2;0;0;0;48;2;115;172;49m▀[38;2;115;172;49;48;2;115;172;49m▀[38;2;189;255;115;48;2;189;255;115m▀[38;2;164;213;65;48;2;164;213;65m▀[38;2;164;213;65;48;2;164;213;65m▀[38;2;115;172;49;48;2;115;172;49m▀[38;2;189;255;115;48;2;189;255;115m▀[38;2;189;255;115;48;2;189;255;115m▀[38;2;189;255;115;48;2;164;213;65m▀[38;2;164;213;65;48;2;164;213;65m▀[38;2;164;213;65;48;2;164;213;65m▀[38;2;0;0;0;48;2;0;0;0m▀[38;2;57;148;148;48;2;98;213;180m▀[38;2;57;148;148;48;2;98;213;180m▀[38;2;98;213;180;48;2;98;213;180m▀[38;2;98;213;180;48;2;57;148;148m▀[38;2;98;213;180;48;2;57;148;148m▀[38;2;57;148;148;48;2;57;148;148m▀[38;2;24;74;74;48;2;57;148;148m▀[38;2;0;0;0;48;2;24;74;74m▀[38;2;0;0;0m▄[0m [0m [0m [0m [0m [0m [0m [0m [0m [0m [0m [0m
[0m [0m [0m [0m [0m [0m [0m [0m [0m [0m [0m [0m [0m [38;2;0;0;0m▄[38;2;0;0;0;48;2;57;148;148m▀[38;2;115;172;49;48;2;115;172;49m▀[38;2;115;172;49;48;2;115;172;49m▀[38;2;189;255;115;48;2;189;255;115m▀[38;2;164;213;65;48;2;164;213;65m▀[38;2;115;172;49;48;2;115;172;49m▀[38;2;189;255;115;48;2;189;255;115m▀[38;2;189;255;115;48;2;189;255;115m▀[38;2;189;255;115;48;2;189;255;115m▀[38;2;164;213;65;48;2;164;213;65m▀[38;2;115;172;49;48;2;115;172;49m▀[38;2;189;255;115;48;2;189;255;115m▀[38;2;164;213;65;48;2;164;213;65m▀[38;2;0;0;0;48;2;0;0;0m▀[38;2;0;0;0;48;2;0;0;0m▀[38;2;98;213;180;48;2;98;213;180m▀[38;2;98;213;180;48;2;98;213;180m▀[38;2;98;213;180;48;2;98;213;180m▀[38;2;98;213;180;48;2;24;74;74m▀[38;2;24;74;74;48;2;24;74;74m▀[38;2;24;74;74;48;2;24;74;74m▀[38;2;24;74;74;48;2;24;74;74m▀[38;2;57;148;148;48;2;57;148;148m▀[38;2;57;148;148;48;2;57;148;148m▀[38;2;24;74;74;48;2;57;148;148m▀[38;2;0;0;0;48;2;24;74;74m▀[38;2;0;0;0m▄[0m [0m [0m [0m [0m [0m [0m [0m [0m [0m
[0m [0m [0m [0m [0m [0m [0m [0m [0m [0m [38;2;0;0;0m▄[38;2;0;0;0m▄[38;2;0;0;0;48;2;0;0;0m▀[38;2;57;148;148;48;2;57;148;148m▀[38;2;131;238;197;48;2;131;238;197m▀[38;2;115;172;49;48;2;115;172;49m▀[38;2;115;172;49;48;2;115;172;49m▀[38;2;189;255;115;48;2;189;255;115m▀[38;2;189;255;115;48;2;189;255;115m▀[38;2;164;213;65;48;2;164;213;65m▀[38;2;115;172;49;48;2;115;172;49m▀[38;2;189;255;115;48;2;189;255;115m▀[38;2;189;255;115;48;2;189;255;115m▀[38;2;164;213;65;48;2;164;213;65m▀[38;2;164;213;65;48;2;164;213;65m▀[38;2;115;172;49;48;2;115;172;49m▀[38;2;164;213;65;48;2;164;213;65m▀[38;2;0;0;0;48;2;0;0;0m▀[38;2;0;0;0;48;2;0;0;0m▀[38;2;98;213;180;48;2;98;213;180m▀[38;2;98;213;180;48;2;98;213;180m▀[38;2;98;213;180;48;2;98;213;180m▀[38;2;24;74;74;48;2;24;74;74m▀[38;2;24;74;74;48;2;24;74;74m▀[38;2;24;74;74;48;2;24;74;74m▀[38;2;57;148;148;48;2;57;148;148m▀[38;2;57;148;148;48;2;57;148;148m▀[38;2;57;148;148;48;2;57;148;148m▀[38;2;57;148;148;48;2;57;148;148m▀[38;2;24;74;74;48;2;24;74;74m▀[38;2;0;0;0;48;2;0;0;0m▀[38;2;0;0;0m▄[0m [0m [0m [0m [0m [0m [0m [0m [0m
[0m [0m [0m [0m [0m [0m [38;2;0;0;0m▄[38;2;0;0;0;48;2;86;186;158m▀[38;2;0;0;0;48;2;86;186;158m▀[38;2;0;0;0;48;2;86;186;158m▀[38;2;86;186;158;48;2;57;148;148m▀[38;2;86;186;158;48;2;57;148;148m▀[38;2;86;186;158;48;2;131;238;197m▀[38;2;57;148;148;48;2;57;148;148m▀[38;2;131;238;197;48;2;98;213;180m▀[38;2;115;172;49;48;2;131;238;197m▀[38;2;115;172;49;48;2;131;238;197m▀[38;2;189;255;115;48;2;115;172;49m▀[38;2;189;255;115;48;2;189;255;115m▀[38;2;164;213;65;48;2;189;255;115m▀[38;2;115;172;49;48;2;164;213;65m▀[38;2;189;255;115;48;2;115;172;49m▀[38;2;189;255;115;48;2;115;172;49m▀[38;2;189;255;115;48;2;164;213;65m▀[38;2;164;213;65;48;2;164;213;65m▀[38;2;115;172;49;48;2;0;0;0m▀[38;2;164;213;65;48;2;115;172;49m▀[38;2;164;213;65;48;2;164;213;65m▀[38;2;164;213;65;48;2;164;213;65m▀[38;2;57;148;148;48;2;57;148;148m▀[38;2;98;213;180;48;2;98;213;180m▀[38;2;57;148;148;48;2;205;205;205m▀[38;2;205;205;205;48;2;255;255;255m▀[38;2;205;205;205;48;2;255;255;255m▀[38;2;205;205;205;48;2;255;255;255m▀[38;2;24;74;74;48;2;205;205;205m▀[38;2;57;148;148;48;2;24;74;74m▀[38;2;57;148;148;48;2;57;148;148m▀[38;2;57;148;148;48;2;57;148;148m▀[38;2;57;148;148;48;2;57;148;148m▀[38;2;24;74;74;48;2;24;74;74m▀[38;2;24;74;74;48;2;24;74;74m▀[38;2;0;0;0;48;2;0;0;0m▀[0m [0m [0m [0m [0m [0m [0m [0m
[0m [0m [38;2;0;0;0m▄[38;2;0;0;0m▄[38;2;0;0;0;48;2;86;186;158m▀[38;2;0;0;0;48;2;0;0;0m▀[38;2;24;74;74;48;2;98;213;180m▀[38;2;131;238;197;48;2;131;238;197m▀[38;2;57;148;148;48;2;131;238;197m▀[38;2;57;148;148;48;2;131;238;197m▀[38;2;57;148;148;48;2;131;238;197m▀[38;2;131;238;197;48;2;98;213;180m▀[38;2;131;238;197;48;2;98;213;180m▀[38;2;131;238;197;48;2;98;213;180m▀[38;2;57;148;148;48;2;24;74;74m▀[38;2;57;148;148;48;2;98;213;180m▀[38;2;57;148;148;48;2;98;213;180m▀[38;2;0;0;0;48;2;131;238;197m▀[38;2;115;172;49;48;2;0;0;0m▀[38;2;189;255;115;48;2;115;172;49m▀[38;2;164;213;65;48;2;115;172;49m▀[38;2;115;172;49;48;2;57;148;148m▀[38;2;115;172;49;48;2;57;148;148m▀[38;2;164;213;65;48;2;0;0;0m▀[38;2;164;213;65;48;2;0;0;0m▀[38;2;57;148;148;48;2;57;148;148m▀[38;2;0;0;0;48;2;98;213;180m▀[38;2;0;0;0;48;2;98;213;180m▀[38;2;0;0;0;48;2;98;213;180m▀[38;2;98;213;180;48;2;98;213;180m▀[38;2;57;148;148;48;2;24;74;74m▀[38;2;189;41;32;48;2;189;41;32m▀[38;2;255;106;98;48;2;189;41;32m▀[38;2;255;255;255;48;2;255;106;98m▀[38;2;255;255;255;48;2;255;106;98m▀[38;2;255;255;255;48;2;255;255;255m▀[38;2;57;148;148;48;2;205;205;205m▀[38;2;57;148;148;48;2;57;148;148m▀[38;2;57;148;148;48;2;24;74;74m▀[38;2;57;148;148;48;2;57;148;148m▀[38;2;57;148;148;48;2;57;148;148m▀[38;2;57;148;148;48;2;57;148;148m▀[38;2;24;74;74;48;2;24;74;74m▀[38;2;0;0;0;48;2;0;0;0m▀[0m [0m [0m [0m [0m [0m [0m
[38;2;0;0;0m▄[38;2;0;0;0;48;2;86;186;158m▀[38;2;86;186;158;48;2;131;238;197m▀[38;2;86;186;158;48;2;131;238;197m▀[38;2;131;238;197;48;2;131;238;197m▀[38;2;131;238;197;48;2;131;238;197m▀[38;2;131;238;197;48;2;131;238;197m▀[38;2;98;213;180;48;2;98;213;180m▀[38;2;98;213;180;48;2;98;213;180m▀[38;2;98;213;180;48;2;98;213;180m▀[38;2;98;213;180;48;2;98;213;180m▀[38;2;98;213;180;48;2;57;148;148m▀[38;2;98;213;180;48;2;57;148;148m▀[38;2;98;213;180;48;2;98;213;180m▀[38;2;57;148;148;48;2;57;148;148m▀[38;2;57;148;148;48;2;205;205;205m▀[38;2;57;148;148;48;2;205;205;205m▀[38;2;131;238;197;48;2;24;74;74m▀[38;2;131;238;197;48;2;131;238;197m▀[38;2;0;0;0;48;2;57;148;148m▀[38;2;0;0;0;48;2;57;148;148m▀[38;2;57;148;148;48;2;57;148;148m▀[38;2;57;148;148;48;2;57;148;148m▀[38;2;98;213;180;48;2;98;213;180m▀[38;2;57;148;148;48;2;98;213;180m▀[38;2;98;213;180;48;2;98;213;180m▀[38;2;98;213;180;48;2;57;148;148m▀[38;2;57;148;148;48;2;57;148;148m▀[38;2;57;148;148;48;2;57;148;148m▀[38;2;98;213;180;48;2;98;213;180m▀[38;2;24;74;74;48;2;57;148;148m▀[38;2;255;255;255;48;2;255;255;255m▀[38;2;189;41;32;48;2;189;41;32m▀[38;2;222;74;65;48;2;222;74;65m▀[38;2;222;74;65;48;2;222;74;65m▀[38;2;205;205;205;48;2;57;148;148m▀[38;2;57;148;148;48;2;57;148;148m▀[38;2;57;148;148;48;2;16;16;16m▀[38;2;16;16;16;48;2;57;148;148m▀[38;2;57;148;148;48;2;57;148;148m▀[38;2;57;148;148;48;2;57;148;148m▀[38;2;57;148;148;48;2;57;148;148m▀[38;2;24;74;74;48;2;24;74;74m▀[38;2;0;0;0;48;2;0;0;0m▀[38;2;0;0;0m▄[0m [0m [0m [0m [0m [0m
[38;2;0;0;0;48;2;86;186;158m▀[38;2;86;186;158;48;2;131;238;197m▀[38;2;131;238;197;48;2;131;238;197m▀[38;2;131;238;197;48;2;131;238;197m▀[38;2;131;238;197;48;2;131;238;197m▀[38;2;131;238;197;48;2;131;238;197m▀[38;2;131;238;197;48;2;98;213;180m▀[38;2;98;213;180;48;2;98;213;180m▀[38;2;98;213;180;48;2;98;213;180m▀[38;2;98;213;180;48;2;98;213;180m▀[38;2;98;213;180;48;2;24;74;74m▀[38;2;57;148;148;48;2;86;186;158m▀[38;2;57;148;148;48;2;57;148;148m▀[38;2;98;213;180;48;2;98;213;180m▀[38;2;57;148;148;48;2;57;148;148m▀[38;2;205;205;205;48;2;255;255;255m▀[38;2;205;205;205;48;2;255;255;255m▀[38;2;24;74;74;48;2;189;41;32m▀[38;2;131;238;197;48;2;24;74;74m▀[38;2;57;148;148;48;2;98;213;180m▀[38;2;57;148;148;48;2;98;213;180m▀[38;2;57;148;148;48;2;98;213;180m▀[38;2;57;148;148;48;2;98;213;180m▀[38;2;98;213;180;48;2;98;213;180m▀[38;2;98;213;180;48;2;98;213;180m▀[38;2;98;213;180;48;2;98;213;180m▀[38;2;57;148;148;48;2;57;148;148m▀[38;2;57;148;148;48;2;57;148;148m▀[38;2;57;148;148;48;2;57;148;148m▀[38;2;98;213;180;48;2;57;148;148m▀[38;2;57;148;148;48;2;98;213;180m▀[38;2;255;255;255;48;2;57;148;148m▀[38;2;189;41;32;48;2;57;148;148m▀[38;2;222;74;65;48;2;57;148;148m▀[38;2;222;74;65;48;2;57;148;148m▀[38;2;57;148;148;48;2;57;148;148m▀[38;2;57;148;148;48;2;16;16;16m▀[38;2;16;16;16;48;2;16;16;16m▀[38;2;57;148;148;48;2;57;148;148m▀[38;2;57;148;148;48;2;57;148;148m▀[38;2;57;148;148;48;2;24;74;74m▀[38;2;57;148;148;48;2;24;74;74m▀[38;2;24;74;74;48;2;189;255;115m▀[38;2;0;0;0;48;2;82;99;41m▀[38;2;0;0;0;48;2;0;0;0m▀[38;2;0;0;0m▄[38;2;0;0;0m▄[38;2;0;0;0m▄[0m [0m [0m
[38;2;41;74;82;48;2;41;74;82m▀[38;2;57;148;148;48;2;57;148;148m▀[38;2;57;148;148;48;2;57;148;148m▀[38;2;57;148;148;48;2;57;148;148m▀[38;2;57;148;148;48;2;57;148;148m▀[38;2;98;213;180;48;2;57;148;148m▀[38;2;98;213;180;48;2;98;213;180m▀[38;2;98;213;180;48;2;24;74;74m▀[38;2;98;213;180;48;2;98;213;180m▀[38;2;98;213;180;48;2;98;213;180m▀[38;2;98;213;180;48;2;98;213;180m▀[38;2;0;0;0;48;2;0;0;0m▀[38;2;0;0;0;48;2;0;0;0m▀[38;2;0;0;0;48;2;0;0;0m▀[38;2;57;148;148;48;2;24;74;74m▀[38;2;255;255;255;48;2;205;205;205m▀[38;2;255;255;255;48;2;205;205;205m▀[38;2;222;74;65;48;2;189;41;32m▀[38;2;255;255;255;48;2;255;255;255m▀[38;2;57;148;148;48;2;222;74;65m▀[38;2;98;213;180;48;2;98;213;180m▀[38;2;98;213;180;48;2;98;213;180m▀[38;2;98;213;180;48;2;98;213;180m▀[38;2;98;213;180;48;2;98;213;180m▀[38;2;98;213;180;48;2;98;213;180m▀[38;2;98;213;180;48;2;57;148;148m▀[38;2;98;213;180;48;2;98;213;180m▀[38;2;98;213;180;48;2;98;213;180m▀[38;2;98;213;180;48;2;98;213;180m▀[38;2;98;213;180;48;2;98;213;180m▀[38;2;98;213;180;48;2;98;213;180m▀[38;2;98;213;180;48;2;57;148;148m▀[38;2;57;148;148;48;2;16;16;16m▀[38;2;24;74;74;48;2;189;41;32m▀[38;2;24;74;74;48;2;189;41;32m▀[38;2;255;255;255;48;2;16;16;16m▀[38;2;16;16;16;48;2;189;41;32m▀[38;2;24;74;74;48;2;57;148;148m▀[38;2;57;148;148;48;2;57;148;148m▀[38;2;57;148;148;48;2;16;16;16m▀[38;2;16;16;16;48;2;0;0;0m▀[38;2;16;16;16;48;2;0;0;0m▀[38;2;82;99;41;48;2;189;255;115m▀[38;2;165;214;66;48;2;165;214;66m▀[38;2;165;214;66;48;2;115;173;49m▀[38;2;82;99;41;48;2;82;99;41m▀[38;2;0;0;0;48;2;115;173;49m▀[38;2;0;0;0;48;2;115;173;49m▀[38;2;0;0;0;48;2;0;0;0m▀[38;2;0;0;0m▄[0m
[38;2;0;0;0m▀[38;2;41;74;82;48;2;0;0;0m▀[38;2;0;0;0;48;2;0;0;0m▀[38;2;0;0;0;48;2;0;0;0m▀[38;2;57;148;148;48;2;86;186;158m▀[38;2;57;148;148;48;2;57;148;148m▀[38;2;57;148;148;48;2;57;148;148m▀[38;2;24;74;74;48;2;24;74;74m▀[38;2;24;74;74;48;2;57;148;148m▀[38;2;24;74;74;48;2;57;148;148m▀[38;2;98;213;180;48;2;0;0;0m▀[38;2;0;0;0;48;2;0;0;0m▀[38;2;0;0;0m▀[38;2;0;0;0m▀[38;2;24;74;74;48;2;0;0;0m▀[38;2;98;213;180;48;2;24;74;74m▀[38;2;98;213;180;48;2;24;74;74m▀[38;2;57;148;148;48;2;98;213;180m▀[38;2;222;74;65;48;2;98;213;180m▀[38;2;57;148;148;48;2;98;213;180m▀[38;2;98;213;180;48;2;98;213;180m▀[38;2;98;213;180;48;2;98;213;180m▀[38;2;98;213;180;48;2;98;213;180m▀[38;2;57;148;148;48;2;98;213;180m▀[38;2;98;213;180;48;2;98;213;180m▀[38;2;98;213;180;48;2;57;148;148m▀[38;2;98;213;180;48;2;57;148;148m▀[38;2;98;213;180;48;2;24;74;74m▀[38;2;98;213;180;48;2;24;74;74m▀[38;2;57;148;148;48;2;16;16;16m▀[38;2;24;74;74;48;2;222;74;65m▀[38;2;16;16;16;48;2;222;74;65m▀[38;2;189;41;32;48;2;222;74;65m▀[38;2;189;41;32;48;2;189;41;32m▀[38;2;189;41;32;48;2;189;41;32m▀[38;2;189;41;32;48;2;57;148;148m▀[38;2;57;148;148;48;2;57;148;148m▀[38;2;57;148;148;48;2;57;148;148m▀[38;2;57;148;148;48;2;16;16;16m▀[38;2;16;16;16;48;2;189;255;115m▀[38;2;189;255;115;48;2;189;255;115m▀[38;2;189;255;115;48;2;189;255;115m▀[38;2;189;255;115;48;2;189;255;115m▀[38;2;115;173;49;48;2;115;173;49m▀[38;2;82;99;41;48;2;82;99;41m▀[38;2;115;173;49;48;2;115;173;49m▀[38;2;0;0;0;48;2;0;0;0m▀[38;2;0;0;0;48;2;0;0;0m▀[38;2;0;0;0;48;2;0;0;0m▀[0m [0m
[0m [38;2;0;0;0m▀[38;2;0;0;0;48;2;0;0;0m▀[38;2;0;0;0;48;2;0;0;0m▀[38;2;86;186;158;48;2;41;74;82m▀[38;2;57;148;148;48;2;0;0;0m▀[38;2;57;148;148;48;2;0;0;0m▀[38;2;24;74;74;48;2;0;0;0m▀[38;2;57;148;148;48;2;0;0;0m▀[38;2;57;148;148;48;2;0;0;0m▀[38;2;0;0;0;48;2;0;0;0m▀[38;2;0;0;0m▀[0m [0m [38;2;0;0;0;48;2;0;0;0m▀[38;2;24;74;74;48;2;24;74;74m▀[38;2;24;74;74;48;2;24;74;74m▀[38;2;98;213;180;48;2;24;74;74m▀[38;2;98;213;180;48;2;16;16;16m▀[38;2;98;213;180;48;2;24;74;74m▀[38;2;98;213;180;48;2;24;74;74m▀[38;2;98;213;180;48;2;0;0;0m▀[38;2;98;213;180;48;2;0;0;0m▀[38;2;98;213;180;48;2;0;0;0m▀[38;2;98;213;180;48;2;16;16;16m▀[38;2;57;148;148;48;2;24;74;74m▀[38;2;57;148;148;48;2;189;41;32m▀[38;2;24;74;74;48;2;222;74;65m▀[38;2;24;74;74;48;2;222;74;65m▀[38;2;16;16;16;48;2;255;106;98m▀[38;2;222;74;65;48;2;255;106;98m▀[38;2;222;74;65;48;2;255;106;98m▀[38;2;222;74;65;48;2;255;106;98m▀[38;2;189;41;32;48;2;98;213;180m▀[38;2;189;41;32;48;2;98;213;180m▀[38;2;57;148;148;48;2;98;213;180m▀[38;2;57;148;148;48;2;57;148;148m▀[38;2;57;148;148;48;2;16;16;16m▀[38;2;16;16;16;48;2;189;255;115m▀[38;2;189;255;115;48;2;189;255;115m▀[38;2;189;255;115;48;2;189;255;115m▀[38;2;189;255;115;48;2;189;255;115m▀[38;2;189;255;115;48;2;165;214;66m▀[38;2;115;173;49;48;2;115;173;49m▀[38;2;82;99;41;48;2;82;99;41m▀[38;2;115;173;49;48;2;115;173;49m▀[38;2;0;0;0;48;2;115;173;49m▀[38;2;0;0;0;48;2;115;173;49m▀[38;2;0;0;0;48;2;82;99;41m▀[38;2;0;0;0m▄[0m
[0m [0m [0m [0m [38;2;0;0;0m▀[38;2;0;0;0m▀[38;2;0;0;0m▀[38;2;0;0;0m▀[38;2;0;0;0m▀[38;2;0;0;0m▀[0m [0m [0m [0m [0m [38;2;0;0;0m▀[38;2;0;0;0;48;2;0;0;0m▀[38;2;16;16;16;48;2;86;186;158m▀[38;2;86;186;158;48;2;131;238;197m▀[38;2;131;238;197;48;2;131;238;197m▀[38;2;57;148;148;48;2;131;238;197m▀[38;2;57;148;148;48;2;57;148;148m▀[38;2;57;148;148;48;2;57;148;148m▀[38;2;57;148;148;48;2;131;238;197m▀[38;2;0;0;0;48;2;131;238;197m▀[38;2;189;41;32;48;2;0;0;0m▀[38;2;255;106;98;48;2;24;74;74m▀[38;2;255;106;98;48;2;24;74;74m▀[38;2;255;106;98;48;2;24;74;74m▀[38;2;255;106;98;48;2;57;148;148m▀[38;2;255;106;98;48;2;98;213;180m▀[38;2;57;148;148;48;2;98;213;180m▀[38;2;98;213;180;48;2;98;213;180m▀[38;2;98;213;180;48;2;24;74;74m▀[38;2;98;213;180;48;2;24;74;74m▀[38;2;86;186;158;48;2;98;213;180m▀[38;2;57;148;148;48;2;98;213;180m▀[38;2;0;0;0;48;2;57;148;148m▀[38;2;189;255;115;48;2;24;74;74m▀[38;2;189;255;115;48;2;189;255;115m▀[38;2;189;255;115;48;2;189;255;115m▀[38;2;189;255;115;48;2;189;255;115m▀[38;2;165;214;66;48;2;165;214;66m▀[38;2;165;214;66;48;2;165;214;66m▀[38;2;115;173;49;48;2;115;173;49m▀[38;2;82;98;41;48;2;82;98;41m▀[38;2;115;173;49;48;2;115;173;49m▀[38;2;115;173;49;48;2;115;173;49m▀[38;2;82;99;41;48;2;82;99;41m▀[38;2;0;0;0;48;2;0;0;0m▀[0m
[0m [0m [0m [0m [0m [0m [0m [0m [0m [0m [0m [0m [0m [0m [0m [0m [38;2;0;0;0;48;2;0;0;0m▀[38;2;86;186;158;48;2;86;186;158m▀[38;2;98;213;180;48;2;98;213;180m▀[38;2;131;238;197;48;2;98;213;180m▀[38;2;131;238;197;48;2;98;213;180m▀[38;2;131;238;197;48;2;98;213;180m▀[38;2;131;238;197;48;2;98;213;180m▀[38;2;131;238;197;48;2;98;213;180m▀[38;2;86;186;158;48;2;24;74;74m▀[38;2;86;186;158;48;2;86;186;158m▀[38;2;0;0;0;48;2;0;0;0m▀[38;2;98;213;180;48;2;16;16;16m▀[38;2;98;213;180;48;2;16;16;16m▀[38;2;98;213;180;48;2;16;16;16m▀[38;2;57;148;148;48;2;24;74;74m▀[38;2;24;74;74;48;2;24;74;74m▀[38;2;0;0;0;48;2;98;213;180m▀[38;2;98;213;180;48;2;131;238;197m▀[38;2;98;213;180;48;2;131;238;197m▀[38;2;131;238;197;48;2;57;148;148m▀[38;2;131;238;197;48;2;131;238;197m▀[38;2;131;238;197;48;2;98;213;180m▀[38;2;57;148;148;48;2;98;213;180m▀[38;2;57;148;148;48;2;98;213;180m▀[38;2;165;214;66;48;2;57;148;148m▀[38;2;165;214;66;48;2;57;148;148m▀[38;2;165;214;66;48;2;165;214;66m▀[38;2;165;214;66;48;2;165;214;66m▀[38;2;115;173;49;48;2;115;173;49m▀[38;2;82;98;41;48;2;82;98;41m▀[38;2;115;173;49;48;2;115;173;49m▀[38;2;115;173;49;48;2;115;173;49m▀[38;2;82;99;41;48;2;115;173;49m▀[38;2;0;0;0;48;2;82;99;41m▀[0m
[0m [0m [0m [0m [0m [0m [0m [0m [0m [0m [0m [0m [0m [0m [0m [0m [38;2;0;0;0m▀[38;2;86;186;158;48;2;0;0;0m▀[38;2;98;213;180;48;2;86;186;158m▀[38;2;98;213;180;48;2;98;213;180m▀[38;2;98;213;180;48;2;98;213;180m▀[38;2;98;213;180;48;2;98;213;180m▀[38;2;98;213;180;48;2;98;213;180m▀[38;2;98;213;180;48;2;98;213;180m▀[38;2;24;74;74;48;2;57;148;148m▀[38;2;86;186;158;48;2;0;0;0m▀[38;2;0;0;0;48;2;98;213;180m▀[38;2;16;16;16;48;2;98;213;180m▀[38;2;16;16;16;48;2;98;213;180m▀[38;2;16;16;16;48;2;98;213;180m▀[38;2;24;74;74;48;2;98;213;180m▀[38;2;24;74;74;48;2;24;74;74m▀[38;2;98;213;180;48;2;98;213;180m▀[38;2;131;238;197;48;2;57;148;148m▀[38;2;131;238;197;48;2;57;148;148m▀[38;2;57;148;148;48;2;57;148;148m▀[38;2;131;238;197;48;2;57;148;148m▀[38;2;98;213;180;48;2;98;213;180m▀[38;2;98;213;180;48;2;98;213;180m▀[38;2;98;213;180;48;2;98;213;180m▀[38;2;57;148;148;48;2;57;148;148m▀[38;2;57;148;148;48;2;57;148;148m▀[38;2;165;214;66;48;2;165;214;66m▀[38;2;165;214;66;48;2;165;214;66m▀[38;2;115;173;49;48;2;115;173;49m▀[38;2;82;98;41;48;2;82;98;41m▀[38;2;115;173;49;48;2;115;173;49m▀[38;2;115;173;49;48;2;115;173;49m▀[38;2;115;173;49;48;2;115;173;49m▀[38;2;82;99;41;48;2;82;99;41m▀[0m
[0m [0m [0m [0m [0m [0m [0m [0m [0m [0m [0m [0m [0m [0m [0m [0m [0m [38;2;0;0;0m▀[38;2;24;74;74;48;2;0;0;0m▀[38;2;86;186;158;48;2;24;74;74m▀[38;2;98;213;180;48;2;98;213;180m▀[38;2;98;213;180;48;2;98;213;180m▀[38;2;98;213;180;48;2;98;213;180m▀[38;2;57;148;148;48;2;57;148;148m▀[38;2;57;148;148;48;2;57;148;148m▀[38;2;57;148;148;48;2;98;213;180m▀[38;2;86;186;158;48;2;98;213;180m▀[38;2;24;74;74;48;2;98;213;180m▀[38;2;24;74;74;48;2;98;213;180m▀[38;2;0;0;0;48;2;24;74;74m▀[38;2;0;0;0;48;2;86;186;158m▀[38;2;86;186;158;48;2;86;186;158m▀[38;2;98;213;180;48;2;86;186;158m▀[38;2;98;213;180;48;2;98;213;180m▀[38;2;98;213;180;48;2;98;213;180m▀[38;2;57;148;148;48;2;98;213;180m▀[38;2;57;148;148;48;2;98;213;180m▀[38;2;98;213;180;48;2;86;186;158m▀[38;2;98;213;180;48;2;86;186;158m▀[38;2;98;213;180;48;2;57;148;148m▀[38;2;24;74;74;48;2;165;214;66m▀[38;2;24;74;74;48;2;165;214;66m▀[38;2;165;214;66;48;2;115;173;49m▀[38;2;115;173;49;48;2;115;173;49m▀[38;2;115;173;49;48;2;82;99;41m▀[38;2;82;98;41;48;2;115;173;49m▀[38;2;115;173;49;48;2;115;173;49m▀[38;2;115;173;49;48;2;115;173;49m▀[38;2;115;173;49;48;2;115;173;49m▀[38;2;82;99;41;48;2;0;0;0m▀[0m
[0m [0m [0m [0m [0m [0m [0m [0m [0m [0m [0m [0m [0m [0m [0m [0m [0m [0m [0m [38;2;0;0;0;48;2;0;0;0m▀[38;2;24;74;74;48;2;24;74;74m▀[38;2;0;0;0;48;2;98;213;180m▀[38;2;0;0;0;48;2;98;213;180m▀[38;2;98;213;180;48;2;24;74;74m▀[38;2;98;213;180;48;2;98;213;180m▀[38;2;98;213;180;48;2;98;213;180m▀[38;2;98;213;180;48;2;98;213;180m▀[38;2;98;213;180;48;2;98;213;180m▀[38;2;98;213;180;48;2;98;213;180m▀[38;2;86;186;158;48;2;86;186;158m▀[38;2;86;186;158;48;2;86;186;158m▀[38;2;86;186;158;48;2;86;186;158m▀[38;2;86;186;158;48;2;86;186;158m▀[38;2;86;186;158;48;2;86;186;158m▀[38;2;86;186;158;48;2;86;186;158m▀[38;2;86;186;158;48;2;0;0;0m▀[38;2;86;186;158;48;2;24;74;74m▀[38;2;86;186;158;48;2;86;186;158m▀[38;2;57;148;148;48;2;57;148;148m▀[38;2;24;74;74;48;2;24;74;74m▀[38;2;165;214;66;48;2;115;173;49m▀[38;2;165;214;66;48;2;115;173;49m▀[38;2;115;173;49;48;2;82;99;41m▀[38;2;82;99;41;48;2;115;173;49m▀[38;2;115;173;49;48;2;115;173;49m▀[38;2;115;173;49;48;2;115;173;49m▀[38;2;115;173;49;48;2;115;173;49m▀[38;2;115;173;49;48;2;115;173;49m▀[38;2;115;173;49;48;2;0;0;0m▀[38;2;0;0;0;48;2;0;0;0m▀[0m
[0m [0m [0m [0m [0m [0m [0m [0m [0m [0m [0m [0m [0m [0m [0m [0m [0m [0m [38;2;0;0;0m▄[38;2;0;0;0;48;2;24;74;74m▀[38;2;24;74;74;48;2;57;148;148m▀[38;2;98;213;180;48;2;57;148;148m▀[38;2;98;213;180;48;2;57;148;148m▀[38;2;24;74;74;48;2;0;0;0m▀[38;2;98;213;180;48;2;98;213;180m▀[38;2;98;213;180;48;2;98;213;180m▀[38;2;98;213;180;48;2;98;213;180m▀[38;2;98;213;180;48;2;86;186;158m▀[38;2;98;213;180;48;2;86;186;158m▀[38;2;86;186;158;48;2;57;148;148m▀[38;2;86;186;158;48;2;57;148;148m▀[38;2;86;186;158;48;2;86;186;158m▀[38;2;86;186;158;48;2;86;186;158m▀[38;2;86;186;158;48;2;0;0;0m▀[38;2;86;186;158;48;2;0;0;0m▀[38;2;0;0;0;48;2;86;186;158m▀[38;2;24;74;74;48;2;86;186;158m▀[38;2;86;186;158;48;2;57;148;148m▀[38;2;57;148;148;48;2;24;74;74m▀[38;2;24;74;74;48;2;165;214;66m▀[38;2;115;173;49;48;2;82;99;41m▀[38;2;115;173;49;48;2;82;99;41m▀[38;2;82;99;41;48;2;115;173;49m▀[38;2;115;173;49;48;2;115;173;49m▀[38;2;115;173;49;48;2;115;173;49m▀[38;2;115;173;49;48;2;115;173;49m▀[38;2;115;173;49;48;2;115;173;49m▀[38;2;115;173;49;48;2;115;173;49m▀[38;2;0;0;0;48;2;0;0;0m▀[38;2;0;0;0;48;2;0;0;0m▀[0m
[0m [0m [0m [0m [0m [0m [0m [0m [0m [0m [0m [0m [0m [0m [0m [0m [0m [0m [38;2;0;0;0;48;2;0;0;0m▀[38;2;0;0;0;48;2;0;0;0m▀[38;2;98;213;180;48;2;98;213;180m▀[38;2;98;213;180;48;2;86;186;158m▀[38;2;98;213;180;48;2;86;186;158m▀[38;2;98;213;180;48;2;86;186;158m▀[38;2;0;0;0;48;2;24;74;74m▀[38;2;86;186;158;48;2;0;0;0m▀[38;2;86;186;158;48;2;0;0;0m▀[38;2;86;186;158;48;2;0;0;0m▀[38;2;86;186;158;48;2;0;0;0m▀[38;2;57;148;148;48;2;0;0;0m▀[38;2;0;0;0;48;2;86;186;158m▀[38;2;0;0;0;48;2;86;186;158m▀[38;2;0;0;0;48;2;86;186;158m▀[38;2;86;186;158;48;2;57;148;148m▀[38;2;86;186;158;48;2;57;148;148m▀[38;2;86;186;158;48;2;24;74;74m▀[38;2;86;186;158;48;2;24;74;74m▀[38;2;57;148;148;48;2;57;148;148m▀[38;2;24;74;74;48;2;0;0;0m▀[38;2;82;99;41;48;2;115;173;49m▀[38;2;115;173;49;48;2;115;173;49m▀[38;2;115;173;49;48;2;115;173;49m▀[38;2;115;173;49;48;2;115;173;49m▀[38;2;115;173;49;48;2;115;173;49m▀[38;2;115;173;49;48;2;115;173;49m▀[38;2;115;173;49;48;2;0;0;0m▀[38;2;0;0;0;48;2;0;0;0m▀[38;2;0;0;0;48;2;0;0;0m▀[38;2;0;0;0m▀[0m [0m
[0m [0m [0m [0m [0m [0m [0m [0m [0m [0m [0m [0m [0m [0m [0m [0m [0m [38;2;0;0;0;48;2;0;0;0m▀[38;2;0;0;0;48;2;0;0;0m▀[38;2;57;148;148;48;2;98;213;180m▀[38;2;57;148;148;48;2;98;213;180m▀[38;2;57;148;148;48;2;98;213;180m▀[38;2;57;148;148;48;2;98;213;180m▀[38;2;98;213;180;48;2;98;213;180m▀[38;2;98;213;180;48;2;98;213;180m▀[38;2;98;213;180;48;2;98;213;180m▀[38;2;98;213;180;48;2;57;148;148m▀[38;2;98;213;180;48;2;57;148;148m▀[38;2;98;213;180;48;2;57;148;148m▀[38;2;86;186;158;48;2;98;213;180m▀[38;2;86;186;158;48;2;24;74;74m▀[38;2;86;186;158;48;2;24;74;74m▀[38;2;86;186;158;48;2;86;186;158m▀[38;2;86;186;158;48;2;86;186;158m▀[38;2;86;186;158;48;2;86;186;158m▀[38;2;86;186;158;48;2;86;186;158m▀[38;2;86;186;158;48;2;86;186;158m▀[38;2;57;148;148;48;2;57;148;148m▀[38;2;0;0;0;48;2;0;0;0m▀[38;2;115;173;49;48;2;115;173;49m▀[38;2;115;173;49;48;2;115;173;49m▀[38;2;115;173;49;48;2;115;173;49m▀[38;2;115;173;49;48;2;0;0;0m▀[38;2;115;173;49;48;2;0;0;0m▀[38;2;0;0;0;48;2;0;0;0m▀[38;2;0;0;0m▀[0m [0m [0m [0m [0m
[0m [0m [0m [0m [0m [0m [0m [0m [0m [0m [0m [0m [0m [0m [0m [0m [0m [38;2;0;0;0;48;2;0;0;0m▀[38;2;0;0;0;48;2;24;74;74m▀[38;2;98;213;180;48;2;98;213;180m▀[38;2;98;213;180;48;2;98;213;180m▀[38;2;98;213;180;48;2;98;213;180m▀[38;2;98;213;180;48;2;98;213;180m▀[38;2;98;213;180;48;2;98;213;180m▀[38;2;98;213;180;48;2;98;213;180m▀[38;2;98;213;180;48;2;57;148;148m▀[38;2;57;148;148;48;2;57;148;148m▀[38;2;57;148;148;48;2;57;148;148m▀[38;2;57;148;148;48;2;57;148;148m▀[38;2;98;213;180;48;2;98;213;180m▀[38;2;24;74;74;48;2;98;213;180m▀[38;2;24;74;74;48;2;98;213;180m▀[38;2;86;186;158;48;2;57;148;148m▀[38;2;86;186;158;48;2;24;74;74m▀[38;2;86;186;158;48;2;24;74;74m▀[38;2;86;186;158;48;2;24;74;74m▀[38;2;86;186;158;48;2;86;186;158m▀[38;2;57;148;148;48;2;57;148;148m▀[38;2;0;0;0;48;2;0;0;0m▀[38;2;115;173;49;48;2;0;0;0m▀[38;2;115;173;49;48;2;0;0;0m▀[38;2;115;173;49;48;2;0;0;0m▀[38;2;0;0;0;48;2;0;0;0m▀[38;2;0;0;0;48;2;0;0;0m▀[38;2;0;0;0m▀[0m [0m [0m [0m [0m [0m
[0m [0m [0m [0m [0m [0m [0m [0m [0m [0m [0m [0m [0m [0m [0m [38;2;0;0;0m▄[38;2;0;0;0;48;2;0;0;0m▀[38;2;24;74;74;48;2;24;74;74m▀[38;2;86;186;158;48;2;86;186;158m▀[38;2;86;186;158;48;2;86;186;158m▀[38;2;98;213;180;48;2;86;186;158m▀[38;2;98;213;180;48;2;86;186;158m▀[38;2;98;213;180;48;2;86;186;158m▀[38;2;98;213;180;48;2;98;213;180m▀[38;2;57;148;148;48;2;98;213;180m▀[38;2;57;148;148;48;2;98;213;180m▀[38;2;57;148;148;48;2;98;213;180m▀[38;2;98;213;180;48;2;98;213;180m▀[38;2;98;213;180;48;2;98;213;180m▀[38;2;98;213;180;48;2;98;213;180m▀[38;2;98;213;180;48;2;98;213;180m▀[38;2;98;213;180;48;2;57;148;148m▀[38;2;98;213;180;48;2;57;148;148m▀[38;2;86;186;158;48;2;86;186;158m▀[38;2;86;186;158;48;2;86;186;158m▀[38;2;86;186;158;48;2;86;186;158m▀[38;2;86;186;158;48;2;86;186;158m▀[38;2;57;148;148;48;2;24;74;74m▀[38;2;24;74;74;48;2;24;74;74m▀[38;2;0;0;0;48;2;0;0;0m▀[38;2;0;0;0;48;2;0;0;0m▀[38;2;0;0;0m▀[0m [0m [0m [0m [0m [0m [0m [0m [0m
[0m [0m [0m [0m [0m [0m [0m [0m [0m [0m [0m [0m [0m [38;2;0;0;0m▄[38;2;0;0;0;48;2;24;74;74m▀[38;2;24;74;74;48;2;98;213;180m▀[38;2;24;74;74;48;2;98;213;180m▀[38;2;86;186;158;48;2;98;213;180m▀[38;2;86;186;158;48;2;86;186;158m▀[38;2;86;186;158;48;2;86;186;158m▀[38;2;86;186;158;48;2;86;186;158m▀[38;2;86;186;158;48;2;86;186;158m▀[38;2;86;186;158;48;2;86;186;158m▀[38;2;86;186;158;48;2;86;186;158m▀[38;2;86;186;158;48;2;86;186;158m▀[38;2;86;186;158;48;2;86;186;158m▀[38;2;98;213;180;48;2;86;186;158m▀[38;2;98;213;180;48;2;86;186;158m▀[38;2;98;213;180;48;2;86;186;158m▀[38;2;98;213;180;48;2;86;186;158m▀[38;2;98;213;180;48;2;86;186;158m▀[38;2;57;148;148;48;2;86;186;158m▀[38;2;57;148;148;48;2;57;148;148m▀[38;2;57;148;148;48;2;57;148;148m▀[38;2;57;148;148;48;2;57;148;148m▀[38;2;86;186;158;48;2;86;186;158m▀[38;2;57;148;148;48;2;57;148;148m▀[38;2;24;74;74;48;2;57;148;148m▀[38;2;24;74;74;48;2;57;148;148m▀[38;2;0;0;0;48;2;57;148;148m▀[38;2;0;0;0;48;2;0;0;0m▀[38;2;0;0;0;48;2;0;0;0m▀[38;2;0;0;0m▄[0m [0m [0m [0m [0m [0m [0m [0m
[0m [0m [0m [0m [0m [0m [0m [0m [0m [0m [0m [0m [38;2;0;0;0m▄[38;2;0;0;0;48;2;24;74;74m▀[38;2;24;74;74;48;2;98;213;180m▀[38;2;98;213;180;48;2;98;213;180m▀[38;2;98;213;180;48;2;98;213;180m▀[38;2;98;213;180;48;2;98;213;180m▀[38;2;86;186;158;48;2;98;213;180m▀[38;2;86;186;158;48;2;86;186;158m▀[38;2;86;186;158;48;2;86;186;158m▀[38;2;86;186;158;48;2;86;186;158m▀[38;2;86;186;158;48;2;86;186;158m▀[38;2;86;186;158;48;2;86;186;158m▀[38;2;86;186;158;48;2;86;186;158m▀[38;2;86;186;158;48;2;86;186;158m▀[38;2;86;186;158;48;2;86;186;158m▀[38;2;86;186;158;48;2;86;186;158m▀[38;2;86;186;158;48;2;86;186;158m▀[38;2;86;186;158;48;2;86;186;158m▀[38;2;86;186;158;48;2;86;186;158m▀[38;2;86;186;158;48;2;86;186;158m▀[38;2;57;148;148;48;2;86;186;158m▀[38;2;57;148;148;48;2;86;186;158m▀[38;2;57;148;148;48;2;86;186;158m▀[38;2;86;186;158;48;2;86;186;158m▀[38;2;57;148;148;48;2;57;148;148m▀[38;2;57;148;148;48;2;57;148;148m▀[38;2;57;148;148;48;2;57;148;148m▀[38;2;57;148;148;48;2;57;148;148m▀[38;2;0;0;0;48;2;57;148;148m▀[38;2;0;0;0;48;2;57;148;148m▀[38;2;0;0;0;48;2;24;74;74m▀[38;2;0;0;0m▄[0m [0m [0m [0m [0m [0m [0m
[0m [0m [0m [0m [0m [0m [0m [0m [0m [0m [0m [38;2;0;0;0m▄[38;2;0;0;0;48;2;0;0;0m▀[38;2;24;74;74;48;2;57;148;148m▀[38;2;57;148;148;48;2;57;148;148m▀[38;2;57;148;148;48;2;98;213;180m▀[38;2;57;148;148;48;2;98;213;180m▀[38;2;98;213;180;48;2;98;213;180m▀[38;2;98;213;180;48;2;86;186;158m▀[38;2;86;186;158;48;2;86;186;158m▀[38;2;86;186;158;48;2;86;186;158m▀[38;2;86;186;158;48;2;57;148;148m▀[38;2;86;186;158;48;2;57;148;148m▀[38;2;57;148;148;48;2;57;148;148m▀[38;2;86;186;158;48;2;57;148;148m▀[38;2;86;186;158;48;2;24;74;74m▀[38;2;86;186;158;48;2;0;0;0m▀[38;2;86;186;158;48;2;0;0;0m▀[38;2;86;186;158;48;2;0;0;0m▀[38;2;86;186;158;48;2;0;0;0m▀[38;2;86;186;158;48;2;0;0;0m▀[38;2;86;186;158;48;2;57;148;148m▀[38;2;86;186;158;48;2;57;148;148m▀[38;2;57;148;148;48;2;57;148;148m▀[38;2;57;148;148;48;2;57;148;148m▀[38;2;57;148;148;48;2;57;148;148m▀[38;2;57;148;148;48;2;57;148;148m▀[38;2;57;148;148;48;2;57;148;148m▀[38;2;57;148;148;48;2;24;74;74m▀[38;2;57;148;148;48;2;24;74;74m▀[38;2;57;148;148;48;2;57;148;148m▀[38;2;57;148;148;48;2;57;148;148m▀[38;2;57;148;148;48;2;57;148;148m▀[38;2;24;74;74;48;2;24;74;74m▀[38;2;0;0;0;48;2;0;0;0m▀[0m [0m [0m [0m [0m [0m
[0m [0m [0m [0m [0m [0m [0m [0m [0m [0m [38;2;0;0;0;48;2;0;0;0m▀[38;2;0;0;0;48;2;24;74;74m▀[38;2;57;148;148;48;2;98;213;180m▀[38;2;57;148;148;48;2;98;213;180m▀[38;2;98;213;180;48;2;98;213;180m▀[38;2;98;213;180;48;2;98;213;180m▀[38;2;98;213;180;48;2;98;213;180m▀[38;2;86;186;158;48;2;86;186;158m▀[38;2;86;186;158;48;2;86;186;158m▀[38;2;86;186;158;48;2;86;186;158m▀[38;2;86;186;158;48;2;86;186;158m▀[38;2;57;148;148;48;2;0;0;0m▀[38;2;57;148;148;48;2;0;0;0m▀[38;2;57;148;148;48;2;24;74;74m▀[38;2;0;0;0;48;2;0;0;0m▀[38;2;0;0;0m▀[38;2;0;0;0m▀[38;2;0;0;0m▀[38;2;0;0;0m▀[38;2;0;0;0m▀[38;2;0;0;0m▀[38;2;0;0;0;48;2;0;0;0m▀[38;2;0;0;0;48;2;0;0;0m▀[38;2;57;148;148;48;2;0;0;0m▀[38;2;57;148;148;48;2;0;0;0m▀[38;2;57;148;148;48;2;24;74;74m▀[38;2;57;148;148;48;2;57;148;148m▀[38;2;24;74;74;48;2;24;74;74m▀[38;2;24;74;74;48;2;24;74;74m▀[38;2;24;74;74;48;2;57;148;148m▀[38;2;57;148;148;48;2;57;148;148m▀[38;2;57;148;148;48;2;57;148;148m▀[38;2;57;148;148;48;2;57;148;148m▀[38;2;57;148;148;48;2;57;148;148m▀[38;2;24;74;74;48;2;24;74;74m▀[38;2;0;0;0;48;2;0;0;0m▀[0m [0m [0m [0m [0m
[0m [0m [0m [0m [0m [0m [0m [0m [38;2;0;0;0m▄[38;2;0;0;0;48;2;0;0;0m▀[38;2;0;0;0;48;2;0;0;0m▀[38;2;98;213;180;48;2;98;213;180m▀[38;2;86;186;158;48;2;86;186;158m▀[38;2;98;213;180;48;2;98;213;180m▀[38;2;98;213;180;48;2;98;213;180m▀[38;2;86;186;158;48;2;86;186;158m▀[38;2;86;186;158;48;2;86;186;158m▀[38;2;86;186;158;48;2;86;186;158m▀[38;2;86;186;158;48;2;86;186;158m▀[38;2;86;186;158;48;2;86;186;158m▀[38;2;0;0;0;48;2;0;0;0m▀[38;2;0;0;0;48;2;0;0;0m▀[38;2;0;0;0m▀[38;2;0;0;0m▀[0m [0m [0m [0m [0m [0m [0m [0m [0m [38;2;0;0;0m▀[38;2;0;0;0m▀[38;2;0;0;0;48;2;0;0;0m▀[38;2;0;0;0;48;2;0;0;0m▀[38;2;57;148;148;48;2;57;148;148m▀[38;2;57;148;148;48;2;57;148;148m▀[38;2;57;148;148;48;2;57;148;148m▀[38;2;57;148;148;48;2;57;148;148m▀[38;2;57;148;148;48;2;57;148;148m▀[38;2;57;148;148;48;2;57;148;148m▀[38;2;57;148;148;48;2;57;148;148m▀[38;2;0;0;0;48;2;0;0;0m▀[38;2;0;0;0;48;2;0;0;0m▀[0m [0m [0m [0m [0m
[0m [0m [0m [0m [0m [0m [38;2;0;0;0m▄[38;2;0;0;0;48;2;24;74;74m▀[38;2;0;0;0;48;2;24;74;74m▀[38;2;0;0;0;48;2;24;74;74m▀[38;2;24;74;74;48;2;98;213;180m▀[38;2;98;213;180;48;2;86;186;158m▀[38;2;86;186;158;48;2;86;186;158m▀[38;2;86;186;158;48;2;86;186;158m▀[38;2;86;186;158;48;2;86;186;158m▀[38;2;86;186;158;48;2;57;148;148m▀[38;2;86;186;158;48;2;57;148;148m▀[38;2;57;148;148;48;2;57;148;148m▀[38;2;86;186;158;48;2;24;74;74m▀[38;2;0;0;0;48;2;0;0;0m▀[38;2;0;0;0m▀[0m [0m [0m [0m [0m [0m [0m [0m [0m [0m [0m [0m [0m [0m [0m [38;2;0;0;0;48;2;0;0;0m▀[38;2;0;0;0;48;2;24;74;74m▀[38;2;57;148;148;48;2;57;148;148m▀[38;2;57;148;148;48;2;57;148;148m▀[38;2;57;148;148;48;2;57;148;148m▀[38;2;57;148;148;48;2;57;148;148m▀[38;2;57;148;148;48;2;57;148;148m▀[38;2;57;148;148;48;2;57;148;148m▀[38;2;24;74;74;48;2;57;148;148m▀[38;2;0;0;0;48;2;24;74;74m▀[38;2;0;0;0;48;2;0;0;0m▀[38;2;0;0;0;48;2;0;0;0m▀[38;2;0;0;0m▄[0m [0m
[0m [0m [0m [0m [38;2;0;0;0m▄[38;2;0;0;0;48;2;24;74;74m▀[38;2;24;74;74;48;2;98;213;180m▀[38;2;98;213;180;48;2;98;213;180m▀[38;2;98;213;180;48;2;98;213;180m▀[38;2;98;213;180;48;2;98;213;180m▀[38;2;98;213;180;48;2;98;213;180m▀[38;2;86;186;158;48;2;98;213;180m▀[38;2;86;186;158;48;2;98;213;180m▀[38;2;86;186;158;48;2;98;213;180m▀[38;2;57;148;148;48;2;57;148;148m▀[38;2;57;148;148;48;2;57;148;148m▀[38;2;57;148;148;48;2;57;148;148m▀[38;2;57;148;148;48;2;24;74;74m▀[38;2;0;0;0;48;2;0;0;0m▀[38;2;0;0;0m▀[0m [0m [0m [0m [0m [0m [0m [0m [0m [0m [0m [0m [0m [0m [0m [0m [0m [38;2;0;0;0m▀[38;2;24;74;74;48;2;0;0;0m▀[38;2;57;148;148;48;2;24;74;74m▀[38;2;57;148;148;48;2;57;148;148m▀[38;2;57;148;148;48;2;57;148;148m▀[38;2;57;148;148;48;2;57;148;148m▀[38;2;57;148;148;48;2;57;148;148m▀[38;2;57;148;148;48;2;24;74;74m▀[38;2;57;148;148;48;2;24;74;74m▀[38;2;57;148;148;48;2;57;148;148m▀[38;2;57;148;148;48;2;57;148;148m▀[38;2;24;74;74;48;2;0;0;0m▀[38;2;0;0;0;48;2;0;0;0m▀[0m
[0m [0m [0m [0m [38;2;0;0;0;48;2;0;0;0m▀[38;2;0;0;0;48;2;0;0;0m▀[38;2;98;213;180;48;2;98;213;180m▀[38;2;98;213;180;48;2;98;213;180m▀[38;2;98;213;180;48;2;98;213;180m▀[38;2;98;213;180;48;2;98;213;180m▀[38;2;98;213;180;48;2;98;213;180m▀[38;2;98;213;180;48;2;98;213;180m▀[38;2;98;213;180;48;2;98;213;180m▀[38;2;98;213;180;48;2;98;213;180m▀[38;2;98;213;180;48;2;98;213;180m▀[38;2;24;74;74;48;2;24;74;74m▀[38;2;24;74;74;48;2;24;74;74m▀[38;2;0;0;0;48;2;0;0;0m▀[0m [0m [0m [0m [0m [0m [0m [0m [0m [0m [0m [0m [0m [0m [0m [0m [0m [0m [0m [0m [38;2;0;0;0;48;2;0;0;0m▀[38;2;0;0;0;48;2;0;0;0m▀[38;2;57;148;148;48;2;57;148;148m▀[38;2;57;148;148;48;2;57;148;148m▀[38;2;57;148;148;48;2;57;148;148m▀[38;2;57;148;148;48;2;57;148;148m▀[38;2;24;74;74;48;2;24;74;74m▀[38;2;24;74;74;48;2;24;74;74m▀[38;2;24;74;74;48;2;24;74;74m▀[38;2;24;74;74;48;2;24;74;74m▀[38;2;0;0;0;48;2;0;0;0m▀[38;2;0;0;0;48;2;0;0;0m▀[0m
[0m [0m [0m [0m [38;2;0;0;0m▀[38;2;0;0;0;48;2;0;0;0m▀[38;2;24;74;74;48;2;0;0;0m▀[38;2;98;213;180;48;2;0;0;0m▀[38;2;98;213;180;48;2;0;0;0m▀[38;2;98;213;180;48;2;0;0;0m▀[38;2;98;213;180;48;2;0;0;0m▀[38;2;98;213;180;48;2;0;0;0m▀[38;2;98;213;180;48;2;0;0;0m▀[38;2;98;213;180;48;2;0;0;0m▀[38;2;98;213;180;48;2;0;0;0m▀[38;2;0;0;0;48;2;0;0;0m▀[38;2;0;0;0;48;2;0;0;0m▀[38;2;0;0;0m▀[0m [0m [0m [0m [0m [0m [0m [0m [0m [0m [0m [0m [0m [0m [0m [0m [0m [0m [0m [0m [0m [38;2;0;0;0m▀[38;2;0;0;0;48;2;0;0;0m▀[38;2;0;0;0;48;2;0;0;0m▀[38;2;0;0;0;48;2;0;0;0m▀[38;2;0;0;0;48;2;0;0;0m▀[38;2;0;0;0;48;2;0;0;0m▀[38;2;0;0;0;48;2;0;0;0m▀[38;2;0;0;0;48;2;0;0;0m▀[38;2;0;0;0;48;2;0;0;0m▀[38;2;0;0;0m▀[0m [0m
