[0m [0m [0m [0m [0m [0m [0m [0m [0m [0m [0m [0m [0m [0m [0m [0m [0m [0m [0m [0m [0m [0m [0m [0m [38;2;0;0;0m▄[38;2;0;0;0;48;2;151;77;77m▀[38;2;0;0;0;48;2;151;77;77m▀[38;2;0;0;0;48;2;151;77;77m▀[38;2;185;101;54;48;2;212;142;77m▀[38;2;151;77;77;48;2;212;142;77m▀[38;2;77;39;18;48;2;185;101;54m▀[38;2;77;39;18;48;2;185;101;54m▀[38;2;77;39;18;48;2;185;101;54m▀[38;2;77;39;18;48;2;185;101;54m▀[38;2;77;39;18;48;2;185;101;54m▀[38;2;0;0;0;48;2;77;39;18m▀[38;2;0;0;0;48;2;77;39;18m▀[38;2;0;0;0m▄[0m [0m [0m [0m [0m [0m [0m [0m [0m [0m [0m [0m [0m [0m [0m [0m [0m [0m [0m [0m [0m [0m [0m
[0m [0m [0m [0m [0m [0m [0m [0m [0m [0m [0m [0m [0m [0m [0m [0m [0m [0m [0m [0m [0m [0m [0m [38;2;0;0;0;48;2;0;0;0m▀[38;2;151;77;77;48;2;151;77;77m▀[38;2;212;142;77;48;2;212;142;77m▀[38;2;212;142;77;48;2;212;142;77m▀[38;2;212;142;77;48;2;212;142;77m▀[38;2;212;142;77;48;2;212;142;77m▀[38;2;212;142;77;48;2;212;142;77m▀[38;2;212;142;77;48;2;212;142;77m▀[38;2;185;101;54;48;2;185;101;54m▀[38;2;185;101;54;48;2;185;101;54m▀[38;2;185;101;54;48;2;185;101;54m▀[38;2;185;101;54;48;2;185;101;54m▀[38;2;185;101;54;48;2;185;101;54m▀[38;2;151;77;77;48;2;151;77;77m▀[38;2;11;11;11;48;2;11;11;11m▀[38;2;0;0;0;48;2;0;0;0m▀[38;2;0;0;0m▄[0m [0m [0m [0m [0m [0m [0m [0m [0m [0m [0m [0m [0m [0m [0m [0m [0m [0m [0m [0m [0m
[0m [0m [0m [0m [0m [0m [0m [0m [0m [0m [0m [0m [0m [0m [0m [0m [0m [0m [0m [0m [0m [38;2;0;0;0m▄[38;2;0;0;0;48;2;151;77;77m▀[38;2;151;77;77;48;2;185;101;54m▀[38;2;212;142;77;48;2;185;101;54m▀[38;2;212;142;77;48;2;212;142;77m▀[38;2;212;142;77;48;2;212;142;77m▀[38;2;212;142;77;48;2;212;142;77m▀[38;2;212;142;77;48;2;212;142;77m▀[38;2;212;142;77;48;2;212;142;77m▀[38;2;212;142;77;48;2;185;101;54m▀[38;2;185;101;54;48;2;185;101;54m▀[38;2;185;101;54;48;2;185;101;54m▀[38;2;185;101;54;48;2;185;101;54m▀[38;2;185;101;54;48;2;185;101;54m▀[38;2;185;101;54;48;2;185;101;54m▀[38;2;185;101;54;48;2;185;101;54m▀[38;2;151;77;77;48;2;185;101;54m▀[38;2;11;11;11;48;2;77;39;18m▀[38;2;11;11;11;48;2;77;39;18m▀[38;2;0;0;0;48;2;0;0;0m▀[0m [0m [0m [0m [0m [0m [0m [0m [0m [0m [0m [0m [0m [0m [0m [0m [0m [0m [0m [0m
[0m [0m [0m [0m [0m [0m [0m [0m [0m [0m [0m [0m [0m [0m [0m [0m [0m [0m [0m [0m [38;2;0;0;0m▄[38;2;0;0;0;48;2;0;0;0m▀[38;2;77;39;18;48;2;77;39;18m▀[38;2;185;101;54;48;2;185;101;54m▀[38;2;185;101;54;48;2;185;101;54m▀[38;2;247;247;247;48;2;11;11;11m▀[38;2;185;101;54;48;2;185;101;54m▀[38;2;185;101;54;48;2;185;101;54m▀[38;2;185;101;54;48;2;185;101;54m▀[38;2;185;101;54;48;2;185;101;54m▀[38;2;247;247;247;48;2;11;11;11m▀[38;2;185;101;54;48;2;185;101;54m▀[38;2;185;101;54;48;2;185;101;54m▀[38;2;185;101;54;48;2;185;101;54m▀[38;2;185;101;54;48;2;185;101;54m▀[38;2;185;101;54;48;2;185;101;54m▀[38;2;185;101;54;48;2;185;101;54m▀[38;2;151;77;77;48;2;185;101;54m▀[38;2;185;101;54;48;2;151;77;77m▀[38;2;185;101;54;48;2;151;77;77m▀[38;2;11;11;11;48;2;11;11;11m▀[38;2;0;0;0;48;2;0;0;0m▀[0m [0m [0m [0m [0m [0m [0m [0m [0m [0m [0m [0m [0m [0m [0m [0m [0m [0m [0m
[0m [0m [0m [0m [0m [0m [0m [0m [0m [0m [0m [0m [0m [0m [0m [0m [0m [0m [0m [38;2;0;0;0;48;2;0;0;0m▀[38;2;151;77;77;48;2;151;77;77m▀[38;2;151;77;77;48;2;151;77;77m▀[38;2;185;101;54;48;2;185;101;54m▀[38;2;185;101;54;48;2;185;101;54m▀[38;2;185;101;54;48;2;185;101;54m▀[38;2;11;11;11;48;2;11;11;11m▀[38;2;185;101;54;48;2;185;101;54m▀[38;2;185;101;54;48;2;185;101;54m▀[38;2;185;101;54;48;2;185;101;54m▀[38;2;185;101;54;48;2;185;101;54m▀[38;2;11;11;11;48;2;11;11;11m▀[38;2;185;101;54;48;2;185;101;54m▀[38;2;185;101;54;48;2;185;101;54m▀[38;2;185;101;54;48;2;185;101;54m▀[38;2;185;101;54;48;2;185;101;54m▀[38;2;185;101;54;48;2;185;101;54m▀[38;2;185;101;54;48;2;185;101;54m▀[38;2;151;77;77;48;2;151;77;77m▀[38;2;185;101;54;48;2;185;101;54m▀[38;2;185;101;54;48;2;185;101;54m▀[38;2;151;77;77;48;2;151;77;77m▀[38;2;11;11;11;48;2;11;11;11m▀[38;2;0;0;0;48;2;0;0;0m▀[0m [0m [0m [0m [0m [0m [0m [0m [0m [0m [0m [0m [0m [0m [0m [0m [0m [0m
[0m [0m [0m [0m [0m [0m [0m [0m [0m [0m [38;2;0;0;0m▄[38;2;0;0;0m▄[38;2;0;0;0m▄[0m [0m [0m [0m [0m [0m [38;2;0;0;0;48;2;0;0;0m▀[38;2;11;11;11;48;2;11;11;11m▀[38;2;11;11;11;48;2;11;11;11m▀[38;2;185;101;54;48;2;185;101;54m▀[38;2;185;101;54;48;2;185;101;54m▀[38;2;185;101;54;48;2;203;46;61m▀[38;2;185;101;54;48;2;101;0;18m▀[38;2;185;101;54;48;2;101;0;18m▀[38;2;185;101;54;48;2;101;0;18m▀[38;2;185;101;54;48;2;101;0;18m▀[38;2;185;101;54;48;2;101;0;18m▀[38;2;185;101;54;48;2;185;101;54m▀[38;2;185;101;54;48;2;185;101;54m▀[38;2;185;101;54;48;2;185;101;54m▀[38;2;185;101;54;48;2;185;101;54m▀[38;2;185;101;54;48;2;185;101;54m▀[38;2;185;101;54;48;2;185;101;54m▀[38;2;185;101;54;48;2;185;101;54m▀[38;2;185;101;54;48;2;151;77;77m▀[38;2;151;77;77;48;2;185;101;54m▀[38;2;151;77;77;48;2;185;101;54m▀[38;2;151;77;77;48;2;151;77;77m▀[38;2;11;11;11;48;2;11;11;11m▀[38;2;0;0;0;48;2;0;0;0m▀[0m [0m [0m [0m [0m [0m [0m [0m [0m [0m [0m [0m [0m [0m [0m [0m [0m [0m
[0m [0m [0m [0m [0m [0m [38;2;0;0;0m▄[38;2;0;0;0;48;2;151;77;77m▀[38;2;0;0;0;48;2;151;77;77m▀[38;2;0;0;0;48;2;151;77;77m▀[38;2;151;77;77;48;2;212;142;77m▀[38;2;151;77;77;48;2;212;142;77m▀[38;2;151;77;77;48;2;212;142;77m▀[38;2;0;0;0;48;2;151;77;77m▀[38;2;0;0;0;48;2;151;77;77m▀[38;2;0;0;0;48;2;151;77;77m▀[38;2;0;0;0m▄[38;2;0;0;0m▄[38;2;0;0;0m▄[38;2;0;0;0;48;2;0;0;0m▀[38;2;11;11;11;48;2;11;11;11m▀[38;2;11;11;11;48;2;11;11;11m▀[38;2;185;101;54;48;2;185;101;54m▀[38;2;203;46;61;48;2;101;0;18m▀[38;2;247;159;134;48;2;247;159;134m▀[38;2;247;159;134;48;2;247;159;134m▀[38;2;247;93;77;48;2;247;93;77m▀[38;2;247;93;77;48;2;247;93;77m▀[38;2;247;93;77;48;2;247;93;77m▀[38;2;203;46;61;48;2;203;46;61m▀[38;2;101;0;18;48;2;203;46;61m▀[38;2;185;101;54;48;2;101;0;18m▀[38;2;185;101;54;48;2;185;101;54m▀[38;2;185;101;54;48;2;185;101;54m▀[38;2;185;101;54;48;2;185;101;54m▀[38;2;185;101;54;48;2;185;101;54m▀[38;2;151;77;77;48;2;185;101;54m▀[38;2;185;101;54;48;2;151;77;77m▀[38;2;151;77;77;48;2;151;77;77m▀[38;2;151;77;77;48;2;151;77;77m▀[38;2;151;77;77;48;2;151;77;77m▀[38;2;11;11;11;48;2;11;11;11m▀[38;2;0;0;0;48;2;0;0;0m▀[0m [38;2;0;0;0m▄[38;2;0;0;0m▄[38;2;0;0;0m▄[38;2;0;0;0;48;2;151;77;77m▀[38;2;0;0;0;48;2;151;77;77m▀[38;2;0;0;0;48;2;151;77;77m▀[38;2;0;0;0m▄[38;2;0;0;0m▄[38;2;0;0;0m▄[0m [0m [0m [0m [0m [0m [0m [0m
[0m [0m [0m [38;2;0;0;0m▄[38;2;0;0;0;48;2;151;77;77m▀[38;2;0;0;0;48;2;0;0;0m▀[38;2;77;39;18;48;2;185;101;54m▀[38;2;212;142;77;48;2;212;142;77m▀[38;2;212;142;77;48;2;212;142;77m▀[38;2;212;142;77;48;2;212;142;77m▀[38;2;212;142;77;48;2;212;142;77m▀[38;2;212;142;77;48;2;185;101;54m▀[38;2;212;142;77;48;2;185;101;54m▀[38;2;212;142;77;48;2;185;101;54m▀[38;2;185;101;54;48;2;185;101;54m▀[38;2;185;101;54;48;2;185;101;54m▀[38;2;151;77;77;48;2;185;101;54m▀[38;2;77;39;18;48;2;151;77;77m▀[38;2;77;39;18;48;2;0;0;0m▀[38;2;0;0;0;48;2;0;0;0m▀[38;2;11;11;11;48;2;11;11;11m▀[38;2;11;11;11;48;2;11;11;11m▀[38;2;185;101;54;48;2;151;77;77m▀[38;2;101;0;18;48;2;185;101;54m▀[38;2;203;46;61;48;2;101;0;18m▀[38;2;247;93;77;48;2;11;11;11m▀[38;2;203;46;61;48;2;11;11;11m▀[38;2;203;46;61;48;2;11;11;11m▀[38;2;203;46;61;48;2;11;11;11m▀[38;2;203;46;61;48;2;11;11;11m▀[38;2;101;0;18;48;2;101;0;18m▀[38;2;101;0;18;48;2;151;77;77m▀[38;2;185;101;54;48;2;185;101;54m▀[38;2;185;101;54;48;2;185;101;54m▀[38;2;185;101;54;48;2;185;101;54m▀[38;2;185;101;54;48;2;151;77;77m▀[38;2;151;77;77;48;2;151;77;77m▀[38;2;185;101;54;48;2;151;77;77m▀[38;2;151;77;77;48;2;151;77;77m▀[38;2;151;77;77;48;2;151;77;77m▀[38;2;151;77;77;48;2;151;77;77m▀[38;2;11;11;11;48;2;11;11;11m▀[38;2;0;0;0;48;2;77;39;18m▀[38;2;0;0;0;48;2;77;39;18m▀[38;2;151;77;77;48;2;185;101;54m▀[38;2;151;77;77;48;2;185;101;54m▀[38;2;151;77;77;48;2;212;142;77m▀[38;2;212;142;77;48;2;212;142;77m▀[38;2;212;142;77;48;2;212;142;77m▀[38;2;212;142;77;48;2;212;142;77m▀[38;2;151;77;77;48;2;212;142;77m▀[38;2;151;77;77;48;2;212;142;77m▀[38;2;151;77;77;48;2;212;142;77m▀[38;2;0;0;0;48;2;77;39;18m▀[38;2;0;0;0m▄[0m [0m [0m [0m [0m [0m
[0m [38;2;0;0;0m▄[38;2;0;0;0;48;2;151;77;77m▀[38;2;0;0;0;48;2;151;77;77m▀[38;2;151;77;77;48;2;212;142;77m▀[38;2;0;0;0;48;2;212;142;77m▀[38;2;185;101;54;48;2;212;142;77m▀[38;2;212;142;77;48;2;185;101;54m▀[38;2;212;142;77;48;2;185;101;54m▀[38;2;212;142;77;48;2;185;101;54m▀[38;2;212;142;77;48;2;185;101;54m▀[38;2;185;101;54;48;2;185;101;54m▀[38;2;185;101;54;48;2;185;101;54m▀[38;2;185;101;54;48;2;185;101;54m▀[38;2;185;101;54;48;2;185;101;54m▀[38;2;185;101;54;48;2;185;101;54m▀[38;2;185;101;54;48;2;185;101;54m▀[38;2;151;77;77;48;2;151;77;77m▀[38;2;0;0;0;48;2;151;77;77m▀[38;2;0;0;0;48;2;151;77;77m▀[38;2;11;11;11;48;2;11;11;11m▀[38;2;11;11;11;48;2;11;11;11m▀[38;2;151;77;77;48;2;151;77;77m▀[38;2;185;101;54;48;2;151;77;77m▀[38;2;101;0;18;48;2;185;101;54m▀[38;2;11;11;11;48;2;151;77;77m▀[38;2;11;11;11;48;2;151;77;77m▀[38;2;11;11;11;48;2;151;77;77m▀[38;2;11;11;11;48;2;151;77;77m▀[38;2;11;11;11;48;2;151;77;77m▀[38;2;101;0;18;48;2;151;77;77m▀[38;2;151;77;77;48;2;185;101;54m▀[38;2;185;101;54;48;2;185;101;54m▀[38;2;185;101;54;48;2;185;101;54m▀[38;2;185;101;54;48;2;151;77;77m▀[38;2;151;77;77;48;2;151;77;77m▀[38;2;151;77;77;48;2;151;77;77m▀[38;2;151;77;77;48;2;151;77;77m▀[38;2;151;77;77;48;2;151;77;77m▀[38;2;151;77;77;48;2;151;77;77m▀[38;2;151;77;77;48;2;151;77;77m▀[38;2;11;11;11;48;2;11;11;11m▀[38;2;77;39;18;48;2;151;77;77m▀[38;2;77;39;18;48;2;185;101;54m▀[38;2;185;101;54;48;2;185;101;54m▀[38;2;185;101;54;48;2;185;101;54m▀[38;2;212;142;77;48;2;185;101;54m▀[38;2;212;142;77;48;2;185;101;54m▀[38;2;212;142;77;48;2;185;101;54m▀[38;2;212;142;77;48;2;212;142;77m▀[38;2;212;142;77;48;2;212;142;77m▀[38;2;212;142;77;48;2;212;142;77m▀[38;2;212;142;77;48;2;212;142;77m▀[38;2;77;39;18;48;2;185;101;54m▀[38;2;0;0;0;48;2;0;0;0m▀[38;2;0;0;0;48;2;151;77;77m▀[38;2;0;0;0m▄[38;2;0;0;0m▄[0m [0m [0m
[38;2;0;0;0;48;2;151;77;77m▀[38;2;151;77;77;48;2;212;142;77m▀[38;2;212;142;77;48;2;212;142;77m▀[38;2;212;142;77;48;2;212;142;77m▀[38;2;212;142;77;48;2;212;142;77m▀[38;2;212;142;77;48;2;212;142;77m▀[38;2;212;142;77;48;2;185;101;54m▀[38;2;185;101;54;48;2;185;101;54m▀[38;2;185;101;54;48;2;185;101;54m▀[38;2;185;101;54;48;2;185;101;54m▀[38;2;185;101;54;48;2;77;39;18m▀[38;2;185;101;54;48;2;151;77;77m▀[38;2;185;101;54;48;2;185;101;54m▀[38;2;185;101;54;48;2;185;101;54m▀[38;2;185;101;54;48;2;151;77;77m▀[38;2;185;101;54;48;2;151;77;77m▀[38;2;185;101;54;48;2;151;77;77m▀[38;2;151;77;77;48;2;151;77;77m▀[38;2;151;77;77;48;2;151;77;77m▀[38;2;151;77;77;48;2;151;77;77m▀[38;2;11;11;11;48;2;151;77;77m▀[38;2;11;11;11;48;2;151;77;77m▀[38;2;151;77;77;48;2;77;39;18m▀[38;2;151;77;77;48;2;151;77;77m▀[38;2;151;77;77;48;2;151;77;77m▀[38;2;185;101;54;48;2;151;77;77m▀[38;2;185;101;54;48;2;151;77;77m▀[38;2;185;101;54;48;2;151;77;77m▀[38;2;185;101;54;48;2;151;77;77m▀[38;2;185;101;54;48;2;151;77;77m▀[38;2;185;101;54;48;2;151;77;77m▀[38;2;151;77;77;48;2;151;77;77m▀[38;2;151;77;77;48;2;151;77;77m▀[38;2;151;77;77;48;2;151;77;77m▀[38;2;151;77;77;48;2;151;77;77m▀[38;2;151;77;77;48;2;151;77;77m▀[38;2;151;77;77;48;2;151;77;77m▀[38;2;151;77;77;48;2;151;77;77m▀[38;2;151;77;77;48;2;151;77;77m▀[38;2;151;77;77;48;2;151;77;77m▀[38;2;151;77;77;48;2;77;39;18m▀[38;2;11;11;11;48;2;151;77;77m▀[38;2;151;77;77;48;2;151;77;77m▀[38;2;185;101;54;48;2;185;101;54m▀[38;2;185;101;54;48;2;185;101;54m▀[38;2;185;101;54;48;2;185;101;54m▀[38;2;185;101;54;48;2;185;101;54m▀[38;2;185;101;54;48;2;185;101;54m▀[38;2;185;101;54;48;2;185;101;54m▀[38;2;185;101;54;48;2;185;101;54m▀[38;2;185;101;54;48;2;185;101;54m▀[38;2;185;101;54;48;2;185;101;54m▀[38;2;185;101;54;48;2;185;101;54m▀[38;2;212;142;77;48;2;212;142;77m▀[38;2;212;142;77;48;2;212;142;77m▀[38;2;212;142;77;48;2;212;142;77m▀[38;2;151;77;77;48;2;212;142;77m▀[38;2;151;77;77;48;2;212;142;77m▀[38;2;0;0;0;48;2;151;77;77m▀[38;2;0;0;0m▄[0m
[38;2;77;39;18;48;2;77;39;18m▀[38;2;151;77;77;48;2;151;77;77m▀[38;2;151;77;77;48;2;151;77;77m▀[38;2;151;77;77;48;2;151;77;77m▀[38;2;151;77;77;48;2;151;77;77m▀[38;2;185;101;54;48;2;151;77;77m▀[38;2;185;101;54;48;2;185;101;54m▀[38;2;185;101;54;48;2;77;39;18m▀[38;2;185;101;54;48;2;185;101;54m▀[38;2;185;101;54;48;2;185;101;54m▀[38;2;185;101;54;48;2;185;101;54m▀[38;2;0;0;0;48;2;0;0;0m▀[38;2;0;0;0;48;2;0;0;0m▀[38;2;0;0;0;48;2;0;0;0m▀[38;2;151;77;77;48;2;77;39;18m▀[38;2;151;77;77;48;2;77;39;18m▀[38;2;151;77;77;48;2;0;0;0m▀[38;2;151;77;77;48;2;151;77;77m▀[38;2;151;77;77;48;2;151;77;77m▀[38;2;151;77;77;48;2;151;77;77m▀[38;2;151;77;77;48;2;151;77;77m▀[38;2;151;77;77;48;2;151;77;77m▀[38;2;151;77;77;48;2;151;77;77m▀[38;2;151;77;77;48;2;151;77;77m▀[38;2;151;77;77;48;2;151;77;77m▀[38;2;151;77;77;48;2;151;77;77m▀[38;2;151;77;77;48;2;151;77;77m▀[38;2;151;77;77;48;2;151;77;77m▀[38;2;151;77;77;48;2;151;77;77m▀[38;2;151;77;77;48;2;151;77;77m▀[38;2;151;77;77;48;2;151;77;77m▀[38;2;151;77;77;48;2;151;77;77m▀[38;2;151;77;77;48;2;151;77;77m▀[38;2;151;77;77;48;2;151;77;77m▀[38;2;151;77;77;48;2;151;77;77m▀[38;2;151;77;77;48;2;151;77;77m▀[38;2;151;77;77;48;2;151;77;77m▀[38;2;185;101;54;48;2;185;101;54m▀[38;2;185;101;54;48;2;151;77;77m▀[38;2;185;101;54;48;2;151;77;77m▀[38;2;151;77;77;48;2;151;77;77m▀[38;2;151;77;77;48;2;151;77;77m▀[38;2;151;77;77;48;2;151;77;77m▀[38;2;151;77;77;48;2;151;77;77m▀[38;2;151;77;77;48;2;151;77;77m▀[38;2;151;77;77;48;2;151;77;77m▀[38;2;185;101;54;48;2;0;0;0m▀[38;2;185;101;54;48;2;0;0;0m▀[38;2;151;77;77;48;2;0;0;0m▀[38;2;77;39;18;48;2;185;101;54m▀[38;2;185;101;54;48;2;185;101;54m▀[38;2;185;101;54;48;2;185;101;54m▀[38;2;185;101;54;48;2;185;101;54m▀[38;2;185;101;54;48;2;185;101;54m▀[38;2;212;142;77;48;2;185;101;54m▀[38;2;212;142;77;48;2;151;77;77m▀[38;2;212;142;77;48;2;151;77;77m▀[38;2;212;142;77;48;2;151;77;77m▀[38;2;212;142;77;48;2;151;77;77m▀[38;2;151;77;77;48;2;77;39;18m▀[0m
[38;2;77;39;18;48;2;0;0;0m▀[38;2;151;77;77;48;2;77;39;18m▀[38;2;151;77;77;48;2;0;0;0m▀[38;2;151;77;77;48;2;0;0;0m▀[38;2;151;77;77;48;2;151;77;77m▀[38;2;151;77;77;48;2;151;77;77m▀[38;2;185;101;54;48;2;151;77;77m▀[38;2;77;39;18;48;2;77;39;18m▀[38;2;185;101;54;48;2;77;39;18m▀[38;2;185;101;54;48;2;77;39;18m▀[38;2;185;101;54;48;2;185;101;54m▀[38;2;0;0;0;48;2;0;0;0m▀[38;2;0;0;0;48;2;0;0;0m▀[38;2;0;0;0m▀[38;2;77;39;18;48;2;0;0;0m▀[38;2;77;39;18;48;2;0;0;0m▀[38;2;0;0;0;48;2;0;0;0m▀[38;2;151;77;77;48;2;0;0;0m▀[38;2;151;77;77;48;2;77;39;18m▀[38;2;151;77;77;48;2;151;77;77m▀[38;2;151;77;77;48;2;151;77;77m▀[38;2;151;77;77;48;2;151;77;77m▀[38;2;151;77;77;48;2;77;39;18m▀[38;2;151;77;77;48;2;151;77;77m▀[38;2;151;77;77;48;2;151;77;77m▀[38;2;151;77;77;48;2;151;77;77m▀[38;2;151;77;77;48;2;151;77;77m▀[38;2;151;77;77;48;2;151;77;77m▀[38;2;151;77;77;48;2;185;101;54m▀[38;2;151;77;77;48;2;185;101;54m▀[38;2;151;77;77;48;2;185;101;54m▀[38;2;151;77;77;48;2;185;101;54m▀[38;2;151;77;77;48;2;185;101;54m▀[38;2;151;77;77;48;2;185;101;54m▀[38;2;151;77;77;48;2;151;77;77m▀[38;2;151;77;77;48;2;151;77;77m▀[38;2;151;77;77;48;2;185;101;54m▀[38;2;185;101;54;48;2;185;101;54m▀[38;2;151;77;77;48;2;185;101;54m▀[38;2;151;77;77;48;2;185;101;54m▀[38;2;151;77;77;48;2;77;39;18m▀[38;2;151;77;77;48;2;151;77;77m▀[38;2;151;77;77;48;2;151;77;77m▀[38;2;151;77;77;48;2;0;0;0m▀[38;2;151;77;77;48;2;77;39;18m▀[38;2;151;77;77;48;2;77;39;18m▀[38;2;0;0;0;48;2;0;0;0m▀[38;2;0;0;0;48;2;0;0;0m▀[38;2;0;0;0;48;2;0;0;0m▀[38;2;185;101;54;48;2;185;101;54m▀[38;2;185;101;54;48;2;185;101;54m▀[38;2;185;101;54;48;2;185;101;54m▀[38;2;185;101;54;48;2;77;39;18m▀[38;2;185;101;54;48;2;185;101;54m▀[38;2;185;101;54;48;2;151;77;77m▀[38;2;151;77;77;48;2;151;77;77m▀[38;2;151;77;77;48;2;151;77;77m▀[38;2;151;77;77;48;2;151;77;77m▀[38;2;151;77;77;48;2;151;77;77m▀[38;2;77;39;18;48;2;77;39;18m▀[0m
[0m [38;2;0;0;0m▀[38;2;0;0;0;48;2;0;0;0m▀[38;2;0;0;0;48;2;0;0;0m▀[38;2;77;39;18;48;2;0;0;0m▀[38;2;151;77;77;48;2;0;0;0m▀[38;2;151;77;77;48;2;0;0;0m▀[38;2;77;39;18;48;2;0;0;0m▀[38;2;151;77;77;48;2;0;0;0m▀[38;2;151;77;77;48;2;0;0;0m▀[38;2;0;0;0;48;2;0;0;0m▀[38;2;0;0;0m▀[0m [0m [0m [0m [0m [38;2;0;0;0m▀[38;2;0;0;0m▀[38;2;77;39;18;48;2;0;0;0m▀[38;2;151;77;77;48;2;0;0;0m▀[38;2;151;77;77;48;2;0;0;0m▀[38;2;77;39;18;48;2;185;101;54m▀[38;2;151;77;77;48;2;185;101;54m▀[38;2;151;77;77;48;2;185;101;54m▀[38;2;151;77;77;48;2;185;101;54m▀[38;2;185;101;54;48;2;185;101;54m▀[38;2;185;101;54;48;2;185;101;54m▀[38;2;185;101;54;48;2;185;101;54m▀[38;2;185;101;54;48;2;185;101;54m▀[38;2;185;101;54;48;2;185;101;54m▀[38;2;185;101;54;48;2;185;101;54m▀[38;2;185;101;54;48;2;185;101;54m▀[38;2;185;101;54;48;2;185;101;54m▀[38;2;185;101;54;48;2;185;101;54m▀[38;2;185;101;54;48;2;185;101;54m▀[38;2;185;101;54;48;2;185;101;54m▀[38;2;185;101;54;48;2;185;101;54m▀[38;2;151;77;77;48;2;77;39;18m▀[38;2;151;77;77;48;2;77;39;18m▀[38;2;0;0;0;48;2;0;0;0m▀[38;2;0;0;0;48;2;0;0;0m▀[38;2;0;0;0;48;2;0;0;0m▀[38;2;0;0;0m▀[38;2;0;0;0m▀[38;2;0;0;0m▀[0m [38;2;0;0;0m▀[38;2;0;0;0;48;2;0;0;0m▀[38;2;185;101;54;48;2;0;0;0m▀[38;2;77;39;18;48;2;151;77;77m▀[38;2;77;39;18;48;2;151;77;77m▀[38;2;77;39;18;48;2;77;39;18m▀[38;2;151;77;77;48;2;151;77;77m▀[38;2;151;77;77;48;2;151;77;77m▀[38;2;151;77;77;48;2;151;77;77m▀[38;2;0;0;0;48;2;0;0;0m▀[38;2;0;0;0;48;2;0;0;0m▀[38;2;77;39;18;48;2;0;0;0m▀[38;2;0;0;0m▀[0m
[0m [0m [0m [0m [38;2;0;0;0m▀[38;2;0;0;0m▀[38;2;0;0;0m▀[38;2;0;0;0m▀[38;2;0;0;0m▀[38;2;0;0;0m▀[0m [0m [0m [0m [0m [0m [0m [0m [0m [38;2;0;0;0;48;2;0;0;0m▀[38;2;77;39;18;48;2;0;0;0m▀[38;2;77;39;18;48;2;0;0;0m▀[38;2;185;101;54;48;2;185;101;54m▀[38;2;185;101;54;48;2;185;101;54m▀[38;2;185;101;54;48;2;185;101;54m▀[38;2;185;101;54;48;2;185;101;54m▀[38;2;185;101;54;48;2;185;101;54m▀[38;2;185;101;54;48;2;185;101;54m▀[38;2;185;101;54;48;2;185;101;54m▀[38;2;185;101;54;48;2;185;101;54m▀[38;2;185;101;54;48;2;185;101;54m▀[38;2;185;101;54;48;2;185;101;54m▀[38;2;185;101;54;48;2;151;77;77m▀[38;2;185;101;54;48;2;151;77;77m▀[38;2;185;101;54;48;2;151;77;77m▀[38;2;185;101;54;48;2;151;77;77m▀[38;2;151;77;77;48;2;151;77;77m▀[38;2;151;77;77;48;2;77;39;18m▀[38;2;77;39;18;48;2;0;0;0m▀[38;2;77;39;18;48;2;0;0;0m▀[38;2;0;0;0m▀[0m [0m [0m [0m [0m [0m [0m [0m [38;2;0;0;0m▀[38;2;0;0;0;48;2;0;0;0m▀[38;2;0;0;0;48;2;0;0;0m▀[38;2;0;0;0;48;2;0;0;0m▀[38;2;0;0;0;48;2;0;0;0m▀[38;2;0;0;0;48;2;0;0;0m▀[38;2;77;39;18;48;2;0;0;0m▀[38;2;0;0;0m▀[38;2;0;0;0m▀[0m [0m [0m
[0m [0m [0m [0m [0m [0m [0m [0m [0m [0m [0m [0m [0m [0m [0m [0m [0m [0m [38;2;0;0;0m▄[38;2;0;0;0;48;2;77;39;18m▀[38;2;0;0;0;48;2;185;101;54m▀[38;2;0;0;0;48;2;185;101;54m▀[38;2;185;101;54;48;2;77;39;18m▀[38;2;185;101;54;48;2;185;101;54m▀[38;2;185;101;54;48;2;185;101;54m▀[38;2;185;101;54;48;2;185;101;54m▀[38;2;185;101;54;48;2;185;101;54m▀[38;2;185;101;54;48;2;185;101;54m▀[38;2;185;101;54;48;2;151;77;77m▀[38;2;185;101;54;48;2;151;77;77m▀[38;2;185;101;54;48;2;151;77;77m▀[38;2;185;101;54;48;2;151;77;77m▀[38;2;151;77;77;48;2;151;77;77m▀[38;2;151;77;77;48;2;151;77;77m▀[38;2;151;77;77;48;2;0;0;0m▀[38;2;151;77;77;48;2;77;39;18m▀[38;2;151;77;77;48;2;151;77;77m▀[38;2;77;39;18;48;2;77;39;18m▀[38;2;0;0;0;48;2;0;0;0m▀[0m [0m [0m [0m [0m [0m [0m [0m [0m [0m [0m [0m [0m [0m [0m [0m [0m [0m [0m [0m [0m [0m
[0m [0m [0m [0m [0m [0m [0m [0m [0m [0m [0m [0m [0m [0m [0m [0m [0m [38;2;0;0;0m▄[38;2;0;0;0;48;2;77;39;18m▀[38;2;77;39;18;48;2;185;101;54m▀[38;2;151;77;77;48;2;185;101;54m▀[38;2;151;77;77;48;2;185;101;54m▀[38;2;0;0;0;48;2;151;77;77m▀[38;2;185;101;54;48;2;185;101;54m▀[38;2;185;101;54;48;2;185;101;54m▀[38;2;185;101;54;48;2;185;101;54m▀[38;2;185;101;54;48;2;185;101;54m▀[38;2;185;101;54;48;2;185;101;54m▀[38;2;151;77;77;48;2;185;101;54m▀[38;2;151;77;77;48;2;151;77;77m▀[38;2;151;77;77;48;2;151;77;77m▀[38;2;151;77;77;48;2;151;77;77m▀[38;2;0;0;0;48;2;151;77;77m▀[38;2;0;0;0;48;2;151;77;77m▀[38;2;151;77;77;48;2;151;77;77m▀[38;2;151;77;77;48;2;151;77;77m▀[38;2;151;77;77;48;2;151;77;77m▀[38;2;77;39;18;48;2;77;39;18m▀[38;2;0;0;0;48;2;0;0;0m▀[0m [0m [0m [0m [0m [0m [0m [0m [0m [0m [0m [0m [0m [0m [0m [0m [0m [0m [0m [0m [0m [0m
[0m [0m [0m [0m [0m [0m [0m [0m [0m [0m [0m [0m [0m [0m [0m [0m [0m [38;2;0;0;0;48;2;0;0;0m▀[38;2;0;0;0;48;2;151;77;77m▀[38;2;185;101;54;48;2;151;77;77m▀[38;2;151;77;77;48;2;185;101;54m▀[38;2;151;77;77;48;2;185;101;54m▀[38;2;185;101;54;48;2;185;101;54m▀[38;2;185;101;54;48;2;185;101;54m▀[38;2;185;101;54;48;2;185;101;54m▀[38;2;185;101;54;48;2;185;101;54m▀[38;2;185;101;54;48;2;185;101;54m▀[38;2;185;101;54;48;2;185;101;54m▀[38;2;185;101;54;48;2;185;101;54m▀[38;2;151;77;77;48;2;185;101;54m▀[38;2;151;77;77;48;2;151;77;77m▀[38;2;151;77;77;48;2;151;77;77m▀[38;2;77;39;18;48;2;151;77;77m▀[38;2;77;39;18;48;2;151;77;77m▀[38;2;0;0;0;48;2;151;77;77m▀[38;2;0;0;0;48;2;151;77;77m▀[38;2;151;77;77;48;2;151;77;77m▀[38;2;0;0;0;48;2;0;0;0m▀[38;2;0;0;0;48;2;0;0;0m▀[0m [0m [0m [0m [0m [0m [0m [0m [0m [0m [0m [0m [0m [0m [0m [0m [0m [0m [0m [0m [0m [0m
[0m [0m [0m [0m [0m [0m [0m [0m [0m [0m [0m [0m [0m [0m [38;2;0;0;0m▄[38;2;0;0;0m▄[38;2;0;0;0m▄[38;2;0;0;0;48;2;88;80;32m▀[38;2;151;77;77;48;2;0;0;0m▀[38;2;151;77;77;48;2;185;101;54m▀[38;2;185;101;54;48;2;185;101;54m▀[38;2;185;101;54;48;2;185;101;54m▀[38;2;185;101;54;48;2;185;101;54m▀[38;2;185;101;54;48;2;185;101;54m▀[38;2;185;101;54;48;2;185;101;54m▀[38;2;185;101;54;48;2;185;101;54m▀[38;2;185;101;54;48;2;185;101;54m▀[38;2;185;101;54;48;2;185;101;54m▀[38;2;185;101;54;48;2;185;101;54m▀[38;2;185;101;54;48;2;185;101;54m▀[38;2;151;77;77;48;2;77;39;18m▀[38;2;151;77;77;48;2;77;39;18m▀[38;2;151;77;77;48;2;77;39;18m▀[38;2;151;77;77;48;2;77;39;18m▀[38;2;151;77;77;48;2;151;77;77m▀[38;2;151;77;77;48;2;151;77;77m▀[38;2;151;77;77;48;2;151;77;77m▀[38;2;0;0;0;48;2;151;77;77m▀[38;2;0;0;0;48;2;0;0;0m▀[38;2;0;0;0;48;2;0;0;0m▀[38;2;0;0;0;48;2;88;80;32m▀[38;2;0;0;0;48;2;88;80;32m▀[38;2;0;0;0m▄[0m [0m [0m [0m [0m [0m [0m [0m [0m [0m [0m [0m [0m [0m [0m [0m [0m [0m
[0m [0m [0m [0m [0m [0m [0m [0m [0m [0m [0m [0m [38;2;0;0;0m▄[38;2;0;0;0;48;2;128;120;72m▀[38;2;88;80;32;48;2;176;168;112m▀[38;2;88;80;32;48;2;176;168;112m▀[38;2;88;80;32;48;2;176;168;112m▀[38;2;128;120;72;48;2;77;39;18m▀[38;2;77;39;18;48;2;151;77;77m▀[38;2;185;101;54;48;2;151;77;77m▀[38;2;185;101;54;48;2;185;101;54m▀[38;2;185;101;54;48;2;185;101;54m▀[38;2;185;101;54;48;2;185;101;54m▀[38;2;185;101;54;48;2;185;101;54m▀[38;2;185;101;54;48;2;185;101;54m▀[38;2;185;101;54;48;2;185;101;54m▀[38;2;185;101;54;48;2;185;101;54m▀[38;2;185;101;54;48;2;185;101;54m▀[38;2;185;101;54;48;2;185;101;54m▀[38;2;185;101;54;48;2;185;101;54m▀[38;2;185;101;54;48;2;185;101;54m▀[38;2;185;101;54;48;2;185;101;54m▀[38;2;151;77;77;48;2;185;101;54m▀[38;2;151;77;77;48;2;185;101;54m▀[38;2;0;0;0;48;2;151;77;77m▀[38;2;0;0;0;48;2;151;77;77m▀[38;2;151;77;77;48;2;151;77;77m▀[38;2;151;77;77;48;2;151;77;77m▀[38;2;0;0;0;48;2;77;39;18m▀[38;2;0;0;0;48;2;77;39;18m▀[38;2;176;168;112;48;2;176;168;112m▀[38;2;176;168;112;48;2;176;168;112m▀[38;2;88;80;32;48;2;176;168;112m▀[38;2;0;0;0;48;2;88;80;32m▀[38;2;0;0;0;48;2;88;80;32m▀[38;2;0;0;0;48;2;88;80;32m▀[38;2;0;0;0;48;2;88;80;32m▀[38;2;0;0;0m▄[38;2;0;0;0m▄[0m [0m [0m [0m [0m [0m [0m [0m [0m [0m [0m [0m
[0m [0m [0m [0m [0m [0m [0m [0m [0m [0m [0m [38;2;0;0;0;48;2;0;0;0m▀[38;2;128;120;72;48;2;128;120;72m▀[38;2;176;168;112;48;2;88;80;32m▀[38;2;176;168;112;48;2;88;80;32m▀[38;2;176;168;112;48;2;88;80;32m▀[38;2;176;168;112;48;2;16;16;16m▀[38;2;77;39;18;48;2;151;77;77m▀[38;2;151;77;77;48;2;151;77;77m▀[38;2;151;77;77;48;2;151;77;77m▀[38;2;151;77;77;48;2;151;77;77m▀[38;2;151;77;77;48;2;151;77;77m▀[38;2;151;77;77;48;2;151;77;77m▀[38;2;185;101;54;48;2;151;77;77m▀[38;2;185;101;54;48;2;151;77;77m▀[38;2;185;101;54;48;2;151;77;77m▀[38;2;185;101;54;48;2;185;101;54m▀[38;2;185;101;54;48;2;185;101;54m▀[38;2;185;101;54;48;2;185;101;54m▀[38;2;185;101;54;48;2;185;101;54m▀[38;2;185;101;54;48;2;185;101;54m▀[38;2;185;101;54;48;2;185;101;54m▀[38;2;151;77;77;48;2;151;77;77m▀[38;2;151;77;77;48;2;151;77;77m▀[38;2;151;77;77;48;2;88;80;32m▀[38;2;151;77;77;48;2;16;16;16m▀[38;2;151;77;77;48;2;16;16;16m▀[38;2;151;77;77;48;2;16;16;16m▀[38;2;88;80;32;48;2;88;80;32m▀[38;2;88;80;32;48;2;88;80;32m▀[38;2;88;80;32;48;2;88;80;32m▀[38;2;128;120;72;48;2;88;80;32m▀[38;2;88;80;32;48;2;176;168;112m▀[38;2;176;168;112;48;2;176;168;112m▀[38;2;176;168;112;48;2;176;168;112m▀[38;2;176;168;112;48;2;176;168;112m▀[38;2;176;168;112;48;2;128;120;72m▀[38;2;88;80;32;48;2;128;120;72m▀[38;2;88;80;32;48;2;128;120;72m▀[38;2;0;0;0;48;2;88;80;32m▀[38;2;0;0;0m▄[0m [0m [0m [0m [0m [0m [0m [0m [0m [0m
[0m [0m [0m [0m [0m [0m [0m [0m [38;2;0;0;0m▄[38;2;0;0;0m▄[38;2;0;0;0;48;2;0;0;0m▀[38;2;128;120;72;48;2;128;120;72m▀[38;2;224;224;176;48;2;224;224;176m▀[38;2;224;224;176;48;2;224;224;176m▀[38;2;224;224;176;48;2;224;224;176m▀[38;2;224;224;176;48;2;224;224;176m▀[38;2;88;80;32;48;2;88;80;32m▀[38;2;16;16;16;48;2;16;16;16m▀[38;2;16;16;16;48;2;16;16;16m▀[38;2;151;77;77;48;2;151;77;77m▀[38;2;151;77;77;48;2;151;77;77m▀[38;2;151;77;77;48;2;151;77;77m▀[38;2;151;77;77;48;2;151;77;77m▀[38;2;151;77;77;48;2;151;77;77m▀[38;2;151;77;77;48;2;151;77;77m▀[38;2;151;77;77;48;2;151;77;77m▀[38;2;151;77;77;48;2;151;77;77m▀[38;2;151;77;77;48;2;151;77;77m▀[38;2;151;77;77;48;2;151;77;77m▀[38;2;151;77;77;48;2;151;77;77m▀[38;2;151;77;77;48;2;151;77;77m▀[38;2;151;77;77;48;2;151;77;77m▀[38;2;88;80;32;48;2;88;80;32m▀[38;2;88;80;32;48;2;88;80;32m▀[38;2;176;168;112;48;2;176;168;112m▀[38;2;176;168;112;48;2;176;168;112m▀[38;2;128;120;72;48;2;128;120;72m▀[38;2;88;80;32;48;2;88;80;32m▀[38;2;16;16;16;48;2;16;16;16m▀[38;2;16;16;16;48;2;16;16;16m▀[38;2;88;80;32;48;2;88;80;32m▀[38;2;128;120;72;48;2;128;120;72m▀[38;2;176;168;112;48;2;176;168;112m▀[38;2;176;168;112;48;2;176;168;112m▀[38;2;176;168;112;48;2;176;168;112m▀[38;2;176;168;112;48;2;176;168;112m▀[38;2;128;120;72;48;2;128;120;72m▀[38;2;128;120;72;48;2;128;120;72m▀[38;2;128;120;72;48;2;128;120;72m▀[38;2;16;16;16;48;2;16;16;16m▀[38;2;0;0;0;48;2;0;0;0m▀[38;2;0;0;0m▄[38;2;0;0;0m▄[0m [0m [0m [0m [0m [0m [0m [0m
[0m [0m [0m [0m [0m [0m [38;2;0;0;0m▄[38;2;0;0;0;48;2;88;80;32m▀[38;2;88;80;32;48;2;88;80;32m▀[38;2;88;80;32;48;2;88;80;32m▀[38;2;128;120;72;48;2;128;120;72m▀[38;2;224;224;176;48;2;224;224;176m▀[38;2;224;224;176;48;2;224;224;176m▀[38;2;224;224;176;48;2;224;224;176m▀[38;2;224;224;176;48;2;224;224;176m▀[38;2;224;224;176;48;2;224;224;176m▀[38;2;176;168;112;48;2;176;168;112m▀[38;2;128;120;72;48;2;176;168;112m▀[38;2;128;120;72;48;2;88;80;32m▀[38;2;16;16;16;48;2;16;16;16m▀[38;2;151;77;77;48;2;128;120;72m▀[38;2;151;77;77;48;2;128;120;72m▀[38;2;151;77;77;48;2;88;80;32m▀[38;2;151;77;77;48;2;88;80;32m▀[38;2;151;77;77;48;2;88;80;32m▀[38;2;151;77;77;48;2;151;77;77m▀[38;2;151;77;77;48;2;88;80;32m▀[38;2;151;77;77;48;2;88;80;32m▀[38;2;151;77;77;48;2;16;16;16m▀[38;2;151;77;77;48;2;16;16;16m▀[38;2;151;77;77;48;2;16;16;16m▀[38;2;16;16;16;48;2;176;168;112m▀[38;2;176;168;112;48;2;176;168;112m▀[38;2;176;168;112;48;2;176;168;112m▀[38;2;176;168;112;48;2;176;168;112m▀[38;2;176;168;112;48;2;176;168;112m▀[38;2;128;120;72;48;2;128;120;72m▀[38;2;128;120;72;48;2;128;120;72m▀[38;2;88;80;32;48;2;128;120;72m▀[38;2;88;80;32;48;2;128;120;72m▀[38;2;16;16;16;48;2;16;16;16m▀[38;2;128;120;72;48;2;88;80;32m▀[38;2;176;168;112;48;2;88;80;32m▀[38;2;176;168;112;48;2;128;120;72m▀[38;2;128;120;72;48;2;128;120;72m▀[38;2;128;120;72;48;2;128;120;72m▀[38;2;128;120;72;48;2;16;16;16m▀[38;2;128;120;72;48;2;16;16;16m▀[38;2;128;120;72;48;2;128;120;72m▀[38;2;16;16;16;48;2;176;168;112m▀[38;2;88;80;32;48;2;176;168;112m▀[38;2;88;80;32;48;2;176;168;112m▀[38;2;88;80;32;48;2;0;0;0m▀[38;2;0;0;0m▀[0m [0m [0m [0m [0m [0m [0m
[0m [0m [0m [0m [0m [0m [38;2;0;0;0m▀[38;2;176;168;112;48;2;0;0;0m▀[38;2;176;168;112;48;2;0;0;0m▀[38;2;176;168;112;48;2;0;0;0m▀[38;2;176;168;112;48;2;176;168;112m▀[38;2;128;120;72;48;2;176;168;112m▀[38;2;224;224;176;48;2;176;168;112m▀[38;2;224;224;176;48;2;176;168;112m▀[38;2;176;168;112;48;2;128;120;72m▀[38;2;176;168;112;48;2;128;120;72m▀[38;2;176;168;112;48;2;128;120;72m▀[38;2;128;120;72;48;2;16;16;16m▀[38;2;16;16;16;48;2;128;120;72m▀[38;2;128;120;72;48;2;176;168;112m▀[38;2;224;224;176;48;2;224;224;176m▀[38;2;224;224;176;48;2;224;224;176m▀[38;2;224;224;176;48;2;224;224;176m▀[38;2;224;224;176;48;2;176;168;112m▀[38;2;176;168;112;48;2;176;168;112m▀[38;2;16;16;16;48;2;16;16;16m▀[38;2;176;168;112;48;2;176;168;112m▀[38;2;176;168;112;48;2;176;168;112m▀[38;2;176;168;112;48;2;128;120;72m▀[38;2;128;120;72;48;2;128;120;72m▀[38;2;16;16;16;48;2;128;120;72m▀[38;2;176;168;112;48;2;88;80;32m▀[38;2;176;168;112;48;2;176;168;112m▀[38;2;176;168;112;48;2;176;168;112m▀[38;2;176;168;112;48;2;128;120;72m▀[38;2;176;168;112;48;2;128;120;72m▀[38;2;128;120;72;48;2;128;120;72m▀[38;2;128;120;72;48;2;128;120;72m▀[38;2;128;120;72;48;2;128;120;72m▀[38;2;128;120;72;48;2;128;120;72m▀[38;2;16;16;16;48;2;88;80;32m▀[38;2;176;168;112;48;2;176;168;112m▀[38;2;88;80;32;48;2;176;168;112m▀[38;2;16;16;16;48;2;176;168;112m▀[38;2;16;16;16;48;2;176;168;112m▀[38;2;16;16;16;48;2;176;168;112m▀[38;2;128;120;72;48;2;176;168;112m▀[38;2;176;168;112;48;2;0;0;0m▀[38;2;176;168;112;48;2;0;0;0m▀[38;2;0;0;0m▀[38;2;0;0;0m▀[38;2;0;0;0m▀[0m [0m [0m [0m [0m [0m [0m [0m [0m
[0m [0m [0m [0m [0m [0m [0m [38;2;0;0;0;48;2;0;0;0m▀[38;2;176;168;112;48;2;176;168;112m▀[38;2;176;168;112;48;2;176;168;112m▀[38;2;0;0;0;48;2;0;0;0m▀[38;2;176;168;112;48;2;176;168;112m▀[38;2;0;0;0;48;2;0;0;0m▀[38;2;176;168;112;48;2;176;168;112m▀[38;2;176;168;112;48;2;176;168;112m▀[38;2;176;168;112;48;2;176;168;112m▀[38;2;128;120;72;48;2;128;120;72m▀[38;2;16;16;16;48;2;16;16;16m▀[38;2;176;168;112;48;2;176;168;112m▀[38;2;176;168;112;48;2;176;168;112m▀[38;2;176;168;112;48;2;176;168;112m▀[38;2;176;168;112;48;2;176;168;112m▀[38;2;176;168;112;48;2;176;168;112m▀[38;2;176;168;112;48;2;176;168;112m▀[38;2;128;120;72;48;2;128;120;72m▀[38;2;16;16;16;48;2;16;16;16m▀[38;2;128;120;72;48;2;128;120;72m▀[38;2;128;120;72;48;2;128;120;72m▀[38;2;128;120;72;48;2;128;120;72m▀[38;2;128;120;72;48;2;128;120;72m▀[38;2;128;120;72;48;2;128;120;72m▀[38;2;16;16;16;48;2;16;16;16m▀[38;2;128;120;72;48;2;128;120;72m▀[38;2;128;120;72;48;2;128;120;72m▀[38;2;128;120;72;48;2;128;120;72m▀[38;2;128;120;72;48;2;128;120;72m▀[38;2;88;80;32;48;2;88;80;32m▀[38;2;16;16;16;48;2;16;16;16m▀[38;2;88;80;32;48;2;88;80;32m▀[38;2;88;80;32;48;2;88;80;32m▀[38;2;176;168;112;48;2;176;168;112m▀[38;2;176;168;112;48;2;176;168;112m▀[38;2;176;168;112;48;2;176;168;112m▀[38;2;0;0;0;48;2;0;0;0m▀[38;2;176;168;112;48;2;176;168;112m▀[38;2;176;168;112;48;2;176;168;112m▀[38;2;0;0;0;48;2;0;0;0m▀[38;2;176;168;112;48;2;176;168;112m▀[38;2;0;0;0;48;2;0;0;0m▀[0m [0m [0m [0m [0m [0m [0m [0m [0m [0m [0m [0m
[0m [0m [0m [0m [0m [0m [0m [0m [38;2;0;0;0m▀[38;2;0;0;0m▀[38;2;176;168;112;48;2;0;0;0m▀[38;2;0;0;0m▀[38;2;176;168;112;48;2;0;0;0m▀[38;2;0;0;0;48;2;0;0;0m▀[38;2;0;0;0;48;2;176;168;112m▀[38;2;0;0;0;48;2;176;168;112m▀[38;2;176;168;112;48;2;0;0;0m▀[38;2;128;120;72;48;2;176;168;112m▀[38;2;176;168;112;48;2;0;0;0m▀[38;2;176;168;112;48;2;0;0;0m▀[38;2;176;168;112;48;2;176;168;112m▀[38;2;176;168;112;48;2;176;168;112m▀[38;2;176;168;112;48;2;0;0;0m▀[38;2;176;168;112;48;2;176;168;112m▀[38;2;176;168;112;48;2;176;168;112m▀[38;2;128;120;72;48;2;176;168;112m▀[38;2;128;120;72;48;2;176;168;112m▀[38;2;128;120;72;48;2;176;168;112m▀[38;2;128;120;72;48;2;176;168;112m▀[38;2;128;120;72;48;2;0;0;0m▀[38;2;88;80;32;48;2;176;168;112m▀[38;2;128;120;72;48;2;0;0;0m▀[38;2;176;168;112;48;2;0;0;0m▀[38;2;176;168;112;48;2;0;0;0m▀[38;2;176;168;112;48;2;0;0;0m▀[38;2;176;168;112;48;2;176;168;112m▀[38;2;176;168;112;48;2;0;0;0m▀[38;2;176;168;112;48;2;176;168;112m▀[38;2;176;168;112;48;2;0;0;0m▀[38;2;176;168;112;48;2;0;0;0m▀[38;2;0;0;0;48;2;176;168;112m▀[38;2;176;168;112;48;2;0;0;0m▀[38;2;0;0;0m▀[38;2;176;168;112;48;2;0;0;0m▀[38;2;0;0;0;48;2;176;168;112m▀[38;2;0;0;0;48;2;176;168;112m▀[38;2;176;168;112;48;2;0;0;0m▀[38;2;0;0;0m▀[0m [0m [0m [0m [0m [0m [0m [0m [0m [0m [0m [0m [0m
