[0m [0m [0m [0m [0m [0m [0m [0m [0m [0m [0m [0m [0m [0m [0m [0m [0m [0m [0m [0m [0m [0m [0m [0m [0m [0m [0m [38;2;0;0;0m▄[38;2;0;0;0;48;2;156;148;139m▀[38;2;156;148;139;48;2;255;255;255m▀[38;2;156;148;139;48;2;156;148;139m▀[38;2;156;148;139;48;2;156;148;139m▀[38;2;0;0;0;48;2;0;0;0m▀[0m [0m [0m [0m [0m [0m [0m [0m [0m
[0m [0m [0m [0m [0m [0m [0m [0m [0m [0m [0m [0m [0m [0m [0m [0m [0m [0m [0m [0m [0m [0m [0m [0m [0m [0m [38;2;0;0;0;48;2;0;0;0m▀[38;2;156;148;139;48;2;156;148;139m▀[38;2;255;255;255;48;2;255;255;255m▀[38;2;255;255;255;48;2;255;255;255m▀[38;2;156;148;139;48;2;156;148;139m▀[38;2;156;148;139;48;2;156;148;139m▀[38;2;0;0;0;48;2;0;0;0m▀[0m [0m [0m [0m [0m [0m [0m [0m [0m
[0m [0m [0m [0m [0m [0m [0m [0m [0m [0m [0m [0m [0m [38;2;0;0;0m▄[38;2;0;0;0;48;2;156;148;139m▀[38;2;0;0;0;48;2;90;90;90m▀[38;2;0;0;0;48;2;90;90;90m▀[38;2;0;0;0m▄[0m [38;2;0;0;0m▄[38;2;0;0;0;48;2;123;57;74m▀[38;2;0;0;0;48;2;123;57;74m▀[38;2;0;0;0;48;2;123;57;74m▀[38;2;0;0;0m▄[0m [0m [38;2;0;0;0;48;2;0;0;0m▀[38;2;156;148;139;48;2;255;255;255m▀[38;2;255;255;255;48;2;255;255;255m▀[38;2;255;255;255;48;2;255;255;255m▀[38;2;90;90;90;48;2;90;90;90m▀[38;2;90;90;90;48;2;90;90;90m▀[38;2;0;0;0;48;2;0;0;0m▀[0m [0m [0m [0m [0m [0m [0m [0m [0m
[0m [0m [0m [0m [0m [0m [0m [38;2;0;0;0m▄[38;2;0;0;0m▄[38;2;0;0;0m▄[38;2;0;0;0m▄[38;2;0;0;0m▄[38;2;0;0;0;48;2;0;0;0m▀[38;2;156;148;139;48;2;156;148;139m▀[38;2;255;255;255;48;2;255;255;255m▀[38;2;0;0;0;48;2;0;0;0m▀[38;2;0;0;0;48;2;0;0;0m▀[38;2;0;0;0;48;2;0;0;0m▀[38;2;0;0;0;48;2;123;57;74m▀[38;2;123;57;74;48;2;123;57;74m▀[38;2;123;57;74;48;2;255;180;57m▀[38;2;255;180;57;48;2;255;180;57m▀[38;2;255;65;65;48;2;255;65;65m▀[38;2;123;57;74;48;2;255;65;65m▀[38;2;0;0;0;48;2;0;0;0m▀[38;2;0;0;0;48;2;0;0;0m▀[38;2;156;148;139;48;2;255;255;255m▀[38;2;255;255;255;48;2;255;255;255m▀[38;2;255;255;255;48;2;255;255;255m▀[38;2;255;255;255;48;2;222;213;222m▀[38;2;90;90;90;48;2;156;148;139m▀[38;2;90;90;90;48;2;156;148;139m▀[38;2;0;0;0;48;2;90;90;90m▀[38;2;0;0;0;48;2;90;90;90m▀[38;2;0;0;0;48;2;156;148;139m▀[38;2;0;0;0;48;2;156;148;139m▀[38;2;0;0;0;48;2;156;148;139m▀[38;2;0;0;0m▄[0m [0m [0m [0m
[0m [0m [0m [0m [0m [38;2;0;0;0m▄[38;2;0;0;0;48;2;123;57;74m▀[38;2;123;57;74;48;2;255;65;65m▀[38;2;123;57;74;48;2;255;180;57m▀[38;2;123;57;74;48;2;255;180;57m▀[38;2;123;57;74;48;2;255;180;57m▀[38;2;123;57;74;48;2;255;180;57m▀[38;2;0;0;0;48;2;123;57;74m▀[38;2;0;0;0;48;2;123;57;74m▀[38;2;255;255;255;48;2;255;255;255m▀[38;2;222;213;222;48;2;123;57;74m▀[38;2;222;213;222;48;2;123;57;74m▀[38;2;123;57;74;48;2;123;57;74m▀[38;2;123;57;74;48;2;255;180;57m▀[38;2;255;180;57;48;2;255;180;57m▀[38;2;255;180;57;48;2;255;123;65m▀[38;2;255;123;65;48;2;0;0;0m▀[38;2;255;65;65;48;2;0;0;0m▀[38;2;0;0;0;48;2;0;0;0m▀[38;2;90;90;90;48;2;23;89;65m▀[38;2;90;90;90;48;2;23;89;65m▀[38;2;255;255;255;48;2;255;255;255m▀[38;2;255;255;255;48;2;255;255;255m▀[38;2;255;255;255;48;2;255;255;255m▀[38;2;222;213;222;48;2;222;213;222m▀[38;2;222;213;222;48;2;222;213;222m▀[38;2;222;213;222;48;2;222;213;222m▀[38;2;156;148;139;48;2;255;255;255m▀[38;2;222;213;222;48;2;255;255;255m▀[38;2;255;255;255;48;2;255;255;255m▀[38;2;255;255;255;48;2;90;90;90m▀[38;2;90;90;90;48;2;0;0;0m▀[38;2;0;0;0m▀[0m [0m [0m [0m
[0m [0m [0m [0m [0m [38;2;0;0;0;48;2;0;0;0m▀[38;2;123;57;74;48;2;123;57;74m▀[38;2;255;65;65;48;2;255;65;65m▀[38;2;255;180;57;48;2;255;180;57m▀[38;2;255;180;57;48;2;255;180;57m▀[38;2;255;180;57;48;2;255;180;57m▀[38;2;255;180;57;48;2;255;123;65m▀[38;2;123;57;74;48;2;255;123;65m▀[38;2;123;57;74;48;2;255;123;65m▀[38;2;255;255;255;48;2;123;57;74m▀[38;2;123;57;74;48;2;123;57;74m▀[38;2;123;57;74;48;2;123;57;74m▀[38;2;123;57;74;48;2;255;123;65m▀[38;2;255;180;57;48;2;255;123;65m▀[38;2;255;180;57;48;2;255;123;65m▀[38;2;255;123;65;48;2;123;57;74m▀[38;2;0;0;0;48;2;0;0;0m▀[38;2;0;0;0;48;2;105;213;48m▀[38;2;0;0;0;48;2;105;213;48m▀[38;2;23;89;65;48;2;23;89;65m▀[38;2;23;89;65;48;2;23;89;65m▀[38;2;255;255;255;48;2;255;255;255m▀[38;2;255;255;255;48;2;255;255;255m▀[38;2;255;255;255;48;2;255;255;255m▀[38;2;222;213;222;48;2;222;213;222m▀[38;2;222;213;222;48;2;255;255;255m▀[38;2;222;213;222;48;2;255;255;255m▀[38;2;255;255;255;48;2;255;255;255m▀[38;2;255;255;255;48;2;255;255;255m▀[38;2;255;255;255;48;2;0;0;0m▀[38;2;90;90;90;48;2;0;0;0m▀[38;2;0;0;0m▀[0m [0m [0m [0m [0m
[0m [0m [0m [0m [0m [0m [38;2;0;0;0m▀[38;2;123;57;74;48;2;0;0;0m▀[38;2;123;57;74;48;2;0;0;0m▀[38;2;255;123;65;48;2;0;0;0m▀[38;2;255;123;65;48;2;0;0;0m▀[38;2;255;123;65;48;2;0;0;0m▀[38;2;255;65;65;48;2;0;0;0m▀[38;2;255;65;65;48;2;123;57;74m▀[38;2;255;65;65;48;2;255;65;65m▀[38;2;255;65;65;48;2;255;65;65m▀[38;2;255;65;65;48;2;255;65;65m▀[38;2;255;65;65;48;2;255;65;65m▀[38;2;255;65;65;48;2;123;57;74m▀[38;2;123;57;74;48;2;172;246;64m▀[38;2;172;246;64;48;2;246;238;139m▀[38;2;246;238;139;48;2;229;204;147m▀[38;2;246;238;139;48;2;82;98;74m▀[38;2;246;238;139;48;2;0;0;0m▀[38;2;246;238;139;48;2;229;204;147m▀[38;2;246;238;139;48;2;229;204;147m▀[38;2;23;89;65;48;2;23;89;65m▀[38;2;255;255;255;48;2;255;255;255m▀[38;2;255;255;255;48;2;255;255;255m▀[38;2;255;255;255;48;2;255;255;255m▀[38;2;255;255;255;48;2;156;148;139m▀[38;2;255;255;255;48;2;156;148;139m▀[38;2;156;148;139;48;2;222;213;222m▀[38;2;222;213;222;48;2;222;213;222m▀[38;2;0;0;0;48;2;222;213;222m▀[38;2;90;90;90;48;2;222;213;222m▀[38;2;0;0;0;48;2;90;90;90m▀[38;2;0;0;0m▄[0m [0m [0m [0m
[0m [0m [0m [0m [0m [0m [0m [0m [0m [38;2;0;0;0m▀[38;2;0;0;0m▀[38;2;0;0;0;48;2;0;0;0m▀[38;2;0;0;0;48;2;0;0;0m▀[38;2;0;0;0;48;2;23;89;65m▀[38;2;255;65;65;48;2;123;57;74m▀[38;2;255;65;65;48;2;123;57;74m▀[38;2;255;65;65;48;2;123;57;74m▀[38;2;255;65;65;48;2;123;57;74m▀[38;2;0;0;0;48;2;123;57;74m▀[38;2;172;246;64;48;2;105;213;48m▀[38;2;246;238;139;48;2;246;238;139m▀[38;2;82;98;74;48;2;0;0;0m▀[38;2;82;98;74;48;2;0;0;0m▀[38;2;0;0;0;48;2;0;0;0m▀[38;2;0;0;0;48;2;0;0;0m▀[38;2;0;0;0;48;2;0;0;0m▀[38;2;246;238;139;48;2;229;204;147m▀[38;2;23;89;65;48;2;105;213;48m▀[38;2;255;255;255;48;2;0;0;0m▀[38;2;255;255;255;48;2;0;0;0m▀[38;2;156;148;139;48;2;0;0;0m▀[38;2;156;148;139;48;2;0;0;0m▀[38;2;222;213;222;48;2;90;90;90m▀[38;2;222;213;222;48;2;90;90;90m▀[38;2;90;90;90;48;2;0;0;0m▀[38;2;90;90;90;48;2;0;0;0m▀[38;2;0;0;0m▀[0m [0m [0m [0m [0m
[0m [0m [0m [0m [0m [0m [38;2;0;0;0m▄[38;2;0;0;0m▄[0m [0m [0m [38;2;0;0;0m▀[38;2;0;0;0;48;2;0;0;0m▀[38;2;23;89;65;48;2;23;89;65m▀[38;2;123;57;74;48;2;246;238;139m▀[38;2;123;57;74;48;2;123;57;74m▀[38;2;123;57;74;48;2;123;57;74m▀[38;2;123;57;74;48;2;123;57;74m▀[38;2;123;57;74;48;2;105;213;48m▀[38;2;105;213;48;48;2;105;213;48m▀[38;2;246;238;139;48;2;229;204;147m▀[38;2;0;0;0;48;2;123;131;74m▀[38;2;0;0;0;48;2;0;0;0m▀[38;2;0;0;0;48;2;0;0;0m▀[38;2;0;0;0;48;2;123;131;74m▀[38;2;0;0;0;48;2;123;131;74m▀[38;2;229;204;147;48;2;229;204;147m▀[38;2;105;213;48;48;2;105;213;48m▀[38;2;0;0;0;48;2;105;213;48m▀[38;2;0;0;0;48;2;105;213;48m▀[38;2;0;0;0;48;2;105;213;48m▀[38;2;0;0;0;48;2;105;213;48m▀[38;2;90;90;90;48;2;23;89;65m▀[38;2;90;90;90;48;2;0;0;0m▀[38;2;0;0;0m▀[0m [0m [0m [0m [0m [0m [0m
[0m [0m [0m [0m [38;2;0;0;0m▄[38;2;0;0;0;48;2;123;131;74m▀[38;2;123;131;74;48;2;246;238;139m▀[38;2;123;131;74;48;2;229;204;147m▀[38;2;0;0;0;48;2;123;131;74m▀[38;2;0;0;0m▄[0m [0m [0m [38;2;0;0;0;48;2;0;0;0m▀[38;2;0;0;0;48;2;0;0;0m▀[38;2;246;238;139;48;2;0;0;0m▀[38;2;246;238;139;48;2;0;0;0m▀[38;2;105;213;48;48;2;229;204;147m▀[38;2;105;213;48;48;2;23;89;65m▀[38;2;23;89;65;48;2;105;213;48m▀[38;2;23;89;65;48;2;105;213;48m▀[38;2;23;89;65;48;2;105;213;48m▀[38;2;23;89;65;48;2;48;172;65m▀[38;2;229;204;147;48;2;23;89;65m▀[38;2;229;204;147;48;2;105;213;48m▀[38;2;229;204;147;48;2;105;213;48m▀[38;2;105;213;48;48;2;105;213;48m▀[38;2;105;213;48;48;2;105;213;48m▀[38;2;105;213;48;48;2;105;213;48m▀[38;2;105;213;48;48;2;105;213;48m▀[38;2;105;213;48;48;2;105;213;48m▀[38;2;105;213;48;48;2;105;213;48m▀[38;2;23;89;65;48;2;105;213;48m▀[38;2;0;0;0;48;2;23;89;65m▀[38;2;0;0;0m▄[0m [0m [0m [0m [0m [0m [0m
[0m [0m [0m [38;2;0;0;0;48;2;0;0;0m▀[38;2;123;131;74;48;2;82;98;74m▀[38;2;246;238;139;48;2;246;238;139m▀[38;2;246;238;139;48;2;246;238;139m▀[38;2;246;238;139;48;2;246;238;139m▀[38;2;123;131;74;48;2;82;98;74m▀[38;2;0;0;0;48;2;0;0;0m▀[0m [0m [0m [0m [38;2;0;0;0;48;2;0;0;0m▀[38;2;23;89;65;48;2;23;89;65m▀[38;2;23;89;65;48;2;23;89;65m▀[38;2;23;89;65;48;2;105;213;48m▀[38;2;105;213;48;48;2;105;213;48m▀[38;2;105;213;48;48;2;32;123;73m▀[38;2;32;123;73;48;2;74;197;41m▀[38;2;32;123;73;48;2;74;197;41m▀[38;2;48;172;65;48;2;32;123;73m▀[38;2;48;172;65;48;2;48;172;65m▀[38;2;23;89;65;48;2;23;89;65m▀[38;2;23;89;65;48;2;23;89;65m▀[38;2;105;213;48;48;2;105;213;48m▀[38;2;105;213;48;48;2;105;213;48m▀[38;2;105;213;48;48;2;105;213;48m▀[38;2;105;213;48;48;2;105;213;48m▀[38;2;105;213;48;48;2;105;213;48m▀[38;2;105;213;48;48;2;105;213;48m▀[38;2;105;213;48;48;2;105;213;48m▀[38;2;23;89;65;48;2;246;238;139m▀[38;2;0;0;0;48;2;23;89;65m▀[38;2;0;0;0m▄[0m [0m [0m [0m [0m [0m
[0m [0m [0m [38;2;0;0;0;48;2;0;0;0m▀[38;2;82;98;74;48;2;82;98;74m▀[38;2;229;204;147;48;2;229;204;147m▀[38;2;246;238;139;48;2;246;238;139m▀[38;2;229;204;147;48;2;229;204;147m▀[38;2;82;98;74;48;2;82;98;74m▀[38;2;0;0;0;48;2;0;0;0m▀[0m [0m [0m [0m [38;2;0;0;0;48;2;0;0;0m▀[38;2;23;89;65;48;2;23;89;65m▀[38;2;23;89;65;48;2;23;89;65m▀[38;2;48;172;65;48;2;48;172;65m▀[38;2;32;123;73;48;2;32;123;73m▀[38;2;74;197;41;48;2;74;197;41m▀[38;2;74;197;41;48;2;74;197;41m▀[38;2;74;197;41;48;2;74;197;41m▀[38;2;32;123;73;48;2;32;123;73m▀[38;2;48;172;65;48;2;48;172;65m▀[38;2;23;89;65;48;2;23;89;65m▀[38;2;23;89;65;48;2;23;89;65m▀[38;2;48;172;65;48;2;48;172;65m▀[38;2;105;213;48;48;2;105;213;48m▀[38;2;105;213;48;48;2;105;213;48m▀[38;2;105;213;48;48;2;105;213;48m▀[38;2;105;213;48;48;2;105;213;48m▀[38;2;105;213;48;48;2;105;213;48m▀[38;2;246;238;139;48;2;246;238;139m▀[38;2;105;213;48;48;2;105;213;48m▀[38;2;105;213;48;48;2;105;213;48m▀[38;2;23;89;65;48;2;23;89;65m▀[38;2;0;0;0;48;2;0;0;0m▀[0m [0m [0m [0m [0m
[0m [0m [0m [38;2;0;0;0;48;2;0;0;0m▀[38;2;82;98;74;48;2;82;98;74m▀[38;2;229;204;147;48;2;229;204;147m▀[38;2;229;204;147;48;2;229;204;147m▀[38;2;82;98;74;48;2;82;98;74m▀[38;2;0;0;0;48;2;0;0;0m▀[0m [0m [0m [0m [0m [38;2;0;0;0m▀[38;2;23;89;65;48;2;0;0;0m▀[38;2;23;89;65;48;2;0;0;0m▀[38;2;32;123;73;48;2;23;89;65m▀[38;2;74;197;41;48;2;32;123;73m▀[38;2;74;197;41;48;2;32;123;73m▀[38;2;74;197;41;48;2;32;123;73m▀[38;2;32;123;73;48;2;105;213;48m▀[38;2;105;213;48;48;2;23;89;65m▀[38;2;23;89;65;48;2;48;172;65m▀[38;2;48;172;65;48;2;48;172;65m▀[38;2;48;172;65;48;2;48;172;65m▀[38;2;48;172;65;48;2;48;172;65m▀[38;2;48;172;65;48;2;229;204;147m▀[38;2;105;213;48;48;2;229;204;147m▀[38;2;105;213;48;48;2;229;204;147m▀[38;2;105;213;48;48;2;105;213;48m▀[38;2;105;213;48;48;2;105;213;48m▀[38;2;246;238;139;48;2;105;213;48m▀[38;2;105;213;48;48;2;246;238;139m▀[38;2;105;213;48;48;2;246;238;139m▀[38;2;246;238;139;48;2;105;213;48m▀[38;2;23;89;65;48;2;0;0;0m▀[38;2;0;0;0;48;2;0;0;0m▀[38;2;0;0;0m▄[0m [0m [0m
[0m [0m [0m [38;2;0;0;0;48;2;0;0;0m▀[38;2;82;98;74;48;2;123;131;74m▀[38;2;229;204;147;48;2;82;98;74m▀[38;2;82;98;74;48;2;0;0;0m▀[38;2;0;0;0m▀[0m [0m [0m [0m [0m [0m [0m [0m [0m [38;2;0;0;0m▀[38;2;23;89;65;48;2;0;0;0m▀[38;2;0;0;0;48;2;0;0;0m▀[38;2;0;0;0;48;2;0;0;0m▀[38;2;0;0;0;48;2;0;0;0m▀[38;2;0;0;0;48;2;0;0;0m▀[38;2;0;0;0;48;2;0;0;0m▀[38;2;48;172;65;48;2;0;0;0m▀[38;2;48;172;65;48;2;0;0;0m▀[38;2;229;204;147;48;2;229;204;147m▀[38;2;229;204;147;48;2;229;204;147m▀[38;2;229;204;147;48;2;229;204;147m▀[38;2;229;204;147;48;2;229;204;147m▀[38;2;246;238;139;48;2;246;238;139m▀[38;2;246;238;139;48;2;246;238;139m▀[38;2;246;238;139;48;2;246;238;139m▀[38;2;105;213;48;48;2;229;204;147m▀[38;2;105;213;48;48;2;105;213;48m▀[38;2;105;213;48;48;2;105;213;48m▀[38;2;105;213;48;48;2;105;213;48m▀[38;2;23;89;65;48;2;0;0;0m▀[38;2;23;89;65;48;2;0;0;0m▀[38;2;0;0;0;48;2;0;0;0m▀[0m [0m
[0m [0m [38;2;0;0;0m▄[38;2;0;0;0;48;2;0;0;0m▀[38;2;48;172;65;48;2;48;172;65m▀[38;2;23;89;65;48;2;23;89;65m▀[38;2;0;0;0;48;2;0;0;0m▀[0m [0m [0m [0m [0m [0m [0m [0m [0m [0m [0m [0m [0m [0m [0m [0m [0m [38;2;0;0;0m▀[38;2;0;0;0;48;2;0;0;0m▀[38;2;0;0;0;48;2;0;0;0m▀[38;2;229;204;147;48;2;229;204;147m▀[38;2;229;204;147;48;2;229;204;147m▀[38;2;246;238;139;48;2;246;238;139m▀[38;2;246;238;139;48;2;246;238;139m▀[38;2;246;238;139;48;2;246;238;139m▀[38;2;246;238;139;48;2;246;238;139m▀[38;2;246;238;139;48;2;246;238;139m▀[38;2;229;204;147;48;2;229;204;147m▀[38;2;105;213;48;48;2;105;213;48m▀[38;2;105;213;48;48;2;105;213;48m▀[38;2;246;238;139;48;2;246;238;139m▀[38;2;246;238;139;48;2;246;238;139m▀[38;2;23;89;65;48;2;23;89;65m▀[38;2;0;0;0;48;2;0;0;0m▀[0m
[38;2;0;0;0m▄[38;2;0;0;0;48;2;23;89;65m▀[38;2;48;172;65;48;2;105;213;48m▀[38;2;48;172;65;48;2;105;213;48m▀[38;2;105;213;48;48;2;48;172;65m▀[38;2;23;89;65;48;2;0;0;0m▀[38;2;0;0;0m▀[0m [0m [0m [0m [0m [0m [0m [0m [0m [0m [0m [0m [0m [0m [0m [0m [0m [0m [38;2;0;0;0m▀[38;2;90;90;90;48;2;0;0;0m▀[38;2;156;148;139;48;2;123;131;74m▀[38;2;246;238;139;48;2;123;131;74m▀[38;2;246;238;139;48;2;246;238;139m▀[38;2;246;238;139;48;2;246;238;139m▀[38;2;246;238;139;48;2;246;238;139m▀[38;2;246;238;139;48;2;246;238;139m▀[38;2;246;238;139;48;2;246;238;139m▀[38;2;246;238;139;48;2;123;131;74m▀[38;2;105;213;48;48;2;123;131;74m▀[38;2;105;213;48;48;2;105;213;48m▀[38;2;246;238;139;48;2;105;213;48m▀[38;2;246;238;139;48;2;105;213;48m▀[38;2;0;0;0;48;2;0;0;0m▀[38;2;0;0;0;48;2;0;0;0m▀[0m
[38;2;0;0;0;48;2;23;89;65m▀[38;2;23;89;65;48;2;229;204;147m▀[38;2;105;213;48;48;2;105;213;48m▀[38;2;105;213;48;48;2;105;213;48m▀[38;2;23;89;65;48;2;23;89;65m▀[38;2;0;0;0;48;2;0;0;0m▀[0m [0m [0m [0m [0m [0m [0m [38;2;0;0;0m▄[38;2;0;0;0;48;2;23;89;65m▀[38;2;0;0;0;48;2;0;0;0m▀[38;2;0;0;0;48;2;0;0;0m▀[38;2;0;0;0;48;2;0;0;0m▀[38;2;0;0;0;48;2;0;0;0m▀[38;2;0;0;0;48;2;0;0;0m▀[38;2;0;0;0;48;2;0;0;0m▀[38;2;0;0;0;48;2;23;89;65m▀[38;2;0;0;0m▄[38;2;0;0;0m▄[38;2;0;0;0m▄[38;2;0;0;0;48;2;0;0;0m▀[38;2;123;131;74;48;2;82;98;74m▀[38;2;246;238;139;48;2;246;238;139m▀[38;2;229;204;147;48;2;229;204;147m▀[38;2;123;131;74;48;2;82;98;74m▀[38;2;246;238;139;48;2;246;238;139m▀[38;2;246;238;139;48;2;246;238;139m▀[38;2;246;238;139;48;2;246;238;139m▀[38;2;123;131;74;48;2;82;98;74m▀[38;2;246;238;139;48;2;229;204;147m▀[38;2;229;204;147;48;2;229;204;147m▀[38;2;123;131;74;48;2;82;98;74m▀[38;2;105;213;48;48;2;105;213;48m▀[38;2;105;213;48;48;2;105;213;48m▀[38;2;23;89;65;48;2;105;213;48m▀[38;2;0;0;0;48;2;23;89;65m▀[0m
[38;2;23;89;65;48;2;23;89;65m▀[38;2;246;238;139;48;2;246;238;139m▀[38;2;105;213;48;48;2;105;213;48m▀[38;2;105;213;48;48;2;105;213;48m▀[38;2;105;213;48;48;2;105;213;48m▀[38;2;23;89;65;48;2;246;238;139m▀[38;2;0;0;0;48;2;23;89;65m▀[38;2;0;0;0;48;2;23;89;65m▀[38;2;0;0;0m▄[0m [38;2;0;0;0m▄[38;2;0;0;0;48;2;23;89;65m▀[38;2;0;0;0;48;2;23;89;65m▀[38;2;23;89;65;48;2;246;238;139m▀[38;2;48;172;65;48;2;246;238;139m▀[38;2;48;172;65;48;2;48;172;65m▀[38;2;48;172;65;48;2;48;172;65m▀[38;2;48;172;65;48;2;48;172;65m▀[38;2;48;172;65;48;2;48;172;65m▀[38;2;48;172;65;48;2;48;172;65m▀[38;2;48;172;65;48;2;74;197;41m▀[38;2;74;197;41;48;2;48;172;65m▀[38;2;32;123;73;48;2;74;197;41m▀[38;2;23;89;65;48;2;48;172;65m▀[38;2;23;89;65;48;2;74;197;41m▀[38;2;23;89;65;48;2;74;197;41m▀[38;2;82;98;74;48;2;23;89;65m▀[38;2;229;204;147;48;2;82;98;74m▀[38;2;229;204;147;48;2;82;98;74m▀[38;2;82;98;74;48;2;246;238;139m▀[38;2;246;238;139;48;2;246;238;139m▀[38;2;246;238;139;48;2;246;238;139m▀[38;2;246;238;139;48;2;246;238;139m▀[38;2;82;98;74;48;2;246;238;139m▀[38;2;229;204;147;48;2;82;98;74m▀[38;2;229;204;147;48;2;82;98;74m▀[38;2;82;98;74;48;2;246;238;139m▀[38;2;105;213;48;48;2;105;213;48m▀[38;2;105;213;48;48;2;105;213;48m▀[38;2;105;213;48;48;2;105;213;48m▀[38;2;23;89;65;48;2;0;0;0m▀[0m
[38;2;23;89;65;48;2;23;89;65m▀[38;2;246;238;139;48;2;229;204;147m▀[38;2;105;213;48;48;2;105;213;48m▀[38;2;105;213;48;48;2;105;213;48m▀[38;2;105;213;48;48;2;246;238;139m▀[38;2;246;238;139;48;2;74;197;41m▀[38;2;23;89;65;48;2;246;238;139m▀[38;2;23;89;65;48;2;48;172;65m▀[38;2;0;0;0;48;2;23;89;65m▀[38;2;0;0;0;48;2;23;89;65m▀[38;2;0;0;0;48;2;23;89;65m▀[38;2;23;89;65;48;2;74;197;41m▀[38;2;23;89;65;48;2;246;238;139m▀[38;2;246;238;139;48;2;74;197;41m▀[38;2;246;238;139;48;2;48;172;65m▀[38;2;48;172;65;48;2;229;204;147m▀[38;2;48;172;65;48;2;229;204;147m▀[38;2;48;172;65;48;2;48;172;65m▀[38;2;48;172;65;48;2;48;172;65m▀[38;2;48;172;65;48;2;48;172;65m▀[38;2;74;197;41;48;2;48;172;65m▀[38;2;48;172;65;48;2;246;238;139m▀[38;2;74;197;41;48;2;229;204;147m▀[38;2;48;172;65;48;2;74;197;41m▀[38;2;74;197;41;48;2;74;197;41m▀[38;2;74;197;41;48;2;74;197;41m▀[38;2;23;89;65;48;2;74;197;41m▀[38;2;82;98;74;48;2;23;89;65m▀[38;2;82;98;74;48;2;246;238;139m▀[38;2;246;238;139;48;2;246;238;139m▀[38;2;246;238;139;48;2;246;238;139m▀[38;2;246;238;139;48;2;246;238;139m▀[38;2;246;238;139;48;2;246;238;139m▀[38;2;246;238;139;48;2;246;238;139m▀[38;2;82;98;74;48;2;246;238;139m▀[38;2;82;98;74;48;2;246;238;139m▀[38;2;246;238;139;48;2;246;238;139m▀[38;2;105;213;48;48;2;105;213;48m▀[38;2;105;213;48;48;2;105;213;48m▀[38;2;105;213;48;48;2;246;238;139m▀[38;2;0;0;0;48;2;0;0;0m▀[0m
[38;2;0;0;0;48;2;0;0;0m▀[38;2;23;89;65;48;2;0;0;0m▀[38;2;229;204;147;48;2;229;204;147m▀[38;2;229;204;147;48;2;229;204;147m▀[38;2;74;197;41;48;2;74;197;41m▀[38;2;246;238;139;48;2;74;197;41m▀[38;2;74;197;41;48;2;74;197;41m▀[38;2;74;197;41;48;2;74;197;41m▀[38;2;74;197;41;48;2;74;197;41m▀[38;2;74;197;41;48;2;74;197;41m▀[38;2;74;197;41;48;2;74;197;41m▀[38;2;74;197;41;48;2;74;197;41m▀[38;2;246;238;139;48;2;74;197;41m▀[38;2;74;197;41;48;2;229;204;147m▀[38;2;48;172;65;48;2;229;204;147m▀[38;2;229;204;147;48;2;48;172;65m▀[38;2;229;204;147;48;2;48;172;65m▀[38;2;48;172;65;48;2;48;172;65m▀[38;2;48;172;65;48;2;48;172;65m▀[38;2;48;172;65;48;2;48;172;65m▀[38;2;246;238;139;48;2;229;204;147m▀[38;2;48;172;65;48;2;74;197;41m▀[38;2;74;197;41;48;2;48;172;65m▀[38;2;229;204;147;48;2;246;238;139m▀[38;2;74;197;41;48;2;74;197;41m▀[38;2;74;197;41;48;2;74;197;41m▀[38;2;23;89;65;48;2;23;89;65m▀[38;2;48;172;65;48;2;105;213;48m▀[38;2;246;238;139;48;2;246;238;139m▀[38;2;246;238;139;48;2;246;238;139m▀[38;2;246;238;139;48;2;246;238;139m▀[38;2;246;238;139;48;2;246;238;139m▀[38;2;246;238;139;48;2;246;238;139m▀[38;2;246;238;139;48;2;246;238;139m▀[38;2;246;238;139;48;2;246;238;139m▀[38;2;246;238;139;48;2;246;238;139m▀[38;2;246;238;139;48;2;246;238;139m▀[38;2;105;213;48;48;2;105;213;48m▀[38;2;105;213;48;48;2;105;213;48m▀[38;2;229;204;147;48;2;48;172;65m▀[38;2;0;0;0;48;2;0;0;0m▀[0m
[0m [38;2;0;0;0m▀[38;2;0;0;0;48;2;0;0;0m▀[38;2;0;0;0;48;2;0;0;0m▀[38;2;229;204;147;48;2;0;0;0m▀[38;2;48;172;65;48;2;229;204;147m▀[38;2;74;197;41;48;2;229;204;147m▀[38;2;74;197;41;48;2;48;172;65m▀[38;2;74;197;41;48;2;48;172;65m▀[38;2;74;197;41;48;2;48;172;65m▀[38;2;74;197;41;48;2;48;172;65m▀[38;2;48;172;65;48;2;48;172;65m▀[38;2;48;172;65;48;2;48;172;65m▀[38;2;48;172;65;48;2;23;89;65m▀[38;2;48;172;65;48;2;23;89;65m▀[38;2;48;172;65;48;2;0;0;0m▀[38;2;48;172;65;48;2;0;0;0m▀[38;2;48;172;65;48;2;23;89;65m▀[38;2;48;172;65;48;2;48;172;65m▀[38;2;48;172;65;48;2;48;172;65m▀[38;2;48;172;65;48;2;48;172;65m▀[38;2;229;204;147;48;2;48;172;65m▀[38;2;246;238;139;48;2;74;197;41m▀[38;2;74;197;41;48;2;74;197;41m▀[38;2;48;172;65;48;2;74;197;41m▀[38;2;48;172;65;48;2;74;197;41m▀[38;2;105;213;48;48;2;123;131;74m▀[38;2;123;131;74;48;2;229;204;147m▀[38;2;123;131;74;48;2;229;204;147m▀[38;2;246;238;139;48;2;123;131;74m▀[38;2;246;238;139;48;2;246;238;139m▀[38;2;246;238;139;48;2;246;238;139m▀[38;2;246;238;139;48;2;123;131;74m▀[38;2;123;131;74;48;2;229;204;147m▀[38;2;123;131;74;48;2;246;238;139m▀[38;2;246;238;139;48;2;123;131;74m▀[38;2;246;238;139;48;2;246;238;139m▀[38;2;48;172;65;48;2;48;172;65m▀[38;2;48;172;65;48;2;48;172;65m▀[38;2;48;172;65;48;2;48;172;65m▀[38;2;0;0;0;48;2;0;0;0m▀[0m
[0m [0m [0m [38;2;0;0;0m▀[38;2;0;0;0;48;2;0;0;0m▀[38;2;229;204;147;48;2;23;89;65m▀[38;2;229;204;147;48;2;0;0;0m▀[38;2;48;172;65;48;2;229;204;147m▀[38;2;48;172;65;48;2;229;204;147m▀[38;2;48;172;65;48;2;229;204;147m▀[38;2;48;172;65;48;2;229;204;147m▀[38;2;48;172;65;48;2;23;89;65m▀[38;2;48;172;65;48;2;0;0;0m▀[38;2;23;89;65;48;2;0;0;0m▀[38;2;23;89;65;48;2;0;0;0m▀[38;2;0;0;0;48;2;0;0;0m▀[38;2;0;0;0;48;2;0;0;0m▀[38;2;23;89;65;48;2;0;0;0m▀[38;2;48;172;65;48;2;0;0;0m▀[38;2;48;172;65;48;2;0;0;0m▀[38;2;48;172;65;48;2;229;204;147m▀[38;2;48;172;65;48;2;48;172;65m▀[38;2;74;197;41;48;2;74;197;41m▀[38;2;74;197;41;48;2;74;197;41m▀[38;2;74;197;41;48;2;74;197;41m▀[38;2;74;197;41;48;2;74;197;41m▀[38;2;123;131;74;48;2;82;98;74m▀[38;2;229;204;147;48;2;229;204;147m▀[38;2;229;204;147;48;2;229;204;147m▀[38;2;123;131;74;48;2;82;98;74m▀[38;2;246;238;139;48;2;246;238;139m▀[38;2;246;238;139;48;2;246;238;139m▀[38;2;123;131;74;48;2;82;98;74m▀[38;2;229;204;147;48;2;229;204;147m▀[38;2;246;238;139;48;2;229;204;147m▀[38;2;123;131;74;48;2;82;98;74m▀[38;2;246;238;139;48;2;229;204;147m▀[38;2;48;172;65;48;2;48;172;65m▀[38;2;48;172;65;48;2;48;172;65m▀[38;2;48;172;65;48;2;0;0;0m▀[38;2;0;0;0;48;2;0;0;0m▀[0m
[0m [0m [0m [0m [0m [38;2;0;0;0m▀[38;2;0;0;0m▀[38;2;0;0;0;48;2;0;0;0m▀[38;2;0;0;0;48;2;0;0;0m▀[38;2;0;0;0;48;2;0;0;0m▀[38;2;0;0;0;48;2;0;0;0m▀[38;2;0;0;0m▀[38;2;0;0;0m▀[0m [0m [0m [0m [0m [38;2;0;0;0m▀[38;2;0;0;0m▀[38;2;0;0;0;48;2;0;0;0m▀[38;2;229;204;147;48;2;0;0;0m▀[38;2;74;197;41;48;2;229;204;147m▀[38;2;74;197;41;48;2;229;204;147m▀[38;2;105;213;48;48;2;229;204;147m▀[38;2;105;213;48;48;2;229;204;147m▀[38;2;229;204;147;48;2;229;204;147m▀[38;2;82;98;74;48;2;229;204;147m▀[38;2;82;98;74;48;2;246;238;139m▀[38;2;246;238;139;48;2;246;238;139m▀[38;2;246;238;139;48;2;246;238;139m▀[38;2;246;238;139;48;2;246;238;139m▀[38;2;246;238;139;48;2;246;238;139m▀[38;2;82;98;74;48;2;229;204;147m▀[38;2;82;98;74;48;2;229;204;147m▀[38;2;229;204;147;48;2;229;204;147m▀[38;2;229;204;147;48;2;48;172;65m▀[38;2;48;172;65;48;2;48;172;65m▀[38;2;48;172;65;48;2;48;172;65m▀[38;2;0;0;0;48;2;0;0;0m▀[38;2;0;0;0;48;2;0;0;0m▀[0m
[0m [0m [0m [0m [0m [0m [0m [0m [0m [0m [0m [0m [0m [0m [0m [0m [0m [0m [0m [0m [0m [38;2;0;0;0;48;2;0;0;0m▀[38;2;23;89;65;48;2;0;0;0m▀[38;2;229;204;147;48;2;229;204;147m▀[38;2;229;204;147;48;2;229;204;147m▀[38;2;229;204;147;48;2;229;204;147m▀[38;2;229;204;147;48;2;229;204;147m▀[38;2;229;204;147;48;2;229;204;147m▀[38;2;229;204;147;48;2;229;204;147m▀[38;2;229;204;147;48;2;229;204;147m▀[38;2;229;204;147;48;2;229;204;147m▀[38;2;229;204;147;48;2;229;204;147m▀[38;2;229;204;147;48;2;229;204;147m▀[38;2;229;204;147;48;2;229;204;147m▀[38;2;229;204;147;48;2;229;204;147m▀[38;2;229;204;147;48;2;229;204;147m▀[38;2;48;172;65;48;2;48;172;65m▀[38;2;0;0;0;48;2;23;89;65m▀[38;2;0;0;0;48;2;23;89;65m▀[38;2;0;0;0;48;2;0;0;0m▀[0m [0m
[0m [0m [0m [0m [0m [0m [0m [0m [0m [0m [0m [0m [0m [0m [0m [0m [0m [0m [0m [0m [0m [0m [38;2;0;0;0;48;2;0;0;0m▀[38;2;0;0;0;48;2;0;0;0m▀[38;2;229;204;147;48;2;229;204;147m▀[38;2;229;204;147;48;2;229;204;147m▀[38;2;229;204;147;48;2;229;204;147m▀[38;2;229;204;147;48;2;229;204;147m▀[38;2;229;204;147;48;2;229;204;147m▀[38;2;229;204;147;48;2;229;204;147m▀[38;2;229;204;147;48;2;229;204;147m▀[38;2;229;204;147;48;2;229;204;147m▀[38;2;229;204;147;48;2;229;204;147m▀[38;2;229;204;147;48;2;229;204;147m▀[38;2;229;204;147;48;2;229;204;147m▀[38;2;48;172;65;48;2;48;172;65m▀[38;2;0;0;0;48;2;0;0;0m▀[38;2;0;0;0;48;2;0;0;0m▀[38;2;0;0;0m▀[0m [0m [0m
[0m [0m [0m [0m [0m [0m [0m [0m [0m [0m [0m [0m [0m [0m [0m [0m [0m [0m [0m [0m [0m [0m [0m [38;2;0;0;0m▀[38;2;23;89;65;48;2;0;0;0m▀[38;2;23;89;65;48;2;0;0;0m▀[38;2;0;0;0;48;2;0;0;0m▀[38;2;229;204;147;48;2;23;89;65m▀[38;2;229;204;147;48;2;0;0;0m▀[38;2;229;204;147;48;2;0;0;0m▀[38;2;229;204;147;48;2;0;0;0m▀[38;2;229;204;147;48;2;0;0;0m▀[38;2;229;204;147;48;2;0;0;0m▀[38;2;229;204;147;48;2;0;0;0m▀[38;2;0;0;0;48;2;0;0;0m▀[38;2;0;0;0;48;2;0;0;0m▀[38;2;0;0;0m▀[0m [0m [0m [0m [0m
