[0m [0m [0m [0m [0m [0m [0m [0m [0m [0m [0m [0m [0m [0m [0m [0m [0m [0m [0m [0m [0m [0m [0m [0m [38;2;0;0;0;48;2;0;0;0m▀[38;2;164;16;32;48;2;164;16;32m▀[38;2;164;16;32;48;2;255;205;197m▀[38;2;164;16;32;48;2;255;205;197m▀[38;2;0;0;0;48;2;0;0;0m▀[38;2;0;0;0m▄[0m [0m [0m [0m [0m [0m [0m [0m [0m [0m [0m [0m [0m
[0m [0m [0m [0m [0m [0m [0m [0m [0m [0m [0m [0m [0m [0m [0m [0m [0m [0m [0m [0m [0m [0m [0m [38;2;0;0;0;48;2;0;0;0m▀[38;2;164;16;32;48;2;164;16;32m▀[38;2;255;205;197;48;2;255;205;197m▀[38;2;0;0;0;48;2;0;0;0m▀[38;2;0;0;0;48;2;0;0;0m▀[38;2;255;172;164;48;2;255;172;164m▀[38;2;0;0;0;48;2;0;0;0m▀[38;2;0;0;0;48;2;0;0;0m▀[0m [0m [0m [0m [0m [0m [0m [0m [0m [0m [0m [0m
[0m [0m [0m [0m [0m [0m [0m [0m [0m [38;2;0;0;0m▄[38;2;0;0;0;48;2;230;115;131m▀[38;2;0;0;0;48;2;230;115;131m▀[38;2;0;0;0;48;2;230;115;131m▀[38;2;0;0;0m▄[38;2;0;0;0m▄[38;2;0;0;0m▄[38;2;0;0;0m▄[38;2;0;0;0m▄[38;2;0;0;0m▄[38;2;0;0;0;48;2;230;115;131m▀[38;2;0;0;0;48;2;230;115;131m▀[38;2;0;0;0;48;2;230;115;131m▀[38;2;0;0;0;48;2;164;16;32m▀[38;2;0;0;0;48;2;0;0;0m▀[38;2;164;16;32;48;2;255;205;197m▀[38;2;255;205;197;48;2;0;0;0m▀[38;2;0;0;0;48;2;0;0;0m▀[38;2;0;0;0;48;2;0;0;0m▀[38;2;0;0;0;48;2;0;0;0m▀[38;2;255;172;164;48;2;255;172;164m▀[38;2;0;0;0;48;2;0;0;0m▀[38;2;0;0;0;48;2;0;0;0m▀[0m [0m [0m [0m [0m [0m [0m [0m [0m [0m [0m
[0m [0m [0m [0m [0m [0m [0m [0m [0m [38;2;0;0;0;48;2;0;0;0m▀[38;2;0;0;0;48;2;0;0;0m▀[38;2;255;205;197;48;2;255;205;197m▀[38;2;255;205;197;48;2;0;0;0m▀[38;2;0;0;0;48;2;230;115;131m▀[38;2;230;115;131;48;2;255;205;197m▀[38;2;230;115;131;48;2;255;205;197m▀[38;2;230;115;131;48;2;255;205;197m▀[38;2;230;115;131;48;2;255;172;164m▀[38;2;0;0;0;48;2;230;115;131m▀[38;2;255;172;164;48;2;255;172;164m▀[38;2;255;172;164;48;2;255;172;164m▀[38;2;255;172;164;48;2;255;172;164m▀[38;2;255;172;164;48;2;255;172;164m▀[38;2;164;16;32;48;2;255;172;164m▀[38;2;255;205;197;48;2;230;115;131m▀[38;2;0;0;0;48;2;230;115;131m▀[38;2;0;0;0;48;2;230;115;131m▀[38;2;0;0;0;48;2;230;115;131m▀[38;2;0;0;0;48;2;0;0;0m▀[38;2;0;0;0;48;2;0;0;0m▀[38;2;230;115;131;48;2;230;115;131m▀[38;2;164;16;32;48;2;0;0;0m▀[38;2;0;0;0;48;2;0;0;0m▀[0m [0m [0m [0m [0m [0m [0m [0m [0m [0m
[0m [0m [0m [0m [0m [0m [0m [0m [0m [0m [38;2;0;0;0;48;2;0;0;0m▀[38;2;0;0;0;48;2;0;0;0m▀[38;2;230;115;131;48;2;230;115;131m▀[38;2;255;205;197;48;2;255;205;197m▀[38;2;255;205;197;48;2;255;205;197m▀[38;2;255;205;197;48;2;255;205;197m▀[38;2;255;205;197;48;2;255;205;197m▀[38;2;255;172;164;48;2;255;172;164m▀[38;2;255;172;164;48;2;255;172;164m▀[38;2;255;172;164;48;2;255;172;164m▀[38;2;255;172;164;48;2;255;172;164m▀[38;2;255;172;164;48;2;255;172;164m▀[38;2;255;172;164;48;2;255;172;164m▀[38;2;255;172;164;48;2;255;172;164m▀[38;2;255;172;164;48;2;255;172;164m▀[38;2;230;115;131;48;2;230;115;131m▀[38;2;230;115;131;48;2;230;115;131m▀[38;2;230;115;131;48;2;230;115;131m▀[38;2;230;115;131;48;2;230;115;131m▀[38;2;0;0;0;48;2;0;0;0m▀[38;2;230;115;131;48;2;230;115;131m▀[38;2;0;0;0;48;2;0;0;0m▀[38;2;0;0;0;48;2;0;0;0m▀[0m [0m [0m [0m [0m [0m [0m [0m [0m [0m
[0m [0m [0m [0m [0m [0m [0m [0m [0m [0m [38;2;0;0;0m▀[38;2;0;0;0;48;2;0;0;0m▀[38;2;230;115;131;48;2;230;115;131m▀[38;2;255;205;197;48;2;255;172;164m▀[38;2;255;205;197;48;2;255;172;164m▀[38;2;255;205;197;48;2;255;172;164m▀[38;2;255;172;164;48;2;255;172;164m▀[38;2;255;172;164;48;2;0;0;0m▀[38;2;0;0;0;48;2;230;115;131m▀[38;2;255;172;164;48;2;0;0;0m▀[38;2;255;172;164;48;2;255;172;164m▀[38;2;255;172;164;48;2;255;172;164m▀[38;2;230;115;131;48;2;16;74;139m▀[38;2;16;74;139;48;2;255;255;255m▀[38;2;16;74;139;48;2;16;74;139m▀[38;2;230;115;131;48;2;16;74;139m▀[38;2;230;115;131;48;2;230;115;131m▀[38;2;230;115;131;48;2;230;115;131m▀[38;2;230;115;131;48;2;230;115;131m▀[38;2;230;115;131;48;2;230;115;131m▀[38;2;230;115;131;48;2;230;115;131m▀[38;2;164;16;32;48;2;230;115;131m▀[38;2;0;0;0;48;2;164;16;32m▀[38;2;0;0;0;48;2;164;16;32m▀[38;2;0;0;0m▄[0m [0m [0m [0m [0m [0m [0m [0m
[0m [0m [0m [0m [0m [0m [0m [0m [0m [0m [0m [38;2;0;0;0m▀[38;2;0;0;0;48;2;0;0;0m▀[38;2;230;115;131;48;2;0;0;0m▀[38;2;255;172;164;48;2;0;0;0m▀[38;2;255;172;164;48;2;0;0;0m▀[38;2;255;172;164;48;2;230;115;131m▀[38;2;255;172;164;48;2;230;115;131m▀[38;2;230;115;131;48;2;0;0;0m▀[38;2;0;0;0;48;2;255;172;164m▀[38;2;255;172;164;48;2;255;172;164m▀[38;2;255;172;164;48;2;255;172;164m▀[38;2;16;74;139;48;2;255;172;164m▀[38;2;255;255;255;48;2;24;115;197m▀[38;2;16;74;139;48;2;24;115;197m▀[38;2;16;74;139;48;2;24;115;197m▀[38;2;16;74;139;48;2;16;74;139m▀[38;2;16;74;139;48;2;16;74;139m▀[38;2;230;115;131;48;2;230;115;131m▀[38;2;230;115;131;48;2;230;115;131m▀[38;2;230;115;131;48;2;230;115;131m▀[38;2;230;115;131;48;2;230;115;131m▀[38;2;0;0;0;48;2;0;0;0m▀[38;2;0;0;0;48;2;0;0;0m▀[38;2;0;0;0;48;2;0;0;0m▀[0m [0m [0m [0m [0m [0m [0m [0m
[0m [0m [0m [0m [0m [0m [0m [0m [0m [0m [0m [0m [0m [38;2;0;0;0;48;2;0;0;0m▀[38;2;16;74;139;48;2;16;74;139m▀[38;2;16;74;139;48;2;16;74;139m▀[38;2;0;0;0;48;2;0;0;0m▀[38;2;0;0;0;48;2;0;0;0m▀[38;2;255;172;164;48;2;255;172;164m▀[38;2;90;90;90;48;2;90;90;90m▀[38;2;90;90;90;48;2;90;90;90m▀[38;2;90;90;90;48;2;90;90;90m▀[38;2;90;90;90;48;2;90;90;90m▀[38;2;0;0;0;48;2;0;0;0m▀[38;2;16;180;238;48;2;16;180;238m▀[38;2;16;180;238;48;2;16;180;238m▀[38;2;16;74;139;48;2;16;74;139m▀[38;2;16;74;139;48;2;16;74;139m▀[38;2;230;115;131;48;2;230;115;131m▀[38;2;230;115;131;48;2;230;115;131m▀[38;2;230;115;131;48;2;230;115;131m▀[38;2;230;115;131;48;2;230;115;131m▀[38;2;0;0;0;48;2;0;0;0m▀[38;2;0;0;0;48;2;0;0;0m▀[38;2;0;0;0;48;2;0;0;0m▀[0m [0m [0m [0m [0m [0m [0m [0m
[0m [0m [0m [0m [0m [0m [0m [0m [0m [0m [0m [0m [0m [38;2;0;0;0m▀[38;2;16;74;139;48;2;0;0;0m▀[38;2;16;74;139;48;2;0;0;0m▀[38;2;16;74;139;48;2;0;0;0m▀[38;2;255;172;164;48;2;90;90;90m▀[38;2;90;90;90;48;2;255;255;255m▀[38;2;255;255;255;48;2;255;255;255m▀[38;2;255;255;255;48;2;255;255;255m▀[38;2;255;255;255;48;2;255;255;255m▀[38;2;255;255;255;48;2;255;255;255m▀[38;2;255;255;255;48;2;255;255;255m▀[38;2;0;0;0;48;2;255;255;255m▀[38;2;255;172;164;48;2;90;90;90m▀[38;2;230;115;131;48;2;230;115;131m▀[38;2;230;115;131;48;2;230;115;131m▀[38;2;230;115;131;48;2;230;115;131m▀[38;2;230;115;131;48;2;230;115;131m▀[38;2;230;115;131;48;2;230;115;131m▀[38;2;230;115;131;48;2;230;115;131m▀[38;2;230;115;131;48;2;230;115;131m▀[38;2;230;115;131;48;2;230;115;131m▀[38;2;164;16;32;48;2;0;0;0m▀[38;2;0;0;0;48;2;0;0;0m▀[0m [0m [0m [0m [0m [0m [0m
[0m [0m [0m [0m [0m [0m [0m [0m [0m [0m [0m [0m [0m [0m [0m [38;2;0;0;0;48;2;0;0;0m▀[38;2;90;90;90;48;2;90;90;90m▀[38;2;255;255;255;48;2;255;255;255m▀[38;2;255;255;255;48;2;255;255;255m▀[38;2;255;255;255;48;2;255;255;255m▀[38;2;255;255;255;48;2;255;255;255m▀[38;2;255;255;255;48;2;255;255;255m▀[38;2;255;255;255;48;2;255;255;255m▀[38;2;255;255;255;48;2;222;213;222m▀[38;2;222;213;222;48;2;222;213;222m▀[38;2;0;0;0;48;2;0;0;0m▀[38;2;230;115;131;48;2;230;115;131m▀[38;2;230;115;131;48;2;230;115;131m▀[38;2;230;115;131;48;2;230;115;131m▀[38;2;230;115;131;48;2;230;115;131m▀[38;2;230;115;131;48;2;230;115;131m▀[38;2;230;115;131;48;2;230;115;131m▀[38;2;230;115;131;48;2;230;115;131m▀[38;2;230;115;131;48;2;230;115;131m▀[38;2;230;115;131;48;2;230;115;131m▀[38;2;0;0;0;48;2;230;115;131m▀[38;2;0;0;0;48;2;0;0;0m▀[38;2;0;0;0m▄[0m [0m [0m [0m [0m
[0m [0m [0m [0m [0m [0m [0m [0m [0m [0m [0m [0m [0m [0m [0m [38;2;0;0;0;48;2;0;0;0m▀[38;2;90;90;90;48;2;90;90;90m▀[38;2;255;255;255;48;2;255;255;255m▀[38;2;255;255;255;48;2;255;255;255m▀[38;2;255;255;255;48;2;255;255;255m▀[38;2;255;255;255;48;2;255;255;255m▀[38;2;255;255;255;48;2;255;255;255m▀[38;2;222;213;222;48;2;222;213;222m▀[38;2;222;213;222;48;2;222;213;222m▀[38;2;0;0;0;48;2;0;0;0m▀[38;2;230;115;131;48;2;230;115;131m▀[38;2;230;115;131;48;2;230;115;131m▀[38;2;230;115;131;48;2;230;115;131m▀[38;2;230;115;131;48;2;230;115;131m▀[38;2;230;115;131;48;2;230;115;131m▀[38;2;230;115;131;48;2;230;115;131m▀[38;2;230;115;131;48;2;230;115;131m▀[38;2;230;115;131;48;2;230;115;131m▀[38;2;230;115;131;48;2;230;115;131m▀[38;2;230;115;131;48;2;230;115;131m▀[38;2;230;115;131;48;2;230;115;131m▀[38;2;230;115;131;48;2;230;115;131m▀[38;2;164;16;32;48;2;164;16;32m▀[38;2;0;0;0;48;2;0;0;0m▀[0m [0m [0m [0m
[0m [0m [0m [0m [0m [0m [0m [0m [0m [0m [0m [0m [0m [0m [0m [0m [38;2;0;0;0m▀[38;2;90;90;90;48;2;0;0;0m▀[38;2;222;213;222;48;2;90;90;90m▀[38;2;222;213;222;48;2;0;0;0m▀[38;2;222;213;222;48;2;0;0;0m▀[38;2;222;213;222;48;2;0;0;0m▀[38;2;222;213;222;48;2;0;0;0m▀[38;2;0;0;0;48;2;0;0;0m▀[38;2;230;115;131;48;2;0;0;0m▀[38;2;230;115;131;48;2;230;115;131m▀[38;2;230;115;131;48;2;222;213;222m▀[38;2;230;115;131;48;2;222;213;222m▀[38;2;222;213;222;48;2;222;213;222m▀[38;2;222;213;222;48;2;222;213;222m▀[38;2;222;213;222;48;2;222;213;222m▀[38;2;230;115;131;48;2;255;255;255m▀[38;2;230;115;131;48;2;255;255;255m▀[38;2;230;115;131;48;2;255;255;255m▀[38;2;230;115;131;48;2;230;115;131m▀[38;2;230;115;131;48;2;230;115;131m▀[38;2;230;115;131;48;2;230;115;131m▀[38;2;0;0;0;48;2;230;115;131m▀[38;2;0;0;0;48;2;164;16;32m▀[38;2;0;0;0;48;2;164;16;32m▀[38;2;0;0;0m▄[0m [0m
[0m [0m [38;2;0;0;0m▄[38;2;0;0;0m▄[38;2;0;0;0;48;2;230;115;131m▀[38;2;0;0;0;48;2;164;16;32m▀[38;2;0;0;0m▄[0m [0m [0m [0m [0m [0m [0m [0m [0m [0m [0m [38;2;0;0;0m▀[38;2;0;0;0m▀[38;2;0;0;0m▀[38;2;0;0;0m▀[38;2;0;0;0m▀[38;2;0;0;0m▀[38;2;0;0;0m▀[38;2;0;0;0;48;2;0;0;0m▀[38;2;222;213;222;48;2;0;0;0m▀[38;2;222;213;222;48;2;0;0;0m▀[38;2;222;213;222;48;2;222;213;222m▀[38;2;222;213;222;48;2;222;213;222m▀[38;2;222;213;222;48;2;255;255;255m▀[38;2;255;255;255;48;2;255;255;255m▀[38;2;255;255;255;48;2;255;255;255m▀[38;2;255;255;255;48;2;255;255;255m▀[38;2;222;213;222;48;2;255;255;255m▀[38;2;230;115;131;48;2;222;213;222m▀[38;2;230;115;131;48;2;230;115;131m▀[38;2;230;115;131;48;2;230;115;131m▀[38;2;0;0;0;48;2;230;115;131m▀[38;2;0;0;0;48;2;230;115;131m▀[38;2;0;0;0;48;2;164;16;32m▀[38;2;0;0;0m▄[0m
[38;2;0;0;0m▄[38;2;0;0;0;48;2;164;16;32m▀[38;2;230;115;131;48;2;255;205;197m▀[38;2;230;115;131;48;2;255;205;197m▀[38;2;255;205;197;48;2;230;115;131m▀[38;2;164;16;32;48;2;0;0;0m▀[38;2;0;0;0m▀[0m [0m [0m [0m [0m [0m [0m [0m [0m [0m [0m [0m [0m [0m [0m [0m [0m [0m [38;2;0;0;0m▀[38;2;0;0;0;48;2;0;0;0m▀[38;2;0;0;0;48;2;0;0;0m▀[38;2;156;148;139;48;2;164;16;32m▀[38;2;255;255;255;48;2;255;255;255m▀[38;2;255;255;255;48;2;255;255;255m▀[38;2;255;255;255;48;2;255;255;255m▀[38;2;255;255;255;48;2;255;255;255m▀[38;2;255;255;255;48;2;255;255;255m▀[38;2;255;255;255;48;2;255;255;255m▀[38;2;255;255;255;48;2;255;255;255m▀[38;2;230;115;131;48;2;222;213;222m▀[38;2;230;115;131;48;2;230;115;131m▀[38;2;230;115;131;48;2;230;115;131m▀[38;2;230;115;131;48;2;230;115;131m▀[38;2;0;0;0;48;2;0;0;0m▀[38;2;0;0;0;48;2;0;0;0m▀[0m
[38;2;0;0;0;48;2;0;0;0m▀[38;2;164;16;32;48;2;164;16;32m▀[38;2;255;205;197;48;2;255;205;197m▀[38;2;255;205;197;48;2;255;205;197m▀[38;2;230;115;131;48;2;164;16;32m▀[38;2;0;0;0;48;2;0;0;0m▀[0m [0m [0m [0m [0m [0m [0m [0m [38;2;0;0;0m▄[38;2;0;0;0m▄[38;2;0;0;0m▄[38;2;0;0;0m▄[38;2;0;0;0m▄[38;2;0;0;0m▄[38;2;0;0;0m▄[38;2;0;0;0m▄[38;2;0;0;0m▄[0m [0m [0m [0m [38;2;0;0;0;48;2;0;0;0m▀[38;2;164;16;32;48;2;0;0;0m▀[38;2;255;255;255;48;2;255;255;255m▀[38;2;255;255;255;48;2;255;255;255m▀[38;2;255;255;255;48;2;255;255;255m▀[38;2;255;255;255;48;2;255;255;255m▀[38;2;255;255;255;48;2;255;255;255m▀[38;2;255;255;255;48;2;255;255;255m▀[38;2;255;255;255;48;2;255;255;255m▀[38;2;222;213;222;48;2;255;255;255m▀[38;2;230;115;131;48;2;230;115;131m▀[38;2;230;115;131;48;2;230;115;131m▀[38;2;230;115;131;48;2;230;115;131m▀[38;2;0;0;0;48;2;164;16;32m▀[38;2;0;0;0;48;2;0;0;0m▀[0m
[38;2;164;16;32;48;2;164;16;32m▀[38;2;222;213;222;48;2;255;255;255m▀[38;2;255;205;197;48;2;255;205;197m▀[38;2;255;205;197;48;2;255;205;197m▀[38;2;164;16;32;48;2;255;205;197m▀[38;2;0;0;0;48;2;164;16;32m▀[38;2;0;0;0m▄[38;2;0;0;0m▄[0m [0m [0m [38;2;0;0;0m▄[38;2;0;0;0m▄[38;2;0;0;0;48;2;164;16;32m▀[38;2;164;16;32;48;2;230;115;131m▀[38;2;164;16;32;48;2;230;115;131m▀[38;2;0;0;0;48;2;230;115;131m▀[38;2;0;0;0;48;2;230;115;131m▀[38;2;0;0;0;48;2;230;115;131m▀[38;2;0;0;0;48;2;230;115;131m▀[38;2;0;0;0;48;2;230;115;131m▀[38;2;0;0;0;48;2;230;115;131m▀[38;2;164;16;32;48;2;255;172;164m▀[38;2;0;0;0;48;2;230;115;131m▀[38;2;0;0;0;48;2;164;16;32m▀[38;2;0;0;0;48;2;164;16;32m▀[38;2;0;0;0m▄[38;2;0;0;0;48;2;0;0;0m▀[38;2;0;0;0;48;2;164;16;32m▀[38;2;255;255;255;48;2;255;255;255m▀[38;2;255;255;255;48;2;255;255;255m▀[38;2;255;255;255;48;2;255;255;255m▀[38;2;255;255;255;48;2;255;255;255m▀[38;2;255;255;255;48;2;255;255;255m▀[38;2;255;255;255;48;2;255;255;255m▀[38;2;255;255;255;48;2;255;255;255m▀[38;2;255;255;255;48;2;255;255;255m▀[38;2;230;115;131;48;2;222;213;222m▀[38;2;230;115;131;48;2;230;115;131m▀[38;2;230;115;131;48;2;230;115;131m▀[38;2;230;115;131;48;2;230;115;131m▀[38;2;164;16;32;48;2;164;16;32m▀[0m
[38;2;164;16;32;48;2;164;16;32m▀[38;2;255;255;255;48;2;222;213;222m▀[38;2;255;205;197;48;2;255;205;197m▀[38;2;255;205;197;48;2;255;205;197m▀[38;2;255;205;197;48;2;255;205;197m▀[38;2;255;172;164;48;2;255;172;164m▀[38;2;164;16;32;48;2;255;172;164m▀[38;2;164;16;32;48;2;230;115;131m▀[38;2;0;0;0;48;2;164;16;32m▀[38;2;0;0;0;48;2;164;16;32m▀[38;2;0;0;0;48;2;164;16;32m▀[38;2;164;16;32;48;2;255;172;164m▀[38;2;164;16;32;48;2;255;172;164m▀[38;2;255;172;164;48;2;255;172;164m▀[38;2;255;172;164;48;2;255;172;164m▀[38;2;255;172;164;48;2;255;172;164m▀[38;2;230;115;131;48;2;230;115;131m▀[38;2;230;115;131;48;2;230;115;131m▀[38;2;230;115;131;48;2;230;115;131m▀[38;2;230;115;131;48;2;230;115;131m▀[38;2;255;172;164;48;2;230;115;131m▀[38;2;255;172;164;48;2;230;115;131m▀[38;2;230;115;131;48;2;255;172;164m▀[38;2;255;172;164;48;2;230;115;131m▀[38;2;230;115;131;48;2;255;172;164m▀[38;2;255;172;164;48;2;255;172;164m▀[38;2;164;16;32;48;2;255;172;164m▀[38;2;164;16;32;48;2;255;172;164m▀[38;2;164;16;32;48;2;164;16;32m▀[38;2;255;255;255;48;2;255;255;255m▀[38;2;255;255;255;48;2;255;255;255m▀[38;2;255;255;255;48;2;255;255;255m▀[38;2;255;255;255;48;2;255;255;255m▀[38;2;255;255;255;48;2;255;255;255m▀[38;2;255;255;255;48;2;255;255;255m▀[38;2;255;255;255;48;2;255;255;255m▀[38;2;255;255;255;48;2;255;255;255m▀[38;2;255;255;255;48;2;255;255;255m▀[38;2;230;115;131;48;2;230;115;131m▀[38;2;230;115;131;48;2;230;115;131m▀[38;2;230;115;131;48;2;230;115;131m▀[38;2;0;0;0;48;2;0;0;0m▀[0m
[38;2;164;16;32;48;2;0;0;0m▀[38;2;222;213;222;48;2;164;16;32m▀[38;2;255;205;197;48;2;222;213;222m▀[38;2;255;205;197;48;2;222;213;222m▀[38;2;255;205;197;48;2;255;172;164m▀[38;2;255;172;164;48;2;255;172;164m▀[38;2;255;172;164;48;2;255;172;164m▀[38;2;230;115;131;48;2;255;172;164m▀[38;2;164;16;32;48;2;255;172;164m▀[38;2;164;16;32;48;2;255;172;164m▀[38;2;164;16;32;48;2;255;172;164m▀[38;2;255;172;164;48;2;255;172;164m▀[38;2;255;172;164;48;2;255;172;164m▀[38;2;255;172;164;48;2;255;172;164m▀[38;2;255;172;164;48;2;230;115;131m▀[38;2;255;172;164;48;2;230;115;131m▀[38;2;230;115;131;48;2;230;115;131m▀[38;2;230;115;131;48;2;230;115;131m▀[38;2;230;115;131;48;2;230;115;131m▀[38;2;230;115;131;48;2;230;115;131m▀[38;2;230;115;131;48;2;255;172;164m▀[38;2;230;115;131;48;2;255;172;164m▀[38;2;255;172;164;48;2;230;115;131m▀[38;2;230;115;131;48;2;255;172;164m▀[38;2;255;172;164;48;2;230;115;131m▀[38;2;255;172;164;48;2;255;172;164m▀[38;2;255;172;164;48;2;164;16;32m▀[38;2;255;172;164;48;2;164;16;32m▀[38;2;164;16;32;48;2;230;115;131m▀[38;2;255;255;255;48;2;255;255;255m▀[38;2;255;255;255;48;2;255;255;255m▀[38;2;255;255;255;48;2;255;255;255m▀[38;2;255;255;255;48;2;255;255;255m▀[38;2;255;255;255;48;2;255;255;255m▀[38;2;255;255;255;48;2;255;255;255m▀[38;2;255;255;255;48;2;255;255;255m▀[38;2;255;255;255;48;2;255;255;255m▀[38;2;255;255;255;48;2;255;255;255m▀[38;2;230;115;131;48;2;230;115;131m▀[38;2;230;115;131;48;2;230;115;131m▀[38;2;230;115;131;48;2;230;115;131m▀[38;2;0;0;0;48;2;0;0;0m▀[0m
[38;2;0;0;0m▀[38;2;0;0;0;48;2;0;0;0m▀[38;2;222;213;222;48;2;0;0;0m▀[38;2;222;213;222;48;2;0;0;0m▀[38;2;255;172;164;48;2;222;213;222m▀[38;2;255;172;164;48;2;230;115;131m▀[38;2;255;172;164;48;2;255;172;164m▀[38;2;255;172;164;48;2;255;172;164m▀[38;2;255;172;164;48;2;255;172;164m▀[38;2;255;172;164;48;2;255;172;164m▀[38;2;255;172;164;48;2;255;172;164m▀[38;2;255;172;164;48;2;230;115;131m▀[38;2;255;172;164;48;2;230;115;131m▀[38;2;230;115;131;48;2;230;115;131m▀[38;2;230;115;131;48;2;230;115;131m▀[38;2;230;115;131;48;2;230;115;131m▀[38;2;230;115;131;48;2;230;115;131m▀[38;2;230;115;131;48;2;230;115;131m▀[38;2;230;115;131;48;2;230;115;131m▀[38;2;230;115;131;48;2;230;115;131m▀[38;2;230;115;131;48;2;230;115;131m▀[38;2;230;115;131;48;2;230;115;131m▀[38;2;255;172;164;48;2;230;115;131m▀[38;2;230;115;131;48;2;255;172;164m▀[38;2;255;172;164;48;2;255;172;164m▀[38;2;255;172;164;48;2;230;115;131m▀[38;2;164;16;32;48;2;230;115;131m▀[38;2;164;16;32;48;2;230;115;131m▀[38;2;230;115;131;48;2;230;115;131m▀[38;2;255;255;255;48;2;255;255;255m▀[38;2;255;255;255;48;2;255;255;255m▀[38;2;255;255;255;48;2;255;255;255m▀[38;2;255;255;255;48;2;255;255;255m▀[38;2;255;255;255;48;2;255;255;255m▀[38;2;255;255;255;48;2;255;255;255m▀[38;2;255;255;255;48;2;255;255;255m▀[38;2;255;255;255;48;2;255;255;255m▀[38;2;255;255;255;48;2;255;255;255m▀[38;2;230;115;131;48;2;230;115;131m▀[38;2;230;115;131;48;2;230;115;131m▀[38;2;230;115;131;48;2;230;115;131m▀[38;2;0;0;0;48;2;0;0;0m▀[0m
[0m [0m [38;2;0;0;0m▀[38;2;0;0;0m▀[38;2;0;0;0;48;2;0;0;0m▀[38;2;156;148;139;48;2;164;16;32m▀[38;2;156;148;139;48;2;0;0;0m▀[38;2;230;115;131;48;2;156;148;139m▀[38;2;230;115;131;48;2;156;148;139m▀[38;2;230;115;131;48;2;156;148;139m▀[38;2;230;115;131;48;2;156;148;139m▀[38;2;230;115;131;48;2;164;16;32m▀[38;2;230;115;131;48;2;0;0;0m▀[38;2;164;16;32;48;2;0;0;0m▀[38;2;164;16;32;48;2;0;0;0m▀[38;2;164;16;32;48;2;0;0;0m▀[38;2;0;0;0;48;2;0;0;0m▀[38;2;164;16;32;48;2;0;0;0m▀[38;2;230;115;131;48;2;0;0;0m▀[38;2;230;115;131;48;2;0;0;0m▀[38;2;230;115;131;48;2;222;213;222m▀[38;2;230;115;131;48;2;222;213;222m▀[38;2;230;115;131;48;2;230;115;131m▀[38;2;255;172;164;48;2;255;172;164m▀[38;2;255;172;164;48;2;255;172;164m▀[38;2;255;172;164;48;2;255;172;164m▀[38;2;230;115;131;48;2;230;115;131m▀[38;2;230;115;131;48;2;230;115;131m▀[38;2;222;213;222;48;2;255;255;255m▀[38;2;255;255;255;48;2;255;255;255m▀[38;2;255;255;255;48;2;255;255;255m▀[38;2;255;255;255;48;2;255;255;255m▀[38;2;255;255;255;48;2;255;255;255m▀[38;2;255;255;255;48;2;255;255;255m▀[38;2;255;255;255;48;2;255;255;255m▀[38;2;255;255;255;48;2;255;255;255m▀[38;2;255;255;255;48;2;255;255;255m▀[38;2;255;255;255;48;2;222;213;222m▀[38;2;230;115;131;48;2;230;115;131m▀[38;2;230;115;131;48;2;230;115;131m▀[38;2;230;115;131;48;2;0;0;0m▀[38;2;0;0;0;48;2;0;0;0m▀[0m
[0m [0m [0m [0m [38;2;0;0;0m▀[38;2;164;16;32;48;2;0;0;0m▀[38;2;0;0;0;48;2;0;0;0m▀[38;2;156;148;139;48;2;0;0;0m▀[38;2;156;148;139;48;2;0;0;0m▀[38;2;156;148;139;48;2;0;0;0m▀[38;2;156;148;139;48;2;0;0;0m▀[38;2;164;16;32;48;2;0;0;0m▀[38;2;0;0;0;48;2;0;0;0m▀[38;2;0;0;0m▀[0m [0m [0m [38;2;0;0;0m▀[38;2;0;0;0;48;2;0;0;0m▀[38;2;0;0;0;48;2;0;0;0m▀[38;2;222;213;222;48;2;0;0;0m▀[38;2;222;213;222;48;2;0;0;0m▀[38;2;230;115;131;48;2;222;213;222m▀[38;2;255;172;164;48;2;255;172;164m▀[38;2;255;172;164;48;2;255;172;164m▀[38;2;255;172;164;48;2;230;115;131m▀[38;2;230;115;131;48;2;222;213;222m▀[38;2;230;115;131;48;2;222;213;222m▀[38;2;255;255;255;48;2;255;255;255m▀[38;2;255;255;255;48;2;255;255;255m▀[38;2;255;255;255;48;2;255;255;255m▀[38;2;255;255;255;48;2;255;255;255m▀[38;2;255;255;255;48;2;255;255;255m▀[38;2;255;255;255;48;2;255;255;255m▀[38;2;255;255;255;48;2;255;255;255m▀[38;2;255;255;255;48;2;255;255;255m▀[38;2;255;255;255;48;2;222;213;222m▀[38;2;222;213;222;48;2;222;213;222m▀[38;2;230;115;131;48;2;230;115;131m▀[38;2;230;115;131;48;2;230;115;131m▀[38;2;0;0;0;48;2;0;0;0m▀[38;2;0;0;0;48;2;0;0;0m▀[0m
[0m [0m [0m [0m [0m [0m [0m [38;2;0;0;0m▀[38;2;0;0;0m▀[38;2;0;0;0m▀[38;2;0;0;0m▀[0m [0m [0m [0m [0m [0m [0m [0m [0m [38;2;0;0;0m▀[38;2;0;0;0m▀[38;2;0;0;0;48;2;0;0;0m▀[38;2;222;213;222;48;2;164;16;32m▀[38;2;222;213;222;48;2;222;213;222m▀[38;2;222;213;222;48;2;222;213;222m▀[38;2;222;213;222;48;2;222;213;222m▀[38;2;222;213;222;48;2;222;213;222m▀[38;2;222;213;222;48;2;222;213;222m▀[38;2;255;255;255;48;2;222;213;222m▀[38;2;255;255;255;48;2;222;213;222m▀[38;2;255;255;255;48;2;222;213;222m▀[38;2;255;255;255;48;2;222;213;222m▀[38;2;255;255;255;48;2;222;213;222m▀[38;2;222;213;222;48;2;222;213;222m▀[38;2;222;213;222;48;2;222;213;222m▀[38;2;222;213;222;48;2;222;213;222m▀[38;2;230;115;131;48;2;230;115;131m▀[38;2;230;115;131;48;2;0;0;0m▀[38;2;230;115;131;48;2;0;0;0m▀[38;2;0;0;0;48;2;0;0;0m▀[38;2;0;0;0m▀[0m
[0m [0m [0m [0m [0m [0m [0m [0m [0m [0m [0m [0m [0m [0m [0m [0m [0m [0m [0m [0m [0m [0m [38;2;0;0;0m▀[38;2;0;0;0;48;2;0;0;0m▀[38;2;222;213;222;48;2;0;0;0m▀[38;2;222;213;222;48;2;222;213;222m▀[38;2;222;213;222;48;2;222;213;222m▀[38;2;222;213;222;48;2;222;213;222m▀[38;2;222;213;222;48;2;222;213;222m▀[38;2;222;213;222;48;2;222;213;222m▀[38;2;222;213;222;48;2;222;213;222m▀[38;2;222;213;222;48;2;222;213;222m▀[38;2;222;213;222;48;2;222;213;222m▀[38;2;222;213;222;48;2;222;213;222m▀[38;2;222;213;222;48;2;222;213;222m▀[38;2;222;213;222;48;2;222;213;222m▀[38;2;222;213;222;48;2;230;115;131m▀[38;2;230;115;131;48;2;0;0;0m▀[38;2;164;16;32;48;2;0;0;0m▀[38;2;164;16;32;48;2;0;0;0m▀[38;2;0;0;0m▀[0m [0m
[0m [0m [0m [0m [0m [0m [0m [0m [0m [0m [0m [0m [0m [0m [0m [0m [0m [0m [0m [0m [0m [0m [0m [38;2;0;0;0m▀[38;2;0;0;0;48;2;0;0;0m▀[38;2;222;213;222;48;2;164;16;32m▀[38;2;222;213;222;48;2;0;0;0m▀[38;2;222;213;222;48;2;0;0;0m▀[38;2;222;213;222;48;2;222;213;222m▀[38;2;222;213;222;48;2;222;213;222m▀[38;2;222;213;222;48;2;222;213;222m▀[38;2;222;213;222;48;2;222;213;222m▀[38;2;222;213;222;48;2;222;213;222m▀[38;2;222;213;222;48;2;222;213;222m▀[38;2;222;213;222;48;2;222;213;222m▀[38;2;222;213;222;48;2;0;0;0m▀[38;2;230;115;131;48;2;0;0;0m▀[38;2;0;0;0;48;2;0;0;0m▀[38;2;0;0;0m▀[0m [0m [0m [0m
