[0m [0m [0m [0m [0m [0m [0m [0m [0m [0m [0m [0m [0m [0m [0m [0m [0m [0m [0m [0m [0m [0m [0m [0m [0m [0m [0m [0m [0m [0m [0m [0m [0m [0m [38;2;0;0;0m▄[38;2;0;0;0;48;2;0;0;38m▀[38;2;0;0;38;48;2;79;75;108m▀[38;2;0;0;38;48;2;79;75;108m▀[38;2;0;0;38;48;2;79;75;108m▀[38;2;0;0;38;48;2;79;75;108m▀[38;2;0;0;38;48;2;79;75;108m▀[38;2;0;0;38;48;2;61;58;83m▀[38;2;0;0;0;48;2;0;0;38m▀[38;2;0;0;0m▄[0m [0m [38;2;0;0;0m▀[38;2;0;0;38;48;2;0;0;0m▀[38;2;0;0;0;48;2;0;0;38m▀[38;2;0;0;0m▄[0m [0m [0m [0m [0m [0m [0m [0m [0m [0m [0m [0m [0m [0m [0m [0m [0m
[0m [0m [0m [0m [0m [0m [0m [0m [0m [0m [0m [0m [0m [0m [0m [0m [0m [0m [0m [0m [0m [0m [0m [0m [0m [0m [0m [0m [0m [0m [0m [0m [0m [0m [38;2;0;0;0;48;2;0;0;0m▀[38;2;0;0;38;48;2;0;0;38m▀[38;2;79;75;108;48;2;79;75;108m▀[38;2;79;75;108;48;2;79;75;108m▀[38;2;79;75;108;48;2;79;75;108m▀[38;2;79;75;108;48;2;79;75;108m▀[38;2;61;58;83;48;2;61;58;83m▀[38;2;61;58;83;48;2;61;58;83m▀[38;2;61;58;83;48;2;61;58;83m▀[38;2;0;0;38;48;2;0;0;38m▀[38;2;0;0;0;48;2;0;0;0m▀[38;2;0;0;0m▄[38;2;0;0;0;48;2;0;0;0m▀[38;2;0;0;38;48;2;0;0;38m▀[38;2;28;26;67;48;2;28;26;67m▀[38;2;0;0;0;48;2;0;0;0m▀[38;2;0;0;0;48;2;0;0;0m▀[0m [0m [0m [0m [0m [0m [0m [0m [0m [0m [0m [0m [0m [0m [0m [0m
[0m [0m [0m [0m [0m [0m [0m [0m [0m [0m [0m [0m [0m [0m [38;2;0;0;0m▄[38;2;0;0;0m▄[0m [0m [0m [0m [0m [0m [0m [0m [0m [0m [0m [0m [0m [0m [0m [0m [0m [38;2;0;0;0;48;2;0;0;0m▀[38;2;0;0;38;48;2;0;0;38m▀[38;2;79;75;108;48;2;79;75;108m▀[38;2;79;75;108;48;2;61;58;83m▀[38;2;61;58;83;48;2;61;58;83m▀[38;2;61;58;83;48;2;28;26;67m▀[38;2;61;58;83;48;2;28;26;67m▀[38;2;28;26;67;48;2;28;26;67m▀[38;2;28;26;67;48;2;28;26;67m▀[38;2;61;58;83;48;2;28;26;67m▀[38;2;0;0;38;48;2;28;26;67m▀[38;2;0;0;38;48;2;61;58;83m▀[38;2;0;0;38;48;2;61;58;83m▀[38;2;0;0;38;48;2;61;58;83m▀[38;2;61;58;83;48;2;61;58;83m▀[38;2;28;26;67;48;2;28;26;67m▀[38;2;0;0;0;48;2;0;0;0m▀[38;2;0;0;0;48;2;0;0;0m▀[0m [0m [0m [0m [0m [0m [0m [0m [0m [0m [0m [0m [0m [0m [0m [0m
[0m [0m [0m [0m [0m [0m [0m [0m [0m [0m [0m [0m [0m [38;2;0;0;0m▀[38;2;168;118;81;48;2;0;0;0m▀[38;2;168;118;81;48;2;0;0;0m▀[38;2;0;0;0;48;2;168;118;81m▀[38;2;0;0;0;48;2;168;118;81m▀[38;2;0;0;0m▄[0m [0m [0m [0m [0m [0m [0m [0m [0m [0m [38;2;0;0;0m▄[38;2;0;0;0;48;2;75;27;36m▀[38;2;0;0;0;48;2;75;27;36m▀[38;2;0;0;0;48;2;75;27;36m▀[38;2;0;0;0;48;2;75;27;36m▀[38;2;0;0;38;48;2;75;27;36m▀[38;2;61;58;83;48;2;75;27;36m▀[38;2;61;58;83;48;2;75;27;36m▀[38;2;61;58;83;48;2;75;27;36m▀[38;2;28;26;67;48;2;75;27;36m▀[38;2;28;26;67;48;2;75;27;36m▀[38;2;28;26;67;48;2;75;27;36m▀[38;2;28;26;67;48;2;0;0;0m▀[38;2;28;26;67;48;2;28;26;67m▀[38;2;28;26;67;48;2;28;26;67m▀[38;2;28;26;67;48;2;0;0;0m▀[38;2;28;26;67;48;2;0;0;0m▀[38;2;28;26;67;48;2;0;0;0m▀[38;2;28;26;67;48;2;0;0;0m▀[38;2;0;0;0;48;2;0;0;0m▀[38;2;0;0;0m▀[0m [0m [0m [0m [0m [0m [0m [0m [38;2;0;0;0m▄[38;2;0;0;0m▄[38;2;0;0;0;48;2;75;27;36m▀[38;2;0;0;0m▄[0m [0m [0m [0m [0m
[0m [0m [0m [0m [0m [0m [0m [0m [38;2;0;0;0m▄[38;2;0;0;0m▄[38;2;0;0;0m▄[38;2;0;0;0m▄[38;2;0;0;0m▄[38;2;0;0;0;48;2;0;0;0m▀[38;2;0;0;0;48;2;0;0;0m▀[38;2;0;0;0;48;2;0;0;0m▀[38;2;0;0;0;48;2;0;0;0m▀[38;2;168;118;81;48;2;168;118;81m▀[38;2;168;118;81;48;2;168;118;81m▀[38;2;0;0;0;48;2;0;0;0m▀[38;2;0;0;0m▄[38;2;0;0;0m▄[38;2;0;0;0m▄[38;2;0;0;0m▄[38;2;0;0;0m▄[38;2;0;0;0m▄[38;2;0;0;0m▄[38;2;0;0;0m▄[38;2;0;0;0;48;2;0;0;0m▀[38;2;75;27;36;48;2;75;27;36m▀[38;2;194;153;105;48;2;194;153;105m▀[38;2;194;153;105;48;2;194;153;105m▀[38;2;194;153;105;48;2;194;153;105m▀[38;2;194;153;105;48;2;194;153;105m▀[38;2;168;118;81;48;2;168;118;81m▀[38;2;168;118;81;48;2;168;118;81m▀[38;2;168;118;81;48;2;168;118;81m▀[38;2;168;118;81;48;2;168;118;81m▀[38;2;168;118;81;48;2;168;118;81m▀[38;2;168;118;81;48;2;168;118;81m▀[38;2;168;118;81;48;2;168;118;81m▀[38;2;168;118;81;48;2;168;118;81m▀[38;2;0;0;0;48;2;0;0;0m▀[38;2;0;0;0;48;2;0;0;0m▀[38;2;0;0;0;48;2;0;0;0m▀[38;2;0;0;0;48;2;0;0;0m▀[38;2;0;0;0;48;2;0;0;0m▀[38;2;0;0;0;48;2;0;0;0m▀[38;2;0;0;0m▄[0m [0m [0m [0m [0m [0m [38;2;0;0;0m▄[38;2;0;0;0m▄[38;2;0;0;0;48;2;0;0;0m▀[38;2;168;118;81;48;2;168;118;81m▀[38;2;75;27;36;48;2;75;27;36m▀[38;2;0;0;0;48;2;0;0;0m▀[0m [0m [0m [0m [0m [0m
[0m [0m [0m [0m [0m [0m [38;2;0;0;0m▄[38;2;0;0;0;48;2;43;142;96m▀[38;2;43;142;96;48;2;43;142;96m▀[38;2;43;142;96;48;2;43;142;96m▀[38;2;43;142;96;48;2;43;142;96m▀[38;2;43;142;96;48;2;0;83;67m▀[38;2;0;83;67;48;2;0;0;0m▀[38;2;0;0;0;48;2;0;0;0m▀[38;2;0;0;0m▀[38;2;0;0;0m▀[38;2;0;0;0m▀[38;2;0;0;0m▀[38;2;0;0;0;48;2;0;0;0m▀[38;2;168;118;81;48;2;122;123;181m▀[38;2;168;118;81;48;2;122;123;181m▀[38;2;168;118;81;48;2;122;123;181m▀[38;2;168;118;81;48;2;122;123;181m▀[38;2;168;118;81;48;2;122;123;181m▀[38;2;168;118;81;48;2;122;123;181m▀[38;2;135;86;65;48;2;122;123;181m▀[38;2;135;86;65;48;2;122;123;181m▀[38;2;135;86;65;48;2;122;123;181m▀[38;2;0;0;0;48;2;122;123;181m▀[38;2;75;27;36;48;2;75;27;36m▀[38;2;194;153;105;48;2;168;118;81m▀[38;2;194;153;105;48;2;194;153;105m▀[38;2;168;118;81;48;2;168;118;81m▀[38;2;168;118;81;48;2;168;118;81m▀[38;2;168;118;81;48;2;168;118;81m▀[38;2;168;118;81;48;2;75;27;36m▀[38;2;75;27;36;48;2;28;26;67m▀[38;2;75;27;36;48;2;28;26;67m▀[38;2;168;118;81;48;2;75;27;36m▀[38;2;168;118;81;48;2;75;27;36m▀[38;2;168;118;81;48;2;168;118;81m▀[38;2;168;118;81;48;2;168;118;81m▀[38;2;168;118;81;48;2;168;118;81m▀[38;2;168;118;81;48;2;168;118;81m▀[38;2;75;27;36;48;2;135;86;65m▀[38;2;75;27;36;48;2;135;86;65m▀[38;2;75;27;36;48;2;135;86;65m▀[38;2;75;27;36;48;2;135;86;65m▀[38;2;75;27;36;48;2;135;86;65m▀[38;2;0;0;0;48;2;0;0;0m▀[38;2;0;0;0;48;2;135;86;65m▀[38;2;0;0;0;48;2;135;86;65m▀[38;2;0;0;0;48;2;135;86;65m▀[38;2;0;0;0;48;2;135;86;65m▀[38;2;0;0;0;48;2;135;86;65m▀[38;2;168;118;81;48;2;0;0;0m▀[38;2;168;118;81;48;2;0;0;0m▀[38;2;168;118;81;48;2;0;0;0m▀[38;2;75;27;36;48;2;0;0;0m▀[38;2;0;0;0;48;2;43;142;96m▀[38;2;0;0;0;48;2;43;142;96m▀[38;2;0;0;0;48;2;43;142;96m▀[38;2;0;0;0m▄[38;2;0;0;0m▄[38;2;0;0;0m▄[0m [0m
[0m [0m [0m [0m [0m [0m [38;2;0;0;0m▀[38;2;0;83;67;48;2;0;0;0m▀[38;2;0;83;67;48;2;0;0;0m▀[38;2;0;83;67;48;2;0;0;0m▀[38;2;0;83;67;48;2;0;0;0m▀[38;2;0;0;0m▀[0m [0m [0m [0m [0m [38;2;0;0;0m▀[38;2;122;123;181;48;2;0;0;0m▀[38;2;227;226;235;48;2;122;123;181m▀[38;2;227;226;235;48;2;122;123;181m▀[38;2;227;226;235;48;2;122;123;181m▀[38;2;227;226;235;48;2;122;123;181m▀[38;2;227;226;235;48;2;215;214;226m▀[38;2;227;226;235;48;2;215;214;226m▀[38;2;227;226;235;48;2;215;214;226m▀[38;2;215;214;226;48;2;215;214;226m▀[38;2;215;214;226;48;2;215;214;226m▀[38;2;215;214;226;48;2;122;123;181m▀[38;2;122;123;181;48;2;227;226;235m▀[38;2;122;123;181;48;2;227;226;235m▀[38;2;122;123;181;48;2;215;214;226m▀[38;2;122;123;181;48;2;215;214;226m▀[38;2;122;123;181;48;2;215;214;226m▀[38;2;168;118;81;48;2;122;123;181m▀[38;2;75;27;36;48;2;75;27;36m▀[38;2;222;146;181;48;2;222;146;181m▀[38;2;255;255;255;48;2;222;146;181m▀[38;2;28;26;67;48;2;28;26;67m▀[38;2;28;26;67;48;2;28;26;67m▀[38;2;0;0;0;48;2;0;0;0m▀[38;2;168;118;81;48;2;168;118;81m▀[38;2;168;118;81;48;2;168;118;81m▀[38;2;168;118;81;48;2;0;0;0m▀[38;2;0;0;0;48;2;182;182;210m▀[38;2;0;0;0;48;2;182;182;210m▀[38;2;0;0;0;48;2;182;182;210m▀[38;2;0;0;0;48;2;182;182;210m▀[38;2;0;0;0;48;2;182;182;210m▀[38;2;0;0;0;48;2;182;182;210m▀[38;2;0;0;0;48;2;182;182;210m▀[38;2;0;0;0;48;2;182;182;210m▀[38;2;0;0;0;48;2;182;182;210m▀[38;2;0;0;0;48;2;182;182;210m▀[38;2;0;0;0;48;2;0;0;0m▀[38;2;0;0;0;48;2;0;0;0m▀[38;2;0;0;0;48;2;0;0;0m▀[38;2;0;0;0;48;2;0;0;0m▀[38;2;0;0;0m▀[38;2;0;0;0;48;2;0;0;0m▀[38;2;43;142;96;48;2;0;83;67m▀[38;2;43;142;96;48;2;0;83;67m▀[38;2;43;142;96;48;2;43;142;96m▀[38;2;43;142;96;48;2;43;142;96m▀[38;2;43;142;96;48;2;43;142;96m▀[38;2;0;0;0;48;2;43;142;96m▀[0m
[0m [0m [0m [0m [0m [0m [0m [0m [0m [0m [0m [0m [0m [0m [0m [0m [0m [0m [0m [38;2;0;0;0m▀[38;2;0;0;0m▀[38;2;0;0;0m▀[38;2;0;0;0;48;2;0;0;0m▀[38;2;122;123;181;48;2;122;123;181m▀[38;2;122;123;181;48;2;122;123;181m▀[38;2;215;214;226;48;2;215;214;226m▀[38;2;227;226;235;48;2;227;226;235m▀[38;2;227;226;235;48;2;227;226;235m▀[38;2;122;123;181;48;2;122;123;181m▀[38;2;227;226;235;48;2;227;226;235m▀[38;2;227;226;235;48;2;227;226;235m▀[38;2;215;214;226;48;2;215;214;226m▀[38;2;215;214;226;48;2;215;214;226m▀[38;2;215;214;226;48;2;215;214;226m▀[38;2;182;182;210;48;2;182;182;210m▀[38;2;0;0;0;48;2;0;0;0m▀[38;2;255;178;197;48;2;255;178;197m▀[38;2;255;201;214;48;2;255;201;214m▀[38;2;61;58;83;48;2;61;58;83m▀[38;2;61;58;83;48;2;61;58;83m▀[38;2;0;0;0;48;2;0;0;0m▀[38;2;168;118;81;48;2;168;118;81m▀[38;2;168;118;81;48;2;168;118;81m▀[38;2;0;0;0;48;2;0;0;0m▀[38;2;182;182;210;48;2;182;182;210m▀[38;2;182;182;210;48;2;182;182;210m▀[38;2;182;182;210;48;2;182;182;210m▀[38;2;182;182;210;48;2;182;182;210m▀[38;2;182;182;210;48;2;182;182;210m▀[38;2;182;182;210;48;2;182;182;210m▀[38;2;182;182;210;48;2;182;182;210m▀[38;2;182;182;210;48;2;182;182;210m▀[38;2;215;214;226;48;2;215;214;226m▀[38;2;215;214;226;48;2;215;214;226m▀[38;2;215;214;226;48;2;215;214;226m▀[38;2;122;123;181;48;2;122;123;181m▀[38;2;122;123;181;48;2;122;123;181m▀[38;2;122;123;181;48;2;122;123;181m▀[38;2;0;0;0;48;2;0;0;0m▀[0m [38;2;0;0;0m▀[38;2;0;0;0;48;2;0;0;0m▀[38;2;0;83;67;48;2;0;83;67m▀[38;2;0;83;67;48;2;0;83;67m▀[38;2;43;142;96;48;2;43;142;96m▀[38;2;43;142;96;48;2;43;142;96m▀[0m
[0m [0m [0m [0m [0m [0m [0m [0m [0m [0m [0m [0m [0m [0m [0m [0m [0m [0m [0m [0m [0m [0m [38;2;0;0;0m▄[38;2;0;0;0;48;2;122;123;181m▀[38;2;122;123;181;48;2;227;226;235m▀[38;2;227;226;235;48;2;182;182;210m▀[38;2;182;182;210;48;2;182;182;210m▀[38;2;182;182;210;48;2;182;182;210m▀[38;2;122;123;181;48;2;122;123;181m▀[38;2;215;214;226;48;2;215;214;226m▀[38;2;215;214;226;48;2;215;214;226m▀[38;2;0;0;0;48;2;99;34;34m▀[38;2;0;0;0;48;2;99;34;34m▀[38;2;0;0;0;48;2;99;34;34m▀[38;2;182;182;210;48;2;182;182;210m▀[38;2;182;182;210;48;2;182;182;210m▀[38;2;0;0;0;48;2;0;0;0m▀[38;2;61;58;83;48;2;0;0;0m▀[38;2;61;58;83;48;2;0;0;0m▀[38;2;61;58;83;48;2;0;0;0m▀[38;2;0;0;0;48;2;168;118;81m▀[38;2;168;118;81;48;2;168;118;81m▀[38;2;135;86;65;48;2;135;86;65m▀[38;2;0;0;0;48;2;122;123;181m▀[38;2;182;182;210;48;2;182;182;210m▀[38;2;182;182;210;48;2;182;182;210m▀[38;2;182;182;210;48;2;215;214;226m▀[38;2;215;214;226;48;2;122;123;181m▀[38;2;215;214;226;48;2;227;226;235m▀[38;2;215;214;226;48;2;215;214;226m▀[38;2;215;214;226;48;2;122;123;181m▀[38;2;215;214;226;48;2;122;123;181m▀[38;2;215;214;226;48;2;215;214;226m▀[38;2;227;226;235;48;2;215;214;226m▀[38;2;227;226;235;48;2;215;214;226m▀[38;2;227;226;235;48;2;227;226;235m▀[38;2;227;226;235;48;2;122;123;181m▀[38;2;227;226;235;48;2;122;123;181m▀[38;2;122;123;181;48;2;122;123;181m▀[38;2;0;0;0;48;2;122;123;181m▀[38;2;0;0;0m▄[0m [38;2;0;0;0m▀[38;2;0;0;0m▀[38;2;0;83;67;48;2;0;0;0m▀[38;2;43;142;96;48;2;0;83;67m▀[0m
[0m [0m [0m [0m [0m [0m [0m [0m [0m [0m [0m [0m [0m [0m [0m [0m [0m [0m [0m [0m [0m [0m [0m [38;2;0;0;0m▀[38;2;122;123;181;48;2;0;0;0m▀[38;2;122;123;181;48;2;0;0;0m▀[38;2;0;0;0;48;2;0;0;0m▀[38;2;0;0;0;48;2;0;0;0m▀[38;2;182;182;210;48;2;0;0;0m▀[38;2;122;123;181;48;2;182;182;210m▀[38;2;215;214;226;48;2;122;123;181m▀[38;2;99;34;34;48;2;122;123;181m▀[38;2;255;178;197;48;2;0;0;0m▀[38;2;255;178;197;48;2;0;0;0m▀[38;2;182;182;210;48;2;0;0;0m▀[38;2;182;182;210;48;2;0;0;0m▀[38;2;0;0;0;48;2;28;26;67m▀[38;2;168;118;81;48;2;75;27;36m▀[38;2;168;118;81;48;2;168;118;81m▀[38;2;168;118;81;48;2;168;118;81m▀[38;2;168;118;81;48;2;168;118;81m▀[38;2;135;86;65;48;2;135;86;65m▀[38;2;135;86;65;48;2;135;86;65m▀[38;2;122;123;181;48;2;122;123;181m▀[38;2;215;214;226;48;2;215;214;226m▀[38;2;215;214;226;48;2;215;214;226m▀[38;2;215;214;226;48;2;122;123;181m▀[38;2;122;123;181;48;2;0;0;0m▀[38;2;215;214;226;48;2;122;123;181m▀[38;2;227;226;235;48;2;215;214;226m▀[38;2;215;214;226;48;2;227;226;235m▀[38;2;215;214;226;48;2;227;226;235m▀[38;2;122;123;181;48;2;122;123;181m▀[38;2;122;123;181;48;2;0;0;0m▀[38;2;122;123;181;48;2;0;0;0m▀[38;2;122;123;181;48;2;0;0;0m▀[38;2;0;0;0m▀[38;2;0;0;0m▀[38;2;0;0;0m▀[38;2;0;0;0m▀[0m [0m [0m [0m [0m [38;2;0;0;0m▀[0m
[0m [0m [0m [0m [0m [0m [0m [0m [0m [0m [0m [0m [0m [0m [0m [0m [0m [0m [0m [0m [0m [0m [0m [0m [0m [0m [0m [0m [38;2;0;0;0;48;2;0;0;0m▀[38;2;0;0;0;48;2;0;0;0m▀[38;2;0;0;0;48;2;0;0;0m▀[38;2;0;0;0m▀[38;2;0;0;0m▀[38;2;0;0;0;48;2;0;0;0m▀[38;2;0;0;0;48;2;0;0;0m▀[38;2;28;26;67;48;2;28;26;67m▀[38;2;28;26;67;48;2;28;26;67m▀[38;2;75;27;36;48;2;75;27;36m▀[38;2;168;118;81;48;2;168;118;81m▀[38;2;168;118;81;48;2;168;118;81m▀[38;2;135;86;65;48;2;135;86;65m▀[38;2;135;86;65;48;2;135;86;65m▀[38;2;135;86;65;48;2;135;86;65m▀[38;2;135;86;65;48;2;135;86;65m▀[38;2;122;123;181;48;2;122;123;181m▀[38;2;122;123;181;48;2;122;123;181m▀[38;2;122;123;181;48;2;122;123;181m▀[38;2;0;0;0;48;2;0;0;0m▀[38;2;0;0;0;48;2;0;0;0m▀[38;2;122;123;181;48;2;122;123;181m▀[38;2;122;123;181;48;2;122;123;181m▀[38;2;122;123;181;48;2;122;123;181m▀[38;2;122;123;181;48;2;122;123;181m▀[38;2;0;0;0;48;2;0;0;0m▀[0m [0m [0m [0m [0m [0m [0m [0m [0m [0m [0m [0m [0m
[0m [0m [0m [0m [38;2;0;0;0m▄[38;2;0;0;0m▄[38;2;0;0;0;48;2;0;0;38m▀[38;2;0;0;0;48;2;0;0;38m▀[38;2;0;0;0;48;2;0;0;38m▀[38;2;0;0;0;48;2;0;0;38m▀[38;2;0;0;0;48;2;0;0;38m▀[38;2;0;0;0m▄[38;2;0;0;0m▄[0m [0m [0m [0m [0m [0m [0m [0m [0m [0m [0m [0m [0m [0m [0m [0m [38;2;0;0;0m▀[0m [0m [0m [38;2;0;0;0;48;2;0;0;0m▀[38;2;0;0;38;48;2;0;0;38m▀[38;2;28;26;67;48;2;28;26;67m▀[38;2;28;26;67;48;2;28;26;67m▀[38;2;28;26;67;48;2;28;26;67m▀[38;2;75;27;36;48;2;28;26;67m▀[38;2;75;27;36;48;2;28;26;67m▀[38;2;75;27;36;48;2;28;26;67m▀[38;2;75;27;36;48;2;28;26;67m▀[38;2;0;0;0;48;2;28;26;67m▀[38;2;0;0;0;48;2;0;0;0m▀[38;2;0;0;0;48;2;0;0;0m▀[38;2;0;0;0m▀[38;2;0;0;0m▀[0m [0m [38;2;0;0;0m▀[38;2;0;0;0m▀[38;2;0;0;0m▀[38;2;0;0;0m▀[0m [0m [0m [0m [0m [0m [0m [0m [0m [0m [0m [0m [0m [0m
[0m [38;2;0;0;0m▄[38;2;0;0;0;48;2;0;0;38m▀[38;2;0;0;0;48;2;0;0;38m▀[38;2;0;0;38;48;2;61;58;83m▀[38;2;0;0;38;48;2;61;58;83m▀[38;2;61;58;83;48;2;28;26;67m▀[38;2;79;75;108;48;2;28;26;67m▀[38;2;79;75;108;48;2;61;58;83m▀[38;2;79;75;108;48;2;61;58;83m▀[38;2;79;75;108;48;2;61;58;83m▀[38;2;0;0;38;48;2;79;75;108m▀[38;2;0;0;38;48;2;79;75;108m▀[38;2;0;0;0;48;2;0;0;38m▀[38;2;0;0;0;48;2;0;0;38m▀[38;2;0;0;0;48;2;0;0;38m▀[38;2;0;0;0m▄[0m [0m [0m [0m [0m [0m [0m [0m [0m [0m [0m [0m [0m [0m [0m [0m [0m [38;2;0;0;0;48;2;0;0;0m▀[38;2;0;0;38;48;2;0;0;38m▀[38;2;28;26;67;48;2;28;26;67m▀[38;2;28;26;67;48;2;28;26;67m▀[38;2;28;26;67;48;2;182;182;210m▀[38;2;28;26;67;48;2;182;182;210m▀[38;2;182;182;210;48;2;182;182;210m▀[38;2;182;182;210;48;2;182;182;210m▀[38;2;28;26;67;48;2;182;182;210m▀[38;2;0;0;38;48;2;0;0;38m▀[38;2;0;0;0;48;2;0;0;0m▀[0m [0m [0m [0m [0m [0m [0m [0m [0m [0m [0m [0m [0m [0m [0m [0m [0m [0m [0m [0m [0m [0m
[38;2;0;0;0;48;2;0;0;0m▀[38;2;0;0;38;48;2;0;0;38m▀[38;2;61;58;83;48;2;61;58;83m▀[38;2;61;58;83;48;2;61;58;83m▀[38;2;28;26;67;48;2;0;0;0m▀[38;2;0;0;0;48;2;0;0;0m▀[38;2;0;0;0;48;2;0;0;0m▀[38;2;0;0;0;48;2;0;0;0m▀[38;2;0;0;0;48;2;0;0;0m▀[38;2;0;0;0;48;2;0;0;0m▀[38;2;28;26;67;48;2;0;0;0m▀[38;2;61;58;83;48;2;28;26;67m▀[38;2;79;75;108;48;2;61;58;83m▀[38;2;79;75;108;48;2;61;58;83m▀[38;2;79;75;108;48;2;79;75;108m▀[38;2;79;75;108;48;2;79;75;108m▀[38;2;0;0;38;48;2;0;0;38m▀[38;2;0;0;0;48;2;0;0;0m▀[0m [0m [0m [0m [0m [0m [0m [0m [0m [0m [0m [0m [0m [0m [0m [0m [38;2;0;0;0;48;2;0;0;0m▀[38;2;0;0;38;48;2;0;0;38m▀[38;2;28;26;67;48;2;61;58;83m▀[38;2;28;26;67;48;2;61;58;83m▀[38;2;182;182;210;48;2;215;214;226m▀[38;2;182;182;210;48;2;215;214;226m▀[38;2;182;182;210;48;2;182;182;210m▀[38;2;182;182;210;48;2;182;182;210m▀[38;2;182;182;210;48;2;182;182;210m▀[38;2;122;123;181;48;2;122;123;181m▀[38;2;0;0;0;48;2;0;0;0m▀[0m [0m [0m [0m [0m [0m [0m [0m [0m [0m [0m [0m [0m [0m [0m [0m [0m [0m [0m [0m [0m [0m
[38;2;0;0;0;48;2;0;0;38m▀[38;2;0;0;38;48;2;61;58;83m▀[38;2;61;58;83;48;2;0;0;0m▀[38;2;61;58;83;48;2;0;0;0m▀[38;2;0;0;0;48;2;0;0;0m▀[38;2;0;0;0m▀[0m [0m [0m [38;2;0;0;0m▀[38;2;0;0;0;48;2;0;0;0m▀[38;2;28;26;67;48;2;0;0;0m▀[38;2;61;58;83;48;2;28;26;67m▀[38;2;61;58;83;48;2;61;58;83m▀[38;2;79;75;108;48;2;79;75;108m▀[38;2;79;75;108;48;2;79;75;108m▀[38;2;0;0;38;48;2;79;75;108m▀[38;2;0;0;0;48;2;0;0;38m▀[38;2;0;0;0m▄[0m [0m [0m [0m [0m [0m [0m [0m [0m [0m [0m [0m [0m [0m [0m [38;2;0;0;0;48;2;0;0;0m▀[38;2;0;0;38;48;2;0;0;38m▀[38;2;61;58;83;48;2;61;58;83m▀[38;2;61;58;83;48;2;61;58;83m▀[38;2;215;214;226;48;2;215;214;226m▀[38;2;215;214;226;48;2;215;214;226m▀[38;2;182;182;210;48;2;215;214;226m▀[38;2;182;182;210;48;2;182;182;210m▀[38;2;182;182;210;48;2;182;182;210m▀[38;2;122;123;181;48;2;122;123;181m▀[38;2;0;0;0;48;2;0;0;0m▀[0m [0m [0m [0m [0m [0m [0m [0m [0m [0m [0m [0m [0m [0m [0m [0m [0m [0m [0m [0m [0m [0m
[38;2;0;0;38;48;2;0;0;38m▀[38;2;61;58;83;48;2;61;58;83m▀[38;2;0;0;0;48;2;0;0;0m▀[38;2;0;0;0;48;2;0;0;0m▀[38;2;0;0;0;48;2;0;0;0m▀[0m [0m [0m [0m [0m [0m [38;2;0;0;0;48;2;0;0;0m▀[38;2;0;0;0;48;2;0;0;0m▀[38;2;61;58;83;48;2;28;26;67m▀[38;2;61;58;83;48;2;61;58;83m▀[38;2;61;58;83;48;2;61;58;83m▀[38;2;61;58;83;48;2;61;58;83m▀[38;2;0;0;38;48;2;61;58;83m▀[38;2;0;0;0;48;2;0;0;38m▀[38;2;0;0;0m▄[0m [0m [0m [0m [0m [0m [0m [0m [0m [0m [0m [0m [0m [38;2;0;0;0m▄[38;2;0;0;0;48;2;0;0;38m▀[38;2;0;0;38;48;2;79;75;108m▀[38;2;79;75;108;48;2;79;75;108m▀[38;2;61;58;83;48;2;61;58;83m▀[38;2;215;214;226;48;2;215;214;226m▀[38;2;215;214;226;48;2;215;214;226m▀[38;2;215;214;226;48;2;215;214;226m▀[38;2;182;182;210;48;2;182;182;210m▀[38;2;182;182;210;48;2;182;182;210m▀[38;2;122;123;181;48;2;122;123;181m▀[38;2;0;0;0;48;2;0;0;0m▀[0m [0m [0m [0m [0m [0m [0m [0m [0m [0m [0m [0m [0m [0m [0m [0m [0m [0m [0m [0m [0m [0m
[38;2;0;0;38;48;2;0;0;0m▀[38;2;61;58;83;48;2;0;0;38m▀[38;2;0;0;0;48;2;28;26;67m▀[38;2;0;0;0;48;2;28;26;67m▀[38;2;0;0;0;48;2;0;0;0m▀[38;2;0;0;0m▄[0m [0m [0m [0m [0m [0m [38;2;0;0;0;48;2;0;0;0m▀[38;2;0;0;0;48;2;0;0;0m▀[38;2;28;26;67;48;2;28;26;67m▀[38;2;28;26;67;48;2;28;26;67m▀[38;2;61;58;83;48;2;61;58;83m▀[38;2;61;58;83;48;2;61;58;83m▀[38;2;61;58;83;48;2;61;58;83m▀[38;2;0;0;38;48;2;0;0;38m▀[38;2;0;0;0;48;2;0;0;0m▀[0m [0m [0m [0m [0m [0m [0m [0m [0m [0m [0m [0m [38;2;0;0;0;48;2;0;0;0m▀[38;2;0;0;38;48;2;0;0;38m▀[38;2;79;75;108;48;2;79;75;108m▀[38;2;79;75;108;48;2;61;58;83m▀[38;2;61;58;83;48;2;215;214;226m▀[38;2;215;214;226;48;2;215;214;226m▀[38;2;215;214;226;48;2;215;214;226m▀[38;2;215;214;226;48;2;215;214;226m▀[38;2;182;182;210;48;2;182;182;210m▀[38;2;122;123;181;48;2;122;123;181m▀[38;2;0;0;0;48;2;0;0;0m▀[0m [0m [0m [0m [0m [0m [0m [0m [0m [0m [0m [0m [0m [0m [0m [0m [0m [0m [0m [0m [0m [0m [0m
[38;2;0;0;0;48;2;0;0;0m▀[38;2;0;0;38;48;2;0;0;38m▀[38;2;28;26;67;48;2;61;58;83m▀[38;2;28;26;67;48;2;61;58;83m▀[38;2;0;0;0;48;2;0;0;0m▀[38;2;0;0;0;48;2;0;0;0m▀[0m [0m [0m [0m [0m [0m [38;2;0;0;0m▀[38;2;0;0;0;48;2;0;0;0m▀[38;2;28;26;67;48;2;0;0;38m▀[38;2;28;26;67;48;2;0;0;38m▀[38;2;61;58;83;48;2;28;26;67m▀[38;2;61;58;83;48;2;61;58;83m▀[38;2;61;58;83;48;2;61;58;83m▀[38;2;0;0;38;48;2;61;58;83m▀[38;2;0;0;0;48;2;0;0;38m▀[38;2;0;0;0;48;2;0;0;38m▀[38;2;0;0;0m▄[0m [0m [0m [0m [0m [0m [0m [0m [0m [38;2;0;0;0m▄[38;2;0;0;0;48;2;0;0;0m▀[38;2;0;0;38;48;2;0;0;38m▀[38;2;79;75;108;48;2;79;75;108m▀[38;2;61;58;83;48;2;61;58;83m▀[38;2;215;214;226;48;2;215;214;226m▀[38;2;215;214;226;48;2;215;214;226m▀[38;2;215;214;226;48;2;215;214;226m▀[38;2;215;214;226;48;2;215;214;226m▀[38;2;182;182;210;48;2;182;182;210m▀[38;2;122;123;181;48;2;122;123;181m▀[38;2;0;0;0;48;2;0;0;0m▀[0m [0m [0m [0m [0m [0m [0m [0m [0m [0m [0m [0m [0m [0m [0m [0m [0m [0m [0m [0m [0m [0m [0m
[0m [38;2;0;0;0m▀[38;2;0;0;38;48;2;0;0;0m▀[38;2;0;0;38;48;2;0;0;0m▀[38;2;0;0;0;48;2;0;0;0m▀[38;2;0;0;0m▀[0m [0m [0m [0m [0m [0m [0m [38;2;0;0;0m▀[38;2;0;0;38;48;2;0;0;0m▀[38;2;0;0;38;48;2;0;0;0m▀[38;2;28;26;67;48;2;0;0;38m▀[38;2;61;58;83;48;2;28;26;67m▀[38;2;61;58;83;48;2;61;58;83m▀[38;2;61;58;83;48;2;61;58;83m▀[38;2;61;58;83;48;2;61;58;83m▀[38;2;61;58;83;48;2;61;58;83m▀[38;2;0;0;38;48;2;61;58;83m▀[38;2;0;0;0;48;2;0;0;38m▀[38;2;0;0;0m▄[0m [0m [0m [0m [0m [0m [38;2;0;0;0;48;2;0;0;0m▀[38;2;0;0;38;48;2;0;0;38m▀[38;2;0;0;38;48;2;0;0;38m▀[38;2;79;75;108;48;2;79;75;108m▀[38;2;79;75;108;48;2;79;75;108m▀[38;2;61;58;83;48;2;61;58;83m▀[38;2;215;214;226;48;2;215;214;226m▀[38;2;215;214;226;48;2;215;214;226m▀[38;2;215;214;226;48;2;215;214;226m▀[38;2;182;182;210;48;2;182;182;210m▀[38;2;182;182;210;48;2;122;123;181m▀[38;2;122;123;181;48;2;0;0;0m▀[38;2;0;0;0m▀[0m [0m [0m [0m [0m [0m [0m [0m [0m [0m [0m [0m [0m [0m [0m [0m [0m [0m [0m [0m [0m [0m [0m
[0m [0m [0m [0m [0m [0m [0m [0m [0m [0m [0m [0m [0m [0m [0m [38;2;0;0;0m▀[38;2;0;0;38;48;2;0;0;0m▀[38;2;28;26;67;48;2;0;0;38m▀[38;2;61;58;83;48;2;28;26;67m▀[38;2;61;58;83;48;2;61;58;83m▀[38;2;61;58;83;48;2;61;58;83m▀[38;2;61;58;83;48;2;61;58;83m▀[38;2;61;58;83;48;2;61;58;83m▀[38;2;0;0;0;48;2;61;58;83m▀[38;2;0;0;0;48;2;0;0;0m▀[38;2;0;0;0;48;2;0;0;0m▀[38;2;0;0;0m▄[0m [38;2;0;0;0m▄[38;2;0;0;0;48;2;0;0;38m▀[38;2;0;0;0;48;2;0;0;38m▀[38;2;0;0;38;48;2;79;75;108m▀[38;2;79;75;108;48;2;79;75;108m▀[38;2;79;75;108;48;2;79;75;108m▀[38;2;79;75;108;48;2;79;75;108m▀[38;2;61;58;83;48;2;61;58;83m▀[38;2;215;214;226;48;2;215;214;226m▀[38;2;215;214;226;48;2;215;214;226m▀[38;2;182;182;210;48;2;182;182;210m▀[38;2;182;182;210;48;2;182;182;210m▀[38;2;182;182;210;48;2;182;182;210m▀[38;2;122;123;181;48;2;122;123;181m▀[38;2;0;0;0;48;2;0;0;0m▀[0m [0m [0m [0m [0m [0m [0m [0m [0m [0m [0m [0m [0m [0m [0m [0m [0m [0m [0m [0m [0m [0m [0m [0m
[0m [0m [0m [0m [0m [0m [0m [0m [0m [0m [0m [0m [0m [0m [0m [0m [38;2;0;0;0;48;2;0;0;0m▀[38;2;0;0;38;48;2;0;0;38m▀[38;2;28;26;67;48;2;28;26;67m▀[38;2;61;58;83;48;2;61;58;83m▀[38;2;61;58;83;48;2;61;58;83m▀[38;2;61;58;83;48;2;61;58;83m▀[38;2;61;58;83;48;2;61;58;83m▀[38;2;61;58;83;48;2;61;58;83m▀[38;2;0;0;0;48;2;61;58;83m▀[38;2;0;0;0;48;2;61;58;83m▀[38;2;0;0;0;48;2;0;0;0m▀[38;2;0;0;0;48;2;0;0;0m▀[38;2;0;0;0;48;2;0;0;0m▀[38;2;0;0;38;48;2;79;75;108m▀[38;2;0;0;38;48;2;79;75;108m▀[38;2;79;75;108;48;2;79;75;108m▀[38;2;79;75;108;48;2;79;75;108m▀[38;2;79;75;108;48;2;79;75;108m▀[38;2;79;75;108;48;2;61;58;83m▀[38;2;61;58;83;48;2;215;214;226m▀[38;2;215;214;226;48;2;215;214;226m▀[38;2;215;214;226;48;2;182;182;210m▀[38;2;182;182;210;48;2;182;182;210m▀[38;2;182;182;210;48;2;182;182;210m▀[38;2;182;182;210;48;2;122;123;181m▀[38;2;122;123;181;48;2;0;0;0m▀[38;2;0;0;0m▀[0m [0m [0m [0m [0m [0m [0m [0m [0m [0m [0m [0m [0m [0m [0m [0m [0m [0m [0m [0m [0m [0m [0m [0m
[0m [0m [0m [0m [0m [0m [0m [0m [0m [0m [0m [0m [0m [0m [0m [0m [0m [38;2;0;0;0;48;2;0;0;0m▀[38;2;0;0;38;48;2;0;0;38m▀[38;2;28;26;67;48;2;28;26;67m▀[38;2;61;58;83;48;2;61;58;83m▀[38;2;61;58;83;48;2;61;58;83m▀[38;2;61;58;83;48;2;61;58;83m▀[38;2;61;58;83;48;2;61;58;83m▀[38;2;61;58;83;48;2;61;58;83m▀[38;2;61;58;83;48;2;61;58;83m▀[38;2;61;58;83;48;2;61;58;83m▀[38;2;61;58;83;48;2;61;58;83m▀[38;2;61;58;83;48;2;61;58;83m▀[38;2;61;58;83;48;2;61;58;83m▀[38;2;61;58;83;48;2;61;58;83m▀[38;2;61;58;83;48;2;61;58;83m▀[38;2;61;58;83;48;2;61;58;83m▀[38;2;61;58;83;48;2;61;58;83m▀[38;2;61;58;83;48;2;215;214;226m▀[38;2;215;214;226;48;2;182;182;210m▀[38;2;182;182;210;48;2;182;182;210m▀[38;2;182;182;210;48;2;182;182;210m▀[38;2;122;123;181;48;2;122;123;181m▀[38;2;122;123;181;48;2;122;123;181m▀[38;2;0;0;0;48;2;0;0;0m▀[0m [0m [0m [0m [0m [0m [0m [0m [0m [0m [0m [0m [0m [0m [0m [0m [0m [0m [0m [0m [0m [0m [0m [0m [0m [0m
[0m [0m [0m [0m [0m [0m [0m [0m [0m [0m [0m [0m [0m [0m [0m [0m [0m [0m [38;2;0;0;0m▀[38;2;0;0;38;48;2;0;0;0m▀[38;2;28;26;67;48;2;0;0;38m▀[38;2;28;26;67;48;2;0;0;38m▀[38;2;28;26;67;48;2;28;26;67m▀[38;2;61;58;83;48;2;28;26;67m▀[38;2;61;58;83;48;2;28;26;67m▀[38;2;61;58;83;48;2;61;58;83m▀[38;2;61;58;83;48;2;61;58;83m▀[38;2;61;58;83;48;2;61;58;83m▀[38;2;61;58;83;48;2;61;58;83m▀[38;2;61;58;83;48;2;61;58;83m▀[38;2;61;58;83;48;2;28;26;67m▀[38;2;61;58;83;48;2;182;182;210m▀[38;2;215;214;226;48;2;182;182;210m▀[38;2;215;214;226;48;2;182;182;210m▀[38;2;182;182;210;48;2;182;182;210m▀[38;2;182;182;210;48;2;182;182;210m▀[38;2;182;182;210;48;2;0;0;0m▀[38;2;0;0;0;48;2;0;0;0m▀[38;2;0;0;0m▀[38;2;0;0;0m▀[0m [0m [0m [0m [0m [0m [0m [0m [0m [0m [0m [0m [0m [0m [0m [0m [0m [0m [0m [0m [0m [0m [0m [0m [0m [0m [0m
[0m [0m [0m [0m [0m [0m [0m [0m [0m [0m [0m [0m [0m [0m [0m [0m [0m [0m [0m [38;2;0;0;0m▀[38;2;0;0;38;48;2;0;0;0m▀[38;2;0;0;38;48;2;0;0;0m▀[38;2;28;26;67;48;2;0;0;0m▀[38;2;28;26;67;48;2;0;0;0m▀[38;2;28;26;67;48;2;28;26;67m▀[38;2;61;58;83;48;2;28;26;67m▀[38;2;61;58;83;48;2;182;182;210m▀[38;2;61;58;83;48;2;182;182;210m▀[38;2;61;58;83;48;2;182;182;210m▀[38;2;61;58;83;48;2;182;182;210m▀[38;2;28;26;67;48;2;182;182;210m▀[38;2;182;182;210;48;2;182;182;210m▀[38;2;182;182;210;48;2;0;0;0m▀[38;2;182;182;210;48;2;0;0;0m▀[38;2;182;182;210;48;2;0;0;0m▀[38;2;182;182;210;48;2;0;0;0m▀[38;2;0;0;0;48;2;0;0;0m▀[38;2;0;0;0m▀[0m [0m [0m [0m [0m [0m [0m [0m [0m [0m [0m [0m [0m [0m [0m [0m [0m [0m [0m [0m [0m [0m [0m [0m [0m [0m [0m [0m [0m
