[0m [0m [0m [0m [0m [0m [38;2;0;0;0m▄[0m [0m [38;2;0;0;0m▄[38;2;0;0;0m▄[38;2;0;0;0;48;2;106;106;82m▀[38;2;106;106;82;48;2;180;180;156m▀[38;2;106;106;82;48;2;65;57;49m▀[38;2;0;0;0;48;2;156;148;131m▀[38;2;0;0;0;48;2;106;106;82m▀[38;2;0;0;0;48;2;106;106;82m▀[38;2;0;0;0m▄[0m [0m [0m [0m [0m [0m [0m [0m [0m [0m [0m [0m [0m [0m [0m [0m [0m [0m [0m [0m [0m
[0m [0m [0m [0m [0m [38;2;0;0;0;48;2;0;0;0m▀[38;2;106;106;82;48;2;106;106;82m▀[38;2;0;0;0;48;2;0;0;0m▀[38;2;0;0;0;48;2;0;0;0m▀[38;2;156;148;131;48;2;156;148;131m▀[38;2;156;148;131;48;2;156;148;131m▀[38;2;180;180;156;48;2;180;180;156m▀[38;2;180;180;156;48;2;180;180;156m▀[38;2;180;180;156;48;2;180;180;156m▀[38;2;180;180;156;48;2;180;180;156m▀[38;2;65;57;49;48;2;65;57;49m▀[38;2;65;57;49;48;2;65;57;49m▀[38;2;0;0;0;48;2;0;0;0m▀[0m [0m [0m [0m [0m [0m [0m [0m [0m [0m [0m [0m [0m [0m [0m [0m [0m [0m [0m [0m [0m
[0m [0m [0m [0m [38;2;0;0;0;48;2;0;0;0m▀[38;2;106;106;82;48;2;106;106;82m▀[38;2;180;180;156;48;2;180;180;156m▀[38;2;106;106;82;48;2;16;16;16m▀[38;2;156;148;131;48;2;180;180;156m▀[38;2;180;180;156;48;2;180;180;156m▀[38;2;180;180;156;48;2;180;180;156m▀[38;2;180;180;156;48;2;180;180;156m▀[38;2;180;180;156;48;2;180;180;156m▀[38;2;180;180;156;48;2;180;180;156m▀[38;2;180;180;156;48;2;180;180;156m▀[38;2;180;180;156;48;2;180;180;156m▀[38;2;180;180;156;48;2;180;180;156m▀[38;2;106;106;82;48;2;180;180;156m▀[38;2;0;0;0;48;2;106;106;82m▀[38;2;0;0;0m▄[0m [0m [0m [0m [0m [0m [0m [0m [0m [0m [0m [0m [0m [0m [0m [0m [0m [0m [0m
[0m [0m [0m [38;2;0;0;0;48;2;0;0;0m▀[38;2;106;106;82;48;2;106;106;82m▀[38;2;197;213;172;48;2;197;213;172m▀[38;2;180;180;156;48;2;16;16;16m▀[38;2;106;106;82;48;2;156;148;131m▀[38;2;156;148;131;48;2;106;106;82m▀[38;2;180;180;156;48;2;106;106;82m▀[38;2;180;180;156;48;2;106;106;82m▀[38;2;106;106;82;48;2;197;213;172m▀[38;2;106;106;82;48;2;180;180;156m▀[38;2;180;180;156;48;2;180;180;156m▀[38;2;180;180;156;48;2;180;180;156m▀[38;2;65;57;49;48;2;180;180;156m▀[38;2;65;57;49;48;2;180;180;156m▀[38;2;156;148;131;48;2;65;57;49m▀[38;2;65;57;49;48;2;156;148;131m▀[38;2;0;0;0;48;2;16;16;16m▀[38;2;0;0;0m▄[0m [0m [0m [0m [0m [0m [0m [0m [0m [0m [0m [0m [0m [0m [0m [0m [0m [0m
[0m [0m [0m [38;2;0;0;0m▀[38;2;106;106;82;48;2;0;0;0m▀[38;2;180;180;156;48;2;106;106;82m▀[38;2;16;16;16;48;2;106;106;82m▀[38;2;65;57;49;48;2;65;57;49m▀[38;2;180;180;156;48;2;180;180;156m▀[38;2;197;213;172;48;2;180;180;156m▀[38;2;197;213;172;48;2;180;180;156m▀[38;2;197;213;172;48;2;156;148;131m▀[38;2;180;180;156;48;2;16;16;16m▀[38;2;180;180;156;48;2;16;16;16m▀[38;2;180;180;156;48;2;16;16;16m▀[38;2;156;148;131;48;2;65;57;49m▀[38;2;156;148;131;48;2;65;57;49m▀[38;2;156;148;131;48;2;156;148;131m▀[38;2;65;57;49;48;2;106;106;82m▀[38;2;106;106;82;48;2;16;16;16m▀[38;2;16;16;16;48;2;0;0;0m▀[38;2;0;0;0m▀[0m [0m [0m [0m [0m [0m [0m [0m [0m [0m [0m [0m [0m [0m [0m [0m [0m
[0m [0m [38;2;0;0;0m▄[38;2;0;0;0m▄[38;2;0;0;0;48;2;106;106;82m▀[38;2;106;106;82;48;2;180;180;156m▀[38;2;106;106;82;48;2;180;180;156m▀[38;2;65;57;49;48;2;106;106;82m▀[38;2;180;180;156;48;2;16;16;16m▀[38;2;180;180;156;48;2;16;16;16m▀[38;2;180;180;156;48;2;16;16;16m▀[38;2;156;148;131;48;2;16;16;16m▀[38;2;16;16;16;48;2;148;156;156m▀[38;2;16;16;16;48;2;205;222;205m▀[38;2;16;16;16;48;2;205;222;205m▀[38;2;65;57;49;48;2;16;16;16m▀[38;2;65;57;49;48;2;16;16;16m▀[38;2;156;148;131;48;2;65;57;49m▀[38;2;106;106;82;48;2;156;148;131m▀[38;2;16;16;16;48;2;16;16;16m▀[38;2;0;0;0;48;2;0;0;0m▀[0m [0m [0m [0m [0m [0m [0m [0m [0m [0m [0m [0m [0m [0m [0m [0m [0m [0m
[0m [38;2;0;0;0;48;2;0;0;0m▀[38;2;106;106;82;48;2;16;16;16m▀[38;2;106;106;82;48;2;16;16;16m▀[38;2;180;180;156;48;2;180;180;156m▀[38;2;180;180;156;48;2;16;16;16m▀[38;2;156;148;131;48;2;16;16;16m▀[38;2;156;148;131;48;2;16;16;16m▀[38;2;16;16;16;48;2;156;148;131m▀[38;2;205;222;205;48;2;106;106;82m▀[38;2;205;222;205;48;2;106;106;82m▀[38;2;16;16;16;48;2;205;222;205m▀[38;2;248;248;248;48;2;248;248;248m▀[38;2;248;248;248;48;2;248;248;248m▀[38;2;205;222;205;48;2;248;248;248m▀[38;2;106;106;82;48;2;106;106;82m▀[38;2;106;106;82;48;2;106;106;82m▀[38;2;156;148;131;48;2;156;148;131m▀[38;2;156;148;131;48;2;156;148;131m▀[38;2;16;16;16;48;2;106;106;82m▀[38;2;0;0;0;48;2;0;0;0m▀[0m [0m [0m [0m [0m [0m [0m [0m [0m [0m [0m [0m [0m [0m [0m [0m [0m [0m
[0m [38;2;0;0;0m▀[38;2;16;16;16;48;2;0;0;0m▀[38;2;16;16;16;48;2;0;0;0m▀[38;2;16;16;16;48;2;106;106;82m▀[38;2;156;148;131;48;2;180;180;156m▀[38;2;156;148;131;48;2;16;16;16m▀[38;2;156;148;131;48;2;16;16;16m▀[38;2;156;148;131;48;2;106;106;82m▀[38;2;106;106;82;48;2;180;180;156m▀[38;2;106;106;82;48;2;180;180;156m▀[38;2;180;180;156;48;2;180;180;156m▀[38;2;106;106;82;48;2;197;213;172m▀[38;2;106;106;82;48;2;180;180;156m▀[38;2;106;106;82;48;2;156;148;131m▀[38;2;156;148;131;48;2;156;148;131m▀[38;2;156;148;131;48;2;156;148;131m▀[38;2;156;148;131;48;2;156;148;131m▀[38;2;156;148;131;48;2;156;148;131m▀[38;2;156;148;131;48;2;156;148;131m▀[38;2;16;16;16;48;2;16;16;16m▀[38;2;0;0;0;48;2;0;0;0m▀[0m [0m [0m [0m [0m [0m [0m [0m [0m [0m [0m [0m [0m [0m [0m [0m [0m
[0m [38;2;0;0;0m▄[38;2;0;0;0;48;2;106;106;82m▀[38;2;0;0;0;48;2;106;106;82m▀[38;2;106;106;82;48;2;197;213;172m▀[38;2;180;180;156;48;2;197;213;172m▀[38;2;16;16;16;48;2;180;180;156m▀[38;2;16;16;16;48;2;180;180;156m▀[38;2;106;106;82;48;2;180;180;156m▀[38;2;180;180;156;48;2;180;180;156m▀[38;2;180;180;156;48;2;180;180;156m▀[38;2;180;180;156;48;2;180;180;156m▀[38;2;197;213;172;48;2;197;213;172m▀[38;2;180;180;156;48;2;197;213;172m▀[38;2;156;148;131;48;2;106;106;82m▀[38;2;156;148;131;48;2;156;148;131m▀[38;2;156;148;131;48;2;156;148;131m▀[38;2;156;148;131;48;2;156;148;131m▀[38;2;156;148;131;48;2;156;148;131m▀[38;2;156;148;131;48;2;106;106;82m▀[38;2;16;16;16;48;2;16;16;16m▀[38;2;0;0;0;48;2;16;16;16m▀[38;2;0;0;0;48;2;16;16;16m▀[38;2;0;0;0;48;2;106;106;82m▀[38;2;0;0;0m▄[38;2;0;0;0m▄[0m [0m [0m [0m [0m [0m [0m [0m [0m [0m [0m [0m [0m
[0m [38;2;0;0;0;48;2;0;0;0m▀[38;2;106;106;82;48;2;180;180;156m▀[38;2;106;106;82;48;2;180;180;156m▀[38;2;197;213;172;48;2;197;213;172m▀[38;2;197;213;172;48;2;197;213;172m▀[38;2;197;213;172;48;2;197;213;172m▀[38;2;180;180;156;48;2;197;213;172m▀[38;2;180;180;156;48;2;197;213;172m▀[38;2;180;180;156;48;2;197;213;172m▀[38;2;180;180;156;48;2;197;213;172m▀[38;2;197;213;172;48;2;197;213;172m▀[38;2;197;213;172;48;2;197;213;172m▀[38;2;197;213;172;48;2;180;180;156m▀[38;2;180;180;156;48;2;180;180;156m▀[38;2;156;148;131;48;2;156;148;131m▀[38;2;156;148;131;48;2;156;148;131m▀[38;2;156;148;131;48;2;156;148;131m▀[38;2;156;148;131;48;2;180;180;156m▀[38;2;156;148;131;48;2;180;180;156m▀[38;2;156;148;131;48;2;180;180;156m▀[38;2;180;180;156;48;2;180;180;156m▀[38;2;180;180;156;48;2;180;180;156m▀[38;2;180;180;156;48;2;180;180;156m▀[38;2;106;106;82;48;2;180;180;156m▀[38;2;106;106;82;48;2;180;180;156m▀[38;2;0;0;0;48;2;106;106;82m▀[38;2;0;0;0m▄[0m [0m [38;2;0;0;0m▄[38;2;0;0;0m▄[38;2;0;0;0;48;2;64;40;24m▀[38;2;0;0;0;48;2;64;40;24m▀[38;2;0;0;0m▄[38;2;0;0;0m▄[38;2;0;0;0m▄[0m [0m
[38;2;0;0;0;48;2;0;0;0m▀[38;2;106;106;82;48;2;106;106;82m▀[38;2;197;213;172;48;2;197;213;172m▀[38;2;197;213;172;48;2;197;213;172m▀[38;2;197;213;172;48;2;197;213;172m▀[38;2;197;213;172;48;2;197;213;172m▀[38;2;197;213;172;48;2;197;213;172m▀[38;2;197;213;172;48;2;197;213;172m▀[38;2;197;213;172;48;2;197;213;172m▀[38;2;197;213;172;48;2;197;213;172m▀[38;2;197;213;172;48;2;197;213;172m▀[38;2;197;213;172;48;2;197;213;172m▀[38;2;197;213;172;48;2;197;213;172m▀[38;2;180;180;156;48;2;180;180;156m▀[38;2;180;180;156;48;2;180;180;156m▀[38;2;156;148;131;48;2;106;106;82m▀[38;2;156;148;131;48;2;106;106;82m▀[38;2;156;148;131;48;2;180;180;156m▀[38;2;180;180;156;48;2;180;180;156m▀[38;2;180;180;156;48;2;180;180;156m▀[38;2;180;180;156;48;2;180;180;156m▀[38;2;180;180;156;48;2;180;180;156m▀[38;2;180;180;156;48;2;180;180;156m▀[38;2;180;180;156;48;2;180;180;156m▀[38;2;180;180;156;48;2;156;148;131m▀[38;2;180;180;156;48;2;180;180;156m▀[38;2;180;180;156;48;2;156;148;131m▀[38;2;16;16;16;48;2;156;148;131m▀[38;2;0;0;0;48;2;16;16;16m▀[38;2;0;0;0;48;2;16;16;16m▀[38;2;106;106;82;48;2;156;148;131m▀[38;2;106;106;82;48;2;156;148;131m▀[38;2;156;148;131;48;2;156;148;131m▀[38;2;156;148;131;48;2;156;148;131m▀[38;2;64;40;24;48;2;156;148;131m▀[38;2;64;40;24;48;2;156;148;131m▀[38;2;64;40;24;48;2;156;148;131m▀[38;2;0;0;0;48;2;64;40;24m▀[0m
[38;2;0;0;0;48;2;0;0;0m▀[38;2;180;180;156;48;2;180;180;156m▀[38;2;197;213;172;48;2;197;213;172m▀[38;2;197;213;172;48;2;197;213;172m▀[38;2;197;213;172;48;2;197;213;172m▀[38;2;197;213;172;48;2;197;213;172m▀[38;2;197;213;172;48;2;197;213;172m▀[38;2;197;213;172;48;2;197;213;172m▀[38;2;197;213;172;48;2;197;213;172m▀[38;2;197;213;172;48;2;197;213;172m▀[38;2;197;213;172;48;2;197;213;172m▀[38;2;197;213;172;48;2;197;213;172m▀[38;2;197;213;172;48;2;197;213;172m▀[38;2;197;213;172;48;2;197;213;172m▀[38;2;197;213;172;48;2;197;213;172m▀[38;2;106;106;82;48;2;106;106;82m▀[38;2;106;106;82;48;2;106;106;82m▀[38;2;180;180;156;48;2;180;180;156m▀[38;2;180;180;156;48;2;180;180;156m▀[38;2;180;180;156;48;2;180;180;156m▀[38;2;180;180;156;48;2;180;180;156m▀[38;2;180;180;156;48;2;180;180;156m▀[38;2;180;180;156;48;2;180;180;156m▀[38;2;180;180;156;48;2;180;180;156m▀[38;2;180;180;156;48;2;180;180;156m▀[38;2;156;148;131;48;2;156;148;131m▀[38;2;180;180;156;48;2;180;180;156m▀[38;2;156;148;131;48;2;156;148;131m▀[38;2;156;148;131;48;2;156;148;131m▀[38;2;156;148;131;48;2;156;148;131m▀[38;2;16;16;16;48;2;16;16;16m▀[38;2;156;148;131;48;2;156;148;131m▀[38;2;156;148;131;48;2;156;148;131m▀[38;2;106;106;82;48;2;106;106;82m▀[38;2;64;40;24;48;2;64;40;24m▀[38;2;64;40;24;48;2;64;40;24m▀[38;2;64;40;24;48;2;64;40;24m▀[38;2;64;40;24;48;2;64;40;24m▀[0m
[38;2;106;106;82;48;2;106;106;82m▀[38;2;197;213;172;48;2;197;213;172m▀[38;2;197;213;172;48;2;197;213;172m▀[38;2;197;213;172;48;2;197;213;172m▀[38;2;197;213;172;48;2;197;213;172m▀[38;2;197;213;172;48;2;197;213;172m▀[38;2;197;213;172;48;2;197;213;172m▀[38;2;197;213;172;48;2;197;213;172m▀[38;2;197;213;172;48;2;197;213;172m▀[38;2;197;213;172;48;2;197;213;172m▀[38;2;197;213;172;48;2;197;213;172m▀[38;2;197;213;172;48;2;197;213;172m▀[38;2;197;213;172;48;2;197;213;172m▀[38;2;197;213;172;48;2;180;180;156m▀[38;2;197;213;172;48;2;197;213;172m▀[38;2;16;16;16;48;2;16;16;16m▀[38;2;16;16;16;48;2;16;16;16m▀[38;2;156;148;131;48;2;156;148;131m▀[38;2;180;180;156;48;2;156;148;131m▀[38;2;180;180;156;48;2;180;180;156m▀[38;2;180;180;156;48;2;180;180;156m▀[38;2;156;148;131;48;2;180;180;156m▀[38;2;156;148;131;48;2;180;180;156m▀[38;2;180;180;156;48;2;156;148;131m▀[38;2;156;148;131;48;2;156;148;131m▀[38;2;156;148;131;48;2;106;106;82m▀[38;2;156;148;131;48;2;106;106;82m▀[38;2;106;106;82;48;2;197;213;172m▀[38;2;16;16;16;48;2;180;180;156m▀[38;2;16;16;16;48;2;180;180;156m▀[38;2;106;106;82;48;2;16;16;16m▀[38;2;106;106;82;48;2;156;148;131m▀[38;2;106;106;82;48;2;156;148;131m▀[38;2;156;148;131;48;2;156;148;131m▀[38;2;156;148;131;48;2;156;148;131m▀[38;2;156;148;131;48;2;156;148;131m▀[38;2;64;40;24;48;2;156;148;131m▀[38;2;0;0;0;48;2;64;40;24m▀[0m
[38;2;16;16;16;48;2;16;16;16m▀[38;2;197;213;172;48;2;180;180;156m▀[38;2;197;213;172;48;2;197;213;172m▀[38;2;197;213;172;48;2;197;213;172m▀[38;2;197;213;172;48;2;197;213;172m▀[38;2;180;180;156;48;2;156;148;131m▀[38;2;197;213;172;48;2;197;213;172m▀[38;2;197;213;172;48;2;197;213;172m▀[38;2;197;213;172;48;2;197;213;172m▀[38;2;180;180;156;48;2;156;148;131m▀[38;2;180;180;156;48;2;156;148;131m▀[38;2;197;213;172;48;2;197;213;172m▀[38;2;197;213;172;48;2;197;213;172m▀[38;2;197;213;172;48;2;197;213;172m▀[38;2;156;148;131;48;2;156;148;131m▀[38;2;16;16;16;48;2;180;180;156m▀[38;2;16;16;16;48;2;180;180;156m▀[38;2;156;148;131;48;2;106;106;82m▀[38;2;156;148;131;48;2;156;148;131m▀[38;2;156;148;131;48;2;156;148;131m▀[38;2;156;148;131;48;2;156;148;131m▀[38;2;156;148;131;48;2;156;148;131m▀[38;2;156;148;131;48;2;156;148;131m▀[38;2;156;148;131;48;2;156;148;131m▀[38;2;156;148;131;48;2;106;106;82m▀[38;2;156;148;131;48;2;106;106;82m▀[38;2;180;180;156;48;2;197;213;172m▀[38;2;197;213;172;48;2;197;213;172m▀[38;2;197;213;172;48;2;197;213;172m▀[38;2;197;213;172;48;2;197;213;172m▀[38;2;180;180;156;48;2;197;213;172m▀[38;2;16;16;16;48;2;16;16;16m▀[38;2;106;106;82;48;2;64;40;24m▀[38;2;64;40;24;48;2;0;0;0m▀[38;2;64;40;24;48;2;0;0;0m▀[38;2;64;40;24;48;2;0;0;0m▀[38;2;64;40;24;48;2;0;0;0m▀[38;2;0;0;0m▀[0m
[38;2;0;0;0;48;2;0;0;0m▀[38;2;156;148;131;48;2;16;16;16m▀[38;2;197;213;172;48;2;180;180;156m▀[38;2;197;213;172;48;2;180;180;156m▀[38;2;197;213;172;48;2;156;148;131m▀[38;2;16;16;16;48;2;180;180;156m▀[38;2;180;180;156;48;2;156;148;131m▀[38;2;197;213;172;48;2;180;180;156m▀[38;2;197;213;172;48;2;180;180;156m▀[38;2;180;180;156;48;2;180;180;156m▀[38;2;180;180;156;48;2;180;180;156m▀[38;2;156;148;131;48;2;156;148;131m▀[38;2;197;213;172;48;2;16;16;16m▀[38;2;197;213;172;48;2;180;180;156m▀[38;2;180;180;156;48;2;180;180;156m▀[38;2;156;148;131;48;2;16;16;16m▀[38;2;156;148;131;48;2;16;16;16m▀[38;2;16;16;16;48;2;156;148;131m▀[38;2;106;106;82;48;2;16;16;16m▀[38;2;156;148;131;48;2;16;16;16m▀[38;2;156;148;131;48;2;156;148;131m▀[38;2;106;106;82;48;2;156;148;131m▀[38;2;106;106;82;48;2;156;148;131m▀[38;2;156;148;131;48;2;106;106;82m▀[38;2;180;180;156;48;2;180;180;156m▀[38;2;197;213;172;48;2;180;180;156m▀[38;2;197;213;172;48;2;197;213;172m▀[38;2;197;213;172;48;2;197;213;172m▀[38;2;180;180;156;48;2;197;213;172m▀[38;2;180;180;156;48;2;197;213;172m▀[38;2;197;213;172;48;2;106;106;82m▀[38;2;106;106;82;48;2;180;180;156m▀[38;2;0;0;0;48;2;64;40;24m▀[38;2;0;0;0m▄[0m [0m [0m [0m [0m
[38;2;0;0;0;48;2;0;0;0m▀[38;2;16;16;16;48;2;16;16;16m▀[38;2;180;180;156;48;2;16;16;16m▀[38;2;180;180;156;48;2;16;16;16m▀[38;2;156;148;131;48;2;16;16;16m▀[38;2;180;180;156;48;2;180;180;156m▀[38;2;156;148;131;48;2;16;16;16m▀[38;2;180;180;156;48;2;180;180;156m▀[38;2;180;180;156;48;2;156;148;131m▀[38;2;180;180;156;48;2;180;180;156m▀[38;2;180;180;156;48;2;180;180;156m▀[38;2;156;148;131;48;2;16;16;16m▀[38;2;16;16;16;48;2;156;148;131m▀[38;2;180;180;156;48;2;16;16;16m▀[38;2;180;180;156;48;2;16;16;16m▀[38;2;16;16;16;48;2;156;148;131m▀[38;2;16;16;16;48;2;156;148;131m▀[38;2;156;148;131;48;2;156;148;131m▀[38;2;16;16;16;48;2;156;148;131m▀[38;2;16;16;16;48;2;156;148;131m▀[38;2;156;148;131;48;2;16;16;16m▀[38;2;156;148;131;48;2;64;40;24m▀[38;2;156;148;131;48;2;64;40;24m▀[38;2;106;106;82;48;2;180;180;156m▀[38;2;180;180;156;48;2;180;180;156m▀[38;2;180;180;156;48;2;180;180;156m▀[38;2;197;213;172;48;2;180;180;156m▀[38;2;197;213;172;48;2;180;180;156m▀[38;2;197;213;172;48;2;197;213;172m▀[38;2;197;213;172;48;2;197;213;172m▀[38;2;106;106;82;48;2;197;213;172m▀[38;2;180;180;156;48;2;106;106;82m▀[38;2;64;40;24;48;2;64;40;24m▀[38;2;0;0;0;48;2;0;0;0m▀[0m [0m [0m [0m [0m
[0m [38;2;0;0;0m▀[38;2;0;0;0m▀[38;2;0;0;0m▀[38;2;0;0;0m▀[38;2;16;16;16;48;2;0;0;0m▀[38;2;180;180;156;48;2;16;16;16m▀[38;2;156;148;131;48;2;16;16;16m▀[38;2;16;16;16;48;2;156;148;131m▀[38;2;16;16;16;48;2;156;148;131m▀[38;2;16;16;16;48;2;156;148;131m▀[38;2;156;148;131;48;2;156;148;131m▀[38;2;156;148;131;48;2;156;148;131m▀[38;2;156;148;131;48;2;156;148;131m▀[38;2;156;148;131;48;2;156;148;131m▀[38;2;156;148;131;48;2;156;148;131m▀[38;2;156;148;131;48;2;156;148;131m▀[38;2;156;148;131;48;2;156;148;131m▀[38;2;156;148;131;48;2;156;148;131m▀[38;2;156;148;131;48;2;156;148;131m▀[38;2;156;148;131;48;2;106;106;82m▀[38;2;156;148;131;48;2;16;16;16m▀[38;2;156;148;131;48;2;16;16;16m▀[38;2;64;40;24;48;2;0;0;0m▀[38;2;64;40;24;48;2;0;0;0m▀[38;2;180;180;156;48;2;64;40;24m▀[38;2;180;180;156;48;2;64;40;24m▀[38;2;180;180;156;48;2;180;180;156m▀[38;2;106;106;82;48;2;180;180;156m▀[38;2;106;106;82;48;2;180;180;156m▀[38;2;180;180;156;48;2;106;106;82m▀[38;2;180;180;156;48;2;180;180;156m▀[38;2;64;40;24;48;2;64;40;24m▀[38;2;0;0;0;48;2;0;0;0m▀[0m [0m [0m [0m [0m
[0m [0m [0m [0m [0m [38;2;0;0;0m▄[38;2;0;0;0;48;2;16;16;16m▀[38;2;16;16;16;48;2;106;106;82m▀[38;2;16;16;16;48;2;106;106;82m▀[38;2;16;16;16;48;2;16;16;16m▀[38;2;16;16;16;48;2;16;16;16m▀[38;2;156;148;131;48;2;16;16;16m▀[38;2;156;148;131;48;2;16;16;16m▀[38;2;156;148;131;48;2;16;16;16m▀[38;2;156;148;131;48;2;16;16;16m▀[38;2;156;148;131;48;2;16;16;16m▀[38;2;156;148;131;48;2;16;16;16m▀[38;2;106;106;82;48;2;16;16;16m▀[38;2;16;16;16;48;2;0;0;0m▀[38;2;106;106;82;48;2;16;16;16m▀[38;2;106;106;82;48;2;106;106;82m▀[38;2;16;16;16;48;2;106;106;82m▀[38;2;16;16;16;48;2;106;106;82m▀[38;2;0;0;0;48;2;0;0;0m▀[0m [38;2;0;0;0m▀[38;2;0;0;0m▀[38;2;64;40;24;48;2;0;0;0m▀[38;2;64;40;24;48;2;0;0;0m▀[38;2;64;40;24;48;2;0;0;0m▀[38;2;64;40;24;48;2;0;0;0m▀[38;2;64;40;24;48;2;0;0;0m▀[38;2;0;0;0m▀[0m [0m [0m [0m [0m [0m
[0m [0m [38;2;0;0;0m▄[38;2;0;0;0m▄[38;2;0;0;0;48;2;16;16;16m▀[38;2;0;0;0;48;2;106;106;82m▀[38;2;16;16;16;48;2;156;148;131m▀[38;2;106;106;82;48;2;156;148;131m▀[38;2;106;106;82;48;2;106;106;82m▀[38;2;16;16;16;48;2;106;106;82m▀[38;2;16;16;16;48;2;106;106;82m▀[38;2;16;16;16;48;2;106;106;82m▀[38;2;16;16;16;48;2;16;16;16m▀[38;2;16;16;16;48;2;128;128;128m▀[38;2;16;16;16;48;2;0;0;0m▀[38;2;16;16;16;48;2;0;0;0m▀[38;2;16;16;16;48;2;0;0;0m▀[38;2;16;16;16;48;2;0;0;0m▀[38;2;0;0;0;48;2;0;0;0m▀[38;2;16;16;16;48;2;16;16;16m▀[38;2;106;106;82;48;2;106;106;82m▀[38;2;106;106;82;48;2;106;106;82m▀[38;2;106;106;82;48;2;106;106;82m▀[38;2;0;0;0;48;2;16;16;16m▀[38;2;0;0;0m▄[0m [0m [0m [0m [0m [0m [0m [0m [0m [0m [0m [0m [0m [0m
[38;2;0;0;0m▄[38;2;0;0;0;48;2;16;16;16m▀[38;2;106;106;82;48;2;156;148;131m▀[38;2;106;106;82;48;2;156;148;131m▀[38;2;156;148;131;48;2;156;148;131m▀[38;2;106;106;82;48;2;106;106;82m▀[38;2;106;106;82;48;2;156;148;131m▀[38;2;106;106;82;48;2;156;148;131m▀[38;2;106;106;82;48;2;106;106;82m▀[38;2;106;106;82;48;2;106;106;82m▀[38;2;106;106;82;48;2;106;106;82m▀[38;2;106;106;82;48;2;16;16;16m▀[38;2;106;106;82;48;2;16;16;16m▀[38;2;180;180;156;48;2;16;16;16m▀[38;2;16;16;16;48;2;16;16;16m▀[38;2;0;0;0;48;2;0;0;0m▀[0m [38;2;0;0;0m▄[38;2;0;0;0;48;2;16;16;16m▀[38;2;16;16;16;48;2;156;148;131m▀[38;2;156;148;131;48;2;156;148;131m▀[38;2;156;148;131;48;2;156;148;131m▀[38;2;156;148;131;48;2;156;148;131m▀[38;2;156;148;131;48;2;156;148;131m▀[38;2;106;106;82;48;2;156;148;131m▀[38;2;0;0;0;48;2;106;106;82m▀[38;2;0;0;0m▄[0m [0m [0m [0m [0m [0m [0m [0m [0m [0m [0m [0m
[38;2;0;0;0m▀[38;2;16;16;16;48;2;0;0;0m▀[38;2;16;16;16;48;2;0;0;0m▀[38;2;16;16;16;48;2;0;0;0m▀[38;2;16;16;16;48;2;16;16;16m▀[38;2;180;180;156;48;2;156;148;131m▀[38;2;180;180;156;48;2;16;16;16m▀[38;2;156;148;131;48;2;16;16;16m▀[38;2;16;16;16;48;2;0;0;0m▀[38;2;16;16;16;48;2;0;0;0m▀[38;2;16;16;16;48;2;0;0;0m▀[38;2;0;0;0m▀[38;2;0;0;0m▀[38;2;0;0;0m▀[38;2;0;0;0m▀[0m [38;2;0;0;0m▄[38;2;0;0;0;48;2;106;106;82m▀[38;2;16;16;16;48;2;180;180;156m▀[38;2;106;106;82;48;2;180;180;156m▀[38;2;106;106;82;48;2;106;106;82m▀[38;2;156;148;131;48;2;16;16;16m▀[38;2;156;148;131;48;2;16;16;16m▀[38;2;106;106;82;48;2;106;106;82m▀[38;2;106;106;82;48;2;180;180;156m▀[38;2;16;16;16;48;2;180;180;156m▀[38;2;0;0;0;48;2;106;106;82m▀[38;2;0;0;0m▄[0m [0m [0m [0m [0m [0m [0m [0m [0m [0m [0m
[0m [0m [0m [38;2;0;0;0;48;2;0;0;0m▀[38;2;16;16;16;48;2;16;16;16m▀[38;2;16;16;16;48;2;16;16;16m▀[38;2;0;0;0;48;2;0;0;0m▀[38;2;0;0;0m▀[0m [0m [0m [0m [0m [0m [0m [0m [38;2;0;0;0;48;2;0;0;0m▀[38;2;16;16;16;48;2;16;16;16m▀[38;2;180;180;156;48;2;180;180;156m▀[38;2;156;148;131;48;2;156;148;131m▀[38;2;16;16;16;48;2;16;16;16m▀[38;2;16;16;16;48;2;16;16;16m▀[38;2;16;16;16;48;2;16;16;16m▀[38;2;16;16;16;48;2;16;16;16m▀[38;2;156;148;131;48;2;156;148;131m▀[38;2;180;180;156;48;2;180;180;156m▀[38;2;16;16;16;48;2;16;16;16m▀[38;2;0;0;0;48;2;0;0;0m▀[0m [0m [0m [0m [0m [0m [0m [0m [0m [0m [0m
[0m [0m [0m [0m [38;2;0;0;0m▀[38;2;0;0;0m▀[0m [0m [0m [0m [0m [0m [0m [0m [0m [0m [38;2;0;0;0m▀[38;2;16;16;16;48;2;0;0;0m▀[38;2;180;180;156;48;2;16;16;16m▀[38;2;16;16;16;48;2;0;0;0m▀[38;2;0;0;0m▀[38;2;0;0;0m▀[38;2;0;0;0m▀[38;2;0;0;0m▀[38;2;16;16;16;48;2;0;0;0m▀[38;2;180;180;156;48;2;16;16;16m▀[38;2;16;16;16;48;2;0;0;0m▀[38;2;0;0;0m▀[0m [0m [0m [0m [0m [0m [0m [0m [0m [0m [0m
