[0m [0m [0m [38;2;0;0;0m▄[38;2;0;0;0;48;2;123;49;8m▀[38;2;123;49;8;48;2;230;172;90m▀[38;2;0;0;0;48;2;123;49;8m▀[38;2;0;0;0;48;2;90;172;156m▀[38;2;65;115;98;48;2;148;213;205m▀[38;2;65;115;98;48;2;148;213;205m▀[38;2;65;115;98;48;2;148;213;205m▀[38;2;65;115;98;48;2;148;213;205m▀[38;2;65;115;98;48;2;148;213;205m▀[38;2;65;115;98;48;2;148;213;205m▀[38;2;65;115;98;48;2;123;49;8m▀[38;2;65;115;98;48;2;123;49;8m▀[38;2;0;0;0;48;2;123;49;8m▀[38;2;205;123;41;48;2;255;213;106m▀[38;2;123;49;8;48;2;255;213;106m▀[38;2;123;49;8;48;2;255;213;106m▀[38;2;0;0;0;48;2;123;49;8m▀[38;2;0;0;0;48;2;123;49;8m▀[38;2;0;0;0m▄[0m [0m [0m [0m [0m [0m [0m [0m [0m [0m [0m [0m [0m [0m [0m [0m [0m [0m [0m [0m
[0m [0m [38;2;0;0;0m▄[38;2;0;0;0;48;2;0;0;0m▀[38;2;123;49;8;48;2;123;49;8m▀[38;2;230;172;90;48;2;230;172;90m▀[38;2;16;16;16;48;2;16;16;16m▀[38;2;180;246;238;48;2;180;246;238m▀[38;2;180;246;238;48;2;180;246;238m▀[38;2;180;246;238;48;2;180;246;238m▀[38;2;148;213;205;48;2;148;213;205m▀[38;2;148;213;205;48;2;148;213;205m▀[38;2;205;123;41;48;2;205;123;41m▀[38;2;123;49;8;48;2;123;49;8m▀[38;2;255;213;106;48;2;255;213;106m▀[38;2;255;213;106;48;2;255;213;106m▀[38;2;255;213;106;48;2;255;213;106m▀[38;2;255;213;106;48;2;255;213;106m▀[38;2;230;172;90;48;2;230;172;90m▀[38;2;16;16;16;48;2;16;16;16m▀[38;2;0;0;0;48;2;0;0;0m▀[38;2;0;0;0;48;2;0;0;0m▀[38;2;0;0;0m▄[0m [0m [0m [0m [0m [0m [0m [0m [0m [0m [0m [0m [0m [0m [0m [0m [0m [0m [0m [0m
[0m [38;2;0;0;0;48;2;0;0;0m▀[38;2;123;49;8;48;2;123;49;8m▀[38;2;123;49;8;48;2;123;49;8m▀[38;2;255;213;106;48;2;255;213;106m▀[38;2;230;172;90;48;2;16;16;16m▀[38;2;123;49;8;48;2;180;246;238m▀[38;2;180;246;238;48;2;180;246;238m▀[38;2;180;246;238;48;2;148;213;205m▀[38;2;180;246;238;48;2;148;213;205m▀[38;2;148;213;205;48;2;205;123;41m▀[38;2;205;123;41;48;2;230;172;90m▀[38;2;230;172;90;48;2;230;172;90m▀[38;2;255;213;106;48;2;123;49;8m▀[38;2;255;213;106;48;2;123;49;8m▀[38;2;255;213;106;48;2;123;49;8m▀[38;2;255;213;106;48;2;123;49;8m▀[38;2;255;213;106;48;2;123;49;8m▀[38;2;255;213;106;48;2;230;172;90m▀[38;2;230;172;90;48;2;230;172;90m▀[38;2;123;49;8;48;2;230;172;90m▀[38;2;123;49;8;48;2;230;172;90m▀[38;2;16;16;16;48;2;230;172;90m▀[38;2;0;0;0;48;2;16;16;16m▀[38;2;0;0;0m▄[0m [0m [0m [0m [0m [0m [0m [0m [0m [0m [0m [0m [0m [0m [0m [0m [0m [0m
[38;2;0;0;0m▄[38;2;0;0;0;48;2;65;115;98m▀[38;2;16;16;16;48;2;16;16;16m▀[38;2;16;16;16;48;2;16;16;16m▀[38;2;255;213;106;48;2;16;16;16m▀[38;2;16;16;16;48;2;148;213;205m▀[38;2;148;213;205;48;2;148;213;205m▀[38;2;148;213;205;48;2;148;213;205m▀[38;2;123;49;8;48;2;148;213;205m▀[38;2;123;49;8;48;2;148;213;205m▀[38;2;230;172;90;48;2;123;49;8m▀[38;2;123;49;8;48;2;148;213;205m▀[38;2;16;16;16;48;2;90;172;156m▀[38;2;90;172;156;48;2;16;16;16m▀[38;2;90;172;156;48;2;205;197;197m▀[38;2;90;172;156;48;2;205;197;197m▀[38;2;90;172;156;48;2;205;197;197m▀[38;2;90;172;156;48;2;90;172;156m▀[38;2;205;123;41;48;2;90;172;156m▀[38;2;123;49;8;48;2;90;172;156m▀[38;2;16;16;16;48;2;90;172;156m▀[38;2;16;16;16;48;2;90;172;156m▀[38;2;16;16;16;48;2;65;115;98m▀[38;2;0;0;0;48;2;0;0;0m▀[0m [0m [0m [0m [0m [0m [0m [0m [0m [0m [0m [0m [0m [0m [0m [0m [0m [0m [0m
[38;2;0;0;0;48;2;0;0;0m▀[38;2;65;115;98;48;2;65;115;98m▀[38;2;255;255;255;48;2;255;255;255m▀[38;2;255;255;255;48;2;255;255;255m▀[38;2;90;172;156;48;2;90;172;156m▀[38;2;148;213;205;48;2;148;213;205m▀[38;2;148;213;205;48;2;148;213;205m▀[38;2;148;213;205;48;2;148;213;205m▀[38;2;148;213;205;48;2;148;213;205m▀[38;2;148;213;205;48;2;148;213;205m▀[38;2;148;213;205;48;2;148;213;205m▀[38;2;148;213;205;48;2;148;213;205m▀[38;2;16;16;16;48;2;16;16;16m▀[38;2;255;255;255;48;2;255;255;255m▀[38;2;16;16;16;48;2;16;16;16m▀[38;2;16;16;16;48;2;16;16;16m▀[38;2;205;197;197;48;2;205;197;197m▀[38;2;65;115;98;48;2;65;115;98m▀[38;2;90;172;156;48;2;90;172;156m▀[38;2;90;172;156;48;2;90;172;156m▀[38;2;90;172;156;48;2;90;172;156m▀[38;2;90;172;156;48;2;90;172;156m▀[38;2;16;16;16;48;2;16;16;16m▀[38;2;0;0;0;48;2;0;0;0m▀[0m [0m [0m [0m [0m [0m [0m [0m [0m [0m [0m [0m [0m [0m [0m [0m [0m [0m [0m
[38;2;0;0;0;48;2;0;0;0m▀[38;2;65;115;98;48;2;65;115;98m▀[38;2;16;16;16;48;2;123;49;8m▀[38;2;16;16;16;48;2;123;49;8m▀[38;2;90;172;156;48;2;148;213;205m▀[38;2;148;213;205;48;2;148;213;205m▀[38;2;148;213;205;48;2;148;213;205m▀[38;2;148;213;205;48;2;148;213;205m▀[38;2;148;213;205;48;2;148;213;205m▀[38;2;148;213;205;48;2;148;213;205m▀[38;2;148;213;205;48;2;148;213;205m▀[38;2;148;213;205;48;2;148;213;205m▀[38;2;16;16;16;48;2;123;49;8m▀[38;2;16;16;16;48;2;16;16;16m▀[38;2;16;16;16;48;2;123;49;8m▀[38;2;16;16;16;48;2;123;49;8m▀[38;2;255;255;255;48;2;255;255;255m▀[38;2;65;115;98;48;2;65;115;98m▀[38;2;90;172;156;48;2;90;172;156m▀[38;2;90;172;156;48;2;90;172;156m▀[38;2;90;172;156;48;2;90;172;156m▀[38;2;90;172;156;48;2;90;172;156m▀[38;2;16;16;16;48;2;16;16;16m▀[38;2;0;0;0;48;2;0;0;0m▀[0m [0m [0m [0m [0m [0m [0m [0m [0m [0m [0m [0m [0m [0m [0m [0m [0m [0m [0m
[38;2;65;115;98;48;2;65;115;98m▀[38;2;16;16;16;48;2;16;16;16m▀[38;2;90;172;156;48;2;148;213;205m▀[38;2;90;172;156;48;2;148;213;205m▀[38;2;148;213;205;48;2;90;172;156m▀[38;2;148;213;205;48;2;148;213;205m▀[38;2;148;213;205;48;2;90;172;156m▀[38;2;148;213;205;48;2;148;213;205m▀[38;2;148;213;205;48;2;148;213;205m▀[38;2;148;213;205;48;2;148;213;205m▀[38;2;148;213;205;48;2;148;213;205m▀[38;2;148;213;205;48;2;148;213;205m▀[38;2;205;123;41;48;2;148;213;205m▀[38;2;123;49;8;48;2;90;172;156m▀[38;2;123;49;8;48;2;16;16;16m▀[38;2;123;49;8;48;2;16;16;16m▀[38;2;205;197;197;48;2;16;16;16m▀[38;2;16;16;16;48;2;16;16;16m▀[38;2;90;172;156;48;2;65;115;98m▀[38;2;90;172;156;48;2;90;172;156m▀[38;2;90;172;156;48;2;90;172;156m▀[38;2;90;172;156;48;2;90;172;156m▀[38;2;16;16;16;48;2;16;16;16m▀[38;2;0;0;0;48;2;0;0;0m▀[0m [0m [0m [0m [0m [0m [0m [0m [0m [0m [0m [0m [0m [0m [0m [0m [0m [0m [0m
[38;2;0;0;0;48;2;0;0;0m▀[38;2;65;115;98;48;2;65;115;98m▀[38;2;16;16;16;48;2;16;16;16m▀[38;2;16;16;16;48;2;16;16;16m▀[38;2;148;213;205;48;2;148;213;205m▀[38;2;148;213;205;48;2;148;213;205m▀[38;2;148;213;205;48;2;148;213;205m▀[38;2;148;213;205;48;2;148;213;205m▀[38;2;65;115;98;48;2;65;115;98m▀[38;2;65;115;98;48;2;65;115;98m▀[38;2;16;16;16;48;2;16;16;16m▀[38;2;16;16;16;48;2;16;16;16m▀[38;2;16;16;16;48;2;16;16;16m▀[38;2;16;16;16;48;2;16;16;16m▀[38;2;16;16;16;48;2;16;16;16m▀[38;2;16;16;16;48;2;16;16;16m▀[38;2;16;16;16;48;2;16;16;16m▀[38;2;16;16;16;48;2;16;16;16m▀[38;2;16;16;16;48;2;16;16;16m▀[38;2;90;172;156;48;2;90;172;156m▀[38;2;90;172;156;48;2;90;172;156m▀[38;2;90;172;156;48;2;90;172;156m▀[38;2;65;115;98;48;2;65;115;98m▀[38;2;98;41;0;48;2;98;41;0m▀[38;2;0;0;0;48;2;0;0;0m▀[38;2;0;0;0m▄[0m [0m [0m [0m [0m [0m [38;2;0;0;0m▄[38;2;0;0;0m▄[38;2;0;0;0m▄[38;2;0;0;0m▄[38;2;0;0;0m▄[38;2;0;0;0m▄[0m [0m [0m [0m [0m
[38;2;0;0;0m▀[38;2;123;49;8;48;2;0;0;0m▀[38;2;205;123;41;48;2;123;49;8m▀[38;2;205;123;41;48;2;123;49;8m▀[38;2;123;49;8;48;2;230;172;90m▀[38;2;16;16;16;48;2;123;49;8m▀[38;2;16;16;16;48;2;123;49;8m▀[38;2;16;16;16;48;2;123;49;8m▀[38;2;123;49;8;48;2;123;49;8m▀[38;2;123;49;8;48;2;123;49;8m▀[38;2;123;49;8;48;2;205;123;41m▀[38;2;123;49;8;48;2;205;123;41m▀[38;2;123;49;8;48;2;205;123;41m▀[38;2;123;49;8;48;2;205;123;41m▀[38;2;123;49;8;48;2;205;123;41m▀[38;2;123;49;8;48;2;205;123;41m▀[38;2;16;16;16;48;2;16;16;16m▀[38;2;16;16;16;48;2;205;123;41m▀[38;2;16;16;16;48;2;205;123;41m▀[38;2;65;115;98;48;2;205;123;41m▀[38;2;123;49;8;48;2;16;16;16m▀[38;2;123;49;8;48;2;16;16;16m▀[38;2;255;255;255;48;2;16;16;16m▀[38;2;189;106;0;48;2;255;255;255m▀[38;2;98;41;0;48;2;189;106;0m▀[38;2;98;41;0;48;2;213;148;82m▀[38;2;0;0;0;48;2;98;41;0m▀[38;2;0;0;0;48;2;98;41;0m▀[38;2;0;0;0m▄[38;2;0;0;0m▄[38;2;0;0;0;48;2;65;115;98m▀[38;2;0;0;0;48;2;90;172;156m▀[38;2;65;115;98;48;2;90;172;156m▀[38;2;65;115;98;48;2;90;172;156m▀[38;2;65;115;98;48;2;148;213;205m▀[38;2;65;115;98;48;2;148;213;205m▀[38;2;65;115;98;48;2;148;213;205m▀[38;2;65;115;98;48;2;90;172;156m▀[38;2;0;0;0;48;2;65;115;98m▀[38;2;0;0;0;48;2;65;115;98m▀[38;2;0;0;0m▄[0m [0m
[0m [0m [38;2;0;0;0m▀[38;2;0;0;0;48;2;0;0;0m▀[38;2;123;49;8;48;2;123;49;8m▀[38;2;230;172;90;48;2;123;49;8m▀[38;2;123;49;8;48;2;230;172;90m▀[38;2;123;49;8;48;2;230;172;90m▀[38;2;205;123;41;48;2;123;49;8m▀[38;2;205;123;41;48;2;123;49;8m▀[38;2;205;123;41;48;2;123;49;8m▀[38;2;205;123;41;48;2;123;49;8m▀[38;2;205;123;41;48;2;16;16;16m▀[38;2;205;123;41;48;2;16;16;16m▀[38;2;16;16;16;48;2;230;172;90m▀[38;2;16;16;16;48;2;230;172;90m▀[38;2;230;172;90;48;2;230;172;90m▀[38;2;230;172;90;48;2;205;123;41m▀[38;2;205;123;41;48;2;16;16;16m▀[38;2;16;16;16;48;2;90;172;156m▀[38;2;65;115;98;48;2;90;172;156m▀[38;2;65;115;98;48;2;90;172;156m▀[38;2;16;16;16;48;2;90;172;156m▀[38;2;16;16;16;48;2;148;213;205m▀[38;2;65;115;98;48;2;148;213;205m▀[38;2;189;106;0;48;2;65;115;98m▀[38;2;213;148;82;48;2;65;115;98m▀[38;2;213;148;82;48;2;65;115;98m▀[38;2;98;41;0;48;2;213;148;82m▀[38;2;65;115;98;48;2;98;41;0m▀[38;2;90;172;156;48;2;90;172;156m▀[38;2;90;172;156;48;2;148;213;205m▀[38;2;148;213;205;48;2;148;213;205m▀[38;2;148;213;205;48;2;148;213;205m▀[38;2;148;213;205;48;2;148;213;205m▀[38;2;148;213;205;48;2;148;213;205m▀[38;2;148;213;205;48;2;148;213;205m▀[38;2;148;213;205;48;2;148;213;205m▀[38;2;90;172;156;48;2;148;213;205m▀[38;2;90;172;156;48;2;148;213;205m▀[38;2;65;115;98;48;2;65;115;98m▀[38;2;0;0;0;48;2;0;0;0m▀[0m
[0m [0m [38;2;0;0;0m▄[38;2;0;0;0;48;2;0;0;0m▀[38;2;205;123;41;48;2;205;123;41m▀[38;2;230;189;98;48;2;230;189;98m▀[38;2;16;16;16;48;2;16;16;16m▀[38;2;255;213;106;48;2;255;213;106m▀[38;2;255;213;106;48;2;255;213;106m▀[38;2;255;213;106;48;2;255;213;106m▀[38;2;255;213;106;48;2;255;213;106m▀[38;2;255;213;106;48;2;255;213;106m▀[38;2;255;213;106;48;2;255;213;106m▀[38;2;230;172;90;48;2;230;172;90m▀[38;2;230;172;90;48;2;230;172;90m▀[38;2;230;172;90;48;2;230;172;90m▀[38;2;123;49;8;48;2;123;49;8m▀[38;2;16;16;16;48;2;16;16;16m▀[38;2;90;172;156;48;2;90;172;156m▀[38;2;148;213;205;48;2;148;213;205m▀[38;2;148;213;205;48;2;148;213;205m▀[38;2;148;213;205;48;2;148;213;205m▀[38;2;148;213;205;48;2;148;213;205m▀[38;2;148;213;205;48;2;148;213;205m▀[38;2;148;213;205;48;2;148;213;205m▀[38;2;148;213;205;48;2;148;213;205m▀[38;2;148;213;205;48;2;148;213;205m▀[38;2;148;213;205;48;2;148;213;205m▀[38;2;65;115;98;48;2;65;115;98m▀[38;2;189;106;0;48;2;189;106;0m▀[38;2;98;41;0;48;2;98;41;0m▀[38;2;90;172;156;48;2;90;172;156m▀[38;2;148;213;205;48;2;148;213;205m▀[38;2;148;213;205;48;2;148;213;205m▀[38;2;148;213;205;48;2;148;213;205m▀[38;2;65;115;98;48;2;65;115;98m▀[38;2;65;115;98;48;2;65;115;98m▀[38;2;148;213;205;48;2;148;213;205m▀[38;2;148;213;205;48;2;148;213;205m▀[38;2;148;213;205;48;2;148;213;205m▀[38;2;90;172;156;48;2;90;172;156m▀[38;2;16;16;16;48;2;16;16;16m▀[0m
[0m [38;2;0;0;0;48;2;0;0;0m▀[38;2;123;49;8;48;2;123;49;8m▀[38;2;123;49;8;48;2;123;49;8m▀[38;2;255;213;106;48;2;255;213;106m▀[38;2;255;213;106;48;2;255;213;106m▀[38;2;255;213;106;48;2;255;213;106m▀[38;2;205;123;41;48;2;255;213;106m▀[38;2;255;213;106;48;2;255;213;106m▀[38;2;255;213;106;48;2;255;213;106m▀[38;2;255;213;106;48;2;230;172;90m▀[38;2;255;213;106;48;2;230;172;90m▀[38;2;205;123;41;48;2;255;213;106m▀[38;2;16;16;16;48;2;255;213;106m▀[38;2;123;49;8;48;2;230;172;90m▀[38;2;123;49;8;48;2;230;172;90m▀[38;2;65;115;98;48;2;65;115;98m▀[38;2;90;172;156;48;2;65;115;98m▀[38;2;90;172;156;48;2;148;213;205m▀[38;2;148;213;205;48;2;148;213;205m▀[38;2;148;213;205;48;2;148;213;205m▀[38;2;148;213;205;48;2;148;213;205m▀[38;2;148;213;205;48;2;148;213;205m▀[38;2;148;213;205;48;2;148;213;205m▀[38;2;148;213;205;48;2;148;213;205m▀[38;2;148;213;205;48;2;90;172;156m▀[38;2;148;213;205;48;2;148;213;205m▀[38;2;148;213;205;48;2;148;213;205m▀[38;2;148;213;205;48;2;90;172;156m▀[38;2;16;16;16;48;2;90;172;156m▀[38;2;98;41;0;48;2;16;16;16m▀[38;2;90;172;156;48;2;98;41;0m▀[38;2;90;172;156;48;2;65;115;98m▀[38;2;90;172;156;48;2;65;115;98m▀[38;2;65;115;98;48;2;90;172;156m▀[38;2;148;213;205;48;2;148;213;205m▀[38;2;148;213;205;48;2;148;213;205m▀[38;2;65;115;98;48;2;148;213;205m▀[38;2;148;213;205;48;2;90;172;156m▀[38;2;148;213;205;48;2;90;172;156m▀[38;2;90;172;156;48;2;90;172;156m▀[38;2;16;16;16;48;2;16;16;16m▀[0m
[38;2;0;0;0m▄[38;2;0;0;0;48;2;123;49;8m▀[38;2;205;123;41;48;2;255;213;106m▀[38;2;205;123;41;48;2;255;213;106m▀[38;2;255;213;106;48;2;255;213;106m▀[38;2;255;213;106;48;2;255;213;106m▀[38;2;255;213;106;48;2;255;213;106m▀[38;2;255;213;106;48;2;255;213;106m▀[38;2;255;213;106;48;2;255;213;106m▀[38;2;255;213;106;48;2;255;213;106m▀[38;2;255;213;106;48;2;255;213;106m▀[38;2;255;213;106;48;2;255;213;106m▀[38;2;255;213;106;48;2;255;213;106m▀[38;2;255;213;106;48;2;255;213;106m▀[38;2;255;213;106;48;2;255;213;106m▀[38;2;255;213;106;48;2;255;213;106m▀[38;2;255;213;106;48;2;255;213;106m▀[38;2;65;115;98;48;2;16;16;16m▀[38;2;148;213;205;48;2;90;172;156m▀[38;2;148;213;205;48;2;148;213;205m▀[38;2;148;213;205;48;2;148;213;205m▀[38;2;148;213;205;48;2;148;213;205m▀[38;2;148;213;205;48;2;148;213;205m▀[38;2;148;213;205;48;2;90;172;156m▀[38;2;148;213;205;48;2;148;213;205m▀[38;2;148;213;205;48;2;90;172;156m▀[38;2;90;172;156;48;2;90;172;156m▀[38;2;90;172;156;48;2;90;172;156m▀[38;2;148;213;205;48;2;90;172;156m▀[38;2;90;172;156;48;2;65;115;98m▀[38;2;90;172;156;48;2;16;16;16m▀[38;2;16;16;16;48;2;16;16;16m▀[38;2;16;16;16;48;2;16;16;16m▀[38;2;16;16;16;48;2;16;16;16m▀[38;2;90;172;156;48;2;90;172;156m▀[38;2;90;172;156;48;2;90;172;156m▀[38;2;90;172;156;48;2;90;172;156m▀[38;2;90;172;156;48;2;90;172;156m▀[38;2;90;172;156;48;2;90;172;156m▀[38;2;90;172;156;48;2;90;172;156m▀[38;2;16;16;16;48;2;16;16;16m▀[38;2;0;0;0;48;2;0;0;0m▀[0m
[38;2;0;0;0;48;2;0;0;0m▀[38;2;123;49;8;48;2;123;49;8m▀[38;2;255;213;106;48;2;255;213;106m▀[38;2;255;213;106;48;2;255;213;106m▀[38;2;255;213;106;48;2;255;213;106m▀[38;2;255;213;106;48;2;255;213;106m▀[38;2;255;213;106;48;2;255;213;106m▀[38;2;255;213;106;48;2;255;213;106m▀[38;2;255;213;106;48;2;255;213;106m▀[38;2;255;213;106;48;2;255;213;106m▀[38;2;255;213;106;48;2;255;213;106m▀[38;2;255;213;106;48;2;255;213;106m▀[38;2;255;213;106;48;2;255;213;106m▀[38;2;255;213;106;48;2;255;213;106m▀[38;2;230;172;90;48;2;230;172;90m▀[38;2;230;172;90;48;2;230;172;90m▀[38;2;255;213;106;48;2;255;213;106m▀[38;2;16;16;16;48;2;16;16;16m▀[38;2;90;172;156;48;2;90;172;156m▀[38;2;90;172;156;48;2;90;172;156m▀[38;2;148;213;205;48;2;148;213;205m▀[38;2;148;213;205;48;2;148;213;205m▀[38;2;148;213;205;48;2;148;213;205m▀[38;2;148;213;205;48;2;148;213;205m▀[38;2;90;172;156;48;2;90;172;156m▀[38;2;90;172;156;48;2;90;172;156m▀[38;2;65;115;98;48;2;65;115;98m▀[38;2;65;115;98;48;2;65;115;98m▀[38;2;65;115;98;48;2;65;115;98m▀[38;2;255;213;106;48;2;255;213;106m▀[38;2;230;172;90;48;2;230;172;90m▀[38;2;16;16;16;48;2;16;16;16m▀[38;2;90;172;156;48;2;90;172;156m▀[38;2;90;172;156;48;2;90;172;156m▀[38;2;16;16;16;48;2;16;16;16m▀[38;2;90;172;156;48;2;90;172;156m▀[38;2;90;172;156;48;2;90;172;156m▀[38;2;90;172;156;48;2;90;172;156m▀[38;2;16;16;16;48;2;16;16;16m▀[38;2;16;16;16;48;2;16;16;16m▀[38;2;0;0;0;48;2;0;0;0m▀[0m [0m
[38;2;0;0;0;48;2;0;0;0m▀[38;2;16;16;16;48;2;16;16;16m▀[38;2;255;213;106;48;2;230;172;90m▀[38;2;255;213;106;48;2;230;172;90m▀[38;2;255;213;106;48;2;255;213;106m▀[38;2;255;213;106;48;2;255;213;106m▀[38;2;230;172;90;48;2;123;49;8m▀[38;2;255;213;106;48;2;255;213;106m▀[38;2;255;213;106;48;2;255;213;106m▀[38;2;255;213;106;48;2;255;213;106m▀[38;2;255;213;106;48;2;255;213;106m▀[38;2;230;172;90;48;2;123;49;8m▀[38;2;255;213;106;48;2;255;213;106m▀[38;2;255;213;106;48;2;255;213;106m▀[38;2;255;213;106;48;2;255;213;106m▀[38;2;255;213;106;48;2;255;213;106m▀[38;2;123;49;8;48;2;123;49;8m▀[38;2;16;16;16;48;2;205;123;41m▀[38;2;90;172;156;48;2;65;115;98m▀[38;2;90;172;156;48;2;90;172;156m▀[38;2;90;172;156;48;2;90;172;156m▀[38;2;90;172;156;48;2;90;172;156m▀[38;2;90;172;156;48;2;90;172;156m▀[38;2;90;172;156;48;2;90;172;156m▀[38;2;90;172;156;48;2;90;172;156m▀[38;2;90;172;156;48;2;65;115;98m▀[38;2;90;172;156;48;2;65;115;98m▀[38;2;90;172;156;48;2;65;115;98m▀[38;2;230;172;90;48;2;255;213;106m▀[38;2;255;213;106;48;2;255;213;106m▀[38;2;255;213;106;48;2;255;213;106m▀[38;2;205;123;41;48;2;255;213;106m▀[38;2;16;16;16;48;2;16;16;16m▀[38;2;16;16;16;48;2;16;16;16m▀[38;2;90;172;156;48;2;16;16;16m▀[38;2;16;16;16;48;2;16;16;16m▀[38;2;16;16;16;48;2;0;0;0m▀[38;2;16;16;16;48;2;0;0;0m▀[38;2;0;0;0m▀[38;2;0;0;0m▀[0m [0m [0m
[0m [38;2;0;0;0;48;2;0;0;0m▀[38;2;123;49;8;48;2;16;16;16m▀[38;2;123;49;8;48;2;16;16;16m▀[38;2;255;213;106;48;2;230;172;90m▀[38;2;255;213;106;48;2;123;49;8m▀[38;2;16;16;16;48;2;205;123;41m▀[38;2;230;172;90;48;2;123;49;8m▀[38;2;255;213;106;48;2;230;172;90m▀[38;2;255;213;106;48;2;230;172;90m▀[38;2;255;213;106;48;2;230;172;90m▀[38;2;230;172;90;48;2;230;172;90m▀[38;2;123;49;8;48;2;123;49;8m▀[38;2;255;213;106;48;2;16;16;16m▀[38;2;255;213;106;48;2;230;172;90m▀[38;2;255;213;106;48;2;230;172;90m▀[38;2;230;172;90;48;2;230;172;90m▀[38;2;123;49;8;48;2;16;16;16m▀[38;2;16;16;16;48;2;205;123;41m▀[38;2;65;115;98;48;2;16;16;16m▀[38;2;90;172;156;48;2;16;16;16m▀[38;2;90;172;156;48;2;16;16;16m▀[38;2;90;172;156;48;2;90;172;156m▀[38;2;65;115;98;48;2;90;172;156m▀[38;2;90;172;156;48;2;65;115;98m▀[38;2;230;172;90;48;2;230;172;90m▀[38;2;255;213;106;48;2;230;172;90m▀[38;2;255;213;106;48;2;230;172;90m▀[38;2;255;213;106;48;2;255;213;106m▀[38;2;255;213;106;48;2;255;213;106m▀[38;2;205;123;41;48;2;255;213;106m▀[38;2;255;213;106;48;2;123;49;8m▀[38;2;123;49;8;48;2;230;172;90m▀[38;2;123;49;8;48;2;230;172;90m▀[38;2;0;0;0;48;2;65;41;24m▀[38;2;0;0;0;48;2;0;0;0m▀[0m [0m [0m [0m [0m [0m [0m
[0m [38;2;0;0;0;48;2;0;0;0m▀[38;2;16;16;16;48;2;16;16;16m▀[38;2;16;16;16;48;2;16;16;16m▀[38;2;16;16;16;48;2;16;16;16m▀[38;2;16;16;16;48;2;16;16;16m▀[38;2;205;123;41;48;2;205;123;41m▀[38;2;16;16;16;48;2;16;16;16m▀[38;2;230;172;90;48;2;230;172;90m▀[38;2;230;172;90;48;2;230;172;90m▀[38;2;123;49;8;48;2;123;49;8m▀[38;2;230;172;90;48;2;230;172;90m▀[38;2;16;16;16;48;2;16;16;16m▀[38;2;123;49;8;48;2;123;49;8m▀[38;2;16;16;16;48;2;16;16;16m▀[38;2;16;16;16;48;2;16;16;16m▀[38;2;16;16;16;48;2;16;16;16m▀[38;2;230;172;90;48;2;230;172;90m▀[38;2;230;172;90;48;2;230;172;90m▀[38;2;230;172;90;48;2;230;172;90m▀[38;2;205;123;41;48;2;205;123;41m▀[38;2;205;123;41;48;2;205;123;41m▀[38;2;16;16;16;48;2;16;16;16m▀[38;2;65;41;24;48;2;65;41;24m▀[38;2;205;123;41;48;2;205;123;41m▀[38;2;230;172;90;48;2;230;172;90m▀[38;2;230;172;90;48;2;230;172;90m▀[38;2;230;172;90;48;2;230;172;90m▀[38;2;230;172;90;48;2;230;172;90m▀[38;2;205;123;41;48;2;205;123;41m▀[38;2;255;213;106;48;2;255;213;106m▀[38;2;255;213;106;48;2;255;213;106m▀[38;2;123;49;8;48;2;123;49;8m▀[38;2;123;49;8;48;2;123;49;8m▀[38;2;65;41;24;48;2;65;41;24m▀[38;2;0;0;0;48;2;0;0;0m▀[0m [0m [0m [0m [0m [0m [0m
[0m [0m [38;2;0;0;0m▀[38;2;0;0;0m▀[38;2;0;0;0m▀[38;2;0;0;0m▀[38;2;16;16;16;48;2;0;0;0m▀[38;2;205;123;41;48;2;16;16;16m▀[38;2;123;49;8;48;2;16;16;16m▀[38;2;123;49;8;48;2;16;16;16m▀[38;2;16;16;16;48;2;205;123;41m▀[38;2;16;16;16;48;2;230;172;90m▀[38;2;230;172;90;48;2;123;49;8m▀[38;2;123;49;8;48;2;230;172;90m▀[38;2;205;123;41;48;2;230;172;90m▀[38;2;205;123;41;48;2;230;172;90m▀[38;2;230;172;90;48;2;123;49;8m▀[38;2;230;172;90;48;2;123;49;8m▀[38;2;230;172;90;48;2;230;172;90m▀[38;2;230;172;90;48;2;230;172;90m▀[38;2;230;172;90;48;2;205;123;41m▀[38;2;230;172;90;48;2;205;123;41m▀[38;2;205;123;41;48;2;123;49;8m▀[38;2;98;41;0;48;2;16;16;16m▀[38;2;65;41;24;48;2;0;0;0m▀[38;2;65;41;24;48;2;0;0;0m▀[38;2;205;123;41;48;2;65;41;24m▀[38;2;205;123;41;48;2;65;41;24m▀[38;2;230;172;90;48;2;65;41;24m▀[38;2;230;172;90;48;2;205;123;41m▀[38;2;123;49;8;48;2;230;172;90m▀[38;2;230;172;90;48;2;123;49;8m▀[38;2;230;172;90;48;2;205;123;41m▀[38;2;230;172;90;48;2;205;123;41m▀[38;2;65;41;24;48;2;65;41;24m▀[38;2;0;0;0;48;2;0;0;0m▀[0m [0m [0m [0m [0m [0m [0m
[0m [0m [0m [0m [0m [38;2;0;0;0m▄[38;2;0;0;0m▄[38;2;0;0;0;48;2;16;16;16m▀[38;2;16;16;16;48;2;65;115;98m▀[38;2;16;16;16;48;2;65;115;98m▀[38;2;16;16;16;48;2;65;115;98m▀[38;2;16;16;16;48;2;16;16;16m▀[38;2;205;123;41;48;2;16;16;16m▀[38;2;205;123;41;48;2;16;16;16m▀[38;2;205;123;41;48;2;16;16;16m▀[38;2;205;123;41;48;2;16;16;16m▀[38;2;205;123;41;48;2;16;16;16m▀[38;2;205;123;41;48;2;16;16;16m▀[38;2;123;49;8;48;2;16;16;16m▀[38;2;16;16;16;48;2;0;0;0m▀[38;2;123;49;8;48;2;16;16;16m▀[38;2;123;49;8;48;2;16;16;16m▀[38;2;65;115;98;48;2;65;115;98m▀[38;2;16;16;16;48;2;65;115;98m▀[38;2;0;0;0;48;2;0;0;0m▀[0m [38;2;0;0;0m▀[38;2;0;0;0m▀[38;2;0;0;0m▀[38;2;65;41;24;48;2;0;0;0m▀[38;2;65;41;24;48;2;0;0;0m▀[38;2;65;41;24;48;2;0;0;0m▀[38;2;65;41;24;48;2;0;0;0m▀[38;2;65;41;24;48;2;0;0;0m▀[38;2;0;0;0m▀[0m [0m [0m [0m [0m [0m [0m [0m
[0m [0m [0m [0m [38;2;0;0;0;48;2;0;0;0m▀[38;2;16;16;16;48;2;16;16;16m▀[38;2;65;115;98;48;2;65;115;98m▀[38;2;90;172;156;48;2;90;172;156m▀[38;2;90;172;156;48;2;90;172;156m▀[38;2;90;172;156;48;2;90;172;156m▀[38;2;65;115;98;48;2;65;115;98m▀[38;2;65;115;98;48;2;65;115;98m▀[38;2;65;115;98;48;2;65;115;98m▀[38;2;16;16;16;48;2;16;16;16m▀[38;2;131;131;131;48;2;131;131;131m▀[38;2;131;131;131;48;2;131;131;131m▀[38;2;0;0;0;48;2;0;0;0m▀[38;2;0;0;0m▀[38;2;0;0;0m▀[38;2;0;0;0;48;2;0;0;0m▀[38;2;16;16;16;48;2;16;16;16m▀[38;2;16;16;16;48;2;16;16;16m▀[38;2;65;115;98;48;2;65;115;98m▀[38;2;65;115;98;48;2;65;115;98m▀[38;2;16;16;16;48;2;16;16;16m▀[38;2;0;0;0;48;2;0;0;0m▀[0m [0m [0m [0m [0m [0m [0m [0m [0m [0m [0m [0m [0m [0m [0m [0m [0m
[0m [38;2;0;0;0m▄[38;2;0;0;0;48;2;16;16;16m▀[38;2;0;0;0;48;2;16;16;16m▀[38;2;131;131;131;48;2;189;189;189m▀[38;2;189;189;189;48;2;189;189;189m▀[38;2;131;131;131;48;2;131;131;131m▀[38;2;65;115;98;48;2;189;189;189m▀[38;2;65;115;98;48;2;189;189;189m▀[38;2;65;115;98;48;2;189;189;189m▀[38;2;65;115;98;48;2;65;115;98m▀[38;2;65;115;98;48;2;65;115;98m▀[38;2;65;115;98;48;2;16;16;16m▀[38;2;131;131;131;48;2;16;16;16m▀[38;2;189;189;189;48;2;16;16;16m▀[38;2;189;189;189;48;2;16;16;16m▀[38;2;16;16;16;48;2;16;16;16m▀[38;2;0;0;0;48;2;0;0;0m▀[38;2;0;0;0m▄[38;2;0;0;0;48;2;16;16;16m▀[38;2;16;16;16;48;2;90;172;156m▀[38;2;16;16;16;48;2;90;172;156m▀[38;2;90;172;156;48;2;90;172;156m▀[38;2;90;172;156;48;2;90;172;156m▀[38;2;90;172;156;48;2;90;172;156m▀[38;2;65;115;98;48;2;90;172;156m▀[38;2;0;0;0;48;2;65;115;98m▀[38;2;0;0;0;48;2;65;115;98m▀[38;2;0;0;0m▄[0m [0m [0m [0m [0m [0m [0m [0m [0m [0m [0m [0m [0m [0m
[0m [38;2;0;0;0m▀[38;2;16;16;16;48;2;0;0;0m▀[38;2;16;16;16;48;2;0;0;0m▀[38;2;16;16;16;48;2;0;0;0m▀[38;2;16;16;16;48;2;16;16;16m▀[38;2;255;255;255;48;2;189;189;189m▀[38;2;255;255;255;48;2;16;16;16m▀[38;2;189;189;189;48;2;16;16;16m▀[38;2;189;189;189;48;2;16;16;16m▀[38;2;16;16;16;48;2;0;0;0m▀[38;2;16;16;16;48;2;0;0;0m▀[38;2;0;0;0m▀[38;2;0;0;0m▀[38;2;0;0;0m▀[38;2;0;0;0m▀[38;2;0;0;0m▀[38;2;0;0;0m▄[38;2;0;0;0;48;2;131;131;131m▀[38;2;16;16;16;48;2;255;255;255m▀[38;2;65;115;98;48;2;255;255;255m▀[38;2;65;115;98;48;2;255;255;255m▀[38;2;65;115;98;48;2;65;115;98m▀[38;2;90;172;156;48;2;16;16;16m▀[38;2;65;115;98;48;2;65;115;98m▀[38;2;65;115;98;48;2;255;255;255m▀[38;2;16;16;16;48;2;255;255;255m▀[38;2;16;16;16;48;2;255;255;255m▀[38;2;0;0;0;48;2;131;131;131m▀[38;2;0;0;0m▄[0m [0m [0m [0m [0m [0m [0m [0m [0m [0m [0m [0m [0m
[0m [0m [0m [0m [38;2;0;0;0;48;2;0;0;0m▀[38;2;16;16;16;48;2;16;16;16m▀[38;2;16;16;16;48;2;16;16;16m▀[38;2;0;0;0;48;2;0;0;0m▀[38;2;0;0;0m▀[38;2;0;0;0m▀[0m [0m [0m [0m [0m [0m [0m [38;2;0;0;0;48;2;0;0;0m▀[38;2;16;16;16;48;2;16;16;16m▀[38;2;255;255;255;48;2;255;255;255m▀[38;2;189;189;189;48;2;189;189;189m▀[38;2;189;189;189;48;2;189;189;189m▀[38;2;16;16;16;48;2;16;16;16m▀[38;2;16;16;16;48;2;16;16;16m▀[38;2;16;16;16;48;2;16;16;16m▀[38;2;189;189;189;48;2;189;189;189m▀[38;2;255;255;255;48;2;255;255;255m▀[38;2;255;255;255;48;2;255;255;255m▀[38;2;16;16;16;48;2;16;16;16m▀[38;2;0;0;0;48;2;0;0;0m▀[0m [0m [0m [0m [0m [0m [0m [0m [0m [0m [0m [0m [0m
[0m [0m [0m [0m [0m [38;2;0;0;0m▀[38;2;0;0;0m▀[0m [0m [0m [0m [0m [0m [0m [0m [0m [0m [38;2;0;0;0m▀[38;2;16;16;16;48;2;0;0;0m▀[38;2;255;255;255;48;2;16;16;16m▀[38;2;16;16;16;48;2;0;0;0m▀[38;2;16;16;16;48;2;0;0;0m▀[38;2;0;0;0m▀[38;2;0;0;0m▀[38;2;0;0;0m▀[38;2;16;16;16;48;2;0;0;0m▀[38;2;255;255;255;48;2;16;16;16m▀[38;2;255;255;255;48;2;16;16;16m▀[38;2;16;16;16;48;2;0;0;0m▀[38;2;0;0;0m▀[0m [0m [0m [0m [0m [0m [0m [0m [0m [0m [0m [0m [0m
