[0m [0m [0m [0m [38;2;0;0;0m▄[38;2;0;0;0;48;2;248;208;8m▀[38;2;0;0;0m▄[0m [38;2;0;0;0m▄[38;2;0;0;0m▄[38;2;0;0;0m▄[38;2;0;0;0;48;2;112;65;29m▀[38;2;112;65;29;48;2;255;117;65m▀[38;2;112;65;29;48;2;112;65;29m▀[38;2;0;0;0;48;2;0;0;0m▀[38;2;0;0;0m▄[38;2;0;0;0m▄[0m [0m [0m [0m [0m [0m [0m [0m [0m [0m [0m [0m [0m [0m [0m [0m [0m [0m [0m [0m [0m [0m [0m [0m [0m [0m [0m [0m [0m [0m
[0m [38;2;0;0;0m▄[0m [38;2;0;0;0;48;2;0;0;0m▀[38;2;224;28;0;48;2;224;28;0m▀[38;2;246;164;0;48;2;246;164;0m▀[38;2;0;0;0;48;2;0;0;0m▀[38;2;0;0;0;48;2;0;0;0m▀[38;2;112;65;29;48;2;112;65;29m▀[38;2;112;65;29;48;2;112;65;29m▀[38;2;112;65;29;48;2;112;65;29m▀[38;2;255;175;113;48;2;255;175;113m▀[38;2;255;117;65;48;2;255;117;65m▀[38;2;112;65;29;48;2;112;65;29m▀[38;2;112;65;29;48;2;112;65;29m▀[38;2;112;65;29;48;2;112;65;29m▀[38;2;112;65;29;48;2;112;65;29m▀[38;2;0;0;0;48;2;0;0;0m▀[0m [38;2;0;0;0m▄[0m [38;2;0;0;0m▄[0m [0m [0m [0m [0m [0m [0m [0m [0m [0m [0m [0m [0m [0m [0m [0m [0m [0m [0m [0m [0m [0m [0m [0m [0m
[38;2;0;0;0m▀[38;2;248;208;8;48;2;0;0;0m▀[38;2;0;0;0;48;2;248;208;8m▀[38;2;0;0;0;48;2;248;208;8m▀[38;2;248;208;8;48;2;224;28;0m▀[38;2;224;28;0;48;2;255;175;113m▀[38;2;246;164;0;48;2;112;65;29m▀[38;2;112;65;29;48;2;255;175;113m▀[38;2;255;175;113;48;2;255;175;113m▀[38;2;255;175;113;48;2;255;175;113m▀[38;2;255;175;113;48;2;255;175;113m▀[38;2;255;175;113;48;2;255;175;113m▀[38;2;112;65;29;48;2;255;175;113m▀[38;2;255;175;113;48;2;255;175;113m▀[38;2;255;117;65;48;2;255;117;65m▀[38;2;112;65;29;48;2;112;65;29m▀[38;2;112;65;29;48;2;112;65;29m▀[38;2;0;0;0;48;2;112;65;29m▀[38;2;0;0;0;48;2;224;28;0m▀[38;2;248;208;8;48;2;246;164;0m▀[38;2;0;0;0;48;2;224;28;0m▀[38;2;248;208;8;48;2;0;0;0m▀[38;2;0;0;0;48;2;0;0;0m▀[38;2;0;0;0m▄[0m [0m [0m [0m [0m [0m [0m [0m [0m [0m [0m [0m [0m [0m [0m [0m [0m [0m [0m [0m [0m [0m [0m
[0m [38;2;0;0;0;48;2;0;0;0m▀[38;2;246;164;0;48;2;224;28;0m▀[38;2;246;164;0;48;2;224;28;0m▀[38;2;190;84;48;48;2;255;175;113m▀[38;2;255;175;113;48;2;112;65;29m▀[38;2;112;65;29;48;2;255;175;113m▀[38;2;255;175;113;48;2;255;175;113m▀[38;2;255;175;113;48;2;255;175;113m▀[38;2;255;175;113;48;2;112;65;29m▀[38;2;255;175;113;48;2;112;65;29m▀[38;2;255;175;113;48;2;112;65;29m▀[38;2;112;65;29;48;2;255;175;113m▀[38;2;112;65;29;48;2;255;175;113m▀[38;2;112;65;29;48;2;255;175;113m▀[38;2;255;175;113;48;2;255;175;113m▀[38;2;255;175;113;48;2;255;175;113m▀[38;2;255;175;113;48;2;112;65;29m▀[38;2;255;117;65;48;2;112;65;29m▀[38;2;224;28;0;48;2;112;65;29m▀[38;2;248;208;8;48;2;246;164;0m▀[38;2;0;0;0;48;2;248;208;8m▀[38;2;248;208;8;48;2;0;0;0m▀[38;2;248;208;8;48;2;0;0;0m▀[38;2;0;0;0m▀[0m [0m [0m [0m [0m [0m [0m [0m [0m [0m [0m [0m [0m [0m [0m [0m [0m [0m [0m [0m [0m [0m
[0m [38;2;0;0;0;48;2;0;0;0m▀[38;2;190;84;48;48;2;190;84;48m▀[38;2;190;84;48;48;2;190;84;48m▀[38;2;255;175;113;48;2;255;175;113m▀[38;2;112;65;29;48;2;112;65;29m▀[38;2;255;175;113;48;2;255;175;113m▀[38;2;190;84;48;48;2;190;84;48m▀[38;2;190;84;48;48;2;190;84;48m▀[38;2;255;175;113;48;2;255;175;113m▀[38;2;255;175;113;48;2;255;175;113m▀[38;2;255;175;113;48;2;255;175;113m▀[38;2;255;117;65;48;2;255;117;65m▀[38;2;255;117;65;48;2;255;117;65m▀[38;2;255;117;65;48;2;255;117;65m▀[38;2;255;117;65;48;2;255;117;65m▀[38;2;255;117;65;48;2;255;117;65m▀[38;2;255;117;65;48;2;255;117;65m▀[38;2;255;117;65;48;2;255;117;65m▀[38;2;255;117;65;48;2;255;117;65m▀[38;2;224;28;0;48;2;224;28;0m▀[38;2;0;0;0;48;2;0;0;0m▀[0m [0m [0m [0m [0m [0m [0m [0m [0m [0m [0m [0m [0m [0m [0m [0m [0m [0m [0m [0m [0m [0m [0m [0m [0m
[38;2;0;0;0m▄[38;2;0;0;0;48;2;190;84;48m▀[38;2;190;84;48;48;2;255;117;65m▀[38;2;190;84;48;48;2;255;117;65m▀[38;2;255;175;113;48;2;255;175;113m▀[38;2;190;84;48;48;2;255;175;113m▀[38;2;190;84;48;48;2;255;175;113m▀[38;2;255;175;113;48;2;255;175;113m▀[38;2;255;175;113;48;2;255;117;65m▀[38;2;255;117;65;48;2;255;117;65m▀[38;2;255;117;65;48;2;255;117;65m▀[38;2;255;117;65;48;2;255;117;65m▀[38;2;255;117;65;48;2;190;84;48m▀[38;2;136;40;0;48;2;190;84;48m▀[38;2;136;40;0;48;2;255;117;65m▀[38;2;136;40;0;48;2;255;117;65m▀[38;2;136;40;0;48;2;255;117;65m▀[38;2;136;40;0;48;2;255;117;65m▀[38;2;136;40;0;48;2;112;65;29m▀[38;2;112;65;29;48;2;0;0;0m▀[38;2;0;0;0;48;2;0;0;0m▀[38;2;0;0;0;48;2;224;28;0m▀[38;2;0;0;0m▄[0m [0m [0m [0m [0m [0m [0m [0m [0m [0m [0m [0m [0m [0m [0m [0m [0m [0m [0m [0m [0m [0m [0m [0m
[38;2;0;0;0;48;2;0;0;0m▀[38;2;190;84;48;48;2;5;46;126m▀[38;2;255;117;65;48;2;190;110;48m▀[38;2;255;117;65;48;2;190;110;48m▀[38;2;255;175;113;48;2;255;117;65m▀[38;2;255;175;113;48;2;255;175;113m▀[38;2;255;175;113;48;2;255;175;113m▀[38;2;255;175;113;48;2;255;117;65m▀[38;2;255;117;65;48;2;255;117;65m▀[38;2;255;117;65;48;2;190;84;48m▀[38;2;255;117;65;48;2;190;84;48m▀[38;2;190;84;48;48;2;255;117;65m▀[38;2;255;117;65;48;2;255;117;65m▀[38;2;255;117;65;48;2;5;46;126m▀[38;2;112;65;29;48;2;5;46;126m▀[38;2;190;84;48;48;2;112;65;29m▀[38;2;190;84;48;48;2;112;65;29m▀[38;2;255;117;65;48;2;255;117;65m▀[38;2;112;65;29;48;2;255;117;65m▀[38;2;255;175;113;48;2;190;110;48m▀[38;2;224;28;0;48;2;112;65;29m▀[38;2;248;208;8;48;2;246;164;0m▀[38;2;0;0;0;48;2;0;0;0m▀[0m [0m [0m [0m [0m [0m [0m [0m [0m [0m [0m [0m [0m [0m [0m [0m [0m [0m [0m [0m [0m [0m [0m [0m
[38;2;0;0;0;48;2;0;0;0m▀[38;2;18;126;168;48;2;18;126;168m▀[38;2;190;110;48;48;2;190;110;48m▀[38;2;190;110;48;48;2;190;110;48m▀[38;2;255;117;65;48;2;255;117;65m▀[38;2;255;117;65;48;2;255;117;65m▀[38;2;255;117;65;48;2;255;117;65m▀[38;2;255;117;65;48;2;255;117;65m▀[38;2;255;117;65;48;2;255;117;65m▀[38;2;255;117;65;48;2;255;117;65m▀[38;2;255;117;65;48;2;255;117;65m▀[38;2;255;117;65;48;2;255;117;65m▀[38;2;5;46;126;48;2;5;46;126m▀[38;2;5;46;126;48;2;5;46;126m▀[38;2;5;46;126;48;2;5;46;126m▀[38;2;112;65;29;48;2;112;65;29m▀[38;2;112;65;29;48;2;112;65;29m▀[38;2;190;84;48;48;2;190;84;48m▀[38;2;190;84;48;48;2;190;84;48m▀[38;2;190;84;48;48;2;190;84;48m▀[38;2;255;175;113;48;2;255;175;113m▀[38;2;224;28;0;48;2;224;28;0m▀[38;2;0;0;0;48;2;0;0;0m▀[0m [0m [0m [0m [0m [0m [0m [0m [0m [0m [0m [0m [0m [0m [0m [0m [38;2;0;0;0m▄[0m [0m [0m [0m [0m [0m [0m
[38;2;0;0;0;48;2;0;0;0m▀[38;2;255;255;255;48;2;11;11;11m▀[38;2;255;117;65;48;2;255;175;113m▀[38;2;255;117;65;48;2;255;175;113m▀[38;2;255;117;65;48;2;255;117;65m▀[38;2;255;117;65;48;2;255;117;65m▀[38;2;255;117;65;48;2;255;117;65m▀[38;2;255;117;65;48;2;255;117;65m▀[38;2;255;117;65;48;2;255;117;65m▀[38;2;255;117;65;48;2;255;117;65m▀[38;2;255;117;65;48;2;255;117;65m▀[38;2;255;117;65;48;2;255;117;65m▀[38;2;255;255;255;48;2;255;255;255m▀[38;2;11;11;11;48;2;5;46;126m▀[38;2;18;126;168;48;2;39;159;229m▀[38;2;112;65;29;48;2;112;65;29m▀[38;2;112;65;29;48;2;112;65;29m▀[38;2;190;84;48;48;2;190;84;48m▀[38;2;190;84;48;48;2;190;84;48m▀[38;2;190;84;48;48;2;112;65;29m▀[38;2;112;65;29;48;2;0;0;0m▀[38;2;0;0;0m▀[0m [0m [0m [0m [0m [0m [0m [0m [0m [0m [0m [0m [0m [0m [0m [0m [38;2;0;0;0;48;2;0;0;0m▀[38;2;224;28;0;48;2;224;28;0m▀[38;2;0;0;0;48;2;247;203;5m▀[38;2;0;0;0m▄[0m [0m [0m [0m [0m
[38;2;112;65;29;48;2;112;65;29m▀[38;2;5;46;126;48;2;255;175;113m▀[38;2;255;175;113;48;2;255;175;113m▀[38;2;255;175;113;48;2;255;175;113m▀[38;2;255;175;113;48;2;255;175;113m▀[38;2;255;117;65;48;2;255;117;65m▀[38;2;255;117;65;48;2;255;117;65m▀[38;2;255;117;65;48;2;255;117;65m▀[38;2;255;117;65;48;2;255;117;65m▀[38;2;255;117;65;48;2;255;117;65m▀[38;2;255;117;65;48;2;255;117;65m▀[38;2;255;117;65;48;2;255;117;65m▀[38;2;112;65;29;48;2;255;117;65m▀[38;2;18;126;168;48;2;190;84;48m▀[38;2;39;159;229;48;2;190;84;48m▀[38;2;190;84;48;48;2;190;84;48m▀[38;2;190;84;48;48;2;190;84;48m▀[38;2;190;84;48;48;2;190;84;48m▀[38;2;190;84;48;48;2;190;84;48m▀[38;2;112;65;29;48;2;190;84;48m▀[38;2;0;0;0;48;2;11;11;11m▀[38;2;0;0;0m▄[0m [0m [0m [0m [0m [0m [0m [0m [0m [0m [0m [0m [0m [0m [0m [38;2;0;0;0m▄[38;2;0;0;0;48;2;224;28;0m▀[38;2;224;28;0;48;2;246;164;0m▀[38;2;247;203;5;48;2;247;203;5m▀[38;2;0;0;0;48;2;0;0;0m▀[0m [0m [0m [0m [0m
[38;2;112;65;29;48;2;112;65;29m▀[38;2;255;175;113;48;2;255;175;113m▀[38;2;255;175;113;48;2;255;175;113m▀[38;2;255;175;113;48;2;255;175;113m▀[38;2;255;117;65;48;2;255;117;65m▀[38;2;255;117;65;48;2;255;117;65m▀[38;2;190;84;48;48;2;190;84;48m▀[38;2;255;117;65;48;2;255;117;65m▀[38;2;255;117;65;48;2;255;117;65m▀[38;2;255;117;65;48;2;255;117;65m▀[38;2;255;117;65;48;2;255;117;65m▀[38;2;255;117;65;48;2;255;117;65m▀[38;2;190;84;48;48;2;190;84;48m▀[38;2;190;84;48;48;2;190;84;48m▀[38;2;112;65;29;48;2;112;65;29m▀[38;2;190;84;48;48;2;190;84;48m▀[38;2;190;84;48;48;2;190;84;48m▀[38;2;190;84;48;48;2;190;84;48m▀[38;2;190;84;48;48;2;190;84;48m▀[38;2;190;84;48;48;2;190;84;48m▀[38;2;11;11;11;48;2;11;11;11m▀[38;2;0;0;0;48;2;0;0;0m▀[0m [0m [0m [0m [0m [0m [0m [0m [0m [0m [0m [0m [0m [0m [0m [38;2;0;0;0;48;2;0;0;0m▀[38;2;224;28;0;48;2;224;28;0m▀[38;2;247;203;5;48;2;247;203;5m▀[38;2;247;203;5;48;2;247;203;5m▀[38;2;246;164;0;48;2;246;164;0m▀[38;2;0;0;0;48;2;0;0;0m▀[38;2;0;0;0m▄[0m [0m [0m
[38;2;0;0;0;48;2;0;0;0m▀[38;2;112;65;29;48;2;11;11;11m▀[38;2;255;117;65;48;2;11;11;11m▀[38;2;255;117;65;48;2;11;11;11m▀[38;2;255;117;65;48;2;255;117;65m▀[38;2;255;117;65;48;2;255;117;65m▀[38;2;255;117;65;48;2;255;117;65m▀[38;2;255;117;65;48;2;255;117;65m▀[38;2;255;117;65;48;2;112;65;29m▀[38;2;255;117;65;48;2;112;65;29m▀[38;2;255;117;65;48;2;112;65;29m▀[38;2;190;84;48;48;2;11;11;11m▀[38;2;112;65;29;48;2;255;255;255m▀[38;2;112;65;29;48;2;190;84;48m▀[38;2;190;84;48;48;2;190;84;48m▀[38;2;190;84;48;48;2;190;84;48m▀[38;2;190;84;48;48;2;190;84;48m▀[38;2;190;84;48;48;2;11;11;11m▀[38;2;112;65;29;48;2;190;84;48m▀[38;2;190;84;48;48;2;190;84;48m▀[38;2;190;84;48;48;2;190;84;48m▀[38;2;11;11;11;48;2;190;84;48m▀[38;2;0;0;0;48;2;11;11;11m▀[38;2;0;0;0;48;2;11;11;11m▀[38;2;0;0;0;48;2;11;11;11m▀[38;2;0;0;0m▄[38;2;0;0;0m▄[0m [0m [0m [0m [0m [0m [0m [0m [0m [0m [38;2;0;0;0;48;2;0;0;0m▀[38;2;224;28;0;48;2;224;28;0m▀[38;2;246;164;0;48;2;247;203;5m▀[38;2;247;203;5;48;2;224;28;0m▀[38;2;247;203;5;48;2;247;203;5m▀[38;2;224;28;0;48;2;246;164;0m▀[38;2;224;28;0;48;2;246;164;0m▀[38;2;0;0;0;48;2;0;0;0m▀[0m [0m
[0m [38;2;0;0;0m▀[38;2;0;0;0m▀[38;2;0;0;0;48;2;0;0;0m▀[38;2;11;11;11;48;2;11;11;11m▀[38;2;11;11;11;48;2;190;84;48m▀[38;2;11;11;11;48;2;190;84;48m▀[38;2;11;11;11;48;2;112;65;29m▀[38;2;225;118;118;48;2;112;65;29m▀[38;2;225;118;118;48;2;112;65;29m▀[38;2;225;118;118;48;2;112;65;29m▀[38;2;112;65;29;48;2;190;84;48m▀[38;2;190;84;48;48;2;190;84;48m▀[38;2;190;84;48;48;2;11;11;11m▀[38;2;190;84;48;48;2;112;65;29m▀[38;2;112;65;29;48;2;190;84;48m▀[38;2;112;65;29;48;2;190;84;48m▀[38;2;190;84;48;48;2;190;84;48m▀[38;2;190;84;48;48;2;190;84;48m▀[38;2;190;84;48;48;2;190;84;48m▀[38;2;190;84;48;48;2;255;117;65m▀[38;2;255;117;65;48;2;255;117;65m▀[38;2;255;117;65;48;2;255;117;65m▀[38;2;255;117;65;48;2;255;117;65m▀[38;2;255;117;65;48;2;255;117;65m▀[38;2;112;65;29;48;2;255;117;65m▀[38;2;112;65;29;48;2;190;84;48m▀[38;2;0;0;0;48;2;112;65;29m▀[38;2;0;0;0;48;2;112;65;29m▀[38;2;0;0;0m▄[38;2;0;0;0m▄[0m [0m [0m [0m [0m [38;2;0;0;0;48;2;0;0;0m▀[38;2;224;28;0;48;2;224;28;0m▀[38;2;224;28;0;48;2;224;28;0m▀[38;2;224;28;0;48;2;246;164;0m▀[38;2;224;28;0;48;2;224;28;0m▀[38;2;247;203;5;48;2;224;28;0m▀[38;2;247;203;5;48;2;247;203;5m▀[38;2;247;203;5;48;2;247;203;5m▀[38;2;224;28;0;48;2;246;164;0m▀[38;2;0;0;0;48;2;224;28;0m▀[0m
[0m [0m [0m [0m [38;2;0;0;0;48;2;0;0;0m▀[38;2;11;11;11;48;2;11;11;11m▀[38;2;11;11;11;48;2;11;11;11m▀[38;2;255;117;65;48;2;255;117;65m▀[38;2;255;117;65;48;2;255;117;65m▀[38;2;190;84;48;48;2;190;84;48m▀[38;2;190;84;48;48;2;190;84;48m▀[38;2;11;11;11;48;2;11;11;11m▀[38;2;11;11;11;48;2;11;11;11m▀[38;2;190;84;48;48;2;190;84;48m▀[38;2;190;84;48;48;2;190;84;48m▀[38;2;190;84;48;48;2;190;84;48m▀[38;2;190;84;48;48;2;190;84;48m▀[38;2;190;84;48;48;2;190;84;48m▀[38;2;190;84;48;48;2;190;84;48m▀[38;2;255;117;65;48;2;255;117;65m▀[38;2;255;117;65;48;2;255;117;65m▀[38;2;255;117;65;48;2;255;117;65m▀[38;2;255;117;65;48;2;255;117;65m▀[38;2;255;117;65;48;2;255;117;65m▀[38;2;255;117;65;48;2;255;117;65m▀[38;2;255;117;65;48;2;255;117;65m▀[38;2;255;117;65;48;2;255;117;65m▀[38;2;190;84;48;48;2;190;84;48m▀[38;2;190;84;48;48;2;190;84;48m▀[38;2;112;65;29;48;2;112;65;29m▀[38;2;112;65;29;48;2;112;65;29m▀[38;2;0;0;0;48;2;0;0;0m▀[0m [0m [0m [0m [38;2;0;0;0;48;2;0;0;0m▀[38;2;224;28;0;48;2;224;28;0m▀[38;2;247;203;5;48;2;247;203;5m▀[38;2;247;203;5;48;2;247;203;5m▀[38;2;224;28;0;48;2;224;28;0m▀[38;2;247;203;5;48;2;247;203;5m▀[38;2;247;203;5;48;2;247;203;5m▀[38;2;247;203;5;48;2;247;203;5m▀[38;2;247;203;5;48;2;247;203;5m▀[38;2;224;28;0;48;2;224;28;0m▀[0m
[0m [0m [0m [0m [0m [38;2;0;0;0;48;2;0;0;0m▀[38;2;112;65;29;48;2;112;65;29m▀[38;2;11;11;11;48;2;230;189;98m▀[38;2;11;11;11;48;2;230;189;98m▀[38;2;11;11;11;48;2;230;189;98m▀[38;2;11;11;11;48;2;230;189;98m▀[38;2;230;189;98;48;2;230;189;98m▀[38;2;230;189;98;48;2;230;189;98m▀[38;2;190;84;48;48;2;230;189;98m▀[38;2;190;84;48;48;2;190;84;48m▀[38;2;190;84;48;48;2;190;84;48m▀[38;2;190;84;48;48;2;190;84;48m▀[38;2;190;84;48;48;2;112;65;29m▀[38;2;255;117;65;48;2;255;117;65m▀[38;2;255;117;65;48;2;255;117;65m▀[38;2;255;117;65;48;2;255;117;65m▀[38;2;255;117;65;48;2;255;117;65m▀[38;2;255;117;65;48;2;255;117;65m▀[38;2;255;117;65;48;2;255;117;65m▀[38;2;255;117;65;48;2;255;117;65m▀[38;2;255;117;65;48;2;255;117;65m▀[38;2;255;117;65;48;2;190;84;48m▀[38;2;190;84;48;48;2;112;65;29m▀[38;2;190;84;48;48;2;190;84;48m▀[38;2;190;84;48;48;2;190;84;48m▀[38;2;190;84;48;48;2;190;84;48m▀[38;2;112;65;29;48;2;112;65;29m▀[38;2;0;0;0;48;2;0;0;0m▀[38;2;0;0;0m▄[38;2;0;0;0;48;2;247;203;5m▀[38;2;0;0;0m▄[38;2;0;0;0;48;2;0;0;0m▀[38;2;224;28;0;48;2;224;28;0m▀[38;2;246;164;0;48;2;246;164;0m▀[38;2;247;203;5;48;2;246;164;0m▀[38;2;247;203;5;48;2;246;164;0m▀[38;2;247;203;5;48;2;247;203;5m▀[38;2;247;203;5;48;2;247;203;5m▀[38;2;247;203;5;48;2;247;203;5m▀[38;2;247;203;5;48;2;246;164;0m▀[38;2;224;28;0;48;2;224;28;0m▀[0m
[0m [0m [0m [0m [0m [38;2;0;0;0;48;2;0;0;0m▀[38;2;112;65;29;48;2;112;65;29m▀[38;2;230;189;98;48;2;236;206;138m▀[38;2;230;189;98;48;2;230;189;98m▀[38;2;230;189;98;48;2;230;189;98m▀[38;2;230;189;98;48;2;230;189;98m▀[38;2;230;189;98;48;2;236;206;138m▀[38;2;230;189;98;48;2;236;206;138m▀[38;2;236;206;138;48;2;236;206;138m▀[38;2;236;206;138;48;2;236;206;138m▀[38;2;190;84;48;48;2;112;65;29m▀[38;2;190;84;48;48;2;112;65;29m▀[38;2;112;65;29;48;2;190;84;48m▀[38;2;190;84;48;48;2;190;84;48m▀[38;2;255;117;65;48;2;255;117;65m▀[38;2;255;117;65;48;2;255;117;65m▀[38;2;255;117;65;48;2;255;117;65m▀[38;2;255;117;65;48;2;190;84;48m▀[38;2;255;117;65;48;2;190;84;48m▀[38;2;255;117;65;48;2;255;117;65m▀[38;2;190;84;48;48;2;190;84;48m▀[38;2;190;84;48;48;2;190;84;48m▀[38;2;190;84;48;48;2;190;84;48m▀[38;2;112;65;29;48;2;190;84;48m▀[38;2;190;84;48;48;2;112;65;29m▀[38;2;190;84;48;48;2;112;65;29m▀[38;2;112;65;29;48;2;230;189;98m▀[38;2;112;65;29;48;2;112;65;29m▀[38;2;11;11;11;48;2;255;148;65m▀[38;2;224;28;0;48;2;255;175;113m▀[38;2;247;203;5;48;2;224;28;0m▀[38;2;247;203;5;48;2;224;28;0m▀[38;2;246;164;0;48;2;255;175;113m▀[38;2;247;203;5;48;2;224;28;0m▀[38;2;246;164;0;48;2;247;203;5m▀[38;2;224;28;0;48;2;246;164;0m▀[38;2;246;164;0;48;2;224;28;0m▀[38;2;246;164;0;48;2;224;28;0m▀[38;2;246;164;0;48;2;224;28;0m▀[38;2;224;28;0;48;2;224;28;0m▀[38;2;224;28;0;48;2;0;0;0m▀[0m
[0m [0m [0m [0m [38;2;0;0;0;48;2;0;0;0m▀[38;2;112;65;29;48;2;112;65;29m▀[38;2;236;206;138;48;2;236;206;138m▀[38;2;236;206;138;48;2;236;206;138m▀[38;2;236;206;138;48;2;236;206;138m▀[38;2;236;206;138;48;2;236;206;138m▀[38;2;236;206;138;48;2;236;206;138m▀[38;2;236;206;138;48;2;236;206;138m▀[38;2;236;206;138;48;2;236;206;138m▀[38;2;236;206;138;48;2;236;206;138m▀[38;2;236;206;138;48;2;236;206;138m▀[38;2;112;65;29;48;2;112;65;29m▀[38;2;112;65;29;48;2;112;65;29m▀[38;2;190;84;48;48;2;190;84;48m▀[38;2;190;84;48;48;2;190;84;48m▀[38;2;190;84;48;48;2;190;84;48m▀[38;2;190;84;48;48;2;190;84;48m▀[38;2;255;117;65;48;2;190;84;48m▀[38;2;190;84;48;48;2;190;84;48m▀[38;2;190;84;48;48;2;190;84;48m▀[38;2;190;84;48;48;2;190;84;48m▀[38;2;190;84;48;48;2;190;84;48m▀[38;2;112;65;29;48;2;190;84;48m▀[38;2;190;84;48;48;2;112;65;29m▀[38;2;190;84;48;48;2;112;65;29m▀[38;2;112;65;29;48;2;230;189;98m▀[38;2;112;65;29;48;2;230;189;98m▀[38;2;230;189;98;48;2;236;206;138m▀[38;2;112;65;29;48;2;11;11;11m▀[38;2;11;11;11;48;2;190;84;48m▀[38;2;11;11;11;48;2;190;84;48m▀[38;2;255;175;113;48;2;190;84;48m▀[38;2;255;175;113;48;2;190;84;48m▀[38;2;255;148;65;48;2;190;84;48m▀[38;2;255;175;113;48;2;255;148;65m▀[38;2;255;175;113;48;2;255;175;113m▀[38;2;224;28;0;48;2;11;11;11m▀[38;2;136;40;0;48;2;230;172;90m▀[38;2;224;28;0;48;2;136;40;0m▀[38;2;224;28;0;48;2;136;40;0m▀[38;2;0;0;0;48;2;0;0;0m▀[0m [0m
[0m [0m [0m [0m [38;2;0;0;0;48;2;0;0;0m▀[38;2;112;65;29;48;2;112;65;29m▀[38;2;236;206;138;48;2;236;206;138m▀[38;2;236;206;138;48;2;112;65;29m▀[38;2;236;206;138;48;2;236;206;138m▀[38;2;236;206;138;48;2;236;206;138m▀[38;2;236;206;138;48;2;236;206;138m▀[38;2;236;206;138;48;2;236;206;138m▀[38;2;236;206;138;48;2;236;206;138m▀[38;2;236;206;138;48;2;236;206;138m▀[38;2;236;206;138;48;2;236;206;138m▀[38;2;112;65;29;48;2;112;65;29m▀[38;2;112;65;29;48;2;112;65;29m▀[38;2;190;84;48;48;2;190;84;48m▀[38;2;190;84;48;48;2;190;84;48m▀[38;2;190;84;48;48;2;190;84;48m▀[38;2;190;84;48;48;2;190;84;48m▀[38;2;190;84;48;48;2;190;84;48m▀[38;2;190;84;48;48;2;190;84;48m▀[38;2;190;84;48;48;2;190;84;48m▀[38;2;190;84;48;48;2;190;84;48m▀[38;2;190;84;48;48;2;190;84;48m▀[38;2;190;84;48;48;2;190;84;48m▀[38;2;112;65;29;48;2;112;65;29m▀[38;2;112;65;29;48;2;230;189;98m▀[38;2;230;189;98;48;2;236;206;138m▀[38;2;230;189;98;48;2;236;206;138m▀[38;2;236;206;138;48;2;236;206;138m▀[38;2;11;11;11;48;2;230;189;98m▀[38;2;190;84;48;48;2;11;11;11m▀[38;2;190;84;48;48;2;190;84;48m▀[38;2;190;84;48;48;2;190;84;48m▀[38;2;190;84;48;48;2;190;84;48m▀[38;2;190;84;48;48;2;11;11;11m▀[38;2;255;148;65;48;2;11;11;11m▀[38;2;255;175;113;48;2;11;11;11m▀[38;2;11;11;11;48;2;11;11;11m▀[38;2;230;172;90;48;2;230;172;90m▀[38;2;136;40;0;48;2;136;40;0m▀[38;2;136;40;0;48;2;136;40;0m▀[38;2;0;0;0;48;2;0;0;0m▀[0m [0m
[0m [0m [0m [0m [38;2;0;0;0;48;2;0;0;0m▀[38;2;112;65;29;48;2;112;65;29m▀[38;2;236;206;138;48;2;230;189;98m▀[38;2;112;65;29;48;2;112;65;29m▀[38;2;236;206;138;48;2;236;206;138m▀[38;2;236;206;138;48;2;236;206;138m▀[38;2;236;206;138;48;2;236;206;138m▀[38;2;112;65;29;48;2;112;65;29m▀[38;2;236;206;138;48;2;230;189;98m▀[38;2;236;206;138;48;2;236;206;138m▀[38;2;236;206;138;48;2;230;189;98m▀[38;2;230;189;98;48;2;230;189;98m▀[38;2;230;189;98;48;2;230;189;98m▀[38;2;112;65;29;48;2;112;65;29m▀[38;2;190;84;48;48;2;190;84;48m▀[38;2;190;84;48;48;2;190;84;48m▀[38;2;190;84;48;48;2;190;84;48m▀[38;2;190;84;48;48;2;190;84;48m▀[38;2;112;65;29;48;2;190;84;48m▀[38;2;112;65;29;48;2;190;84;48m▀[38;2;190;84;48;48;2;112;65;29m▀[38;2;190;84;48;48;2;190;84;48m▀[38;2;190;84;48;48;2;190;84;48m▀[38;2;112;65;29;48;2;112;65;29m▀[38;2;230;189;98;48;2;236;206;138m▀[38;2;236;206;138;48;2;236;206;138m▀[38;2;236;206;138;48;2;236;206;138m▀[38;2;236;206;138;48;2;236;206;138m▀[38;2;236;206;138;48;2;236;206;138m▀[38;2;11;11;11;48;2;11;11;11m▀[38;2;11;11;11;48;2;190;84;48m▀[38;2;11;11;11;48;2;190;84;48m▀[38;2;11;11;11;48;2;190;84;48m▀[38;2;255;148;65;48;2;190;84;48m▀[38;2;255;148;65;48;2;255;148;65m▀[38;2;11;11;11;48;2;255;148;65m▀[38;2;255;148;65;48;2;11;11;11m▀[38;2;230;172;90;48;2;230;172;90m▀[38;2;11;11;11;48;2;11;11;11m▀[38;2;11;11;11;48;2;11;11;11m▀[38;2;0;0;0;48;2;0;0;0m▀[0m [0m
[0m [0m [0m [0m [0m [38;2;0;0;0m▀[38;2;112;65;29;48;2;0;0;0m▀[38;2;112;65;29;48;2;11;11;11m▀[38;2;230;189;98;48;2;112;65;29m▀[38;2;230;189;98;48;2;112;65;29m▀[38;2;230;189;98;48;2;112;65;29m▀[38;2;230;189;98;48;2;112;65;29m▀[38;2;112;65;29;48;2;230;189;98m▀[38;2;230;189;98;48;2;112;65;29m▀[38;2;230;189;98;48;2;112;65;29m▀[38;2;101;83;43;48;2;230;189;98m▀[38;2;101;83;43;48;2;230;189;98m▀[38;2;230;189;98;48;2;230;189;98m▀[38;2;112;65;29;48;2;230;189;98m▀[38;2;190;84;48;48;2;112;65;29m▀[38;2;190;84;48;48;2;190;84;48m▀[38;2;190;84;48;48;2;190;84;48m▀[38;2;190;84;48;48;2;112;65;29m▀[38;2;190;84;48;48;2;112;65;29m▀[38;2;190;84;48;48;2;230;189;98m▀[38;2;112;65;29;48;2;230;189;98m▀[38;2;112;65;29;48;2;230;189;98m▀[38;2;230;189;98;48;2;230;189;98m▀[38;2;236;206;138;48;2;230;189;98m▀[38;2;236;206;138;48;2;236;206;138m▀[38;2;236;206;138;48;2;236;206;138m▀[38;2;112;65;29;48;2;236;206;138m▀[38;2;236;206;138;48;2;112;65;29m▀[38;2;11;11;11;48;2;230;189;98m▀[38;2;190;84;48;48;2;11;11;11m▀[38;2;190;84;48;48;2;11;11;11m▀[38;2;190;84;48;48;2;11;11;11m▀[38;2;190;84;48;48;2;11;11;11m▀[38;2;11;11;11;48;2;255;148;65m▀[38;2;11;11;11;48;2;190;84;48m▀[38;2;230;172;90;48;2;230;172;90m▀[38;2;11;11;11;48;2;11;11;11m▀[38;2;0;0;0;48;2;0;0;0m▀[38;2;0;0;0m▀[0m [0m [0m
[0m [0m [0m [0m [0m [0m [38;2;0;0;0m▀[38;2;11;11;11;48;2;0;0;0m▀[38;2;112;65;29;48;2;11;11;11m▀[38;2;112;65;29;48;2;230;189;98m▀[38;2;112;65;29;48;2;230;189;98m▀[38;2;112;65;29;48;2;230;189;98m▀[38;2;230;189;98;48;2;230;189;98m▀[38;2;112;65;29;48;2;230;189;98m▀[38;2;112;65;29;48;2;230;189;98m▀[38;2;230;189;98;48;2;230;189;98m▀[38;2;230;189;98;48;2;230;189;98m▀[38;2;230;189;98;48;2;230;189;98m▀[38;2;230;189;98;48;2;230;189;98m▀[38;2;112;65;29;48;2;230;189;98m▀[38;2;190;84;48;48;2;112;65;29m▀[38;2;190;84;48;48;2;112;65;29m▀[38;2;112;65;29;48;2;11;11;11m▀[38;2;112;65;29;48;2;11;11;11m▀[38;2;230;189;98;48;2;230;189;98m▀[38;2;230;189;98;48;2;230;189;98m▀[38;2;230;189;98;48;2;230;189;98m▀[38;2;230;189;98;48;2;230;189;98m▀[38;2;230;189;98;48;2;112;65;29m▀[38;2;236;206;138;48;2;230;189;98m▀[38;2;236;206;138;48;2;230;189;98m▀[38;2;236;206;138;48;2;230;189;98m▀[38;2;112;65;29;48;2;112;65;29m▀[38;2;230;189;98;48;2;230;189;98m▀[38;2;11;11;11;48;2;11;11;11m▀[38;2;11;11;11;48;2;255;148;65m▀[38;2;11;11;11;48;2;255;148;65m▀[38;2;11;11;11;48;2;190;84;48m▀[38;2;255;148;65;48;2;230;172;90m▀[38;2;190;84;48;48;2;230;172;90m▀[38;2;230;172;90;48;2;11;11;11m▀[38;2;11;11;11;48;2;0;0;0m▀[38;2;0;0;0m▀[0m [0m [0m [0m
[0m [0m [0m [0m [0m [0m [0m [0m [38;2;0;0;0m▀[38;2;11;11;11;48;2;0;0;0m▀[38;2;11;11;11;48;2;0;0;0m▀[38;2;230;189;98;48;2;11;11;11m▀[38;2;230;189;98;48;2;11;11;11m▀[38;2;230;189;98;48;2;230;189;98m▀[38;2;230;189;98;48;2;230;189;98m▀[38;2;230;189;98;48;2;230;189;98m▀[38;2;230;189;98;48;2;230;189;98m▀[38;2;230;189;98;48;2;230;189;98m▀[38;2;230;189;98;48;2;230;189;98m▀[38;2;230;189;98;48;2;230;189;98m▀[38;2;230;189;98;48;2;230;189;98m▀[38;2;230;189;98;48;2;230;189;98m▀[38;2;230;189;98;48;2;230;189;98m▀[38;2;230;189;98;48;2;230;189;98m▀[38;2;11;11;11;48;2;230;189;98m▀[38;2;11;11;11;48;2;230;189;98m▀[38;2;230;189;98;48;2;112;65;29m▀[38;2;230;189;98;48;2;11;11;11m▀[38;2;230;189;98;48;2;11;11;11m▀[38;2;112;65;29;48;2;230;189;98m▀[38;2;112;65;29;48;2;230;189;98m▀[38;2;230;189;98;48;2;112;65;29m▀[38;2;230;189;98;48;2;230;189;98m▀[38;2;112;65;29;48;2;11;11;11m▀[38;2;11;11;11;48;2;230;172;90m▀[38;2;190;84;48;48;2;230;172;90m▀[38;2;190;84;48;48;2;230;172;90m▀[38;2;230;172;90;48;2;230;172;90m▀[38;2;230;172;90;48;2;11;11;11m▀[38;2;11;11;11;48;2;0;0;0m▀[38;2;0;0;0m▀[0m [0m [0m [0m [0m [0m
[0m [0m [0m [0m [0m [0m [0m [0m [0m [0m [0m [38;2;0;0;0m▀[38;2;0;0;0m▀[38;2;11;11;11;48;2;0;0;0m▀[38;2;11;11;11;48;2;0;0;0m▀[38;2;230;189;98;48;2;11;11;11m▀[38;2;230;189;98;48;2;11;11;11m▀[38;2;230;189;98;48;2;112;65;29m▀[38;2;230;189;98;48;2;112;65;29m▀[38;2;230;189;98;48;2;230;189;98m▀[38;2;230;189;98;48;2;230;189;98m▀[38;2;230;189;98;48;2;230;189;98m▀[38;2;230;189;98;48;2;230;189;98m▀[38;2;230;189;98;48;2;230;189;98m▀[38;2;230;189;98;48;2;112;65;29m▀[38;2;230;189;98;48;2;112;65;29m▀[38;2;230;189;98;48;2;230;172;90m▀[38;2;230;172;90;48;2;230;172;90m▀[38;2;230;172;90;48;2;230;172;90m▀[38;2;11;11;11;48;2;230;172;90m▀[38;2;11;11;11;48;2;230;172;90m▀[38;2;11;11;11;48;2;230;172;90m▀[38;2;11;11;11;48;2;230;172;90m▀[38;2;230;172;90;48;2;112;65;29m▀[38;2;230;172;90;48;2;112;65;29m▀[38;2;11;11;11;48;2;0;0;0m▀[38;2;11;11;11;48;2;0;0;0m▀[38;2;11;11;11;48;2;0;0;0m▀[38;2;0;0;0m▀[0m [0m [0m [0m [0m [0m [0m [0m
[0m [0m [0m [0m [0m [0m [0m [0m [0m [0m [0m [38;2;0;0;0m▄[38;2;0;0;0m▄[38;2;0;0;0m▄[38;2;0;0;0;48;2;0;0;0m▀[38;2;11;11;11;48;2;157;103;0m▀[38;2;11;11;11;48;2;157;103;0m▀[38;2;112;65;29;48;2;240;160;0m▀[38;2;112;65;29;48;2;157;103;0m▀[38;2;230;189;98;48;2;11;11;11m▀[38;2;230;189;98;48;2;11;11;11m▀[38;2;230;189;98;48;2;157;103;0m▀[38;2;230;189;98;48;2;112;65;29m▀[38;2;230;189;98;48;2;112;65;29m▀[38;2;112;65;29;48;2;112;65;29m▀[38;2;112;65;29;48;2;157;103;0m▀[38;2;230;172;90;48;2;112;65;29m▀[38;2;230;172;90;48;2;112;65;29m▀[38;2;230;172;90;48;2;112;65;29m▀[38;2;230;172;90;48;2;112;65;29m▀[38;2;230;172;90;48;2;112;65;29m▀[38;2;230;172;90;48;2;112;65;29m▀[38;2;230;172;90;48;2;112;65;29m▀[38;2;112;65;29;48;2;0;0;0m▀[38;2;112;65;29;48;2;0;0;0m▀[38;2;0;0;0m▀[0m [0m [0m [0m [0m [0m [0m [0m [0m [0m [0m
[0m [0m [0m [0m [0m [0m [0m [0m [38;2;0;0;0m▄[38;2;0;0;0;48;2;157;103;0m▀[38;2;0;0;0;48;2;157;103;0m▀[38;2;157;103;0;48;2;177;177;177m▀[38;2;157;103;0;48;2;117;117;117m▀[38;2;157;103;0;48;2;255;255;255m▀[38;2;157;103;0;48;2;240;160;0m▀[38;2;240;160;0;48;2;240;160;0m▀[38;2;240;160;0;48;2;240;160;0m▀[38;2;240;160;0;48;2;240;160;0m▀[38;2;157;103;0;48;2;157;103;0m▀[38;2;0;0;0;48;2;157;103;0m▀[38;2;0;0;0;48;2;240;160;0m▀[38;2;157;103;0;48;2;240;160;0m▀[38;2;240;160;0;48;2;240;160;0m▀[38;2;240;160;0;48;2;240;160;0m▀[38;2;240;160;0;48;2;240;160;0m▀[38;2;157;103;0;48;2;240;160;0m▀[38;2;0;0;0;48;2;157;103;0m▀[38;2;0;0;0;48;2;0;0;0m▀[38;2;0;0;0m▀[38;2;0;0;0m▀[38;2;0;0;0m▀[38;2;0;0;0m▀[38;2;0;0;0m▀[0m [0m [0m [0m [0m [0m [0m [0m [0m [0m [0m [0m [0m [0m
[0m [0m [0m [0m [0m [0m [0m [38;2;0;0;0m▀[38;2;157;103;0;48;2;0;0;0m▀[38;2;177;177;177;48;2;11;11;11m▀[38;2;177;177;177;48;2;11;11;11m▀[38;2;11;11;11;48;2;0;0;0m▀[38;2;255;255;255;48;2;11;11;11m▀[38;2;11;11;11;48;2;0;0;0m▀[38;2;11;11;11;48;2;0;0;0m▀[38;2;157;103;0;48;2;11;11;11m▀[38;2;157;103;0;48;2;11;11;11m▀[38;2;157;103;0;48;2;255;255;255m▀[38;2;255;255;255;48;2;11;11;11m▀[38;2;240;160;0;48;2;117;117;117m▀[38;2;248;208;8;48;2;255;255;255m▀[38;2;248;208;8;48;2;240;160;0m▀[38;2;248;208;8;48;2;240;160;0m▀[38;2;248;208;8;48;2;240;160;0m▀[38;2;240;160;0;48;2;11;11;11m▀[38;2;117;117;117;48;2;11;11;11m▀[38;2;177;177;177;48;2;11;11;11m▀[38;2;157;103;0;48;2;11;11;11m▀[38;2;0;0;0;48;2;0;0;0m▀[0m [0m [0m [0m [0m [0m [0m [0m [0m [0m [0m [0m [0m [0m [0m [0m [0m [0m
[0m [0m [0m [0m [0m [0m [0m [0m [38;2;0;0;0m▀[38;2;11;11;11;48;2;0;0;0m▀[38;2;11;11;11;48;2;0;0;0m▀[38;2;0;0;0m▀[38;2;11;11;11;48;2;0;0;0m▀[38;2;0;0;0m▀[38;2;0;0;0m▀[38;2;11;11;11;48;2;0;0;0m▀[38;2;11;11;11;48;2;0;0;0m▀[38;2;255;255;255;48;2;11;11;11m▀[38;2;11;11;11;48;2;117;117;117m▀[38;2;117;117;117;48;2;255;255;255m▀[38;2;255;255;255;48;2;11;11;11m▀[38;2;240;160;0;48;2;11;11;11m▀[38;2;240;160;0;48;2;11;11;11m▀[38;2;240;160;0;48;2;11;11;11m▀[38;2;11;11;11;48;2;0;0;0m▀[38;2;11;11;11;48;2;0;0;0m▀[38;2;11;11;11;48;2;0;0;0m▀[38;2;11;11;11;48;2;0;0;0m▀[38;2;0;0;0m▀[0m [0m [0m [0m [0m [0m [0m [0m [0m [0m [0m [0m [0m [0m [0m [0m [0m [0m
