[0m [0m [38;2;0;0;0m▄[38;2;0;0;0m▄[38;2;0;0;0m▄[38;2;0;0;0m▄[38;2;0;0;0m▄[38;2;0;0;0;48;2;200;160;0m▀[38;2;200;160;0;48;2;248;208;0m▀[38;2;200;160;0;48;2;248;208;0m▀[38;2;200;160;0;48;2;248;208;0m▀[38;2;200;160;0;48;2;248;248;248m▀[38;2;0;0;0;48;2;200;160;0m▀[38;2;0;0;0m▄[38;2;0;0;0m▄[38;2;0;0;0m▄[38;2;0;0;0m▄[38;2;0;0;0;48;2;16;16;16m▀[38;2;0;0;0;48;2;16;16;16m▀[38;2;16;16;16;48;2;16;16;16m▀[38;2;16;16;16;48;2;16;16;16m▀[38;2;16;16;16;48;2;16;16;16m▀[38;2;16;16;16;48;2;16;16;16m▀[38;2;16;16;16;48;2;16;16;16m▀[38;2;0;0;0;48;2;16;16;16m▀[38;2;0;0;0m▄[0m [0m [0m [0m [0m [0m [0m [0m [0m [0m [0m [0m [0m [0m [0m [0m [0m [0m [0m [0m [0m [0m [0m [0m [0m [0m [0m
[0m [38;2;0;0;0;48;2;0;0;0m▀[38;2;16;16;16;48;2;16;16;16m▀[38;2;16;16;16;48;2;16;16;16m▀[38;2;16;16;16;48;2;16;16;16m▀[38;2;16;16;16;48;2;16;16;16m▀[38;2;200;160;0;48;2;200;160;0m▀[38;2;248;208;0;48;2;248;208;0m▀[38;2;248;208;0;48;2;248;208;0m▀[38;2;248;248;248;48;2;248;248;248m▀[38;2;248;248;248;48;2;248;248;248m▀[38;2;248;248;248;48;2;248;248;248m▀[38;2;248;248;248;48;2;248;248;248m▀[38;2;200;160;0;48;2;200;160;0m▀[38;2;136;104;0;48;2;136;104;0m▀[38;2;16;16;16;48;2;16;16;16m▀[38;2;16;16;16;48;2;16;16;16m▀[38;2;16;16;16;48;2;16;16;16m▀[38;2;16;16;16;48;2;16;16;16m▀[38;2;16;16;16;48;2;16;16;16m▀[38;2;16;16;16;48;2;16;16;16m▀[38;2;16;16;16;48;2;16;16;16m▀[38;2;16;16;16;48;2;16;16;16m▀[38;2;16;16;16;48;2;16;16;16m▀[38;2;16;16;16;48;2;16;16;16m▀[38;2;0;0;0;48;2;0;0;0m▀[0m [0m [0m [0m [0m [0m [0m [0m [0m [0m [0m [0m [0m [0m [0m [0m [0m [0m [0m [0m [0m [0m [0m [0m [0m [0m [0m
[38;2;0;0;0;48;2;0;0;0m▀[38;2;16;16;16;48;2;16;16;16m▀[38;2;16;16;16;48;2;16;16;16m▀[38;2;16;16;16;48;2;16;16;16m▀[38;2;16;16;16;48;2;16;16;16m▀[38;2;16;16;16;48;2;16;16;16m▀[38;2;200;160;0;48;2;200;160;0m▀[38;2;200;160;0;48;2;248;208;0m▀[38;2;200;160;0;48;2;248;248;248m▀[38;2;248;208;0;48;2;248;248;248m▀[38;2;248;208;0;48;2;248;248;248m▀[38;2;248;208;0;48;2;248;248;248m▀[38;2;200;160;0;48;2;248;208;0m▀[38;2;200;160;0;48;2;200;160;0m▀[38;2;16;16;16;48;2;16;16;16m▀[38;2;16;16;16;48;2;16;16;16m▀[38;2;16;16;16;48;2;16;16;16m▀[38;2;16;16;16;48;2;16;16;16m▀[38;2;16;16;16;48;2;208;88;56m▀[38;2;208;88;56;48;2;248;112;80m▀[38;2;208;88;56;48;2;248;112;80m▀[38;2;16;16;16;48;2;16;16;16m▀[38;2;16;16;16;48;2;16;16;16m▀[38;2;16;16;16;48;2;16;16;16m▀[38;2;16;16;16;48;2;16;16;16m▀[38;2;0;0;0;48;2;0;0;0m▀[0m [0m [0m [0m [0m [0m [0m [0m [0m [0m [0m [0m [0m [0m [0m [0m [0m [0m [0m [0m [0m [0m [0m [0m [0m [0m [0m
[38;2;0;0;0;48;2;0;0;0m▀[38;2;16;16;16;48;2;16;16;16m▀[38;2;16;16;16;48;2;16;16;16m▀[38;2;16;16;16;48;2;16;16;16m▀[38;2;208;88;56;48;2;208;88;56m▀[38;2;248;112;80;48;2;248;112;80m▀[38;2;200;160;0;48;2;200;160;0m▀[38;2;200;160;0;48;2;248;248;248m▀[38;2;248;208;0;48;2;248;248;248m▀[38;2;248;208;0;48;2;248;248;248m▀[38;2;248;208;0;48;2;248;248;248m▀[38;2;200;160;0;48;2;248;208;0m▀[38;2;200;160;0;48;2;248;208;0m▀[38;2;144;88;0;48;2;144;88;0m▀[38;2;16;16;16;48;2;16;16;16m▀[38;2;16;16;16;48;2;208;88;56m▀[38;2;16;16;16;48;2;208;88;56m▀[38;2;208;88;56;48;2;208;88;56m▀[38;2;248;112;80;48;2;248;112;80m▀[38;2;248;112;80;48;2;248;112;80m▀[38;2;248;112;80;48;2;208;88;56m▀[38;2;16;16;16;48;2;16;16;16m▀[38;2;16;16;16;48;2;16;16;16m▀[38;2;16;16;16;48;2;16;16;16m▀[38;2;16;16;16;48;2;16;16;16m▀[38;2;0;0;0;48;2;0;0;0m▀[0m [0m [0m [0m [0m [0m [0m [0m [0m [0m [0m [0m [0m [0m [0m [0m [0m [0m [0m [0m [0m [0m [0m [0m [0m [0m [0m
[0m [38;2;0;0;0;48;2;0;0;0m▀[38;2;16;16;16;48;2;16;16;16m▀[38;2;16;16;16;48;2;16;16;16m▀[38;2;16;16;16;48;2;16;16;16m▀[38;2;248;112;80;48;2;248;112;80m▀[38;2;200;160;0;48;2;200;160;0m▀[38;2;200;160;0;48;2;200;160;0m▀[38;2;248;208;0;48;2;248;208;0m▀[38;2;200;160;0;48;2;200;160;0m▀[38;2;200;160;0;48;2;200;160;0m▀[38;2;200;160;0;48;2;200;160;0m▀[38;2;200;160;0;48;2;200;160;0m▀[38;2;144;88;0;48;2;144;88;0m▀[38;2;248;224;128;48;2;248;224;128m▀[38;2;248;224;128;48;2;248;224;128m▀[38;2;248;224;128;48;2;248;224;128m▀[38;2;248;224;128;48;2;248;224;128m▀[38;2;248;224;128;48;2;248;224;128m▀[38;2;248;112;80;48;2;248;112;80m▀[38;2;16;16;16;48;2;16;16;16m▀[38;2;16;16;16;48;2;16;16;16m▀[38;2;16;16;16;48;2;16;16;16m▀[38;2;16;16;16;48;2;16;16;16m▀[38;2;16;16;16;48;2;16;16;16m▀[38;2;0;0;0;48;2;0;0;0m▀[0m [38;2;0;0;0m▄[38;2;0;0;0m▄[38;2;0;0;0m▄[38;2;0;0;0m▄[38;2;0;0;0m▄[0m [0m [0m [0m [0m [0m [0m [0m [0m [0m [0m [0m [0m [0m [0m [0m [0m [0m [0m [0m [0m
[38;2;0;0;0;48;2;16;16;16m▀[38;2;136;104;0;48;2;248;224;128m▀[38;2;136;104;0;48;2;248;224;128m▀[38;2;136;104;0;48;2;248;224;128m▀[38;2;16;16;16;48;2;136;104;0m▀[38;2;208;88;56;48;2;136;104;0m▀[38;2;200;160;0;48;2;136;104;0m▀[38;2;248;208;0;48;2;200;160;0m▀[38;2;248;208;0;48;2;144;88;0m▀[38;2;248;208;0;48;2;144;88;0m▀[38;2;248;208;0;48;2;144;88;0m▀[38;2;248;208;0;48;2;144;88;0m▀[38;2;144;88;0;48;2;248;224;128m▀[38;2;248;224;128;48;2;136;104;0m▀[38;2;248;224;128;48;2;136;104;0m▀[38;2;248;224;128;48;2;136;104;0m▀[38;2;248;224;128;48;2;136;104;0m▀[38;2;248;224;128;48;2;216;184;56m▀[38;2;216;184;56;48;2;216;184;56m▀[38;2;136;104;0;48;2;216;184;56m▀[38;2;16;16;16;48;2;136;104;0m▀[38;2;16;16;16;48;2;16;16;16m▀[38;2;16;16;16;48;2;16;16;16m▀[38;2;16;16;16;48;2;16;16;16m▀[38;2;0;0;0;48;2;136;104;0m▀[38;2;0;0;0;48;2;136;104;0m▀[38;2;0;0;0;48;2;136;104;0m▀[38;2;136;104;0;48;2;248;224;128m▀[38;2;136;104;0;48;2;248;224;128m▀[38;2;136;104;0;48;2;248;224;128m▀[38;2;136;104;0;48;2;248;224;128m▀[38;2;136;104;0;48;2;248;224;128m▀[38;2;0;0;0;48;2;16;16;16m▀[38;2;0;0;0m▄[0m [0m [0m [0m [0m [0m [0m [0m [0m [0m [0m [0m [0m [0m [0m [0m [0m [0m [0m
[38;2;0;0;0m▀[38;2;16;16;16;48;2;0;0;0m▀[38;2;16;16;16;48;2;0;0;0m▀[38;2;16;16;16;48;2;0;0;0m▀[38;2;248;224;128;48;2;200;160;0m▀[38;2;200;160;0;48;2;248;248;248m▀[38;2;200;160;0;48;2;248;248;248m▀[38;2;216;184;56;48;2;200;160;0m▀[38;2;248;224;128;48;2;200;160;0m▀[38;2;248;224;128;48;2;248;224;128m▀[38;2;248;224;128;48;2;248;224;128m▀[38;2;248;224;128;48;2;136;104;0m▀[38;2;136;104;0;48;2;248;248;248m▀[38;2;224;224;224;48;2;136;104;0m▀[38;2;248;248;248;48;2;248;248;248m▀[38;2;248;248;248;48;2;248;248;248m▀[38;2;248;248;248;48;2;248;248;248m▀[38;2;136;104;0;48;2;224;224;224m▀[38;2;216;184;56;48;2;136;104;0m▀[38;2;216;184;56;48;2;248;224;128m▀[38;2;136;104;0;48;2;248;224;128m▀[38;2;136;104;0;48;2;248;224;128m▀[38;2;136;104;0;48;2;248;224;128m▀[38;2;136;104;0;48;2;248;224;128m▀[38;2;248;224;128;48;2;16;16;16m▀[38;2;248;224;128;48;2;16;16;16m▀[38;2;248;224;128;48;2;16;16;16m▀[38;2;16;16;16;48;2;0;0;0m▀[38;2;16;16;16;48;2;0;0;0m▀[38;2;16;16;16;48;2;0;0;0m▀[38;2;16;16;16;48;2;0;0;0m▀[38;2;16;16;16;48;2;0;0;0m▀[38;2;0;0;0m▀[0m [0m [0m [0m [0m [0m [0m [0m [0m [0m [0m [0m [0m [0m [0m [0m [0m [0m [0m [0m
[0m [38;2;0;0;0;48;2;0;0;0m▀[38;2;200;160;0;48;2;200;160;0m▀[38;2;200;160;0;48;2;200;160;0m▀[38;2;248;248;248;48;2;248;248;248m▀[38;2;248;248;248;48;2;248;248;248m▀[38;2;248;208;0;48;2;248;208;0m▀[38;2;248;208;0;48;2;248;208;0m▀[38;2;248;208;0;48;2;248;208;0m▀[38;2;216;184;56;48;2;216;184;56m▀[38;2;216;184;56;48;2;216;184;56m▀[38;2;136;104;0;48;2;136;104;0m▀[38;2;248;248;248;48;2;248;248;248m▀[38;2;16;16;16;48;2;16;16;16m▀[38;2;248;248;248;48;2;248;248;248m▀[38;2;248;248;248;48;2;248;248;248m▀[38;2;248;248;248;48;2;248;248;248m▀[38;2;224;224;224;48;2;224;224;224m▀[38;2;136;104;0;48;2;136;104;0m▀[38;2;216;184;56;48;2;216;184;56m▀[38;2;248;224;128;48;2;248;224;128m▀[38;2;16;16;16;48;2;16;16;16m▀[38;2;16;16;16;48;2;16;16;16m▀[38;2;16;16;16;48;2;16;16;16m▀[38;2;0;0;0;48;2;0;0;0m▀[38;2;0;0;0m▀[38;2;0;0;0m▀[38;2;0;0;0m▄[38;2;0;0;0m▄[38;2;0;0;0m▄[38;2;0;0;0m▄[38;2;0;0;0m▄[0m [0m [0m [0m [0m [0m [0m [0m [0m [0m [0m [0m [38;2;0;0;0m▄[38;2;0;0;0m▄[38;2;0;0;0m▄[38;2;0;0;0m▄[0m [0m [0m [0m [0m
[38;2;0;0;0;48;2;16;16;16m▀[38;2;136;104;0;48;2;248;224;128m▀[38;2;200;160;0;48;2;200;160;0m▀[38;2;200;160;0;48;2;200;160;0m▀[38;2;248;208;0;48;2;144;88;0m▀[38;2;248;208;0;48;2;144;88;0m▀[38;2;248;208;0;48;2;144;88;0m▀[38;2;248;208;0;48;2;248;208;0m▀[38;2;248;208;0;48;2;248;208;0m▀[38;2;200;160;0;48;2;200;160;0m▀[38;2;200;160;0;48;2;200;160;0m▀[38;2;136;104;0;48;2;248;224;128m▀[38;2;248;248;248;48;2;216;184;56m▀[38;2;16;16;16;48;2;16;16;16m▀[38;2;248;248;248;48;2;224;224;224m▀[38;2;224;224;224;48;2;224;224;224m▀[38;2;224;224;224;48;2;224;224;224m▀[38;2;224;224;224;48;2;136;104;0m▀[38;2;136;104;0;48;2;216;184;56m▀[38;2;216;184;56;48;2;216;184;56m▀[38;2;216;184;56;48;2;136;104;0m▀[38;2;16;16;16;48;2;136;104;0m▀[38;2;0;0;0;48;2;136;104;0m▀[38;2;0;0;0;48;2;136;104;0m▀[38;2;0;0;0;48;2;136;104;0m▀[38;2;0;0;0;48;2;136;104;0m▀[38;2;0;0;0;48;2;136;104;0m▀[38;2;136;104;0;48;2;248;224;128m▀[38;2;136;104;0;48;2;248;224;128m▀[38;2;136;104;0;48;2;248;224;128m▀[38;2;136;104;0;48;2;248;224;128m▀[38;2;136;104;0;48;2;248;224;128m▀[38;2;0;0;0;48;2;16;16;16m▀[38;2;0;0;0m▄[0m [0m [0m [0m [0m [0m [0m [38;2;0;0;0m▄[38;2;0;0;0m▄[38;2;0;0;0;48;2;144;64;0m▀[38;2;144;64;0;48;2;232;152;48m▀[38;2;144;64;0;48;2;232;152;48m▀[38;2;144;64;0;48;2;232;152;48m▀[38;2;144;64;0;48;2;232;152;48m▀[38;2;0;0;0;48;2;144;64;0m▀[38;2;0;0;0;48;2;144;64;0m▀[38;2;0;0;0m▄[0m [0m
[38;2;0;0;0m▀[38;2;16;16;16;48;2;0;0;0m▀[38;2;16;16;16;48;2;0;0;0m▀[38;2;16;16;16;48;2;0;0;0m▀[38;2;144;88;0;48;2;144;88;0m▀[38;2;200;160;0;48;2;248;208;0m▀[38;2;200;160;0;48;2;200;160;0m▀[38;2;144;88;0;48;2;200;160;0m▀[38;2;144;88;0;48;2;200;160;0m▀[38;2;248;208;0;48;2;216;184;56m▀[38;2;248;208;0;48;2;216;184;56m▀[38;2;248;224;128;48;2;248;224;128m▀[38;2;248;224;128;48;2;248;224;128m▀[38;2;248;224;128;48;2;248;224;128m▀[38;2;216;184;56;48;2;248;224;128m▀[38;2;216;184;56;48;2;216;184;56m▀[38;2;216;184;56;48;2;216;184;56m▀[38;2;216;184;56;48;2;216;184;56m▀[38;2;216;184;56;48;2;216;184;56m▀[38;2;248;224;128;48;2;216;184;56m▀[38;2;248;224;128;48;2;216;184;56m▀[38;2;248;224;128;48;2;16;16;16m▀[38;2;248;224;128;48;2;16;16;16m▀[38;2;248;224;128;48;2;16;16;16m▀[38;2;248;224;128;48;2;16;16;16m▀[38;2;248;224;128;48;2;16;16;16m▀[38;2;248;224;128;48;2;16;16;16m▀[38;2;16;16;16;48;2;0;0;0m▀[38;2;16;16;16;48;2;0;0;0m▀[38;2;16;16;16;48;2;0;0;0m▀[38;2;16;16;16;48;2;0;0;0m▀[38;2;16;16;16;48;2;0;0;0m▀[38;2;0;0;0m▀[0m [0m [0m [0m [0m [0m [0m [38;2;0;0;0;48;2;0;0;0m▀[38;2;144;64;0;48;2;144;64;0m▀[38;2;144;64;0;48;2;144;64;0m▀[38;2;232;152;48;48;2;232;152;48m▀[38;2;232;152;48;48;2;232;152;48m▀[38;2;232;152;48;48;2;192;120;8m▀[38;2;232;152;48;48;2;192;120;8m▀[38;2;232;152;48;48;2;192;120;8m▀[38;2;232;152;48;48;2;192;120;8m▀[38;2;232;152;48;48;2;192;120;8m▀[38;2;144;64;0;48;2;144;64;0m▀[38;2;0;0;0;48;2;0;0;0m▀[0m
[0m [0m [0m [0m [38;2;0;0;0;48;2;0;0;0m▀[38;2;144;88;0;48;2;144;88;0m▀[38;2;248;208;0;48;2;248;208;0m▀[38;2;248;208;0;48;2;248;208;0m▀[38;2;248;208;0;48;2;248;208;0m▀[38;2;248;224;128;48;2;248;224;128m▀[38;2;248;224;128;48;2;248;224;128m▀[38;2;248;224;128;48;2;248;224;128m▀[38;2;248;224;128;48;2;248;224;128m▀[38;2;248;224;128;48;2;248;224;128m▀[38;2;216;184;56;48;2;216;184;56m▀[38;2;216;184;56;48;2;216;184;56m▀[38;2;216;184;56;48;2;216;184;56m▀[38;2;216;184;56;48;2;216;184;56m▀[38;2;216;184;56;48;2;216;184;56m▀[38;2;216;184;56;48;2;216;184;56m▀[38;2;216;184;56;48;2;216;184;56m▀[38;2;216;184;56;48;2;216;184;56m▀[38;2;232;152;48;48;2;232;152;48m▀[38;2;232;152;48;48;2;232;152;48m▀[38;2;232;152;48;48;2;232;152;48m▀[38;2;232;152;48;48;2;232;152;48m▀[38;2;144;64;0;48;2;144;64;0m▀[38;2;144;64;0;48;2;144;64;0m▀[38;2;0;0;0;48;2;0;0;0m▀[38;2;0;0;0m▄[38;2;0;0;0m▄[0m [0m [0m [0m [0m [0m [0m [0m [38;2;0;0;0;48;2;0;0;0m▀[38;2;144;64;0;48;2;144;64;0m▀[38;2;232;152;48;48;2;232;152;48m▀[38;2;232;152;48;48;2;232;152;48m▀[38;2;232;152;48;48;2;232;152;48m▀[38;2;192;120;8;48;2;192;120;8m▀[38;2;192;120;8;48;2;192;120;8m▀[38;2;144;64;0;48;2;144;64;0m▀[38;2;144;64;0;48;2;144;64;0m▀[38;2;192;120;8;48;2;192;120;8m▀[38;2;192;120;8;48;2;192;120;8m▀[38;2;192;120;8;48;2;192;120;8m▀[38;2;144;64;0;48;2;144;64;0m▀[0m
[0m [0m [0m [0m [0m [38;2;0;0;0m▀[38;2;144;88;0;48;2;0;0;0m▀[38;2;144;88;0;48;2;136;104;0m▀[38;2;144;88;0;48;2;216;184;56m▀[38;2;248;224;128;48;2;216;184;56m▀[38;2;248;224;128;48;2;216;184;56m▀[38;2;248;224;128;48;2;216;184;56m▀[38;2;248;224;128;48;2;216;184;56m▀[38;2;216;184;56;48;2;216;184;56m▀[38;2;216;184;56;48;2;216;184;56m▀[38;2;216;184;56;48;2;216;184;56m▀[38;2;216;184;56;48;2;216;184;56m▀[38;2;216;184;56;48;2;216;184;56m▀[38;2;216;184;56;48;2;216;184;56m▀[38;2;216;184;56;48;2;216;184;56m▀[38;2;216;184;56;48;2;232;152;48m▀[38;2;232;152;48;48;2;232;152;48m▀[38;2;232;152;48;48;2;232;152;48m▀[38;2;232;152;48;48;2;232;152;48m▀[38;2;232;152;48;48;2;232;152;48m▀[38;2;232;152;48;48;2;232;152;48m▀[38;2;232;152;48;48;2;232;152;48m▀[38;2;192;120;8;48;2;232;152;48m▀[38;2;144;64;0;48;2;192;120;8m▀[38;2;144;64;0;48;2;192;120;8m▀[38;2;144;64;0;48;2;192;120;8m▀[38;2;0;0;0;48;2;144;64;0m▀[38;2;0;0;0m▄[0m [0m [0m [0m [0m [0m [38;2;0;0;0;48;2;0;0;0m▀[38;2;144;64;0;48;2;144;64;0m▀[38;2;232;152;48;48;2;192;120;8m▀[38;2;232;152;48;48;2;192;120;8m▀[38;2;192;120;8;48;2;192;120;8m▀[38;2;192;120;8;48;2;192;120;8m▀[38;2;144;64;0;48;2;144;64;0m▀[38;2;192;120;8;48;2;192;120;8m▀[38;2;192;120;8;48;2;192;120;8m▀[38;2;144;64;0;48;2;16;16;16m▀[38;2;144;64;0;48;2;16;16;16m▀[38;2;192;120;8;48;2;192;120;8m▀[38;2;144;64;0;48;2;16;16;16m▀[0m
[0m [0m [0m [0m [0m [0m [38;2;0;0;0;48;2;0;0;0m▀[38;2;136;104;0;48;2;136;104;0m▀[38;2;216;184;56;48;2;216;184;56m▀[38;2;216;184;56;48;2;216;184;56m▀[38;2;216;184;56;48;2;216;184;56m▀[38;2;216;184;56;48;2;216;184;56m▀[38;2;216;184;56;48;2;216;184;56m▀[38;2;216;184;56;48;2;216;184;56m▀[38;2;216;184;56;48;2;216;184;56m▀[38;2;216;184;56;48;2;216;184;56m▀[38;2;216;184;56;48;2;216;184;56m▀[38;2;216;184;56;48;2;216;184;56m▀[38;2;216;184;56;48;2;144;64;0m▀[38;2;232;152;48;48;2;232;152;48m▀[38;2;232;152;48;48;2;232;152;48m▀[38;2;232;152;48;48;2;232;152;48m▀[38;2;232;152;48;48;2;232;152;48m▀[38;2;232;152;48;48;2;232;152;48m▀[38;2;232;152;48;48;2;232;152;48m▀[38;2;232;152;48;48;2;232;152;48m▀[38;2;232;152;48;48;2;232;152;48m▀[38;2;232;152;48;48;2;192;120;8m▀[38;2;192;120;8;48;2;144;64;0m▀[38;2;192;120;8;48;2;144;64;0m▀[38;2;192;120;8;48;2;192;120;8m▀[38;2;192;120;8;48;2;192;120;8m▀[38;2;144;64;0;48;2;144;64;0m▀[38;2;0;0;0;48;2;0;0;0m▀[0m [0m [0m [0m [0m [0m [38;2;0;0;0m▀[38;2;144;64;0;48;2;0;0;0m▀[38;2;144;64;0;48;2;0;0;0m▀[38;2;192;120;8;48;2;16;16;16m▀[38;2;192;120;8;48;2;192;120;8m▀[38;2;192;120;8;48;2;192;120;8m▀[38;2;192;120;8;48;2;192;120;8m▀[38;2;192;120;8;48;2;16;16;16m▀[38;2;16;16;16;48;2;192;120;8m▀[38;2;16;16;16;48;2;192;120;8m▀[38;2;192;120;8;48;2;192;120;8m▀[38;2;16;16;16;48;2;16;16;16m▀[0m
[0m [0m [0m [0m [0m [0m [38;2;0;0;0;48;2;0;0;0m▀[38;2;136;104;0;48;2;136;104;0m▀[38;2;216;184;56;48;2;216;184;56m▀[38;2;216;184;56;48;2;216;184;56m▀[38;2;216;184;56;48;2;216;184;56m▀[38;2;216;184;56;48;2;216;184;56m▀[38;2;216;184;56;48;2;216;184;56m▀[38;2;216;184;56;48;2;216;184;56m▀[38;2;248;224;128;48;2;248;224;128m▀[38;2;248;224;128;48;2;248;224;128m▀[38;2;248;224;128;48;2;248;224;128m▀[38;2;216;184;56;48;2;216;184;56m▀[38;2;144;64;0;48;2;144;64;0m▀[38;2;192;120;8;48;2;192;120;8m▀[38;2;232;152;48;48;2;232;152;48m▀[38;2;232;152;48;48;2;232;152;48m▀[38;2;232;152;48;48;2;232;152;48m▀[38;2;232;152;48;48;2;232;152;48m▀[38;2;232;152;48;48;2;232;152;48m▀[38;2;232;152;48;48;2;232;152;48m▀[38;2;192;120;8;48;2;192;120;8m▀[38;2;192;120;8;48;2;192;120;8m▀[38;2;192;120;8;48;2;192;120;8m▀[38;2;192;120;8;48;2;192;120;8m▀[38;2;144;64;0;48;2;144;64;0m▀[38;2;192;120;8;48;2;192;120;8m▀[38;2;144;64;0;48;2;144;64;0m▀[38;2;136;104;0;48;2;136;104;0m▀[38;2;0;0;0;48;2;0;0;0m▀[0m [0m [0m [0m [0m [0m [0m [0m [38;2;0;0;0;48;2;0;0;0m▀[38;2;16;16;16;48;2;16;16;16m▀[38;2;16;16;16;48;2;16;16;16m▀[38;2;16;16;16;48;2;16;16;16m▀[38;2;192;120;8;48;2;192;120;8m▀[38;2;192;120;8;48;2;192;120;8m▀[38;2;192;120;8;48;2;192;120;8m▀[38;2;192;120;8;48;2;192;120;8m▀[38;2;16;16;16;48;2;16;16;16m▀[0m
[0m [0m [0m [0m [0m [38;2;0;0;0m▄[38;2;0;0;0;48;2;136;104;0m▀[38;2;136;104;0;48;2;248;224;128m▀[38;2;248;224;128;48;2;248;224;128m▀[38;2;216;184;56;48;2;248;224;128m▀[38;2;216;184;56;48;2;248;224;128m▀[38;2;216;184;56;48;2;248;224;128m▀[38;2;248;224;128;48;2;248;224;128m▀[38;2;248;224;128;48;2;248;224;128m▀[38;2;248;224;128;48;2;248;224;128m▀[38;2;248;224;128;48;2;248;224;128m▀[38;2;248;224;128;48;2;248;224;128m▀[38;2;144;64;0;48;2;144;64;0m▀[38;2;192;120;8;48;2;192;120;8m▀[38;2;192;120;8;48;2;192;120;8m▀[38;2;232;152;48;48;2;192;120;8m▀[38;2;232;152;48;48;2;192;120;8m▀[38;2;232;152;48;48;2;232;152;48m▀[38;2;232;152;48;48;2;232;152;48m▀[38;2;192;120;8;48;2;192;120;8m▀[38;2;232;152;48;48;2;192;120;8m▀[38;2;192;120;8;48;2;192;120;8m▀[38;2;192;120;8;48;2;144;64;0m▀[38;2;192;120;8;48;2;192;120;8m▀[38;2;192;120;8;48;2;192;120;8m▀[38;2;192;120;8;48;2;192;120;8m▀[38;2;144;64;0;48;2;144;64;0m▀[38;2;216;184;56;48;2;216;184;56m▀[38;2;136;104;0;48;2;136;104;0m▀[38;2;0;0;0;48;2;0;0;0m▀[0m [0m [0m [0m [0m [0m [0m [0m [0m [38;2;0;0;0;48;2;0;0;0m▀[38;2;0;0;0;48;2;16;16;16m▀[38;2;16;16;16;48;2;192;120;8m▀[38;2;192;120;8;48;2;192;120;8m▀[38;2;192;120;8;48;2;192;120;8m▀[38;2;192;120;8;48;2;192;120;8m▀[38;2;192;120;8;48;2;16;16;16m▀[38;2;16;16;16;48;2;0;0;0m▀[0m
[0m [0m [0m [0m [0m [38;2;0;0;0;48;2;0;0;0m▀[38;2;136;104;0;48;2;136;104;0m▀[38;2;248;224;128;48;2;248;224;128m▀[38;2;248;224;128;48;2;136;104;0m▀[38;2;248;224;128;48;2;248;224;128m▀[38;2;248;224;128;48;2;248;224;128m▀[38;2;248;224;128;48;2;248;224;128m▀[38;2;248;224;128;48;2;248;224;128m▀[38;2;248;224;128;48;2;248;224;128m▀[38;2;248;224;128;48;2;248;224;128m▀[38;2;248;224;128;48;2;248;224;128m▀[38;2;248;224;128;48;2;248;224;128m▀[38;2;144;64;0;48;2;144;64;0m▀[38;2;192;120;8;48;2;192;120;8m▀[38;2;192;120;8;48;2;192;120;8m▀[38;2;192;120;8;48;2;192;120;8m▀[38;2;192;120;8;48;2;192;120;8m▀[38;2;192;120;8;48;2;192;120;8m▀[38;2;192;120;8;48;2;192;120;8m▀[38;2;192;120;8;48;2;192;120;8m▀[38;2;192;120;8;48;2;192;120;8m▀[38;2;192;120;8;48;2;192;120;8m▀[38;2;192;120;8;48;2;192;120;8m▀[38;2;144;64;0;48;2;144;64;0m▀[38;2;144;64;0;48;2;144;64;0m▀[38;2;144;64;0;48;2;216;184;56m▀[38;2;216;184;56;48;2;255;238;156m▀[38;2;255;238;156;48;2;255;238;156m▀[38;2;16;16;16;48;2;216;184;56m▀[38;2;0;0;0;48;2;16;16;16m▀[38;2;0;0;0m▄[0m [0m [0m [0m [0m [0m [0m [38;2;0;0;0m▄[38;2;0;0;0;48;2;16;16;16m▀[38;2;16;16;16;48;2;192;120;8m▀[38;2;192;120;8;48;2;192;120;8m▀[38;2;192;120;8;48;2;192;120;8m▀[38;2;192;120;8;48;2;16;16;16m▀[38;2;192;120;8;48;2;16;16;16m▀[38;2;16;16;16;48;2;0;0;0m▀[38;2;0;0;0m▀[0m
[0m [0m [0m [0m [0m [38;2;0;0;0;48;2;0;0;0m▀[38;2;136;104;0;48;2;136;104;0m▀[38;2;248;224;128;48;2;248;224;128m▀[38;2;136;104;0;48;2;136;104;0m▀[38;2;248;224;128;48;2;248;224;128m▀[38;2;248;224;128;48;2;248;224;128m▀[38;2;248;224;128;48;2;248;224;128m▀[38;2;136;104;0;48;2;136;104;0m▀[38;2;248;224;128;48;2;248;224;128m▀[38;2;248;224;128;48;2;248;224;128m▀[38;2;248;224;128;48;2;248;224;128m▀[38;2;248;224;128;48;2;248;224;128m▀[38;2;216;184;56;48;2;216;184;56m▀[38;2;144;64;0;48;2;144;64;0m▀[38;2;192;120;8;48;2;192;120;8m▀[38;2;192;120;8;48;2;192;120;8m▀[38;2;192;120;8;48;2;192;120;8m▀[38;2;192;120;8;48;2;192;120;8m▀[38;2;192;120;8;48;2;192;120;8m▀[38;2;144;64;0;48;2;144;64;0m▀[38;2;192;120;8;48;2;192;120;8m▀[38;2;192;120;8;48;2;192;120;8m▀[38;2;192;120;8;48;2;192;120;8m▀[38;2;144;64;0;48;2;144;64;0m▀[38;2;144;64;0;48;2;144;64;0m▀[38;2;216;184;56;48;2;216;184;56m▀[38;2;255;238;156;48;2;255;238;156m▀[38;2;255;238;156;48;2;255;238;156m▀[38;2;255;238;156;48;2;255;238;156m▀[38;2;16;16;16;48;2;16;16;16m▀[38;2;0;0;0;48;2;0;0;0m▀[0m [0m [0m [0m [0m [38;2;0;0;0m▄[38;2;0;0;0;48;2;0;0;0m▀[38;2;136;104;0;48;2;136;104;0m▀[38;2;248;224;128;48;2;248;224;128m▀[38;2;232;152;48;48;2;232;152;48m▀[38;2;192;120;8;48;2;192;120;8m▀[38;2;192;120;8;48;2;192;120;8m▀[38;2;16;16;16;48;2;16;16;16m▀[38;2;16;16;16;48;2;16;16;16m▀[38;2;0;0;0;48;2;0;0;0m▀[0m [0m
[0m [0m [0m [0m [0m [38;2;0;0;0m▀[38;2;136;104;0;48;2;0;0;0m▀[38;2;216;184;56;48;2;136;104;0m▀[38;2;136;104;0;48;2;136;104;0m▀[38;2;248;224;128;48;2;216;184;56m▀[38;2;248;224;128;48;2;216;184;56m▀[38;2;248;224;128;48;2;216;184;56m▀[38;2;136;104;0;48;2;216;184;56m▀[38;2;216;184;56;48;2;136;104;0m▀[38;2;248;224;128;48;2;216;184;56m▀[38;2;216;184;56;48;2;216;184;56m▀[38;2;216;184;56;48;2;216;184;56m▀[38;2;216;184;56;48;2;136;104;0m▀[38;2;144;64;0;48;2;216;184;56m▀[38;2;192;120;8;48;2;144;64;0m▀[38;2;192;120;8;48;2;192;120;8m▀[38;2;192;120;8;48;2;192;120;8m▀[38;2;192;120;8;48;2;192;120;8m▀[38;2;192;120;8;48;2;192;120;8m▀[38;2;192;120;8;48;2;192;120;8m▀[38;2;144;64;0;48;2;216;184;56m▀[38;2;192;120;8;48;2;144;64;0m▀[38;2;192;120;8;48;2;144;64;0m▀[38;2;144;64;0;48;2;216;184;56m▀[38;2;144;64;0;48;2;216;184;56m▀[38;2;255;238;156;48;2;255;238;156m▀[38;2;255;238;156;48;2;255;238;156m▀[38;2;255;238;156;48;2;136;104;0m▀[38;2;255;238;156;48;2;255;238;156m▀[38;2;16;16;16;48;2;16;16;16m▀[38;2;0;0;0;48;2;0;0;0m▀[38;2;0;0;0m▄[38;2;0;0;0m▄[38;2;0;0;0m▄[38;2;0;0;0;48;2;136;104;0m▀[38;2;0;0;0;48;2;136;104;0m▀[38;2;136;104;0;48;2;248;224;128m▀[38;2;136;104;0;48;2;248;224;128m▀[38;2;248;224;128;48;2;248;224;128m▀[38;2;248;224;128;48;2;248;224;128m▀[38;2;248;224;128;48;2;248;224;128m▀[38;2;232;152;48;48;2;16;16;16m▀[38;2;16;16;16;48;2;0;0;0m▀[38;2;0;0;0m▀[38;2;0;0;0m▀[0m [0m [0m
[0m [0m [0m [0m [0m [0m [0m [38;2;0;0;0m▀[38;2;16;16;16;48;2;0;0;0m▀[38;2;136;104;0;48;2;16;16;16m▀[38;2;136;104;0;48;2;16;16;16m▀[38;2;136;104;0;48;2;216;184;56m▀[38;2;136;104;0;48;2;216;184;56m▀[38;2;216;184;56;48;2;216;184;56m▀[38;2;136;104;0;48;2;216;184;56m▀[38;2;136;104;0;48;2;216;184;56m▀[38;2;136;104;0;48;2;216;184;56m▀[38;2;216;184;56;48;2;216;184;56m▀[38;2;216;184;56;48;2;216;184;56m▀[38;2;216;184;56;48;2;216;184;56m▀[38;2;144;64;0;48;2;216;184;56m▀[38;2;192;120;8;48;2;144;64;0m▀[38;2;192;120;8;48;2;144;64;0m▀[38;2;192;120;8;48;2;144;64;0m▀[38;2;144;64;0;48;2;16;16;16m▀[38;2;216;184;56;48;2;216;184;56m▀[38;2;216;184;56;48;2;216;184;56m▀[38;2;216;184;56;48;2;216;184;56m▀[38;2;216;184;56;48;2;216;184;56m▀[38;2;216;184;56;48;2;216;184;56m▀[38;2;216;184;56;48;2;136;104;0m▀[38;2;255;238;156;48;2;216;184;56m▀[38;2;255;238;156;48;2;216;184;56m▀[38;2;136;104;0;48;2;136;104;0m▀[38;2;216;184;56;48;2;216;184;56m▀[38;2;16;16;16;48;2;16;16;16m▀[38;2;16;16;16;48;2;16;16;16m▀[38;2;136;104;0;48;2;216;184;56m▀[38;2;136;104;0;48;2;216;184;56m▀[38;2;248;224;128;48;2;216;184;56m▀[38;2;248;224;128;48;2;248;224;128m▀[38;2;248;224;128;48;2;216;184;56m▀[38;2;248;224;128;48;2;216;184;56m▀[38;2;248;224;128;48;2;16;16;16m▀[38;2;216;184;56;48;2;16;16;16m▀[38;2;16;16;16;48;2;0;0;0m▀[38;2;0;0;0m▀[0m [0m [0m [0m [0m [0m
[0m [0m [0m [0m [0m [0m [0m [0m [0m [38;2;0;0;0m▀[38;2;0;0;0;48;2;0;0;0m▀[38;2;16;16;16;48;2;16;16;16m▀[38;2;216;184;56;48;2;216;184;56m▀[38;2;216;184;56;48;2;216;184;56m▀[38;2;216;184;56;48;2;216;184;56m▀[38;2;216;184;56;48;2;216;184;56m▀[38;2;216;184;56;48;2;216;184;56m▀[38;2;216;184;56;48;2;216;184;56m▀[38;2;216;184;56;48;2;216;184;56m▀[38;2;216;184;56;48;2;216;184;56m▀[38;2;216;184;56;48;2;216;184;56m▀[38;2;216;184;56;48;2;216;184;56m▀[38;2;216;184;56;48;2;216;184;56m▀[38;2;216;184;56;48;2;216;184;56m▀[38;2;216;184;56;48;2;216;184;56m▀[38;2;16;16;16;48;2;16;16;16m▀[38;2;16;16;16;48;2;16;16;16m▀[38;2;216;184;56;48;2;216;184;56m▀[38;2;216;184;56;48;2;216;184;56m▀[38;2;216;184;56;48;2;216;184;56m▀[38;2;216;184;56;48;2;216;184;56m▀[38;2;136;104;0;48;2;136;104;0m▀[38;2;216;184;56;48;2;216;184;56m▀[38;2;216;184;56;48;2;216;184;56m▀[38;2;136;104;0;48;2;136;104;0m▀[38;2;16;16;16;48;2;16;16;16m▀[38;2;16;16;16;48;2;16;16;16m▀[38;2;216;184;56;48;2;216;184;56m▀[38;2;216;184;56;48;2;216;184;56m▀[38;2;16;16;16;48;2;16;16;16m▀[38;2;16;16;16;48;2;16;16;16m▀[38;2;16;16;16;48;2;16;16;16m▀[38;2;16;16;16;48;2;16;16;16m▀[38;2;0;0;0;48;2;0;0;0m▀[38;2;0;0;0m▀[0m [0m [0m [0m [0m [0m [0m [0m
[0m [0m [0m [0m [0m [0m [0m [0m [0m [0m [0m [38;2;0;0;0m▀[38;2;16;16;16;48;2;0;0;0m▀[38;2;16;16;16;48;2;0;0;0m▀[38;2;216;184;56;48;2;16;16;16m▀[38;2;216;184;56;48;2;16;16;16m▀[38;2;216;184;56;48;2;16;16;16m▀[38;2;216;184;56;48;2;216;184;56m▀[38;2;216;184;56;48;2;216;184;56m▀[38;2;216;184;56;48;2;216;184;56m▀[38;2;216;184;56;48;2;216;184;56m▀[38;2;216;184;56;48;2;216;184;56m▀[38;2;216;184;56;48;2;216;184;56m▀[38;2;216;184;56;48;2;216;184;56m▀[38;2;216;184;56;48;2;216;184;56m▀[38;2;216;184;56;48;2;216;184;56m▀[38;2;216;184;56;48;2;216;184;56m▀[38;2;136;104;0;48;2;216;184;56m▀[38;2;16;16;16;48;2;136;104;0m▀[38;2;16;16;16;48;2;136;104;0m▀[38;2;16;16;16;48;2;136;104;0m▀[38;2;216;184;56;48;2;16;16;16m▀[38;2;136;104;0;48;2;16;16;16m▀[38;2;216;184;56;48;2;16;16;16m▀[38;2;16;16;16;48;2;0;0;0m▀[38;2;16;16;16;48;2;0;0;0m▀[38;2;16;16;16;48;2;0;0;0m▀[38;2;16;16;16;48;2;0;0;0m▀[38;2;16;16;16;48;2;0;0;0m▀[38;2;0;0;0m▀[38;2;0;0;0m▀[38;2;0;0;0m▀[38;2;0;0;0m▀[0m [0m [0m [0m [0m [0m [0m [0m [0m [0m
[0m [0m [0m [0m [0m [0m [0m [38;2;0;0;0m▄[38;2;0;0;0m▄[38;2;0;0;0m▄[38;2;0;0;0m▄[38;2;0;0;0;48;2;136;104;0m▀[38;2;0;0;0;48;2;136;104;0m▀[38;2;0;0;0;48;2;136;104;0m▀[38;2;16;16;16;48;2;248;224;128m▀[38;2;216;184;56;48;2;248;224;128m▀[38;2;216;184;56;48;2;248;224;128m▀[38;2;16;16;16;48;2;216;184;56m▀[38;2;64;40;24;48;2;16;16;16m▀[38;2;136;104;0;48;2;0;0;0m▀[38;2;216;184;56;48;2;16;16;16m▀[38;2;216;184;56;48;2;16;16;16m▀[38;2;216;184;56;48;2;136;104;0m▀[38;2;216;184;56;48;2;136;104;0m▀[38;2;136;104;0;48;2;16;16;16m▀[38;2;216;184;56;48;2;216;184;56m▀[38;2;216;184;56;48;2;216;184;56m▀[38;2;16;16;16;48;2;136;104;0m▀[38;2;0;0;0;48;2;16;16;16m▀[38;2;0;0;0;48;2;16;16;16m▀[38;2;0;0;0;48;2;0;0;0m▀[38;2;0;0;0m▀[38;2;0;0;0m▀[38;2;0;0;0m▀[0m [0m [0m [0m [0m [0m [0m [0m [0m [0m [0m [0m [0m [0m [0m [0m [0m [0m [0m
[0m [0m [0m [0m [0m [0m [38;2;0;0;0;48;2;0;0;0m▀[38;2;144;64;0;48;2;144;64;0m▀[38;2;144;64;0;48;2;144;64;0m▀[38;2;144;64;0;48;2;144;64;0m▀[38;2;144;64;0;48;2;144;64;0m▀[38;2;192;120;8;48;2;192;120;8m▀[38;2;192;120;8;48;2;192;120;8m▀[38;2;248;224;128;48;2;248;224;128m▀[38;2;248;224;128;48;2;248;224;128m▀[38;2;248;224;128;48;2;248;224;128m▀[38;2;248;224;128;48;2;248;224;128m▀[38;2;216;184;56;48;2;216;184;56m▀[38;2;216;184;56;48;2;216;184;56m▀[38;2;16;16;16;48;2;16;16;16m▀[38;2;0;0;0;48;2;0;0;0m▀[38;2;0;0;0m▀[38;2;0;0;0m▀[38;2;0;0;0m▀[38;2;0;0;0;48;2;0;0;0m▀[38;2;16;16;16;48;2;16;16;16m▀[38;2;216;184;56;48;2;216;184;56m▀[38;2;216;184;56;48;2;216;184;56m▀[38;2;16;16;16;48;2;16;16;16m▀[38;2;16;16;16;48;2;16;16;16m▀[38;2;0;0;0;48;2;0;0;0m▀[0m [0m [0m [0m [0m [0m [0m [0m [0m [0m [0m [0m [0m [0m [0m [0m [0m [0m [0m [0m [0m [0m
[0m [0m [0m [0m [38;2;0;0;0m▄[38;2;0;0;0;48;2;16;16;16m▀[38;2;144;64;0;48;2;192;120;8m▀[38;2;192;120;8;48;2;144;64;0m▀[38;2;144;64;0;48;2;192;120;8m▀[38;2;192;120;8;48;2;144;64;0m▀[38;2;192;120;8;48;2;144;64;0m▀[38;2;144;64;0;48;2;192;120;8m▀[38;2;192;120;8;48;2;192;120;8m▀[38;2;232;152;48;48;2;192;120;8m▀[38;2;248;224;128;48;2;232;152;48m▀[38;2;248;224;128;48;2;16;16;16m▀[38;2;248;224;128;48;2;16;16;16m▀[38;2;248;224;128;48;2;16;16;16m▀[38;2;216;184;56;48;2;16;16;16m▀[38;2;16;16;16;48;2;0;0;0m▀[38;2;0;0;0m▀[0m [0m [0m [38;2;0;0;0m▀[38;2;16;16;16;48;2;0;0;0m▀[38;2;216;184;56;48;2;16;16;16m▀[38;2;216;184;56;48;2;216;184;56m▀[38;2;216;184;56;48;2;216;184;56m▀[38;2;216;184;56;48;2;216;184;56m▀[38;2;16;16;16;48;2;216;184;56m▀[38;2;0;0;0;48;2;16;16;16m▀[38;2;0;0;0;48;2;16;16;16m▀[38;2;0;0;0;48;2;16;16;16m▀[38;2;0;0;0m▄[38;2;0;0;0m▄[38;2;0;0;0m▄[38;2;0;0;0m▄[0m [0m [0m [0m [0m [0m [0m [0m [0m [0m [0m [0m [0m [0m [0m
[0m [0m [0m [0m [38;2;0;0;0m▀[38;2;16;16;16;48;2;0;0;0m▀[38;2;192;120;8;48;2;16;16;16m▀[38;2;16;16;16;48;2;16;16;16m▀[38;2;192;120;8;48;2;16;16;16m▀[38;2;16;16;16;48;2;16;16;16m▀[38;2;16;16;16;48;2;16;16;16m▀[38;2;192;120;8;48;2;16;16;16m▀[38;2;192;120;8;48;2;16;16;16m▀[38;2;16;16;16;48;2;0;0;0m▀[38;2;16;16;16;48;2;0;0;0m▀[38;2;0;0;0m▀[38;2;0;0;0m▀[38;2;0;0;0m▀[38;2;0;0;0m▀[0m [0m [0m [0m [0m [38;2;0;0;0;48;2;0;0;0m▀[38;2;16;16;16;48;2;16;16;16m▀[38;2;216;184;56;48;2;216;184;56m▀[38;2;216;184;56;48;2;248;224;128m▀[38;2;248;224;128;48;2;248;224;128m▀[38;2;248;224;128;48;2;248;224;128m▀[38;2;248;224;128;48;2;248;224;128m▀[38;2;248;224;128;48;2;232;152;48m▀[38;2;192;120;8;48;2;192;120;8m▀[38;2;192;120;8;48;2;144;64;0m▀[38;2;16;16;16;48;2;192;120;8m▀[38;2;16;16;16;48;2;144;64;0m▀[38;2;16;16;16;48;2;144;64;0m▀[38;2;16;16;16;48;2;192;120;8m▀[38;2;0;0;0;48;2;16;16;16m▀[38;2;0;0;0m▄[0m [0m [0m [0m [0m [0m [0m [0m [0m [0m [0m [0m [0m
[0m [0m [0m [0m [0m [0m [38;2;0;0;0m▀[38;2;0;0;0m▀[38;2;0;0;0m▀[38;2;0;0;0m▀[38;2;0;0;0m▀[38;2;0;0;0m▀[38;2;0;0;0m▀[0m [0m [0m [0m [0m [0m [0m [0m [0m [0m [0m [0m [38;2;0;0;0;48;2;0;0;0m▀[38;2;16;16;16;48;2;16;16;16m▀[38;2;16;16;16;48;2;16;16;16m▀[38;2;16;16;16;48;2;16;16;16m▀[38;2;16;16;16;48;2;16;16;16m▀[38;2;232;152;48;48;2;232;152;48m▀[38;2;192;120;8;48;2;192;120;8m▀[38;2;192;120;8;48;2;192;120;8m▀[38;2;192;120;8;48;2;192;120;8m▀[38;2;144;64;0;48;2;144;64;0m▀[38;2;192;120;8;48;2;192;120;8m▀[38;2;192;120;8;48;2;192;120;8m▀[38;2;144;64;0;48;2;144;64;0m▀[38;2;192;120;8;48;2;192;120;8m▀[38;2;16;16;16;48;2;16;16;16m▀[38;2;0;0;0;48;2;0;0;0m▀[0m [0m [0m [0m [0m [0m [0m [0m [0m [0m [0m [0m
[0m [0m [0m [0m [0m [0m [0m [0m [0m [0m [0m [0m [0m [0m [0m [0m [0m [0m [0m [0m [0m [0m [0m [0m [0m [0m [38;2;0;0;0m▀[38;2;0;0;0m▀[38;2;0;0;0m▀[38;2;0;0;0m▀[38;2;16;16;16;48;2;0;0;0m▀[38;2;16;16;16;48;2;0;0;0m▀[38;2;192;120;8;48;2;16;16;16m▀[38;2;192;120;8;48;2;16;16;16m▀[38;2;16;16;16;48;2;16;16;16m▀[38;2;192;120;8;48;2;16;16;16m▀[38;2;192;120;8;48;2;16;16;16m▀[38;2;16;16;16;48;2;16;16;16m▀[38;2;192;120;8;48;2;16;16;16m▀[38;2;16;16;16;48;2;0;0;0m▀[38;2;0;0;0m▀[0m [0m [0m [0m [0m [0m [0m [0m [0m [0m [0m [0m
