[0m [0m [0m [0m [0m [0m [0m [0m [0m [0m [0m [0m [0m [0m [0m [0m [0m [0m [0m [0m [0m [0m [0m [0m [0m [0m [0m [0m [0m [0m [0m [0m [0m [0m [0m [0m [0m [0m [0m [0m [0m [0m [0m [0m [0m [0m [0m [38;2;0;0;0m▄[38;2;0;0;0;48;2;255;255;255m▀[38;2;255;255;255;48;2;255;255;255m▀[38;2;255;255;255;48;2;255;255;255m▀[38;2;255;255;255;48;2;255;255;255m▀[38;2;255;255;255;48;2;255;255;255m▀[38;2;255;255;255;48;2;255;255;255m▀[38;2;0;0;0;48;2;255;255;255m▀[38;2;0;0;0m▄[0m [0m [0m [0m [0m [0m [0m [0m [0m [0m [0m [0m [0m [0m [0m [0m [0m [0m [0m [0m [0m [0m [0m [0m [0m
[0m [0m [0m [0m [0m [0m [0m [0m [0m [0m [0m [0m [0m [0m [0m [0m [0m [0m [0m [0m [38;2;0;0;0m▄[38;2;0;0;0m▄[38;2;0;0;0m▄[0m [0m [0m [0m [0m [0m [0m [0m [0m [0m [0m [0m [0m [0m [0m [0m [0m [0m [0m [0m [0m [0m [0m [0m [38;2;0;0;0;48;2;0;0;0m▀[38;2;255;255;255;48;2;255;255;255m▀[38;2;255;255;255;48;2;255;255;255m▀[38;2;255;255;255;48;2;255;255;255m▀[38;2;195;195;195;48;2;195;195;195m▀[38;2;195;195;195;48;2;195;195;195m▀[38;2;195;195;195;48;2;195;195;195m▀[38;2;255;255;255;48;2;255;255;255m▀[38;2;0;0;0;48;2;0;0;0m▀[0m [0m [0m [0m [0m [0m [0m [0m [0m [0m [0m [0m [0m [0m [0m [0m [0m [0m [0m [0m [0m [0m [0m [0m [0m
[0m [0m [0m [0m [0m [0m [0m [0m [0m [0m [0m [0m [0m [0m [0m [0m [0m [0m [38;2;0;0;0m▄[38;2;0;0;0;48;2;255;255;255m▀[38;2;255;255;255;48;2;255;255;255m▀[38;2;255;255;255;48;2;195;195;195m▀[38;2;255;255;255;48;2;195;195;195m▀[38;2;0;0;0;48;2;255;255;255m▀[38;2;0;0;0m▄[0m [0m [0m [0m [0m [0m [0m [0m [38;2;0;0;0m▄[38;2;0;0;0m▄[38;2;0;0;0m▄[0m [38;2;0;0;0m▄[0m [38;2;0;0;0m▄[38;2;0;0;0m▄[0m [0m [0m [0m [0m [0m [38;2;0;0;0;48;2;0;0;0m▀[38;2;255;255;255;48;2;255;255;255m▀[38;2;255;255;255;48;2;255;255;255m▀[38;2;195;195;195;48;2;195;195;195m▀[38;2;195;195;195;48;2;195;195;195m▀[38;2;195;195;195;48;2;195;195;195m▀[38;2;195;195;195;48;2;255;255;255m▀[38;2;255;255;255;48;2;255;255;255m▀[38;2;0;0;0;48;2;0;0;0m▀[0m [0m [0m [0m [0m [0m [0m [0m [38;2;0;0;0m▄[38;2;0;0;0m▄[38;2;0;0;0m▄[0m [0m [0m [0m [0m [0m [0m [0m [0m [0m [0m [0m [0m [0m
[0m [0m [0m [0m [0m [0m [0m [0m [0m [0m [0m [0m [0m [0m [0m [0m [0m [0m [38;2;0;0;0m▀[38;2;255;255;255;48;2;0;0;0m▀[38;2;195;195;195;48;2;255;255;255m▀[38;2;195;195;195;48;2;255;255;255m▀[38;2;195;195;195;48;2;255;255;255m▀[38;2;255;255;255;48;2;0;0;0m▀[38;2;0;0;0m▀[0m [0m [0m [0m [0m [38;2;0;0;0m▄[38;2;0;0;0;48;2;255;255;255m▀[38;2;0;0;0;48;2;255;255;255m▀[38;2;255;255;255;48;2;255;255;255m▀[38;2;255;255;255;48;2;255;255;255m▀[38;2;255;255;255;48;2;255;255;255m▀[38;2;0;0;0;48;2;255;255;255m▀[38;2;255;255;255;48;2;0;0;0m▀[38;2;0;0;0;48;2;255;255;255m▀[38;2;255;255;255;48;2;0;0;0m▀[38;2;255;255;255;48;2;0;0;0m▀[38;2;0;0;0;48;2;255;255;255m▀[38;2;0;0;0m▄[0m [0m [0m [0m [0m [38;2;0;0;0m▀[38;2;255;255;255;48;2;0;0;0m▀[38;2;255;255;255;48;2;0;0;0m▀[38;2;255;255;255;48;2;0;0;0m▀[38;2;255;255;255;48;2;0;0;0m▀[38;2;255;255;255;48;2;0;0;0m▀[38;2;0;0;0m▀[0m [0m [0m [0m [0m [0m [0m [0m [38;2;0;0;0;48;2;0;0;0m▀[38;2;255;255;255;48;2;255;255;255m▀[38;2;255;255;255;48;2;255;255;255m▀[38;2;255;255;255;48;2;255;255;255m▀[38;2;0;0;0;48;2;0;0;0m▀[0m [0m [0m [0m [0m [0m [0m [0m [0m [0m [0m [0m [0m
[0m [0m [0m [0m [0m [0m [0m [0m [0m [0m [0m [0m [0m [0m [0m [0m [0m [0m [0m [0m [38;2;0;0;0m▀[38;2;0;0;0m▀[38;2;0;0;0m▀[0m [0m [0m [0m [38;2;0;0;0m▄[38;2;0;0;0m▄[38;2;0;0;0m▄[38;2;0;0;0;48;2;0;0;0m▀[38;2;255;255;255;48;2;255;255;255m▀[38;2;255;255;255;48;2;255;255;255m▀[38;2;255;255;255;48;2;255;255;255m▀[38;2;255;255;255;48;2;255;255;255m▀[38;2;255;255;255;48;2;255;255;255m▀[38;2;255;255;255;48;2;255;255;255m▀[38;2;255;255;255;48;2;255;255;255m▀[38;2;0;0;0;48;2;0;0;0m▀[38;2;255;255;255;48;2;255;255;255m▀[38;2;255;255;255;48;2;255;255;255m▀[38;2;0;0;0;48;2;0;0;0m▀[38;2;255;255;255;48;2;255;255;255m▀[38;2;0;0;0;48;2;0;0;0m▀[0m [38;2;0;0;0m▄[38;2;0;0;0m▄[38;2;0;0;0m▄[38;2;0;0;0m▄[38;2;0;0;0m▄[0m [0m [0m [0m [0m [0m [0m [0m [0m [0m [0m [0m [0m [0m [38;2;0;0;0m▀[38;2;0;0;0m▀[38;2;0;0;0m▀[0m [0m [0m [0m [0m [0m [0m [0m [0m [0m [0m [0m [0m [0m
[0m [0m [0m [0m [0m [0m [0m [0m [0m [0m [0m [0m [0m [0m [0m [0m [0m [0m [0m [0m [0m [0m [0m [0m [0m [38;2;0;0;0m▄[38;2;0;0;0;48;2;255;255;255m▀[38;2;255;255;255;48;2;255;255;255m▀[38;2;255;255;255;48;2;255;255;255m▀[38;2;255;255;255;48;2;255;255;255m▀[38;2;255;255;255;48;2;255;255;255m▀[38;2;255;255;255;48;2;255;255;255m▀[38;2;255;255;255;48;2;255;255;255m▀[38;2;255;255;255;48;2;255;255;255m▀[38;2;255;255;255;48;2;255;255;255m▀[38;2;255;255;255;48;2;255;255;255m▀[38;2;255;255;255;48;2;255;255;255m▀[38;2;255;255;255;48;2;255;255;255m▀[38;2;255;255;255;48;2;255;255;255m▀[38;2;255;255;255;48;2;255;255;255m▀[38;2;255;255;255;48;2;255;255;255m▀[38;2;255;255;255;48;2;255;255;255m▀[38;2;0;0;0;48;2;255;255;255m▀[38;2;0;0;0m▄[38;2;0;0;0;48;2;255;255;255m▀[38;2;255;255;255;48;2;255;255;255m▀[38;2;255;255;255;48;2;255;255;255m▀[38;2;255;255;255;48;2;255;255;255m▀[38;2;255;255;255;48;2;255;255;255m▀[38;2;255;255;255;48;2;255;255;255m▀[38;2;0;0;0;48;2;255;255;255m▀[38;2;0;0;0;48;2;255;255;255m▀[38;2;0;0;0;48;2;255;255;255m▀[38;2;0;0;0m▄[38;2;0;0;0m▄[0m [38;2;0;0;0m▄[0m [0m [0m [0m [0m [0m [0m [0m [0m [0m [0m [0m [0m [0m [0m [0m [0m [0m [0m [0m [0m [0m [0m [0m
[0m [0m [0m [0m [0m [0m [0m [0m [0m [0m [0m [0m [0m [0m [0m [0m [0m [0m [0m [0m [38;2;0;0;0m▄[38;2;0;0;0;48;2;255;255;255m▀[38;2;0;0;0;48;2;255;255;255m▀[38;2;0;0;0m▄[38;2;0;0;0;48;2;255;255;255m▀[38;2;255;255;255;48;2;255;255;255m▀[38;2;255;255;255;48;2;255;255;255m▀[38;2;195;195;195;48;2;255;255;255m▀[38;2;195;195;195;48;2;255;255;255m▀[38;2;255;255;255;48;2;195;195;195m▀[38;2;255;255;255;48;2;195;195;195m▀[38;2;195;195;195;48;2;195;195;195m▀[38;2;195;195;195;48;2;195;195;195m▀[38;2;195;195;195;48;2;195;195;195m▀[38;2;195;195;195;48;2;195;195;195m▀[38;2;195;195;195;48;2;135;135;135m▀[38;2;195;195;195;48;2;135;135;135m▀[38;2;195;195;195;48;2;135;135;135m▀[38;2;255;255;255;48;2;135;135;135m▀[38;2;255;255;255;48;2;195;195;195m▀[38;2;255;255;255;48;2;195;195;195m▀[38;2;255;255;255;48;2;195;195;195m▀[38;2;255;255;255;48;2;255;255;255m▀[38;2;255;255;255;48;2;255;255;255m▀[38;2;255;255;255;48;2;255;255;255m▀[38;2;255;255;255;48;2;255;255;255m▀[38;2;255;255;255;48;2;255;255;255m▀[38;2;255;255;255;48;2;255;255;255m▀[38;2;255;255;255;48;2;255;255;255m▀[38;2;255;255;255;48;2;255;255;255m▀[38;2;255;255;255;48;2;255;255;255m▀[38;2;255;255;255;48;2;255;255;255m▀[38;2;255;255;255;48;2;255;255;255m▀[38;2;255;255;255;48;2;255;255;255m▀[38;2;255;255;255;48;2;0;0;0m▀[38;2;0;0;0;48;2;255;255;255m▀[38;2;255;255;255;48;2;0;0;0m▀[38;2;0;0;0;48;2;255;255;255m▀[38;2;0;0;0;48;2;255;255;255m▀[38;2;0;0;0m▄[0m [0m [0m [38;2;0;0;0m▄[0m [0m [0m [0m [0m [0m [0m [0m [0m [0m [0m [0m [0m [0m [0m [0m [0m
[0m [0m [0m [0m [38;2;0;0;0m▄[38;2;0;0;0m▄[0m [0m [0m [0m [0m [0m [38;2;0;0;0m▄[0m [0m [0m [38;2;0;0;0m▄[0m [0m [38;2;0;0;0m▄[38;2;0;0;0m▄[38;2;0;0;0;48;2;0;0;0m▀[38;2;0;0;0;48;2;0;0;0m▀[38;2;255;255;255;48;2;255;255;255m▀[38;2;0;0;0;48;2;0;0;0m▀[38;2;135;135;135;48;2;135;135;135m▀[38;2;255;255;255;48;2;255;255;255m▀[38;2;135;135;135;48;2;135;135;135m▀[38;2;135;135;135;48;2;135;135;135m▀[38;2;195;195;195;48;2;195;195;195m▀[38;2;195;195;195;48;2;195;195;195m▀[38;2;135;135;135;48;2;135;135;135m▀[38;2;135;135;135;48;2;135;135;135m▀[38;2;135;135;135;48;2;135;135;135m▀[38;2;135;135;135;48;2;135;135;135m▀[38;2;135;135;135;48;2;135;135;135m▀[38;2;135;135;135;48;2;135;135;135m▀[38;2;135;135;135;48;2;135;135;135m▀[38;2;135;135;135;48;2;135;135;135m▀[38;2;135;135;135;48;2;135;135;135m▀[38;2;135;135;135;48;2;135;135;135m▀[38;2;135;135;135;48;2;135;135;135m▀[38;2;195;195;195;48;2;195;195;195m▀[38;2;195;195;195;48;2;195;195;195m▀[38;2;135;135;135;48;2;135;135;135m▀[38;2;255;255;255;48;2;255;255;255m▀[38;2;255;255;255;48;2;255;255;255m▀[38;2;135;135;135;48;2;135;135;135m▀[38;2;255;255;255;48;2;255;255;255m▀[38;2;135;135;135;48;2;135;135;135m▀[38;2;195;195;195;48;2;195;195;195m▀[38;2;195;195;195;48;2;195;195;195m▀[38;2;195;195;195;48;2;195;195;195m▀[38;2;255;255;255;48;2;255;255;255m▀[38;2;255;255;255;48;2;255;255;255m▀[38;2;255;255;255;48;2;255;255;255m▀[38;2;255;255;255;48;2;255;255;255m▀[38;2;0;0;0;48;2;0;0;0m▀[38;2;0;0;0;48;2;0;0;0m▀[38;2;255;255;255;48;2;255;255;255m▀[38;2;0;0;0;48;2;0;0;0m▀[0m [38;2;0;0;0;48;2;0;0;0m▀[38;2;255;255;255;48;2;255;255;255m▀[38;2;0;0;0;48;2;0;0;0m▀[38;2;0;0;0m▄[38;2;0;0;0m▄[0m [0m [0m [0m [0m [0m [0m [0m [0m [0m [0m [0m [0m [0m
[0m [38;2;0;0;0m▄[38;2;0;0;0;48;2;255;255;255m▀[38;2;0;0;0;48;2;255;255;255m▀[38;2;255;255;255;48;2;255;255;255m▀[38;2;255;255;255;48;2;255;255;255m▀[38;2;0;0;0;48;2;255;255;255m▀[38;2;0;0;0m▄[0m [0m [38;2;0;0;0m▄[38;2;0;0;0m▀[38;2;255;255;255;48;2;0;0;0m▀[38;2;0;0;0;48;2;255;255;255m▀[38;2;0;0;0m▄[38;2;0;0;0m▀[38;2;255;255;255;48;2;0;0;0m▀[38;2;0;0;0;48;2;255;255;255m▀[38;2;0;0;0;48;2;255;255;255m▀[38;2;255;255;255;48;2;255;255;255m▀[38;2;255;255;255;48;2;255;255;255m▀[38;2;255;255;255;48;2;255;255;255m▀[38;2;255;255;255;48;2;255;255;255m▀[38;2;255;255;255;48;2;255;255;255m▀[38;2;135;135;135;48;2;255;255;255m▀[38;2;255;255;255;48;2;135;135;135m▀[38;2;135;135;135;48;2;195;195;195m▀[38;2;195;195;195;48;2;135;135;135m▀[38;2;195;195;195;48;2;135;135;135m▀[38;2;135;135;135;48;2;135;135;135m▀[38;2;135;135;135;48;2;135;135;135m▀[38;2;135;135;135;48;2;135;135;135m▀[38;2;135;135;135;48;2;135;135;135m▀[38;2;135;135;135;48;2;135;135;135m▀[38;2;135;135;135;48;2;135;135;135m▀[38;2;135;135;135;48;2;135;135;135m▀[38;2;135;135;135;48;2;135;135;135m▀[38;2;135;135;135;48;2;135;135;135m▀[38;2;135;135;135;48;2;135;135;135m▀[38;2;135;135;135;48;2;135;135;135m▀[38;2;135;135;135;48;2;135;135;135m▀[38;2;135;135;135;48;2;135;135;135m▀[38;2;135;135;135;48;2;135;135;135m▀[38;2;195;195;195;48;2;135;135;135m▀[38;2;195;195;195;48;2;135;135;135m▀[38;2;135;135;135;48;2;135;135;135m▀[38;2;135;135;135;48;2;135;135;135m▀[38;2;255;255;255;48;2;135;135;135m▀[38;2;135;135;135;48;2;195;195;195m▀[38;2;195;195;195;48;2;135;135;135m▀[38;2;135;135;135;48;2;195;195;195m▀[38;2;195;195;195;48;2;195;195;195m▀[38;2;195;195;195;48;2;195;195;195m▀[38;2;195;195;195;48;2;195;195;195m▀[38;2;195;195;195;48;2;195;195;195m▀[38;2;255;255;255;48;2;195;195;195m▀[38;2;255;255;255;48;2;255;255;255m▀[38;2;255;255;255;48;2;255;255;255m▀[38;2;255;255;255;48;2;255;255;255m▀[38;2;0;0;0;48;2;255;255;255m▀[38;2;255;255;255;48;2;255;255;255m▀[38;2;0;0;0;48;2;255;255;255m▀[38;2;255;255;255;48;2;0;0;0m▀[38;2;0;0;0;48;2;255;255;255m▀[38;2;255;255;255;48;2;195;195;195m▀[38;2;255;255;255;48;2;195;195;195m▀[38;2;255;255;255;48;2;195;195;195m▀[38;2;0;0;0;48;2;255;255;255m▀[38;2;0;0;0m▄[38;2;0;0;0m▄[38;2;0;0;0;48;2;255;255;255m▀[38;2;0;0;0;48;2;255;255;255m▀[38;2;0;0;0;48;2;255;255;255m▀[38;2;0;0;0m▄[0m [0m [0m [0m [0m [0m [0m
[0m [38;2;0;0;0m▀[38;2;255;255;255;48;2;0;0;0m▀[38;2;255;255;255;48;2;0;0;0m▀[38;2;255;255;255;48;2;255;255;255m▀[38;2;255;255;255;48;2;255;255;255m▀[38;2;255;255;255;48;2;0;0;0m▀[38;2;0;0;0m▀[38;2;0;0;0m▄[38;2;0;0;0;48;2;0;0;0m▀[38;2;255;255;255;48;2;0;0;0m▀[38;2;0;0;0;48;2;255;255;255m▀[38;2;255;255;255;48;2;0;0;0m▀[38;2;255;255;255;48;2;0;0;0m▀[38;2;0;0;0;48;2;255;255;255m▀[38;2;0;0;0;48;2;255;255;255m▀[38;2;255;255;255;48;2;255;255;255m▀[38;2;255;255;255;48;2;255;255;255m▀[38;2;255;255;255;48;2;195;195;195m▀[38;2;195;195;195;48;2;255;255;255m▀[38;2;255;255;255;48;2;135;135;135m▀[38;2;135;135;135;48;2;195;195;195m▀[38;2;135;135;135;48;2;195;195;195m▀[38;2;195;195;195;48;2;135;135;135m▀[38;2;135;135;135;48;2;195;195;195m▀[38;2;195;195;195;48;2;135;135;135m▀[38;2;135;135;135;48;2;135;135;135m▀[38;2;135;135;135;48;2;135;135;135m▀[38;2;135;135;135;48;2;135;135;135m▀[38;2;135;135;135;48;2;135;135;135m▀[38;2;135;135;135;48;2;106;106;82m▀[38;2;135;135;135;48;2;65;57;49m▀[38;2;135;135;135;48;2;65;57;49m▀[38;2;135;135;135;48;2;135;135;135m▀[38;2;135;135;135;48;2;135;135;135m▀[38;2;135;135;135;48;2;135;135;135m▀[38;2;135;135;135;48;2;65;57;49m▀[38;2;135;135;135;48;2;106;106;82m▀[38;2;106;106;82;48;2;180;180;156m▀[38;2;106;106;82;48;2;180;180;156m▀[38;2;106;106;82;48;2;180;180;156m▀[38;2;106;106;82;48;2;180;180;156m▀[38;2;106;106;82;48;2;156;148;131m▀[38;2;135;135;135;48;2;106;106;82m▀[38;2;135;135;135;48;2;16;16;16m▀[38;2;135;135;135;48;2;16;16;16m▀[38;2;135;135;135;48;2;16;16;16m▀[38;2;135;135;135;48;2;135;135;135m▀[38;2;135;135;135;48;2;135;135;135m▀[38;2;135;135;135;48;2;135;135;135m▀[38;2;135;135;135;48;2;135;135;135m▀[38;2;135;135;135;48;2;135;135;135m▀[38;2;135;135;135;48;2;135;135;135m▀[38;2;195;195;195;48;2;135;135;135m▀[38;2;195;195;195;48;2;255;255;255m▀[38;2;255;255;255;48;2;195;195;195m▀[38;2;195;195;195;48;2;255;255;255m▀[38;2;255;255;255;48;2;195;195;195m▀[38;2;255;255;255;48;2;195;195;195m▀[38;2;255;255;255;48;2;255;255;255m▀[38;2;255;255;255;48;2;255;255;255m▀[38;2;255;255;255;48;2;195;195;195m▀[38;2;255;255;255;48;2;255;255;255m▀[38;2;255;255;255;48;2;195;195;195m▀[38;2;195;195;195;48;2;255;255;255m▀[38;2;195;195;195;48;2;255;255;255m▀[38;2;195;195;195;48;2;255;255;255m▀[38;2;255;255;255;48;2;0;0;0m▀[38;2;0;0;0;48;2;255;255;255m▀[38;2;0;0;0;48;2;0;0;0m▀[38;2;255;255;255;48;2;0;0;0m▀[38;2;255;255;255;48;2;0;0;0m▀[38;2;255;255;255;48;2;0;0;0m▀[38;2;0;0;0m▀[0m [0m [0m [0m [0m [0m [0m
[0m [0m [38;2;0;0;0m▄[38;2;0;0;0m▄[38;2;0;0;0m▀[38;2;0;0;0m▀[0m [38;2;0;0;0;48;2;0;0;0m▀[38;2;255;255;255;48;2;255;255;255m▀[38;2;255;255;255;48;2;255;255;255m▀[38;2;255;255;255;48;2;255;255;255m▀[38;2;255;255;255;48;2;255;255;255m▀[38;2;255;255;255;48;2;255;255;255m▀[38;2;255;255;255;48;2;255;255;255m▀[38;2;255;255;255;48;2;255;255;255m▀[38;2;255;255;255;48;2;255;255;255m▀[38;2;255;255;255;48;2;255;255;255m▀[38;2;195;195;195;48;2;195;195;195m▀[38;2;255;255;255;48;2;255;255;255m▀[38;2;195;195;195;48;2;195;195;195m▀[38;2;195;195;195;48;2;195;195;195m▀[38;2;135;135;135;48;2;135;135;135m▀[38;2;135;135;135;48;2;135;135;135m▀[38;2;195;195;195;48;2;195;195;195m▀[38;2;135;135;135;48;2;135;135;135m▀[38;2;135;135;135;48;2;135;135;135m▀[38;2;106;106;82;48;2;106;106;82m▀[38;2;106;106;82;48;2;106;106;82m▀[38;2;106;106;82;48;2;106;106;82m▀[38;2;106;106;82;48;2;106;106;82m▀[38;2;197;213;172;48;2;197;213;172m▀[38;2;197;213;172;48;2;197;213;172m▀[38;2;180;180;156;48;2;180;180;156m▀[38;2;65;57;49;48;2;65;57;49m▀[38;2;65;57;49;48;2;65;57;49m▀[38;2;16;16;16;48;2;16;16;16m▀[38;2;180;180;156;48;2;180;180;156m▀[38;2;180;180;156;48;2;180;180;156m▀[38;2;180;180;156;48;2;180;180;156m▀[38;2;180;180;156;48;2;180;180;156m▀[38;2;180;180;156;48;2;180;180;156m▀[38;2;180;180;156;48;2;180;180;156m▀[38;2;156;148;131;48;2;156;148;131m▀[38;2;16;16;16;48;2;16;16;16m▀[38;2;255;255;255;48;2;255;255;255m▀[38;2;255;255;255;48;2;255;255;255m▀[38;2;255;255;255;48;2;255;255;255m▀[38;2;75;75;75;48;2;75;75;75m▀[38;2;65;57;49;48;2;65;57;49m▀[38;2;135;135;135;48;2;135;135;135m▀[38;2;135;135;135;48;2;135;135;135m▀[38;2;135;135;135;48;2;135;135;135m▀[38;2;135;135;135;48;2;135;135;135m▀[38;2;255;255;255;48;2;255;255;255m▀[38;2;195;195;195;48;2;195;195;195m▀[38;2;255;255;255;48;2;255;255;255m▀[38;2;195;195;195;48;2;195;195;195m▀[38;2;255;255;255;48;2;255;255;255m▀[38;2;255;255;255;48;2;255;255;255m▀[38;2;195;195;195;48;2;195;195;195m▀[38;2;195;195;195;48;2;195;195;195m▀[38;2;195;195;195;48;2;195;195;195m▀[38;2;195;195;195;48;2;195;195;195m▀[38;2;195;195;195;48;2;195;195;195m▀[38;2;195;195;195;48;2;195;195;195m▀[38;2;195;195;195;48;2;195;195;195m▀[38;2;255;255;255;48;2;255;255;255m▀[38;2;255;255;255;48;2;255;255;255m▀[38;2;0;0;0;48;2;0;0;0m▀[0m [38;2;0;0;0m▄[38;2;0;0;0m▄[0m [0m [0m [0m [0m [0m [0m [0m [0m
[0m [38;2;0;0;0;48;2;0;0;0m▀[38;2;255;255;255;48;2;255;255;255m▀[38;2;255;255;255;48;2;255;255;255m▀[38;2;0;0;0;48;2;0;0;0m▀[38;2;0;0;0;48;2;255;255;255m▀[38;2;0;0;0;48;2;255;255;255m▀[38;2;255;255;255;48;2;255;255;255m▀[38;2;255;255;255;48;2;255;255;255m▀[38;2;255;255;255;48;2;255;255;255m▀[38;2;255;255;255;48;2;195;195;195m▀[38;2;255;255;255;48;2;195;195;195m▀[38;2;195;195;195;48;2;135;135;135m▀[38;2;195;195;195;48;2;135;135;135m▀[38;2;195;195;195;48;2;135;135;135m▀[38;2;195;195;195;48;2;135;135;135m▀[38;2;195;195;195;48;2;135;135;135m▀[38;2;255;255;255;48;2;195;195;195m▀[38;2;195;195;195;48;2;195;195;195m▀[38;2;255;255;255;48;2;195;195;195m▀[38;2;135;135;135;48;2;135;135;135m▀[38;2;135;135;135;48;2;135;135;135m▀[38;2;135;135;135;48;2;135;135;135m▀[38;2;135;135;135;48;2;65;57;49m▀[38;2;16;16;16;48;2;75;75;75m▀[38;2;16;16;16;48;2;255;255;255m▀[38;2;197;213;172;48;2;16;16;16m▀[38;2;197;213;172;48;2;197;213;172m▀[38;2;197;213;172;48;2;197;213;172m▀[38;2;197;213;172;48;2;197;213;172m▀[38;2;197;213;172;48;2;106;106;82m▀[38;2;197;213;172;48;2;180;180;156m▀[38;2;180;180;156;48;2;180;180;156m▀[38;2;180;180;156;48;2;180;180;156m▀[38;2;180;180;156;48;2;180;180;156m▀[38;2;180;180;156;48;2;180;180;156m▀[38;2;180;180;156;48;2;180;180;156m▀[38;2;180;180;156;48;2;106;106;82m▀[38;2;180;180;156;48;2;180;180;156m▀[38;2;180;180;156;48;2;180;180;156m▀[38;2;180;180;156;48;2;180;180;156m▀[38;2;180;180;156;48;2;16;16;16m▀[38;2;16;16;16;48;2;255;255;255m▀[38;2;255;255;255;48;2;255;255;255m▀[38;2;255;255;255;48;2;255;255;255m▀[38;2;255;255;255;48;2;255;255;255m▀[38;2;255;255;255;48;2;255;255;255m▀[38;2;255;255;255;48;2;255;255;255m▀[38;2;75;75;75;48;2;205;222;205m▀[38;2;65;57;49;48;2;75;75;75m▀[38;2;135;135;135;48;2;16;16;16m▀[38;2;135;135;135;48;2;135;135;135m▀[38;2;135;135;135;48;2;135;135;135m▀[38;2;255;255;255;48;2;135;135;135m▀[38;2;255;255;255;48;2;255;255;255m▀[38;2;255;255;255;48;2;195;195;195m▀[38;2;195;195;195;48;2;135;135;135m▀[38;2;195;195;195;48;2;135;135;135m▀[38;2;195;195;195;48;2;135;135;135m▀[38;2;135;135;135;48;2;135;135;135m▀[38;2;135;135;135;48;2;106;106;82m▀[38;2;135;135;135;48;2;106;106;82m▀[38;2;135;135;135;48;2;65;57;49m▀[38;2;135;135;135;48;2;65;57;49m▀[38;2;135;135;135;48;2;135;135;135m▀[38;2;135;135;135;48;2;135;135;135m▀[38;2;195;195;195;48;2;135;135;135m▀[38;2;255;255;255;48;2;195;195;195m▀[38;2;255;255;255;48;2;255;255;255m▀[38;2;0;0;0;48;2;255;255;255m▀[38;2;255;255;255;48;2;0;0;0m▀[38;2;255;255;255;48;2;0;0;0m▀[38;2;0;0;0m▀[0m [0m [0m [0m [0m [0m [0m [0m
[0m [38;2;0;0;0m▄[38;2;0;0;0;48;2;255;255;255m▀[38;2;0;0;0;48;2;255;255;255m▀[38;2;255;255;255;48;2;255;255;255m▀[38;2;255;255;255;48;2;255;255;255m▀[38;2;255;255;255;48;2;195;195;195m▀[38;2;195;195;195;48;2;195;195;195m▀[38;2;195;195;195;48;2;135;135;135m▀[38;2;195;195;195;48;2;135;135;135m▀[38;2;135;135;135;48;2;135;135;135m▀[38;2;135;135;135;48;2;65;57;49m▀[38;2;135;135;135;48;2;106;106;82m▀[38;2;65;57;49;48;2;180;180;156m▀[38;2;65;57;49;48;2;180;180;156m▀[38;2;65;57;49;48;2;180;180;156m▀[38;2;135;135;135;48;2;106;106;82m▀[38;2;135;135;135;48;2;65;57;49m▀[38;2;135;135;135;48;2;135;135;135m▀[38;2;195;195;195;48;2;135;135;135m▀[38;2;255;255;255;48;2;195;195;195m▀[38;2;135;135;135;48;2;75;75;75m▀[38;2;135;135;135;48;2;75;75;75m▀[38;2;75;75;75;48;2;255;255;255m▀[38;2;255;255;255;48;2;255;255;255m▀[38;2;255;255;255;48;2;255;255;255m▀[38;2;255;255;255;48;2;255;255;255m▀[38;2;16;16;16;48;2;255;255;255m▀[38;2;16;16;16;48;2;255;255;255m▀[38;2;180;180;156;48;2;16;16;16m▀[38;2;180;180;156;48;2;180;180;156m▀[38;2;106;106;82;48;2;180;180;156m▀[38;2;180;180;156;48;2;16;16;16m▀[38;2;180;180;156;48;2;156;148;131m▀[38;2;180;180;156;48;2;156;148;131m▀[38;2;156;148;131;48;2;16;16;16m▀[38;2;106;106;82;48;2;156;148;131m▀[38;2;180;180;156;48;2;180;180;156m▀[38;2;180;180;156;48;2;16;16;16m▀[38;2;16;16;16;48;2;255;255;255m▀[38;2;16;16;16;48;2;255;255;255m▀[38;2;255;255;255;48;2;255;255;255m▀[38;2;255;255;255;48;2;255;255;255m▀[38;2;255;255;255;48;2;255;255;255m▀[38;2;255;255;255;48;2;255;255;255m▀[38;2;255;255;255;48;2;255;255;255m▀[38;2;255;255;255;48;2;255;255;255m▀[38;2;255;255;255;48;2;255;255;255m▀[38;2;205;222;205;48;2;205;222;205m▀[38;2;75;75;75;48;2;75;75;75m▀[38;2;16;16;16;48;2;16;16;16m▀[38;2;135;135;135;48;2;255;255;255m▀[38;2;135;135;135;48;2;255;255;255m▀[38;2;255;255;255;48;2;255;255;255m▀[38;2;195;195;195;48;2;135;135;135m▀[38;2;135;135;135;48;2;135;135;135m▀[38;2;135;135;135;48;2;65;57;49m▀[38;2;106;106;82;48;2;180;180;156m▀[38;2;106;106;82;48;2;180;180;156m▀[38;2;106;106;82;48;2;197;213;172m▀[38;2;197;213;172;48;2;197;213;172m▀[38;2;197;213;172;48;2;180;180;156m▀[38;2;197;213;172;48;2;197;213;172m▀[38;2;197;213;172;48;2;197;213;172m▀[38;2;65;57;49;48;2;156;148;131m▀[38;2;65;57;49;48;2;156;148;131m▀[38;2;135;135;135;48;2;65;57;49m▀[38;2;135;135;135;48;2;135;135;135m▀[38;2;195;195;195;48;2;135;135;135m▀[38;2;255;255;255;48;2;195;195;195m▀[38;2;255;255;255;48;2;255;255;255m▀[38;2;255;255;255;48;2;255;255;255m▀[38;2;0;0;0;48;2;255;255;255m▀[38;2;0;0;0m▄[0m [0m [0m [0m [0m [0m [0m
[38;2;0;0;0;48;2;0;0;0m▀[38;2;255;255;255;48;2;255;255;255m▀[38;2;0;0;0;48;2;0;0;0m▀[38;2;0;0;0;48;2;0;0;0m▀[38;2;255;255;255;48;2;255;255;255m▀[38;2;255;255;255;48;2;255;255;255m▀[38;2;195;195;195;48;2;195;195;195m▀[38;2;135;135;135;48;2;135;135;135m▀[38;2;135;135;135;48;2;135;135;135m▀[38;2;135;135;135;48;2;135;135;135m▀[38;2;65;57;49;48;2;65;57;49m▀[38;2;197;213;172;48;2;197;213;172m▀[38;2;197;213;172;48;2;197;213;172m▀[38;2;180;180;156;48;2;180;180;156m▀[38;2;180;180;156;48;2;180;180;156m▀[38;2;180;180;156;48;2;180;180;156m▀[38;2;180;180;156;48;2;180;180;156m▀[38;2;180;180;156;48;2;180;180;156m▀[38;2;16;16;16;48;2;16;16;16m▀[38;2;135;135;135;48;2;135;135;135m▀[38;2;135;135;135;48;2;135;135;135m▀[38;2;75;75;75;48;2;75;75;75m▀[38;2;75;75;75;48;2;75;75;75m▀[38;2;255;255;255;48;2;255;255;255m▀[38;2;255;255;255;48;2;255;255;255m▀[38;2;255;255;255;48;2;255;255;255m▀[38;2;255;255;255;48;2;255;255;255m▀[38;2;255;255;255;48;2;255;255;255m▀[38;2;255;255;255;48;2;255;255;255m▀[38;2;255;255;255;48;2;255;255;255m▀[38;2;16;16;16;48;2;16;16;16m▀[38;2;156;148;131;48;2;156;148;131m▀[38;2;16;16;16;48;2;16;16;16m▀[38;2;156;148;131;48;2;156;148;131m▀[38;2;156;148;131;48;2;156;148;131m▀[38;2;16;16;16;48;2;16;16;16m▀[38;2;156;148;131;48;2;156;148;131m▀[38;2;16;16;16;48;2;16;16;16m▀[38;2;255;255;255;48;2;255;255;255m▀[38;2;255;255;255;48;2;255;255;255m▀[38;2;255;255;255;48;2;255;255;255m▀[38;2;255;255;255;48;2;255;255;255m▀[38;2;255;255;255;48;2;255;255;255m▀[38;2;255;255;255;48;2;255;255;255m▀[38;2;255;255;255;48;2;255;255;255m▀[38;2;255;255;255;48;2;255;255;255m▀[38;2;255;255;255;48;2;255;255;255m▀[38;2;255;255;255;48;2;255;255;255m▀[38;2;205;222;205;48;2;205;222;205m▀[38;2;75;75;75;48;2;75;75;75m▀[38;2;65;57;49;48;2;65;57;49m▀[38;2;255;255;255;48;2;255;255;255m▀[38;2;255;255;255;48;2;255;255;255m▀[38;2;195;195;195;48;2;195;195;195m▀[38;2;135;135;135;48;2;135;135;135m▀[38;2;65;57;49;48;2;65;57;49m▀[38;2;180;180;156;48;2;180;180;156m▀[38;2;180;180;156;48;2;180;180;156m▀[38;2;180;180;156;48;2;180;180;156m▀[38;2;106;106;82;48;2;106;106;82m▀[38;2;180;180;156;48;2;180;180;156m▀[38;2;180;180;156;48;2;180;180;156m▀[38;2;180;180;156;48;2;180;180;156m▀[38;2;180;180;156;48;2;180;180;156m▀[38;2;180;180;156;48;2;180;180;156m▀[38;2;180;180;156;48;2;180;180;156m▀[38;2;197;213;172;48;2;197;213;172m▀[38;2;106;106;82;48;2;106;106;82m▀[38;2;135;135;135;48;2;135;135;135m▀[38;2;135;135;135;48;2;135;135;135m▀[38;2;195;195;195;48;2;195;195;195m▀[38;2;195;195;195;48;2;195;195;195m▀[38;2;255;255;255;48;2;255;255;255m▀[38;2;255;255;255;48;2;255;255;255m▀[38;2;0;0;0;48;2;0;0;0m▀[0m [0m [0m [0m [0m [0m
[38;2;0;0;0m▄[38;2;0;0;0;48;2;0;0;0m▀[38;2;255;255;255;48;2;255;255;255m▀[38;2;255;255;255;48;2;255;255;255m▀[38;2;255;255;255;48;2;195;195;195m▀[38;2;195;195;195;48;2;135;135;135m▀[38;2;135;135;135;48;2;135;135;135m▀[38;2;135;135;135;48;2;106;106;82m▀[38;2;106;106;82;48;2;197;213;172m▀[38;2;106;106;82;48;2;197;213;172m▀[38;2;197;213;172;48;2;197;213;172m▀[38;2;180;180;156;48;2;180;180;156m▀[38;2;180;180;156;48;2;180;180;156m▀[38;2;180;180;156;48;2;180;180;156m▀[38;2;106;106;82;48;2;180;180;156m▀[38;2;106;106;82;48;2;180;180;156m▀[38;2;180;180;156;48;2;106;106;82m▀[38;2;180;180;156;48;2;180;180;156m▀[38;2;180;180;156;48;2;156;148;131m▀[38;2;16;16;16;48;2;16;16;16m▀[38;2;135;135;135;48;2;135;135;135m▀[38;2;75;75;75;48;2;75;75;75m▀[38;2;75;75;75;48;2;75;75;75m▀[38;2;255;255;255;48;2;205;222;205m▀[38;2;255;255;255;48;2;255;255;255m▀[38;2;255;255;255;48;2;255;255;255m▀[38;2;255;255;255;48;2;255;255;255m▀[38;2;16;16;16;48;2;16;16;16m▀[38;2;16;16;16;48;2;16;16;16m▀[38;2;255;255;255;48;2;255;255;255m▀[38;2;255;255;255;48;2;255;255;255m▀[38;2;16;16;16;48;2;16;16;16m▀[38;2;156;148;131;48;2;156;148;131m▀[38;2;156;148;131;48;2;156;148;131m▀[38;2;156;148;131;48;2;156;148;131m▀[38;2;156;148;131;48;2;180;180;156m▀[38;2;16;16;16;48;2;16;16;16m▀[38;2;255;255;255;48;2;255;255;255m▀[38;2;255;255;255;48;2;255;255;255m▀[38;2;16;16;16;48;2;16;16;16m▀[38;2;16;16;16;48;2;16;16;16m▀[38;2;255;255;255;48;2;255;255;255m▀[38;2;255;255;255;48;2;255;255;255m▀[38;2;255;255;255;48;2;255;255;255m▀[38;2;255;255;255;48;2;255;255;255m▀[38;2;255;255;255;48;2;255;255;255m▀[38;2;255;255;255;48;2;255;255;255m▀[38;2;255;255;255;48;2;205;222;205m▀[38;2;205;222;205;48;2;75;75;75m▀[38;2;75;75;75;48;2;156;148;131m▀[38;2;255;255;255;48;2;255;255;255m▀[38;2;255;255;255;48;2;195;195;195m▀[38;2;255;255;255;48;2;195;195;195m▀[38;2;195;195;195;48;2;135;135;135m▀[38;2;135;135;135;48;2;135;135;135m▀[38;2;65;57;49;48;2;65;57;49m▀[38;2;180;180;156;48;2;156;148;131m▀[38;2;65;57;49;48;2;106;106;82m▀[38;2;65;57;49;48;2;106;106;82m▀[38;2;180;180;156;48;2;180;180;156m▀[38;2;180;180;156;48;2;180;180;156m▀[38;2;180;180;156;48;2;180;180;156m▀[38;2;180;180;156;48;2;106;106;82m▀[38;2;180;180;156;48;2;180;180;156m▀[38;2;180;180;156;48;2;180;180;156m▀[38;2;180;180;156;48;2;180;180;156m▀[38;2;197;213;172;48;2;180;180;156m▀[38;2;197;213;172;48;2;180;180;156m▀[38;2;106;106;82;48;2;197;213;172m▀[38;2;135;135;135;48;2;65;57;49m▀[38;2;135;135;135;48;2;135;135;135m▀[38;2;135;135;135;48;2;135;135;135m▀[38;2;195;195;195;48;2;135;135;135m▀[38;2;255;255;255;48;2;195;195;195m▀[38;2;255;255;255;48;2;255;255;255m▀[38;2;0;0;0;48;2;255;255;255m▀[38;2;0;0;0m▄[0m [0m [0m [0m
[38;2;255;255;255;48;2;0;0;0m▀[38;2;255;255;255;48;2;255;255;255m▀[38;2;255;255;255;48;2;195;195;195m▀[38;2;255;255;255;48;2;195;195;195m▀[38;2;135;135;135;48;2;135;135;135m▀[38;2;135;135;135;48;2;106;106;82m▀[38;2;106;106;82;48;2;197;213;172m▀[38;2;197;213;172;48;2;197;213;172m▀[38;2;180;180;156;48;2;180;180;156m▀[38;2;180;180;156;48;2;180;180;156m▀[38;2;180;180;156;48;2;180;180;156m▀[38;2;180;180;156;48;2;180;180;156m▀[38;2;106;106;82;48;2;180;180;156m▀[38;2;180;180;156;48;2;106;106;82m▀[38;2;180;180;156;48;2;180;180;156m▀[38;2;180;180;156;48;2;180;180;156m▀[38;2;180;180;156;48;2;180;180;156m▀[38;2;65;57;49;48;2;156;148;131m▀[38;2;156;148;131;48;2;16;16;16m▀[38;2;16;16;16;48;2;135;135;135m▀[38;2;135;135;135;48;2;135;135;135m▀[38;2;135;135;135;48;2;135;135;135m▀[38;2;135;135;135;48;2;135;135;135m▀[38;2;75;75;75;48;2;65;57;49m▀[38;2;205;222;205;48;2;75;75;75m▀[38;2;255;255;255;48;2;205;222;205m▀[38;2;255;255;255;48;2;255;255;255m▀[38;2;255;255;255;48;2;255;255;255m▀[38;2;255;255;255;48;2;255;255;255m▀[38;2;255;255;255;48;2;205;222;205m▀[38;2;205;222;205;48;2;75;75;75m▀[38;2;75;75;75;48;2;180;180;156m▀[38;2;180;180;156;48;2;180;180;156m▀[38;2;180;180;156;48;2;180;180;156m▀[38;2;180;180;156;48;2;180;180;156m▀[38;2;180;180;156;48;2;180;180;156m▀[38;2;75;75;75;48;2;180;180;156m▀[38;2;205;222;205;48;2;75;75;75m▀[38;2;255;255;255;48;2;205;222;205m▀[38;2;255;255;255;48;2;255;255;255m▀[38;2;255;255;255;48;2;255;255;255m▀[38;2;255;255;255;48;2;255;255;255m▀[38;2;255;255;255;48;2;255;255;255m▀[38;2;255;255;255;48;2;255;255;255m▀[38;2;255;255;255;48;2;255;255;255m▀[38;2;255;255;255;48;2;205;222;205m▀[38;2;255;255;255;48;2;205;222;205m▀[38;2;205;222;205;48;2;75;75;75m▀[38;2;75;75;75;48;2;156;148;131m▀[38;2;255;255;255;48;2;255;255;255m▀[38;2;255;255;255;48;2;195;195;195m▀[38;2;135;135;135;48;2;135;135;135m▀[38;2;135;135;135;48;2;135;135;135m▀[38;2;135;135;135;48;2;16;16;16m▀[38;2;16;16;16;48;2;180;180;156m▀[38;2;16;16;16;48;2;180;180;156m▀[38;2;65;57;49;48;2;65;57;49m▀[38;2;156;148;131;48;2;156;148;131m▀[38;2;156;148;131;48;2;156;148;131m▀[38;2;180;180;156;48;2;156;148;131m▀[38;2;180;180;156;48;2;65;57;49m▀[38;2;65;57;49;48;2;180;180;156m▀[38;2;180;180;156;48;2;180;180;156m▀[38;2;180;180;156;48;2;180;180;156m▀[38;2;180;180;156;48;2;180;180;156m▀[38;2;180;180;156;48;2;180;180;156m▀[38;2;180;180;156;48;2;106;106;82m▀[38;2;180;180;156;48;2;180;180;156m▀[38;2;197;213;172;48;2;180;180;156m▀[38;2;197;213;172;48;2;197;213;172m▀[38;2;65;57;49;48;2;65;57;49m▀[38;2;65;57;49;48;2;65;57;49m▀[38;2;135;135;135;48;2;135;135;135m▀[38;2;195;195;195;48;2;135;135;135m▀[38;2;255;255;255;48;2;195;195;195m▀[38;2;255;255;255;48;2;255;255;255m▀[38;2;0;0;0;48;2;0;0;0m▀[0m [0m [0m [0m
[38;2;255;255;255;48;2;255;255;255m▀[38;2;255;255;255;48;2;255;255;255m▀[38;2;135;135;135;48;2;135;135;135m▀[38;2;135;135;135;48;2;135;135;135m▀[38;2;135;135;135;48;2;135;135;135m▀[38;2;106;106;82;48;2;106;106;82m▀[38;2;197;213;172;48;2;197;213;172m▀[38;2;197;213;172;48;2;197;213;172m▀[38;2;180;180;156;48;2;180;180;156m▀[38;2;180;180;156;48;2;180;180;156m▀[38;2;106;106;82;48;2;106;106;82m▀[38;2;180;180;156;48;2;180;180;156m▀[38;2;180;180;156;48;2;180;180;156m▀[38;2;156;148;131;48;2;156;148;131m▀[38;2;65;57;49;48;2;65;57;49m▀[38;2;65;57;49;48;2;65;57;49m▀[38;2;156;148;131;48;2;156;148;131m▀[38;2;65;57;49;48;2;65;57;49m▀[38;2;156;148;131;48;2;156;148;131m▀[38;2;65;57;49;48;2;65;57;49m▀[38;2;135;135;135;48;2;135;135;135m▀[38;2;135;135;135;48;2;135;135;135m▀[38;2;135;135;135;48;2;135;135;135m▀[38;2;65;57;49;48;2;65;57;49m▀[38;2;180;180;156;48;2;180;180;156m▀[38;2;75;75;75;48;2;75;75;75m▀[38;2;205;222;205;48;2;205;222;205m▀[38;2;205;222;205;48;2;205;222;205m▀[38;2;205;222;205;48;2;205;222;205m▀[38;2;75;75;75;48;2;75;75;75m▀[38;2;180;180;156;48;2;180;180;156m▀[38;2;180;180;156;48;2;180;180;156m▀[38;2;180;180;156;48;2;180;180;156m▀[38;2;180;180;156;48;2;180;180;156m▀[38;2;180;180;156;48;2;180;180;156m▀[38;2;180;180;156;48;2;180;180;156m▀[38;2;180;180;156;48;2;180;180;156m▀[38;2;180;180;156;48;2;180;180;156m▀[38;2;75;75;75;48;2;75;75;75m▀[38;2;205;222;205;48;2;205;222;205m▀[38;2;205;222;205;48;2;205;222;205m▀[38;2;255;255;255;48;2;255;255;255m▀[38;2;255;255;255;48;2;255;255;255m▀[38;2;205;222;205;48;2;205;222;205m▀[38;2;205;222;205;48;2;205;222;205m▀[38;2;75;75;75;48;2;75;75;75m▀[38;2;75;75;75;48;2;75;75;75m▀[38;2;156;148;131;48;2;156;148;131m▀[38;2;156;148;131;48;2;156;148;131m▀[38;2;255;255;255;48;2;255;255;255m▀[38;2;195;195;195;48;2;195;195;195m▀[38;2;135;135;135;48;2;135;135;135m▀[38;2;135;135;135;48;2;135;135;135m▀[38;2;16;16;16;48;2;16;16;16m▀[38;2;180;180;156;48;2;180;180;156m▀[38;2;180;180;156;48;2;180;180;156m▀[38;2;180;180;156;48;2;180;180;156m▀[38;2;16;16;16;48;2;16;16;16m▀[38;2;16;16;16;48;2;16;16;16m▀[38;2;16;16;16;48;2;16;16;16m▀[38;2;106;106;82;48;2;106;106;82m▀[38;2;156;148;131;48;2;156;148;131m▀[38;2;180;180;156;48;2;180;180;156m▀[38;2;180;180;156;48;2;180;180;156m▀[38;2;106;106;82;48;2;106;106;82m▀[38;2;106;106;82;48;2;106;106;82m▀[38;2;180;180;156;48;2;180;180;156m▀[38;2;180;180;156;48;2;180;180;156m▀[38;2;180;180;156;48;2;180;180;156m▀[38;2;180;180;156;48;2;180;180;156m▀[38;2;180;180;156;48;2;180;180;156m▀[38;2;180;180;156;48;2;180;180;156m▀[38;2;65;57;49;48;2;65;57;49m▀[38;2;135;135;135;48;2;135;135;135m▀[38;2;195;195;195;48;2;195;195;195m▀[38;2;255;255;255;48;2;255;255;255m▀[38;2;0;0;0;48;2;0;0;0m▀[0m [0m [0m [0m
[38;2;255;255;255;48;2;255;255;255m▀[38;2;195;195;195;48;2;195;195;195m▀[38;2;135;135;135;48;2;135;135;135m▀[38;2;135;135;135;48;2;135;135;135m▀[38;2;106;106;82;48;2;106;106;82m▀[38;2;197;213;172;48;2;180;180;156m▀[38;2;197;213;172;48;2;180;180;156m▀[38;2;180;180;156;48;2;180;180;156m▀[38;2;180;180;156;48;2;180;180;156m▀[38;2;180;180;156;48;2;180;180;156m▀[38;2;180;180;156;48;2;180;180;156m▀[38;2;65;57;49;48;2;156;148;131m▀[38;2;156;148;131;48;2;65;57;49m▀[38;2;156;148;131;48;2;16;16;16m▀[38;2;16;16;16;48;2;16;16;16m▀[38;2;16;16;16;48;2;16;16;16m▀[38;2;16;16;16;48;2;156;148;131m▀[38;2;156;148;131;48;2;156;148;131m▀[38;2;156;148;131;48;2;156;148;131m▀[38;2;16;16;16;48;2;16;16;16m▀[38;2;135;135;135;48;2;135;135;135m▀[38;2;135;135;135;48;2;135;135;135m▀[38;2;135;135;135;48;2;135;135;135m▀[38;2;16;16;16;48;2;16;16;16m▀[38;2;180;180;156;48;2;180;180;156m▀[38;2;180;180;156;48;2;156;148;131m▀[38;2;75;75;75;48;2;156;148;131m▀[38;2;75;75;75;48;2;106;106;82m▀[38;2;75;75;75;48;2;106;106;82m▀[38;2;106;106;82;48;2;255;255;255m▀[38;2;65;57;49;48;2;205;222;205m▀[38;2;65;57;49;48;2;180;41;16m▀[38;2;65;57;49;48;2;180;41;16m▀[38;2;65;57;49;48;2;180;41;16m▀[38;2;65;57;49;48;2;180;41;16m▀[38;2;65;57;49;48;2;180;41;16m▀[38;2;65;57;49;48;2;255;255;255m▀[38;2;106;106;82;48;2;205;222;205m▀[38;2;180;180;156;48;2;65;57;49m▀[38;2;75;75;75;48;2;180;180;156m▀[38;2;75;75;75;48;2;180;180;156m▀[38;2;205;222;205;48;2;75;75;75m▀[38;2;205;222;205;48;2;75;75;75m▀[38;2;75;75;75;48;2;156;148;131m▀[38;2;75;75;75;48;2;156;148;131m▀[38;2;156;148;131;48;2;156;148;131m▀[38;2;156;148;131;48;2;156;148;131m▀[38;2;156;148;131;48;2;156;148;131m▀[38;2;156;148;131;48;2;156;148;131m▀[38;2;255;255;255;48;2;156;148;131m▀[38;2;255;255;255;48;2;255;255;255m▀[38;2;135;135;135;48;2;255;255;255m▀[38;2;135;135;135;48;2;255;255;255m▀[38;2;135;135;135;48;2;135;135;135m▀[38;2;65;57;49;48;2;135;135;135m▀[38;2;180;180;156;48;2;16;16;16m▀[38;2;106;106;82;48;2;16;16;16m▀[38;2;16;16;16;48;2;156;148;131m▀[38;2;16;16;16;48;2;156;148;131m▀[38;2;156;148;131;48;2;156;148;131m▀[38;2;16;16;16;48;2;156;148;131m▀[38;2;156;148;131;48;2;16;16;16m▀[38;2;156;148;131;48;2;16;16;16m▀[38;2;65;57;49;48;2;65;57;49m▀[38;2;156;148;131;48;2;156;148;131m▀[38;2;156;148;131;48;2;156;148;131m▀[38;2;180;180;156;48;2;156;148;131m▀[38;2;180;180;156;48;2;16;16;16m▀[38;2;16;16;16;48;2;16;16;16m▀[38;2;180;180;156;48;2;180;180;156m▀[38;2;180;180;156;48;2;180;180;156m▀[38;2;180;180;156;48;2;180;180;156m▀[38;2;65;57;49;48;2;65;57;49m▀[38;2;135;135;135;48;2;135;135;135m▀[38;2;195;195;195;48;2;195;195;195m▀[38;2;255;255;255;48;2;255;255;255m▀[38;2;0;0;0;48;2;0;0;0m▀[0m [0m [0m [0m
[38;2;255;255;255;48;2;255;255;255m▀[38;2;195;195;195;48;2;255;255;255m▀[38;2;135;135;135;48;2;195;195;195m▀[38;2;135;135;135;48;2;195;195;195m▀[38;2;135;135;135;48;2;135;135;135m▀[38;2;106;106;82;48;2;106;106;82m▀[38;2;180;180;156;48;2;180;180;156m▀[38;2;180;180;156;48;2;180;180;156m▀[38;2;106;106;82;48;2;180;180;156m▀[38;2;106;106;82;48;2;180;180;156m▀[38;2;156;148;131;48;2;16;16;16m▀[38;2;156;148;131;48;2;16;16;16m▀[38;2;16;16;16;48;2;180;180;156m▀[38;2;180;180;156;48;2;180;180;156m▀[38;2;16;16;16;48;2;180;180;156m▀[38;2;16;16;16;48;2;180;180;156m▀[38;2;156;148;131;48;2;16;16;16m▀[38;2;156;148;131;48;2;16;16;16m▀[38;2;16;16;16;48;2;135;135;135m▀[38;2;135;135;135;48;2;135;135;135m▀[38;2;135;135;135;48;2;195;195;195m▀[38;2;135;135;135;48;2;135;135;135m▀[38;2;135;135;135;48;2;135;135;135m▀[38;2;16;16;16;48;2;135;135;135m▀[38;2;180;180;156;48;2;16;16;16m▀[38;2;156;148;131;48;2;156;148;131m▀[38;2;156;148;131;48;2;65;57;49m▀[38;2;65;57;49;48;2;180;41;16m▀[38;2;65;57;49;48;2;180;41;16m▀[38;2;255;255;255;48;2;180;41;16m▀[38;2;180;41;16;48;2;180;41;16m▀[38;2;180;41;16;48;2;180;41;16m▀[38;2;180;41;16;48;2;222;82;57m▀[38;2;180;41;16;48;2;222;82;57m▀[38;2;180;41;16;48;2;222;82;57m▀[38;2;180;41;16;48;2;222;82;57m▀[38;2;255;255;255;48;2;222;82;57m▀[38;2;180;41;16;48;2;222;82;57m▀[38;2;180;41;16;48;2;180;41;16m▀[38;2;65;57;49;48;2;180;41;16m▀[38;2;65;57;49;48;2;180;41;16m▀[38;2;156;148;131;48;2;65;57;49m▀[38;2;156;148;131;48;2;106;106;82m▀[38;2;156;148;131;48;2;156;148;131m▀[38;2;156;148;131;48;2;65;57;49m▀[38;2;65;57;49;48;2;156;148;131m▀[38;2;65;57;49;48;2;156;148;131m▀[38;2;65;57;49;48;2;156;148;131m▀[38;2;156;148;131;48;2;156;148;131m▀[38;2;156;148;131;48;2;16;16;16m▀[38;2;16;16;16;48;2;135;135;135m▀[38;2;255;255;255;48;2;135;135;135m▀[38;2;255;255;255;48;2;135;135;135m▀[38;2;255;255;255;48;2;255;255;255m▀[38;2;135;135;135;48;2;255;255;255m▀[38;2;135;135;135;48;2;195;195;195m▀[38;2;135;135;135;48;2;135;135;135m▀[38;2;65;57;49;48;2;135;135;135m▀[38;2;65;57;49;48;2;135;135;135m▀[38;2;156;148;131;48;2;65;57;49m▀[38;2;156;148;131;48;2;65;57;49m▀[38;2;156;148;131;48;2;156;148;131m▀[38;2;156;148;131;48;2;156;148;131m▀[38;2;156;148;131;48;2;156;148;131m▀[38;2;16;16;16;48;2;156;148;131m▀[38;2;16;16;16;48;2;156;148;131m▀[38;2;16;16;16;48;2;156;148;131m▀[38;2;156;148;131;48;2;156;148;131m▀[38;2;156;148;131;48;2;156;148;131m▀[38;2;180;180;156;48;2;65;57;49m▀[38;2;65;57;49;48;2;135;135;135m▀[38;2;65;57;49;48;2;135;135;135m▀[38;2;135;135;135;48;2;135;135;135m▀[38;2;135;135;135;48;2;195;195;195m▀[38;2;195;195;195;48;2;255;255;255m▀[38;2;255;255;255;48;2;255;255;255m▀[38;2;0;0;0;48;2;0;0;0m▀[0m [0m [0m [0m
[38;2;0;0;0;48;2;0;0;0m▀[38;2;255;255;255;48;2;255;255;255m▀[38;2;255;255;255;48;2;255;255;255m▀[38;2;255;255;255;48;2;255;255;255m▀[38;2;135;135;135;48;2;135;135;135m▀[38;2;135;135;135;48;2;135;135;135m▀[38;2;65;57;49;48;2;65;57;49m▀[38;2;180;180;156;48;2;180;180;156m▀[38;2;180;180;156;48;2;180;180;156m▀[38;2;180;180;156;48;2;180;180;156m▀[38;2;180;180;156;48;2;180;180;156m▀[38;2;180;180;156;48;2;180;180;156m▀[38;2;180;180;156;48;2;180;180;156m▀[38;2;180;180;156;48;2;180;180;156m▀[38;2;16;16;16;48;2;16;16;16m▀[38;2;16;16;16;48;2;16;16;16m▀[38;2;135;135;135;48;2;135;135;135m▀[38;2;135;135;135;48;2;135;135;135m▀[38;2;135;135;135;48;2;135;135;135m▀[38;2;255;255;255;48;2;255;255;255m▀[38;2;195;195;195;48;2;195;195;195m▀[38;2;135;135;135;48;2;135;135;135m▀[38;2;135;135;135;48;2;135;135;135m▀[38;2;135;135;135;48;2;135;135;135m▀[38;2;135;135;135;48;2;135;135;135m▀[38;2;65;57;49;48;2;65;57;49m▀[38;2;180;180;156;48;2;180;180;156m▀[38;2;65;57;49;48;2;65;57;49m▀[38;2;65;57;49;48;2;65;57;49m▀[38;2;180;41;16;48;2;180;41;16m▀[38;2;180;41;16;48;2;180;41;16m▀[38;2;222;82;57;48;2;222;82;57m▀[38;2;222;82;57;48;2;222;82;57m▀[38;2;222;82;57;48;2;222;82;57m▀[38;2;222;82;57;48;2;222;82;57m▀[38;2;222;82;57;48;2;222;82;57m▀[38;2;222;82;57;48;2;222;82;57m▀[38;2;222;82;57;48;2;222;82;57m▀[38;2;222;82;57;48;2;222;82;57m▀[38;2;180;41;16;48;2;180;41;16m▀[38;2;180;41;16;48;2;180;41;16m▀[38;2;180;41;16;48;2;180;41;16m▀[38;2;180;41;16;48;2;180;41;16m▀[38;2;65;57;49;48;2;65;57;49m▀[38;2;156;148;131;48;2;156;148;131m▀[38;2;156;148;131;48;2;156;148;131m▀[38;2;156;148;131;48;2;156;148;131m▀[38;2;156;148;131;48;2;156;148;131m▀[38;2;156;148;131;48;2;156;148;131m▀[38;2;16;16;16;48;2;16;16;16m▀[38;2;135;135;135;48;2;135;135;135m▀[38;2;135;135;135;48;2;135;135;135m▀[38;2;135;135;135;48;2;135;135;135m▀[38;2;135;135;135;48;2;135;135;135m▀[38;2;255;255;255;48;2;255;255;255m▀[38;2;255;255;255;48;2;255;255;255m▀[38;2;255;255;255;48;2;255;255;255m▀[38;2;135;135;135;48;2;135;135;135m▀[38;2;135;135;135;48;2;135;135;135m▀[38;2;135;135;135;48;2;135;135;135m▀[38;2;135;135;135;48;2;135;135;135m▀[38;2;16;16;16;48;2;16;16;16m▀[38;2;106;106;82;48;2;106;106;82m▀[38;2;156;148;131;48;2;156;148;131m▀[38;2;156;148;131;48;2;156;148;131m▀[38;2;156;148;131;48;2;156;148;131m▀[38;2;156;148;131;48;2;156;148;131m▀[38;2;156;148;131;48;2;156;148;131m▀[38;2;16;16;16;48;2;16;16;16m▀[38;2;135;135;135;48;2;135;135;135m▀[38;2;135;135;135;48;2;135;135;135m▀[38;2;135;135;135;48;2;135;135;135m▀[38;2;255;255;255;48;2;255;255;255m▀[38;2;255;255;255;48;2;255;255;255m▀[38;2;255;255;255;48;2;255;255;255m▀[38;2;0;0;0;48;2;0;0;0m▀[0m [0m [0m [0m [0m
[0m [38;2;0;0;0;48;2;0;0;0m▀[38;2;255;255;255;48;2;255;255;255m▀[38;2;255;255;255;48;2;255;255;255m▀[38;2;195;195;195;48;2;255;255;255m▀[38;2;135;135;135;48;2;195;195;195m▀[38;2;135;135;135;48;2;135;135;135m▀[38;2;65;57;49;48;2;135;135;135m▀[38;2;65;57;49;48;2;135;135;135m▀[38;2;65;57;49;48;2;135;135;135m▀[38;2;180;180;156;48;2;65;57;49m▀[38;2;180;180;156;48;2;65;57;49m▀[38;2;16;16;16;48;2;135;135;135m▀[38;2;16;16;16;48;2;135;135;135m▀[38;2;135;135;135;48;2;135;135;135m▀[38;2;135;135;135;48;2;135;135;135m▀[38;2;135;135;135;48;2;195;195;195m▀[38;2;195;195;195;48;2;195;195;195m▀[38;2;255;255;255;48;2;255;255;255m▀[38;2;195;195;195;48;2;195;195;195m▀[38;2;135;135;135;48;2;195;195;195m▀[38;2;135;135;135;48;2;195;195;195m▀[38;2;135;135;135;48;2;195;195;195m▀[38;2;135;135;135;48;2;135;135;135m▀[38;2;135;135;135;48;2;135;135;135m▀[38;2;65;57;49;48;2;65;57;49m▀[38;2;180;180;156;48;2;180;180;156m▀[38;2;180;180;156;48;2;156;148;131m▀[38;2;180;180;156;48;2;156;148;131m▀[38;2;65;57;49;48;2;156;148;131m▀[38;2;222;82;57;48;2;65;57;49m▀[38;2;222;82;57;48;2;65;57;49m▀[38;2;222;82;57;48;2;65;57;49m▀[38;2;222;82;57;48;2;65;57;49m▀[38;2;222;82;57;48;2;65;57;49m▀[38;2;222;82;57;48;2;65;57;49m▀[38;2;222;82;57;48;2;65;57;49m▀[38;2;222;82;57;48;2;65;57;49m▀[38;2;222;82;57;48;2;65;57;49m▀[38;2;222;82;57;48;2;65;57;49m▀[38;2;222;82;57;48;2;65;57;49m▀[38;2;180;41;16;48;2;65;57;49m▀[38;2;65;57;49;48;2;156;148;131m▀[38;2;156;148;131;48;2;156;148;131m▀[38;2;156;148;131;48;2;156;148;131m▀[38;2;156;148;131;48;2;156;148;131m▀[38;2;156;148;131;48;2;156;148;131m▀[38;2;156;148;131;48;2;156;148;131m▀[38;2;156;148;131;48;2;156;148;131m▀[38;2;16;16;16;48;2;16;16;16m▀[38;2;135;135;135;48;2;135;135;135m▀[38;2;135;135;135;48;2;135;135;135m▀[38;2;135;135;135;48;2;135;135;135m▀[38;2;135;135;135;48;2;135;135;135m▀[38;2;135;135;135;48;2;195;195;195m▀[38;2;195;195;195;48;2;135;135;135m▀[38;2;255;255;255;48;2;195;195;195m▀[38;2;255;255;255;48;2;255;255;255m▀[38;2;255;255;255;48;2;255;255;255m▀[38;2;195;195;195;48;2;255;255;255m▀[38;2;135;135;135;48;2;255;255;255m▀[38;2;135;135;135;48;2;135;135;135m▀[38;2;16;16;16;48;2;135;135;135m▀[38;2;16;16;16;48;2;135;135;135m▀[38;2;16;16;16;48;2;135;135;135m▀[38;2;16;16;16;48;2;135;135;135m▀[38;2;16;16;16;48;2;135;135;135m▀[38;2;16;16;16;48;2;135;135;135m▀[38;2;135;135;135;48;2;135;135;135m▀[38;2;135;135;135;48;2;255;255;255m▀[38;2;255;255;255;48;2;255;255;255m▀[38;2;255;255;255;48;2;255;255;255m▀[38;2;255;255;255;48;2;255;255;255m▀[38;2;255;255;255;48;2;0;0;0m▀[38;2;0;0;0m▀[0m [0m [0m [0m [0m [0m
[0m [0m [38;2;0;0;0m▀[38;2;0;0;0m▀[38;2;255;255;255;48;2;0;0;0m▀[38;2;255;255;255;48;2;0;0;0m▀[38;2;255;255;255;48;2;255;255;255m▀[38;2;195;195;195;48;2;255;255;255m▀[38;2;135;135;135;48;2;195;195;195m▀[38;2;135;135;135;48;2;195;195;195m▀[38;2;135;135;135;48;2;195;195;195m▀[38;2;135;135;135;48;2;195;195;195m▀[38;2;135;135;135;48;2;195;195;195m▀[38;2;195;195;195;48;2;255;255;255m▀[38;2;195;195;195;48;2;255;255;255m▀[38;2;195;195;195;48;2;255;255;255m▀[38;2;255;255;255;48;2;255;255;255m▀[38;2;255;255;255;48;2;0;0;0m▀[38;2;255;255;255;48;2;255;255;255m▀[38;2;255;255;255;48;2;255;255;255m▀[38;2;195;195;195;48;2;255;255;255m▀[38;2;135;135;135;48;2;195;195;195m▀[38;2;135;135;135;48;2;195;195;195m▀[38;2;135;135;135;48;2;135;135;135m▀[38;2;135;135;135;48;2;135;135;135m▀[38;2;135;135;135;48;2;135;135;135m▀[38;2;65;57;49;48;2;135;135;135m▀[38;2;156;148;131;48;2;65;57;49m▀[38;2;156;148;131;48;2;65;57;49m▀[38;2;156;148;131;48;2;156;148;131m▀[38;2;156;148;131;48;2;156;148;131m▀[38;2;156;148;131;48;2;156;148;131m▀[38;2;156;148;131;48;2;106;106;82m▀[38;2;156;148;131;48;2;106;106;82m▀[38;2;156;148;131;48;2;106;106;82m▀[38;2;156;148;131;48;2;106;106;82m▀[38;2;156;148;131;48;2;106;106;82m▀[38;2;156;148;131;48;2;106;106;82m▀[38;2;156;148;131;48;2;106;106;82m▀[38;2;156;148;131;48;2;156;148;131m▀[38;2;156;148;131;48;2;156;148;131m▀[38;2;156;148;131;48;2;156;148;131m▀[38;2;156;148;131;48;2;156;148;131m▀[38;2;156;148;131;48;2;156;148;131m▀[38;2;156;148;131;48;2;156;148;131m▀[38;2;156;148;131;48;2;16;16;16m▀[38;2;156;148;131;48;2;16;16;16m▀[38;2;156;148;131;48;2;16;16;16m▀[38;2;16;16;16;48;2;135;135;135m▀[38;2;135;135;135;48;2;135;135;135m▀[38;2;135;135;135;48;2;135;135;135m▀[38;2;135;135;135;48;2;135;135;135m▀[38;2;135;135;135;48;2;135;135;135m▀[38;2;135;135;135;48;2;135;135;135m▀[38;2;135;135;135;48;2;195;195;195m▀[38;2;195;195;195;48;2;195;195;195m▀[38;2;195;195;195;48;2;195;195;195m▀[38;2;195;195;195;48;2;195;195;195m▀[38;2;195;195;195;48;2;195;195;195m▀[38;2;195;195;195;48;2;255;255;255m▀[38;2;255;255;255;48;2;195;195;195m▀[38;2;255;255;255;48;2;195;195;195m▀[38;2;255;255;255;48;2;195;195;195m▀[38;2;255;255;255;48;2;195;195;195m▀[38;2;255;255;255;48;2;195;195;195m▀[38;2;255;255;255;48;2;195;195;195m▀[38;2;255;255;255;48;2;195;195;195m▀[38;2;255;255;255;48;2;255;255;255m▀[38;2;255;255;255;48;2;255;255;255m▀[38;2;255;255;255;48;2;0;0;0m▀[38;2;0;0;0m▀[38;2;0;0;0m▀[38;2;0;0;0m▀[0m [0m [0m [0m [0m [0m [0m [0m
[0m [0m [0m [0m [0m [0m [38;2;0;0;0;48;2;0;0;0m▀[38;2;255;255;255;48;2;255;255;255m▀[38;2;255;255;255;48;2;255;255;255m▀[38;2;255;255;255;48;2;255;255;255m▀[38;2;255;255;255;48;2;255;255;255m▀[38;2;255;255;255;48;2;255;255;255m▀[38;2;255;255;255;48;2;255;255;255m▀[38;2;255;255;255;48;2;255;255;255m▀[38;2;0;0;0;48;2;0;0;0m▀[38;2;0;0;0m▀[38;2;0;0;0m▀[38;2;0;0;0;48;2;0;0;0m▀[38;2;255;255;255;48;2;255;255;255m▀[38;2;255;255;255;48;2;255;255;255m▀[38;2;255;255;255;48;2;255;255;255m▀[38;2;255;255;255;48;2;255;255;255m▀[38;2;255;255;255;48;2;255;255;255m▀[38;2;135;135;135;48;2;135;135;135m▀[38;2;135;135;135;48;2;135;135;135m▀[38;2;135;135;135;48;2;135;135;135m▀[38;2;135;135;135;48;2;135;135;135m▀[38;2;135;135;135;48;2;135;135;135m▀[38;2;135;135;135;48;2;135;135;135m▀[38;2;65;57;49;48;2;65;57;49m▀[38;2;156;148;131;48;2;156;148;131m▀[38;2;106;106;82;48;2;106;106;82m▀[38;2;156;148;131;48;2;156;148;131m▀[38;2;156;148;131;48;2;156;148;131m▀[38;2;156;148;131;48;2;156;148;131m▀[38;2;156;148;131;48;2;156;148;131m▀[38;2;156;148;131;48;2;156;148;131m▀[38;2;156;148;131;48;2;156;148;131m▀[38;2;156;148;131;48;2;156;148;131m▀[38;2;156;148;131;48;2;156;148;131m▀[38;2;156;148;131;48;2;156;148;131m▀[38;2;106;106;82;48;2;106;106;82m▀[38;2;156;148;131;48;2;156;148;131m▀[38;2;156;148;131;48;2;156;148;131m▀[38;2;16;16;16;48;2;16;16;16m▀[38;2;135;135;135;48;2;135;135;135m▀[38;2;135;135;135;48;2;135;135;135m▀[38;2;135;135;135;48;2;135;135;135m▀[38;2;135;135;135;48;2;135;135;135m▀[38;2;135;135;135;48;2;135;135;135m▀[38;2;135;135;135;48;2;135;135;135m▀[38;2;135;135;135;48;2;135;135;135m▀[38;2;135;135;135;48;2;135;135;135m▀[38;2;135;135;135;48;2;135;135;135m▀[38;2;195;195;195;48;2;195;195;195m▀[38;2;195;195;195;48;2;195;195;195m▀[38;2;195;195;195;48;2;195;195;195m▀[38;2;195;195;195;48;2;195;195;195m▀[38;2;195;195;195;48;2;195;195;195m▀[38;2;195;195;195;48;2;195;195;195m▀[38;2;255;255;255;48;2;255;255;255m▀[38;2;195;195;195;48;2;195;195;195m▀[38;2;255;255;255;48;2;255;255;255m▀[38;2;195;195;195;48;2;195;195;195m▀[38;2;255;255;255;48;2;255;255;255m▀[38;2;255;255;255;48;2;255;255;255m▀[38;2;255;255;255;48;2;255;255;255m▀[38;2;255;255;255;48;2;255;255;255m▀[38;2;0;0;0;48;2;0;0;0m▀[0m [0m [0m [0m [0m [0m [0m [0m [0m [0m [0m [0m
[0m [0m [0m [0m [0m [0m [0m [38;2;0;0;0m▀[38;2;0;0;0m▀[38;2;0;0;0m▀[38;2;0;0;0m▀[38;2;0;0;0m▀[38;2;0;0;0m▀[38;2;0;0;0m▀[0m [0m [0m [0m [38;2;0;0;0;48;2;0;0;0m▀[38;2;255;255;255;48;2;255;255;255m▀[38;2;255;255;255;48;2;255;255;255m▀[38;2;255;255;255;48;2;255;255;255m▀[38;2;255;255;255;48;2;255;255;255m▀[38;2;195;195;195;48;2;195;195;195m▀[38;2;195;195;195;48;2;195;195;195m▀[38;2;135;135;135;48;2;135;135;135m▀[38;2;135;135;135;48;2;135;135;135m▀[38;2;135;135;135;48;2;135;135;135m▀[38;2;135;135;135;48;2;135;135;135m▀[38;2;135;135;135;48;2;135;135;135m▀[38;2;16;16;16;48;2;135;135;135m▀[38;2;156;148;131;48;2;65;57;49m▀[38;2;156;148;131;48;2;16;16;16m▀[38;2;156;148;131;48;2;16;16;16m▀[38;2;156;148;131;48;2;16;16;16m▀[38;2;156;148;131;48;2;16;16;16m▀[38;2;156;148;131;48;2;16;16;16m▀[38;2;156;148;131;48;2;16;16;16m▀[38;2;156;148;131;48;2;16;16;16m▀[38;2;156;148;131;48;2;16;16;16m▀[38;2;156;148;131;48;2;16;16;16m▀[38;2;156;148;131;48;2;16;16;16m▀[38;2;156;148;131;48;2;65;57;49m▀[38;2;16;16;16;48;2;135;135;135m▀[38;2;135;135;135;48;2;135;135;135m▀[38;2;135;135;135;48;2;135;135;135m▀[38;2;135;135;135;48;2;135;135;135m▀[38;2;135;135;135;48;2;135;135;135m▀[38;2;135;135;135;48;2;195;195;195m▀[38;2;135;135;135;48;2;135;135;135m▀[38;2;135;135;135;48;2;195;195;195m▀[38;2;195;195;195;48;2;195;195;195m▀[38;2;195;195;195;48;2;195;195;195m▀[38;2;195;195;195;48;2;195;195;195m▀[38;2;195;195;195;48;2;195;195;195m▀[38;2;195;195;195;48;2;195;195;195m▀[38;2;255;255;255;48;2;255;255;255m▀[38;2;195;195;195;48;2;255;255;255m▀[38;2;195;195;195;48;2;255;255;255m▀[38;2;255;255;255;48;2;255;255;255m▀[38;2;195;195;195;48;2;255;255;255m▀[38;2;255;255;255;48;2;255;255;255m▀[38;2;195;195;195;48;2;255;255;255m▀[38;2;255;255;255;48;2;255;255;255m▀[38;2;255;255;255;48;2;255;255;255m▀[38;2;255;255;255;48;2;255;255;255m▀[38;2;255;255;255;48;2;255;255;255m▀[38;2;0;0;0;48;2;0;0;0m▀[0m [0m [0m [0m [0m [0m [0m [0m [0m [0m [0m [0m [0m
[0m [0m [0m [0m [0m [0m [0m [0m [0m [0m [0m [0m [0m [0m [0m [0m [0m [0m [38;2;0;0;0;48;2;0;0;0m▀[38;2;255;255;255;48;2;255;255;255m▀[38;2;255;255;255;48;2;0;0;0m▀[38;2;255;255;255;48;2;255;255;255m▀[38;2;255;255;255;48;2;255;255;255m▀[38;2;255;255;255;48;2;255;255;255m▀[38;2;195;195;195;48;2;195;195;195m▀[38;2;135;135;135;48;2;195;195;195m▀[38;2;195;195;195;48;2;135;135;135m▀[38;2;135;135;135;48;2;195;195;195m▀[38;2;135;135;135;48;2;195;195;195m▀[38;2;135;135;135;48;2;135;135;135m▀[38;2;135;135;135;48;2;255;255;255m▀[38;2;135;135;135;48;2;135;135;135m▀[38;2;135;135;135;48;2;135;135;135m▀[38;2;135;135;135;48;2;135;135;135m▀[38;2;135;135;135;48;2;135;135;135m▀[38;2;135;135;135;48;2;135;135;135m▀[38;2;135;135;135;48;2;135;135;135m▀[38;2;135;135;135;48;2;135;135;135m▀[38;2;135;135;135;48;2;135;135;135m▀[38;2;135;135;135;48;2;135;135;135m▀[38;2;135;135;135;48;2;135;135;135m▀[38;2;135;135;135;48;2;135;135;135m▀[38;2;135;135;135;48;2;135;135;135m▀[38;2;135;135;135;48;2;135;135;135m▀[38;2;135;135;135;48;2;135;135;135m▀[38;2;135;135;135;48;2;135;135;135m▀[38;2;135;135;135;48;2;135;135;135m▀[38;2;135;135;135;48;2;135;135;135m▀[38;2;135;135;135;48;2;135;135;135m▀[38;2;195;195;195;48;2;195;195;195m▀[38;2;135;135;135;48;2;195;195;195m▀[38;2;195;195;195;48;2;195;195;195m▀[38;2;195;195;195;48;2;195;195;195m▀[38;2;195;195;195;48;2;255;255;255m▀[38;2;195;195;195;48;2;255;255;255m▀[38;2;255;255;255;48;2;255;255;255m▀[38;2;255;255;255;48;2;255;255;255m▀[38;2;255;255;255;48;2;255;255;255m▀[38;2;255;255;255;48;2;255;255;255m▀[38;2;255;255;255;48;2;255;255;255m▀[38;2;255;255;255;48;2;255;255;255m▀[38;2;255;255;255;48;2;255;255;255m▀[38;2;255;255;255;48;2;255;255;255m▀[38;2;255;255;255;48;2;255;255;255m▀[38;2;255;255;255;48;2;255;255;255m▀[38;2;255;255;255;48;2;255;255;255m▀[38;2;255;255;255;48;2;0;0;0m▀[38;2;0;0;0m▀[0m [0m [0m [0m [0m [0m [0m [0m [0m [0m [0m [0m [0m
[0m [0m [0m [0m [0m [0m [0m [0m [0m [0m [0m [0m [0m [0m [0m [0m [0m [0m [0m [38;2;0;0;0;48;2;0;0;0m▀[38;2;255;255;255;48;2;255;255;255m▀[38;2;255;255;255;48;2;255;255;255m▀[38;2;255;255;255;48;2;255;255;255m▀[38;2;255;255;255;48;2;255;255;255m▀[38;2;195;195;195;48;2;195;195;195m▀[38;2;195;195;195;48;2;195;195;195m▀[38;2;195;195;195;48;2;195;195;195m▀[38;2;195;195;195;48;2;195;195;195m▀[38;2;195;195;195;48;2;195;195;195m▀[38;2;255;255;255;48;2;255;255;255m▀[38;2;195;195;195;48;2;195;195;195m▀[38;2;255;255;255;48;2;255;255;255m▀[38;2;255;255;255;48;2;255;255;255m▀[38;2;195;195;195;48;2;195;195;195m▀[38;2;195;195;195;48;2;195;195;195m▀[38;2;195;195;195;48;2;195;195;195m▀[38;2;195;195;195;48;2;195;195;195m▀[38;2;195;195;195;48;2;195;195;195m▀[38;2;135;135;135;48;2;135;135;135m▀[38;2;135;135;135;48;2;135;135;135m▀[38;2;135;135;135;48;2;135;135;135m▀[38;2;135;135;135;48;2;135;135;135m▀[38;2;195;195;195;48;2;195;195;195m▀[38;2;135;135;135;48;2;135;135;135m▀[38;2;195;195;195;48;2;195;195;195m▀[38;2;135;135;135;48;2;135;135;135m▀[38;2;135;135;135;48;2;135;135;135m▀[38;2;195;195;195;48;2;195;195;195m▀[38;2;135;135;135;48;2;135;135;135m▀[38;2;195;195;195;48;2;195;195;195m▀[38;2;195;195;195;48;2;195;195;195m▀[38;2;255;255;255;48;2;255;255;255m▀[38;2;255;255;255;48;2;255;255;255m▀[38;2;255;255;255;48;2;255;255;255m▀[38;2;255;255;255;48;2;255;255;255m▀[38;2;0;0;0;48;2;0;0;0m▀[38;2;0;0;0;48;2;0;0;0m▀[38;2;255;255;255;48;2;255;255;255m▀[38;2;255;255;255;48;2;255;255;255m▀[38;2;255;255;255;48;2;255;255;255m▀[38;2;255;255;255;48;2;255;255;255m▀[38;2;255;255;255;48;2;255;255;255m▀[38;2;0;0;0;48;2;0;0;0m▀[38;2;255;255;255;48;2;255;255;255m▀[38;2;0;0;0;48;2;0;0;0m▀[38;2;0;0;0;48;2;0;0;0m▀[38;2;255;255;255;48;2;255;255;255m▀[38;2;0;0;0;48;2;0;0;0m▀[0m [0m [0m [0m [0m [0m [0m [0m [0m [0m [0m [0m [0m
[0m [0m [0m [0m [0m [0m [0m [0m [0m [0m [0m [0m [0m [0m [0m [0m [0m [0m [38;2;0;0;0m▀[38;2;255;255;255;48;2;0;0;0m▀[38;2;0;0;0;48;2;255;255;255m▀[38;2;255;255;255;48;2;0;0;0m▀[38;2;255;255;255;48;2;0;0;0m▀[38;2;255;255;255;48;2;255;255;255m▀[38;2;255;255;255;48;2;255;255;255m▀[38;2;255;255;255;48;2;255;255;255m▀[38;2;195;195;195;48;2;255;255;255m▀[38;2;255;255;255;48;2;255;255;255m▀[38;2;255;255;255;48;2;255;255;255m▀[38;2;195;195;195;48;2;255;255;255m▀[38;2;255;255;255;48;2;255;255;255m▀[38;2;255;255;255;48;2;255;255;255m▀[38;2;255;255;255;48;2;255;255;255m▀[38;2;255;255;255;48;2;255;255;255m▀[38;2;255;255;255;48;2;255;255;255m▀[38;2;255;255;255;48;2;255;255;255m▀[38;2;195;195;195;48;2;255;255;255m▀[38;2;195;195;195;48;2;195;195;195m▀[38;2;195;195;195;48;2;195;195;195m▀[38;2;135;135;135;48;2;195;195;195m▀[38;2;135;135;135;48;2;195;195;195m▀[38;2;135;135;135;48;2;135;135;135m▀[38;2;135;135;135;48;2;195;195;195m▀[38;2;195;195;195;48;2;135;135;135m▀[38;2;135;135;135;48;2;195;195;195m▀[38;2;195;195;195;48;2;135;135;135m▀[38;2;195;195;195;48;2;135;135;135m▀[38;2;135;135;135;48;2;195;195;195m▀[38;2;195;195;195;48;2;195;195;195m▀[38;2;195;195;195;48;2;195;195;195m▀[38;2;195;195;195;48;2;255;255;255m▀[38;2;255;255;255;48;2;255;255;255m▀[38;2;255;255;255;48;2;255;255;255m▀[38;2;255;255;255;48;2;0;0;0m▀[38;2;0;0;0m▀[0m [0m [38;2;0;0;0m▀[38;2;0;0;0m▀[38;2;0;0;0m▀[38;2;255;255;255;48;2;0;0;0m▀[38;2;0;0;0m▀[38;2;255;255;255;48;2;0;0;0m▀[38;2;0;0;0;48;2;255;255;255m▀[38;2;255;255;255;48;2;0;0;0m▀[38;2;255;255;255;48;2;0;0;0m▀[38;2;0;0;0m▀[0m [0m [0m [0m [0m [38;2;0;0;0m▄[38;2;0;0;0m▄[38;2;0;0;0m▄[0m [0m [0m [0m [0m [0m
[0m [0m [0m [0m [0m [0m [0m [0m [0m [0m [0m [0m [0m [0m [0m [0m [0m [0m [0m [0m [38;2;0;0;0;48;2;0;0;0m▀[38;2;0;0;0;48;2;255;255;255m▀[38;2;0;0;0;48;2;255;255;255m▀[38;2;0;0;0;48;2;255;255;255m▀[38;2;0;0;0;48;2;0;0;0m▀[38;2;255;255;255;48;2;0;0;0m▀[38;2;255;255;255;48;2;0;0;0m▀[38;2;255;255;255;48;2;0;0;0m▀[38;2;255;255;255;48;2;0;0;0m▀[38;2;255;255;255;48;2;0;0;0m▀[38;2;255;255;255;48;2;0;0;0m▀[38;2;0;0;0m▀[38;2;0;0;0m▀[38;2;0;0;0m▀[38;2;0;0;0m▀[38;2;255;255;255;48;2;0;0;0m▀[38;2;255;255;255;48;2;255;255;255m▀[38;2;255;255;255;48;2;255;255;255m▀[38;2;255;255;255;48;2;255;255;255m▀[38;2;195;195;195;48;2;255;255;255m▀[38;2;195;195;195;48;2;255;255;255m▀[38;2;195;195;195;48;2;255;255;255m▀[38;2;195;195;195;48;2;195;195;195m▀[38;2;195;195;195;48;2;195;195;195m▀[38;2;195;195;195;48;2;195;195;195m▀[38;2;195;195;195;48;2;195;195;195m▀[38;2;195;195;195;48;2;195;195;195m▀[38;2;195;195;195;48;2;255;255;255m▀[38;2;195;195;195;48;2;255;255;255m▀[38;2;255;255;255;48;2;255;255;255m▀[38;2;255;255;255;48;2;255;255;255m▀[38;2;255;255;255;48;2;0;0;0m▀[38;2;255;255;255;48;2;0;0;0m▀[38;2;0;0;0m▀[0m [0m [0m [0m [0m [0m [0m [0m [0m [38;2;0;0;0m▀[0m [0m [0m [0m [38;2;0;0;0m▄[38;2;0;0;0;48;2;255;255;255m▀[38;2;0;0;0;48;2;255;255;255m▀[38;2;0;0;0;48;2;255;255;255m▀[38;2;255;255;255;48;2;255;255;255m▀[38;2;255;255;255;48;2;255;255;255m▀[38;2;255;255;255;48;2;255;255;255m▀[38;2;0;0;0;48;2;255;255;255m▀[38;2;0;0;0;48;2;255;255;255m▀[38;2;0;0;0;48;2;255;255;255m▀[38;2;0;0;0m▄[0m [0m
[0m [0m [0m [0m [0m [0m [0m [0m [0m [0m [0m [0m [0m [0m [0m [0m [0m [0m [0m [38;2;0;0;0;48;2;0;0;0m▀[38;2;255;255;255;48;2;255;255;255m▀[38;2;255;255;255;48;2;255;255;255m▀[38;2;255;255;255;48;2;255;255;255m▀[38;2;255;255;255;48;2;255;255;255m▀[38;2;255;255;255;48;2;255;255;255m▀[38;2;0;0;0;48;2;0;0;0m▀[0m [0m [0m [0m [0m [0m [0m [0m [0m [0m [38;2;0;0;0;48;2;0;0;0m▀[38;2;255;255;255;48;2;255;255;255m▀[38;2;255;255;255;48;2;255;255;255m▀[38;2;255;255;255;48;2;255;255;255m▀[38;2;255;255;255;48;2;255;255;255m▀[38;2;255;255;255;48;2;255;255;255m▀[38;2;255;255;255;48;2;255;255;255m▀[38;2;255;255;255;48;2;255;255;255m▀[38;2;255;255;255;48;2;255;255;255m▀[38;2;255;255;255;48;2;255;255;255m▀[38;2;255;255;255;48;2;255;255;255m▀[38;2;255;255;255;48;2;255;255;255m▀[38;2;255;255;255;48;2;255;255;255m▀[38;2;0;0;0;48;2;0;0;0m▀[38;2;255;255;255;48;2;255;255;255m▀[38;2;0;0;0;48;2;0;0;0m▀[38;2;0;0;0m▄[0m [0m [0m [38;2;0;0;0m▄[38;2;0;0;0m▄[38;2;0;0;0m▄[38;2;0;0;0m▄[0m [0m [0m [0m [0m [0m [0m [38;2;0;0;0;48;2;0;0;0m▀[38;2;255;255;255;48;2;255;255;255m▀[38;2;255;255;255;48;2;255;255;255m▀[38;2;255;255;255;48;2;255;255;255m▀[38;2;255;255;255;48;2;255;255;255m▀[38;2;255;255;255;48;2;255;255;255m▀[38;2;255;255;255;48;2;255;255;255m▀[38;2;255;255;255;48;2;255;255;255m▀[38;2;255;255;255;48;2;255;255;255m▀[38;2;255;255;255;48;2;255;255;255m▀[38;2;255;255;255;48;2;255;255;255m▀[38;2;255;255;255;48;2;255;255;255m▀[38;2;0;0;0;48;2;0;0;0m▀[0m
[0m [0m [0m [0m [0m [0m [0m [0m [0m [0m [0m [0m [0m [0m [0m [0m [0m [0m [0m [38;2;0;0;0m▀[38;2;255;255;255;48;2;0;0;0m▀[38;2;255;255;255;48;2;255;255;255m▀[38;2;255;255;255;48;2;255;255;255m▀[38;2;255;255;255;48;2;255;255;255m▀[38;2;255;255;255;48;2;0;0;0m▀[38;2;0;0;0m▀[0m [0m [0m [0m [0m [0m [0m [0m [0m [0m [0m [38;2;0;0;0m▀[38;2;0;0;0m▀[38;2;255;255;255;48;2;0;0;0m▀[38;2;255;255;255;48;2;0;0;0m▀[38;2;255;255;255;48;2;0;0;0m▀[38;2;255;255;255;48;2;0;0;0m▀[38;2;255;255;255;48;2;255;255;255m▀[38;2;255;255;255;48;2;0;0;0m▀[38;2;255;255;255;48;2;255;255;255m▀[38;2;255;255;255;48;2;255;255;255m▀[38;2;255;255;255;48;2;0;0;0m▀[38;2;0;0;0;48;2;255;255;255m▀[38;2;255;255;255;48;2;0;0;0m▀[38;2;0;0;0;48;2;255;255;255m▀[38;2;255;255;255;48;2;0;0;0m▀[38;2;255;255;255;48;2;0;0;0m▀[38;2;0;0;0m▀[38;2;0;0;0m▄[38;2;0;0;0;48;2;255;255;255m▀[38;2;255;255;255;48;2;255;255;255m▀[38;2;255;255;255;48;2;195;195;195m▀[38;2;255;255;255;48;2;195;195;195m▀[38;2;255;255;255;48;2;255;255;255m▀[38;2;0;0;0;48;2;255;255;255m▀[38;2;0;0;0m▄[0m [0m [0m [0m [38;2;0;0;0m▄[38;2;0;0;0;48;2;255;255;255m▀[38;2;255;255;255;48;2;255;255;255m▀[38;2;255;255;255;48;2;255;255;255m▀[38;2;255;255;255;48;2;195;195;195m▀[38;2;255;255;255;48;2;195;195;195m▀[38;2;195;195;195;48;2;195;195;195m▀[38;2;195;195;195;48;2;195;195;195m▀[38;2;195;195;195;48;2;195;195;195m▀[38;2;255;255;255;48;2;195;195;195m▀[38;2;255;255;255;48;2;255;255;255m▀[38;2;255;255;255;48;2;255;255;255m▀[38;2;255;255;255;48;2;255;255;255m▀[38;2;0;0;0;48;2;255;255;255m▀[0m
[0m [0m [0m [0m [0m [0m [0m [0m [0m [0m [0m [0m [0m [0m [0m [0m [0m [0m [0m [0m [0m [38;2;0;0;0m▀[38;2;0;0;0m▀[38;2;0;0;0m▀[0m [0m [0m [0m [0m [0m [0m [0m [0m [0m [0m [0m [0m [0m [0m [0m [0m [0m [0m [38;2;0;0;0m▀[0m [38;2;0;0;0m▀[38;2;0;0;0m▀[38;2;255;255;255;48;2;0;0;0m▀[38;2;0;0;0m▀[38;2;255;255;255;48;2;0;0;0m▀[38;2;0;0;0m▀[0m [0m [0m [38;2;0;0;0;48;2;0;0;0m▀[38;2;255;255;255;48;2;255;255;255m▀[38;2;195;195;195;48;2;255;255;255m▀[38;2;195;195;195;48;2;195;195;195m▀[38;2;195;195;195;48;2;195;195;195m▀[38;2;195;195;195;48;2;255;255;255m▀[38;2;255;255;255;48;2;255;255;255m▀[38;2;0;0;0;48;2;0;0;0m▀[0m [0m [0m [0m [38;2;0;0;0m▀[38;2;255;255;255;48;2;0;0;0m▀[38;2;255;255;255;48;2;255;255;255m▀[38;2;255;255;255;48;2;255;255;255m▀[38;2;195;195;195;48;2;195;195;195m▀[38;2;195;195;195;48;2;195;195;195m▀[38;2;195;195;195;48;2;195;195;195m▀[38;2;195;195;195;48;2;195;195;195m▀[38;2;195;195;195;48;2;195;195;195m▀[38;2;195;195;195;48;2;195;195;195m▀[38;2;255;255;255;48;2;255;255;255m▀[38;2;255;255;255;48;2;255;255;255m▀[38;2;255;255;255;48;2;255;255;255m▀[38;2;255;255;255;48;2;0;0;0m▀[0m
[0m [0m [0m [0m [0m [0m [0m [0m [0m [0m [0m [0m [0m [0m [0m [0m [0m [0m [0m [0m [0m [0m [0m [0m [0m [0m [0m [0m [0m [0m [0m [0m [0m [0m [0m [0m [0m [0m [0m [0m [0m [0m [0m [0m [0m [0m [0m [0m [0m [0m [0m [0m [0m [0m [0m [38;2;0;0;0;48;2;0;0;0m▀[38;2;255;255;255;48;2;255;255;255m▀[38;2;255;255;255;48;2;255;255;255m▀[38;2;255;255;255;48;2;255;255;255m▀[38;2;255;255;255;48;2;255;255;255m▀[38;2;0;0;0;48;2;0;0;0m▀[0m [0m [0m [0m [0m [0m [38;2;0;0;0;48;2;0;0;0m▀[38;2;255;255;255;48;2;255;255;255m▀[38;2;255;255;255;48;2;255;255;255m▀[38;2;255;255;255;48;2;255;255;255m▀[38;2;255;255;255;48;2;255;255;255m▀[38;2;195;195;195;48;2;195;195;195m▀[38;2;195;195;195;48;2;195;195;195m▀[38;2;195;195;195;48;2;195;195;195m▀[38;2;255;255;255;48;2;255;255;255m▀[38;2;255;255;255;48;2;255;255;255m▀[38;2;255;255;255;48;2;255;255;255m▀[38;2;255;255;255;48;2;255;255;255m▀[38;2;0;0;0;48;2;0;0;0m▀[0m
[0m [0m [0m [0m [0m [0m [0m [0m [0m [0m [0m [0m [0m [0m [0m [0m [0m [0m [0m [0m [0m [0m [0m [0m [0m [0m [0m [0m [0m [0m [0m [0m [0m [0m [0m [0m [0m [0m [0m [0m [0m [0m [0m [0m [0m [0m [0m [0m [0m [0m [0m [0m [0m [0m [0m [0m [38;2;0;0;0m▀[38;2;0;0;0m▀[38;2;0;0;0m▀[38;2;0;0;0m▀[0m [0m [0m [0m [0m [0m [0m [0m [38;2;0;0;0m▀[38;2;255;255;255;48;2;0;0;0m▀[38;2;255;255;255;48;2;255;255;255m▀[38;2;255;255;255;48;2;255;255;255m▀[38;2;255;255;255;48;2;255;255;255m▀[38;2;255;255;255;48;2;255;255;255m▀[38;2;255;255;255;48;2;255;255;255m▀[38;2;255;255;255;48;2;255;255;255m▀[38;2;255;255;255;48;2;0;0;0m▀[38;2;255;255;255;48;2;0;0;0m▀[38;2;0;0;0m▀[0m [0m
