[0m [0m [0m [0m [0m [0m [38;2;0;0;0m▄[38;2;0;0;0;48;2;0;0;0m▀[38;2;0;0;0;48;2;41;41;41m▀[38;2;0;0;0;48;2;0;0;0m▀[38;2;0;0;0;48;2;0;0;0m▀[38;2;0;0;0m▄[0m [0m [0m [0m [0m [0m [0m [0m [0m [0m [0m [0m [0m [0m [0m [0m [0m [0m [0m [0m [0m [0m [0m [0m [0m [0m [0m [0m [0m [0m [0m [0m [0m [0m [0m [0m [0m [0m [0m [0m [0m [0m [0m [0m [0m [0m
[0m [0m [0m [0m [0m [0m [38;2;0;0;0;48;2;0;0;0m▀[38;2;0;0;0;48;2;0;0;0m▀[38;2;41;41;41;48;2;41;41;41m▀[38;2;0;0;0;48;2;0;0;0m▀[38;2;0;0;0;48;2;0;0;0m▀[38;2;0;0;0;48;2;0;0;0m▀[0m [0m [0m [0m [0m [0m [0m [0m [0m [0m [0m [0m [0m [0m [0m [0m [0m [0m [0m [0m [0m [0m [0m [0m [0m [0m [0m [0m [0m [0m [0m [0m [0m [0m [0m [0m [0m [0m [0m [0m [0m [0m [0m [0m [0m [0m
[0m [0m [0m [0m [0m [38;2;0;0;0m▄[38;2;0;0;0;48;2;0;0;0m▀[38;2;0;0;0;48;2;41;41;41m▀[38;2;41;41;41;48;2;41;41;41m▀[38;2;41;41;41;48;2;41;41;41m▀[38;2;41;41;41;48;2;41;41;41m▀[38;2;0;0;0;48;2;0;0;0m▀[38;2;0;0;0;48;2;0;0;0m▀[0m [0m [0m [0m [0m [0m [0m [0m [0m [0m [0m [0m [0m [0m [0m [0m [0m [0m [0m [0m [0m [0m [0m [0m [0m [0m [0m [0m [0m [0m [0m [0m [0m [0m [0m [0m [0m [0m [0m [0m [0m [0m [0m [0m [0m
[0m [0m [0m [0m [0m [38;2;0;0;0;48;2;0;0;0m▀[38;2;0;0;0;48;2;0;0;0m▀[38;2;41;41;41;48;2;41;41;41m▀[38;2;41;41;41;48;2;65;65;74m▀[38;2;41;41;41;48;2;246;189;32m▀[38;2;41;41;41;48;2;246;189;32m▀[38;2;98;49;8;48;2;98;49;8m▀[38;2;0;0;0;48;2;0;0;0m▀[0m [0m [0m [0m [0m [0m [0m [0m [0m [0m [0m [0m [0m [0m [0m [0m [0m [0m [0m [0m [0m [0m [0m [0m [0m [0m [0m [0m [0m [0m [0m [0m [0m [0m [0m [0m [0m [0m [0m [0m [0m [0m [0m [0m [0m
[0m [0m [0m [0m [0m [38;2;0;0;0;48;2;0;0;0m▀[38;2;0;0;0;48;2;0;0;0m▀[38;2;65;65;74;48;2;65;65;74m▀[38;2;246;189;32;48;2;246;189;32m▀[38;2;246;189;32;48;2;246;189;32m▀[38;2;246;189;32;48;2;246;189;32m▀[38;2;246;189;32;48;2;246;189;32m▀[38;2;98;49;8;48;2;98;49;8m▀[38;2;0;0;0;48;2;0;0;0m▀[0m [0m [0m [0m [0m [0m [0m [0m [0m [0m [0m [0m [0m [0m [38;2;0;0;0m▄[38;2;0;0;0m▄[38;2;0;0;0m▄[38;2;0;0;0m▄[38;2;0;0;0m▄[0m [0m [0m [0m [0m [0m [0m [0m [0m [0m [0m [0m [0m [0m [0m [0m [0m [0m [0m [0m [0m [0m [0m [0m [0m
[0m [0m [0m [0m [0m [38;2;0;0;0;48;2;0;0;0m▀[38;2;0;0;0;48;2;0;0;0m▀[38;2;246;189;32;48;2;246;189;32m▀[38;2;246;189;32;48;2;246;189;32m▀[38;2;246;189;32;48;2;246;189;32m▀[38;2;246;189;32;48;2;246;189;32m▀[38;2;246;189;32;48;2;246;189;32m▀[38;2;98;49;8;48;2;98;49;8m▀[38;2;0;0;0;48;2;0;0;0m▀[0m [0m [0m [0m [0m [0m [0m [0m [0m [38;2;0;0;0m▄[38;2;0;0;0m▄[38;2;0;0;0;48;2;41;41;41m▀[38;2;0;0;0;48;2;41;41;41m▀[38;2;0;0;0;48;2;41;41;41m▀[38;2;41;41;41;48;2;65;65;74m▀[38;2;41;41;41;48;2;65;65;74m▀[38;2;41;41;41;48;2;65;65;74m▀[38;2;41;41;41;48;2;65;65;74m▀[38;2;41;41;41;48;2;65;65;74m▀[38;2;0;0;0;48;2;0;0;0m▀[38;2;0;0;0;48;2;0;0;0m▀[38;2;0;0;0;48;2;0;0;0m▀[38;2;0;0;0m▄[0m [0m [0m [0m [0m [0m [0m [0m [0m [0m [0m [0m [0m [0m [0m [0m [0m [0m [0m [0m [0m
[0m [0m [0m [0m [0m [0m [38;2;0;0;0;48;2;0;0;0m▀[38;2;98;49;8;48;2;98;49;8m▀[38;2;246;189;32;48;2;246;189;32m▀[38;2;246;189;32;48;2;246;189;32m▀[38;2;246;189;32;48;2;246;189;32m▀[38;2;246;189;32;48;2;156;82;0m▀[38;2;156;82;0;48;2;156;82;0m▀[38;2;0;0;0;48;2;156;82;0m▀[38;2;0;0;0;48;2;156;82;0m▀[38;2;0;0;0;48;2;156;82;0m▀[38;2;0;0;0;48;2;156;82;0m▀[38;2;0;0;0;48;2;156;82;0m▀[38;2;0;0;0m▄[38;2;0;0;0m▄[38;2;0;0;0;48;2;156;82;0m▀[38;2;0;0;0;48;2;156;82;0m▀[38;2;0;0;0;48;2;156;82;0m▀[38;2;156;82;0;48;2;246;230;82m▀[38;2;156;82;0;48;2;246;230;82m▀[38;2;246;189;32;48;2;246;230;82m▀[38;2;246;230;82;48;2;246;230;82m▀[38;2;246;230;82;48;2;246;230;82m▀[38;2;65;65;74;48;2;65;65;74m▀[38;2;65;65;74;48;2;65;65;74m▀[38;2;65;65;74;48;2;41;41;41m▀[38;2;65;65;74;48;2;41;41;41m▀[38;2;41;41;41;48;2;41;41;41m▀[38;2;41;41;41;48;2;0;0;0m▀[38;2;0;0;0;48;2;0;0;0m▀[38;2;0;0;0;48;2;0;0;0m▀[38;2;0;0;0m▀[0m [0m [0m [0m [0m [0m [0m [0m [0m [0m [0m [0m [0m [0m [0m [0m [0m [0m [0m [0m [0m
[0m [0m [0m [0m [0m [0m [0m [38;2;0;0;0;48;2;0;0;0m▀[38;2;156;82;0;48;2;156;82;0m▀[38;2;98;49;8;48;2;98;49;8m▀[38;2;98;49;8;48;2;98;49;8m▀[38;2;98;49;8;48;2;98;49;8m▀[38;2;255;246;164;48;2;255;246;164m▀[38;2;255;246;164;48;2;255;246;164m▀[38;2;255;246;164;48;2;255;246;164m▀[38;2;255;246;164;48;2;255;246;164m▀[38;2;255;246;164;48;2;255;246;164m▀[38;2;255;246;164;48;2;255;246;164m▀[38;2;156;82;0;48;2;156;82;0m▀[38;2;156;82;0;48;2;156;82;0m▀[38;2;246;230;82;48;2;246;230;82m▀[38;2;246;230;82;48;2;246;230;82m▀[38;2;246;230;82;48;2;246;230;82m▀[38;2;246;230;82;48;2;246;230;82m▀[38;2;246;230;82;48;2;246;230;82m▀[38;2;246;230;82;48;2;246;230;82m▀[38;2;246;189;32;48;2;246;189;32m▀[38;2;41;41;41;48;2;41;41;41m▀[38;2;41;41;41;48;2;41;41;41m▀[38;2;41;41;41;48;2;41;41;41m▀[38;2;41;41;41;48;2;41;41;41m▀[38;2;41;41;41;48;2;41;41;41m▀[38;2;0;0;0;48;2;0;0;0m▀[38;2;0;0;0;48;2;0;0;0m▀[0m [0m [0m [0m [0m [0m [0m [0m [0m [0m [0m [0m [0m [0m [0m [0m [0m [0m [0m [0m [0m [0m [0m [0m
[0m [0m [0m [0m [0m [38;2;0;0;0m▄[38;2;0;0;0;48;2;222;148;0m▀[38;2;156;82;0;48;2;246;230;82m▀[38;2;90;90;90;48;2;98;49;8m▀[38;2;255;255;255;48;2;255;255;255m▀[38;2;255;255;255;48;2;255;255;255m▀[38;2;255;255;255;48;2;255;255;255m▀[38;2;98;49;8;48;2;98;49;8m▀[38;2;255;246;164;48;2;255;246;164m▀[38;2;255;246;164;48;2;255;246;164m▀[38;2;255;246;164;48;2;255;246;164m▀[38;2;255;246;164;48;2;255;246;164m▀[38;2;255;246;164;48;2;255;246;164m▀[38;2;255;246;164;48;2;255;246;164m▀[38;2;255;246;164;48;2;255;246;164m▀[38;2;246;230;82;48;2;246;230;82m▀[38;2;246;230;82;48;2;246;230;82m▀[38;2;246;230;82;48;2;246;230;82m▀[38;2;246;230;82;48;2;246;189;32m▀[38;2;246;189;32;48;2;246;189;32m▀[38;2;246;189;32;48;2;246;189;32m▀[38;2;246;189;32;48;2;0;0;0m▀[38;2;41;41;41;48;2;0;0;0m▀[38;2;41;41;41;48;2;0;0;0m▀[38;2;41;41;41;48;2;0;0;0m▀[38;2;0;0;0;48;2;0;0;0m▀[38;2;0;0;0;48;2;0;0;0m▀[38;2;0;0;0m▀[0m [0m [0m [0m [0m [0m [0m [0m [0m [0m [0m [0m [0m [0m [0m [0m [0m [0m [0m [0m [0m [0m [0m [0m [0m
[0m [0m [0m [0m [38;2;0;0;0m▄[38;2;0;0;0;48;2;222;148;0m▀[38;2;222;148;0;48;2;0;0;0m▀[38;2;246;230;82;48;2;255;246;164m▀[38;2;255;246;164;48;2;255;246;164m▀[38;2;98;49;8;48;2;255;246;164m▀[38;2;98;49;8;48;2;255;246;164m▀[38;2;98;49;8;48;2;255;246;164m▀[38;2;255;246;164;48;2;255;246;164m▀[38;2;255;246;164;48;2;255;246;164m▀[38;2;255;246;164;48;2;65;65;74m▀[38;2;0;0;0;48;2;255;255;255m▀[38;2;0;0;0;48;2;255;255;255m▀[38;2;0;0;0;48;2;0;0;0m▀[38;2;255;246;164;48;2;41;41;41m▀[38;2;255;246;164;48;2;255;246;164m▀[38;2;246;230;82;48;2;246;230;82m▀[38;2;246;230;82;48;2;246;230;82m▀[38;2;246;230;82;48;2;246;230;82m▀[38;2;222;148;0;48;2;156;82;0m▀[38;2;156;82;0;48;2;0;0;0m▀[38;2;0;0;0;48;2;0;0;0m▀[38;2;0;0;0m▀[38;2;0;0;0m▀[38;2;0;0;0m▀[38;2;0;0;0m▀[0m [0m [0m [0m [0m [0m [0m [0m [0m [0m [0m [0m [0m [0m [0m [0m [0m [0m [0m [0m [0m [0m [0m [0m [0m [0m [0m [0m
[0m [0m [0m [0m [38;2;0;0;0;48;2;0;0;0m▀[38;2;0;0;0;48;2;0;0;0m▀[38;2;255;255;255;48;2;255;255;255m▀[38;2;255;246;164;48;2;255;246;164m▀[38;2;255;246;164;48;2;255;246;164m▀[38;2;255;246;164;48;2;255;246;164m▀[38;2;255;246;164;48;2;255;246;164m▀[38;2;255;246;164;48;2;255;246;164m▀[38;2;255;246;164;48;2;255;246;164m▀[38;2;255;246;164;48;2;255;246;164m▀[38;2;0;0;0;48;2;0;0;0m▀[38;2;0;0;0;48;2;0;0;0m▀[38;2;0;0;0;48;2;0;0;0m▀[38;2;65;65;74;48;2;65;65;74m▀[38;2;41;41;41;48;2;41;41;41m▀[38;2;246;230;82;48;2;246;230;82m▀[38;2;246;230;82;48;2;246;230;82m▀[38;2;246;230;82;48;2;246;230;82m▀[38;2;246;230;82;48;2;246;230;82m▀[38;2;156;82;0;48;2;156;82;0m▀[38;2;0;0;0;48;2;0;0;0m▀[0m [0m [0m [0m [0m [0m [0m [0m [0m [0m [0m [0m [0m [0m [0m [0m [0m [0m [0m [0m [0m [0m [0m [0m [0m [38;2;0;0;0m▄[38;2;0;0;0m▄[0m [0m [0m [0m [0m [0m
[0m [0m [0m [0m [38;2;0;0;0;48;2;0;0;0m▀[38;2;65;65;74;48;2;41;41;41m▀[38;2;0;0;0;48;2;156;82;0m▀[38;2;255;246;164;48;2;98;49;8m▀[38;2;255;246;164;48;2;98;49;8m▀[38;2;255;246;164;48;2;98;49;8m▀[38;2;255;246;164;48;2;98;49;8m▀[38;2;255;246;164;48;2;98;49;8m▀[38;2;255;246;164;48;2;98;49;8m▀[38;2;255;246;164;48;2;255;246;164m▀[38;2;255;246;164;48;2;246;230;82m▀[38;2;0;0;0;48;2;246;230;82m▀[38;2;0;0;0;48;2;246;230;82m▀[38;2;0;0;0;48;2;246;230;82m▀[38;2;246;230;82;48;2;246;230;82m▀[38;2;246;230;82;48;2;246;230;82m▀[38;2;246;230;82;48;2;246;230;82m▀[38;2;246;230;82;48;2;246;230;82m▀[38;2;246;230;82;48;2;246;230;82m▀[38;2;156;82;0;48;2;156;82;0m▀[38;2;0;0;0;48;2;0;0;0m▀[0m [0m [0m [0m [0m [0m [0m [0m [0m [0m [0m [0m [0m [0m [0m [0m [0m [0m [0m [0m [0m [0m [38;2;0;0;0m▄[38;2;0;0;0m▄[38;2;0;0;0;48;2;156;82;0m▀[38;2;156;82;0;48;2;246;230;82m▀[38;2;156;82;0;48;2;246;230;82m▀[38;2;0;0;0;48;2;156;82;0m▀[38;2;0;0;0m▄[38;2;0;0;0m▄[0m [0m [0m
[0m [0m [0m [0m [38;2;0;0;0m▄[38;2;0;0;0;48;2;98;49;8m▀[38;2;98;49;8;48;2;189;115;0m▀[38;2;189;115;0;48;2;189;115;0m▀[38;2;189;115;0;48;2;189;115;0m▀[38;2;189;115;0;48;2;189;115;0m▀[38;2;189;115;0;48;2;189;115;0m▀[38;2;189;115;0;48;2;189;115;0m▀[38;2;189;115;0;48;2;189;115;0m▀[38;2;98;49;8;48;2;189;115;0m▀[38;2;246;230;82;48;2;98;49;8m▀[38;2;246;230;82;48;2;246;230;82m▀[38;2;246;230;82;48;2;246;230;82m▀[38;2;246;230;82;48;2;246;230;82m▀[38;2;246;189;32;48;2;230;90;65m▀[38;2;230;90;65;48;2;230;90;65m▀[38;2;230;90;65;48;2;230;90;65m▀[38;2;246;230;82;48;2;246;230;82m▀[38;2;246;230;82;48;2;246;230;82m▀[38;2;156;82;0;48;2;156;82;0m▀[38;2;0;0;0;48;2;0;0;0m▀[0m [0m [0m [0m [0m [0m [0m [0m [0m [0m [0m [0m [0m [0m [0m [0m [0m [0m [0m [0m [38;2;0;0;0m▄[38;2;0;0;0;48;2;222;148;0m▀[38;2;156;82;0;48;2;246;230;82m▀[38;2;156;82;0;48;2;246;230;82m▀[38;2;246;230;82;48;2;246;230;82m▀[38;2;246;230;82;48;2;246;230;82m▀[38;2;246;230;82;48;2;246;230;82m▀[38;2;246;230;82;48;2;246;230;82m▀[38;2;156;82;0;48;2;156;82;0m▀[38;2;156;82;0;48;2;156;82;0m▀[38;2;0;0;0;48;2;0;0;0m▀[0m [0m
[0m [0m [0m [0m [38;2;0;0;0;48;2;0;0;0m▀[38;2;0;0;0;48;2;0;0;0m▀[38;2;189;115;0;48;2;189;115;0m▀[38;2;189;115;0;48;2;189;115;0m▀[38;2;189;115;0;48;2;189;115;0m▀[38;2;189;115;0;48;2;189;115;0m▀[38;2;189;115;0;48;2;189;115;0m▀[38;2;189;115;0;48;2;189;115;0m▀[38;2;189;115;0;48;2;189;115;0m▀[38;2;156;82;0;48;2;156;82;0m▀[38;2;0;0;0;48;2;0;0;0m▀[38;2;246;230;82;48;2;246;230;82m▀[38;2;246;230;82;48;2;246;230;82m▀[38;2;246;230;82;48;2;246;230;82m▀[38;2;230;90;65;48;2;230;90;65m▀[38;2;230;90;65;48;2;230;90;65m▀[38;2;246;189;32;48;2;246;189;32m▀[38;2;246;189;32;48;2;246;189;32m▀[38;2;246;189;32;48;2;246;189;32m▀[38;2;98;49;8;48;2;98;49;8m▀[38;2;0;0;0;48;2;0;0;0m▀[0m [0m [0m [0m [0m [0m [0m [0m [0m [0m [0m [0m [0m [0m [0m [0m [0m [0m [0m [38;2;0;0;0;48;2;0;0;0m▀[38;2;222;148;0;48;2;222;148;0m▀[38;2;246;230;82;48;2;246;230;82m▀[38;2;246;230;82;48;2;246;230;82m▀[38;2;246;230;82;48;2;246;230;82m▀[38;2;246;230;82;48;2;246;230;82m▀[38;2;246;230;82;48;2;246;230;82m▀[38;2;246;230;82;48;2;246;230;82m▀[38;2;246;230;82;48;2;246;230;82m▀[38;2;246;230;82;48;2;246;230;82m▀[38;2;246;230;82;48;2;246;230;82m▀[38;2;156;82;0;48;2;156;82;0m▀[38;2;0;0;0;48;2;0;0;0m▀[0m
[0m [0m [0m [0m [38;2;0;0;0m▀[38;2;0;0;0;48;2;0;0;0m▀[38;2;156;82;0;48;2;0;0;0m▀[38;2;189;115;0;48;2;156;82;0m▀[38;2;189;115;0;48;2;156;82;0m▀[38;2;189;115;0;48;2;156;82;0m▀[38;2;189;115;0;48;2;156;82;0m▀[38;2;189;115;0;48;2;156;82;0m▀[38;2;156;82;0;48;2;156;82;0m▀[38;2;156;82;0;48;2;0;0;0m▀[38;2;0;0;0;48;2;246;230;82m▀[38;2;246;230;82;48;2;246;230;82m▀[38;2;246;230;82;48;2;246;230;82m▀[38;2;246;230;82;48;2;246;230;82m▀[38;2;246;230;82;48;2;246;189;32m▀[38;2;246;230;82;48;2;246;189;32m▀[38;2;246;189;32;48;2;246;189;32m▀[38;2;246;189;32;48;2;98;49;8m▀[38;2;246;189;32;48;2;98;49;8m▀[38;2;98;49;8;48;2;0;0;0m▀[38;2;0;0;0m▀[0m [0m [0m [0m [0m [0m [0m [0m [0m [0m [0m [0m [0m [0m [0m [0m [0m [38;2;0;0;0m▄[38;2;0;0;0;48;2;156;82;0m▀[38;2;222;148;0;48;2;246;230;82m▀[38;2;246;230;82;48;2;246;230;82m▀[38;2;246;230;82;48;2;246;230;82m▀[38;2;246;230;82;48;2;246;230;82m▀[38;2;246;230;82;48;2;246;230;82m▀[38;2;246;230;82;48;2;246;230;82m▀[38;2;246;230;82;48;2;246;230;82m▀[38;2;246;230;82;48;2;246;230;82m▀[38;2;246;230;82;48;2;246;230;82m▀[38;2;246;230;82;48;2;246;230;82m▀[38;2;246;230;82;48;2;246;230;82m▀[38;2;156;82;0;48;2;156;82;0m▀[38;2;0;0;0;48;2;0;0;0m▀[0m
[0m [0m [0m [0m [0m [0m [38;2;0;0;0m▀[38;2;0;0;0;48;2;0;0;0m▀[38;2;0;0;0;48;2;0;0;0m▀[38;2;0;0;0;48;2;0;0;0m▀[38;2;0;0;0;48;2;0;0;0m▀[38;2;0;0;0;48;2;98;49;8m▀[38;2;0;0;0;48;2;156;82;0m▀[38;2;246;189;32;48;2;156;82;0m▀[38;2;246;189;32;48;2;156;82;0m▀[38;2;246;189;32;48;2;222;148;0m▀[38;2;246;189;32;48;2;222;148;0m▀[38;2;246;189;32;48;2;246;189;32m▀[38;2;246;189;32;48;2;246;189;32m▀[38;2;246;189;32;48;2;246;189;32m▀[38;2;246;189;32;48;2;98;49;8m▀[38;2;98;49;8;48;2;0;0;0m▀[38;2;98;49;8;48;2;0;0;0m▀[38;2;0;0;0m▀[0m [0m [0m [0m [0m [0m [0m [0m [0m [0m [0m [0m [0m [0m [0m [38;2;0;0;0m▄[38;2;0;0;0;48;2;156;82;0m▀[38;2;0;0;0;48;2;156;82;0m▀[38;2;156;82;0;48;2;246;230;82m▀[38;2;246;230;82;48;2;246;230;82m▀[38;2;246;230;82;48;2;246;230;82m▀[38;2;246;230;82;48;2;246;230;82m▀[38;2;246;230;82;48;2;246;230;82m▀[38;2;246;230;82;48;2;246;230;82m▀[38;2;246;230;82;48;2;246;230;82m▀[38;2;246;230;82;48;2;246;230;82m▀[38;2;246;230;82;48;2;246;230;82m▀[38;2;246;230;82;48;2;246;230;82m▀[38;2;246;230;82;48;2;246;230;82m▀[38;2;246;230;82;48;2;246;230;82m▀[38;2;246;230;82;48;2;246;230;82m▀[38;2;246;230;82;48;2;246;230;82m▀[38;2;156;82;0;48;2;156;82;0m▀[0m
[0m [0m [0m [0m [0m [0m [0m [0m [38;2;0;0;0;48;2;0;0;0m▀[38;2;98;49;8;48;2;98;49;8m▀[38;2;98;49;8;48;2;98;49;8m▀[38;2;156;82;0;48;2;156;82;0m▀[38;2;156;82;0;48;2;156;82;0m▀[38;2;156;82;0;48;2;156;82;0m▀[38;2;156;82;0;48;2;156;82;0m▀[38;2;156;82;0;48;2;156;82;0m▀[38;2;156;82;0;48;2;156;82;0m▀[38;2;246;189;32;48;2;246;189;32m▀[38;2;246;189;32;48;2;246;189;32m▀[38;2;246;189;32;48;2;98;49;8m▀[38;2;98;49;8;48;2;0;0;0m▀[38;2;0;0;0m▀[0m [0m [0m [0m [0m [0m [0m [0m [0m [0m [0m [0m [0m [0m [0m [0m [38;2;0;0;0;48;2;0;0;0m▀[38;2;156;82;0;48;2;156;82;0m▀[38;2;246;189;32;48;2;246;189;32m▀[38;2;246;189;32;48;2;246;189;32m▀[38;2;246;230;82;48;2;246;189;32m▀[38;2;246;230;82;48;2;246;189;32m▀[38;2;246;230;82;48;2;246;230;82m▀[38;2;246;230;82;48;2;246;230;82m▀[38;2;246;230;82;48;2;246;230;82m▀[38;2;246;230;82;48;2;246;230;82m▀[38;2;246;230;82;48;2;246;230;82m▀[38;2;246;230;82;48;2;246;230;82m▀[38;2;246;230;82;48;2;246;230;82m▀[38;2;246;230;82;48;2;246;230;82m▀[38;2;246;230;82;48;2;246;230;82m▀[38;2;246;230;82;48;2;246;230;82m▀[38;2;246;230;82;48;2;246;230;82m▀[38;2;246;230;82;48;2;0;0;0m▀[38;2;156;82;0;48;2;0;0;0m▀[0m
[0m [0m [0m [0m [0m [0m [0m [38;2;0;0;0m▄[38;2;0;0;0;48;2;98;49;8m▀[38;2;98;49;8;48;2;156;82;0m▀[38;2;98;49;8;48;2;156;82;0m▀[38;2;156;82;0;48;2;156;82;0m▀[38;2;156;82;0;48;2;156;82;0m▀[38;2;156;82;0;48;2;156;82;0m▀[38;2;156;82;0;48;2;156;82;0m▀[38;2;156;82;0;48;2;222;148;0m▀[38;2;156;82;0;48;2;222;148;0m▀[38;2;246;189;32;48;2;246;189;32m▀[38;2;246;189;32;48;2;246;189;32m▀[38;2;98;49;8;48;2;98;49;8m▀[38;2;0;0;0;48;2;0;0;0m▀[0m [0m [0m [0m [0m [0m [0m [0m [0m [0m [0m [0m [0m [0m [0m [0m [38;2;0;0;0m▄[38;2;0;0;0;48;2;156;82;0m▀[38;2;156;82;0;48;2;246;189;32m▀[38;2;246;189;32;48;2;246;189;32m▀[38;2;246;189;32;48;2;246;189;32m▀[38;2;246;189;32;48;2;246;189;32m▀[38;2;246;189;32;48;2;246;189;32m▀[38;2;246;230;82;48;2;246;189;32m▀[38;2;246;230;82;48;2;246;189;32m▀[38;2;246;230;82;48;2;246;230;82m▀[38;2;246;230;82;48;2;246;230;82m▀[38;2;246;230;82;48;2;246;230;82m▀[38;2;246;230;82;48;2;246;230;82m▀[38;2;246;230;82;48;2;246;230;82m▀[38;2;246;230;82;48;2;246;230;82m▀[38;2;246;230;82;48;2;0;0;0m▀[38;2;246;230;82;48;2;0;0;0m▀[38;2;246;230;82;48;2;0;0;0m▀[38;2;0;0;0;48;2;0;0;0m▀[38;2;0;0;0m▀[0m
[0m [0m [0m [0m [0m [0m [38;2;0;0;0m▄[38;2;0;0;0;48;2;98;49;8m▀[38;2;98;49;8;48;2;189;115;0m▀[38;2;156;82;0;48;2;189;115;0m▀[38;2;156;82;0;48;2;189;115;0m▀[38;2;156;82;0;48;2;189;115;0m▀[38;2;156;82;0;48;2;156;82;0m▀[38;2;156;82;0;48;2;156;82;0m▀[38;2;156;82;0;48;2;156;82;0m▀[38;2;222;148;0;48;2;246;189;32m▀[38;2;222;148;0;48;2;246;189;32m▀[38;2;246;189;32;48;2;246;189;32m▀[38;2;98;49;8;48;2;98;49;8m▀[38;2;0;0;0;48;2;0;0;0m▀[0m [0m [0m [0m [0m [0m [0m [0m [0m [0m [0m [0m [0m [0m [0m [0m [0m [38;2;0;0;0;48;2;0;0;0m▀[38;2;156;82;0;48;2;98;49;8m▀[38;2;246;189;32;48;2;246;189;32m▀[38;2;246;189;32;48;2;246;189;32m▀[38;2;246;189;32;48;2;246;189;32m▀[38;2;246;189;32;48;2;246;189;32m▀[38;2;246;189;32;48;2;246;189;32m▀[38;2;246;189;32;48;2;246;189;32m▀[38;2;246;189;32;48;2;246;189;32m▀[38;2;246;189;32;48;2;246;189;32m▀[38;2;246;189;32;48;2;0;0;0m▀[38;2;246;189;32;48;2;0;0;0m▀[38;2;246;230;82;48;2;0;0;0m▀[38;2;0;0;0;48;2;0;0;0m▀[38;2;0;0;0;48;2;0;0;0m▀[38;2;0;0;0m▀[38;2;0;0;0m▀[38;2;0;0;0m▀[0m [0m [0m
[0m [0m [0m [0m [0m [38;2;0;0;0m▄[38;2;0;0;0;48;2;98;49;8m▀[38;2;98;49;8;48;2;189;115;0m▀[38;2;189;115;0;48;2;189;115;0m▀[38;2;189;115;0;48;2;189;115;0m▀[38;2;189;115;0;48;2;189;115;0m▀[38;2;189;115;0;48;2;189;115;0m▀[38;2;189;115;0;48;2;189;115;0m▀[38;2;156;82;0;48;2;189;115;0m▀[38;2;222;148;0;48;2;246;189;32m▀[38;2;246;189;32;48;2;246;189;32m▀[38;2;246;189;32;48;2;246;189;32m▀[38;2;98;49;8;48;2;98;49;8m▀[38;2;0;0;0;48;2;0;0;0m▀[0m [0m [0m [0m [0m [0m [0m [0m [0m [0m [0m [0m [0m [0m [0m [0m [0m [0m [0m [38;2;0;0;0m▀[38;2;98;49;8;48;2;0;0;0m▀[38;2;246;189;32;48;2;98;49;8m▀[38;2;246;189;32;48;2;98;49;8m▀[38;2;246;189;32;48;2;246;189;32m▀[38;2;246;189;32;48;2;246;189;32m▀[38;2;246;189;32;48;2;246;189;32m▀[38;2;246;189;32;48;2;0;0;0m▀[38;2;0;0;0;48;2;0;0;0m▀[38;2;0;0;0m▀[38;2;0;0;0m▀[38;2;0;0;0m▀[0m [0m [0m [0m [0m [0m [0m [0m
[0m [0m [0m [0m [38;2;0;0;0m▄[38;2;0;0;0;48;2;98;49;8m▀[38;2;98;49;8;48;2;189;115;0m▀[38;2;189;115;0;48;2;189;115;0m▀[38;2;189;115;0;48;2;189;115;0m▀[38;2;189;115;0;48;2;189;115;0m▀[38;2;189;115;0;48;2;189;115;0m▀[38;2;189;115;0;48;2;189;115;0m▀[38;2;189;115;0;48;2;189;115;0m▀[38;2;189;115;0;48;2;222;148;0m▀[38;2;246;189;32;48;2;246;230;82m▀[38;2;246;189;32;48;2;98;49;8m▀[38;2;246;189;32;48;2;98;49;8m▀[38;2;98;49;8;48;2;0;0;0m▀[38;2;0;0;0m▀[0m [0m [0m [0m [0m [0m [0m [0m [0m [0m [0m [0m [0m [0m [0m [0m [0m [0m [0m [0m [38;2;0;0;0;48;2;0;0;0m▀[38;2;98;49;8;48;2;98;49;8m▀[38;2;98;49;8;48;2;98;49;8m▀[38;2;246;189;32;48;2;246;189;32m▀[38;2;246;189;32;48;2;246;189;32m▀[38;2;246;189;32;48;2;246;189;32m▀[38;2;0;0;0;48;2;98;49;8m▀[38;2;0;0;0;48;2;0;0;0m▀[0m [0m [0m [0m [0m [0m [0m [0m [0m [0m [0m
[0m [0m [38;2;0;0;0m▄[38;2;0;0;0;48;2;0;0;0m▀[38;2;98;49;8;48;2;98;49;8m▀[38;2;189;115;0;48;2;189;115;0m▀[38;2;189;115;0;48;2;189;115;0m▀[38;2;189;115;0;48;2;189;115;0m▀[38;2;189;115;0;48;2;189;115;0m▀[38;2;189;115;0;48;2;189;115;0m▀[38;2;189;115;0;48;2;189;115;0m▀[38;2;189;115;0;48;2;189;115;0m▀[38;2;189;115;0;48;2;222;148;0m▀[38;2;246;230;82;48;2;246;230;82m▀[38;2;246;230;82;48;2;98;49;8m▀[38;2;98;49;8;48;2;0;0;0m▀[38;2;98;49;8;48;2;0;0;0m▀[38;2;0;0;0m▀[0m [0m [0m [0m [0m [0m [0m [0m [0m [0m [0m [0m [0m [0m [0m [0m [0m [0m [0m [38;2;0;0;0m▄[38;2;0;0;0;48;2;0;0;0m▀[38;2;0;0;0;48;2;222;148;0m▀[38;2;222;148;0;48;2;222;148;0m▀[38;2;222;148;0;48;2;222;148;0m▀[38;2;246;189;32;48;2;246;189;32m▀[38;2;246;189;32;48;2;246;189;32m▀[38;2;246;189;32;48;2;246;189;32m▀[38;2;246;189;32;48;2;246;189;32m▀[38;2;98;49;8;48;2;98;49;8m▀[38;2;0;0;0;48;2;0;0;0m▀[0m [0m [0m [0m [0m [0m [0m [0m [0m [0m
[0m [38;2;0;0;0;48;2;0;0;0m▀[38;2;98;49;8;48;2;98;49;8m▀[38;2;98;49;8;48;2;98;49;8m▀[38;2;189;115;0;48;2;189;115;0m▀[38;2;189;115;0;48;2;189;115;0m▀[38;2;189;115;0;48;2;189;115;0m▀[38;2;189;115;0;48;2;189;115;0m▀[38;2;189;115;0;48;2;189;115;0m▀[38;2;189;115;0;48;2;189;115;0m▀[38;2;189;115;0;48;2;189;115;0m▀[38;2;189;115;0;48;2;222;148;0m▀[38;2;246;230;82;48;2;246;230;82m▀[38;2;246;230;82;48;2;246;230;82m▀[38;2;98;49;8;48;2;98;49;8m▀[38;2;0;0;0;48;2;0;0;0m▀[0m [0m [0m [0m [0m [0m [0m [0m [0m [0m [0m [0m [0m [0m [0m [0m [0m [0m [0m [0m [38;2;0;0;0;48;2;0;0;0m▀[38;2;0;0;0;48;2;98;49;8m▀[38;2;222;148;0;48;2;222;148;0m▀[38;2;222;148;0;48;2;222;148;0m▀[38;2;222;148;0;48;2;222;148;0m▀[38;2;222;148;0;48;2;222;148;0m▀[38;2;222;148;0;48;2;222;148;0m▀[38;2;246;189;32;48;2;98;49;8m▀[38;2;222;148;0;48;2;98;49;8m▀[38;2;98;49;8;48;2;0;0;0m▀[38;2;0;0;0m▀[0m [0m [0m [0m [0m [0m [0m [0m [0m [0m [0m
[38;2;0;0;0m▄[38;2;0;0;0;48;2;98;49;8m▀[38;2;98;49;8;48;2;189;115;0m▀[38;2;98;49;8;48;2;189;115;0m▀[38;2;189;115;0;48;2;189;115;0m▀[38;2;189;115;0;48;2;189;115;0m▀[38;2;189;115;0;48;2;189;115;0m▀[38;2;189;115;0;48;2;189;115;0m▀[38;2;189;115;0;48;2;189;115;0m▀[38;2;189;115;0;48;2;189;115;0m▀[38;2;189;115;0;48;2;189;115;0m▀[38;2;222;148;0;48;2;246;230;82m▀[38;2;246;230;82;48;2;246;230;82m▀[38;2;246;230;82;48;2;98;49;8m▀[38;2;98;49;8;48;2;0;0;0m▀[38;2;0;0;0m▀[0m [0m [0m [0m [0m [0m [0m [0m [0m [0m [0m [0m [0m [0m [0m [0m [0m [0m [0m [0m [38;2;0;0;0m▀[38;2;98;49;8;48;2;0;0;0m▀[38;2;222;148;0;48;2;0;0;0m▀[38;2;222;148;0;48;2;222;148;0m▀[38;2;222;148;0;48;2;222;148;0m▀[38;2;222;148;0;48;2;222;148;0m▀[38;2;222;148;0;48;2;0;0;0m▀[38;2;98;49;8;48;2;0;0;0m▀[38;2;98;49;8;48;2;0;0;0m▀[38;2;0;0;0m▀[0m [0m [0m [0m [0m [0m [0m [0m [0m [0m [0m [0m
[38;2;0;0;0;48;2;0;0;0m▀[38;2;98;49;8;48;2;98;49;8m▀[38;2;189;115;0;48;2;189;115;0m▀[38;2;189;115;0;48;2;189;115;0m▀[38;2;189;115;0;48;2;189;115;0m▀[38;2;189;115;0;48;2;189;115;0m▀[38;2;189;115;0;48;2;189;115;0m▀[38;2;189;115;0;48;2;189;115;0m▀[38;2;189;115;0;48;2;189;115;0m▀[38;2;222;148;0;48;2;246;230;82m▀[38;2;222;148;0;48;2;246;230;82m▀[38;2;246;230;82;48;2;246;230;82m▀[38;2;246;189;32;48;2;246;189;32m▀[38;2;98;49;8;48;2;98;49;8m▀[38;2;0;0;0;48;2;0;0;0m▀[0m [0m [0m [0m [0m [0m [0m [0m [0m [38;2;0;0;0m▄[38;2;0;0;0m▄[38;2;0;0;0m▄[38;2;0;0;0m▄[0m [0m [0m [0m [0m [0m [0m [0m [38;2;0;0;0m▄[38;2;0;0;0;48;2;0;0;0m▀[38;2;0;0;0;48;2;222;148;0m▀[38;2;222;148;0;48;2;222;148;0m▀[38;2;222;148;0;48;2;222;148;0m▀[38;2;222;148;0;48;2;222;148;0m▀[38;2;156;82;0;48;2;156;82;0m▀[38;2;0;0;0;48;2;0;0;0m▀[38;2;0;0;0;48;2;0;0;0m▀[0m [0m [0m [0m [0m [0m [0m [0m [0m [0m [0m [0m [0m
[38;2;98;49;8;48;2;98;49;8m▀[38;2;189;115;0;48;2;189;115;0m▀[38;2;189;115;0;48;2;189;115;0m▀[38;2;189;115;0;48;2;189;115;0m▀[38;2;189;115;0;48;2;189;115;0m▀[38;2;189;115;0;48;2;189;115;0m▀[38;2;189;115;0;48;2;189;115;0m▀[38;2;189;115;0;48;2;189;115;0m▀[38;2;189;115;0;48;2;222;148;0m▀[38;2;246;230;82;48;2;246;230;82m▀[38;2;246;230;82;48;2;246;230;82m▀[38;2;246;189;32;48;2;246;189;32m▀[38;2;98;49;8;48;2;98;49;8m▀[38;2;0;0;0;48;2;0;0;0m▀[0m [0m [0m [0m [0m [0m [38;2;0;0;0m▄[38;2;0;0;0;48;2;98;49;8m▀[38;2;0;0;0;48;2;98;49;8m▀[38;2;0;0;0;48;2;98;49;8m▀[38;2;98;49;8;48;2;246;230;82m▀[38;2;98;49;8;48;2;246;230;82m▀[38;2;98;49;8;48;2;246;230;82m▀[38;2;98;49;8;48;2;246;189;32m▀[38;2;0;0;0;48;2;98;49;8m▀[38;2;0;0;0;48;2;98;49;8m▀[38;2;0;0;0;48;2;98;49;8m▀[38;2;0;0;0m▄[38;2;0;0;0m▄[38;2;0;0;0;48;2;0;0;0m▀[38;2;0;0;0;48;2;0;0;0m▀[38;2;0;0;0;48;2;0;0;0m▀[38;2;0;0;0;48;2;222;148;0m▀[38;2;222;148;0;48;2;222;148;0m▀[38;2;222;148;0;48;2;222;148;0m▀[38;2;222;148;0;48;2;156;82;0m▀[38;2;156;82;0;48;2;156;82;0m▀[38;2;156;82;0;48;2;156;82;0m▀[38;2;156;82;0;48;2;0;0;0m▀[38;2;0;0;0;48;2;0;0;0m▀[38;2;0;0;0m▀[0m [0m [0m [0m [0m [0m [0m [0m [0m [0m [0m [0m [0m
[38;2;98;49;8;48;2;98;49;8m▀[38;2;189;115;0;48;2;189;115;0m▀[38;2;189;115;0;48;2;189;115;0m▀[38;2;189;115;0;48;2;189;115;0m▀[38;2;189;115;0;48;2;189;115;0m▀[38;2;189;115;0;48;2;189;115;0m▀[38;2;189;115;0;48;2;189;115;0m▀[38;2;189;115;0;48;2;189;115;0m▀[38;2;222;148;0;48;2;246;230;82m▀[38;2;246;230;82;48;2;246;189;32m▀[38;2;246;230;82;48;2;246;189;32m▀[38;2;246;189;32;48;2;246;189;32m▀[38;2;98;49;8;48;2;98;49;8m▀[38;2;0;0;0;48;2;0;0;0m▀[0m [0m [0m [0m [0m [38;2;0;0;0m▄[38;2;0;0;0;48;2;98;49;8m▀[38;2;98;49;8;48;2;246;230;82m▀[38;2;98;49;8;48;2;246;230;82m▀[38;2;98;49;8;48;2;246;230;82m▀[38;2;246;230;82;48;2;246;230;82m▀[38;2;246;230;82;48;2;246;230;82m▀[38;2;246;230;82;48;2;246;230;82m▀[38;2;246;189;32;48;2;246;230;82m▀[38;2;98;49;8;48;2;246;230;82m▀[38;2;98;49;8;48;2;246;230;82m▀[38;2;98;49;8;48;2;246;230;82m▀[38;2;0;0;0;48;2;98;49;8m▀[38;2;0;0;0;48;2;0;0;0m▀[38;2;0;0;0;48;2;222;148;0m▀[38;2;0;0;0;48;2;222;148;0m▀[38;2;0;0;0;48;2;222;148;0m▀[38;2;222;148;0;48;2;222;148;0m▀[38;2;222;148;0;48;2;222;148;0m▀[38;2;222;148;0;48;2;156;82;0m▀[38;2;156;82;0;48;2;0;0;0m▀[38;2;156;82;0;48;2;0;0;0m▀[38;2;156;82;0;48;2;0;0;0m▀[38;2;0;0;0;48;2;0;0;0m▀[38;2;0;0;0m▀[0m [0m [0m [0m [0m [0m [0m [0m [0m [0m [0m [0m [0m [0m
[38;2;98;49;8;48;2;98;49;8m▀[38;2;189;115;0;48;2;189;115;0m▀[38;2;189;115;0;48;2;189;115;0m▀[38;2;189;115;0;48;2;189;115;0m▀[38;2;189;115;0;48;2;189;115;0m▀[38;2;189;115;0;48;2;189;115;0m▀[38;2;189;115;0;48;2;189;115;0m▀[38;2;189;115;0;48;2;156;82;0m▀[38;2;246;189;32;48;2;246;189;32m▀[38;2;246;189;32;48;2;246;189;32m▀[38;2;246;189;32;48;2;246;189;32m▀[38;2;246;189;32;48;2;246;189;32m▀[38;2;98;49;8;48;2;246;189;32m▀[38;2;0;0;0;48;2;98;49;8m▀[38;2;0;0;0m▄[38;2;0;0;0m▄[38;2;0;0;0m▄[38;2;0;0;0m▄[38;2;0;0;0;48;2;98;49;8m▀[38;2;98;49;8;48;2;246;189;32m▀[38;2;246;230;82;48;2;246;230;82m▀[38;2;246;230;82;48;2;246;230;82m▀[38;2;246;230;82;48;2;246;230;82m▀[38;2;246;230;82;48;2;246;230;82m▀[38;2;246;230;82;48;2;246;230;82m▀[38;2;246;230;82;48;2;246;230;82m▀[38;2;246;230;82;48;2;246;230;82m▀[38;2;246;230;82;48;2;222;148;0m▀[38;2;246;230;82;48;2;156;82;0m▀[38;2;246;230;82;48;2;156;82;0m▀[38;2;246;230;82;48;2;156;82;0m▀[38;2;246;230;82;48;2;222;148;0m▀[38;2;246;189;32;48;2;222;148;0m▀[38;2;222;148;0;48;2;156;82;0m▀[38;2;222;148;0;48;2;156;82;0m▀[38;2;222;148;0;48;2;156;82;0m▀[38;2;156;82;0;48;2;156;82;0m▀[38;2;156;82;0;48;2;0;0;0m▀[38;2;0;0;0;48;2;0;0;0m▀[38;2;0;0;0m▀[38;2;0;0;0m▀[38;2;0;0;0m▀[0m [0m [0m [0m [0m [0m [0m [0m [0m [0m [0m [0m [0m [0m [0m [0m
[38;2;98;49;8;48;2;98;49;8m▀[38;2;156;82;0;48;2;156;82;0m▀[38;2;189;115;0;48;2;156;82;0m▀[38;2;189;115;0;48;2;156;82;0m▀[38;2;189;115;0;48;2;156;82;0m▀[38;2;189;115;0;48;2;156;82;0m▀[38;2;156;82;0;48;2;156;82;0m▀[38;2;156;82;0;48;2;156;82;0m▀[38;2;246;189;32;48;2;246;189;32m▀[38;2;246;189;32;48;2;246;189;32m▀[38;2;246;189;32;48;2;246;189;32m▀[38;2;246;189;32;48;2;246;189;32m▀[38;2;246;189;32;48;2;246;189;32m▀[38;2;246;189;32;48;2;246;189;32m▀[38;2;98;49;8;48;2;246;189;32m▀[38;2;98;49;8;48;2;246;189;32m▀[38;2;98;49;8;48;2;246;189;32m▀[38;2;98;49;8;48;2;246;189;32m▀[38;2;246;189;32;48;2;246;189;32m▀[38;2;246;230;82;48;2;246;230;82m▀[38;2;246;230;82;48;2;246;230;82m▀[38;2;246;230;82;48;2;246;230;82m▀[38;2;246;230;82;48;2;246;230;82m▀[38;2;246;230;82;48;2;246;230;82m▀[38;2;246;230;82;48;2;246;230;82m▀[38;2;246;230;82;48;2;222;148;0m▀[38;2;222;148;0;48;2;156;82;0m▀[38;2;156;82;0;48;2;98;49;8m▀[38;2;0;0;0;48;2;0;0;0m▀[38;2;0;0;0;48;2;0;0;0m▀[38;2;0;0;0;48;2;0;0;0m▀[38;2;156;82;0;48;2;0;0;0m▀[38;2;156;82;0;48;2;0;0;0m▀[38;2;156;82;0;48;2;0;0;0m▀[38;2;0;0;0;48;2;0;0;0m▀[38;2;0;0;0;48;2;0;0;0m▀[38;2;0;0;0;48;2;0;0;0m▀[38;2;0;0;0m▀[0m [0m [0m [0m [0m [0m [0m [0m [0m [0m [0m [0m [0m [0m [0m [0m [0m [0m [0m [0m
[38;2;98;49;8;48;2;0;0;0m▀[38;2;156;82;0;48;2;0;0;0m▀[38;2;156;82;0;48;2;156;82;0m▀[38;2;156;82;0;48;2;156;82;0m▀[38;2;156;82;0;48;2;156;82;0m▀[38;2;156;82;0;48;2;156;82;0m▀[38;2;156;82;0;48;2;156;82;0m▀[38;2;156;82;0;48;2;156;82;0m▀[38;2;246;189;32;48;2;156;82;0m▀[38;2;246;189;32;48;2;246;189;32m▀[38;2;246;189;32;48;2;246;189;32m▀[38;2;246;189;32;48;2;246;189;32m▀[38;2;246;189;32;48;2;246;189;32m▀[38;2;246;189;32;48;2;246;189;32m▀[38;2;246;189;32;48;2;246;189;32m▀[38;2;246;189;32;48;2;246;189;32m▀[38;2;246;189;32;48;2;246;189;32m▀[38;2;246;189;32;48;2;246;189;32m▀[38;2;246;189;32;48;2;246;189;32m▀[38;2;246;230;82;48;2;246;189;32m▀[38;2;246;230;82;48;2;246;230;82m▀[38;2;246;230;82;48;2;246;230;82m▀[38;2;246;230;82;48;2;246;230;82m▀[38;2;246;230;82;48;2;246;230;82m▀[38;2;246;230;82;48;2;222;148;0m▀[38;2;222;148;0;48;2;156;82;0m▀[38;2;156;82;0;48;2;98;49;8m▀[38;2;98;49;8;48;2;0;0;0m▀[38;2;0;0;0m▀[0m [38;2;0;0;0m▀[38;2;0;0;0;48;2;0;0;0m▀[38;2;0;0;0;48;2;0;0;0m▀[38;2;0;0;0;48;2;0;0;0m▀[38;2;0;0;0m▀[0m [0m [0m [0m [0m [0m [0m [0m [0m [0m [0m [0m [0m [0m [0m [0m [0m [0m [0m [0m [0m [0m [0m
[38;2;0;0;0m▀[38;2;0;0;0;48;2;0;0;0m▀[38;2;156;82;0;48;2;0;0;0m▀[38;2;156;82;0;48;2;0;0;0m▀[38;2;156;82;0;48;2;156;82;0m▀[38;2;156;82;0;48;2;156;82;0m▀[38;2;156;82;0;48;2;156;82;0m▀[38;2;156;82;0;48;2;156;82;0m▀[38;2;156;82;0;48;2;156;82;0m▀[38;2;222;148;0;48;2;156;82;0m▀[38;2;222;148;0;48;2;156;82;0m▀[38;2;246;189;32;48;2;156;82;0m▀[38;2;246;189;32;48;2;246;189;32m▀[38;2;246;189;32;48;2;246;189;32m▀[38;2;246;189;32;48;2;246;189;32m▀[38;2;246;189;32;48;2;246;189;32m▀[38;2;246;189;32;48;2;246;189;32m▀[38;2;246;189;32;48;2;246;189;32m▀[38;2;246;189;32;48;2;246;189;32m▀[38;2;246;189;32;48;2;246;189;32m▀[38;2;246;189;32;48;2;246;189;32m▀[38;2;246;189;32;48;2;222;148;0m▀[38;2;246;189;32;48;2;222;148;0m▀[38;2;246;189;32;48;2;156;82;0m▀[38;2;156;82;0;48;2;156;82;0m▀[38;2;156;82;0;48;2;98;49;8m▀[38;2;98;49;8;48;2;0;0;0m▀[38;2;0;0;0m▀[0m [0m [0m [0m [0m [0m [0m [0m [0m [0m [0m [0m [0m [0m [0m [0m [0m [0m [0m [0m [0m [0m [0m [0m [0m [0m [0m [0m [0m [0m
[0m [0m [38;2;0;0;0m▀[38;2;0;0;0m▀[38;2;0;0;0;48;2;0;0;0m▀[38;2;156;82;0;48;2;0;0;0m▀[38;2;156;82;0;48;2;0;0;0m▀[38;2;156;82;0;48;2;156;82;0m▀[38;2;156;82;0;48;2;156;82;0m▀[38;2;156;82;0;48;2;156;82;0m▀[38;2;156;82;0;48;2;156;82;0m▀[38;2;156;82;0;48;2;156;82;0m▀[38;2;156;82;0;48;2;156;82;0m▀[38;2;156;82;0;48;2;156;82;0m▀[38;2;222;148;0;48;2;156;82;0m▀[38;2;246;189;32;48;2;156;82;0m▀[38;2;246;189;32;48;2;156;82;0m▀[38;2;246;189;32;48;2;156;82;0m▀[38;2;246;189;32;48;2;156;82;0m▀[38;2;222;148;0;48;2;156;82;0m▀[38;2;156;82;0;48;2;156;82;0m▀[38;2;156;82;0;48;2;98;49;8m▀[38;2;156;82;0;48;2;98;49;8m▀[38;2;156;82;0;48;2;98;49;8m▀[38;2;98;49;8;48;2;0;0;0m▀[38;2;0;0;0m▀[0m [0m [0m [0m [0m [0m [0m [0m [0m [0m [0m [0m [0m [0m [0m [0m [0m [0m [0m [0m [0m [0m [0m [0m [0m [0m [0m [0m [0m [0m [0m [0m
[0m [0m [0m [0m [38;2;0;0;0m▀[38;2;0;0;0;48;2;0;0;0m▀[38;2;0;0;0;48;2;0;0;0m▀[38;2;156;82;0;48;2;0;0;0m▀[38;2;156;82;0;48;2;0;0;0m▀[38;2;156;82;0;48;2;156;82;0m▀[38;2;156;82;0;48;2;156;82;0m▀[38;2;156;82;0;48;2;156;82;0m▀[38;2;156;82;0;48;2;156;82;0m▀[38;2;156;82;0;48;2;156;82;0m▀[38;2;156;82;0;48;2;156;82;0m▀[38;2;156;82;0;48;2;156;82;0m▀[38;2;156;82;0;48;2;156;82;0m▀[38;2;156;82;0;48;2;156;82;0m▀[38;2;156;82;0;48;2;0;0;0m▀[38;2;156;82;0;48;2;0;0;0m▀[38;2;156;82;0;48;2;0;0;0m▀[38;2;98;49;8;48;2;0;0;0m▀[38;2;98;49;8;48;2;0;0;0m▀[38;2;98;49;8;48;2;0;0;0m▀[38;2;0;0;0m▀[0m [0m [0m [0m [0m [0m [0m [0m [0m [0m [0m [0m [0m [0m [0m [0m [0m [0m [0m [0m [0m [0m [0m [0m [0m [0m [0m [0m [0m [0m [0m [0m [0m
