[0m [0m [0m [0m [0m [0m [0m [0m [0m [0m [0m [0m [0m [0m [0m [0m [0m [0m [0m [0m [0m [0m [0m [0m [0m [0m [0m [0m [0m [0m [0m [0m [0m [0m [0m [0m [0m [0m [0m [0m [38;2;0;0;0m▄[38;2;0;0;0m▄[38;2;0;0;0m▄[38;2;0;0;0m▄[38;2;0;0;0;48;2;16;16;16m▀[38;2;0;0;0;48;2;16;16;16m▀[38;2;0;0;0;48;2;16;16;16m▀[38;2;0;0;0;48;2;16;16;16m▀[38;2;0;0;0;48;2;16;16;16m▀[38;2;0;0;0;48;2;16;16;16m▀[38;2;16;16;16;48;2;98;123;180m▀[38;2;16;16;16;48;2;98;123;180m▀[38;2;16;16;16;48;2;98;123;180m▀[38;2;16;16;16;48;2;98;123;180m▀[38;2;16;16;16;48;2;98;123;180m▀[38;2;16;16;16;48;2;98;123;180m▀[38;2;0;0;0;48;2;16;16;16m▀[0m
[0m [0m [0m [0m [0m [0m [0m [0m [0m [0m [0m [0m [0m [0m [0m [0m [0m [0m [0m [0m [0m [0m [0m [0m [0m [0m [0m [0m [0m [0m [0m [0m [0m [0m [0m [0m [0m [38;2;0;0;0m▄[38;2;0;0;0m▄[38;2;0;0;0;48;2;0;0;0m▀[38;2;16;16;16;48;2;16;16;16m▀[38;2;16;16;16;48;2;16;16;16m▀[38;2;16;16;16;48;2;16;16;16m▀[38;2;16;16;16;48;2;16;16;16m▀[38;2;139;180;238;48;2;139;180;238m▀[38;2;189;205;255;48;2;189;205;255m▀[38;2;189;205;255;48;2;189;205;255m▀[38;2;139;180;238;48;2;139;180;238m▀[38;2;139;180;238;48;2;139;180;238m▀[38;2;139;180;238;48;2;139;180;238m▀[38;2;74;65;123;48;2;74;65;123m▀[38;2;74;65;123;48;2;74;65;123m▀[38;2;74;65;123;48;2;74;65;123m▀[38;2;74;65;123;48;2;74;65;123m▀[38;2;74;65;123;48;2;74;65;123m▀[38;2;74;65;123;48;2;74;65;123m▀[38;2;0;0;0;48;2;0;0;0m▀[0m
[0m [0m [0m [0m [0m [0m [0m [0m [0m [0m [0m [0m [0m [0m [0m [38;2;0;0;0m▄[38;2;0;0;0m▄[38;2;0;0;0m▄[38;2;0;0;0m▄[38;2;0;0;0m▄[0m [0m [0m [0m [0m [0m [0m [0m [0m [0m [0m [0m [0m [38;2;0;0;0m▄[38;2;0;0;0;48;2;16;16;16m▀[38;2;0;0;0;48;2;16;16;16m▀[38;2;0;0;0;48;2;16;16;16m▀[38;2;16;16;16;48;2;139;180;238m▀[38;2;16;16;16;48;2;139;180;238m▀[38;2;16;16;16;48;2;189;205;255m▀[38;2;139;180;238;48;2;189;205;255m▀[38;2;139;180;238;48;2;189;205;255m▀[38;2;139;180;238;48;2;74;65;123m▀[38;2;139;180;238;48;2;74;65;123m▀[38;2;98;123;180;48;2;74;65;123m▀[38;2;98;123;180;48;2;180;82;156m▀[38;2;74;65;123;48;2;180;82;156m▀[38;2;74;65;123;48;2;180;82;156m▀[38;2;74;65;123;48;2;180;82;156m▀[38;2;74;65;123;48;2;180;82;156m▀[38;2;180;82;156;48;2;180;82;156m▀[38;2;180;82;156;48;2;115;32;90m▀[38;2;115;32;90;48;2;0;0;0m▀[38;2;0;0;0m▀[38;2;0;0;0m▀[38;2;0;0;0m▀[0m [0m
[0m [0m [0m [0m [0m [0m [0m [0m [0m [0m [0m [38;2;0;0;0m▄[38;2;0;0;0m▄[38;2;0;0;0;48;2;98;123;180m▀[38;2;0;0;0;48;2;98;123;180m▀[38;2;98;123;180;48;2;189;205;255m▀[38;2;98;123;180;48;2;189;205;255m▀[38;2;98;123;180;48;2;189;205;255m▀[38;2;98;123;180;48;2;189;205;255m▀[38;2;98;123;180;48;2;98;123;180m▀[38;2;0;0;0;48;2;0;0;0m▀[0m [0m [0m [0m [0m [0m [0m [0m [0m [0m [0m [38;2;0;0;0;48;2;0;0;0m▀[38;2;16;16;16;48;2;74;65;123m▀[38;2;139;180;238;48;2;139;180;238m▀[38;2;139;180;238;48;2;139;180;238m▀[38;2;189;205;255;48;2;98;123;180m▀[38;2;189;205;255;48;2;74;65;123m▀[38;2;98;123;180;48;2;74;65;123m▀[38;2;74;65;123;48;2;180;82;156m▀[38;2;74;65;123;48;2;180;82;156m▀[38;2;74;65;123;48;2;180;82;156m▀[38;2;180;82;156;48;2;180;82;156m▀[38;2;180;82;156;48;2;180;82;156m▀[38;2;180;82;156;48;2;180;82;156m▀[38;2;180;82;156;48;2;180;82;156m▀[38;2;180;82;156;48;2;180;82;156m▀[38;2;180;82;156;48;2;180;82;156m▀[38;2;180;82;156;48;2;180;82;156m▀[38;2;180;82;156;48;2;115;32;90m▀[38;2;115;32;90;48;2;0;0;0m▀[38;2;0;0;0m▀[0m [0m [0m [0m [0m [0m
[0m [0m [0m [0m [0m [0m [0m [0m [38;2;0;0;0m▄[38;2;0;0;0m▄[38;2;0;0;0;48;2;0;0;0m▀[38;2;98;123;180;48;2;98;123;180m▀[38;2;98;123;180;48;2;98;123;180m▀[38;2;189;205;255;48;2;189;205;255m▀[38;2;189;205;255;48;2;189;205;255m▀[38;2;189;205;255;48;2;189;205;255m▀[38;2;189;205;255;48;2;189;205;255m▀[38;2;139;180;238;48;2;139;180;238m▀[38;2;98;123;180;48;2;98;123;180m▀[38;2;0;0;0;48;2;0;0;0m▀[0m [0m [0m [0m [0m [0m [0m [0m [0m [0m [0m [0m [38;2;0;0;0;48;2;0;0;0m▀[38;2;74;65;123;48;2;74;65;123m▀[38;2;139;180;238;48;2;139;180;238m▀[38;2;139;180;238;48;2;139;180;238m▀[38;2;115;32;90;48;2;115;32;90m▀[38;2;115;32;90;48;2;115;32;90m▀[38;2;180;82;156;48;2;180;82;156m▀[38;2;180;82;156;48;2;180;82;156m▀[38;2;180;82;156;48;2;180;82;156m▀[38;2;180;82;156;48;2;180;82;156m▀[38;2;180;82;156;48;2;180;82;156m▀[38;2;180;82;156;48;2;180;82;156m▀[38;2;180;82;156;48;2;180;82;156m▀[38;2;180;82;156;48;2;180;82;156m▀[38;2;180;82;156;48;2;180;82;156m▀[38;2;115;32;90;48;2;115;32;90m▀[38;2;115;32;90;48;2;115;32;90m▀[38;2;0;0;0;48;2;0;0;0m▀[0m [0m [0m [0m [0m [0m [0m [0m
[0m [0m [0m [0m [0m [0m [38;2;0;0;0m▄[38;2;0;0;0;48;2;98;123;180m▀[38;2;98;123;180;48;2;189;205;255m▀[38;2;98;123;180;48;2;189;205;255m▀[38;2;98;123;180;48;2;189;205;255m▀[38;2;189;205;255;48;2;189;205;255m▀[38;2;189;205;255;48;2;139;180;238m▀[38;2;189;205;255;48;2;139;180;238m▀[38;2;139;180;238;48;2;139;180;238m▀[38;2;139;180;238;48;2;139;180;238m▀[38;2;139;180;238;48;2;139;180;238m▀[38;2;139;180;238;48;2;74;65;123m▀[38;2;74;65;123;48;2;0;0;0m▀[38;2;0;0;0m▀[0m [0m [0m [0m [0m [0m [0m [0m [0m [0m [0m [38;2;0;0;0;48;2;0;0;0m▀[38;2;74;65;123;48;2;74;65;123m▀[38;2;139;180;238;48;2;189;205;255m▀[38;2;98;123;180;48;2;115;32;90m▀[38;2;98;123;180;48;2;115;32;90m▀[38;2;115;32;90;48;2;180;82;156m▀[38;2;180;82;156;48;2;180;82;156m▀[38;2;180;82;156;48;2;180;82;156m▀[38;2;180;82;156;48;2;180;82;156m▀[38;2;180;82;156;48;2;180;82;156m▀[38;2;180;82;156;48;2;180;82;156m▀[38;2;180;82;156;48;2;180;82;156m▀[38;2;180;82;156;48;2;180;82;156m▀[38;2;180;82;156;48;2;180;82;156m▀[38;2;180;82;156;48;2;180;82;156m▀[38;2;180;82;156;48;2;115;32;90m▀[38;2;115;32;90;48;2;0;0;0m▀[38;2;115;32;90;48;2;0;0;0m▀[38;2;0;0;0m▀[0m [0m [0m [0m [0m [0m [0m [0m
[0m [0m [0m [0m [38;2;0;0;0m▄[38;2;0;0;0;48;2;98;123;180m▀[38;2;98;123;180;48;2;189;205;255m▀[38;2;189;205;255;48;2;189;205;255m▀[38;2;189;205;255;48;2;139;180;238m▀[38;2;139;180;238;48;2;139;180;238m▀[38;2;139;180;238;48;2;139;180;238m▀[38;2;139;180;238;48;2;139;180;238m▀[38;2;139;180;238;48;2;139;180;238m▀[38;2;139;180;238;48;2;139;180;238m▀[38;2;139;180;238;48;2;139;180;238m▀[38;2;139;180;238;48;2;139;180;238m▀[38;2;139;180;238;48;2;139;180;238m▀[38;2;74;65;123;48;2;74;65;123m▀[38;2;0;0;0;48;2;0;0;0m▀[0m [0m [0m [0m [0m [0m [0m [0m [0m [0m [0m [0m [38;2;0;0;0;48;2;0;0;0m▀[38;2;74;65;123;48;2;74;65;123m▀[38;2;189;205;255;48;2;139;180;238m▀[38;2;115;32;90;48;2;115;32;90m▀[38;2;115;32;90;48;2;115;32;90m▀[38;2;180;82;156;48;2;115;32;90m▀[38;2;180;82;156;48;2;180;82;156m▀[38;2;180;82;156;48;2;180;82;156m▀[38;2;180;82;156;48;2;180;82;156m▀[38;2;180;82;156;48;2;180;82;156m▀[38;2;180;82;156;48;2;180;82;156m▀[38;2;180;82;156;48;2;180;82;156m▀[38;2;180;82;156;48;2;180;82;156m▀[38;2;180;82;156;48;2;180;82;156m▀[38;2;180;82;156;48;2;115;32;90m▀[38;2;115;32;90;48;2;0;0;0m▀[38;2;0;0;0m▀[0m [0m [0m [0m [0m [0m [0m [0m [0m [0m
[0m [38;2;0;0;0m▄[38;2;0;0;0;48;2;98;123;180m▀[38;2;0;0;0;48;2;98;123;180m▀[38;2;98;123;180;48;2;189;205;255m▀[38;2;189;205;255;48;2;189;205;255m▀[38;2;189;205;255;48;2;139;180;238m▀[38;2;139;180;238;48;2;139;180;238m▀[38;2;139;180;238;48;2;139;180;238m▀[38;2;139;180;238;48;2;139;180;238m▀[38;2;139;180;238;48;2;139;180;238m▀[38;2;139;180;238;48;2;139;180;238m▀[38;2;139;180;238;48;2;139;180;238m▀[38;2;139;180;238;48;2;139;180;238m▀[38;2;139;180;238;48;2;139;180;238m▀[38;2;139;180;238;48;2;139;180;238m▀[38;2;139;180;238;48;2;139;180;238m▀[38;2;139;180;238;48;2;139;180;238m▀[38;2;74;65;123;48;2;74;65;123m▀[38;2;0;0;0;48;2;0;0;0m▀[0m [0m [0m [0m [0m [0m [0m [0m [0m [0m [38;2;0;0;0m▄[38;2;0;0;0;48;2;74;65;123m▀[38;2;74;65;123;48;2;189;205;255m▀[38;2;139;180;238;48;2;139;180;238m▀[38;2;98;123;180;48;2;74;65;123m▀[38;2;98;123;180;48;2;74;65;123m▀[38;2;98;123;180;48;2;74;65;123m▀[38;2;98;123;180;48;2;74;65;123m▀[38;2;98;123;180;48;2;74;65;123m▀[38;2;98;123;180;48;2;74;65;123m▀[38;2;115;32;90;48;2;98;123;180m▀[38;2;115;32;90;48;2;98;123;180m▀[38;2;115;32;90;48;2;98;123;180m▀[38;2;115;32;90;48;2;98;123;180m▀[38;2;180;82;156;48;2;98;123;180m▀[38;2;115;32;90;48;2;98;123;180m▀[38;2;0;0;0;48;2;74;65;123m▀[38;2;0;0;0m▄[0m [0m [0m [0m [0m [0m [0m [0m [0m [0m
[0m [38;2;0;0;0;48;2;0;0;0m▀[38;2;98;123;180;48;2;98;123;180m▀[38;2;98;123;180;48;2;98;123;180m▀[38;2;189;205;255;48;2;189;205;255m▀[38;2;189;205;255;48;2;139;180;238m▀[38;2;139;180;238;48;2;139;180;238m▀[38;2;139;180;238;48;2;139;180;238m▀[38;2;139;180;238;48;2;139;180;238m▀[38;2;139;180;238;48;2;139;180;238m▀[38;2;139;180;238;48;2;139;180;238m▀[38;2;139;180;238;48;2;139;180;238m▀[38;2;139;180;238;48;2;139;180;238m▀[38;2;139;180;238;48;2;139;180;238m▀[38;2;139;180;238;48;2;139;180;238m▀[38;2;139;180;238;48;2;189;205;255m▀[38;2;139;180;238;48;2;189;205;255m▀[38;2;139;180;238;48;2;189;205;255m▀[38;2;74;65;123;48;2;139;180;238m▀[38;2;0;0;0;48;2;74;65;123m▀[38;2;0;0;0m▄[0m [0m [0m [0m [0m [0m [0m [0m [0m [38;2;0;0;0;48;2;0;0;0m▀[38;2;74;65;123;48;2;74;65;123m▀[38;2;189;205;255;48;2;139;180;238m▀[38;2;139;180;238;48;2;115;32;90m▀[38;2;74;65;123;48;2;115;32;90m▀[38;2;74;65;123;48;2;115;32;90m▀[38;2;74;65;123;48;2;180;82;156m▀[38;2;74;65;123;48;2;180;82;156m▀[38;2;74;65;123;48;2;180;82;156m▀[38;2;74;65;123;48;2;180;82;156m▀[38;2;98;123;180;48;2;74;65;123m▀[38;2;98;123;180;48;2;74;65;123m▀[38;2;98;123;180;48;2;74;65;123m▀[38;2;98;123;180;48;2;74;65;123m▀[38;2;98;123;180;48;2;74;65;123m▀[38;2;98;123;180;48;2;74;65;123m▀[38;2;74;65;123;48;2;0;0;0m▀[38;2;0;0;0m▀[0m [0m [0m [0m [0m [0m [0m [0m [0m [0m
[38;2;0;0;0;48;2;0;0;0m▀[38;2;98;123;180;48;2;98;123;180m▀[38;2;189;205;255;48;2;189;205;255m▀[38;2;189;205;255;48;2;189;205;255m▀[38;2;189;205;255;48;2;139;180;238m▀[38;2;139;180;238;48;2;139;180;238m▀[38;2;139;180;238;48;2;139;180;238m▀[38;2;139;180;238;48;2;139;180;238m▀[38;2;139;180;238;48;2;139;180;238m▀[38;2;139;180;238;48;2;189;205;255m▀[38;2;139;180;238;48;2;189;205;255m▀[38;2;139;180;238;48;2;189;205;255m▀[38;2;189;205;255;48;2;98;123;180m▀[38;2;189;205;255;48;2;74;65;123m▀[38;2;98;123;180;48;2;74;65;123m▀[38;2;98;123;180;48;2;98;123;180m▀[38;2;98;123;180;48;2;98;123;180m▀[38;2;74;65;123;48;2;98;123;180m▀[38;2;74;65;123;48;2;98;123;180m▀[38;2;74;65;123;48;2;74;65;123m▀[38;2;0;0;0;48;2;0;0;0m▀[0m [0m [0m [0m [0m [0m [0m [0m [0m [38;2;0;0;0;48;2;0;0;0m▀[38;2;74;65;123;48;2;74;65;123m▀[38;2;139;180;238;48;2;139;180;238m▀[38;2;115;32;90;48;2;115;32;90m▀[38;2;115;32;90;48;2;180;82;156m▀[38;2;115;32;90;48;2;180;82;156m▀[38;2;180;82;156;48;2;180;82;156m▀[38;2;180;82;156;48;2;180;82;156m▀[38;2;180;82;156;48;2;180;82;156m▀[38;2;180;82;156;48;2;180;82;156m▀[38;2;180;82;156;48;2;115;32;90m▀[38;2;180;82;156;48;2;115;32;90m▀[38;2;180;82;156;48;2;115;32;90m▀[38;2;180;82;156;48;2;115;32;90m▀[38;2;115;32;90;48;2;0;0;0m▀[38;2;0;0;0m▀[0m [0m [0m [0m [0m [0m [0m [0m [0m [0m [0m [0m
[38;2;98;123;180;48;2;74;65;123m▀[38;2;189;205;255;48;2;189;205;255m▀[38;2;189;205;255;48;2;139;180;238m▀[38;2;189;205;255;48;2;139;180;238m▀[38;2;139;180;238;48;2;139;180;238m▀[38;2;139;180;238;48;2;139;180;238m▀[38;2;139;180;238;48;2;98;123;180m▀[38;2;189;205;255;48;2;74;65;123m▀[38;2;74;65;123;48;2;98;123;180m▀[38;2;74;65;123;48;2;98;123;180m▀[38;2;74;65;123;48;2;98;123;180m▀[38;2;74;65;123;48;2;98;123;180m▀[38;2;98;123;180;48;2;98;123;180m▀[38;2;98;123;180;48;2;98;123;180m▀[38;2;98;123;180;48;2;98;123;180m▀[38;2;98;123;180;48;2;98;123;180m▀[38;2;98;123;180;48;2;98;123;180m▀[38;2;98;123;180;48;2;74;65;123m▀[38;2;74;65;123;48;2;0;0;0m▀[38;2;0;0;0m▀[0m [0m [0m [0m [0m [0m [0m [0m [0m [38;2;0;0;0;48;2;0;0;0m▀[38;2;74;65;123;48;2;74;65;123m▀[38;2;189;205;255;48;2;189;205;255m▀[38;2;139;180;238;48;2;115;32;90m▀[38;2;115;32;90;48;2;180;82;156m▀[38;2;180;82;156;48;2;180;82;156m▀[38;2;180;82;156;48;2;180;82;156m▀[38;2;180;82;156;48;2;180;82;156m▀[38;2;180;82;156;48;2;115;32;90m▀[38;2;115;32;90;48;2;0;0;0m▀[38;2;115;32;90;48;2;0;0;0m▀[38;2;0;0;0m▀[38;2;0;0;0m▀[38;2;0;0;0m▀[38;2;0;0;0m▀[0m [0m [0m [0m [0m [0m [0m [0m [0m [0m [0m [0m [0m [0m
[38;2;74;65;123;48;2;74;65;123m▀[38;2;189;205;255;48;2;139;180;238m▀[38;2;139;180;238;48;2;139;180;238m▀[38;2;139;180;238;48;2;139;180;238m▀[38;2;139;180;238;48;2;139;180;238m▀[38;2;139;180;238;48;2;139;180;238m▀[38;2;98;123;180;48;2;98;123;180m▀[38;2;74;65;123;48;2;98;123;180m▀[38;2;98;123;180;48;2;98;123;180m▀[38;2;98;123;180;48;2;98;123;180m▀[38;2;98;123;180;48;2;98;123;180m▀[38;2;98;123;180;48;2;98;123;180m▀[38;2;98;123;180;48;2;98;123;180m▀[38;2;98;123;180;48;2;98;123;180m▀[38;2;98;123;180;48;2;98;123;180m▀[38;2;98;123;180;48;2;98;123;180m▀[38;2;98;123;180;48;2;98;123;180m▀[38;2;74;65;123;48;2;74;65;123m▀[38;2;0;0;0;48;2;0;0;0m▀[0m [0m [0m [0m [0m [0m [0m [0m [0m [38;2;0;0;0m▄[38;2;0;0;0;48;2;0;0;0m▀[38;2;74;65;123;48;2;74;65;123m▀[38;2;189;205;255;48;2;139;180;238m▀[38;2;115;32;90;48;2;115;32;90m▀[38;2;180;82;156;48;2;180;82;156m▀[38;2;180;82;156;48;2;180;82;156m▀[38;2;180;82;156;48;2;180;82;156m▀[38;2;180;82;156;48;2;115;32;90m▀[38;2;115;32;90;48;2;0;0;0m▀[38;2;0;0;0m▀[0m [0m [0m [0m [0m [0m [0m [0m [0m [0m [0m [0m [0m [0m [0m [0m [0m [0m [0m
[38;2;0;0;0m▀[38;2;74;65;123;48;2;0;0;0m▀[38;2;74;65;123;48;2;0;0;0m▀[38;2;74;65;123;48;2;0;0;0m▀[38;2;98;123;180;48;2;74;65;123m▀[38;2;139;180;238;48;2;98;123;180m▀[38;2;139;180;238;48;2;139;180;238m▀[38;2;98;123;180;48;2;139;180;238m▀[38;2;98;123;180;48;2;139;180;238m▀[38;2;98;123;180;48;2;98;123;180m▀[38;2;98;123;180;48;2;98;123;180m▀[38;2;98;123;180;48;2;98;123;180m▀[38;2;98;123;180;48;2;98;123;180m▀[38;2;98;123;180;48;2;98;123;180m▀[38;2;98;123;180;48;2;98;123;180m▀[38;2;98;123;180;48;2;98;123;180m▀[38;2;98;123;180;48;2;98;123;180m▀[38;2;74;65;123;48;2;98;123;180m▀[38;2;0;0;0;48;2;74;65;123m▀[38;2;0;0;0;48;2;79;98;142m▀[38;2;0;0;0;48;2;79;98;142m▀[38;2;0;0;0;48;2;41;49;131m▀[38;2;0;0;0;48;2;41;49;131m▀[38;2;0;0;0;48;2;41;49;131m▀[38;2;0;0;0;48;2;41;49;131m▀[38;2;0;0;0;48;2;41;49;131m▀[38;2;0;0;0m▄[38;2;0;0;0;48;2;0;0;0m▀[38;2;74;65;123;48;2;74;65;123m▀[38;2;74;65;123;48;2;74;65;123m▀[38;2;189;205;255;48;2;139;180;238m▀[38;2;139;180;238;48;2;115;32;90m▀[38;2;115;32;90;48;2;180;82;156m▀[38;2;180;82;156;48;2;115;32;90m▀[38;2;115;32;90;48;2;0;0;0m▀[38;2;115;32;90;48;2;0;0;0m▀[38;2;0;0;0m▀[0m [0m [0m [0m [0m [0m [0m [0m [0m [0m [0m [0m [0m [0m [0m [0m [0m [0m [0m [0m [0m
[0m [0m [0m [0m [38;2;0;0;0m▀[38;2;0;0;0m▀[38;2;74;65;123;48;2;0;0;0m▀[38;2;98;123;180;48;2;0;0;0m▀[38;2;139;180;238;48;2;74;65;123m▀[38;2;139;180;238;48;2;139;180;238m▀[38;2;139;180;238;48;2;139;180;238m▀[38;2;98;123;180;48;2;139;180;238m▀[38;2;98;123;180;48;2;98;123;180m▀[38;2;98;123;180;48;2;98;123;180m▀[38;2;98;123;180;48;2;98;123;180m▀[38;2;98;123;180;48;2;79;98;142m▀[38;2;98;123;180;48;2;79;98;142m▀[38;2;0;0;0;48;2;189;205;255m▀[38;2;79;98;142;48;2;189;205;255m▀[38;2;189;205;255;48;2;189;205;255m▀[38;2;189;205;255;48;2;189;205;255m▀[38;2;139;180;238;48;2;189;205;255m▀[38;2;139;180;238;48;2;189;205;255m▀[38;2;139;180;238;48;2;139;180;238m▀[38;2;139;180;238;48;2;139;180;238m▀[38;2;139;180;238;48;2;139;180;238m▀[38;2;41;49;131;48;2;139;180;238m▀[38;2;74;65;123;48;2;98;123;180m▀[38;2;189;205;255;48;2;139;180;238m▀[38;2;189;205;255;48;2;139;180;238m▀[38;2;139;180;238;48;2;115;32;90m▀[38;2;115;32;90;48;2;115;32;90m▀[38;2;180;82;156;48;2;115;32;90m▀[38;2;115;32;90;48;2;0;0;0m▀[38;2;0;0;0m▀[0m [0m [0m [0m [0m [0m [0m [0m [0m [0m [0m [0m [0m [0m [0m [0m [0m [0m [0m [0m [0m [0m [0m
[0m [0m [0m [0m [0m [0m [0m [38;2;0;0;0m▀[38;2;74;65;123;48;2;0;0;0m▀[38;2;139;180;238;48;2;74;65;123m▀[38;2;139;180;238;48;2;74;65;123m▀[38;2;139;180;238;48;2;139;180;238m▀[38;2;98;123;180;48;2;98;123;180m▀[38;2;98;123;180;48;2;98;123;180m▀[38;2;98;123;180;48;2;79;98;142m▀[38;2;79;98;142;48;2;189;205;255m▀[38;2;79;98;142;48;2;189;205;255m▀[38;2;189;205;255;48;2;189;205;255m▀[38;2;189;205;255;48;2;189;205;255m▀[38;2;189;205;255;48;2;189;205;255m▀[38;2;189;205;255;48;2;189;205;255m▀[38;2;189;205;255;48;2;189;205;255m▀[38;2;189;205;255;48;2;189;205;255m▀[38;2;139;180;238;48;2;139;180;238m▀[38;2;139;180;238;48;2;139;180;238m▀[38;2;139;180;238;48;2;139;180;238m▀[38;2;139;180;238;48;2;98;123;180m▀[38;2;98;123;180;48;2;139;180;238m▀[38;2;139;180;238;48;2;139;180;238m▀[38;2;139;180;238;48;2;139;180;238m▀[38;2;115;32;90;48;2;115;32;90m▀[38;2;115;32;90;48;2;0;0;0m▀[38;2;115;32;90;48;2;0;0;0m▀[38;2;0;0;0m▀[0m [0m [0m [0m [0m [0m [0m [0m [0m [0m [0m [0m [0m [0m [0m [0m [0m [0m [0m [0m [0m [0m [0m [0m
[0m [0m [0m [0m [0m [0m [0m [0m [0m [38;2;0;0;0m▀[38;2;0;0;0m▀[38;2;74;65;123;48;2;0;0;0m▀[38;2;98;123;180;48;2;74;65;123m▀[38;2;98;123;180;48;2;79;98;142m▀[38;2;41;49;131;48;2;189;205;255m▀[38;2;189;205;255;48;2;189;205;255m▀[38;2;189;205;255;48;2;189;205;255m▀[38;2;189;205;255;48;2;189;205;255m▀[38;2;189;205;255;48;2;189;205;255m▀[38;2;189;205;255;48;2;189;205;255m▀[38;2;189;205;255;48;2;139;180;238m▀[38;2;139;180;238;48;2;139;180;238m▀[38;2;139;180;238;48;2;139;180;238m▀[38;2;139;180;238;48;2;139;180;238m▀[38;2;139;180;238;48;2;139;180;238m▀[38;2;139;180;238;48;2;139;180;238m▀[38;2;98;123;180;48;2;139;180;238m▀[38;2;139;180;238;48;2;41;49;131m▀[38;2;74;65;123;48;2;139;180;238m▀[38;2;74;65;123;48;2;139;180;238m▀[38;2;74;65;123;48;2;98;123;180m▀[38;2;41;49;131;48;2;41;49;131m▀[38;2;0;0;0;48;2;0;0;0m▀[0m [0m [0m [0m [0m [0m [0m [0m [0m [0m [0m [0m [0m [0m [0m [0m [0m [0m [0m [0m [0m [0m [0m [0m [0m
[0m [0m [0m [0m [0m [0m [0m [0m [0m [0m [0m [0m [38;2;0;0;0;48;2;0;0;0m▀[38;2;41;49;131;48;2;41;49;131m▀[38;2;139;180;238;48;2;139;180;238m▀[38;2;139;180;238;48;2;139;180;238m▀[38;2;139;180;238;48;2;139;180;238m▀[38;2;139;180;238;48;2;139;180;238m▀[38;2;139;180;238;48;2;139;180;238m▀[38;2;139;180;238;48;2;139;180;238m▀[38;2;139;180;238;48;2;98;123;180m▀[38;2;98;123;180;48;2;16;16;16m▀[38;2;98;123;180;48;2;16;16;16m▀[38;2;98;123;180;48;2;255;255;255m▀[38;2;98;123;180;48;2;213;213;213m▀[38;2;74;65;123;48;2;16;16;16m▀[38;2;139;180;238;48;2;74;65;123m▀[38;2;139;180;238;48;2;139;180;238m▀[38;2;139;180;238;48;2;139;180;238m▀[38;2;139;180;238;48;2;139;180;238m▀[38;2;98;123;180;48;2;98;123;180m▀[38;2;98;123;180;48;2;98;123;180m▀[38;2;41;49;131;48;2;41;49;131m▀[38;2;0;0;0;48;2;0;0;0m▀[0m [0m [0m [0m [0m [0m [0m [0m [0m [0m [0m [0m [0m [0m [0m [0m [0m [0m [0m [0m [0m [0m [0m [0m
[0m [0m [0m [0m [0m [0m [0m [0m [0m [0m [0m [0m [38;2;0;0;0m▀[38;2;41;49;131;48;2;0;0;0m▀[38;2;139;180;238;48;2;41;49;131m▀[38;2;139;180;238;48;2;139;180;238m▀[38;2;139;180;238;48;2;139;180;238m▀[38;2;139;180;238;48;2;139;180;238m▀[38;2;139;180;238;48;2;139;180;238m▀[38;2;139;180;238;48;2;98;123;180m▀[38;2;98;123;180;48;2;16;16;16m▀[38;2;16;16;16;48;2;16;16;16m▀[38;2;16;16;16;48;2;16;16;16m▀[38;2;255;255;255;48;2;16;16;16m▀[38;2;213;213;213;48;2;255;255;255m▀[38;2;16;16;16;48;2;16;16;16m▀[38;2;74;65;123;48;2;16;16;16m▀[38;2;139;180;238;48;2;74;65;123m▀[38;2;139;180;238;48;2;139;180;238m▀[38;2;139;180;238;48;2;139;180;238m▀[38;2;98;123;180;48;2;98;123;180m▀[38;2;98;123;180;48;2;98;123;180m▀[38;2;41;49;131;48;2;41;49;131m▀[38;2;0;0;0;48;2;0;0;0m▀[0m [0m [0m [0m [0m [0m [0m [0m [0m [0m [0m [0m [0m [0m [0m [0m [0m [0m [0m [0m [0m [0m [0m [0m
[0m [0m [0m [0m [0m [0m [0m [0m [0m [0m [0m [0m [0m [38;2;0;0;0m▀[38;2;41;49;131;48;2;0;0;0m▀[38;2;139;180;238;48;2;41;49;131m▀[38;2;139;180;238;48;2;41;49;131m▀[38;2;139;180;238;48;2;139;180;238m▀[38;2;98;123;180;48;2;98;123;180m▀[38;2;255;255;255;48;2;255;255;255m▀[38;2;16;16;16;48;2;16;16;16m▀[38;2;16;16;16;48;2;16;16;16m▀[38;2;16;16;16;48;2;16;16;16m▀[38;2;16;16;16;48;2;16;16;16m▀[38;2;16;16;16;48;2;16;16;16m▀[38;2;16;16;16;48;2;255;255;255m▀[38;2;16;16;16;48;2;16;16;16m▀[38;2;74;65;123;48;2;74;65;123m▀[38;2;139;180;238;48;2;139;180;238m▀[38;2;139;180;238;48;2;139;180;238m▀[38;2;98;123;180;48;2;98;123;180m▀[38;2;98;123;180;48;2;98;123;180m▀[38;2;98;123;180;48;2;98;123;180m▀[38;2;41;49;131;48;2;41;49;131m▀[38;2;0;0;0;48;2;0;0;0m▀[38;2;0;0;0m▄[0m [0m [0m [0m [0m [0m [0m [0m [0m [0m [0m [0m [0m [0m [0m [0m [0m [0m [0m [0m [0m [0m
[0m [0m [0m [0m [0m [0m [0m [0m [0m [0m [0m [0m [0m [0m [0m [38;2;0;0;0m▀[38;2;0;0;0m▀[38;2;41;49;131;48;2;0;0;0m▀[38;2;98;123;180;48;2;41;49;131m▀[38;2;16;16;16;48;2;16;16;16m▀[38;2;16;16;16;48;2;255;255;255m▀[38;2;16;16;16;48;2;16;16;16m▀[38;2;16;16;16;48;2;16;16;16m▀[38;2;16;16;16;48;2;16;16;16m▀[38;2;213;213;213;48;2;74;65;123m▀[38;2;255;255;255;48;2;74;65;123m▀[38;2;74;65;123;48;2;79;98;142m▀[38;2;139;180;238;48;2;98;123;180m▀[38;2;98;123;180;48;2;98;123;180m▀[38;2;98;123;180;48;2;98;123;180m▀[38;2;98;123;180;48;2;98;123;180m▀[38;2;98;123;180;48;2;98;123;180m▀[38;2;98;123;180;48;2;98;123;180m▀[38;2;98;123;180;48;2;98;123;180m▀[38;2;41;49;131;48;2;98;123;180m▀[38;2;41;49;131;48;2;98;123;180m▀[38;2;0;0;0;48;2;41;49;131m▀[38;2;0;0;0m▄[0m [0m [0m [0m [0m [0m [0m [0m [0m [0m [0m [0m [0m [0m [0m [0m [0m [0m [0m [0m
[0m [0m [0m [0m [0m [0m [0m [0m [0m [0m [0m [0m [0m [0m [0m [0m [0m [0m [38;2;0;0;0;48;2;0;0;0m▀[38;2;41;49;131;48;2;41;49;131m▀[38;2;213;213;213;48;2;213;213;213m▀[38;2;74;65;123;48;2;74;65;123m▀[38;2;74;65;123;48;2;74;65;123m▀[38;2;74;65;123;48;2;74;65;123m▀[38;2;79;98;142;48;2;79;98;142m▀[38;2;79;98;142;48;2;79;98;142m▀[38;2;79;98;142;48;2;79;98;142m▀[38;2;79;98;142;48;2;79;98;142m▀[38;2;98;123;180;48;2;98;123;180m▀[38;2;98;123;180;48;2;98;123;180m▀[38;2;98;123;180;48;2;98;123;180m▀[38;2;98;123;180;48;2;98;123;180m▀[38;2;98;123;180;48;2;98;123;180m▀[38;2;98;123;180;48;2;98;123;180m▀[38;2;98;123;180;48;2;98;123;180m▀[38;2;98;123;180;48;2;98;123;180m▀[38;2;98;123;180;48;2;98;123;180m▀[38;2;41;49;131;48;2;41;49;131m▀[38;2;0;0;0;48;2;0;0;0m▀[0m [0m [0m [0m [0m [0m [0m [0m [0m [0m [0m [0m [0m [0m [0m [0m [0m [0m [0m
[0m [0m [0m [0m [0m [0m [0m [0m [0m [0m [0m [0m [0m [0m [0m [0m [0m [0m [0m [38;2;0;0;0m▀[38;2;41;49;131;48;2;0;0;0m▀[38;2;79;98;142;48;2;41;49;131m▀[38;2;79;98;142;48;2;41;49;131m▀[38;2;79;98;142;48;2;0;0;0m▀[38;2;79;98;142;48;2;0;0;0m▀[38;2;79;98;142;48;2;79;98;142m▀[38;2;79;98;142;48;2;134;63;117m▀[38;2;134;63;117;48;2;134;63;117m▀[38;2;134;63;117;48;2;134;63;117m▀[38;2;134;63;117;48;2;134;63;117m▀[38;2;134;63;117;48;2;134;63;117m▀[38;2;98;123;180;48;2;180;82;156m▀[38;2;98;123;180;48;2;180;82;156m▀[38;2;98;123;180;48;2;98;123;180m▀[38;2;98;123;180;48;2;98;123;180m▀[38;2;98;123;180;48;2;98;123;180m▀[38;2;98;123;180;48;2;98;123;180m▀[38;2;0;0;0;48;2;98;123;180m▀[38;2;0;0;0;48;2;41;49;131m▀[38;2;0;0;0m▄[0m [0m [0m [0m [0m [0m [0m [0m [0m [0m [0m [0m [0m [0m [0m [0m [0m [0m
[0m [0m [38;2;0;0;0m▄[38;2;0;0;0m▄[38;2;0;0;0;48;2;90;98;189m▀[38;2;0;0;0;48;2;41;49;131m▀[38;2;0;0;0m▄[0m [0m [0m [0m [0m [0m [0m [0m [0m [0m [0m [0m [0m [0m [38;2;0;0;0m▀[38;2;0;0;0m▀[38;2;0;0;0m▀[38;2;0;0;0m▀[38;2;0;0;0;48;2;0;0;0m▀[38;2;134;63;117;48;2;0;0;0m▀[38;2;134;63;117;48;2;134;63;117m▀[38;2;134;63;117;48;2;134;63;117m▀[38;2;134;63;117;48;2;134;63;117m▀[38;2;134;63;117;48;2;180;82;156m▀[38;2;180;82;156;48;2;180;82;156m▀[38;2;180;82;156;48;2;180;82;156m▀[38;2;134;63;117;48;2;180;82;156m▀[38;2;98;123;180;48;2;134;63;117m▀[38;2;98;123;180;48;2;134;63;117m▀[38;2;98;123;180;48;2;98;123;180m▀[38;2;98;123;180;48;2;98;123;180m▀[38;2;0;0;0;48;2;98;123;180m▀[38;2;0;0;0;48;2;41;49;131m▀[38;2;0;0;0m▄[0m [0m [0m [0m [0m [0m [0m [0m [0m [0m [0m [0m [0m [0m [0m [0m [0m
[0m [38;2;0;0;0;48;2;0;0;0m▀[38;2;79;98;142;48;2;79;98;142m▀[38;2;79;98;142;48;2;79;98;142m▀[38;2;139;180;238;48;2;139;180;238m▀[38;2;41;49;131;48;2;41;49;131m▀[38;2;0;0;0;48;2;0;0;0m▀[0m [0m [0m [0m [0m [0m [0m [0m [0m [0m [0m [0m [0m [0m [0m [0m [0m [0m [38;2;0;0;0;48;2;0;0;0m▀[38;2;90;90;90;48;2;90;90;90m▀[38;2;115;32;90;48;2;115;32;90m▀[38;2;180;82;156;48;2;180;82;156m▀[38;2;180;82;156;48;2;180;82;156m▀[38;2;180;82;156;48;2;180;82;156m▀[38;2;180;82;156;48;2;180;82;156m▀[38;2;180;82;156;48;2;180;82;156m▀[38;2;180;82;156;48;2;180;82;156m▀[38;2;180;82;156;48;2;180;82;156m▀[38;2;180;82;156;48;2;180;82;156m▀[38;2;98;123;180;48;2;98;123;180m▀[38;2;98;123;180;48;2;98;123;180m▀[38;2;98;123;180;48;2;98;123;180m▀[38;2;0;0;0;48;2;0;0;0m▀[38;2;0;0;0;48;2;0;0;0m▀[0m [0m [0m [0m [0m [0m [0m [0m [0m [0m [0m [0m [0m [0m [0m [0m [0m
[38;2;0;0;0;48;2;0;0;0m▀[38;2;41;49;131;48;2;41;49;131m▀[38;2;139;180;238;48;2;139;180;238m▀[38;2;139;180;238;48;2;139;180;238m▀[38;2;79;98;142;48;2;41;49;131m▀[38;2;0;0;0;48;2;0;0;0m▀[0m [0m [0m [0m [0m [0m [0m [0m [38;2;0;0;0m▄[38;2;0;0;0m▄[38;2;0;0;0m▄[38;2;0;0;0m▄[38;2;0;0;0m▄[38;2;0;0;0m▄[38;2;0;0;0m▄[38;2;0;0;0m▄[38;2;0;0;0m▄[0m [0m [0m [38;2;0;0;0;48;2;0;0;0m▀[38;2;41;49;131;48;2;0;0;0m▀[38;2;180;82;156;48;2;180;82;156m▀[38;2;180;82;156;48;2;180;82;156m▀[38;2;180;82;156;48;2;180;82;156m▀[38;2;180;82;156;48;2;180;82;156m▀[38;2;180;82;156;48;2;180;82;156m▀[38;2;180;82;156;48;2;180;82;156m▀[38;2;180;82;156;48;2;180;82;156m▀[38;2;180;82;156;48;2;180;82;156m▀[38;2;134;63;117;48;2;180;82;156m▀[38;2;98;123;180;48;2;98;123;180m▀[38;2;98;123;180;48;2;98;123;180m▀[38;2;0;0;0;48;2;41;49;131m▀[38;2;0;0;0;48;2;0;0;0m▀[38;2;0;0;0m▄[0m [0m [0m [0m [0m [0m [0m [0m [0m [0m [0m [0m [0m [0m [0m [0m
[38;2;41;49;131;48;2;41;49;131m▀[38;2;134;63;117;48;2;180;82;156m▀[38;2;139;180;238;48;2;139;180;238m▀[38;2;139;180;238;48;2;139;180;238m▀[38;2;41;49;131;48;2;139;180;238m▀[38;2;0;0;0;48;2;41;49;131m▀[38;2;0;0;0m▄[38;2;0;0;0m▄[0m [0m [0m [38;2;0;0;0m▄[38;2;0;0;0m▄[38;2;0;0;0;48;2;41;49;131m▀[38;2;41;49;131;48;2;79;98;142m▀[38;2;0;0;0;48;2;79;98;142m▀[38;2;0;0;0;48;2;79;98;142m▀[38;2;0;0;0;48;2;79;98;142m▀[38;2;0;0;0;48;2;79;98;142m▀[38;2;0;0;0;48;2;79;98;142m▀[38;2;0;0;0;48;2;79;98;142m▀[38;2;41;49;131;48;2;98;123;180m▀[38;2;41;49;131;48;2;98;123;180m▀[38;2;0;0;0;48;2;79;98;142m▀[38;2;0;0;0;48;2;41;49;131m▀[38;2;0;0;0;48;2;41;49;131m▀[38;2;0;0;0;48;2;0;0;0m▀[38;2;0;0;0;48;2;41;49;131m▀[38;2;180;82;156;48;2;180;82;156m▀[38;2;180;82;156;48;2;180;82;156m▀[38;2;180;82;156;48;2;180;82;156m▀[38;2;180;82;156;48;2;180;82;156m▀[38;2;180;82;156;48;2;180;82;156m▀[38;2;180;82;156;48;2;180;82;156m▀[38;2;180;82;156;48;2;180;82;156m▀[38;2;180;82;156;48;2;180;82;156m▀[38;2;180;82;156;48;2;180;82;156m▀[38;2;98;123;180;48;2;134;63;117m▀[38;2;98;123;180;48;2;98;123;180m▀[38;2;98;123;180;48;2;98;123;180m▀[38;2;41;49;131;48;2;41;49;131m▀[38;2;41;49;131;48;2;41;49;131m▀[38;2;0;0;0;48;2;0;0;0m▀[0m [0m [0m [0m [0m [0m [0m [0m [0m [0m [0m [0m [0m [0m [0m
[38;2;41;49;131;48;2;41;49;131m▀[38;2;180;82;156;48;2;180;82;156m▀[38;2;139;180;238;48;2;139;180;238m▀[38;2;139;180;238;48;2;139;180;238m▀[38;2;139;180;238;48;2;139;180;238m▀[38;2;98;123;180;48;2;98;123;180m▀[38;2;41;49;131;48;2;41;49;131m▀[38;2;41;49;131;48;2;41;49;131m▀[38;2;0;0;0;48;2;0;0;0m▀[38;2;0;0;0m▄[38;2;0;0;0;48;2;0;0;0m▀[38;2;41;49;131;48;2;41;49;131m▀[38;2;41;49;131;48;2;41;49;131m▀[38;2;98;123;180;48;2;98;123;180m▀[38;2;98;123;180;48;2;98;123;180m▀[38;2;79;98;142;48;2;79;98;142m▀[38;2;79;98;142;48;2;79;98;142m▀[38;2;79;98;142;48;2;79;98;142m▀[38;2;79;98;142;48;2;79;98;142m▀[38;2;79;98;142;48;2;79;98;142m▀[38;2;98;123;180;48;2;98;123;180m▀[38;2;79;98;142;48;2;79;98;142m▀[38;2;79;98;142;48;2;79;98;142m▀[38;2;98;123;180;48;2;98;123;180m▀[38;2;79;98;142;48;2;79;98;142m▀[38;2;98;123;180;48;2;98;123;180m▀[38;2;41;49;131;48;2;41;49;131m▀[38;2;41;49;131;48;2;41;49;131m▀[38;2;180;82;156;48;2;180;82;156m▀[38;2;180;82;156;48;2;180;82;156m▀[38;2;180;82;156;48;2;180;82;156m▀[38;2;180;82;156;48;2;180;82;156m▀[38;2;180;82;156;48;2;180;82;156m▀[38;2;180;82;156;48;2;180;82;156m▀[38;2;180;82;156;48;2;180;82;156m▀[38;2;180;82;156;48;2;180;82;156m▀[38;2;180;82;156;48;2;180;82;156m▀[38;2;180;82;156;48;2;180;82;156m▀[38;2;98;123;180;48;2;98;123;180m▀[38;2;98;123;180;48;2;98;123;180m▀[38;2;0;0;0;48;2;0;0;0m▀[38;2;0;0;0;48;2;0;0;0m▀[38;2;0;0;0;48;2;0;0;0m▀[0m [0m [0m [0m [0m [0m [0m [0m [0m [0m [0m [0m [0m [0m [0m
[38;2;41;49;131;48;2;0;0;0m▀[38;2;134;63;117;48;2;41;49;131m▀[38;2;139;180;238;48;2;134;63;117m▀[38;2;139;180;238;48;2;134;63;117m▀[38;2;139;180;238;48;2;98;123;180m▀[38;2;98;123;180;48;2;98;123;180m▀[38;2;98;123;180;48;2;98;123;180m▀[38;2;79;98;142;48;2;98;123;180m▀[38;2;41;49;131;48;2;98;123;180m▀[38;2;41;49;131;48;2;98;123;180m▀[38;2;41;49;131;48;2;98;123;180m▀[38;2;98;123;180;48;2;98;123;180m▀[38;2;98;123;180;48;2;98;123;180m▀[38;2;98;123;180;48;2;98;123;180m▀[38;2;98;123;180;48;2;79;98;142m▀[38;2;79;98;142;48;2;79;98;142m▀[38;2;79;98;142;48;2;79;98;142m▀[38;2;79;98;142;48;2;79;98;142m▀[38;2;79;98;142;48;2;79;98;142m▀[38;2;79;98;142;48;2;79;98;142m▀[38;2;79;98;142;48;2;98;123;180m▀[38;2;98;123;180;48;2;79;98;142m▀[38;2;98;123;180;48;2;79;98;142m▀[38;2;79;98;142;48;2;98;123;180m▀[38;2;98;123;180;48;2;79;98;142m▀[38;2;98;123;180;48;2;98;123;180m▀[38;2;98;123;180;48;2;41;49;131m▀[38;2;41;49;131;48;2;79;98;142m▀[38;2;180;82;156;48;2;180;82;156m▀[38;2;180;82;156;48;2;180;82;156m▀[38;2;180;82;156;48;2;180;82;156m▀[38;2;180;82;156;48;2;180;82;156m▀[38;2;180;82;156;48;2;180;82;156m▀[38;2;180;82;156;48;2;180;82;156m▀[38;2;180;82;156;48;2;180;82;156m▀[38;2;180;82;156;48;2;180;82;156m▀[38;2;180;82;156;48;2;180;82;156m▀[38;2;180;82;156;48;2;180;82;156m▀[38;2;98;123;180;48;2;98;123;180m▀[38;2;98;123;180;48;2;79;98;142m▀[38;2;0;0;0;48;2;0;0;0m▀[38;2;0;0;0;48;2;0;0;0m▀[38;2;0;0;0;48;2;0;0;0m▀[0m [0m [0m [0m [0m [0m [0m [0m [0m [0m [0m [0m [0m [0m [0m
[38;2;0;0;0m▀[38;2;0;0;0;48;2;0;0;0m▀[38;2;134;63;117;48;2;0;0;0m▀[38;2;134;63;117;48;2;0;0;0m▀[38;2;98;123;180;48;2;134;63;117m▀[38;2;98;123;180;48;2;79;98;142m▀[38;2;98;123;180;48;2;98;123;180m▀[38;2;98;123;180;48;2;98;123;180m▀[38;2;98;123;180;48;2;98;123;180m▀[38;2;98;123;180;48;2;98;123;180m▀[38;2;98;123;180;48;2;98;123;180m▀[38;2;98;123;180;48;2;79;98;142m▀[38;2;98;123;180;48;2;79;98;142m▀[38;2;79;98;142;48;2;79;98;142m▀[38;2;79;98;142;48;2;79;98;142m▀[38;2;79;98;142;48;2;79;98;142m▀[38;2;79;98;142;48;2;79;98;142m▀[38;2;79;98;142;48;2;79;98;142m▀[38;2;79;98;142;48;2;79;98;142m▀[38;2;79;98;142;48;2;79;98;142m▀[38;2;79;98;142;48;2;79;98;142m▀[38;2;98;123;180;48;2;79;98;142m▀[38;2;98;123;180;48;2;79;98;142m▀[38;2;79;98;142;48;2;98;123;180m▀[38;2;98;123;180;48;2;98;123;180m▀[38;2;98;123;180;48;2;79;98;142m▀[38;2;41;49;131;48;2;139;180;238m▀[38;2;139;180;238;48;2;139;180;238m▀[38;2;180;82;156;48;2;180;82;156m▀[38;2;180;82;156;48;2;180;82;156m▀[38;2;180;82;156;48;2;180;82;156m▀[38;2;180;82;156;48;2;180;82;156m▀[38;2;180;82;156;48;2;180;82;156m▀[38;2;180;82;156;48;2;180;82;156m▀[38;2;180;82;156;48;2;180;82;156m▀[38;2;180;82;156;48;2;180;82;156m▀[38;2;180;82;156;48;2;180;82;156m▀[38;2;180;82;156;48;2;180;82;156m▀[38;2;98;123;180;48;2;79;98;142m▀[38;2;79;98;142;48;2;79;98;142m▀[38;2;0;0;0;48;2;0;0;0m▀[38;2;0;0;0;48;2;0;0;0m▀[38;2;0;0;0;48;2;0;0;0m▀[0m [0m [0m [0m [0m [0m [0m [0m [0m [0m [0m [0m [0m [0m [0m
[0m [0m [38;2;0;0;0m▀[38;2;0;0;0m▀[38;2;0;0;0;48;2;0;0;0m▀[38;2;115;32;90;48;2;41;49;131m▀[38;2;115;32;90;48;2;0;0;0m▀[38;2;79;98;142;48;2;115;32;90m▀[38;2;79;98;142;48;2;115;32;90m▀[38;2;79;98;142;48;2;115;32;90m▀[38;2;79;98;142;48;2;115;32;90m▀[38;2;79;98;142;48;2;41;49;131m▀[38;2;79;98;142;48;2;0;0;0m▀[38;2;41;49;131;48;2;0;0;0m▀[38;2;41;49;131;48;2;0;0;0m▀[38;2;0;0;0;48;2;0;0;0m▀[38;2;0;0;0;48;2;0;0;0m▀[38;2;41;49;131;48;2;0;0;0m▀[38;2;79;98;142;48;2;0;0;0m▀[38;2;79;98;142;48;2;0;0;0m▀[38;2;79;98;142;48;2;134;63;117m▀[38;2;79;98;142;48;2;79;98;142m▀[38;2;79;98;142;48;2;79;98;142m▀[38;2;98;123;180;48;2;98;123;180m▀[38;2;98;123;180;48;2;98;123;180m▀[38;2;98;123;180;48;2;98;123;180m▀[38;2;139;180;238;48;2;139;180;238m▀[38;2;134;63;117;48;2;180;82;156m▀[38;2;180;82;156;48;2;180;82;156m▀[38;2;180;82;156;48;2;180;82;156m▀[38;2;180;82;156;48;2;180;82;156m▀[38;2;180;82;156;48;2;180;82;156m▀[38;2;180;82;156;48;2;180;82;156m▀[38;2;180;82;156;48;2;180;82;156m▀[38;2;180;82;156;48;2;180;82;156m▀[38;2;180;82;156;48;2;180;82;156m▀[38;2;180;82;156;48;2;180;82;156m▀[38;2;180;82;156;48;2;134;63;117m▀[38;2;79;98;142;48;2;79;98;142m▀[38;2;79;98;142;48;2;0;0;0m▀[38;2;0;0;0;48;2;0;0;0m▀[38;2;0;0;0;48;2;0;0;0m▀[38;2;0;0;0m▀[0m [0m [0m [0m [0m [0m [0m [0m [0m [0m [0m [0m [0m [0m [0m
[0m [0m [0m [0m [38;2;0;0;0m▀[38;2;41;49;131;48;2;0;0;0m▀[38;2;0;0;0;48;2;0;0;0m▀[38;2;115;32;90;48;2;0;0;0m▀[38;2;115;32;90;48;2;0;0;0m▀[38;2;115;32;90;48;2;0;0;0m▀[38;2;115;32;90;48;2;0;0;0m▀[38;2;41;49;131;48;2;0;0;0m▀[38;2;0;0;0;48;2;0;0;0m▀[38;2;0;0;0m▀[0m [0m [0m [38;2;0;0;0m▀[38;2;0;0;0;48;2;0;0;0m▀[38;2;0;0;0;48;2;0;0;0m▀[38;2;134;63;117;48;2;0;0;0m▀[38;2;79;98;142;48;2;134;63;117m▀[38;2;79;98;142;48;2;134;63;117m▀[38;2;98;123;180;48;2;98;123;180m▀[38;2;98;123;180;48;2;98;123;180m▀[38;2;98;123;180;48;2;139;180;238m▀[38;2;139;180;238;48;2;134;63;117m▀[38;2;180;82;156;48;2;180;82;156m▀[38;2;180;82;156;48;2;180;82;156m▀[38;2;180;82;156;48;2;180;82;156m▀[38;2;180;82;156;48;2;180;82;156m▀[38;2;180;82;156;48;2;180;82;156m▀[38;2;180;82;156;48;2;180;82;156m▀[38;2;180;82;156;48;2;180;82;156m▀[38;2;180;82;156;48;2;180;82;156m▀[38;2;180;82;156;48;2;180;82;156m▀[38;2;180;82;156;48;2;134;63;117m▀[38;2;134;63;117;48;2;134;63;117m▀[38;2;79;98;142;48;2;79;98;142m▀[38;2;0;0;0;48;2;0;0;0m▀[38;2;0;0;0;48;2;0;0;0m▀[0m [0m [0m [0m [0m [0m [0m [0m [0m [0m [0m [0m [0m [0m [0m [0m [0m
[0m [0m [0m [0m [0m [0m [0m [38;2;0;0;0m▀[38;2;0;0;0m▀[38;2;0;0;0m▀[38;2;0;0;0m▀[0m [0m [0m [0m [0m [0m [0m [0m [0m [38;2;0;0;0m▀[38;2;0;0;0;48;2;0;0;0m▀[38;2;0;0;0;48;2;0;0;0m▀[38;2;134;63;117;48;2;41;49;131m▀[38;2;134;63;117;48;2;134;63;117m▀[38;2;134;63;117;48;2;134;63;117m▀[38;2;134;63;117;48;2;134;63;117m▀[38;2;134;63;117;48;2;134;63;117m▀[38;2;180;82;156;48;2;134;63;117m▀[38;2;180;82;156;48;2;134;63;117m▀[38;2;180;82;156;48;2;134;63;117m▀[38;2;180;82;156;48;2;134;63;117m▀[38;2;180;82;156;48;2;134;63;117m▀[38;2;134;63;117;48;2;134;63;117m▀[38;2;134;63;117;48;2;134;63;117m▀[38;2;134;63;117;48;2;134;63;117m▀[38;2;134;63;117;48;2;134;63;117m▀[38;2;79;98;142;48;2;79;98;142m▀[38;2;79;98;142;48;2;0;0;0m▀[38;2;0;0;0;48;2;0;0;0m▀[38;2;0;0;0m▀[0m [0m [0m [0m [0m [0m [0m [0m [0m [0m [0m [0m [0m [0m [0m [0m [0m
[0m [0m [0m [0m [0m [0m [0m [0m [0m [0m [0m [0m [0m [0m [0m [0m [0m [0m [0m [0m [0m [0m [38;2;0;0;0m▀[38;2;0;0;0;48;2;0;0;0m▀[38;2;134;63;117;48;2;0;0;0m▀[38;2;134;63;117;48;2;134;63;117m▀[38;2;134;63;117;48;2;134;63;117m▀[38;2;134;63;117;48;2;134;63;117m▀[38;2;134;63;117;48;2;134;63;117m▀[38;2;134;63;117;48;2;134;63;117m▀[38;2;134;63;117;48;2;134;63;117m▀[38;2;134;63;117;48;2;134;63;117m▀[38;2;134;63;117;48;2;134;63;117m▀[38;2;134;63;117;48;2;134;63;117m▀[38;2;134;63;117;48;2;134;63;117m▀[38;2;134;63;117;48;2;134;63;117m▀[38;2;134;63;117;48;2;79;98;142m▀[38;2;79;98;142;48;2;0;0;0m▀[38;2;41;49;131;48;2;0;0;0m▀[38;2;0;0;0m▀[0m [0m [0m [0m [0m [0m [0m [0m [0m [0m [0m [0m [0m [0m [0m [0m [0m [0m
[0m [0m [0m [0m [0m [0m [0m [0m [0m [0m [0m [0m [0m [0m [0m [0m [0m [0m [0m [0m [0m [0m [0m [38;2;0;0;0m▀[38;2;0;0;0;48;2;0;0;0m▀[38;2;134;63;117;48;2;41;49;131m▀[38;2;134;63;117;48;2;0;0;0m▀[38;2;134;63;117;48;2;134;63;117m▀[38;2;134;63;117;48;2;134;63;117m▀[38;2;134;63;117;48;2;134;63;117m▀[38;2;134;63;117;48;2;134;63;117m▀[38;2;134;63;117;48;2;134;63;117m▀[38;2;134;63;117;48;2;134;63;117m▀[38;2;134;63;117;48;2;134;63;117m▀[38;2;134;63;117;48;2;0;0;0m▀[38;2;134;63;117;48;2;0;0;0m▀[38;2;79;98;142;48;2;0;0;0m▀[38;2;0;0;0;48;2;0;0;0m▀[38;2;0;0;0m▀[0m [0m [0m [0m [0m [0m [0m [0m [0m [0m [0m [0m [0m [0m [0m [0m [0m [0m [0m
