[0m [0m [0m [0m [0m [0m [0m [0m [0m [0m [0m [0m [0m [0m [0m [0m [0m [0m [0m [0m [38;2;0;0;0m▄[38;2;0;0;0m▄[38;2;0;0;0;48;2;131;41;0m▀[38;2;0;0;0;48;2;131;41;0m▀[38;2;0;0;0;48;2;131;41;0m▀[38;2;0;0;0;48;2;131;41;0m▀[38;2;131;41;0;48;2;189;106;0m▀[38;2;131;41;0;48;2;131;41;0m▀[38;2;131;41;0;48;2;189;106;0m▀[38;2;131;41;0;48;2;189;106;0m▀[38;2;131;41;0;48;2;189;106;0m▀[38;2;22;22;22;48;2;131;41;0m▀[38;2;22;22;22;48;2;131;41;0m▀[38;2;22;22;22;48;2;131;41;0m▀[38;2;22;22;22;48;2;131;41;0m▀[38;2;22;22;22;48;2;131;41;0m▀[38;2;0;0;0;48;2;22;22;22m▀[38;2;0;0;0;48;2;22;22;22m▀[38;2;0;0;0m▄[38;2;0;0;0m▄[0m [38;2;0;0;0m▄[38;2;0;0;0m▄[38;2;0;0;0m▄[0m [0m [0m [0m [0m [0m [0m [0m [0m [0m [0m [0m [0m [0m [0m
[0m [0m [0m [0m [0m [0m [0m [0m [0m [0m [0m [0m [0m [0m [0m [0m [0m [0m [38;2;0;0;0m▄[38;2;0;0;0;48;2;0;0;0m▀[38;2;131;41;0;48;2;131;41;0m▀[38;2;131;41;0;48;2;131;41;0m▀[38;2;189;106;0;48;2;189;106;0m▀[38;2;189;106;0;48;2;189;106;0m▀[38;2;213;148;82;48;2;213;148;82m▀[38;2;213;148;82;48;2;213;148;82m▀[38;2;213;148;82;48;2;213;148;82m▀[38;2;189;106;0;48;2;189;106;0m▀[38;2;131;41;0;48;2;131;41;0m▀[38;2;131;41;0;48;2;131;41;0m▀[38;2;131;41;0;48;2;131;41;0m▀[38;2;189;106;0;48;2;189;106;0m▀[38;2;189;106;0;48;2;189;106;0m▀[38;2;131;41;0;48;2;131;41;0m▀[38;2;131;41;0;48;2;131;41;0m▀[38;2;131;41;0;48;2;131;41;0m▀[38;2;131;41;0;48;2;131;41;0m▀[38;2;131;41;0;48;2;131;41;0m▀[38;2;22;22;22;48;2;22;22;22m▀[38;2;22;22;22;48;2;22;22;22m▀[38;2;0;0;0;48;2;0;0;0m▀[38;2;0;0;0;48;2;0;0;0m▀[38;2;0;0;0;48;2;0;0;0m▀[38;2;0;0;0;48;2;0;0;0m▀[38;2;0;0;0;48;2;0;0;0m▀[0m [0m [0m [0m [0m [0m [0m [0m [0m [0m [0m [0m [0m [0m
[0m [0m [0m [0m [0m [0m [0m [0m [0m [0m [0m [0m [0m [0m [0m [38;2;0;0;0m▄[38;2;0;0;0m▄[38;2;0;0;0;48;2;131;41;0m▀[38;2;131;41;0;48;2;189;106;0m▀[38;2;131;41;0;48;2;213;148;82m▀[38;2;213;148;82;48;2;189;106;0m▀[38;2;213;148;82;48;2;189;106;0m▀[38;2;213;148;82;48;2;189;106;0m▀[38;2;213;148;82;48;2;189;106;0m▀[38;2;189;106;0;48;2;213;148;82m▀[38;2;189;106;0;48;2;213;148;82m▀[38;2;189;106;0;48;2;189;106;0m▀[38;2;213;148;82;48;2;213;148;82m▀[38;2;213;148;82;48;2;189;106;0m▀[38;2;213;148;82;48;2;189;106;0m▀[38;2;189;106;0;48;2;189;106;0m▀[38;2;131;41;0;48;2;189;106;0m▀[38;2;131;41;0;48;2;189;106;0m▀[38;2;22;22;22;48;2;131;41;0m▀[38;2;22;22;22;48;2;131;41;0m▀[38;2;22;22;22;48;2;131;41;0m▀[38;2;22;22;22;48;2;131;41;0m▀[38;2;22;22;22;48;2;22;22;22m▀[38;2;131;41;0;48;2;131;41;0m▀[38;2;131;41;0;48;2;0;0;0m▀[38;2;0;0;0;48;2;0;0;0m▀[38;2;0;0;0;48;2;0;0;0m▀[38;2;0;0;0;48;2;0;0;0m▀[38;2;0;0;0;48;2;0;0;0m▀[38;2;0;0;0;48;2;0;0;0m▀[0m [0m [0m [0m [0m [0m [0m [0m [0m [0m [0m [0m [0m [0m
[0m [0m [0m [0m [0m [0m [0m [0m [0m [0m [0m [0m [38;2;0;0;0m▄[38;2;0;0;0m▄[38;2;0;0;0;48;2;131;41;0m▀[38;2;131;41;0;48;2;189;106;0m▀[38;2;131;41;0;48;2;189;106;0m▀[38;2;189;106;0;48;2;131;41;0m▀[38;2;189;106;0;48;2;213;148;82m▀[38;2;213;148;82;48;2;213;148;82m▀[38;2;213;148;82;48;2;189;106;0m▀[38;2;213;148;82;48;2;131;41;0m▀[38;2;213;148;82;48;2;131;41;0m▀[38;2;213;148;82;48;2;131;41;0m▀[38;2;213;148;82;48;2;131;41;0m▀[38;2;213;148;82;48;2;131;41;0m▀[38;2;213;148;82;48;2;131;41;0m▀[38;2;131;41;0;48;2;255;255;255m▀[38;2;131;41;0;48;2;255;255;255m▀[38;2;131;41;0;48;2;255;255;255m▀[38;2;131;41;0;48;2;255;255;255m▀[38;2;131;41;0;48;2;205;205;213m▀[38;2;22;22;22;48;2;205;205;213m▀[38;2;22;22;22;48;2;205;205;213m▀[38;2;22;22;22;48;2;205;205;213m▀[38;2;22;22;22;48;2;205;205;213m▀[38;2;22;22;22;48;2;205;205;213m▀[38;2;131;41;0;48;2;0;0;0m▀[38;2;0;0;0;48;2;0;0;0m▀[38;2;0;0;0;48;2;0;0;0m▀[38;2;0;0;0;48;2;0;0;0m▀[38;2;0;0;0;48;2;0;0;0m▀[38;2;0;0;0;48;2;0;0;0m▀[38;2;0;0;0;48;2;131;41;0m▀[38;2;0;0;0;48;2;22;22;22m▀[38;2;0;0;0m▄[0m [0m [0m [0m [0m [0m [0m [0m [0m [0m [0m [0m [0m
[0m [0m [0m [0m [0m [0m [0m [0m [0m [0m [0m [38;2;0;0;0;48;2;0;0;0m▀[38;2;0;0;0;48;2;0;0;0m▀[38;2;0;0;0;48;2;0;0;0m▀[38;2;189;106;0;48;2;189;106;0m▀[38;2;189;106;0;48;2;189;106;0m▀[38;2;189;106;0;48;2;189;106;0m▀[38;2;131;41;0;48;2;131;41;0m▀[38;2;189;106;0;48;2;189;106;0m▀[38;2;131;41;0;48;2;131;41;0m▀[38;2;131;41;0;48;2;131;41;0m▀[38;2;255;255;255;48;2;255;255;255m▀[38;2;255;255;255;48;2;255;255;255m▀[38;2;255;255;255;48;2;255;255;255m▀[38;2;255;255;255;48;2;255;255;255m▀[38;2;255;255;255;48;2;255;255;255m▀[38;2;255;255;255;48;2;255;255;255m▀[38;2;255;255;255;48;2;255;255;255m▀[38;2;205;205;213;48;2;205;205;213m▀[38;2;205;205;213;48;2;205;205;213m▀[38;2;0;0;0;48;2;0;0;0m▀[38;2;0;0;0;48;2;0;0;0m▀[38;2;0;0;0;48;2;0;0;0m▀[38;2;0;0;0;48;2;0;0;0m▀[38;2;205;205;213;48;2;205;205;213m▀[38;2;205;205;213;48;2;205;205;213m▀[38;2;0;0;0;48;2;0;0;0m▀[38;2;0;0;0;48;2;0;0;0m▀[38;2;0;0;0;48;2;0;0;0m▀[38;2;0;0;0;48;2;0;0;0m▀[38;2;0;0;0;48;2;0;0;0m▀[38;2;0;0;0;48;2;0;0;0m▀[38;2;0;0;0;48;2;0;0;0m▀[38;2;119;119;119;48;2;119;119;119m▀[38;2;131;41;0;48;2;131;41;0m▀[38;2;22;22;22;48;2;22;22;22m▀[38;2;0;0;0;48;2;0;0;0m▀[0m [0m [38;2;0;0;0m▄[38;2;0;0;0m▄[0m [0m [0m [0m [0m [0m [0m [0m
[0m [0m [0m [0m [0m [0m [0m [0m [0m [0m [0m [38;2;0;0;0;48;2;0;0;0m▀[38;2;0;0;0;48;2;131;41;0m▀[38;2;0;0;0;48;2;0;0;0m▀[38;2;0;0;0;48;2;0;0;0m▀[38;2;0;0;0;48;2;0;0;0m▀[38;2;0;0;0;48;2;0;0;0m▀[38;2;189;106;0;48;2;16;16;16m▀[38;2;131;41;0;48;2;0;0;0m▀[38;2;255;255;255;48;2;255;255;255m▀[38;2;255;255;255;48;2;205;205;213m▀[38;2;255;255;255;48;2;0;0;0m▀[38;2;205;205;213;48;2;0;0;0m▀[38;2;205;205;213;48;2;0;0;0m▀[38;2;0;0;0;48;2;139;197;205m▀[38;2;0;0;0;48;2;139;197;205m▀[38;2;0;0;0;48;2;139;197;205m▀[38;2;0;0;0;48;2;139;197;205m▀[38;2;0;0;0;48;2;139;197;205m▀[38;2;0;0;0;48;2;139;197;205m▀[38;2;139;197;205;48;2;139;197;205m▀[38;2;139;197;205;48;2;139;197;205m▀[38;2;139;197;205;48;2;0;0;0m▀[38;2;139;197;205;48;2;0;0;0m▀[38;2;0;0;0;48;2;0;0;0m▀[38;2;0;0;0;48;2;0;0;0m▀[38;2;0;0;0;48;2;0;0;0m▀[38;2;0;0;0;48;2;0;0;0m▀[38;2;0;0;0;48;2;0;0;0m▀[38;2;0;0;0;48;2;0;0;0m▀[38;2;0;0;0;48;2;0;0;0m▀[38;2;22;22;22;48;2;22;22;22m▀[38;2;22;22;22;48;2;22;22;22m▀[38;2;119;119;119;48;2;22;22;22m▀[38;2;119;119;119;48;2;119;119;119m▀[38;2;22;22;22;48;2;22;22;22m▀[38;2;0;0;0;48;2;0;0;0m▀[38;2;0;0;0;48;2;205;123;41m▀[38;2;0;0;0;48;2;205;123;41m▀[38;2;205;123;41;48;2;255;213;106m▀[38;2;205;123;41;48;2;255;213;106m▀[38;2;0;0;0;48;2;189;106;0m▀[38;2;0;0;0m▄[38;2;0;0;0m▄[0m [0m [0m [0m [0m
[0m [0m [0m [0m [0m [0m [0m [0m [0m [0m [38;2;0;0;0m▄[38;2;0;0;0;48;2;131;41;0m▀[38;2;131;41;0;48;2;189;106;0m▀[38;2;189;106;0;48;2;189;106;0m▀[38;2;0;0;0;48;2;131;41;0m▀[38;2;0;0;0;48;2;0;0;0m▀[38;2;0;0;0;48;2;0;0;0m▀[38;2;0;0;0;48;2;0;0;0m▀[38;2;0;0;0;48;2;0;0;0m▀[38;2;0;0;0;48;2;255;255;255m▀[38;2;0;0;0;48;2;0;0;0m▀[38;2;139;197;205;48;2;0;0;0m▀[38;2;139;197;205;48;2;0;0;0m▀[38;2;139;197;205;48;2;0;0;0m▀[38;2;139;197;205;48;2;16;16;16m▀[38;2;139;197;205;48;2;139;197;205m▀[38;2;139;197;205;48;2;139;197;205m▀[38;2;139;197;205;48;2;139;197;205m▀[38;2;139;197;205;48;2;0;0;0m▀[38;2;139;197;205;48;2;0;0;0m▀[38;2;139;197;205;48;2;0;0;0m▀[38;2;0;0;0;48;2;0;0;0m▀[38;2;255;255;255;48;2;255;255;255m▀[38;2;205;205;213;48;2;255;255;255m▀[38;2;0;0;0;48;2;205;205;213m▀[38;2;0;0;0;48;2;205;205;213m▀[38;2;205;205;213;48;2;0;0;0m▀[38;2;0;0;0;48;2;205;205;213m▀[38;2;0;0;0;48;2;0;0;0m▀[38;2;0;0;0;48;2;0;0;0m▀[38;2;0;0;0;48;2;22;22;22m▀[38;2;90;156;164;48;2;90;156;164m▀[38;2;90;156;164;48;2;90;156;164m▀[38;2;90;156;164;48;2;90;156;164m▀[38;2;22;22;22;48;2;205;123;41m▀[38;2;0;0;0;48;2;0;0;0m▀[38;2;0;0;0;48;2;205;123;41m▀[38;2;205;123;41;48;2;255;213;106m▀[38;2;205;123;41;48;2;255;213;106m▀[38;2;255;213;106;48;2;230;172;90m▀[38;2;189;106;0;48;2;189;106;0m▀[38;2;205;123;41;48;2;255;213;106m▀[38;2;205;123;41;48;2;255;213;106m▀[38;2;205;123;41;48;2;255;213;106m▀[38;2;0;0;0;48;2;189;106;0m▀[38;2;0;0;0;48;2;189;106;0m▀[38;2;0;0;0m▄[0m [0m
[0m [0m [0m [0m [0m [0m [0m [0m [0m [38;2;0;0;0m▄[38;2;0;0;0;48;2;0;0;0m▀[38;2;131;41;0;48;2;131;41;0m▀[38;2;189;106;0;48;2;189;106;0m▀[38;2;131;41;0;48;2;131;41;0m▀[38;2;255;255;255;48;2;255;255;255m▀[38;2;0;0;0;48;2;0;0;0m▀[38;2;0;0;0;48;2;0;0;0m▀[38;2;0;0;0;48;2;0;0;0m▀[38;2;0;0;0;48;2;0;0;0m▀[38;2;119;119;119;48;2;119;119;119m▀[38;2;255;255;255;48;2;255;255;255m▀[38;2;255;255;255;48;2;255;255;255m▀[38;2;0;0;0;48;2;0;0;0m▀[38;2;0;0;0;48;2;0;0;0m▀[38;2;0;0;0;48;2;0;0;0m▀[38;2;0;0;0;48;2;0;0;0m▀[38;2;0;0;0;48;2;0;0;0m▀[38;2;0;0;0;48;2;0;0;0m▀[38;2;0;0;0;48;2;0;0;0m▀[38;2;0;0;0;48;2;0;0;0m▀[38;2;0;0;0;48;2;0;0;0m▀[38;2;0;0;0;48;2;0;0;0m▀[38;2;119;119;119;48;2;119;119;119m▀[38;2;255;255;255;48;2;255;255;255m▀[38;2;255;255;255;48;2;255;255;255m▀[38;2;255;255;255;48;2;255;255;255m▀[38;2;205;205;213;48;2;205;205;213m▀[38;2;0;0;0;48;2;0;0;0m▀[38;2;0;0;0;48;2;0;0;0m▀[38;2;0;0;0;48;2;0;0;0m▀[38;2;90;156;164;48;2;90;156;164m▀[38;2;90;156;164;48;2;90;156;164m▀[38;2;90;156;164;48;2;90;156;164m▀[38;2;205;123;41;48;2;205;123;41m▀[38;2;255;213;106;48;2;255;213;106m▀[38;2;205;123;41;48;2;205;123;41m▀[38;2;255;213;106;48;2;255;213;106m▀[38;2;230;172;90;48;2;230;172;90m▀[38;2;230;172;90;48;2;230;172;90m▀[38;2;230;172;90;48;2;230;172;90m▀[38;2;255;213;106;48;2;255;213;106m▀[38;2;230;172;90;48;2;230;172;90m▀[38;2;230;172;90;48;2;230;172;90m▀[38;2;189;106;0;48;2;189;106;0m▀[38;2;0;0;0;48;2;0;0;0m▀[38;2;0;0;0m▀[0m [0m [0m
[0m [0m [0m [0m [0m [0m [0m [38;2;0;0;0m▄[38;2;0;0;0;48;2;205;123;41m▀[38;2;205;123;41;48;2;255;213;106m▀[38;2;205;123;41;48;2;255;213;106m▀[38;2;205;123;41;48;2;230;172;90m▀[38;2;131;41;0;48;2;205;123;41m▀[38;2;255;255;255;48;2;0;0;0m▀[38;2;205;205;213;48;2;205;205;213m▀[38;2;205;205;213;48;2;0;0;0m▀[38;2;205;205;213;48;2;0;0;0m▀[38;2;205;205;213;48;2;0;0;0m▀[38;2;0;0;0;48;2;139;197;205m▀[38;2;0;0;0;48;2;0;0;0m▀[38;2;119;119;119;48;2;0;0;0m▀[38;2;255;255;255;48;2;119;119;119m▀[38;2;255;255;255;48;2;255;255;255m▀[38;2;255;255;255;48;2;255;255;255m▀[38;2;205;205;213;48;2;255;255;255m▀[38;2;0;0;0;48;2;205;205;213m▀[38;2;205;205;213;48;2;16;16;16m▀[38;2;0;0;0;48;2;205;205;213m▀[38;2;0;0;0;48;2;0;0;0m▀[38;2;0;0;0;48;2;0;0;0m▀[38;2;0;0;0;48;2;0;0;0m▀[38;2;0;0;0;48;2;0;0;0m▀[38;2;0;0;0;48;2;0;0;0m▀[38;2;119;119;119;48;2;0;0;0m▀[38;2;255;255;255;48;2;0;0;0m▀[38;2;255;255;255;48;2;0;0;0m▀[38;2;0;0;0;48;2;0;0;0m▀[38;2;0;0;0;48;2;131;41;0m▀[38;2;131;41;0;48;2;131;41;0m▀[38;2;131;41;0;48;2;131;41;0m▀[38;2;22;22;22;48;2;22;22;22m▀[38;2;90;156;164;48;2;90;156;164m▀[38;2;90;156;164;48;2;90;156;164m▀[38;2;189;106;0;48;2;189;106;0m▀[38;2;230;172;90;48;2;230;172;90m▀[38;2;230;172;90;48;2;189;106;0m▀[38;2;230;172;90;48;2;189;106;0m▀[38;2;189;106;0;48;2;0;0;0m▀[38;2;189;106;0;48;2;0;0;0m▀[38;2;230;172;90;48;2;189;106;0m▀[38;2;230;172;90;48;2;230;172;90m▀[38;2;205;123;41;48;2;255;213;106m▀[38;2;189;106;0;48;2;205;123;41m▀[38;2;0;0;0;48;2;0;0;0m▀[0m [0m [0m [0m [0m
[0m [0m [0m [0m [0m [0m [38;2;0;0;0m▄[38;2;0;0;0;48;2;205;123;41m▀[38;2;0;0;0;48;2;205;123;41m▀[38;2;205;123;41;48;2;205;123;41m▀[38;2;205;123;41;48;2;205;123;41m▀[38;2;255;213;106;48;2;255;213;106m▀[38;2;205;123;41;48;2;230;172;90m▀[38;2;0;0;0;48;2;205;123;41m▀[38;2;0;0;0;48;2;205;123;41m▀[38;2;41;115;131;48;2;205;123;41m▀[38;2;41;115;131;48;2;205;123;41m▀[38;2;139;197;205;48;2;139;197;205m▀[38;2;139;197;205;48;2;139;197;205m▀[38;2;139;197;205;48;2;139;197;205m▀[38;2;0;0;0;48;2;41;115;131m▀[38;2;0;0;0;48;2;0;0;0m▀[38;2;119;119;119;48;2;0;0;0m▀[38;2;119;119;119;48;2;0;0;0m▀[38;2;255;255;255;48;2;119;119;119m▀[38;2;255;255;255;48;2;255;255;255m▀[38;2;205;205;213;48;2;255;255;255m▀[38;2;0;0;0;48;2;0;0;0m▀[38;2;0;0;0;48;2;205;123;41m▀[38;2;0;0;0;48;2;205;123;41m▀[38;2;205;123;41;48;2;205;123;41m▀[38;2;205;123;41;48;2;205;123;41m▀[38;2;0;0;0;48;2;205;123;41m▀[38;2;0;0;0;48;2;0;0;0m▀[38;2;0;0;0;48;2;205;123;41m▀[38;2;0;0;0;48;2;205;123;41m▀[38;2;205;123;41;48;2;205;123;41m▀[38;2;131;41;0;48;2;205;123;41m▀[38;2;131;41;0;48;2;131;41;0m▀[38;2;131;41;0;48;2;22;22;22m▀[38;2;22;22;22;48;2;90;156;164m▀[38;2;90;156;164;48;2;90;156;164m▀[38;2;90;156;164;48;2;90;156;164m▀[38;2;90;156;164;48;2;22;22;22m▀[38;2;189;106;0;48;2;0;0;0m▀[38;2;0;0;0m▀[38;2;0;0;0m▀[0m [0m [38;2;0;0;0m▀[38;2;189;106;0;48;2;0;0;0m▀[38;2;230;172;90;48;2;189;106;0m▀[38;2;255;213;106;48;2;189;106;0m▀[38;2;205;123;41;48;2;0;0;0m▀[38;2;0;0;0m▀[0m [0m [0m [0m
[0m [0m [0m [0m [0m [38;2;0;0;0;48;2;0;0;0m▀[38;2;205;123;41;48;2;205;123;41m▀[38;2;22;22;22;48;2;22;22;22m▀[38;2;22;22;22;48;2;22;22;22m▀[38;2;22;22;22;48;2;22;22;22m▀[38;2;22;22;22;48;2;22;22;22m▀[38;2;22;22;22;48;2;22;22;22m▀[38;2;255;213;106;48;2;255;213;106m▀[38;2;255;213;106;48;2;255;213;106m▀[38;2;255;213;106;48;2;255;213;106m▀[38;2;255;213;106;48;2;255;213;106m▀[38;2;255;213;106;48;2;255;213;106m▀[38;2;205;123;41;48;2;205;123;41m▀[38;2;139;197;205;48;2;139;197;205m▀[38;2;41;115;131;48;2;41;115;131m▀[38;2;131;41;0;48;2;131;41;0m▀[38;2;131;41;0;48;2;131;41;0m▀[38;2;205;123;41;48;2;205;123;41m▀[38;2;205;123;41;48;2;205;123;41m▀[38;2;0;0;0;48;2;0;0;0m▀[38;2;0;0;0;48;2;0;0;0m▀[38;2;0;0;0;48;2;0;0;0m▀[38;2;0;0;0;48;2;0;0;0m▀[38;2;205;123;41;48;2;205;123;41m▀[38;2;205;123;41;48;2;205;123;41m▀[38;2;205;123;41;48;2;205;123;41m▀[38;2;205;123;41;48;2;205;123;41m▀[38;2;205;123;41;48;2;205;123;41m▀[38;2;205;123;41;48;2;205;123;41m▀[38;2;205;123;41;48;2;205;123;41m▀[38;2;205;123;41;48;2;205;123;41m▀[38;2;205;123;41;48;2;205;123;41m▀[38;2;205;123;41;48;2;205;123;41m▀[38;2;131;41;0;48;2;131;41;0m▀[38;2;22;22;22;48;2;22;22;22m▀[38;2;90;156;164;48;2;90;156;164m▀[38;2;90;156;164;48;2;90;156;164m▀[38;2;90;156;164;48;2;90;156;164m▀[38;2;22;22;22;48;2;22;22;22m▀[38;2;0;0;0;48;2;0;0;0m▀[0m [0m [0m [0m [0m [0m [38;2;0;0;0m▀[38;2;0;0;0m▀[0m [0m [0m [0m [0m [0m
[0m [0m [0m [0m [38;2;0;0;0m▄[38;2;0;0;0;48;2;230;172;90m▀[38;2;230;172;90;48;2;255;213;106m▀[38;2;255;213;106;48;2;255;230;156m▀[38;2;255;213;106;48;2;255;230;156m▀[38;2;255;213;106;48;2;255;230;156m▀[38;2;255;213;106;48;2;255;230;156m▀[38;2;255;213;106;48;2;255;230;156m▀[38;2;22;22;22;48;2;255;213;106m▀[38;2;189;106;0;48;2;22;22;22m▀[38;2;230;172;90;48;2;189;106;0m▀[38;2;230;172;90;48;2;189;106;0m▀[38;2;230;172;90;48;2;189;106;0m▀[38;2;230;172;90;48;2;230;172;90m▀[38;2;189;106;0;48;2;189;106;0m▀[38;2;41;115;131;48;2;139;197;205m▀[38;2;131;41;0;48;2;90;156;164m▀[38;2;131;41;0;48;2;131;41;0m▀[38;2;205;123;41;48;2;131;41;0m▀[38;2;205;123;41;48;2;131;41;0m▀[38;2;205;123;41;48;2;205;123;41m▀[38;2;205;123;41;48;2;205;123;41m▀[38;2;0;0;0;48;2;205;123;41m▀[38;2;205;123;41;48;2;205;123;41m▀[38;2;205;123;41;48;2;205;123;41m▀[38;2;205;123;41;48;2;205;123;41m▀[38;2;205;123;41;48;2;205;123;41m▀[38;2;205;123;41;48;2;205;123;41m▀[38;2;205;123;41;48;2;205;123;41m▀[38;2;205;123;41;48;2;205;123;41m▀[38;2;205;123;41;48;2;205;123;41m▀[38;2;205;123;41;48;2;205;123;41m▀[38;2;205;123;41;48;2;131;41;0m▀[38;2;131;41;0;48;2;41;115;131m▀[38;2;41;115;131;48;2;90;156;164m▀[38;2;90;156;164;48;2;90;156;164m▀[38;2;90;156;164;48;2;90;156;164m▀[38;2;22;22;22;48;2;22;22;22m▀[38;2;22;22;22;48;2;22;22;22m▀[38;2;0;0;0;48;2;0;0;0m▀[0m [0m [38;2;0;0;0m▄[38;2;0;0;0m▄[38;2;0;0;0m▄[38;2;0;0;0;48;2;41;115;131m▀[38;2;0;0;0;48;2;41;115;131m▀[38;2;0;0;0;48;2;41;115;131m▀[38;2;0;0;0;48;2;41;115;131m▀[38;2;0;0;0;48;2;41;115;131m▀[38;2;0;0;0m▄[38;2;0;0;0m▄[0m [0m [0m
[0m [38;2;0;0;0m▄[38;2;0;0;0;48;2;230;172;90m▀[38;2;0;0;0;48;2;230;172;90m▀[38;2;230;172;90;48;2;255;213;106m▀[38;2;255;213;106;48;2;255;230;156m▀[38;2;255;230;156;48;2;255;230;156m▀[38;2;255;230;156;48;2;255;230;156m▀[38;2;255;230;156;48;2;255;213;106m▀[38;2;255;230;156;48;2;255;213;106m▀[38;2;255;230;156;48;2;255;213;106m▀[38;2;255;230;156;48;2;255;230;156m▀[38;2;255;230;156;48;2;255;230;156m▀[38;2;230;172;90;48;2;255;213;106m▀[38;2;22;22;22;48;2;189;106;0m▀[38;2;0;0;0;48;2;230;172;90m▀[38;2;0;0;0;48;2;230;172;90m▀[38;2;189;106;0;48;2;0;0;0m▀[38;2;139;197;205;48;2;41;115;131m▀[38;2;139;197;205;48;2;139;197;205m▀[38;2;139;197;205;48;2;139;197;205m▀[38;2;90;156;164;48;2;139;197;205m▀[38;2;90;156;164;48;2;139;197;205m▀[38;2;90;156;164;48;2;139;197;205m▀[38;2;131;41;0;48;2;90;156;164m▀[38;2;205;123;41;48;2;90;156;164m▀[38;2;205;123;41;48;2;205;123;41m▀[38;2;205;123;41;48;2;205;123;41m▀[38;2;205;123;41;48;2;205;123;41m▀[38;2;205;123;41;48;2;205;123;41m▀[38;2;205;123;41;48;2;205;123;41m▀[38;2;205;123;41;48;2;205;123;41m▀[38;2;205;123;41;48;2;41;115;131m▀[38;2;205;123;41;48;2;41;115;131m▀[38;2;41;115;131;48;2;90;156;164m▀[38;2;41;115;131;48;2;90;156;164m▀[38;2;41;115;131;48;2;90;156;164m▀[38;2;90;156;164;48;2;90;156;164m▀[38;2;90;156;164;48;2;90;156;164m▀[38;2;90;156;164;48;2;22;22;22m▀[38;2;22;22;22;48;2;0;0;0m▀[38;2;0;0;0m▀[38;2;0;0;0m▀[0m [38;2;0;0;0m▄[38;2;0;0;0;48;2;41;115;131m▀[38;2;41;115;131;48;2;139;197;205m▀[38;2;41;115;131;48;2;139;197;205m▀[38;2;41;115;131;48;2;139;197;205m▀[38;2;139;197;205;48;2;139;197;205m▀[38;2;139;197;205;48;2;139;197;205m▀[38;2;139;197;205;48;2;139;197;205m▀[38;2;139;197;205;48;2;139;197;205m▀[38;2;139;197;205;48;2;139;197;205m▀[38;2;22;22;22;48;2;139;197;205m▀[38;2;22;22;22;48;2;139;197;205m▀[38;2;0;0;0;48;2;22;22;22m▀[38;2;0;0;0m▄[0m
[0m [38;2;0;0;0;48;2;0;0;0m▀[38;2;230;172;90;48;2;230;172;90m▀[38;2;230;172;90;48;2;230;172;90m▀[38;2;255;230;156;48;2;255;230;156m▀[38;2;255;230;156;48;2;255;230;156m▀[38;2;255;230;156;48;2;255;230;156m▀[38;2;255;213;106;48;2;255;213;106m▀[38;2;255;213;106;48;2;255;213;106m▀[38;2;255;213;106;48;2;255;213;106m▀[38;2;255;213;106;48;2;255;213;106m▀[38;2;255;213;106;48;2;255;213;106m▀[38;2;255;213;106;48;2;255;213;106m▀[38;2;255;230;156;48;2;255;230;156m▀[38;2;255;213;106;48;2;255;213;106m▀[38;2;189;106;0;48;2;189;106;0m▀[38;2;189;106;0;48;2;189;106;0m▀[38;2;230;172;90;48;2;230;172;90m▀[38;2;0;0;0;48;2;0;0;0m▀[38;2;41;115;131;48;2;41;115;131m▀[38;2;41;115;131;48;2;41;115;131m▀[38;2;139;197;205;48;2;139;197;205m▀[38;2;139;197;205;48;2;139;197;205m▀[38;2;139;197;205;48;2;139;197;205m▀[38;2;139;197;205;48;2;139;197;205m▀[38;2;139;197;205;48;2;139;197;205m▀[38;2;41;115;131;48;2;41;115;131m▀[38;2;41;115;131;48;2;41;115;131m▀[38;2;41;115;131;48;2;41;115;131m▀[38;2;41;115;131;48;2;41;115;131m▀[38;2;41;115;131;48;2;41;115;131m▀[38;2;41;115;131;48;2;41;115;131m▀[38;2;90;156;164;48;2;90;156;164m▀[38;2;90;156;164;48;2;90;156;164m▀[38;2;90;156;164;48;2;90;156;164m▀[38;2;90;156;164;48;2;90;156;164m▀[38;2;90;156;164;48;2;90;156;164m▀[38;2;22;22;22;48;2;22;22;22m▀[38;2;22;22;22;48;2;22;22;22m▀[38;2;0;0;0;48;2;0;0;0m▀[0m [0m [0m [38;2;0;0;0;48;2;0;0;0m▀[38;2;41;115;131;48;2;41;115;131m▀[38;2;139;197;205;48;2;139;197;205m▀[38;2;139;197;205;48;2;139;197;205m▀[38;2;139;197;205;48;2;139;197;205m▀[38;2;139;197;205;48;2;139;197;205m▀[38;2;139;197;205;48;2;139;197;205m▀[38;2;139;197;205;48;2;139;197;205m▀[38;2;139;197;205;48;2;139;197;205m▀[38;2;139;197;205;48;2;139;197;205m▀[38;2;139;197;205;48;2;139;197;205m▀[38;2;139;197;205;48;2;139;197;205m▀[38;2;139;197;205;48;2;139;197;205m▀[38;2;22;22;22;48;2;22;22;22m▀[38;2;0;0;0;48;2;0;0;0m▀[0m
[38;2;0;0;0;48;2;0;0;0m▀[38;2;230;172;90;48;2;230;172;90m▀[38;2;255;213;106;48;2;255;230;156m▀[38;2;255;213;106;48;2;255;230;156m▀[38;2;230;172;90;48;2;205;123;41m▀[38;2;255;230;156;48;2;255;213;106m▀[38;2;255;213;106;48;2;255;213;106m▀[38;2;255;213;106;48;2;255;213;106m▀[38;2;255;213;106;48;2;255;213;106m▀[38;2;255;213;106;48;2;255;213;106m▀[38;2;255;213;106;48;2;255;213;106m▀[38;2;255;213;106;48;2;255;213;106m▀[38;2;255;213;106;48;2;22;22;22m▀[38;2;205;123;41;48;2;22;22;22m▀[38;2;255;213;106;48;2;22;22;22m▀[38;2;255;213;106;48;2;22;22;22m▀[38;2;255;213;106;48;2;22;22;22m▀[38;2;189;106;0;48;2;255;213;106m▀[38;2;230;172;90;48;2;189;106;0m▀[38;2;0;0;0;48;2;230;172;90m▀[38;2;0;0;0;48;2;0;0;0m▀[38;2;41;115;131;48;2;0;0;0m▀[38;2;41;115;131;48;2;0;0;0m▀[38;2;41;115;131;48;2;0;0;0m▀[38;2;41;115;131;48;2;0;0;0m▀[38;2;90;156;164;48;2;41;115;131m▀[38;2;90;156;164;48;2;41;115;131m▀[38;2;90;156;164;48;2;41;115;131m▀[38;2;90;156;164;48;2;90;156;164m▀[38;2;90;156;164;48;2;90;156;164m▀[38;2;90;156;164;48;2;90;156;164m▀[38;2;90;156;164;48;2;90;156;164m▀[38;2;90;156;164;48;2;22;22;22m▀[38;2;90;156;164;48;2;22;22;22m▀[38;2;22;22;22;48;2;0;0;0m▀[38;2;22;22;22;48;2;0;0;0m▀[38;2;22;22;22;48;2;0;0;0m▀[38;2;0;0;0m▀[38;2;0;0;0m▀[0m [0m [0m [38;2;0;0;0m▄[38;2;0;0;0;48;2;41;115;131m▀[38;2;41;115;131;48;2;139;197;205m▀[38;2;139;197;205;48;2;139;197;205m▀[38;2;139;197;205;48;2;139;197;205m▀[38;2;139;197;205;48;2;139;197;205m▀[38;2;139;197;205;48;2;139;197;205m▀[38;2;139;197;205;48;2;41;115;131m▀[38;2;139;197;205;48;2;41;115;131m▀[38;2;139;197;205;48;2;41;115;131m▀[38;2;139;197;205;48;2;139;197;205m▀[38;2;139;197;205;48;2;139;197;205m▀[38;2;90;156;164;48;2;90;156;164m▀[38;2;90;156;164;48;2;90;156;164m▀[38;2;90;156;164;48;2;90;156;164m▀[38;2;22;22;22;48;2;22;22;22m▀[0m
[38;2;0;0;0;48;2;230;172;90m▀[38;2;230;172;90;48;2;255;213;106m▀[38;2;255;230;156;48;2;255;230;156m▀[38;2;255;230;156;48;2;255;230;156m▀[38;2;205;123;41;48;2;205;123;41m▀[38;2;255;213;106;48;2;255;213;106m▀[38;2;255;213;106;48;2;255;213;106m▀[38;2;255;213;106;48;2;255;213;106m▀[38;2;255;213;106;48;2;255;213;106m▀[38;2;255;213;106;48;2;22;22;22m▀[38;2;255;213;106;48;2;22;22;22m▀[38;2;22;22;22;48;2;131;41;0m▀[38;2;131;41;0;48;2;189;106;0m▀[38;2;22;22;22;48;2;22;22;22m▀[38;2;22;22;22;48;2;205;205;213m▀[38;2;131;41;0;48;2;22;22;22m▀[38;2;131;41;0;48;2;22;22;22m▀[38;2;22;22;22;48;2;131;41;0m▀[38;2;255;213;106;48;2;22;22;22m▀[38;2;189;106;0;48;2;255;213;106m▀[38;2;230;172;90;48;2;189;106;0m▀[38;2;0;0;0;48;2;230;172;90m▀[38;2;41;115;131;48;2;139;197;205m▀[38;2;41;115;131;48;2;139;197;205m▀[38;2;41;115;131;48;2;139;197;205m▀[38;2;0;0;0;48;2;41;115;131m▀[38;2;0;0;0;48;2;41;115;131m▀[38;2;33;33;33;48;2;33;33;33m▀[38;2;90;156;164;48;2;90;156;164m▀[38;2;90;156;164;48;2;90;156;164m▀[38;2;90;156;164;48;2;139;197;205m▀[38;2;139;197;205;48;2;213;148;82m▀[38;2;213;148;82;48;2;139;197;205m▀[38;2;205;123;41;48;2;90;156;164m▀[38;2;22;22;22;48;2;90;156;164m▀[38;2;22;22;22;48;2;90;156;164m▀[38;2;0;0;0;48;2;22;22;22m▀[38;2;0;0;0m▄[0m [0m [38;2;0;0;0m▄[38;2;0;0;0;48;2;41;115;131m▀[38;2;0;0;0;48;2;41;115;131m▀[38;2;41;115;131;48;2;139;197;205m▀[38;2;139;197;205;48;2;139;197;205m▀[38;2;139;197;205;48;2;139;197;205m▀[38;2;139;197;205;48;2;139;197;205m▀[38;2;41;115;131;48;2;41;115;131m▀[38;2;41;115;131;48;2;41;115;131m▀[38;2;139;197;205;48;2;139;197;205m▀[38;2;139;197;205;48;2;90;156;164m▀[38;2;139;197;205;48;2;90;156;164m▀[38;2;41;115;131;48;2;22;22;22m▀[38;2;90;156;164;48;2;90;156;164m▀[38;2;90;156;164;48;2;90;156;164m▀[38;2;90;156;164;48;2;90;156;164m▀[38;2;90;156;164;48;2;90;156;164m▀[38;2;22;22;22;48;2;16;16;16m▀[0m
[38;2;230;172;90;48;2;230;172;90m▀[38;2;255;213;106;48;2;255;213;106m▀[38;2;255;213;106;48;2;255;213;106m▀[38;2;255;213;106;48;2;255;213;106m▀[38;2;255;213;106;48;2;255;213;106m▀[38;2;205;123;41;48;2;205;123;41m▀[38;2;255;213;106;48;2;255;213;106m▀[38;2;255;213;106;48;2;255;213;106m▀[38;2;255;213;106;48;2;255;213;106m▀[38;2;22;22;22;48;2;22;22;22m▀[38;2;22;22;22;48;2;22;22;22m▀[38;2;189;106;0;48;2;189;106;0m▀[38;2;189;106;0;48;2;189;106;0m▀[38;2;22;22;22;48;2;22;22;22m▀[38;2;119;119;119;48;2;119;119;119m▀[38;2;205;205;213;48;2;205;205;213m▀[38;2;205;205;213;48;2;205;205;213m▀[38;2;22;22;22;48;2;22;22;22m▀[38;2;22;22;22;48;2;22;22;22m▀[38;2;255;230;156;48;2;255;230;156m▀[38;2;255;213;106;48;2;255;213;106m▀[38;2;189;106;0;48;2;189;106;0m▀[38;2;230;172;90;48;2;230;172;90m▀[38;2;230;172;90;48;2;230;172;90m▀[38;2;90;156;164;48;2;90;156;164m▀[38;2;139;197;205;48;2;139;197;205m▀[38;2;139;197;205;48;2;139;197;205m▀[38;2;41;115;131;48;2;41;115;131m▀[38;2;90;156;164;48;2;90;156;164m▀[38;2;90;156;164;48;2;90;156;164m▀[38;2;90;156;164;48;2;90;156;164m▀[38;2;139;197;205;48;2;139;197;205m▀[38;2;139;197;205;48;2;139;197;205m▀[38;2;213;148;82;48;2;213;148;82m▀[38;2;205;123;41;48;2;205;123;41m▀[38;2;205;123;41;48;2;205;123;41m▀[38;2;90;156;164;48;2;90;156;164m▀[38;2;22;22;22;48;2;22;22;22m▀[38;2;0;0;0;48;2;0;0;0m▀[0m [38;2;0;0;0;48;2;0;0;0m▀[38;2;41;115;131;48;2;41;115;131m▀[38;2;41;115;131;48;2;41;115;131m▀[38;2;139;197;205;48;2;139;197;205m▀[38;2;139;197;205;48;2;139;197;205m▀[38;2;139;197;205;48;2;139;197;205m▀[38;2;90;156;164;48;2;90;156;164m▀[38;2;22;22;22;48;2;22;22;22m▀[38;2;22;22;22;48;2;22;22;22m▀[38;2;90;156;164;48;2;90;156;164m▀[38;2;90;156;164;48;2;90;156;164m▀[38;2;22;22;22;48;2;22;22;22m▀[38;2;90;156;164;48;2;90;156;164m▀[38;2;90;156;164;48;2;90;156;164m▀[38;2;90;156;164;48;2;90;156;164m▀[38;2;90;156;164;48;2;90;156;164m▀[38;2;22;22;22;48;2;22;22;22m▀[38;2;0;0;0;48;2;0;0;0m▀[0m
[38;2;230;172;90;48;2;230;172;90m▀[38;2;255;213;106;48;2;255;213;106m▀[38;2;255;213;106;48;2;255;213;106m▀[38;2;255;213;106;48;2;255;213;106m▀[38;2;255;213;106;48;2;255;213;106m▀[38;2;205;123;41;48;2;255;213;106m▀[38;2;255;213;106;48;2;205;123;41m▀[38;2;255;213;106;48;2;41;115;131m▀[38;2;41;115;131;48;2;139;197;205m▀[38;2;22;22;22;48;2;22;22;22m▀[38;2;22;22;22;48;2;22;22;22m▀[38;2;189;106;0;48;2;131;41;0m▀[38;2;189;106;0;48;2;189;106;0m▀[38;2;189;106;0;48;2;131;41;0m▀[38;2;22;22;22;48;2;131;41;0m▀[38;2;22;22;22;48;2;131;41;0m▀[38;2;22;22;22;48;2;131;41;0m▀[38;2;131;41;0;48;2;131;41;0m▀[38;2;22;22;22;48;2;22;22;22m▀[38;2;255;230;156;48;2;205;123;41m▀[38;2;255;230;156;48;2;255;230;156m▀[38;2;255;213;106;48;2;255;230;156m▀[38;2;189;106;0;48;2;255;213;106m▀[38;2;189;106;0;48;2;255;213;106m▀[38;2;230;172;90;48;2;189;106;0m▀[38;2;90;156;164;48;2;230;172;90m▀[38;2;90;156;164;48;2;90;156;164m▀[38;2;90;156;164;48;2;90;156;164m▀[38;2;22;22;22;48;2;22;22;22m▀[38;2;22;22;22;48;2;22;22;22m▀[38;2;90;156;164;48;2;90;156;164m▀[38;2;139;197;205;48;2;139;197;205m▀[38;2;213;148;82;48;2;139;197;205m▀[38;2;139;197;205;48;2;139;197;205m▀[38;2;90;156;164;48;2;90;156;164m▀[38;2;90;156;164;48;2;90;156;164m▀[38;2;205;123;41;48;2;90;156;164m▀[38;2;22;22;22;48;2;22;22;22m▀[38;2;0;0;0;48;2;22;22;22m▀[38;2;0;0;0;48;2;22;22;22m▀[38;2;41;115;131;48;2;90;156;164m▀[38;2;139;197;205;48;2;90;156;164m▀[38;2;139;197;205;48;2;90;156;164m▀[38;2;90;156;164;48;2;90;156;164m▀[38;2;90;156;164;48;2;90;156;164m▀[38;2;90;156;164;48;2;90;156;164m▀[38;2;90;156;164;48;2;90;156;164m▀[38;2;22;22;22;48;2;90;156;164m▀[38;2;22;22;22;48;2;90;156;164m▀[38;2;90;156;164;48;2;22;22;22m▀[38;2;90;156;164;48;2;90;156;164m▀[38;2;90;156;164;48;2;90;156;164m▀[38;2;90;156;164;48;2;90;156;164m▀[38;2;90;156;164;48;2;22;22;22m▀[38;2;90;156;164;48;2;22;22;22m▀[38;2;90;156;164;48;2;22;22;22m▀[38;2;22;22;22;48;2;0;0;0m▀[38;2;0;0;0m▀[0m
[38;2;41;41;41;48;2;0;0;0m▀[38;2;230;172;90;48;2;189;106;0m▀[38;2;255;213;106;48;2;22;22;22m▀[38;2;255;213;106;48;2;22;22;22m▀[38;2;255;213;106;48;2;22;22;22m▀[38;2;255;213;106;48;2;41;115;131m▀[38;2;41;115;131;48;2;139;197;205m▀[38;2;139;197;205;48;2;90;156;164m▀[38;2;90;156;164;48;2;41;41;41m▀[38;2;90;156;164;48;2;41;41;41m▀[38;2;90;156;164;48;2;41;41;41m▀[38;2;22;22;22;48;2;90;156;164m▀[38;2;22;22;22;48;2;41;115;131m▀[38;2;131;41;0;48;2;22;22;22m▀[38;2;131;41;0;48;2;22;22;22m▀[38;2;131;41;0;48;2;22;22;22m▀[38;2;131;41;0;48;2;22;22;22m▀[38;2;22;22;22;48;2;230;172;90m▀[38;2;230;172;90;48;2;230;172;90m▀[38;2;230;172;90;48;2;205;123;41m▀[38;2;205;123;41;48;2;205;123;41m▀[38;2;255;230;156;48;2;205;123;41m▀[38;2;255;230;156;48;2;255;230;156m▀[38;2;255;230;156;48;2;255;230;156m▀[38;2;255;213;106;48;2;255;230;156m▀[38;2;189;106;0;48;2;255;213;106m▀[38;2;230;172;90;48;2;189;106;0m▀[38;2;90;156;164;48;2;230;172;90m▀[38;2;22;22;22;48;2;90;156;164m▀[38;2;22;22;22;48;2;90;156;164m▀[38;2;90;156;164;48;2;90;156;164m▀[38;2;90;156;164;48;2;90;156;164m▀[38;2;139;197;205;48;2;213;148;82m▀[38;2;213;148;82;48;2;90;156;164m▀[38;2;205;123;41;48;2;90;156;164m▀[38;2;205;123;41;48;2;90;156;164m▀[38;2;205;123;41;48;2;90;156;164m▀[38;2;22;22;22;48;2;22;22;22m▀[38;2;90;156;164;48;2;90;156;164m▀[38;2;90;156;164;48;2;90;156;164m▀[38;2;90;156;164;48;2;90;156;164m▀[38;2;90;156;164;48;2;22;22;22m▀[38;2;90;156;164;48;2;22;22;22m▀[38;2;90;156;164;48;2;22;22;22m▀[38;2;90;156;164;48;2;22;22;22m▀[38;2;90;156;164;48;2;22;22;22m▀[38;2;22;22;22;48;2;0;0;0m▀[38;2;22;22;22;48;2;0;0;0m▀[38;2;22;22;22;48;2;0;0;0m▀[38;2;0;0;0m▀[38;2;22;22;22;48;2;0;0;0m▀[38;2;22;22;22;48;2;0;0;0m▀[38;2;22;22;22;48;2;0;0;0m▀[38;2;0;0;0m▀[38;2;0;0;0m▀[38;2;0;0;0m▀[0m [0m [0m
[38;2;22;22;22;48;2;22;22;22m▀[38;2;131;41;0;48;2;131;41;0m▀[38;2;189;106;0;48;2;189;106;0m▀[38;2;189;106;0;48;2;189;106;0m▀[38;2;41;115;131;48;2;41;115;131m▀[38;2;139;197;205;48;2;139;197;205m▀[38;2;90;156;164;48;2;90;156;164m▀[38;2;41;41;41;48;2;41;41;41m▀[38;2;90;156;164;48;2;90;156;164m▀[38;2;41;41;41;48;2;41;41;41m▀[38;2;41;41;41;48;2;41;41;41m▀[38;2;90;156;164;48;2;90;156;164m▀[38;2;22;22;22;48;2;22;22;22m▀[38;2;230;172;90;48;2;230;172;90m▀[38;2;230;172;90;48;2;230;172;90m▀[38;2;230;172;90;48;2;230;172;90m▀[38;2;230;172;90;48;2;230;172;90m▀[38;2;230;172;90;48;2;230;172;90m▀[38;2;205;123;41;48;2;205;123;41m▀[38;2;230;172;90;48;2;230;172;90m▀[38;2;205;123;41;48;2;205;123;41m▀[38;2;230;172;90;48;2;230;172;90m▀[38;2;205;123;41;48;2;205;123;41m▀[38;2;205;123;41;48;2;205;123;41m▀[38;2;255;230;156;48;2;255;230;156m▀[38;2;255;230;156;48;2;255;230;156m▀[38;2;255;213;106;48;2;255;213;106m▀[38;2;189;106;0;48;2;189;106;0m▀[38;2;230;172;90;48;2;230;172;90m▀[38;2;230;172;90;48;2;230;172;90m▀[38;2;22;22;22;48;2;22;22;22m▀[38;2;22;22;22;48;2;22;22;22m▀[38;2;90;156;164;48;2;90;156;164m▀[38;2;90;156;164;48;2;90;156;164m▀[38;2;90;156;164;48;2;90;156;164m▀[38;2;90;156;164;48;2;90;156;164m▀[38;2;22;22;22;48;2;22;22;22m▀[38;2;0;0;0;48;2;0;0;0m▀[38;2;22;22;22;48;2;22;22;22m▀[38;2;22;22;22;48;2;22;22;22m▀[38;2;22;22;22;48;2;22;22;22m▀[38;2;0;0;0;48;2;0;0;0m▀[38;2;0;0;0m▀[38;2;0;0;0m▀[38;2;0;0;0m▀[38;2;0;0;0m▀[0m [0m [0m [0m [0m [0m [0m [0m [0m [0m [0m [0m [0m
[38;2;22;22;22;48;2;22;22;22m▀[38;2;131;41;0;48;2;189;106;0m▀[38;2;22;22;22;48;2;22;22;22m▀[38;2;22;22;22;48;2;22;22;22m▀[38;2;41;41;41;48;2;119;119;119m▀[38;2;41;41;41;48;2;41;41;41m▀[38;2;90;156;164;48;2;41;41;41m▀[38;2;41;41;41;48;2;22;22;22m▀[38;2;41;41;41;48;2;22;22;22m▀[38;2;41;41;41;48;2;139;197;205m▀[38;2;41;41;41;48;2;139;197;205m▀[38;2;22;22;22;48;2;139;197;205m▀[38;2;90;156;164;48;2;90;156;164m▀[38;2;41;41;41;48;2;41;41;41m▀[38;2;230;172;90;48;2;230;172;90m▀[38;2;230;172;90;48;2;205;123;41m▀[38;2;230;172;90;48;2;205;123;41m▀[38;2;205;123;41;48;2;230;172;90m▀[38;2;230;172;90;48;2;230;172;90m▀[38;2;230;172;90;48;2;230;172;90m▀[38;2;205;123;41;48;2;230;172;90m▀[38;2;230;172;90;48;2;205;123;41m▀[38;2;230;172;90;48;2;230;172;90m▀[38;2;230;172;90;48;2;230;172;90m▀[38;2;205;123;41;48;2;230;172;90m▀[38;2;255;230;156;48;2;205;123;41m▀[38;2;255;230;156;48;2;255;230;156m▀[38;2;255;213;106;48;2;255;230;156m▀[38;2;189;106;0;48;2;255;213;106m▀[38;2;189;106;0;48;2;255;213;106m▀[38;2;230;172;90;48;2;189;106;0m▀[38;2;0;0;0;48;2;230;172;90m▀[38;2;22;22;22;48;2;0;0;0m▀[38;2;22;22;22;48;2;22;22;22m▀[38;2;22;22;22;48;2;90;156;164m▀[38;2;22;22;22;48;2;90;156;164m▀[38;2;90;156;164;48;2;90;156;164m▀[38;2;22;22;22;48;2;90;156;164m▀[38;2;0;0;0;48;2;22;22;22m▀[38;2;0;0;0;48;2;0;0;0m▀[38;2;0;0;0m▀[0m [0m [0m [0m [0m [0m [0m [0m [0m [0m [0m [0m [0m [0m [0m [0m [0m [0m
[38;2;22;22;22;48;2;0;0;0m▀[38;2;189;106;0;48;2;22;22;22m▀[38;2;189;106;0;48;2;189;106;0m▀[38;2;189;106;0;48;2;189;106;0m▀[38;2;22;22;22;48;2;131;41;0m▀[38;2;131;41;0;48;2;22;22;22m▀[38;2;22;22;22;48;2;22;22;22m▀[38;2;205;123;41;48;2;205;123;41m▀[38;2;205;123;41;48;2;230;172;90m▀[38;2;22;22;22;48;2;205;123;41m▀[38;2;22;22;22;48;2;205;123;41m▀[38;2;90;156;164;48;2;22;22;22m▀[38;2;41;41;41;48;2;230;172;90m▀[38;2;230;172;90;48;2;205;123;41m▀[38;2;205;123;41;48;2;230;172;90m▀[38;2;230;172;90;48;2;230;172;90m▀[38;2;230;172;90;48;2;230;172;90m▀[38;2;230;172;90;48;2;230;172;90m▀[38;2;230;172;90;48;2;230;172;90m▀[38;2;230;172;90;48;2;230;172;90m▀[38;2;230;172;90;48;2;230;172;90m▀[38;2;205;123;41;48;2;205;123;41m▀[38;2;230;172;90;48;2;230;172;90m▀[38;2;230;172;90;48;2;230;172;90m▀[38;2;230;172;90;48;2;230;172;90m▀[38;2;230;172;90;48;2;230;172;90m▀[38;2;205;123;41;48;2;230;172;90m▀[38;2;255;230;156;48;2;205;123;41m▀[38;2;255;230;156;48;2;255;230;156m▀[38;2;255;230;156;48;2;255;230;156m▀[38;2;255;213;106;48;2;255;230;156m▀[38;2;189;106;0;48;2;189;106;0m▀[38;2;230;172;90;48;2;189;106;0m▀[38;2;90;156;164;48;2;230;172;90m▀[38;2;90;156;164;48;2;90;156;164m▀[38;2;90;156;164;48;2;90;156;164m▀[38;2;139;197;205;48;2;90;156;164m▀[38;2;139;197;205;48;2;139;197;205m▀[38;2;41;115;131;48;2;41;115;131m▀[38;2;0;0;0;48;2;0;0;0m▀[0m [0m [0m [0m [0m [0m [0m [0m [0m [0m [0m [0m [0m [0m [0m [0m [0m [0m [0m
[0m [38;2;0;0;0;48;2;0;0;0m▀[38;2;22;22;22;48;2;22;22;22m▀[38;2;22;22;22;48;2;22;22;22m▀[38;2;22;22;22;48;2;22;22;22m▀[38;2;22;22;22;48;2;22;22;22m▀[38;2;189;106;0;48;2;189;106;0m▀[38;2;230;172;90;48;2;230;172;90m▀[38;2;230;172;90;48;2;230;172;90m▀[38;2;230;172;90;48;2;230;172;90m▀[38;2;230;172;90;48;2;230;172;90m▀[38;2;230;172;90;48;2;230;172;90m▀[38;2;205;123;41;48;2;205;123;41m▀[38;2;230;172;90;48;2;230;172;90m▀[38;2;205;123;41;48;2;205;123;41m▀[38;2;230;172;90;48;2;230;172;90m▀[38;2;230;172;90;48;2;230;172;90m▀[38;2;230;172;90;48;2;230;172;90m▀[38;2;230;172;90;48;2;230;172;90m▀[38;2;230;172;90;48;2;230;172;90m▀[38;2;230;172;90;48;2;230;172;90m▀[38;2;205;123;41;48;2;205;123;41m▀[38;2;230;172;90;48;2;230;172;90m▀[38;2;230;172;90;48;2;230;172;90m▀[38;2;230;172;90;48;2;230;172;90m▀[38;2;230;172;90;48;2;230;172;90m▀[38;2;230;172;90;48;2;230;172;90m▀[38;2;230;172;90;48;2;230;172;90m▀[38;2;205;123;41;48;2;205;123;41m▀[38;2;205;123;41;48;2;205;123;41m▀[38;2;255;230;156;48;2;255;230;156m▀[38;2;255;230;156;48;2;255;230;156m▀[38;2;189;106;0;48;2;189;106;0m▀[38;2;230;172;90;48;2;230;172;90m▀[38;2;230;172;90;48;2;230;172;90m▀[38;2;230;172;90;48;2;230;172;90m▀[38;2;90;156;164;48;2;90;156;164m▀[38;2;41;115;131;48;2;41;115;131m▀[38;2;0;0;0;48;2;0;0;0m▀[0m [0m [0m [0m [0m [0m [0m [0m [0m [0m [0m [0m [0m [0m [0m [0m [0m [0m [0m [0m
[0m [0m [38;2;0;0;0m▀[38;2;0;0;0m▀[38;2;0;0;0m▀[38;2;0;0;0m▀[38;2;0;0;0m▀[38;2;22;22;22;48;2;0;0;0m▀[38;2;230;172;90;48;2;22;22;22m▀[38;2;230;172;90;48;2;205;123;41m▀[38;2;230;172;90;48;2;205;123;41m▀[38;2;205;123;41;48;2;230;172;90m▀[38;2;230;172;90;48;2;230;172;90m▀[38;2;230;172;90;48;2;230;172;90m▀[38;2;230;172;90;48;2;230;172;90m▀[38;2;205;123;41;48;2;230;172;90m▀[38;2;205;123;41;48;2;230;172;90m▀[38;2;230;172;90;48;2;205;123;41m▀[38;2;230;172;90;48;2;230;172;90m▀[38;2;230;172;90;48;2;230;172;90m▀[38;2;230;172;90;48;2;230;172;90m▀[38;2;230;172;90;48;2;230;172;90m▀[38;2;205;123;41;48;2;205;123;41m▀[38;2;205;123;41;48;2;205;123;41m▀[38;2;230;172;90;48;2;230;172;90m▀[38;2;230;172;90;48;2;230;172;90m▀[38;2;230;172;90;48;2;230;172;90m▀[38;2;230;172;90;48;2;230;172;90m▀[38;2;230;172;90;48;2;230;172;90m▀[38;2;230;172;90;48;2;230;172;90m▀[38;2;205;123;41;48;2;230;172;90m▀[38;2;255;230;156;48;2;205;123;41m▀[38;2;255;213;106;48;2;255;230;156m▀[38;2;189;106;0;48;2;255;213;106m▀[38;2;230;172;90;48;2;189;106;0m▀[38;2;230;172;90;48;2;189;106;0m▀[38;2;90;156;164;48;2;230;172;90m▀[38;2;22;22;22;48;2;0;0;0m▀[38;2;0;0;0m▀[0m [0m [0m [0m [0m [0m [0m [0m [0m [0m [0m [0m [0m [0m [0m [0m [0m [0m [0m [0m
[0m [0m [0m [0m [0m [0m [0m [0m [38;2;0;0;0m▀[38;2;22;22;22;48;2;0;0;0m▀[38;2;22;22;22;48;2;0;0;0m▀[38;2;230;172;90;48;2;22;22;22m▀[38;2;230;172;90;48;2;230;172;90m▀[38;2;230;172;90;48;2;230;172;90m▀[38;2;230;172;90;48;2;230;172;90m▀[38;2;230;172;90;48;2;230;172;90m▀[38;2;230;172;90;48;2;230;172;90m▀[38;2;230;172;90;48;2;230;172;90m▀[38;2;205;123;41;48;2;230;172;90m▀[38;2;230;172;90;48;2;205;123;41m▀[38;2;230;172;90;48;2;189;106;0m▀[38;2;205;123;41;48;2;230;172;90m▀[38;2;230;172;90;48;2;230;172;90m▀[38;2;230;172;90;48;2;230;172;90m▀[38;2;205;123;41;48;2;230;172;90m▀[38;2;205;123;41;48;2;230;172;90m▀[38;2;205;123;41;48;2;230;172;90m▀[38;2;205;123;41;48;2;230;172;90m▀[38;2;230;172;90;48;2;205;123;41m▀[38;2;230;172;90;48;2;205;123;41m▀[38;2;230;172;90;48;2;205;123;41m▀[38;2;230;172;90;48;2;205;123;41m▀[38;2;205;123;41;48;2;205;123;41m▀[38;2;255;230;156;48;2;205;123;41m▀[38;2;255;213;106;48;2;255;230;156m▀[38;2;255;213;106;48;2;255;230;156m▀[38;2;189;106;0;48;2;255;213;106m▀[38;2;230;172;90;48;2;189;106;0m▀[38;2;0;0;0;48;2;230;172;90m▀[38;2;0;0;0m▄[0m [0m [0m [0m [0m [0m [0m [0m [0m [0m [0m [0m [0m [0m [0m [0m [0m [0m [0m
[0m [0m [0m [0m [0m [0m [0m [0m [0m [0m [0m [38;2;0;0;0;48;2;0;0;0m▀[38;2;22;22;22;48;2;22;22;22m▀[38;2;205;123;41;48;2;205;123;41m▀[38;2;205;123;41;48;2;205;123;41m▀[38;2;230;172;90;48;2;230;172;90m▀[38;2;230;172;90;48;2;230;172;90m▀[38;2;230;172;90;48;2;230;172;90m▀[38;2;230;172;90;48;2;230;172;90m▀[38;2;189;106;0;48;2;189;106;0m▀[38;2;205;123;41;48;2;205;123;41m▀[38;2;230;172;90;48;2;230;172;90m▀[38;2;230;172;90;48;2;230;172;90m▀[38;2;230;172;90;48;2;230;172;90m▀[38;2;230;172;90;48;2;230;172;90m▀[38;2;230;172;90;48;2;230;172;90m▀[38;2;230;172;90;48;2;230;172;90m▀[38;2;230;172;90;48;2;230;172;90m▀[38;2;230;172;90;48;2;230;172;90m▀[38;2;230;172;90;48;2;230;172;90m▀[38;2;230;172;90;48;2;230;172;90m▀[38;2;230;172;90;48;2;230;172;90m▀[38;2;205;123;41;48;2;205;123;41m▀[38;2;230;172;90;48;2;230;172;90m▀[38;2;205;123;41;48;2;205;123;41m▀[38;2;205;123;41;48;2;205;123;41m▀[38;2;255;230;156;48;2;255;230;156m▀[38;2;255;213;106;48;2;255;213;106m▀[38;2;189;106;0;48;2;189;106;0m▀[38;2;230;172;90;48;2;230;172;90m▀[38;2;0;0;0;48;2;0;0;0m▀[0m [0m [0m [0m [0m [0m [0m [0m [0m [0m [0m [0m [0m [0m [0m [0m [0m [0m
[0m [0m [0m [0m [0m [0m [0m [0m [0m [0m [0m [0m [38;2;0;0;0m▀[38;2;22;22;22;48;2;0;0;0m▀[38;2;230;172;90;48;2;22;22;22m▀[38;2;205;123;41;48;2;230;172;90m▀[38;2;205;123;41;48;2;230;172;90m▀[38;2;205;123;41;48;2;230;172;90m▀[38;2;205;123;41;48;2;205;123;41m▀[38;2;230;172;90;48;2;230;172;90m▀[38;2;230;172;90;48;2;230;172;90m▀[38;2;205;123;41;48;2;230;172;90m▀[38;2;230;172;90;48;2;205;123;41m▀[38;2;230;172;90;48;2;205;123;41m▀[38;2;230;172;90;48;2;230;172;90m▀[38;2;230;172;90;48;2;230;172;90m▀[38;2;230;172;90;48;2;230;172;90m▀[38;2;230;172;90;48;2;230;172;90m▀[38;2;230;172;90;48;2;230;172;90m▀[38;2;230;172;90;48;2;230;172;90m▀[38;2;230;172;90;48;2;205;123;41m▀[38;2;205;123;41;48;2;230;172;90m▀[38;2;230;172;90;48;2;230;172;90m▀[38;2;230;172;90;48;2;230;172;90m▀[38;2;230;172;90;48;2;230;172;90m▀[38;2;230;172;90;48;2;230;172;90m▀[38;2;205;123;41;48;2;230;172;90m▀[38;2;255;230;156;48;2;205;123;41m▀[38;2;255;213;106;48;2;255;230;156m▀[38;2;189;106;0;48;2;255;213;106m▀[38;2;230;172;90;48;2;189;106;0m▀[38;2;0;0;0;48;2;230;172;90m▀[38;2;0;0;0;48;2;230;172;90m▀[38;2;0;0;0m▄[0m [0m [0m [0m [0m [0m [0m [0m [0m [0m [0m [0m [0m [0m [0m
[0m [0m [0m [0m [0m [0m [0m [0m [0m [0m [0m [0m [0m [0m [38;2;0;0;0m▀[38;2;22;22;22;48;2;0;0;0m▀[38;2;22;22;22;48;2;0;0;0m▀[38;2;230;172;90;48;2;22;22;22m▀[38;2;205;123;41;48;2;230;172;90m▀[38;2;230;172;90;48;2;205;123;41m▀[38;2;230;172;90;48;2;230;172;90m▀[38;2;230;172;90;48;2;230;172;90m▀[38;2;230;172;90;48;2;230;172;90m▀[38;2;230;172;90;48;2;230;172;90m▀[38;2;205;123;41;48;2;230;172;90m▀[38;2;230;172;90;48;2;205;123;41m▀[38;2;230;172;90;48;2;230;172;90m▀[38;2;230;172;90;48;2;205;123;41m▀[38;2;205;123;41;48;2;230;172;90m▀[38;2;205;123;41;48;2;230;172;90m▀[38;2;230;172;90;48;2;230;172;90m▀[38;2;230;172;90;48;2;230;172;90m▀[38;2;230;172;90;48;2;22;22;22m▀[38;2;22;22;22;48;2;131;41;0m▀[38;2;22;22;22;48;2;22;22;22m▀[38;2;22;22;22;48;2;22;22;22m▀[38;2;22;22;22;48;2;22;22;22m▀[38;2;22;22;22;48;2;131;41;0m▀[38;2;205;123;41;48;2;22;22;22m▀[38;2;255;230;156;48;2;205;123;41m▀[38;2;255;213;106;48;2;255;230;156m▀[38;2;189;106;0;48;2;255;213;106m▀[38;2;189;106;0;48;2;255;213;106m▀[38;2;0;0;0;48;2;189;106;0m▀[38;2;0;0;0m▄[0m [0m [0m [0m [0m [0m [0m [0m [0m [0m [0m [0m [0m [0m
[0m [0m [0m [0m [0m [0m [0m [0m [0m [0m [0m [0m [0m [0m [0m [0m [0m [38;2;0;0;0;48;2;0;0;0m▀[38;2;22;22;22;48;2;22;22;22m▀[38;2;205;123;41;48;2;205;123;41m▀[38;2;230;172;90;48;2;230;172;90m▀[38;2;230;172;90;48;2;230;172;90m▀[38;2;230;172;90;48;2;230;172;90m▀[38;2;230;172;90;48;2;230;172;90m▀[38;2;230;172;90;48;2;230;172;90m▀[38;2;230;172;90;48;2;230;172;90m▀[38;2;205;123;41;48;2;205;123;41m▀[38;2;230;172;90;48;2;230;172;90m▀[38;2;230;172;90;48;2;230;172;90m▀[38;2;230;172;90;48;2;230;172;90m▀[38;2;230;172;90;48;2;230;172;90m▀[38;2;22;22;22;48;2;22;22;22m▀[38;2;131;41;0;48;2;131;41;0m▀[38;2;189;106;0;48;2;189;106;0m▀[38;2;22;22;22;48;2;22;22;22m▀[38;2;22;22;22;48;2;22;22;22m▀[38;2;205;205;213;48;2;205;205;213m▀[38;2;22;22;22;48;2;22;22;22m▀[38;2;131;41;0;48;2;131;41;0m▀[38;2;22;22;22;48;2;22;22;22m▀[38;2;230;172;90;48;2;230;172;90m▀[38;2;255;230;156;48;2;255;230;156m▀[38;2;255;230;156;48;2;255;230;156m▀[38;2;255;213;106;48;2;255;213;106m▀[38;2;189;106;0;48;2;189;106;0m▀[38;2;0;0;0;48;2;0;0;0m▀[0m [0m [0m [0m [0m [0m [0m [0m [0m [0m [0m [0m [0m
[0m [0m [0m [0m [0m [0m [0m [0m [0m [0m [0m [0m [0m [0m [0m [0m [0m [0m [38;2;0;0;0m▀[38;2;22;22;22;48;2;0;0;0m▀[38;2;230;172;90;48;2;22;22;22m▀[38;2;230;172;90;48;2;230;172;90m▀[38;2;230;172;90;48;2;230;172;90m▀[38;2;230;172;90;48;2;230;172;90m▀[38;2;230;172;90;48;2;205;123;41m▀[38;2;205;123;41;48;2;230;172;90m▀[38;2;230;172;90;48;2;230;172;90m▀[38;2;205;123;41;48;2;230;172;90m▀[38;2;230;172;90;48;2;205;123;41m▀[38;2;230;172;90;48;2;205;123;41m▀[38;2;230;172;90;48;2;41;115;131m▀[38;2;22;22;22;48;2;22;22;22m▀[38;2;189;106;0;48;2;189;106;0m▀[38;2;189;106;0;48;2;189;106;0m▀[38;2;22;22;22;48;2;189;106;0m▀[38;2;22;22;22;48;2;189;106;0m▀[38;2;119;119;119;48;2;22;22;22m▀[38;2;205;205;213;48;2;22;22;22m▀[38;2;22;22;22;48;2;131;41;0m▀[38;2;22;22;22;48;2;22;22;22m▀[38;2;230;172;90;48;2;230;172;90m▀[38;2;255;230;156;48;2;255;230;156m▀[38;2;255;230;156;48;2;255;230;156m▀[38;2;255;230;156;48;2;255;230;156m▀[38;2;255;213;106;48;2;255;230;156m▀[38;2;22;22;22;48;2;22;22;22m▀[38;2;0;0;0;48;2;0;0;0m▀[0m [0m [0m [0m [0m [0m [0m [0m [0m [0m [0m [0m
[0m [0m [0m [0m [0m [0m [0m [0m [0m [0m [0m [0m [0m [0m [0m [0m [0m [0m [0m [0m [38;2;0;0;0m▀[38;2;22;22;22;48;2;0;0;0m▀[38;2;205;123;41;48;2;22;22;22m▀[38;2;205;123;41;48;2;22;22;22m▀[38;2;230;172;90;48;2;230;172;90m▀[38;2;230;172;90;48;2;230;172;90m▀[38;2;230;172;90;48;2;230;172;90m▀[38;2;230;172;90;48;2;41;115;131m▀[38;2;41;115;131;48;2;139;197;205m▀[38;2;41;115;131;48;2;139;197;205m▀[38;2;139;197;205;48;2;90;156;164m▀[38;2;22;22;22;48;2;90;156;164m▀[38;2;131;41;0;48;2;22;22;22m▀[38;2;189;106;0;48;2;22;22;22m▀[38;2;131;41;0;48;2;131;41;0m▀[38;2;131;41;0;48;2;131;41;0m▀[38;2;131;41;0;48;2;131;41;0m▀[38;2;131;41;0;48;2;131;41;0m▀[38;2;131;41;0;48;2;22;22;22m▀[38;2;22;22;22;48;2;205;123;41m▀[38;2;230;172;90;48;2;230;172;90m▀[38;2;255;230;156;48;2;255;230;156m▀[38;2;255;230;156;48;2;255;230;156m▀[38;2;255;230;156;48;2;255;230;156m▀[38;2;255;230;156;48;2;255;230;156m▀[38;2;22;22;22;48;2;22;22;22m▀[38;2;0;0;0;48;2;0;0;0m▀[0m [0m [0m [0m [0m [0m [0m [0m [0m [0m [0m [0m
[0m [0m [0m [0m [0m [0m [0m [0m [0m [0m [0m [0m [0m [0m [0m [0m [0m [0m [0m [0m [0m [0m [38;2;0;0;0;48;2;0;0;0m▀[38;2;0;0;0;48;2;0;0;0m▀[38;2;22;22;22;48;2;22;22;22m▀[38;2;22;22;22;48;2;22;22;22m▀[38;2;41;115;131;48;2;41;115;131m▀[38;2;139;197;205;48;2;139;197;205m▀[38;2;90;156;164;48;2;90;156;164m▀[38;2;90;156;164;48;2;90;156;164m▀[38;2;41;41;41;48;2;41;41;41m▀[38;2;41;41;41;48;2;41;41;41m▀[38;2;90;156;164;48;2;90;156;164m▀[38;2;41;115;131;48;2;41;115;131m▀[38;2;22;22;22;48;2;22;22;22m▀[38;2;22;22;22;48;2;22;22;22m▀[38;2;22;22;22;48;2;22;22;22m▀[38;2;22;22;22;48;2;22;22;22m▀[38;2;205;123;41;48;2;205;123;41m▀[38;2;230;172;90;48;2;230;172;90m▀[38;2;230;172;90;48;2;230;172;90m▀[38;2;255;230;156;48;2;255;230;156m▀[38;2;255;230;156;48;2;255;230;156m▀[38;2;255;230;156;48;2;255;230;156m▀[38;2;255;230;156;48;2;255;230;156m▀[38;2;22;22;22;48;2;22;22;22m▀[38;2;0;0;0;48;2;0;0;0m▀[0m [0m [0m [0m [0m [0m [0m [0m [0m [0m [0m [0m
[0m [0m [0m [0m [0m [0m [0m [0m [0m [0m [0m [0m [0m [0m [0m [0m [0m [0m [0m [0m [38;2;0;0;0m▄[38;2;0;0;0;48;2;22;22;22m▀[38;2;22;22;22;48;2;131;41;0m▀[38;2;22;22;22;48;2;131;41;0m▀[38;2;22;22;22;48;2;22;22;22m▀[38;2;41;115;131;48;2;41;41;41m▀[38;2;139;197;205;48;2;41;41;41m▀[38;2;90;156;164;48;2;90;156;164m▀[38;2;41;41;41;48;2;41;41;41m▀[38;2;41;41;41;48;2;41;41;41m▀[38;2;90;156;164;48;2;41;41;41m▀[38;2;41;41;41;48;2;41;41;41m▀[38;2;90;156;164;48;2;22;22;22m▀[38;2;22;22;22;48;2;90;156;164m▀[38;2;205;123;41;48;2;41;41;41m▀[38;2;205;123;41;48;2;41;41;41m▀[38;2;205;123;41;48;2;205;123;41m▀[38;2;205;123;41;48;2;230;172;90m▀[38;2;230;172;90;48;2;230;172;90m▀[38;2;230;172;90;48;2;230;172;90m▀[38;2;255;230;156;48;2;255;230;156m▀[38;2;255;230;156;48;2;255;230;156m▀[38;2;255;230;156;48;2;255;230;156m▀[38;2;255;230;156;48;2;255;230;156m▀[38;2;255;213;106;48;2;22;22;22m▀[38;2;22;22;22;48;2;0;0;0m▀[38;2;0;0;0m▀[0m [0m [0m [0m [0m [0m [0m [0m [0m [0m [0m [0m
[0m [0m [0m [0m [0m [0m [0m [0m [0m [0m [0m [0m [0m [0m [0m [0m [0m [0m [0m [0m [38;2;0;0;0;48;2;0;0;0m▀[38;2;22;22;22;48;2;22;22;22m▀[38;2;189;106;0;48;2;189;106;0m▀[38;2;189;106;0;48;2;189;106;0m▀[38;2;22;22;22;48;2;189;106;0m▀[38;2;119;119;119;48;2;22;22;22m▀[38;2;41;41;41;48;2;131;41;0m▀[38;2;41;41;41;48;2;22;22;22m▀[38;2;22;22;22;48;2;205;123;41m▀[38;2;22;22;22;48;2;205;123;41m▀[38;2;22;22;22;48;2;205;123;41m▀[38;2;139;197;205;48;2;22;22;22m▀[38;2;139;197;205;48;2;90;156;164m▀[38;2;90;156;164;48;2;41;41;41m▀[38;2;41;41;41;48;2;205;123;41m▀[38;2;41;41;41;48;2;205;123;41m▀[38;2;189;106;0;48;2;230;172;90m▀[38;2;189;106;0;48;2;230;172;90m▀[38;2;205;123;41;48;2;255;230;156m▀[38;2;205;123;41;48;2;255;230;156m▀[38;2;255;230;156;48;2;230;172;90m▀[38;2;255;230;156;48;2;230;172;90m▀[38;2;255;230;156;48;2;230;172;90m▀[38;2;255;213;106;48;2;22;22;22m▀[38;2;22;22;22;48;2;0;0;0m▀[38;2;0;0;0m▀[0m [0m [0m [0m [0m [0m [0m [0m [0m [0m [0m [0m [0m
[0m [0m [0m [0m [0m [0m [0m [0m [0m [0m [0m [0m [0m [0m [0m [0m [0m [0m [0m [0m [0m [38;2;0;0;0;48;2;0;0;0m▀[38;2;22;22;22;48;2;22;22;22m▀[38;2;22;22;22;48;2;22;22;22m▀[38;2;189;106;0;48;2;189;106;0m▀[38;2;131;41;0;48;2;131;41;0m▀[38;2;22;22;22;48;2;22;22;22m▀[38;2;22;22;22;48;2;22;22;22m▀[38;2;22;22;22;48;2;22;22;22m▀[38;2;22;22;22;48;2;22;22;22m▀[38;2;230;172;90;48;2;230;172;90m▀[38;2;230;172;90;48;2;230;172;90m▀[38;2;255;230;156;48;2;255;230;156m▀[38;2;255;230;156;48;2;255;230;156m▀[38;2;255;230;156;48;2;255;230;156m▀[38;2;255;230;156;48;2;255;230;156m▀[38;2;255;230;156;48;2;255;230;156m▀[38;2;255;230;156;48;2;255;230;156m▀[38;2;255;230;156;48;2;255;230;156m▀[38;2;255;230;156;48;2;255;230;156m▀[38;2;255;213;106;48;2;255;213;106m▀[38;2;22;22;22;48;2;22;22;22m▀[38;2;22;22;22;48;2;22;22;22m▀[38;2;0;0;0;48;2;0;0;0m▀[0m [0m [0m [0m [0m [0m [0m [0m [0m [0m [0m [0m [0m [0m [0m
[0m [0m [0m [0m [0m [0m [0m [0m [0m [0m [0m [0m [0m [0m [0m [0m [0m [0m [0m [0m [0m [0m [38;2;0;0;0m▀[38;2;0;0;0m▀[38;2;22;22;22;48;2;0;0;0m▀[38;2;22;22;22;48;2;0;0;0m▀[38;2;22;22;22;48;2;0;0;0m▀[38;2;0;0;0m▀[38;2;0;0;0m▀[38;2;0;0;0m▀[38;2;22;22;22;48;2;0;0;0m▀[38;2;22;22;22;48;2;0;0;0m▀[38;2;255;213;106;48;2;22;22;22m▀[38;2;255;213;106;48;2;22;22;22m▀[38;2;255;213;106;48;2;22;22;22m▀[38;2;255;213;106;48;2;22;22;22m▀[38;2;255;213;106;48;2;22;22;22m▀[38;2;255;213;106;48;2;22;22;22m▀[38;2;255;213;106;48;2;22;22;22m▀[38;2;22;22;22;48;2;0;0;0m▀[38;2;22;22;22;48;2;0;0;0m▀[38;2;0;0;0m▀[38;2;0;0;0m▀[0m [0m [0m [0m [0m [0m [0m [0m [0m [0m [0m [0m [0m [0m [0m [0m
