[38;2;0;0;0;48;2;0;0;0m▀[38;2;131;90;16;48;2;16;16;16m▀[38;2;131;90;16;48;2;255;230;41m▀[38;2;131;90;16;48;2;255;230;41m▀[38;2;131;90;16;48;2;255;230;41m▀[38;2;0;0;0;48;2;131;90;16m▀[38;2;0;0;0;48;2;16;16;16m▀[38;2;0;0;0m▄[38;2;0;0;0m▄[38;2;0;0;0m▄[38;2;0;0;0m▄[38;2;0;0;0m▄[38;2;0;0;0;48;2;131;90;16m▀[38;2;0;0;0;48;2;131;90;16m▀[38;2;131;90;16;48;2;255;230;41m▀[38;2;131;90;16;48;2;255;230;41m▀[38;2;131;90;16;48;2;255;230;41m▀[38;2;131;90;16;48;2;172;131;41m▀[38;2;90;57;8;48;2;16;16;16m▀[38;2;0;0;0;48;2;0;0;0m▀[0m [0m [0m [0m [0m [0m [0m [0m [0m [0m [0m [0m [0m [0m [0m [0m [0m [0m [0m [0m [0m [0m [0m
[38;2;0;0;0;48;2;0;0;0m▀[38;2;16;16;16;48;2;16;16;16m▀[38;2;65;41;24;48;2;65;41;24m▀[38;2;65;41;24;48;2;65;41;24m▀[38;2;205;189;32;48;2;205;189;32m▀[38;2;255;230;41;48;2;255;230;41m▀[38;2;255;230;41;48;2;255;230;41m▀[38;2;90;57;0;48;2;90;57;0m▀[38;2;90;57;0;48;2;90;57;0m▀[38;2;90;57;0;48;2;90;57;0m▀[38;2;90;57;0;48;2;90;57;0m▀[38;2;90;57;0;48;2;90;57;0m▀[38;2;255;230;41;48;2;255;230;41m▀[38;2;255;230;41;48;2;255;230;41m▀[38;2;255;230;41;48;2;255;230;41m▀[38;2;255;230;41;48;2;255;230;41m▀[38;2;65;41;24;48;2;65;41;24m▀[38;2;65;41;24;48;2;65;41;24m▀[38;2;16;16;16;48;2;16;16;16m▀[38;2;0;0;0;48;2;0;0;0m▀[0m [0m [0m [0m [0m [0m [0m [0m [0m [0m [0m [0m [0m [0m [0m [0m [0m [0m [0m [0m [0m [0m [0m
[38;2;0;0;0;48;2;65;41;24m▀[38;2;65;41;24;48;2;131;98;8m▀[38;2;131;98;8;48;2;172;131;41m▀[38;2;131;98;8;48;2;172;131;41m▀[38;2;65;41;24;48;2;65;41;24m▀[38;2;205;189;32;48;2;246;246;164m▀[38;2;246;246;164;48;2;246;246;164m▀[38;2;255;230;41;48;2;246;246;164m▀[38;2;255;230;41;48;2;255;230;41m▀[38;2;255;230;41;48;2;255;230;41m▀[38;2;255;230;41;48;2;255;230;41m▀[38;2;255;230;41;48;2;255;230;41m▀[38;2;255;230;41;48;2;65;41;24m▀[38;2;90;57;0;48;2;172;131;41m▀[38;2;65;41;24;48;2;172;131;41m▀[38;2;65;41;24;48;2;172;131;41m▀[38;2;172;131;41;48;2;172;131;41m▀[38;2;131;98;8;48;2;131;98;8m▀[38;2;65;41;24;48;2;131;98;8m▀[38;2;16;16;16;48;2;65;41;24m▀[38;2;0;0;0;48;2;0;0;0m▀[0m [0m [0m [0m [0m [0m [0m [0m [0m [0m [0m [0m [0m [0m [0m [0m [0m [0m [0m [0m [0m [0m
[38;2;0;0;0;48;2;0;0;0m▀[38;2;172;131;41;48;2;0;0;0m▀[38;2;172;131;41;48;2;172;131;41m▀[38;2;172;131;41;48;2;172;131;41m▀[38;2;0;0;0;48;2;131;98;8m▀[38;2;246;246;164;48;2;65;41;24m▀[38;2;246;246;164;48;2;255;230;41m▀[38;2;255;230;41;48;2;255;230;41m▀[38;2;255;230;41;48;2;255;230;41m▀[38;2;255;230;41;48;2;255;230;41m▀[38;2;255;230;41;48;2;0;0;0m▀[38;2;65;41;24;48;2;172;131;41m▀[38;2;172;131;41;48;2;131;98;8m▀[38;2;172;131;41;48;2;131;98;8m▀[38;2;172;131;41;48;2;0;0;0m▀[38;2;172;131;41;48;2;0;0;0m▀[38;2;131;98;8;48;2;0;0;0m▀[38;2;131;98;8;48;2;0;0;0m▀[38;2;65;41;24;48;2;90;57;0m▀[38;2;65;41;24;48;2;0;0;0m▀[38;2;0;0;0m▀[0m [0m [0m [0m [0m [0m [0m [0m [0m [0m [0m [0m [0m [0m [0m [0m [0m [0m [0m [0m [0m [0m
[0m [38;2;0;0;0;48;2;0;0;0m▀[38;2;65;41;24;48;2;65;41;24m▀[38;2;65;41;24;48;2;65;41;24m▀[38;2;0;0;0;48;2;0;0;0m▀[38;2;0;0;0;48;2;0;0;0m▀[38;2;255;230;41;48;2;255;230;41m▀[38;2;255;230;41;48;2;255;230;41m▀[38;2;0;0;0;48;2;0;0;0m▀[38;2;0;0;0;48;2;0;0;0m▀[38;2;131;98;8;48;2;131;98;8m▀[38;2;131;98;8;48;2;131;98;8m▀[38;2;0;0;0;48;2;0;0;0m▀[38;2;0;0;0;48;2;0;0;0m▀[38;2;205;189;32;48;2;205;189;32m▀[38;2;205;189;32;48;2;205;189;32m▀[38;2;205;189;32;48;2;205;189;32m▀[38;2;205;189;32;48;2;205;189;32m▀[38;2;90;57;0;48;2;90;57;0m▀[38;2;0;0;0;48;2;0;0;0m▀[0m [0m [0m [0m [0m [0m [0m [0m [0m [0m [0m [0m [0m [0m [0m [0m [0m [0m [0m [0m [0m [0m [0m
[38;2;0;0;0;48;2;0;0;0m▀[38;2;65;41;24;48;2;0;0;0m▀[38;2;205;189;32;48;2;255;230;41m▀[38;2;205;189;32;48;2;255;230;41m▀[38;2;255;230;41;48;2;255;230;41m▀[38;2;255;230;41;48;2;255;230;41m▀[38;2;255;230;41;48;2;255;230;41m▀[38;2;255;230;41;48;2;255;230;41m▀[38;2;0;0;0;48;2;255;230;41m▀[38;2;0;0;0;48;2;255;230;41m▀[38;2;0;0;0;48;2;255;230;41m▀[38;2;65;41;24;48;2;255;230;41m▀[38;2;205;189;32;48;2;255;230;41m▀[38;2;255;230;41;48;2;0;0;0m▀[38;2;255;230;41;48;2;0;0;0m▀[38;2;255;230;41;48;2;0;0;0m▀[38;2;255;230;41;48;2;131;90;16m▀[38;2;255;230;41;48;2;255;230;41m▀[38;2;205;189;32;48;2;255;230;41m▀[38;2;90;57;0;48;2;90;57;0m▀[38;2;0;0;0;48;2;0;0;0m▀[38;2;0;0;0m▄[0m [0m [0m [0m [0m [0m [0m [0m [0m [0m [0m [0m [0m [0m [0m [0m [0m [0m [0m [0m [0m
[38;2;65;41;24;48;2;65;41;24m▀[38;2;0;0;0;48;2;205;189;32m▀[38;2;255;230;41;48;2;0;0;0m▀[38;2;255;230;41;48;2;0;0;0m▀[38;2;255;230;41;48;2;255;230;41m▀[38;2;255;230;41;48;2;255;230;41m▀[38;2;255;230;41;48;2;255;230;41m▀[38;2;255;230;41;48;2;255;230;41m▀[38;2;255;230;41;48;2;255;230;41m▀[38;2;255;230;41;48;2;255;230;41m▀[38;2;255;230;41;48;2;255;230;41m▀[38;2;255;230;41;48;2;0;0;0m▀[38;2;0;0;0;48;2;255;230;41m▀[38;2;205;189;32;48;2;255;230;41m▀[38;2;255;230;41;48;2;255;230;41m▀[38;2;255;230;41;48;2;255;230;41m▀[38;2;255;230;41;48;2;255;230;41m▀[38;2;255;230;41;48;2;255;230;41m▀[38;2;255;230;41;48;2;255;230;41m▀[38;2;255;230;41;48;2;255;230;41m▀[38;2;0;0;0;48;2;0;0;0m▀[38;2;0;0;0;48;2;0;0;0m▀[38;2;0;0;0;48;2;0;0;0m▀[38;2;0;0;0m▄[0m [0m [0m [0m [0m [0m [0m [0m [0m [0m [0m [0m [0m [0m [0m [0m [0m [0m [0m
[38;2;65;41;24;48;2;65;41;24m▀[38;2;255;230;41;48;2;255;230;41m▀[38;2;131;90;16;48;2;131;90;16m▀[38;2;131;90;16;48;2;131;90;16m▀[38;2;255;230;41;48;2;255;230;41m▀[38;2;255;230;41;48;2;255;230;41m▀[38;2;255;230;41;48;2;255;230;41m▀[38;2;255;230;41;48;2;255;230;41m▀[38;2;255;230;41;48;2;255;230;41m▀[38;2;255;230;41;48;2;255;230;41m▀[38;2;255;230;41;48;2;255;230;41m▀[38;2;131;90;16;48;2;131;90;16m▀[38;2;255;230;41;48;2;255;230;41m▀[38;2;255;230;41;48;2;255;230;41m▀[38;2;255;230;41;48;2;255;230;41m▀[38;2;255;230;41;48;2;255;230;41m▀[38;2;255;230;41;48;2;255;230;41m▀[38;2;255;230;41;48;2;255;230;41m▀[38;2;255;230;41;48;2;255;230;41m▀[38;2;255;230;41;48;2;255;230;41m▀[38;2;255;230;41;48;2;255;230;41m▀[38;2;255;230;41;48;2;255;230;41m▀[38;2;0;0;0;48;2;0;0;0m▀[38;2;0;0;0;48;2;0;0;0m▀[38;2;0;0;0;48;2;0;0;0m▀[38;2;0;0;0m▄[0m [0m [0m [0m [0m [0m [0m [0m [0m [0m [0m [0m [0m [0m [0m [0m [0m
[38;2;65;41;24;48;2;0;0;0m▀[38;2;255;230;41;48;2;65;41;24m▀[38;2;255;230;41;48;2;255;230;41m▀[38;2;255;230;41;48;2;255;230;41m▀[38;2;255;230;41;48;2;246;246;164m▀[38;2;246;246;164;48;2;246;246;164m▀[38;2;246;246;164;48;2;246;246;164m▀[38;2;246;246;164;48;2;172;131;41m▀[38;2;255;230;41;48;2;223;203;60m▀[38;2;255;230;41;48;2;223;203;60m▀[38;2;255;230;41;48;2;255;230;41m▀[38;2;255;230;41;48;2;255;230;41m▀[38;2;255;230;41;48;2;255;230;41m▀[38;2;255;230;41;48;2;0;0;0m▀[38;2;255;230;41;48;2;255;230;41m▀[38;2;255;230;41;48;2;255;230;41m▀[38;2;255;230;41;48;2;255;230;41m▀[38;2;255;230;41;48;2;246;246;164m▀[38;2;246;246;164;48;2;246;246;164m▀[38;2;246;246;164;48;2;246;246;164m▀[38;2;65;41;24;48;2;246;246;164m▀[38;2;65;41;24;48;2;246;246;164m▀[38;2;246;246;164;48;2;255;230;41m▀[38;2;255;230;41;48;2;255;230;41m▀[38;2;0;0;0;48;2;255;230;41m▀[38;2;0;0;0;48;2;255;230;41m▀[38;2;0;0;0;48;2;0;0;0m▀[38;2;0;0;0;48;2;0;0;0m▀[38;2;0;0;0m▄[0m [0m [0m [38;2;0;0;0m▄[38;2;0;0;0m▄[38;2;0;0;0;48;2;90;57;0m▀[38;2;0;0;0;48;2;90;57;0m▀[38;2;0;0;0m▄[38;2;0;0;0;48;2;90;57;0m▀[38;2;0;0;0;48;2;90;57;0m▀[38;2;0;0;0;48;2;90;57;0m▀[38;2;0;0;0;48;2;90;57;0m▀[38;2;0;0;0m▄[0m
[38;2;0;0;0m▄[38;2;0;0;0;48;2;90;57;0m▀[38;2;90;57;0;48;2;172;131;41m▀[38;2;90;57;0;48;2;172;131;41m▀[38;2;0;0;0;48;2;131;98;8m▀[38;2;223;203;60;48;2;0;0;0m▀[38;2;223;203;60;48;2;0;0;0m▀[38;2;223;203;60;48;2;0;0;0m▀[38;2;223;203;60;48;2;0;0;0m▀[38;2;223;203;60;48;2;0;0;0m▀[38;2;223;203;60;48;2;0;0;0m▀[38;2;0;0;0;48;2;131;98;8m▀[38;2;0;0;0;48;2;172;131;41m▀[38;2;131;98;8;48;2;172;131;41m▀[38;2;205;189;32;48;2;131;98;8m▀[38;2;205;189;32;48;2;131;98;8m▀[38;2;255;230;41;48;2;205;189;32m▀[38;2;246;246;164;48;2;205;189;32m▀[38;2;246;246;164;48;2;65;41;24m▀[38;2;246;246;164;48;2;255;230;41m▀[38;2;255;230;41;48;2;255;230;41m▀[38;2;255;230;41;48;2;255;230;41m▀[38;2;255;230;41;48;2;255;230;41m▀[38;2;255;230;41;48;2;255;230;41m▀[38;2;255;230;41;48;2;255;230;41m▀[38;2;255;230;41;48;2;255;230;41m▀[38;2;205;189;32;48;2;255;230;41m▀[38;2;205;189;32;48;2;255;230;41m▀[38;2;0;0;0;48;2;205;189;32m▀[38;2;0;0;0;48;2;0;0;0m▀[38;2;0;0;0m▄[38;2;0;0;0;48;2;90;57;0m▀[38;2;90;57;0;48;2;255;230;41m▀[38;2;90;57;0;48;2;255;230;41m▀[38;2;246;246;164;48;2;255;230;41m▀[38;2;246;246;164;48;2;90;57;0m▀[38;2;90;57;0;48;2;255;230;41m▀[38;2;246;246;164;48;2;255;230;41m▀[38;2;246;246;164;48;2;246;246;164m▀[38;2;246;246;164;48;2;246;246;164m▀[38;2;246;246;164;48;2;246;246;164m▀[38;2;90;57;0;48;2;0;0;0m▀[0m
[38;2;0;0;0;48;2;0;0;0m▀[38;2;90;57;0;48;2;90;57;0m▀[38;2;172;131;41;48;2;172;131;41m▀[38;2;172;131;41;48;2;172;131;41m▀[38;2;172;131;41;48;2;172;131;41m▀[38;2;172;131;41;48;2;172;131;41m▀[38;2;172;131;41;48;2;172;131;41m▀[38;2;172;131;41;48;2;172;131;41m▀[38;2;172;131;41;48;2;172;131;41m▀[38;2;172;131;41;48;2;172;131;41m▀[38;2;172;131;41;48;2;172;131;41m▀[38;2;172;131;41;48;2;172;131;41m▀[38;2;172;131;41;48;2;172;131;41m▀[38;2;172;131;41;48;2;172;131;41m▀[38;2;172;131;41;48;2;172;131;41m▀[38;2;172;131;41;48;2;172;131;41m▀[38;2;205;189;32;48;2;205;189;32m▀[38;2;65;41;24;48;2;65;41;24m▀[38;2;255;230;41;48;2;255;230;41m▀[38;2;255;230;41;48;2;255;230;41m▀[38;2;255;230;41;48;2;255;230;41m▀[38;2;255;230;41;48;2;255;230;41m▀[38;2;255;230;41;48;2;255;230;41m▀[38;2;255;230;41;48;2;255;230;41m▀[38;2;255;230;41;48;2;255;230;41m▀[38;2;205;189;32;48;2;205;189;32m▀[38;2;205;189;32;48;2;205;189;32m▀[38;2;205;189;32;48;2;205;189;32m▀[38;2;205;189;32;48;2;205;189;32m▀[38;2;205;189;32;48;2;205;189;32m▀[38;2;0;0;0;48;2;0;0;0m▀[38;2;255;230;41;48;2;255;230;41m▀[38;2;255;230;41;48;2;255;230;41m▀[38;2;255;230;41;48;2;255;230;41m▀[38;2;90;57;0;48;2;90;57;0m▀[38;2;255;230;41;48;2;255;230;41m▀[38;2;255;230;41;48;2;255;230;41m▀[38;2;255;230;41;48;2;255;230;41m▀[38;2;255;230;41;48;2;255;230;41m▀[38;2;255;230;41;48;2;255;230;41m▀[38;2;246;246;164;48;2;246;246;164m▀[38;2;0;0;0;48;2;0;0;0m▀[0m
[38;2;90;57;0;48;2;90;57;0m▀[38;2;172;131;41;48;2;172;131;41m▀[38;2;172;131;41;48;2;172;131;41m▀[38;2;172;131;41;48;2;172;131;41m▀[38;2;172;131;41;48;2;172;131;41m▀[38;2;172;131;41;48;2;172;131;41m▀[38;2;172;131;41;48;2;172;131;41m▀[38;2;172;131;41;48;2;172;131;41m▀[38;2;172;131;41;48;2;172;131;41m▀[38;2;172;131;41;48;2;172;131;41m▀[38;2;172;131;41;48;2;172;131;41m▀[38;2;172;131;41;48;2;172;131;41m▀[38;2;172;131;41;48;2;172;131;41m▀[38;2;172;131;41;48;2;172;131;41m▀[38;2;172;131;41;48;2;172;131;41m▀[38;2;172;131;41;48;2;172;131;41m▀[38;2;131;98;8;48;2;172;131;41m▀[38;2;65;41;24;48;2;65;41;24m▀[38;2;255;230;41;48;2;205;189;32m▀[38;2;255;230;41;48;2;205;189;32m▀[38;2;255;230;41;48;2;205;189;32m▀[38;2;255;230;41;48;2;205;189;32m▀[38;2;255;230;41;48;2;205;189;32m▀[38;2;255;230;41;48;2;205;189;32m▀[38;2;205;189;32;48;2;205;189;32m▀[38;2;131;98;8;48;2;131;98;8m▀[38;2;205;189;32;48;2;172;131;41m▀[38;2;205;189;32;48;2;172;131;41m▀[38;2;131;98;8;48;2;172;131;41m▀[38;2;131;98;8;48;2;131;98;8m▀[38;2;205;189;32;48;2;131;98;8m▀[38;2;0;0;0;48;2;0;0;0m▀[38;2;90;57;0;48;2;255;230;41m▀[38;2;90;57;0;48;2;255;230;41m▀[38;2;255;230;41;48;2;255;230;41m▀[38;2;255;230;41;48;2;0;0;0m▀[38;2;255;230;41;48;2;0;0;0m▀[38;2;0;0;0;48;2;255;230;41m▀[38;2;0;0;0;48;2;246;246;164m▀[38;2;0;0;0;48;2;246;246;164m▀[38;2;0;0;0;48;2;90;57;0m▀[38;2;0;0;0;48;2;0;0;0m▀[0m
[38;2;90;57;0;48;2;90;57;0m▀[38;2;172;131;41;48;2;131;98;8m▀[38;2;172;131;41;48;2;90;57;0m▀[38;2;172;131;41;48;2;90;57;0m▀[38;2;172;131;41;48;2;172;131;41m▀[38;2;172;131;41;48;2;172;131;41m▀[38;2;172;131;41;48;2;172;131;41m▀[38;2;172;131;41;48;2;172;131;41m▀[38;2;172;131;41;48;2;172;131;41m▀[38;2;172;131;41;48;2;172;131;41m▀[38;2;172;131;41;48;2;172;131;41m▀[38;2;172;131;41;48;2;172;131;41m▀[38;2;172;131;41;48;2;172;131;41m▀[38;2;172;131;41;48;2;131;98;8m▀[38;2;172;131;41;48;2;90;57;0m▀[38;2;172;131;41;48;2;90;57;0m▀[38;2;131;98;8;48;2;131;98;8m▀[38;2;65;41;24;48;2;131;98;8m▀[38;2;205;189;32;48;2;65;41;24m▀[38;2;205;189;32;48;2;131;98;8m▀[38;2;131;98;8;48;2;172;131;41m▀[38;2;131;98;8;48;2;172;131;41m▀[38;2;205;189;32;48;2;172;131;41m▀[38;2;205;189;32;48;2;205;189;32m▀[38;2;131;98;8;48;2;172;131;41m▀[38;2;172;131;41;48;2;172;131;41m▀[38;2;172;131;41;48;2;172;131;41m▀[38;2;172;131;41;48;2;172;131;41m▀[38;2;172;131;41;48;2;172;131;41m▀[38;2;172;131;41;48;2;172;131;41m▀[38;2;131;98;8;48;2;172;131;41m▀[38;2;131;98;8;48;2;131;98;8m▀[38;2;0;0;0;48;2;0;0;0m▀[38;2;0;0;0;48;2;0;0;0m▀[38;2;0;0;0;48;2;255;230;41m▀[38;2;255;230;41;48;2;255;230;41m▀[38;2;255;230;41;48;2;255;230;41m▀[38;2;255;230;41;48;2;255;230;41m▀[38;2;246;246;164;48;2;0;0;0m▀[38;2;246;246;164;48;2;0;0;0m▀[38;2;90;57;0;48;2;0;0;0m▀[38;2;0;0;0m▀[0m
[38;2;90;57;0;48;2;0;0;0m▀[38;2;131;98;8;48;2;0;0;0m▀[38;2;90;57;0;48;2;131;98;8m▀[38;2;90;57;0;48;2;131;98;8m▀[38;2;131;98;8;48;2;111;82;6m▀[38;2;90;57;0;48;2;90;57;0m▀[38;2;131;98;8;48;2;111;82;6m▀[38;2;131;98;8;48;2;131;98;8m▀[38;2;131;98;8;48;2;131;98;8m▀[38;2;131;98;8;48;2;131;98;8m▀[38;2;131;98;8;48;2;131;98;8m▀[38;2;90;57;0;48;2;131;98;8m▀[38;2;131;98;8;48;2;90;57;0m▀[38;2;131;98;8;48;2;131;98;8m▀[38;2;131;98;8;48;2;131;98;8m▀[38;2;131;98;8;48;2;131;98;8m▀[38;2;111;82;6;48;2;90;57;0m▀[38;2;131;98;8;48;2;131;98;8m▀[38;2;65;41;24;48;2;131;98;8m▀[38;2;172;131;41;48;2;65;41;24m▀[38;2;172;131;41;48;2;131;98;8m▀[38;2;172;131;41;48;2;131;98;8m▀[38;2;172;131;41;48;2;172;131;41m▀[38;2;172;131;41;48;2;172;131;41m▀[38;2;172;131;41;48;2;172;131;41m▀[38;2;172;131;41;48;2;172;131;41m▀[38;2;172;131;41;48;2;172;131;41m▀[38;2;172;131;41;48;2;172;131;41m▀[38;2;172;131;41;48;2;172;131;41m▀[38;2;172;131;41;48;2;131;98;8m▀[38;2;111;82;6;48;2;131;98;8m▀[38;2;131;98;8;48;2;111;82;6m▀[38;2;0;0;0;48;2;0;0;0m▀[38;2;0;0;0;48;2;0;0;0m▀[38;2;255;230;41;48;2;0;0;0m▀[38;2;255;230;41;48;2;0;0;0m▀[38;2;0;0;0;48;2;0;0;0m▀[38;2;0;0;0;48;2;0;0;0m▀[38;2;0;0;0m▀[38;2;0;0;0m▀[0m [0m [0m
[38;2;0;0;0m▀[38;2;0;0;0;48;2;0;0;0m▀[38;2;131;98;8;48;2;0;0;0m▀[38;2;131;98;8;48;2;0;0;0m▀[38;2;111;82;6;48;2;0;0;0m▀[38;2;90;57;0;48;2;131;98;8m▀[38;2;111;82;6;48;2;90;57;0m▀[38;2;131;98;8;48;2;90;57;0m▀[38;2;131;98;8;48;2;111;82;6m▀[38;2;131;98;8;48;2;111;82;6m▀[38;2;131;98;8;48;2;111;82;6m▀[38;2;131;98;8;48;2;90;57;0m▀[38;2;90;57;0;48;2;131;98;8m▀[38;2;131;98;8;48;2;90;57;0m▀[38;2;131;98;8;48;2;90;57;0m▀[38;2;131;98;8;48;2;90;57;0m▀[38;2;90;57;0;48;2;131;98;8m▀[38;2;131;98;8;48;2;131;98;8m▀[38;2;131;98;8;48;2;131;98;8m▀[38;2;65;41;24;48;2;65;41;24m▀[38;2;131;98;8;48;2;131;98;8m▀[38;2;131;98;8;48;2;131;98;8m▀[38;2;172;131;41;48;2;131;98;8m▀[38;2;172;131;41;48;2;172;131;41m▀[38;2;172;131;41;48;2;172;131;41m▀[38;2;172;131;41;48;2;172;131;41m▀[38;2;172;131;41;48;2;172;131;41m▀[38;2;172;131;41;48;2;172;131;41m▀[38;2;172;131;41;48;2;131;98;8m▀[38;2;131;98;8;48;2;131;98;8m▀[38;2;131;98;8;48;2;131;98;8m▀[38;2;111;82;6;48;2;111;82;6m▀[38;2;0;0;0;48;2;0;0;0m▀[38;2;0;0;0;48;2;0;0;0m▀[38;2;0;0;0;48;2;0;0;0m▀[38;2;0;0;0;48;2;0;0;0m▀[38;2;0;0;0m▀[0m [0m [0m [0m [0m [0m
[0m [0m [38;2;0;0;0m▀[38;2;0;0;0m▀[38;2;0;0;0m▀[38;2;0;0;0;48;2;0;0;0m▀[38;2;131;98;8;48;2;0;0;0m▀[38;2;131;98;8;48;2;131;98;8m▀[38;2;131;98;8;48;2;131;98;8m▀[38;2;131;98;8;48;2;131;98;8m▀[38;2;131;98;8;48;2;131;98;8m▀[38;2;131;98;8;48;2;131;98;8m▀[38;2;131;98;8;48;2;131;98;8m▀[38;2;131;98;8;48;2;131;98;8m▀[38;2;131;98;8;48;2;131;98;8m▀[38;2;131;98;8;48;2;131;98;8m▀[38;2;131;98;8;48;2;131;98;8m▀[38;2;131;98;8;48;2;131;98;8m▀[38;2;131;98;8;48;2;131;98;8m▀[38;2;131;98;8;48;2;131;98;8m▀[38;2;65;41;24;48;2;131;98;8m▀[38;2;65;41;24;48;2;131;98;8m▀[38;2;131;98;8;48;2;65;41;24m▀[38;2;131;98;8;48;2;131;98;8m▀[38;2;131;98;8;48;2;131;98;8m▀[38;2;131;98;8;48;2;131;98;8m▀[38;2;131;98;8;48;2;131;98;8m▀[38;2;131;98;8;48;2;131;98;8m▀[38;2;111;82;6;48;2;131;98;8m▀[38;2;131;98;8;48;2;111;82;6m▀[38;2;131;98;8;48;2;131;98;8m▀[38;2;131;98;8;48;2;131;98;8m▀[38;2;0;0;0;48;2;0;0;0m▀[38;2;0;0;0;48;2;0;0;0m▀[38;2;0;0;0;48;2;0;0;0m▀[0m [0m [0m [0m [0m [0m [0m [0m
[0m [0m [0m [0m [0m [0m [38;2;0;0;0m▀[38;2;0;0;0;48;2;0;0;0m▀[38;2;65;41;24;48;2;0;0;0m▀[38;2;65;41;24;48;2;0;0;0m▀[38;2;131;98;8;48;2;65;41;24m▀[38;2;131;98;8;48;2;65;41;24m▀[38;2;131;98;8;48;2;131;98;8m▀[38;2;131;98;8;48;2;131;98;8m▀[38;2;131;98;8;48;2;131;98;8m▀[38;2;131;98;8;48;2;131;98;8m▀[38;2;131;98;8;48;2;131;98;8m▀[38;2;65;41;24;48;2;65;41;24m▀[38;2;131;98;8;48;2;131;98;8m▀[38;2;131;98;8;48;2;131;98;8m▀[38;2;131;98;8;48;2;131;98;8m▀[38;2;131;98;8;48;2;131;98;8m▀[38;2;131;98;8;48;2;131;98;8m▀[38;2;65;41;24;48;2;131;98;8m▀[38;2;65;41;24;48;2;131;98;8m▀[38;2;131;98;8;48;2;65;41;24m▀[38;2;131;98;8;48;2;65;41;24m▀[38;2;131;98;8;48;2;65;41;24m▀[38;2;131;98;8;48;2;131;98;8m▀[38;2;131;98;8;48;2;131;98;8m▀[38;2;111;82;6;48;2;111;82;6m▀[38;2;131;98;8;48;2;0;0;0m▀[38;2;0;0;0;48;2;0;0;0m▀[38;2;0;0;0;48;2;0;0;0m▀[38;2;0;0;0m▀[0m [0m [0m [0m [0m [0m [0m [0m
[0m [0m [0m [0m [0m [0m [0m [0m [0m [38;2;0;0;0m▀[38;2;65;41;24;48;2;0;0;0m▀[38;2;65;41;24;48;2;0;0;0m▀[38;2;131;98;8;48;2;65;41;24m▀[38;2;131;98;8;48;2;131;98;8m▀[38;2;131;98;8;48;2;90;57;0m▀[38;2;131;98;8;48;2;90;57;0m▀[38;2;131;98;8;48;2;131;98;8m▀[38;2;65;41;24;48;2;131;98;8m▀[38;2;131;98;8;48;2;65;41;24m▀[38;2;131;98;8;48;2;131;98;8m▀[38;2;131;98;8;48;2;131;98;8m▀[38;2;131;98;8;48;2;131;98;8m▀[38;2;131;98;8;48;2;131;98;8m▀[38;2;131;98;8;48;2;65;41;24m▀[38;2;131;98;8;48;2;0;0;0m▀[38;2;65;41;24;48;2;0;0;0m▀[38;2;65;41;24;48;2;0;0;0m▀[38;2;65;41;24;48;2;0;0;0m▀[38;2;131;98;8;48;2;65;41;24m▀[38;2;131;98;8;48;2;65;41;24m▀[38;2;111;82;6;48;2;0;0;0m▀[38;2;0;0;0;48;2;0;0;0m▀[38;2;0;0;0m▀[0m [0m [0m [0m [0m [0m [0m [0m [0m [0m
[0m [0m [38;2;0;0;0m▄[38;2;0;0;0m▄[38;2;0;0;0;48;2;65;41;24m▀[38;2;0;0;0;48;2;65;41;24m▀[38;2;0;0;0;48;2;65;41;24m▀[38;2;0;0;0;48;2;65;41;24m▀[38;2;0;0;0;48;2;65;41;24m▀[38;2;0;0;0;48;2;65;41;24m▀[38;2;0;0;0;48;2;65;41;24m▀[38;2;65;41;24;48;2;205;189;32m▀[38;2;255;230;41;48;2;205;189;32m▀[38;2;90;57;0;48;2;205;189;32m▀[38;2;205;189;32;48;2;205;189;32m▀[38;2;205;189;32;48;2;205;189;32m▀[38;2;0;0;0;48;2;205;189;32m▀[38;2;131;98;8;48;2;65;41;24m▀[38;2;131;98;8;48;2;65;41;24m▀[38;2;65;41;24;48;2;65;41;24m▀[38;2;255;230;41;48;2;205;189;32m▀[38;2;255;230;41;48;2;205;189;32m▀[38;2;65;41;24;48;2;255;230;41m▀[38;2;0;0;0;48;2;65;41;24m▀[38;2;0;0;0;48;2;65;41;24m▀[38;2;0;0;0;48;2;65;41;24m▀[38;2;0;0;0;48;2;65;41;24m▀[38;2;0;0;0;48;2;65;41;24m▀[38;2;0;0;0;48;2;0;0;0m▀[38;2;0;0;0m▀[38;2;0;0;0m▀[0m [0m [0m [0m [0m [0m [0m [0m [0m [0m [0m [0m
[0m [38;2;0;0;0m▀[38;2;16;16;16;48;2;0;0;0m▀[38;2;16;16;16;48;2;0;0;0m▀[38;2;255;255;255;48;2;16;16;16m▀[38;2;16;16;16;48;2;255;255;255m▀[38;2;16;16;16;48;2;131;131;131m▀[38;2;255;230;41;48;2;16;16;16m▀[38;2;255;230;41;48;2;255;230;41m▀[38;2;255;230;41;48;2;255;230;41m▀[38;2;205;189;32;48;2;16;16;16m▀[38;2;16;16;16;48;2;65;41;24m▀[38;2;16;16;16;48;2;65;41;24m▀[38;2;65;41;24;48;2;255;230;41m▀[38;2;65;41;24;48;2;255;230;41m▀[38;2;65;41;24;48;2;255;230;41m▀[38;2;65;41;24;48;2;205;189;32m▀[38;2;205;189;32;48;2;16;16;16m▀[38;2;65;41;24;48;2;255;230;41m▀[38;2;255;230;41;48;2;205;189;32m▀[38;2;205;189;32;48;2;205;189;32m▀[38;2;205;189;32;48;2;205;189;32m▀[38;2;205;189;32;48;2;205;189;32m▀[38;2;205;189;32;48;2;205;189;32m▀[38;2;205;189;32;48;2;16;16;16m▀[38;2;205;189;32;48;2;16;16;16m▀[38;2;205;189;32;48;2;16;16;16m▀[38;2;205;189;32;48;2;16;16;16m▀[38;2;16;16;16;48;2;189;189;189m▀[38;2;0;0;0;48;2;16;16;16m▀[38;2;0;0;0m▄[0m [0m [0m [0m [0m [0m [0m [0m [0m [0m [0m [0m
[0m [0m [0m [38;2;0;0;0m▀[38;2;16;16;16;48;2;0;0;0m▀[38;2;255;255;255;48;2;16;16;16m▀[38;2;131;131;131;48;2;16;16;16m▀[38;2;16;16;16;48;2;16;16;16m▀[38;2;255;230;41;48;2;16;16;16m▀[38;2;255;230;41;48;2;16;16;16m▀[38;2;16;16;16;48;2;16;16;16m▀[38;2;65;41;24;48;2;255;255;255m▀[38;2;65;41;24;48;2;131;131;131m▀[38;2;255;230;41;48;2;16;16;16m▀[38;2;255;230;41;48;2;16;16;16m▀[38;2;255;230;41;48;2;16;16;16m▀[38;2;205;189;32;48;2;16;16;16m▀[38;2;16;16;16;48;2;255;255;255m▀[38;2;255;230;41;48;2;131;131;131m▀[38;2;205;189;32;48;2;205;189;32m▀[38;2;205;189;32;48;2;16;16;16m▀[38;2;205;189;32;48;2;16;16;16m▀[38;2;205;189;32;48;2;16;16;16m▀[38;2;205;189;32;48;2;16;16;16m▀[38;2;16;16;16;48;2;0;0;0m▀[38;2;16;16;16;48;2;0;0;0m▀[38;2;16;16;16;48;2;0;0;0m▀[38;2;16;16;16;48;2;0;0;0m▀[38;2;189;189;189;48;2;16;16;16m▀[38;2;16;16;16;48;2;16;16;16m▀[38;2;0;0;0;48;2;0;0;0m▀[0m [0m [0m [0m [0m [0m [0m [0m [0m [0m [0m [0m
