[0m [0m [0m [0m [0m [0m [0m [0m [0m [0m [0m [38;2;0;0;0m▄[38;2;0;0;0;48;2;125;56;51m▀[38;2;125;56;51;48;2;207;117;43m▀[38;2;125;56;51;48;2;125;56;51m▀[38;2;0;0;0;48;2;0;0;0m▀[0m [0m [0m [0m [0m [0m [0m [0m [0m [0m [0m [0m [0m [0m [0m [0m [0m [0m [0m [0m [0m [0m [0m [0m [0m [0m [0m [0m [0m [0m [0m [0m [0m [0m [0m [0m [0m [0m [0m [0m [0m
[0m [0m [0m [0m [0m [0m [0m [0m [0m [0m [38;2;0;0;0;48;2;0;0;0m▀[38;2;125;56;51;48;2;125;56;51m▀[38;2;207;117;43;48;2;207;117;43m▀[38;2;207;117;43;48;2;207;117;43m▀[38;2;125;56;51;48;2;125;56;51m▀[38;2;0;0;0;48;2;0;0;0m▀[0m [0m [0m [0m [0m [0m [0m [0m [0m [0m [0m [0m [0m [0m [0m [0m [0m [0m [0m [0m [0m [0m [0m [0m [0m [0m [0m [0m [0m [0m [0m [0m [0m [0m [0m [0m [0m [0m [38;2;0;0;0m▄[0m [0m
[0m [0m [0m [0m [0m [0m [0m [38;2;0;0;0m▄[38;2;0;0;0;48;2;59;32;39m▀[38;2;0;0;0;48;2;59;32;39m▀[38;2;59;32;39;48;2;207;117;43m▀[38;2;207;117;43;48;2;207;117;43m▀[38;2;207;117;43;48;2;207;117;43m▀[38;2;207;117;43;48;2;207;117;43m▀[38;2;125;56;51;48;2;125;56;51m▀[38;2;0;0;0;48;2;0;0;0m▀[0m [0m [0m [0m [0m [0m [0m [0m [0m [0m [0m [0m [0m [0m [0m [0m [0m [0m [0m [0m [0m [0m [0m [0m [0m [0m [0m [0m [0m [0m [38;2;0;0;0m▄[38;2;0;0;0m▄[0m [0m [0m [38;2;0;0;0m▄[38;2;0;0;0;48;2;230;57;0m▀[38;2;0;0;0;48;2;230;57;0m▀[38;2;230;57;0;48;2;230;57;0m▀[38;2;0;0;0;48;2;0;0;0m▀[0m
[0m [0m [0m [0m [0m [0m [38;2;0;0;0;48;2;0;0;0m▀[38;2;59;32;39;48;2;230;57;0m▀[38;2;171;81;48;48;2;255;213;8m▀[38;2;171;81;48;48;2;255;213;8m▀[38;2;207;117;43;48;2;246;164;0m▀[38;2;207;117;43;48;2;207;117;43m▀[38;2;207;117;43;48;2;207;117;43m▀[38;2;207;117;43;48;2;59;32;39m▀[38;2;59;32;39;48;2;0;0;0m▀[38;2;0;0;0m▀[0m [0m [0m [0m [0m [0m [0m [0m [0m [0m [0m [0m [0m [0m [0m [0m [0m [0m [0m [0m [0m [0m [0m [0m [0m [0m [38;2;0;0;0m▄[0m [38;2;0;0;0m▄[38;2;0;0;0;48;2;230;57;0m▀[38;2;230;57;0;48;2;230;57;0m▀[38;2;230;57;0;48;2;230;57;0m▀[38;2;0;0;0;48;2;0;0;0m▀[38;2;0;0;0m▄[38;2;0;0;0;48;2;230;57;0m▀[38;2;0;0;0;48;2;0;0;0m▀[38;2;230;57;0;48;2;0;0;0m▀[38;2;230;57;0;48;2;0;0;0m▀[38;2;0;0;0m▀[0m [0m
[0m [0m [0m [0m [0m [38;2;0;0;0;48;2;0;0;0m▀[38;2;59;32;39;48;2;59;32;39m▀[38;2;255;213;8;48;2;255;213;8m▀[38;2;255;213;8;48;2;255;213;8m▀[38;2;255;213;8;48;2;255;213;8m▀[38;2;255;213;8;48;2;255;213;8m▀[38;2;255;213;8;48;2;255;213;8m▀[38;2;207;117;43;48;2;207;117;43m▀[38;2;59;32;39;48;2;59;32;39m▀[38;2;0;0;0;48;2;0;0;0m▀[0m [0m [0m [0m [0m [0m [0m [0m [0m [0m [0m [0m [0m [0m [0m [0m [0m [0m [0m [0m [0m [0m [0m [0m [0m [0m [38;2;0;0;0;48;2;0;0;0m▀[38;2;230;57;0;48;2;230;57;0m▀[38;2;0;0;0;48;2;0;0;0m▀[38;2;0;0;0;48;2;0;0;0m▀[38;2;230;57;0;48;2;230;57;0m▀[38;2;0;0;0;48;2;0;0;0m▀[38;2;0;0;0m▀[0m [38;2;0;0;0;48;2;0;0;0m▀[38;2;230;57;0;48;2;230;57;0m▀[38;2;0;0;0;48;2;0;0;0m▀[0m [0m [0m [0m [0m
[0m [0m [0m [0m [0m [38;2;0;0;0;48;2;0;0;0m▀[38;2;59;32;39;48;2;59;32;39m▀[38;2;171;81;48;48;2;171;81;48m▀[38;2;171;81;48;48;2;171;81;48m▀[38;2;171;81;48;48;2;171;81;48m▀[38;2;255;213;8;48;2;171;81;48m▀[38;2;255;213;8;48;2;246;164;0m▀[38;2;230;57;0;48;2;16;16;16m▀[38;2;59;32;39;48;2;0;0;0m▀[38;2;0;0;0m▀[0m [0m [0m [0m [0m [0m [0m [0m [38;2;0;0;0m▄[38;2;0;0;0m▄[38;2;0;0;0m▄[38;2;0;0;0;48;2;125;56;51m▀[38;2;0;0;0;48;2;59;32;39m▀[38;2;0;0;0;48;2;59;32;39m▀[38;2;0;0;0;48;2;59;32;39m▀[38;2;0;0;0;48;2;59;32;39m▀[38;2;0;0;0;48;2;59;32;39m▀[38;2;0;0;0;48;2;59;32;39m▀[38;2;0;0;0m▄[0m [0m [0m [0m [0m [38;2;0;0;0m▄[38;2;0;0;0m▄[38;2;0;0;0m▀[38;2;230;57;0;48;2;0;0;0m▀[38;2;230;57;0;48;2;230;57;0m▀[38;2;0;0;0;48;2;230;57;0m▀[38;2;0;0;0;48;2;0;0;0m▀[0m [38;2;0;0;0m▄[38;2;0;0;0;48;2;230;57;0m▀[38;2;230;57;0;48;2;230;57;0m▀[38;2;230;57;0;48;2;230;57;0m▀[38;2;0;0;0;48;2;0;0;0m▀[0m [0m [38;2;0;0;0m▄[38;2;0;0;0;48;2;230;57;0m▀[0m
[0m [0m [0m [0m [38;2;0;0;0;48;2;0;0;0m▀[38;2;59;32;39;48;2;59;32;39m▀[38;2;171;81;48;48;2;171;81;48m▀[38;2;171;81;48;48;2;125;56;51m▀[38;2;171;81;48;48;2;125;56;51m▀[38;2;171;81;48;48;2;125;56;51m▀[38;2;125;56;51;48;2;125;56;51m▀[38;2;125;56;51;48;2;16;16;16m▀[38;2;16;16;16;48;2;0;0;0m▀[38;2;0;0;0m▀[0m [0m [0m [0m [0m [38;2;0;0;0m▄[38;2;0;0;0;48;2;230;57;0m▀[38;2;0;0;0;48;2;230;57;0m▀[38;2;0;0;0;48;2;230;57;0m▀[38;2;59;32;39;48;2;255;213;8m▀[38;2;59;32;39;48;2;255;213;8m▀[38;2;125;56;51;48;2;255;213;8m▀[38;2;207;117;43;48;2;207;117;43m▀[38;2;207;117;43;48;2;207;117;43m▀[38;2;207;117;43;48;2;207;117;43m▀[38;2;207;117;43;48;2;207;117;43m▀[38;2;207;117;43;48;2;171;81;48m▀[38;2;207;117;43;48;2;125;56;51m▀[38;2;125;56;51;48;2;0;0;0m▀[38;2;0;0;0m▀[0m [0m [0m [38;2;0;0;0m▄[38;2;0;0;0;48;2;230;57;0m▀[38;2;230;57;0;48;2;230;57;0m▀[38;2;230;57;0;48;2;230;57;0m▀[38;2;0;0;0;48;2;0;0;0m▀[38;2;230;57;0;48;2;230;57;0m▀[38;2;230;57;0;48;2;246;164;0m▀[38;2;230;57;0;48;2;230;57;0m▀[38;2;0;0;0;48;2;230;57;0m▀[38;2;0;0;0m▄[38;2;0;0;0;48;2;0;0;0m▀[38;2;230;57;0;48;2;230;57;0m▀[38;2;230;57;0;48;2;246;164;0m▀[38;2;230;57;0;48;2;230;57;0m▀[38;2;0;0;0;48;2;230;57;0m▀[38;2;0;0;0m▄[38;2;0;0;0;48;2;0;0;0m▀[38;2;230;57;0;48;2;230;57;0m▀[38;2;230;57;0;48;2;230;57;0m▀[0m
[0m [0m [0m [0m [38;2;0;0;0;48;2;0;0;0m▀[38;2;59;32;39;48;2;59;32;39m▀[38;2;125;56;51;48;2;125;56;51m▀[38;2;125;56;51;48;2;125;56;51m▀[38;2;125;56;51;48;2;125;56;51m▀[38;2;125;56;51;48;2;125;56;51m▀[38;2;16;16;16;48;2;16;16;16m▀[38;2;0;0;0;48;2;0;0;0m▀[38;2;0;0;0m▄[0m [0m [0m [0m [0m [38;2;0;0;0;48;2;0;0;0m▀[38;2;59;32;39;48;2;59;32;39m▀[38;2;171;81;48;48;2;171;81;48m▀[38;2;171;81;48;48;2;171;81;48m▀[38;2;171;81;48;48;2;171;81;48m▀[38;2;207;117;43;48;2;207;117;43m▀[38;2;255;213;8;48;2;255;213;8m▀[38;2;255;213;8;48;2;255;213;8m▀[38;2;246;164;0;48;2;246;164;0m▀[38;2;171;81;48;48;2;171;81;48m▀[38;2;171;81;48;48;2;171;81;48m▀[38;2;171;81;48;48;2;171;81;48m▀[38;2;59;32;39;48;2;59;32;39m▀[38;2;0;0;0;48;2;0;0;0m▀[0m [0m [0m [0m [0m [38;2;0;0;0;48;2;0;0;0m▀[38;2;230;57;0;48;2;230;57;0m▀[38;2;0;0;0;48;2;0;0;0m▀[38;2;0;0;0;48;2;0;0;0m▀[38;2;230;57;0;48;2;230;57;0m▀[38;2;230;57;0;48;2;230;57;0m▀[38;2;246;164;0;48;2;246;164;0m▀[38;2;246;164;0;48;2;246;164;0m▀[38;2;230;57;0;48;2;230;57;0m▀[38;2;230;57;0;48;2;230;57;0m▀[38;2;230;57;0;48;2;230;57;0m▀[38;2;230;57;0;48;2;230;57;0m▀[38;2;246;164;0;48;2;246;164;0m▀[38;2;246;164;0;48;2;246;164;0m▀[38;2;230;57;0;48;2;230;57;0m▀[38;2;0;0;0;48;2;0;0;0m▀[38;2;0;0;0;48;2;0;0;0m▀[38;2;230;57;0;48;2;230;57;0m▀[38;2;0;0;0;48;2;0;0;0m▀[0m
[0m [0m [0m [0m [38;2;0;0;0;48;2;0;0;0m▀[38;2;59;32;39;48;2;59;32;39m▀[38;2;125;56;51;48;2;59;32;39m▀[38;2;125;56;51;48;2;207;117;43m▀[38;2;59;32;39;48;2;207;117;43m▀[38;2;59;32;39;48;2;207;117;43m▀[38;2;59;32;39;48;2;207;117;43m▀[38;2;59;32;39;48;2;207;117;43m▀[38;2;59;32;39;48;2;207;117;43m▀[38;2;0;0;0;48;2;125;56;51m▀[38;2;0;0;0;48;2;59;32;39m▀[38;2;0;0;0m▄[38;2;0;0;0m▄[38;2;0;0;0;48;2;59;32;39m▀[38;2;59;32;39;48;2;125;56;51m▀[38;2;171;81;48;48;2;125;56;51m▀[38;2;171;81;48;48;2;171;81;48m▀[38;2;171;81;48;48;2;171;81;48m▀[38;2;171;81;48;48;2;171;81;48m▀[38;2;171;81;48;48;2;171;81;48m▀[38;2;246;164;0;48;2;171;81;48m▀[38;2;246;164;0;48;2;246;164;0m▀[38;2;246;164;0;48;2;230;57;0m▀[38;2;171;81;48;48;2;59;32;39m▀[38;2;171;81;48;48;2;59;32;39m▀[38;2;59;32;39;48;2;0;0;0m▀[38;2;0;0;0m▀[0m [0m [0m [0m [0m [38;2;0;0;0m▄[38;2;0;0;0;48;2;230;57;0m▀[38;2;0;0;0;48;2;0;0;0m▀[38;2;0;0;0;48;2;230;57;0m▀[38;2;0;0;0;48;2;230;57;0m▀[38;2;230;57;0;48;2;230;57;0m▀[38;2;230;57;0;48;2;246;164;0m▀[38;2;255;213;8;48;2;246;164;0m▀[38;2;246;164;0;48;2;255;213;8m▀[38;2;230;57;0;48;2;230;57;0m▀[38;2;230;57;0;48;2;246;164;0m▀[38;2;230;57;0;48;2;246;164;0m▀[38;2;246;164;0;48;2;255;213;8m▀[38;2;255;213;8;48;2;246;164;0m▀[38;2;246;164;0;48;2;230;57;0m▀[38;2;230;57;0;48;2;230;57;0m▀[38;2;0;0;0;48;2;0;0;0m▀[0m [38;2;0;0;0m▀[38;2;0;0;0m▄[0m
[0m [38;2;0;0;0m▄[38;2;0;0;0;48;2;125;56;51m▀[38;2;0;0;0;48;2;125;56;51m▀[38;2;125;56;51;48;2;207;117;43m▀[38;2;207;117;43;48;2;255;213;8m▀[38;2;255;213;8;48;2;207;117;43m▀[38;2;246;164;0;48;2;207;117;43m▀[38;2;230;57;0;48;2;230;57;0m▀[38;2;230;57;0;48;2;230;57;0m▀[38;2;207;117;43;48;2;207;117;43m▀[38;2;207;117;43;48;2;207;117;43m▀[38;2;207;117;43;48;2;207;117;43m▀[38;2;207;117;43;48;2;207;117;43m▀[38;2;207;117;43;48;2;171;81;48m▀[38;2;59;32;39;48;2;125;56;51m▀[38;2;59;32;39;48;2;125;56;51m▀[38;2;125;56;51;48;2;125;56;51m▀[38;2;125;56;51;48;2;125;56;51m▀[38;2;125;56;51;48;2;125;56;51m▀[38;2;125;56;51;48;2;125;56;51m▀[38;2;125;56;51;48;2;125;56;51m▀[38;2;125;56;51;48;2;125;56;51m▀[38;2;171;81;48;48;2;125;56;51m▀[38;2;171;81;48;48;2;59;32;39m▀[38;2;230;57;0;48;2;59;32;39m▀[38;2;59;32;39;48;2;0;0;0m▀[38;2;0;0;0m▀[38;2;0;0;0m▀[0m [0m [0m [0m [0m [0m [0m [38;2;0;0;0m▀[38;2;230;57;0;48;2;0;0;0m▀[38;2;230;57;0;48;2;230;57;0m▀[38;2;230;57;0;48;2;230;57;0m▀[38;2;230;57;0;48;2;230;57;0m▀[38;2;230;57;0;48;2;255;213;8m▀[38;2;246;164;0;48;2;246;164;0m▀[38;2;255;213;8;48;2;255;213;8m▀[38;2;255;213;8;48;2;255;213;8m▀[38;2;255;213;8;48;2;255;213;8m▀[38;2;255;213;8;48;2;255;213;8m▀[38;2;255;213;8;48;2;255;213;8m▀[38;2;255;213;8;48;2;246;164;0m▀[38;2;246;164;0;48;2;230;57;0m▀[38;2;230;57;0;48;2;230;57;0m▀[38;2;230;57;0;48;2;0;0;0m▀[38;2;0;0;0;48;2;0;0;0m▀[38;2;0;0;0m▄[38;2;0;0;0;48;2;230;57;0m▀[38;2;230;57;0;48;2;230;57;0m▀[0m
[0m [38;2;0;0;0;48;2;0;0;0m▀[38;2;125;56;51;48;2;125;56;51m▀[38;2;125;56;51;48;2;125;56;51m▀[38;2;246;164;0;48;2;246;164;0m▀[38;2;207;117;43;48;2;207;117;43m▀[38;2;207;117;43;48;2;207;117;43m▀[38;2;246;164;0;48;2;246;164;0m▀[38;2;246;164;0;48;2;246;164;0m▀[38;2;246;164;0;48;2;246;164;0m▀[38;2;207;117;43;48;2;207;117;43m▀[38;2;207;117;43;48;2;207;117;43m▀[38;2;171;81;48;48;2;171;81;48m▀[38;2;207;117;43;48;2;207;117;43m▀[38;2;125;56;51;48;2;125;56;51m▀[38;2;125;56;51;48;2;125;56;51m▀[38;2;125;56;51;48;2;125;56;51m▀[38;2;125;56;51;48;2;125;56;51m▀[38;2;125;56;51;48;2;125;56;51m▀[38;2;125;56;51;48;2;125;56;51m▀[38;2;16;16;16;48;2;16;16;16m▀[38;2;16;16;16;48;2;16;16;16m▀[38;2;16;16;16;48;2;16;16;16m▀[38;2;16;16;16;48;2;16;16;16m▀[38;2;0;0;0;48;2;0;0;0m▀[38;2;0;0;0m▀[0m [0m [0m [0m [0m [0m [0m [0m [0m [0m [0m [38;2;0;0;0;48;2;0;0;0m▀[38;2;230;57;0;48;2;230;57;0m▀[38;2;246;164;0;48;2;246;164;0m▀[38;2;246;164;0;48;2;246;164;0m▀[38;2;255;213;8;48;2;255;213;8m▀[38;2;255;213;8;48;2;255;213;8m▀[38;2;255;213;8;48;2;255;213;8m▀[38;2;255;213;8;48;2;255;213;8m▀[38;2;246;164;0;48;2;246;164;0m▀[38;2;246;164;0;48;2;246;164;0m▀[38;2;246;164;0;48;2;246;164;0m▀[38;2;230;57;0;48;2;230;57;0m▀[38;2;230;57;0;48;2;230;57;0m▀[38;2;230;57;0;48;2;230;57;0m▀[38;2;0;0;0;48;2;0;0;0m▀[38;2;230;57;0;48;2;230;57;0m▀[38;2;230;57;0;48;2;230;57;0m▀[38;2;230;57;0;48;2;230;57;0m▀[38;2;0;0;0;48;2;0;0;0m▀[0m
[38;2;0;0;0;48;2;0;0;0m▀[38;2;8;57;139;48;2;255;238;222m▀[38;2;125;56;51;48;2;125;56;51m▀[38;2;125;56;51;48;2;125;56;51m▀[38;2;230;57;0;48;2;230;57;0m▀[38;2;207;117;43;48;2;246;164;0m▀[38;2;246;164;0;48;2;255;213;8m▀[38;2;255;213;8;48;2;207;117;43m▀[38;2;207;117;43;48;2;171;81;48m▀[38;2;207;117;43;48;2;171;81;48m▀[38;2;207;117;43;48;2;171;81;48m▀[38;2;171;81;48;48;2;125;56;51m▀[38;2;171;81;48;48;2;125;56;51m▀[38;2;171;81;48;48;2;171;81;48m▀[38;2;171;81;48;48;2;171;81;48m▀[38;2;16;16;16;48;2;171;81;48m▀[38;2;16;16;16;48;2;171;81;48m▀[38;2;16;16;16;48;2;171;81;48m▀[38;2;16;16;16;48;2;59;32;39m▀[38;2;16;16;16;48;2;0;0;0m▀[38;2;0;0;0m▀[38;2;0;0;0m▀[38;2;0;0;0m▀[38;2;0;0;0m▀[0m [0m [0m [0m [0m [0m [0m [0m [0m [0m [0m [0m [38;2;0;0;0m▄[38;2;0;0;0;48;2;59;32;39m▀[38;2;230;57;0;48;2;246;164;0m▀[38;2;246;164;0;48;2;246;164;0m▀[38;2;246;164;0;48;2;246;164;0m▀[38;2;255;213;8;48;2;246;164;0m▀[38;2;255;213;8;48;2;255;213;8m▀[38;2;255;213;8;48;2;255;213;8m▀[38;2;246;164;0;48;2;255;213;8m▀[38;2;246;164;0;48;2;255;213;8m▀[38;2;230;57;0;48;2;246;164;0m▀[38;2;230;57;0;48;2;246;164;0m▀[38;2;230;57;0;48;2;255;213;8m▀[38;2;246;164;0;48;2;246;164;0m▀[38;2;230;57;0;48;2;246;164;0m▀[38;2;230;57;0;48;2;246;164;0m▀[38;2;230;57;0;48;2;230;57;0m▀[38;2;230;57;0;48;2;230;57;0m▀[38;2;0;0;0;48;2;230;57;0m▀[38;2;0;0;0m▄[0m
[38;2;0;0;0;48;2;125;56;51m▀[38;2;24;139;180;48;2;207;117;43m▀[38;2;207;117;43;48;2;207;117;43m▀[38;2;207;117;43;48;2;207;117;43m▀[38;2;207;117;43;48;2;207;117;43m▀[38;2;207;117;43;48;2;207;117;43m▀[38;2;171;81;48;48;2;207;117;43m▀[38;2;171;81;48;48;2;8;57;139m▀[38;2;49;172;238;48;2;16;16;16m▀[38;2;49;172;238;48;2;16;16;16m▀[38;2;255;238;222;48;2;8;57;139m▀[38;2;8;57;139;48;2;24;139;180m▀[38;2;16;16;16;48;2;16;16;16m▀[38;2;171;81;48;48;2;171;81;48m▀[38;2;171;81;48;48;2;171;81;48m▀[38;2;171;81;48;48;2;171;81;48m▀[38;2;171;81;48;48;2;171;81;48m▀[38;2;171;81;48;48;2;171;81;48m▀[38;2;59;32;39;48;2;59;32;39m▀[38;2;0;0;0;48;2;0;0;0m▀[0m [0m [0m [0m [0m [0m [0m [0m [0m [0m [0m [0m [0m [38;2;0;0;0m▄[38;2;0;0;0m▄[38;2;0;0;0;48;2;59;32;39m▀[38;2;59;32;39;48;2;171;81;48m▀[38;2;171;81;48;48;2;171;81;48m▀[38;2;207;117;43;48;2;171;81;48m▀[38;2;207;117;43;48;2;207;117;43m▀[38;2;207;117;43;48;2;207;117;43m▀[38;2;246;164;0;48;2;207;117;43m▀[38;2;255;213;8;48;2;246;164;0m▀[38;2;255;213;8;48;2;255;213;8m▀[38;2;255;213;8;48;2;246;164;0m▀[38;2;246;164;0;48;2;246;164;0m▀[38;2;246;164;0;48;2;230;57;0m▀[38;2;246;164;0;48;2;230;57;0m▀[38;2;246;164;0;48;2;230;57;0m▀[38;2;230;57;0;48;2;230;57;0m▀[38;2;230;57;0;48;2;0;0;0m▀[38;2;230;57;0;48;2;0;0;0m▀[38;2;230;57;0;48;2;0;0;0m▀[38;2;230;57;0;48;2;0;0;0m▀[38;2;0;0;0m▀[0m [0m
[38;2;171;81;48;48;2;171;81;48m▀[38;2;125;56;51;48;2;125;56;51m▀[38;2;207;117;43;48;2;207;117;43m▀[38;2;207;117;43;48;2;207;117;43m▀[38;2;207;117;43;48;2;207;117;43m▀[38;2;207;117;43;48;2;207;117;43m▀[38;2;171;81;48;48;2;171;81;48m▀[38;2;125;56;51;48;2;125;56;51m▀[38;2;16;16;16;48;2;16;16;16m▀[38;2;16;16;16;48;2;16;16;16m▀[38;2;24;139;180;48;2;24;139;180m▀[38;2;16;16;16;48;2;16;16;16m▀[38;2;171;81;48;48;2;171;81;48m▀[38;2;171;81;48;48;2;171;81;48m▀[38;2;171;81;48;48;2;171;81;48m▀[38;2;171;81;48;48;2;171;81;48m▀[38;2;171;81;48;48;2;171;81;48m▀[38;2;171;81;48;48;2;171;81;48m▀[38;2;59;32;39;48;2;59;32;39m▀[38;2;0;0;0;48;2;0;0;0m▀[0m [0m [0m [0m [0m [0m [0m [0m [0m [0m [0m [0m [38;2;0;0;0;48;2;0;0;0m▀[38;2;59;32;39;48;2;59;32;39m▀[38;2;59;32;39;48;2;59;32;39m▀[38;2;125;56;51;48;2;125;56;51m▀[38;2;171;81;48;48;2;171;81;48m▀[38;2;171;81;48;48;2;171;81;48m▀[38;2;171;81;48;48;2;171;81;48m▀[38;2;171;81;48;48;2;171;81;48m▀[38;2;171;81;48;48;2;171;81;48m▀[38;2;207;117;43;48;2;207;117;43m▀[38;2;246;164;0;48;2;246;164;0m▀[38;2;246;164;0;48;2;246;164;0m▀[38;2;246;164;0;48;2;246;164;0m▀[38;2;230;57;0;48;2;230;57;0m▀[38;2;230;57;0;48;2;230;57;0m▀[38;2;230;57;0;48;2;230;57;0m▀[38;2;0;0;0;48;2;0;0;0m▀[38;2;0;0;0m▀[0m [0m [0m [0m [0m [0m [0m
[38;2;125;56;51;48;2;59;32;39m▀[38;2;171;81;48;48;2;125;56;51m▀[38;2;171;81;48;48;2;171;81;48m▀[38;2;171;81;48;48;2;171;81;48m▀[38;2;171;81;48;48;2;171;81;48m▀[38;2;125;56;51;48;2;171;81;48m▀[38;2;171;81;48;48;2;171;81;48m▀[38;2;171;81;48;48;2;171;81;48m▀[38;2;171;81;48;48;2;125;56;51m▀[38;2;171;81;48;48;2;125;56;51m▀[38;2;171;81;48;48;2;59;32;39m▀[38;2;171;81;48;48;2;59;32;39m▀[38;2;171;81;48;48;2;125;56;51m▀[38;2;171;81;48;48;2;171;81;48m▀[38;2;171;81;48;48;2;171;81;48m▀[38;2;171;81;48;48;2;125;56;51m▀[38;2;171;81;48;48;2;125;56;51m▀[38;2;125;56;51;48;2;16;16;16m▀[38;2;0;0;0;48;2;0;0;0m▀[0m [0m [0m [0m [0m [0m [0m [0m [0m [0m [0m [0m [38;2;0;0;0m▄[38;2;0;0;0;48;2;59;32;39m▀[38;2;59;32;39;48;2;125;56;51m▀[38;2;59;32;39;48;2;125;56;51m▀[38;2;125;56;51;48;2;125;56;51m▀[38;2;125;56;51;48;2;125;56;51m▀[38;2;171;81;48;48;2;125;56;51m▀[38;2;171;81;48;48;2;125;56;51m▀[38;2;171;81;48;48;2;125;56;51m▀[38;2;171;81;48;48;2;125;56;51m▀[38;2;171;81;48;48;2;125;56;51m▀[38;2;207;117;43;48;2;125;56;51m▀[38;2;246;164;0;48;2;230;57;0m▀[38;2;230;57;0;48;2;59;32;39m▀[38;2;230;57;0;48;2;0;0;0m▀[38;2;0;0;0m▀[38;2;0;0;0m▀[0m [0m [0m [0m [0m [0m [0m [0m [0m
[38;2;0;0;0m▀[38;2;59;32;39;48;2;0;0;0m▀[38;2;59;32;39;48;2;16;16;16m▀[38;2;59;32;39;48;2;16;16;16m▀[38;2;59;32;39;48;2;16;16;16m▀[38;2;59;32;39;48;2;125;56;51m▀[38;2;59;32;39;48;2;125;56;51m▀[38;2;59;32;39;48;2;125;56;51m▀[38;2;59;32;39;48;2;125;56;51m▀[38;2;59;32;39;48;2;125;56;51m▀[38;2;245;255;232;48;2;125;56;51m▀[38;2;125;56;51;48;2;171;81;48m▀[38;2;171;81;48;48;2;125;56;51m▀[38;2;171;81;48;48;2;125;56;51m▀[38;2;125;56;51;48;2;125;56;51m▀[38;2;125;56;51;48;2;125;56;51m▀[38;2;125;56;51;48;2;125;56;51m▀[38;2;16;16;16;48;2;125;56;51m▀[38;2;0;0;0;48;2;0;0;0m▀[0m [0m [0m [0m [0m [38;2;0;0;0m▄[38;2;0;0;0m▄[38;2;0;0;0m▄[38;2;0;0;0;48;2;59;32;39m▀[38;2;0;0;0;48;2;59;32;39m▀[38;2;0;0;0;48;2;59;32;39m▀[38;2;0;0;0;48;2;59;32;39m▀[38;2;0;0;0;48;2;125;56;51m▀[38;2;59;32;39;48;2;125;56;51m▀[38;2;125;56;51;48;2;125;56;51m▀[38;2;125;56;51;48;2;125;56;51m▀[38;2;125;56;51;48;2;125;56;51m▀[38;2;125;56;51;48;2;125;56;51m▀[38;2;125;56;51;48;2;16;16;16m▀[38;2;125;56;51;48;2;16;16;16m▀[38;2;125;56;51;48;2;16;16;16m▀[38;2;125;56;51;48;2;16;16;16m▀[38;2;125;56;51;48;2;16;16;16m▀[38;2;16;16;16;48;2;0;0;0m▀[38;2;16;16;16;48;2;0;0;0m▀[38;2;0;0;0m▀[0m [0m [0m [0m [0m [0m [0m [0m [0m [0m [0m [0m
[0m [0m [38;2;0;0;0m▀[38;2;0;0;0m▀[38;2;0;0;0m▀[38;2;16;16;16;48;2;0;0;0m▀[38;2;16;16;16;48;2;0;0;0m▀[38;2;16;16;16;48;2;0;0;0m▀[38;2;16;16;16;48;2;16;16;16m▀[38;2;16;16;16;48;2;16;16;16m▀[38;2;16;16;16;48;2;125;56;51m▀[38;2;16;16;16;48;2;125;56;51m▀[38;2;16;16;16;48;2;125;56;51m▀[38;2;125;56;51;48;2;125;56;51m▀[38;2;125;56;51;48;2;125;56;51m▀[38;2;125;56;51;48;2;125;56;51m▀[38;2;125;56;51;48;2;125;56;51m▀[38;2;125;56;51;48;2;171;81;48m▀[38;2;59;32;39;48;2;171;81;48m▀[38;2;0;0;0;48;2;171;81;48m▀[38;2;0;0;0;48;2;59;32;39m▀[38;2;0;0;0;48;2;59;32;39m▀[38;2;0;0;0;48;2;59;32;39m▀[38;2;0;0;0;48;2;59;32;39m▀[38;2;59;32;39;48;2;207;117;43m▀[38;2;59;32;39;48;2;207;117;43m▀[38;2;171;81;48;48;2;207;117;43m▀[38;2;207;117;43;48;2;207;117;43m▀[38;2;207;117;43;48;2;207;117;43m▀[38;2;171;81;48;48;2;207;117;43m▀[38;2;171;81;48;48;2;171;81;48m▀[38;2;171;81;48;48;2;171;81;48m▀[38;2;125;56;51;48;2;171;81;48m▀[38;2;16;16;16;48;2;59;32;39m▀[38;2;16;16;16;48;2;59;32;39m▀[38;2;16;16;16;48;2;0;0;0m▀[38;2;16;16;16;48;2;0;0;0m▀[38;2;0;0;0m▀[38;2;0;0;0m▀[38;2;0;0;0m▀[38;2;0;0;0m▀[38;2;0;0;0m▀[0m [0m [0m [0m [0m [0m [0m [0m [0m [0m [0m [0m [0m [0m [0m
[0m [0m [0m [0m [0m [0m [38;2;0;0;0m▄[38;2;0;0;0;48;2;16;16;16m▀[38;2;16;16;16;48;2;125;56;51m▀[38;2;16;16;16;48;2;125;56;51m▀[38;2;125;56;51;48;2;125;56;51m▀[38;2;125;56;51;48;2;125;56;51m▀[38;2;125;56;51;48;2;125;56;51m▀[38;2;125;56;51;48;2;125;56;51m▀[38;2;125;56;51;48;2;171;81;48m▀[38;2;125;56;51;48;2;171;81;48m▀[38;2;125;56;51;48;2;171;81;48m▀[38;2;171;81;48;48;2;171;81;48m▀[38;2;171;81;48;48;2;171;81;48m▀[38;2;171;81;48;48;2;171;81;48m▀[38;2;59;32;39;48;2;207;117;43m▀[38;2;59;32;39;48;2;207;117;43m▀[38;2;59;32;39;48;2;207;117;43m▀[38;2;59;32;39;48;2;207;117;43m▀[38;2;207;117;43;48;2;207;117;43m▀[38;2;207;117;43;48;2;207;117;43m▀[38;2;207;117;43;48;2;207;117;43m▀[38;2;207;117;43;48;2;207;117;43m▀[38;2;207;117;43;48;2;207;117;43m▀[38;2;207;117;43;48;2;207;117;43m▀[38;2;171;81;48;48;2;207;117;43m▀[38;2;171;81;48;48;2;171;81;48m▀[38;2;171;81;48;48;2;171;81;48m▀[38;2;59;32;39;48;2;171;81;48m▀[38;2;59;32;39;48;2;171;81;48m▀[38;2;0;0;0;48;2;59;32;39m▀[38;2;0;0;0m▄[0m [0m [0m [0m [0m [0m [0m [0m [0m [0m [0m [0m [0m [0m [0m [0m [0m [0m [0m [0m
[0m [0m [0m [0m [0m [0m [38;2;0;0;0;48;2;0;0;0m▀[38;2;16;16;16;48;2;16;16;16m▀[38;2;125;56;51;48;2;125;56;51m▀[38;2;125;56;51;48;2;125;56;51m▀[38;2;125;56;51;48;2;125;56;51m▀[38;2;125;56;51;48;2;125;56;51m▀[38;2;125;56;51;48;2;171;81;48m▀[38;2;171;81;48;48;2;171;81;48m▀[38;2;171;81;48;48;2;171;81;48m▀[38;2;171;81;48;48;2;171;81;48m▀[38;2;171;81;48;48;2;171;81;48m▀[38;2;171;81;48;48;2;171;81;48m▀[38;2;171;81;48;48;2;171;81;48m▀[38;2;171;81;48;48;2;171;81;48m▀[38;2;171;81;48;48;2;171;81;48m▀[38;2;207;117;43;48;2;171;81;48m▀[38;2;207;117;43;48;2;171;81;48m▀[38;2;207;117;43;48;2;171;81;48m▀[38;2;207;117;43;48;2;207;117;43m▀[38;2;207;117;43;48;2;207;117;43m▀[38;2;207;117;43;48;2;207;117;43m▀[38;2;207;117;43;48;2;207;117;43m▀[38;2;207;117;43;48;2;207;117;43m▀[38;2;207;117;43;48;2;171;81;48m▀[38;2;171;81;48;48;2;171;81;48m▀[38;2;171;81;48;48;2;171;81;48m▀[38;2;171;81;48;48;2;171;81;48m▀[38;2;171;81;48;48;2;171;81;48m▀[38;2;171;81;48;48;2;171;81;48m▀[38;2;59;32;39;48;2;171;81;48m▀[38;2;0;0;0;48;2;59;32;39m▀[38;2;0;0;0m▄[0m [0m [0m [0m [0m [0m [0m [0m [0m [0m [0m [0m [0m [0m [0m [0m [0m [0m [0m
[0m [0m [0m [0m [0m [0m [38;2;0;0;0m▀[38;2;16;16;16;48;2;0;0;0m▀[38;2;125;56;51;48;2;16;16;16m▀[38;2;125;56;51;48;2;16;16;16m▀[38;2;125;56;51;48;2;230;172;90m▀[38;2;171;81;48;48;2;230;172;90m▀[38;2;171;81;48;48;2;171;81;48m▀[38;2;171;81;48;48;2;171;81;48m▀[38;2;171;81;48;48;2;171;81;48m▀[38;2;171;81;48;48;2;171;81;48m▀[38;2;171;81;48;48;2;171;81;48m▀[38;2;171;81;48;48;2;171;81;48m▀[38;2;171;81;48;48;2;171;81;48m▀[38;2;171;81;48;48;2;171;81;48m▀[38;2;171;81;48;48;2;171;81;48m▀[38;2;171;81;48;48;2;171;81;48m▀[38;2;171;81;48;48;2;171;81;48m▀[38;2;171;81;48;48;2;171;81;48m▀[38;2;171;81;48;48;2;171;81;48m▀[38;2;171;81;48;48;2;171;81;48m▀[38;2;171;81;48;48;2;171;81;48m▀[38;2;171;81;48;48;2;171;81;48m▀[38;2;171;81;48;48;2;171;81;48m▀[38;2;171;81;48;48;2;171;81;48m▀[38;2;171;81;48;48;2;125;56;51m▀[38;2;171;81;48;48;2;171;81;48m▀[38;2;171;81;48;48;2;125;56;51m▀[38;2;171;81;48;48;2;171;81;48m▀[38;2;171;81;48;48;2;171;81;48m▀[38;2;171;81;48;48;2;171;81;48m▀[38;2;59;32;39;48;2;171;81;48m▀[38;2;0;0;0;48;2;59;32;39m▀[38;2;0;0;0m▄[0m [0m [0m [0m [0m [0m [0m [0m [0m [0m [0m [0m [0m [0m [0m [0m [0m [0m
[0m [0m [0m [0m [0m [0m [0m [38;2;0;0;0;48;2;0;0;0m▀[38;2;16;16;16;48;2;16;16;16m▀[38;2;16;16;16;48;2;16;16;16m▀[38;2;230;172;90;48;2;230;172;90m▀[38;2;230;172;90;48;2;255;213;123m▀[38;2;171;81;48;48;2;255;213;123m▀[38;2;171;81;48;48;2;230;172;90m▀[38;2;171;81;48;48;2;171;81;48m▀[38;2;171;81;48;48;2;171;81;48m▀[38;2;171;81;48;48;2;171;81;48m▀[38;2;171;81;48;48;2;171;81;48m▀[38;2;171;81;48;48;2;171;81;48m▀[38;2;171;81;48;48;2;171;81;48m▀[38;2;171;81;48;48;2;171;81;48m▀[38;2;171;81;48;48;2;171;81;48m▀[38;2;171;81;48;48;2;171;81;48m▀[38;2;171;81;48;48;2;171;81;48m▀[38;2;171;81;48;48;2;171;81;48m▀[38;2;171;81;48;48;2;171;81;48m▀[38;2;171;81;48;48;2;171;81;48m▀[38;2;171;81;48;48;2;171;81;48m▀[38;2;171;81;48;48;2;171;81;48m▀[38;2;171;81;48;48;2;171;81;48m▀[38;2;125;56;51;48;2;171;81;48m▀[38;2;171;81;48;48;2;125;56;51m▀[38;2;125;56;51;48;2;171;81;48m▀[38;2;171;81;48;48;2;125;56;51m▀[38;2;171;81;48;48;2;125;56;51m▀[38;2;171;81;48;48;2;246;164;0m▀[38;2;171;81;48;48;2;246;164;0m▀[38;2;59;32;39;48;2;59;32;39m▀[38;2;0;0;0;48;2;0;0;0m▀[0m [0m [0m [0m [0m [0m [0m [0m [0m [0m [0m [0m [0m [0m [0m [0m [0m [0m
[0m [0m [0m [0m [0m [0m [0m [38;2;0;0;0;48;2;0;0;0m▀[38;2;59;32;39;48;2;59;32;39m▀[38;2;59;32;39;48;2;59;32;39m▀[38;2;16;16;16;48;2;125;56;51m▀[38;2;255;213;123;48;2;16;16;16m▀[38;2;255;213;123;48;2;255;213;123m▀[38;2;255;213;123;48;2;255;213;123m▀[38;2;171;81;48;48;2;230;172;90m▀[38;2;171;81;48;48;2;171;81;48m▀[38;2;171;81;48;48;2;171;81;48m▀[38;2;171;81;48;48;2;171;81;48m▀[38;2;171;81;48;48;2;255;213;8m▀[38;2;171;81;48;48;2;255;213;8m▀[38;2;171;81;48;48;2;171;81;48m▀[38;2;171;81;48;48;2;125;56;51m▀[38;2;171;81;48;48;2;125;56;51m▀[38;2;125;56;51;48;2;16;16;16m▀[38;2;125;56;51;48;2;16;16;16m▀[38;2;16;16;16;48;2;125;56;51m▀[38;2;16;16;16;48;2;125;56;51m▀[38;2;171;81;48;48;2;16;16;16m▀[38;2;171;81;48;48;2;16;16;16m▀[38;2;171;81;48;48;2;125;56;51m▀[38;2;125;56;51;48;2;125;56;51m▀[38;2;171;81;48;48;2;125;56;51m▀[38;2;125;56;51;48;2;125;56;51m▀[38;2;255;213;8;48;2;255;213;8m▀[38;2;255;213;8;48;2;255;213;8m▀[38;2;230;57;0;48;2;246;164;0m▀[38;2;230;57;0;48;2;125;56;51m▀[38;2;246;164;0;48;2;230;57;0m▀[38;2;16;16;16;48;2;246;164;0m▀[38;2;0;0;0;48;2;16;16;16m▀[38;2;0;0;0;48;2;16;16;16m▀[38;2;0;0;0m▄[0m [0m [0m [0m [0m [0m [0m [0m [0m [0m [0m [0m [0m [0m [0m
[0m [0m [0m [0m [0m [0m [38;2;0;0;0m▄[38;2;0;0;0;48;2;59;32;39m▀[38;2;59;32;39;48;2;125;56;51m▀[38;2;59;32;39;48;2;125;56;51m▀[38;2;125;56;51;48;2;125;56;51m▀[38;2;125;56;51;48;2;125;56;51m▀[38;2;16;16;16;48;2;125;56;51m▀[38;2;230;172;90;48;2;125;56;51m▀[38;2;230;172;90;48;2;59;32;39m▀[38;2;171;81;48;48;2;171;81;48m▀[38;2;171;81;48;48;2;171;81;48m▀[38;2;255;213;8;48;2;246;164;0m▀[38;2;171;81;48;48;2;171;81;48m▀[38;2;171;81;48;48;2;171;81;48m▀[38;2;246;164;0;48;2;230;57;0m▀[38;2;16;16;16;48;2;16;16;16m▀[38;2;16;16;16;48;2;16;16;16m▀[38;2;0;0;0;48;2;0;0;0m▀[38;2;125;56;51;48;2;0;0;0m▀[38;2;125;56;51;48;2;59;32;39m▀[38;2;125;56;51;48;2;125;56;51m▀[38;2;125;56;51;48;2;125;56;51m▀[38;2;125;56;51;48;2;125;56;51m▀[38;2;16;16;16;48;2;125;56;51m▀[38;2;16;16;16;48;2;125;56;51m▀[38;2;125;56;51;48;2;16;16;16m▀[38;2;125;56;51;48;2;16;16;16m▀[38;2;125;56;51;48;2;125;56;51m▀[38;2;125;56;51;48;2;125;56;51m▀[38;2;255;213;8;48;2;171;81;48m▀[38;2;125;56;51;48;2;246;164;0m▀[38;2;230;57;0;48;2;246;164;0m▀[38;2;246;164;0;48;2;125;56;51m▀[38;2;16;16;16;48;2;125;56;51m▀[38;2;16;16;16;48;2;125;56;51m▀[38;2;0;0;0;48;2;16;16;16m▀[38;2;0;0;0m▄[0m [0m [0m [0m [0m [0m [0m [0m [0m [0m [0m [0m [0m [0m
[0m [0m [0m [0m [0m [0m [38;2;0;0;0;48;2;0;0;0m▀[38;2;59;32;39;48;2;59;32;39m▀[38;2;125;56;51;48;2;125;56;51m▀[38;2;125;56;51;48;2;125;56;51m▀[38;2;125;56;51;48;2;125;56;51m▀[38;2;125;56;51;48;2;125;56;51m▀[38;2;125;56;51;48;2;125;56;51m▀[38;2;125;56;51;48;2;16;16;16m▀[38;2;59;32;39;48;2;59;32;39m▀[38;2;171;81;48;48;2;171;81;48m▀[38;2;171;81;48;48;2;171;81;48m▀[38;2;246;164;0;48;2;246;164;0m▀[38;2;171;81;48;48;2;171;81;48m▀[38;2;171;81;48;48;2;171;81;48m▀[38;2;230;57;0;48;2;230;57;0m▀[38;2;16;16;16;48;2;16;16;16m▀[38;2;16;16;16;48;2;16;16;16m▀[38;2;0;0;0;48;2;0;0;0m▀[38;2;0;0;0m▀[38;2;59;32;39;48;2;0;0;0m▀[38;2;125;56;51;48;2;59;32;39m▀[38;2;125;56;51;48;2;125;56;51m▀[38;2;125;56;51;48;2;125;56;51m▀[38;2;125;56;51;48;2;125;56;51m▀[38;2;125;56;51;48;2;125;56;51m▀[38;2;16;16;16;48;2;16;16;16m▀[38;2;16;16;16;48;2;0;0;0m▀[38;2;125;56;51;48;2;0;0;0m▀[38;2;125;56;51;48;2;0;0;0m▀[38;2;171;81;48;48;2;59;32;39m▀[38;2;246;164;0;48;2;125;56;51m▀[38;2;246;164;0;48;2;125;56;51m▀[38;2;125;56;51;48;2;125;56;51m▀[38;2;125;56;51;48;2;125;56;51m▀[38;2;125;56;51;48;2;125;56;51m▀[38;2;16;16;16;48;2;16;16;16m▀[38;2;0;0;0;48;2;0;0;0m▀[0m [0m [0m [0m [0m [0m [0m [0m [0m [0m [0m [0m [0m [0m
[0m [0m [0m [0m [0m [0m [38;2;0;0;0;48;2;0;0;0m▀[38;2;59;32;39;48;2;59;32;39m▀[38;2;125;56;51;48;2;125;56;51m▀[38;2;125;56;51;48;2;125;56;51m▀[38;2;125;56;51;48;2;125;56;51m▀[38;2;125;56;51;48;2;125;56;51m▀[38;2;16;16;16;48;2;16;16;16m▀[38;2;0;0;0;48;2;0;0;0m▀[38;2;59;32;39;48;2;59;32;39m▀[38;2;171;81;48;48;2;171;81;48m▀[38;2;171;81;48;48;2;171;81;48m▀[38;2;171;81;48;48;2;171;81;48m▀[38;2;230;57;0;48;2;171;81;48m▀[38;2;230;57;0;48;2;171;81;48m▀[38;2;171;81;48;48;2;16;16;16m▀[38;2;16;16;16;48;2;0;0;0m▀[38;2;16;16;16;48;2;0;0;0m▀[38;2;0;0;0m▀[0m [0m [38;2;0;0;0;48;2;0;0;0m▀[38;2;59;32;39;48;2;59;32;39m▀[38;2;59;32;39;48;2;59;32;39m▀[38;2;125;56;51;48;2;125;56;51m▀[38;2;125;56;51;48;2;125;56;51m▀[38;2;16;16;16;48;2;16;16;16m▀[38;2;0;0;0;48;2;0;0;0m▀[0m [0m [38;2;0;0;0;48;2;0;0;0m▀[38;2;59;32;39;48;2;59;32;39m▀[38;2;125;56;51;48;2;125;56;51m▀[38;2;125;56;51;48;2;125;56;51m▀[38;2;125;56;51;48;2;125;56;51m▀[38;2;125;56;51;48;2;125;56;51m▀[38;2;16;16;16;48;2;16;16;16m▀[38;2;0;0;0;48;2;0;0;0m▀[0m [0m [0m [0m [0m [0m [0m [0m [0m [0m [0m [0m [0m [0m
[0m [0m [0m [0m [0m [38;2;0;0;0m▄[38;2;0;0;0;48;2;59;32;39m▀[38;2;59;32;39;48;2;171;81;48m▀[38;2;125;56;51;48;2;125;56;51m▀[38;2;125;56;51;48;2;125;56;51m▀[38;2;125;56;51;48;2;125;56;51m▀[38;2;125;56;51;48;2;16;16;16m▀[38;2;16;16;16;48;2;0;0;0m▀[38;2;0;0;0;48;2;0;0;0m▀[38;2;59;32;39;48;2;59;32;39m▀[38;2;171;81;48;48;2;171;81;48m▀[38;2;171;81;48;48;2;171;81;48m▀[38;2;171;81;48;48;2;171;81;48m▀[38;2;171;81;48;48;2;171;81;48m▀[38;2;171;81;48;48;2;171;81;48m▀[38;2;16;16;16;48;2;16;16;16m▀[38;2;0;0;0;48;2;0;0;0m▀[0m [0m [0m [38;2;0;0;0m▄[38;2;0;0;0;48;2;59;32;39m▀[38;2;59;32;39;48;2;59;32;39m▀[38;2;59;32;39;48;2;59;32;39m▀[38;2;125;56;51;48;2;125;56;51m▀[38;2;125;56;51;48;2;125;56;51m▀[38;2;16;16;16;48;2;16;16;16m▀[38;2;0;0;0;48;2;0;0;0m▀[0m [0m [0m [38;2;0;0;0;48;2;0;0;0m▀[38;2;59;32;39;48;2;59;32;39m▀[38;2;125;56;51;48;2;125;56;51m▀[38;2;125;56;51;48;2;125;56;51m▀[38;2;125;56;51;48;2;125;56;51m▀[38;2;125;56;51;48;2;125;56;51m▀[38;2;16;16;16;48;2;16;16;16m▀[38;2;0;0;0;48;2;0;0;0m▀[0m [0m [0m [0m [0m [0m [0m [0m [0m [0m [0m [0m [0m
[0m [0m [0m [0m [0m [38;2;0;0;0;48;2;0;0;0m▀[38;2;59;32;39;48;2;59;32;39m▀[38;2;171;81;48;48;2;171;81;48m▀[38;2;125;56;51;48;2;171;81;48m▀[38;2;125;56;51;48;2;171;81;48m▀[38;2;125;56;51;48;2;171;81;48m▀[38;2;16;16;16;48;2;16;16;16m▀[38;2;0;0;0;48;2;0;0;0m▀[38;2;0;0;0;48;2;0;0;0m▀[38;2;59;32;39;48;2;59;32;39m▀[38;2;171;81;48;48;2;171;81;48m▀[38;2;171;81;48;48;2;171;81;48m▀[38;2;171;81;48;48;2;171;81;48m▀[38;2;171;81;48;48;2;171;81;48m▀[38;2;171;81;48;48;2;16;16;16m▀[38;2;16;16;16;48;2;0;0;0m▀[38;2;0;0;0m▀[0m [0m [38;2;0;0;0m▄[38;2;0;0;0;48;2;59;32;39m▀[38;2;59;32;39;48;2;171;81;48m▀[38;2;59;32;39;48;2;171;81;48m▀[38;2;59;32;39;48;2;171;81;48m▀[38;2;125;56;51;48;2;125;56;51m▀[38;2;125;56;51;48;2;125;56;51m▀[38;2;16;16;16;48;2;0;0;0m▀[38;2;0;0;0m▀[0m [0m [0m [38;2;0;0;0;48;2;0;0;0m▀[38;2;59;32;39;48;2;59;32;39m▀[38;2;125;56;51;48;2;125;56;51m▀[38;2;125;56;51;48;2;125;56;51m▀[38;2;125;56;51;48;2;125;56;51m▀[38;2;125;56;51;48;2;125;56;51m▀[38;2;16;16;16;48;2;16;16;16m▀[38;2;0;0;0;48;2;0;0;0m▀[0m [0m [0m [0m [0m [0m [0m [0m [0m [0m [0m [0m [0m
[0m [0m [0m [0m [38;2;0;0;0m▄[38;2;0;0;0;48;2;59;32;39m▀[38;2;59;32;39;48;2;207;117;43m▀[38;2;171;81;48;48;2;207;117;43m▀[38;2;171;81;48;48;2;207;117;43m▀[38;2;171;81;48;48;2;207;117;43m▀[38;2;16;16;16;48;2;16;16;16m▀[38;2;0;0;0;48;2;0;0;0m▀[38;2;0;0;0m▄[38;2;0;0;0;48;2;59;32;39m▀[38;2;59;32;39;48;2;171;81;48m▀[38;2;171;81;48;48;2;171;81;48m▀[38;2;171;81;48;48;2;171;81;48m▀[38;2;171;81;48;48;2;171;81;48m▀[38;2;171;81;48;48;2;16;16;16m▀[38;2;16;16;16;48;2;0;0;0m▀[38;2;0;0;0m▀[0m [0m [0m [38;2;0;0;0m▀[38;2;125;56;51;48;2;0;0;0m▀[38;2;255;255;255;48;2;16;16;16m▀[38;2;125;56;51;48;2;16;16;16m▀[38;2;125;56;51;48;2;16;16;16m▀[38;2;125;56;51;48;2;16;16;16m▀[38;2;16;16;16;48;2;0;0;0m▀[38;2;0;0;0m▀[0m [0m [0m [38;2;0;0;0m▄[38;2;0;0;0;48;2;59;32;39m▀[38;2;59;32;39;48;2;207;117;43m▀[38;2;171;81;48;48;2;207;117;43m▀[38;2;171;81;48;48;2;207;117;43m▀[38;2;171;81;48;48;2;207;117;43m▀[38;2;125;56;51;48;2;16;16;16m▀[38;2;16;16;16;48;2;0;0;0m▀[38;2;0;0;0m▀[0m [0m [0m [0m [0m [0m [0m [0m [0m [0m [0m [0m [0m
[0m [0m [0m [0m [38;2;0;0;0m▀[38;2;59;32;39;48;2;0;0;0m▀[38;2;255;255;255;48;2;16;16;16m▀[38;2;125;56;51;48;2;16;16;16m▀[38;2;125;56;51;48;2;16;16;16m▀[38;2;125;56;51;48;2;16;16;16m▀[38;2;16;16;16;48;2;0;0;0m▀[38;2;0;0;0;48;2;0;0;0m▀[38;2;0;0;0;48;2;59;32;39m▀[38;2;59;32;39;48;2;207;117;43m▀[38;2;171;81;48;48;2;207;117;43m▀[38;2;171;81;48;48;2;207;117;43m▀[38;2;171;81;48;48;2;207;117;43m▀[38;2;171;81;48;48;2;16;16;16m▀[38;2;16;16;16;48;2;0;0;0m▀[38;2;0;0;0m▀[0m [0m [0m [0m [0m [0m [38;2;0;0;0m▀[38;2;0;0;0m▀[38;2;0;0;0m▀[38;2;0;0;0m▀[0m [0m [0m [0m [0m [38;2;0;0;0m▀[38;2;59;32;39;48;2;0;0;0m▀[38;2;255;255;255;48;2;16;16;16m▀[38;2;125;56;51;48;2;16;16;16m▀[38;2;255;255;255;48;2;16;16;16m▀[38;2;255;255;255;48;2;16;16;16m▀[38;2;16;16;16;48;2;0;0;0m▀[38;2;0;0;0m▀[0m [0m [0m [0m [0m [0m [0m [0m [0m [0m [0m [0m [0m [0m
[0m [0m [0m [0m [0m [38;2;0;0;0m▀[38;2;16;16;16;48;2;0;0;0m▀[38;2;16;16;16;48;2;0;0;0m▀[38;2;16;16;16;48;2;0;0;0m▀[38;2;16;16;16;48;2;0;0;0m▀[38;2;0;0;0m▀[38;2;0;0;0;48;2;0;0;0m▀[38;2;59;32;39;48;2;59;32;39m▀[38;2;207;117;43;48;2;255;255;255m▀[38;2;207;117;43;48;2;125;56;51m▀[38;2;207;117;43;48;2;255;255;255m▀[38;2;207;117;43;48;2;255;255;255m▀[38;2;16;16;16;48;2;16;16;16m▀[38;2;0;0;0;48;2;0;0;0m▀[0m [0m [0m [0m [0m [0m [0m [0m [0m [0m [0m [0m [0m [0m [0m [0m [0m [38;2;0;0;0m▀[38;2;16;16;16;48;2;0;0;0m▀[38;2;16;16;16;48;2;0;0;0m▀[38;2;16;16;16;48;2;0;0;0m▀[38;2;16;16;16;48;2;0;0;0m▀[38;2;0;0;0m▀[0m [0m [0m [0m [0m [0m [0m [0m [0m [0m [0m [0m [0m [0m [0m
