[0m [38;2;0;0;0m▄[38;2;0;0;0;48;2;0;0;0m▀[38;2;0;0;0;48;2;0;0;0m▀[38;2;0;0;0;48;2;40;40;40m▀[38;2;0;0;0;48;2;0;0;0m▀[38;2;0;0;0m▄[0m [0m [0m [0m [0m [0m [0m [0m [0m [0m [0m [0m [0m [0m [0m [0m [0m [0m [0m [0m [0m [0m [0m [0m [0m [0m [0m [0m [0m [0m [0m [0m [0m [0m [0m [0m [0m [0m
[0m [38;2;0;0;0;48;2;0;0;0m▀[38;2;0;0;0;48;2;0;0;0m▀[38;2;0;0;0;48;2;0;0;0m▀[38;2;40;40;40;48;2;40;40;40m▀[38;2;0;0;0;48;2;0;0;0m▀[38;2;0;0;0;48;2;0;0;0m▀[0m [0m [0m [0m [0m [0m [0m [0m [0m [0m [0m [0m [0m [0m [0m [0m [0m [0m [0m [0m [0m [0m [0m [0m [0m [0m [0m [0m [0m [0m [0m [0m [0m [0m [0m [0m [0m [0m
[38;2;0;0;0m▄[38;2;0;0;0;48;2;0;0;0m▀[38;2;0;0;0;48;2;40;40;40m▀[38;2;0;0;0;48;2;40;40;40m▀[38;2;40;40;40;48;2;40;40;40m▀[38;2;40;40;40;48;2;40;40;40m▀[38;2;0;0;0;48;2;0;0;0m▀[38;2;0;0;0;48;2;0;0;0m▀[0m [0m [0m [0m [0m [0m [0m [0m [0m [0m [0m [0m [0m [0m [0m [0m [0m [0m [0m [0m [0m [0m [0m [0m [0m [0m [0m [0m [0m [0m [0m [0m [0m [0m [0m [0m [0m
[38;2;0;0;0;48;2;0;0;0m▀[38;2;0;0;0;48;2;0;0;0m▀[38;2;40;40;40;48;2;40;40;40m▀[38;2;40;40;40;48;2;40;40;40m▀[38;2;40;40;40;48;2;64;64;72m▀[38;2;40;40;40;48;2;216;80;56m▀[38;2;96;48;8;48;2;96;48;8m▀[38;2;0;0;0;48;2;0;0;0m▀[0m [0m [0m [0m [0m [0m [0m [0m [0m [0m [0m [0m [0m [0m [0m [0m [38;2;0;0;0m▄[38;2;0;0;0m▄[38;2;0;0;0m▄[38;2;0;0;0;48;2;40;40;40m▀[38;2;0;0;0;48;2;40;40;40m▀[38;2;0;0;0;48;2;40;40;40m▀[38;2;0;0;0;48;2;40;40;40m▀[38;2;0;0;0;48;2;40;40;40m▀[38;2;0;0;0m▄[38;2;0;0;0m▄[0m [0m [0m [0m [0m [0m [0m [0m [0m [0m [0m
[38;2;0;0;0;48;2;0;0;0m▀[38;2;0;0;0;48;2;0;0;0m▀[38;2;64;64;72;48;2;64;64;72m▀[38;2;64;64;72;48;2;64;64;72m▀[38;2;216;80;56;48;2;216;80;56m▀[38;2;216;80;56;48;2;216;80;56m▀[38;2;216;80;56;48;2;216;80;56m▀[38;2;96;48;8;48;2;96;48;8m▀[38;2;0;0;0;48;2;0;0;0m▀[0m [0m [0m [0m [0m [0m [0m [0m [0m [0m [0m [0m [38;2;0;0;0m▄[38;2;0;0;0m▄[38;2;0;0;0;48;2;0;0;0m▀[38;2;40;40;40;48;2;40;40;40m▀[38;2;40;40;40;48;2;40;40;40m▀[38;2;40;40;40;48;2;40;40;40m▀[38;2;64;64;72;48;2;64;64;72m▀[38;2;64;64;72;48;2;64;64;72m▀[38;2;64;64;72;48;2;64;64;72m▀[38;2;64;64;72;48;2;64;64;72m▀[38;2;64;64;72;48;2;64;64;72m▀[38;2;40;40;40;48;2;40;40;40m▀[38;2;0;0;0;48;2;0;0;0m▀[38;2;0;0;0;48;2;0;0;0m▀[0m [0m [0m [0m [0m [0m [0m [0m [0m [0m
[38;2;0;0;0;48;2;0;0;0m▀[38;2;0;0;0;48;2;0;0;0m▀[38;2;216;80;56;48;2;216;80;56m▀[38;2;216;80;56;48;2;216;80;56m▀[38;2;216;80;56;48;2;216;80;56m▀[38;2;216;80;56;48;2;216;80;56m▀[38;2;216;80;56;48;2;216;80;56m▀[38;2;96;48;8;48;2;96;48;8m▀[38;2;0;0;0;48;2;0;0;0m▀[38;2;0;0;0m▄[38;2;0;0;0m▄[38;2;0;0;0;48;2;136;40;0m▀[38;2;0;0;0;48;2;136;40;0m▀[38;2;0;0;0;48;2;136;40;0m▀[38;2;0;0;0;48;2;136;40;0m▀[38;2;0;0;0;48;2;136;40;0m▀[38;2;0;0;0;48;2;136;40;0m▀[38;2;0;0;0m▄[38;2;0;0;0m▄[38;2;0;0;0;48;2;136;40;0m▀[38;2;0;0;0;48;2;136;40;0m▀[38;2;136;40;0;48;2;248;144;64m▀[38;2;136;40;0;48;2;248;144;64m▀[38;2;136;40;0;48;2;248;144;64m▀[38;2;216;80;56;48;2;248;144;64m▀[38;2;248;144;64;48;2;248;144;64m▀[38;2;248;144;64;48;2;248;144;64m▀[38;2;64;64;72;48;2;64;64;72m▀[38;2;64;64;72;48;2;64;64;72m▀[38;2;64;64;72;48;2;64;64;72m▀[38;2;64;64;72;48;2;64;64;72m▀[38;2;64;64;72;48;2;64;64;72m▀[38;2;64;64;72;48;2;0;0;0m▀[38;2;0;0;0;48;2;0;0;0m▀[38;2;0;0;0m▀[0m [0m [0m [0m [0m [0m [0m [0m [0m [0m
[0m [38;2;0;0;0;48;2;0;0;0m▀[38;2;96;48;8;48;2;96;48;8m▀[38;2;96;48;8;48;2;96;48;8m▀[38;2;216;80;56;48;2;216;80;56m▀[38;2;216;80;56;48;2;216;80;56m▀[38;2;216;80;56;48;2;136;40;0m▀[38;2;136;40;0;48;2;136;40;0m▀[38;2;136;40;0;48;2;248;192;96m▀[38;2;136;40;0;48;2;248;192;96m▀[38;2;136;40;0;48;2;248;192;96m▀[38;2;248;192;96;48;2;248;192;96m▀[38;2;248;192;96;48;2;248;192;96m▀[38;2;248;192;96;48;2;248;144;64m▀[38;2;248;144;64;48;2;216;80;56m▀[38;2;248;144;64;48;2;248;144;64m▀[38;2;248;144;64;48;2;248;144;64m▀[38;2;136;40;0;48;2;248;144;64m▀[38;2;136;40;0;48;2;248;144;64m▀[38;2;248;144;64;48;2;248;144;64m▀[38;2;248;144;64;48;2;248;144;64m▀[38;2;248;144;64;48;2;248;144;64m▀[38;2;248;144;64;48;2;248;144;64m▀[38;2;248;144;64;48;2;248;144;64m▀[38;2;248;144;64;48;2;248;144;64m▀[38;2;248;144;64;48;2;248;144;64m▀[38;2;112;112;128;48;2;64;64;72m▀[38;2;64;64;72;48;2;64;64;72m▀[38;2;64;64;72;48;2;64;64;72m▀[38;2;64;64;72;48;2;0;0;0m▀[38;2;64;64;72;48;2;0;0;0m▀[38;2;0;0;0;48;2;0;0;0m▀[38;2;0;0;0m▀[0m [0m [0m [0m [0m [0m [0m [0m [0m [0m [0m [0m
[0m [0m [38;2;0;0;0m▀[38;2;0;0;0;48;2;0;0;0m▀[38;2;96;48;8;48;2;96;48;8m▀[38;2;136;40;0;48;2;136;40;0m▀[38;2;248;144;64;48;2;248;144;64m▀[38;2;248;192;96;48;2;248;192;96m▀[38;2;248;192;96;48;2;248;192;96m▀[38;2;248;192;96;48;2;248;192;96m▀[38;2;248;192;96;48;2;248;192;96m▀[38;2;248;192;96;48;2;248;192;96m▀[38;2;248;192;96;48;2;248;192;96m▀[38;2;216;80;56;48;2;216;80;56m▀[38;2;248;144;64;48;2;248;144;64m▀[38;2;248;144;64;48;2;248;144;64m▀[38;2;248;144;64;48;2;248;144;64m▀[38;2;248;144;64;48;2;248;144;64m▀[38;2;248;144;64;48;2;248;144;64m▀[38;2;248;144;64;48;2;248;144;64m▀[38;2;248;144;64;48;2;248;144;64m▀[38;2;248;144;64;48;2;248;144;64m▀[38;2;248;144;64;48;2;248;144;64m▀[38;2;248;144;64;48;2;248;144;64m▀[38;2;248;144;64;48;2;248;144;64m▀[38;2;0;0;0;48;2;0;0;0m▀[38;2;0;0;0;48;2;0;0;0m▀[38;2;0;0;0;48;2;0;0;0m▀[38;2;0;0;0;48;2;0;0;0m▀[38;2;0;0;0;48;2;0;0;0m▀[38;2;0;0;0m▀[0m [0m [0m [0m [0m [0m [0m [0m [0m [0m [0m [0m [0m [0m
[0m [38;2;0;0;0m▄[38;2;0;0;0;48;2;96;48;8m▀[38;2;0;0;0;48;2;96;48;8m▀[38;2;136;40;0;48;2;136;40;0m▀[38;2;8;56;136;48;2;24;136;176m▀[38;2;248;144;64;48;2;216;80;56m▀[38;2;248;144;64;48;2;248;144;64m▀[38;2;248;144;64;48;2;248;144;64m▀[38;2;248;144;64;48;2;248;144;64m▀[38;2;248;144;64;48;2;248;144;64m▀[38;2;248;144;64;48;2;248;144;64m▀[38;2;248;144;64;48;2;248;144;64m▀[38;2;216;80;56;48;2;248;144;64m▀[38;2;248;144;64;48;2;8;56;136m▀[38;2;8;56;136;48;2;8;56;136m▀[38;2;8;56;136;48;2;8;56;136m▀[38;2;8;56;136;48;2;8;56;136m▀[38;2;216;80;56;48;2;136;40;0m▀[38;2;248;144;64;48;2;248;144;64m▀[38;2;248;144;64;48;2;248;144;64m▀[38;2;136;40;0;48;2;248;144;64m▀[38;2;136;40;0;48;2;248;144;64m▀[38;2;136;40;0;48;2;0;0;0m▀[38;2;0;0;0;48;2;0;0;0m▀[38;2;0;0;0m▀[38;2;0;0;0m▀[38;2;0;0;0m▀[38;2;0;0;0m▀[0m [0m [0m [0m [0m [0m [0m [38;2;0;0;0m▄[38;2;0;0;0;48;2;224;56;0m▀[38;2;0;0;0m▄[0m [0m [0m [0m [0m [0m
[0m [38;2;0;0;0;48;2;0;0;0m▀[38;2;96;48;8;48;2;96;48;8m▀[38;2;96;48;8;48;2;96;48;8m▀[38;2;216;80;56;48;2;216;80;56m▀[38;2;248;248;248;48;2;16;16;16m▀[38;2;216;80;56;48;2;248;144;64m▀[38;2;248;144;64;48;2;248;144;64m▀[38;2;248;144;64;48;2;248;144;64m▀[38;2;248;144;64;48;2;248;144;64m▀[38;2;248;144;64;48;2;248;144;64m▀[38;2;248;144;64;48;2;248;144;64m▀[38;2;248;144;64;48;2;248;144;64m▀[38;2;248;144;64;48;2;248;144;64m▀[38;2;248;248;248;48;2;248;248;248m▀[38;2;16;16;16;48;2;8;56;136m▀[38;2;16;16;16;48;2;8;56;136m▀[38;2;24;136;176;48;2;48;168;232m▀[38;2;136;40;0;48;2;136;40;0m▀[38;2;248;144;64;48;2;248;144;64m▀[38;2;248;144;64;48;2;248;144;64m▀[38;2;248;144;64;48;2;248;144;64m▀[38;2;248;144;64;48;2;248;144;64m▀[38;2;0;0;0;48;2;136;40;0m▀[38;2;0;0;0;48;2;0;0;0m▀[0m [0m [0m [0m [0m [0m [0m [0m [0m [0m [0m [38;2;0;0;0;48;2;0;0;0m▀[38;2;224;56;0;48;2;224;56;0m▀[38;2;248;208;8;48;2;248;208;8m▀[38;2;0;0;0;48;2;0;0;0m▀[0m [0m [0m [0m [0m
[0m [38;2;0;0;0;48;2;0;0;0m▀[38;2;136;40;0;48;2;136;40;0m▀[38;2;136;40;0;48;2;136;40;0m▀[38;2;216;80;56;48;2;216;80;56m▀[38;2;8;56;136;48;2;8;56;136m▀[38;2;248;144;64;48;2;248;144;64m▀[38;2;248;144;64;48;2;248;144;64m▀[38;2;248;144;64;48;2;248;144;64m▀[38;2;248;144;64;48;2;248;144;64m▀[38;2;248;144;64;48;2;248;144;64m▀[38;2;216;80;56;48;2;216;80;56m▀[38;2;248;144;64;48;2;248;144;64m▀[38;2;248;144;64;48;2;248;144;64m▀[38;2;136;40;0;48;2;136;40;0m▀[38;2;24;136;176;48;2;24;136;176m▀[38;2;24;136;176;48;2;24;136;176m▀[38;2;48;168;232;48;2;48;168;232m▀[38;2;248;144;64;48;2;248;144;64m▀[38;2;248;208;8;48;2;248;208;8m▀[38;2;248;208;8;48;2;248;208;8m▀[38;2;248;144;64;48;2;248;144;64m▀[38;2;248;144;64;48;2;248;144;64m▀[38;2;136;40;0;48;2;136;40;0m▀[38;2;96;48;8;48;2;96;48;8m▀[38;2;0;0;0;48;2;0;0;0m▀[0m [0m [0m [0m [0m [0m [0m [0m [0m [38;2;0;0;0;48;2;0;0;0m▀[38;2;224;56;0;48;2;224;56;0m▀[38;2;240;160;0;48;2;240;160;0m▀[38;2;248;208;8;48;2;248;208;8m▀[38;2;0;0;0;48;2;0;0;0m▀[0m [0m [0m [0m [0m
[38;2;0;0;0;48;2;0;0;0m▀[38;2;96;48;8;48;2;96;48;8m▀[38;2;216;80;56;48;2;248;208;8m▀[38;2;216;80;56;48;2;248;208;8m▀[38;2;248;144;64;48;2;216;80;56m▀[38;2;248;144;64;48;2;248;144;64m▀[38;2;248;144;64;48;2;248;144;64m▀[38;2;248;144;64;48;2;248;144;64m▀[38;2;248;144;64;48;2;248;144;64m▀[38;2;248;144;64;48;2;248;144;64m▀[38;2;248;144;64;48;2;248;144;64m▀[38;2;248;144;64;48;2;248;144;64m▀[38;2;248;144;64;48;2;248;144;64m▀[38;2;248;144;64;48;2;248;144;64m▀[38;2;248;144;64;48;2;248;144;64m▀[38;2;248;144;64;48;2;136;40;0m▀[38;2;248;144;64;48;2;136;40;0m▀[38;2;248;144;64;48;2;216;80;56m▀[38;2;248;208;8;48;2;240;160;0m▀[38;2;248;208;8;48;2;240;160;0m▀[38;2;248;208;8;48;2;240;160;0m▀[38;2;240;160;0;48;2;240;160;0m▀[38;2;240;160;0;48;2;240;160;0m▀[38;2;216;80;56;48;2;216;80;56m▀[38;2;0;0;0;48;2;0;0;0m▀[38;2;0;0;0;48;2;0;0;0m▀[0m [0m [0m [0m [0m [0m [0m [0m [0m [38;2;0;0;0;48;2;0;0;0m▀[38;2;224;56;0;48;2;224;56;0m▀[38;2;248;208;8;48;2;240;160;0m▀[38;2;248;208;8;48;2;248;208;8m▀[38;2;240;160;0;48;2;248;208;8m▀[38;2;0;0;0;48;2;224;56;0m▀[38;2;0;0;0;48;2;224;56;0m▀[38;2;0;0;0m▄[0m [0m
[38;2;0;0;0;48;2;0;0;0m▀[38;2;96;48;8;48;2;96;48;8m▀[38;2;240;160;0;48;2;240;160;0m▀[38;2;240;160;0;48;2;240;160;0m▀[38;2;216;80;56;48;2;216;80;56m▀[38;2;216;80;56;48;2;216;80;56m▀[38;2;16;16;16;48;2;216;80;56m▀[38;2;16;16;16;48;2;216;80;56m▀[38;2;16;16;16;48;2;136;40;0m▀[38;2;16;16;16;48;2;136;40;0m▀[38;2;136;40;0;48;2;224;56;0m▀[38;2;136;40;0;48;2;224;56;0m▀[38;2;16;16;16;48;2;136;40;0m▀[38;2;136;40;0;48;2;248;248;248m▀[38;2;136;40;0;48;2;136;40;0m▀[38;2;216;80;56;48;2;216;80;56m▀[38;2;216;80;56;48;2;216;80;56m▀[38;2;216;80;56;48;2;216;80;56m▀[38;2;240;160;0;48;2;216;80;56m▀[38;2;240;160;0;48;2;240;160;0m▀[38;2;240;160;0;48;2;240;160;0m▀[38;2;240;160;0;48;2;216;80;56m▀[38;2;240;160;0;48;2;216;80;56m▀[38;2;216;80;56;48;2;216;80;56m▀[38;2;0;0;0;48;2;0;0;0m▀[38;2;0;0;0;48;2;0;0;0m▀[0m [0m [0m [0m [0m [0m [0m [38;2;0;0;0m▄[38;2;0;0;0;48;2;224;56;0m▀[38;2;0;0;0;48;2;224;56;0m▀[38;2;224;56;0;48;2;224;56;0m▀[38;2;248;208;8;48;2;224;56;0m▀[38;2;224;56;0;48;2;224;56;0m▀[38;2;248;208;8;48;2;248;208;8m▀[38;2;240;160;0;48;2;248;208;8m▀[38;2;240;160;0;48;2;248;208;8m▀[38;2;0;0;0;48;2;224;56;0m▀[38;2;0;0;0m▄[0m
[0m [38;2;0;0;0;48;2;0;0;0m▀[38;2;136;40;0;48;2;136;40;0m▀[38;2;136;40;0;48;2;136;40;0m▀[38;2;216;80;56;48;2;216;80;56m▀[38;2;216;80;56;48;2;216;80;56m▀[38;2;216;80;56;48;2;216;80;56m▀[38;2;216;80;56;48;2;216;80;56m▀[38;2;136;40;0;48;2;136;40;0m▀[38;2;136;40;0;48;2;136;40;0m▀[38;2;136;40;0;48;2;136;40;0m▀[38;2;136;40;0;48;2;136;40;0m▀[38;2;136;40;0;48;2;136;40;0m▀[38;2;136;40;0;48;2;136;40;0m▀[38;2;216;80;56;48;2;216;80;56m▀[38;2;216;80;56;48;2;216;80;56m▀[38;2;216;80;56;48;2;216;80;56m▀[38;2;216;80;56;48;2;216;80;56m▀[38;2;216;80;56;48;2;216;80;56m▀[38;2;216;80;56;48;2;216;80;56m▀[38;2;216;80;56;48;2;216;80;56m▀[38;2;216;80;56;48;2;216;80;56m▀[38;2;216;80;56;48;2;216;80;56m▀[38;2;216;80;56;48;2;216;80;56m▀[38;2;0;0;0;48;2;0;0;0m▀[38;2;0;0;0;48;2;0;0;0m▀[0m [0m [0m [0m [0m [0m [0m [38;2;0;0;0;48;2;0;0;0m▀[38;2;224;56;0;48;2;224;56;0m▀[38;2;224;56;0;48;2;224;56;0m▀[38;2;224;56;0;48;2;224;56;0m▀[38;2;240;160;0;48;2;240;160;0m▀[38;2;224;56;0;48;2;224;56;0m▀[38;2;224;56;0;48;2;224;56;0m▀[38;2;248;208;8;48;2;248;208;8m▀[38;2;248;208;8;48;2;248;208;8m▀[38;2;240;160;0;48;2;240;160;0m▀[38;2;224;56;0;48;2;224;56;0m▀[0m
[0m [0m [38;2;0;0;0m▀[38;2;0;0;0;48;2;0;0;0m▀[38;2;0;0;0;48;2;0;0;0m▀[38;2;216;80;56;48;2;216;80;56m▀[38;2;216;80;56;48;2;216;80;56m▀[38;2;216;80;56;48;2;216;80;56m▀[38;2;216;80;56;48;2;216;80;56m▀[38;2;216;80;56;48;2;216;80;56m▀[38;2;216;80;56;48;2;216;80;56m▀[38;2;216;80;56;48;2;216;80;56m▀[38;2;216;80;56;48;2;216;80;56m▀[38;2;216;80;56;48;2;216;80;56m▀[38;2;216;80;56;48;2;216;80;56m▀[38;2;216;80;56;48;2;216;80;56m▀[38;2;216;80;56;48;2;216;80;56m▀[38;2;216;80;56;48;2;216;80;56m▀[38;2;216;80;56;48;2;216;80;56m▀[38;2;216;80;56;48;2;216;80;56m▀[38;2;216;80;56;48;2;216;80;56m▀[38;2;216;80;56;48;2;216;80;56m▀[38;2;216;80;56;48;2;216;80;56m▀[38;2;216;80;56;48;2;216;80;56m▀[38;2;96;48;8;48;2;248;144;64m▀[38;2;0;0;0;48;2;0;0;0m▀[38;2;0;0;0m▄[0m [0m [0m [0m [0m [0m [38;2;0;0;0;48;2;0;0;0m▀[38;2;224;56;0;48;2;224;56;0m▀[38;2;224;56;0;48;2;224;56;0m▀[38;2;248;208;8;48;2;240;160;0m▀[38;2;248;208;8;48;2;248;208;8m▀[38;2;224;56;0;48;2;248;208;8m▀[38;2;248;208;8;48;2;248;208;8m▀[38;2;248;208;8;48;2;248;208;8m▀[38;2;248;208;8;48;2;248;208;8m▀[38;2;248;208;8;48;2;248;208;8m▀[38;2;224;56;0;48;2;224;56;0m▀[0m
[0m [0m [0m [38;2;0;0;0;48;2;0;0;0m▀[38;2;0;0;0;48;2;0;0;0m▀[38;2;248;144;64;48;2;248;144;64m▀[38;2;216;80;56;48;2;248;144;64m▀[38;2;216;80;56;48;2;248;144;64m▀[38;2;216;80;56;48;2;216;80;56m▀[38;2;216;80;56;48;2;216;80;56m▀[38;2;216;80;56;48;2;216;80;56m▀[38;2;216;80;56;48;2;216;80;56m▀[38;2;216;80;56;48;2;216;80;56m▀[38;2;216;80;56;48;2;216;80;56m▀[38;2;216;80;56;48;2;216;80;56m▀[38;2;216;80;56;48;2;216;80;56m▀[38;2;216;80;56;48;2;216;80;56m▀[38;2;216;80;56;48;2;216;80;56m▀[38;2;216;80;56;48;2;216;80;56m▀[38;2;216;80;56;48;2;216;80;56m▀[38;2;216;80;56;48;2;216;80;56m▀[38;2;216;80;56;48;2;248;144;64m▀[38;2;216;80;56;48;2;248;144;64m▀[38;2;248;144;64;48;2;248;144;64m▀[38;2;248;144;64;48;2;248;144;64m▀[38;2;0;0;0;48;2;0;0;0m▀[38;2;0;0;0;48;2;0;0;0m▀[0m [0m [0m [0m [0m [0m [38;2;0;0;0m▀[38;2;224;56;0;48;2;0;0;0m▀[38;2;224;56;0;48;2;0;0;0m▀[38;2;240;160;0;48;2;224;56;0m▀[38;2;240;160;0;48;2;240;160;0m▀[38;2;240;160;0;48;2;224;56;0m▀[38;2;248;208;8;48;2;240;160;0m▀[38;2;248;208;8;48;2;240;160;0m▀[38;2;248;208;8;48;2;240;160;0m▀[38;2;240;160;0;48;2;224;56;0m▀[38;2;224;56;0;48;2;224;56;0m▀[0m
[0m [0m [0m [38;2;0;0;0;48;2;0;0;0m▀[38;2;0;0;0;48;2;136;40;0m▀[38;2;248;144;64;48;2;248;144;64m▀[38;2;248;144;64;48;2;248;144;64m▀[38;2;248;144;64;48;2;136;40;0m▀[38;2;248;144;64;48;2;248;144;64m▀[38;2;248;144;64;48;2;248;144;64m▀[38;2;248;144;64;48;2;248;144;64m▀[38;2;216;80;56;48;2;248;144;64m▀[38;2;216;80;56;48;2;248;144;64m▀[38;2;216;80;56;48;2;248;144;64m▀[38;2;216;80;56;48;2;248;144;64m▀[38;2;216;80;56;48;2;136;40;0m▀[38;2;216;80;56;48;2;136;40;0m▀[38;2;136;40;0;48;2;248;144;64m▀[38;2;216;80;56;48;2;248;144;64m▀[38;2;248;144;64;48;2;248;144;64m▀[38;2;248;144;64;48;2;248;144;64m▀[38;2;248;144;64;48;2;248;144;64m▀[38;2;248;144;64;48;2;248;144;64m▀[38;2;248;144;64;48;2;248;144;64m▀[38;2;248;144;64;48;2;248;144;64m▀[38;2;0;0;0;48;2;96;48;8m▀[38;2;0;0;0;48;2;0;0;0m▀[0m [0m [0m [0m [0m [0m [0m [0m [0m [38;2;0;0;0m▀[38;2;224;56;0;48;2;0;0;0m▀[38;2;224;56;0;48;2;136;40;0m▀[38;2;136;40;0;48;2;136;40;0m▀[38;2;224;56;0;48;2;224;56;0m▀[38;2;224;56;0;48;2;224;56;0m▀[38;2;224;56;0;48;2;0;0;0m▀[38;2;0;0;0m▀[0m
[0m [38;2;0;0;0m▄[38;2;0;0;0;48;2;0;0;0m▀[38;2;0;0;0;48;2;0;0;0m▀[38;2;136;40;0;48;2;248;144;64m▀[38;2;248;144;64;48;2;248;144;64m▀[38;2;248;144;64;48;2;248;144;64m▀[38;2;136;40;0;48;2;136;40;0m▀[38;2;248;144;64;48;2;248;144;64m▀[38;2;248;144;64;48;2;248;144;64m▀[38;2;248;144;64;48;2;248;144;64m▀[38;2;248;144;64;48;2;248;144;64m▀[38;2;248;144;64;48;2;248;144;64m▀[38;2;248;144;64;48;2;248;144;64m▀[38;2;248;144;64;48;2;248;144;64m▀[38;2;136;40;0;48;2;136;40;0m▀[38;2;136;40;0;48;2;136;40;0m▀[38;2;248;144;64;48;2;248;144;64m▀[38;2;248;144;64;48;2;248;144;64m▀[38;2;248;144;64;48;2;248;144;64m▀[38;2;248;144;64;48;2;248;144;64m▀[38;2;248;144;64;48;2;248;144;64m▀[38;2;248;144;64;48;2;248;144;64m▀[38;2;248;144;64;48;2;248;144;64m▀[38;2;248;144;64;48;2;248;144;64m▀[38;2;96;48;8;48;2;248;144;64m▀[38;2;0;0;0;48;2;0;0;0m▀[38;2;0;0;0m▄[0m [0m [0m [0m [0m [0m [0m [0m [0m [38;2;0;0;0;48;2;0;0;0m▀[38;2;136;40;0;48;2;136;40;0m▀[38;2;136;40;0;48;2;248;192;96m▀[38;2;224;56;0;48;2;16;16;16m▀[38;2;224;56;0;48;2;16;16;16m▀[38;2;0;0;0;48;2;0;0;0m▀[0m [0m
[0m [38;2;0;0;0;48;2;0;0;0m▀[38;2;0;0;0;48;2;0;0;0m▀[38;2;0;0;0;48;2;0;0;0m▀[38;2;248;144;64;48;2;136;40;0m▀[38;2;248;144;64;48;2;248;144;64m▀[38;2;248;144;64;48;2;248;144;64m▀[38;2;248;144;64;48;2;248;144;64m▀[38;2;136;40;0;48;2;136;40;0m▀[38;2;136;40;0;48;2;136;40;0m▀[38;2;248;144;64;48;2;248;208;120m▀[38;2;248;208;120;48;2;248;208;120m▀[38;2;248;208;120;48;2;248;208;120m▀[38;2;248;144;64;48;2;248;208;120m▀[38;2;136;40;0;48;2;136;40;0m▀[38;2;248;144;64;48;2;248;144;64m▀[38;2;248;144;64;48;2;248;144;64m▀[38;2;248;144;64;48;2;248;144;64m▀[38;2;248;144;64;48;2;248;144;64m▀[38;2;248;144;64;48;2;248;144;64m▀[38;2;248;144;64;48;2;216;80;56m▀[38;2;216;80;56;48;2;136;40;0m▀[38;2;216;80;56;48;2;136;40;0m▀[38;2;248;144;64;48;2;248;144;64m▀[38;2;248;144;64;48;2;248;144;64m▀[38;2;248;144;64;48;2;216;80;56m▀[38;2;0;0;0;48;2;0;0;0m▀[38;2;0;0;0;48;2;0;0;0m▀[0m [0m [0m [0m [0m [0m [38;2;0;0;0m▄[38;2;0;0;0m▄[38;2;0;0;0m▄[38;2;0;0;0;48;2;136;40;0m▀[38;2;136;40;0;48;2;248;144;64m▀[38;2;248;144;64;48;2;248;144;64m▀[38;2;16;16;16;48;2;16;16;16m▀[38;2;16;16;16;48;2;16;16;16m▀[38;2;0;0;0;48;2;0;0;0m▀[0m [0m
[0m [38;2;0;0;0;48;2;0;0;0m▀[38;2;0;0;0;48;2;0;0;0m▀[38;2;0;0;0;48;2;0;0;0m▀[38;2;136;40;0;48;2;136;40;0m▀[38;2;248;144;64;48;2;248;144;64m▀[38;2;248;144;64;48;2;248;144;64m▀[38;2;248;144;64;48;2;248;144;64m▀[38;2;136;40;0;48;2;248;144;64m▀[38;2;136;40;0;48;2;248;144;64m▀[38;2;248;208;120;48;2;136;40;0m▀[38;2;248;208;120;48;2;248;208;120m▀[38;2;248;208;120;48;2;248;208;120m▀[38;2;136;40;0;48;2;0;0;0m▀[38;2;248;144;64;48;2;136;40;0m▀[38;2;248;144;64;48;2;248;144;64m▀[38;2;248;144;64;48;2;248;144;64m▀[38;2;248;144;64;48;2;248;144;64m▀[38;2;248;144;64;48;2;248;144;64m▀[38;2;248;144;64;48;2;136;40;0m▀[38;2;136;40;0;48;2;248;144;64m▀[38;2;248;144;64;48;2;248;144;64m▀[38;2;248;144;64;48;2;248;144;64m▀[38;2;248;144;64;48;2;248;144;64m▀[38;2;248;144;64;48;2;216;80;56m▀[38;2;216;80;56;48;2;216;80;56m▀[38;2;0;0;0;48;2;216;80;56m▀[38;2;0;0;0;48;2;0;0;0m▀[38;2;0;0;0;48;2;0;0;0m▀[38;2;0;0;0m▄[38;2;0;0;0m▄[38;2;0;0;0;48;2;136;40;0m▀[38;2;0;0;0;48;2;136;40;0m▀[38;2;0;0;0;48;2;136;40;0m▀[38;2;136;40;0;48;2;248;144;64m▀[38;2;136;40;0;48;2;248;144;64m▀[38;2;136;40;0;48;2;248;144;64m▀[38;2;248;144;64;48;2;248;144;64m▀[38;2;248;144;64;48;2;216;80;56m▀[38;2;216;80;56;48;2;16;16;16m▀[38;2;16;16;16;48;2;0;0;0m▀[38;2;16;16;16;48;2;0;0;0m▀[38;2;0;0;0m▀[0m [0m
[38;2;0;0;0m▄[38;2;0;0;0;48;2;0;0;0m▀[38;2;0;0;0;48;2;248;144;64m▀[38;2;0;0;0;48;2;248;144;64m▀[38;2;136;40;0;48;2;248;144;64m▀[38;2;248;144;64;48;2;136;40;0m▀[38;2;248;144;64;48;2;248;144;64m▀[38;2;248;144;64;48;2;136;40;0m▀[38;2;248;144;64;48;2;136;40;0m▀[38;2;248;144;64;48;2;136;40;0m▀[38;2;136;40;0;48;2;248;208;120m▀[38;2;248;208;120;48;2;248;208;120m▀[38;2;248;208;120;48;2;248;208;120m▀[38;2;0;0;0;48;2;248;208;120m▀[38;2;136;40;0;48;2;0;0;0m▀[38;2;248;144;64;48;2;248;144;64m▀[38;2;248;144;64;48;2;248;144;64m▀[38;2;248;144;64;48;2;136;40;0m▀[38;2;248;144;64;48;2;136;40;0m▀[38;2;136;40;0;48;2;248;144;64m▀[38;2;248;144;64;48;2;248;144;64m▀[38;2;248;144;64;48;2;248;144;64m▀[38;2;248;144;64;48;2;248;144;64m▀[38;2;248;144;64;48;2;248;144;64m▀[38;2;216;80;56;48;2;216;80;56m▀[38;2;216;80;56;48;2;216;80;56m▀[38;2;216;80;56;48;2;216;80;56m▀[38;2;0;0;0;48;2;0;0;0m▀[38;2;0;0;0;48;2;0;0;0m▀[38;2;0;0;0;48;2;136;40;0m▀[38;2;0;0;0;48;2;136;40;0m▀[38;2;136;40;0;48;2;248;144;64m▀[38;2;136;40;0;48;2;248;144;64m▀[38;2;136;40;0;48;2;248;144;64m▀[38;2;248;144;64;48;2;248;144;64m▀[38;2;248;144;64;48;2;248;144;64m▀[38;2;248;144;64;48;2;248;144;64m▀[38;2;248;144;64;48;2;216;80;56m▀[38;2;216;80;56;48;2;224;168;88m▀[38;2;16;16;16;48;2;16;16;16m▀[38;2;0;0;0;48;2;0;0;0m▀[0m [0m [0m [0m
[38;2;0;0;0;48;2;0;0;0m▀[38;2;136;40;0;48;2;216;80;56m▀[38;2;248;144;64;48;2;248;144;64m▀[38;2;248;144;64;48;2;248;144;64m▀[38;2;248;144;64;48;2;248;144;64m▀[38;2;248;144;64;48;2;248;144;64m▀[38;2;136;40;0;48;2;248;208;120m▀[38;2;136;40;0;48;2;248;208;120m▀[38;2;248;208;120;48;2;248;208;120m▀[38;2;248;208;120;48;2;248;208;120m▀[38;2;248;208;120;48;2;248;208;120m▀[38;2;248;208;120;48;2;248;208;120m▀[38;2;248;208;120;48;2;248;208;120m▀[38;2;248;208;120;48;2;248;208;120m▀[38;2;248;208;120;48;2;248;208;120m▀[38;2;136;40;0;48;2;248;208;120m▀[38;2;136;40;0;48;2;248;208;120m▀[38;2;136;40;0;48;2;248;208;120m▀[38;2;248;144;64;48;2;248;144;64m▀[38;2;248;144;64;48;2;248;144;64m▀[38;2;248;144;64;48;2;216;80;56m▀[38;2;248;144;64;48;2;248;144;64m▀[38;2;248;144;64;48;2;248;144;64m▀[38;2;216;80;56;48;2;216;80;56m▀[38;2;216;80;56;48;2;216;80;56m▀[38;2;216;80;56;48;2;216;80;56m▀[38;2;216;80;56;48;2;216;80;56m▀[38;2;0;0;0;48;2;96;48;8m▀[38;2;0;0;0;48;2;96;48;8m▀[38;2;0;0;0;48;2;96;48;8m▀[38;2;216;80;56;48;2;216;80;56m▀[38;2;216;80;56;48;2;216;80;56m▀[38;2;248;144;64;48;2;216;80;56m▀[38;2;248;144;64;48;2;216;80;56m▀[38;2;216;80;56;48;2;224;168;88m▀[38;2;216;80;56;48;2;224;168;88m▀[38;2;224;168;88;48;2;224;168;88m▀[38;2;224;168;88;48;2;16;16;16m▀[38;2;16;16;16;48;2;0;0;0m▀[38;2;0;0;0m▀[0m [0m [0m [0m [0m
[38;2;0;0;0;48;2;0;0;0m▀[38;2;216;80;56;48;2;216;80;56m▀[38;2;216;80;56;48;2;216;80;56m▀[38;2;216;80;56;48;2;216;80;56m▀[38;2;248;144;64;48;2;216;80;56m▀[38;2;248;144;64;48;2;216;80;56m▀[38;2;248;208;120;48;2;224;168;88m▀[38;2;248;208;120;48;2;248;208;120m▀[38;2;248;208;120;48;2;248;208;120m▀[38;2;248;208;120;48;2;248;208;120m▀[38;2;248;208;120;48;2;248;208;120m▀[38;2;248;208;120;48;2;248;208;120m▀[38;2;248;208;120;48;2;248;208;120m▀[38;2;248;208;120;48;2;248;208;120m▀[38;2;248;208;120;48;2;248;208;120m▀[38;2;248;208;120;48;2;224;168;88m▀[38;2;248;208;120;48;2;224;168;88m▀[38;2;248;208;120;48;2;224;168;88m▀[38;2;248;144;64;48;2;224;168;88m▀[38;2;216;80;56;48;2;248;144;64m▀[38;2;248;144;64;48;2;216;80;56m▀[38;2;216;80;56;48;2;248;144;64m▀[38;2;216;80;56;48;2;248;144;64m▀[38;2;248;144;64;48;2;216;80;56m▀[38;2;216;80;56;48;2;216;80;56m▀[38;2;216;80;56;48;2;216;80;56m▀[38;2;216;80;56;48;2;216;80;56m▀[38;2;216;80;56;48;2;216;80;56m▀[38;2;216;80;56;48;2;216;80;56m▀[38;2;0;0;0;48;2;0;0;0m▀[38;2;216;80;56;48;2;224;168;88m▀[38;2;216;80;56;48;2;224;168;88m▀[38;2;224;168;88;48;2;224;168;88m▀[38;2;224;168;88;48;2;16;16;16m▀[38;2;224;168;88;48;2;16;16;16m▀[38;2;224;168;88;48;2;16;16;16m▀[38;2;16;16;16;48;2;0;0;0m▀[38;2;0;0;0m▀[0m [0m [0m [0m [0m [0m [0m
[38;2;0;0;0;48;2;0;0;0m▀[38;2;216;80;56;48;2;136;40;0m▀[38;2;216;80;56;48;2;216;80;56m▀[38;2;216;80;56;48;2;216;80;56m▀[38;2;216;80;56;48;2;216;80;56m▀[38;2;216;80;56;48;2;216;80;56m▀[38;2;224;168;88;48;2;224;168;88m▀[38;2;248;208;120;48;2;224;168;88m▀[38;2;248;208;120;48;2;224;168;88m▀[38;2;248;208;120;48;2;224;168;88m▀[38;2;248;208;120;48;2;224;168;88m▀[38;2;248;208;120;48;2;224;168;88m▀[38;2;248;208;120;48;2;224;168;88m▀[38;2;248;208;120;48;2;224;168;88m▀[38;2;248;208;120;48;2;224;168;88m▀[38;2;224;168;88;48;2;224;168;88m▀[38;2;224;168;88;48;2;224;168;88m▀[38;2;224;168;88;48;2;224;168;88m▀[38;2;224;168;88;48;2;216;80;56m▀[38;2;248;144;64;48;2;216;80;56m▀[38;2;216;80;56;48;2;216;80;56m▀[38;2;248;144;64;48;2;216;80;56m▀[38;2;248;144;64;48;2;216;80;56m▀[38;2;216;80;56;48;2;216;80;56m▀[38;2;216;80;56;48;2;216;80;56m▀[38;2;216;80;56;48;2;216;80;56m▀[38;2;216;80;56;48;2;216;80;56m▀[38;2;216;80;56;48;2;96;48;8m▀[38;2;216;80;56;48;2;96;48;8m▀[38;2;0;0;0;48;2;224;168;88m▀[38;2;224;168;88;48;2;224;168;88m▀[38;2;224;168;88;48;2;136;40;0m▀[38;2;224;168;88;48;2;136;40;0m▀[38;2;16;16;16;48;2;0;0;0m▀[38;2;16;16;16;48;2;0;0;0m▀[38;2;16;16;16;48;2;0;0;0m▀[38;2;0;0;0m▀[0m [0m [0m [0m [0m [0m [0m [0m
[38;2;0;0;0m▀[38;2;0;0;0;48;2;0;0;0m▀[38;2;216;80;56;48;2;0;0;0m▀[38;2;216;80;56;48;2;0;0;0m▀[38;2;216;80;56;48;2;0;0;0m▀[38;2;216;80;56;48;2;216;80;56m▀[38;2;224;168;88;48;2;216;80;56m▀[38;2;224;168;88;48;2;224;168;88m▀[38;2;224;168;88;48;2;136;40;0m▀[38;2;224;168;88;48;2;136;40;0m▀[38;2;224;168;88;48;2;136;40;0m▀[38;2;224;168;88;48;2;0;0;0m▀[38;2;224;168;88;48;2;0;0;0m▀[38;2;224;168;88;48;2;0;0;0m▀[38;2;224;168;88;48;2;0;0;0m▀[38;2;224;168;88;48;2;96;48;8m▀[38;2;224;168;88;48;2;96;48;8m▀[38;2;224;168;88;48;2;224;168;88m▀[38;2;216;80;56;48;2;216;80;56m▀[38;2;216;80;56;48;2;216;80;56m▀[38;2;216;80;56;48;2;216;80;56m▀[38;2;216;80;56;48;2;216;80;56m▀[38;2;216;80;56;48;2;216;80;56m▀[38;2;216;80;56;48;2;216;80;56m▀[38;2;216;80;56;48;2;216;80;56m▀[38;2;216;80;56;48;2;136;40;0m▀[38;2;136;40;0;48;2;0;0;0m▀[38;2;0;0;0;48;2;0;0;0m▀[38;2;0;0;0;48;2;0;0;0m▀[38;2;136;40;0;48;2;0;0;0m▀[38;2;136;40;0;48;2;0;0;0m▀[38;2;0;0;0m▀[38;2;0;0;0m▀[0m [0m [0m [0m [0m [0m [0m [0m [0m [0m [0m [0m
[38;2;0;0;0;48;2;96;48;8m▀[38;2;96;48;8;48;2;248;144;64m▀[38;2;96;48;8;48;2;136;40;0m▀[38;2;96;48;8;48;2;136;40;0m▀[38;2;136;40;0;48;2;248;144;64m▀[38;2;136;40;0;48;2;136;40;0m▀[38;2;136;40;0;48;2;96;48;8m▀[38;2;136;40;0;48;2;0;0;0m▀[38;2;136;40;0;48;2;0;0;0m▀[38;2;136;40;0;48;2;0;0;0m▀[38;2;0;0;0;48;2;0;0;0m▀[38;2;0;0;0m▀[38;2;0;0;0m▀[38;2;0;0;0m▀[38;2;0;0;0m▀[38;2;0;0;0m▀[38;2;0;0;0m▀[38;2;0;0;0;48;2;0;0;0m▀[38;2;96;48;8;48;2;0;0;0m▀[38;2;136;40;0;48;2;0;0;0m▀[38;2;136;40;0;48;2;96;48;8m▀[38;2;136;40;0;48;2;216;80;56m▀[38;2;136;40;0;48;2;216;80;56m▀[38;2;136;40;0;48;2;216;80;56m▀[38;2;136;40;0;48;2;216;80;56m▀[38;2;0;0;0;48;2;136;40;0m▀[38;2;0;0;0;48;2;0;0;0m▀[38;2;0;0;0m▄[0m [0m [0m [0m [0m [0m [0m [0m [0m [0m [0m [0m [0m [0m [0m [0m [0m
[38;2;96;48;8;48;2;0;0;0m▀[38;2;248;144;64;48;2;0;0;0m▀[38;2;136;40;0;48;2;0;0;0m▀[38;2;136;40;0;48;2;0;0;0m▀[38;2;248;144;64;48;2;0;0;0m▀[38;2;136;40;0;48;2;96;48;8m▀[38;2;96;48;8;48;2;0;0;0m▀[38;2;0;0;0;48;2;0;0;0m▀[38;2;0;0;0;48;2;0;0;0m▀[38;2;0;0;0;48;2;0;0;0m▀[38;2;0;0;0m▀[0m [0m [0m [0m [0m [0m [0m [0m [38;2;0;0;0;48;2;0;0;0m▀[38;2;96;48;8;48;2;0;0;0m▀[38;2;216;80;56;48;2;0;0;0m▀[38;2;216;80;56;48;2;0;0;0m▀[38;2;216;80;56;48;2;248;144;64m▀[38;2;216;80;56;48;2;136;40;0m▀[38;2;136;40;0;48;2;248;144;64m▀[38;2;0;0;0;48;2;0;0;0m▀[38;2;0;0;0;48;2;0;0;0m▀[0m [0m [0m [0m [0m [0m [0m [0m [0m [0m [0m [0m [0m [0m [0m [0m [0m
