[0m [0m [0m [0m [0m [0m [0m [0m [0m [0m [0m [0m [0m [0m [0m [0m [0m [0m [0m [0m [0m [0m [38;2;0;0;0m▄[38;2;0;0;0;48;2;44;54;58m▀[38;2;44;54;58;48;2;65;80;89m▀[38;2;0;0;0;48;2;44;54;58m▀[38;2;0;0;0m▄[38;2;0;0;0m▄[0m [0m [0m [0m [0m [0m [0m [0m [0m [0m [0m [0m [0m [0m [0m [0m [0m [0m [0m [0m [0m [0m [0m [0m [0m [0m [0m [0m [0m [0m [0m [0m [0m [0m [0m [0m [0m [0m [0m [0m [0m [0m [0m [0m [0m [0m [0m [0m [0m [0m [0m [0m [0m [0m [0m [0m [0m [0m
[0m [0m [0m [0m [0m [0m [0m [0m [0m [0m [0m [0m [0m [0m [0m [0m [0m [0m [0m [0m [0m [0m [38;2;0;0;0;48;2;0;0;0m▀[38;2;44;54;58;48;2;44;54;58m▀[38;2;86;103;119;48;2;86;103;119m▀[38;2;86;103;119;48;2;86;103;119m▀[38;2;44;54;58;48;2;44;54;58m▀[38;2;44;54;58;48;2;44;54;58m▀[38;2;0;0;0;48;2;0;0;0m▀[0m [0m [0m [0m [0m [0m [0m [0m [0m [0m [0m [0m [0m [0m [0m [0m [0m [0m [0m [0m [0m [0m [0m [0m [0m [0m [0m [0m [0m [0m [0m [0m [0m [0m [0m [0m [0m [0m [0m [0m [0m [0m [0m [0m [0m [0m [0m [0m [0m [0m [0m [0m [0m [0m [0m [0m [0m
[0m [0m [0m [0m [0m [0m [0m [0m [0m [0m [0m [0m [0m [0m [0m [0m [0m [0m [0m [0m [0m [38;2;0;0;0;48;2;0;0;0m▀[38;2;44;54;58;48;2;44;54;58m▀[38;2;86;103;119;48;2;86;103;119m▀[38;2;86;103;119;48;2;86;103;119m▀[38;2;86;103;119;48;2;65;80;89m▀[38;2;44;54;58;48;2;65;80;89m▀[38;2;44;54;58;48;2;65;80;89m▀[38;2;0;0;0;48;2;16;16;16m▀[38;2;0;0;0m▄[0m [0m [0m [0m [0m [0m [0m [0m [0m [0m [0m [0m [0m [0m [0m [0m [0m [0m [0m [0m [0m [0m [0m [0m [0m [0m [0m [38;2;0;0;0m▄[38;2;0;0;0m▄[38;2;0;0;0m▄[38;2;0;0;0m▄[38;2;0;0;0;48;2;44;54;58m▀[38;2;0;0;0;48;2;44;54;58m▀[38;2;0;0;0;48;2;44;54;58m▀[38;2;0;0;0;48;2;44;54;58m▀[38;2;0;0;0m▄[0m [0m [0m [0m [0m [0m [0m [0m [0m [0m [0m [0m [0m [0m [0m [0m [0m [0m [0m [0m
[0m [0m [0m [0m [0m [0m [0m [0m [0m [0m [0m [0m [0m [0m [0m [0m [0m [0m [0m [38;2;0;0;0m▄[38;2;0;0;0;48;2;44;54;58m▀[38;2;0;0;0;48;2;44;54;58m▀[38;2;44;54;58;48;2;86;103;119m▀[38;2;86;103;119;48;2;44;54;58m▀[38;2;65;80;89;48;2;44;54;58m▀[38;2;44;54;58;48;2;124;144;164m▀[38;2;44;54;58;48;2;124;144;164m▀[38;2;44;54;58;48;2;124;144;164m▀[38;2;16;16;16;48;2;16;16;16m▀[38;2;0;0;0;48;2;0;0;0m▀[0m [0m [0m [0m [0m [0m [0m [0m [0m [0m [0m [0m [0m [0m [0m [0m [0m [0m [0m [0m [0m [0m [0m [38;2;0;0;0m▄[38;2;0;0;0;48;2;85;94;113m▀[38;2;0;0;0;48;2;85;94;113m▀[38;2;0;0;0;48;2;44;54;58m▀[38;2;44;54;58;48;2;86;103;119m▀[38;2;44;54;58;48;2;86;103;119m▀[38;2;44;54;58;48;2;86;103;119m▀[38;2;44;54;58;48;2;86;103;119m▀[38;2;86;103;119;48;2;86;103;119m▀[38;2;65;80;89;48;2;44;54;58m▀[38;2;44;54;58;48;2;0;0;0m▀[38;2;44;54;58;48;2;0;0;0m▀[38;2;0;0;0m▀[0m [0m [0m [0m [0m [0m [0m [0m [0m [0m [0m [0m [0m [0m [0m [0m [0m [0m [0m [0m
[0m [0m [0m [0m [0m [0m [0m [0m [0m [0m [0m [0m [0m [0m [0m [0m [0m [0m [0m [38;2;0;0;0;48;2;0;0;0m▀[38;2;44;54;58;48;2;44;54;58m▀[38;2;44;54;58;48;2;44;54;58m▀[38;2;86;103;119;48;2;86;103;119m▀[38;2;44;54;58;48;2;44;54;58m▀[38;2;124;144;164;48;2;124;144;164m▀[38;2;124;144;164;48;2;124;144;164m▀[38;2;124;144;164;48;2;124;144;164m▀[38;2;124;144;164;48;2;124;144;164m▀[38;2;124;144;164;48;2;124;144;164m▀[38;2;16;16;16;48;2;16;16;16m▀[38;2;0;0;0;48;2;0;0;0m▀[0m [0m [0m [0m [0m [0m [0m [0m [0m [0m [0m [0m [0m [0m [0m [0m [0m [0m [0m [0m [38;2;0;0;0m▄[38;2;0;0;0;48;2;0;0;0m▀[38;2;85;94;113;48;2;85;94;113m▀[38;2;158;177;196;48;2;158;177;196m▀[38;2;158;177;196;48;2;158;177;196m▀[38;2;44;54;58;48;2;44;54;58m▀[38;2;44;54;58;48;2;44;54;58m▀[38;2;44;54;58;48;2;44;54;58m▀[38;2;65;80;89;48;2;65;80;89m▀[38;2;65;80;89;48;2;65;80;89m▀[38;2;86;103;119;48;2;86;103;119m▀[38;2;44;54;58;48;2;44;54;58m▀[38;2;0;0;0;48;2;0;0;0m▀[0m [0m [0m [0m [0m [0m [0m [0m [0m [0m [0m [0m [0m [0m [0m [0m [0m [0m [0m [0m [0m [0m
[0m [0m [0m [0m [0m [0m [0m [0m [0m [0m [0m [0m [0m [0m [0m [0m [0m [0m [0m [38;2;0;0;0;48;2;0;0;0m▀[38;2;44;54;58;48;2;85;94;113m▀[38;2;44;54;58;48;2;85;94;113m▀[38;2;44;54;58;48;2;158;177;196m▀[38;2;158;177;196;48;2;158;177;196m▀[38;2;85;94;113;48;2;85;94;113m▀[38;2;124;144;164;48;2;124;144;164m▀[38;2;124;144;164;48;2;124;144;164m▀[38;2;124;144;164;48;2;124;144;164m▀[38;2;124;144;164;48;2;124;144;164m▀[38;2;16;16;16;48;2;124;144;164m▀[38;2;0;0;0;48;2;16;16;16m▀[38;2;0;0;0m▄[0m [0m [0m [0m [0m [0m [0m [0m [0m [0m [38;2;0;0;0m▄[38;2;0;0;0m▄[0m [0m [0m [0m [0m [38;2;0;0;0m▄[38;2;0;0;0;48;2;85;94;113m▀[38;2;85;94;113;48;2;158;177;196m▀[38;2;85;94;113;48;2;158;177;196m▀[38;2;158;177;196;48;2;158;177;196m▀[38;2;158;177;196;48;2;158;177;196m▀[38;2;158;177;196;48;2;158;177;196m▀[38;2;158;177;196;48;2;158;177;196m▀[38;2;158;177;196;48;2;158;177;196m▀[38;2;158;177;196;48;2;158;177;196m▀[38;2;44;54;58;48;2;85;94;113m▀[38;2;44;54;58;48;2;124;144;164m▀[38;2;65;80;89;48;2;44;54;58m▀[38;2;44;54;58;48;2;16;16;16m▀[38;2;0;0;0;48;2;0;0;0m▀[0m [0m [0m [0m [0m [0m [0m [0m [0m [0m [0m [0m [0m [0m [0m [0m [0m [0m [0m [0m [0m [0m
[0m [0m [0m [0m [0m [0m [0m [0m [0m [0m [0m [0m [0m [0m [0m [0m [0m [0m [0m [38;2;0;0;0m▀[38;2;85;94;113;48;2;0;0;0m▀[38;2;85;94;113;48;2;0;0;0m▀[38;2;158;177;196;48;2;85;94;113m▀[38;2;158;177;196;48;2;158;177;196m▀[38;2;85;94;113;48;2;85;94;113m▀[38;2;124;144;164;48;2;158;177;196m▀[38;2;124;144;164;48;2;124;144;164m▀[38;2;124;144;164;48;2;124;144;164m▀[38;2;124;144;164;48;2;124;144;164m▀[38;2;124;144;164;48;2;124;144;164m▀[38;2;16;16;16;48;2;124;144;164m▀[38;2;0;0;0;48;2;16;16;16m▀[38;2;0;0;0m▄[0m [0m [0m [0m [38;2;0;0;0m▄[38;2;0;0;0m▄[38;2;0;0;0m▄[38;2;0;0;0m▄[38;2;0;0;0;48;2;44;54;58m▀[38;2;44;54;58;48;2;86;103;119m▀[38;2;44;54;58;48;2;44;54;58m▀[38;2;0;0;0;48;2;0;0;0m▀[0m [0m [0m [38;2;0;0;0;48;2;0;0;0m▀[38;2;85;94;113;48;2;85;94;113m▀[38;2;85;94;113;48;2;158;177;196m▀[38;2;85;94;113;48;2;158;177;196m▀[38;2;85;94;113;48;2;158;177;196m▀[38;2;158;177;196;48;2;158;177;196m▀[38;2;158;177;196;48;2;158;177;196m▀[38;2;158;177;196;48;2;158;177;196m▀[38;2;158;177;196;48;2;85;94;113m▀[38;2;85;94;113;48;2;124;144;164m▀[38;2;85;94;113;48;2;124;144;164m▀[38;2;124;144;164;48;2;124;144;164m▀[38;2;124;144;164;48;2;124;144;164m▀[38;2;124;144;164;48;2;16;16;16m▀[38;2;16;16;16;48;2;0;0;0m▀[38;2;0;0;0m▀[0m [0m [0m [0m [0m [0m [0m [0m [0m [0m [0m [0m [0m [0m [0m [0m [0m [0m [0m [0m [0m [0m
[0m [0m [0m [0m [0m [0m [0m [0m [0m [0m [0m [0m [0m [0m [0m [0m [0m [0m [0m [0m [0m [38;2;0;0;0;48;2;0;0;0m▀[38;2;85;94;113;48;2;85;94;113m▀[38;2;158;177;196;48;2;158;177;196m▀[38;2;158;177;196;48;2;158;177;196m▀[38;2;158;177;196;48;2;158;177;196m▀[38;2;124;144;164;48;2;124;144;164m▀[38;2;124;144;164;48;2;124;144;164m▀[38;2;124;144;164;48;2;124;144;164m▀[38;2;124;144;164;48;2;124;144;164m▀[38;2;44;54;58;48;2;44;54;58m▀[38;2;44;54;58;48;2;44;54;58m▀[38;2;0;0;0;48;2;0;0;0m▀[38;2;0;0;0m▄[0m [38;2;0;0;0m▄[38;2;0;0;0;48;2;0;0;0m▀[38;2;44;54;58;48;2;44;54;58m▀[38;2;44;54;58;48;2;44;54;58m▀[38;2;44;54;58;48;2;44;54;58m▀[38;2;0;0;0;48;2;0;0;0m▀[38;2;44;54;58;48;2;44;54;58m▀[38;2;86;103;119;48;2;86;103;119m▀[38;2;44;54;58;48;2;44;54;58m▀[38;2;0;0;0;48;2;0;0;0m▀[0m [0m [38;2;0;0;0;48;2;0;0;0m▀[38;2;85;94;113;48;2;85;94;113m▀[38;2;158;177;196;48;2;158;177;196m▀[38;2;158;177;196;48;2;158;177;196m▀[38;2;158;177;196;48;2;158;177;196m▀[38;2;158;177;196;48;2;158;177;196m▀[38;2;158;177;196;48;2;158;177;196m▀[38;2;158;177;196;48;2;158;177;196m▀[38;2;85;94;113;48;2;85;94;113m▀[38;2;124;144;164;48;2;124;144;164m▀[38;2;124;144;164;48;2;124;144;164m▀[38;2;124;144;164;48;2;124;144;164m▀[38;2;124;144;164;48;2;124;144;164m▀[38;2;124;144;164;48;2;124;144;164m▀[38;2;16;16;16;48;2;16;16;16m▀[38;2;0;0;0;48;2;0;0;0m▀[0m [0m [0m [0m [0m [0m [0m [0m [0m [0m [0m [0m [0m [0m [0m [0m [0m [0m [0m [0m [0m [0m [0m
[0m [0m [0m [0m [0m [0m [0m [0m [0m [0m [0m [0m [0m [0m [0m [0m [0m [0m [0m [0m [0m [38;2;0;0;0;48;2;0;0;0m▀[38;2;85;94;113;48;2;85;94;113m▀[38;2;158;177;196;48;2;158;177;196m▀[38;2;158;177;196;48;2;158;177;196m▀[38;2;158;177;196;48;2;158;177;196m▀[38;2;124;144;164;48;2;158;177;196m▀[38;2;124;144;164;48;2;158;177;196m▀[38;2;124;144;164;48;2;124;144;164m▀[38;2;124;144;164;48;2;124;144;164m▀[38;2;44;54;58;48;2;44;54;58m▀[38;2;86;103;119;48;2;86;103;119m▀[38;2;44;54;58;48;2;44;54;58m▀[38;2;44;54;58;48;2;44;54;58m▀[38;2;0;0;0;48;2;85;94;113m▀[38;2;85;94;113;48;2;158;177;196m▀[38;2;44;54;58;48;2;44;54;58m▀[38;2;86;103;119;48;2;86;103;119m▀[38;2;44;54;58;48;2;44;54;58m▀[38;2;44;54;58;48;2;44;54;58m▀[38;2;44;54;58;48;2;16;16;16m▀[38;2;86;103;119;48;2;86;103;119m▀[38;2;86;103;119;48;2;44;54;58m▀[38;2;44;54;58;48;2;16;16;16m▀[38;2;0;0;0;48;2;44;54;58m▀[38;2;0;0;0;48;2;44;54;58m▀[38;2;0;0;0;48;2;44;54;58m▀[38;2;85;94;113;48;2;85;94;113m▀[38;2;158;177;196;48;2;158;177;196m▀[38;2;158;177;196;48;2;158;177;196m▀[38;2;158;177;196;48;2;158;177;196m▀[38;2;158;177;196;48;2;158;177;196m▀[38;2;158;177;196;48;2;158;177;196m▀[38;2;158;177;196;48;2;158;177;196m▀[38;2;158;177;196;48;2;85;94;113m▀[38;2;85;94;113;48;2;124;144;164m▀[38;2;124;144;164;48;2;124;144;164m▀[38;2;124;144;164;48;2;124;144;164m▀[38;2;124;144;164;48;2;124;144;164m▀[38;2;124;144;164;48;2;124;144;164m▀[38;2;16;16;16;48;2;16;16;16m▀[38;2;0;0;0;48;2;0;0;0m▀[0m [0m [0m [0m [0m [0m [0m [0m [0m [0m [0m [0m [0m [0m [0m [0m [0m [0m [0m [0m [0m [0m [0m [0m
[0m [0m [0m [0m [0m [0m [0m [0m [0m [0m [0m [0m [0m [0m [0m [0m [0m [0m [0m [0m [0m [0m [38;2;0;0;0;48;2;0;0;0m▀[38;2;85;94;113;48;2;85;94;113m▀[38;2;158;177;196;48;2;158;177;196m▀[38;2;158;177;196;48;2;158;177;196m▀[38;2;44;54;58;48;2;16;16;16m▀[38;2;44;54;58;48;2;16;16;16m▀[38;2;44;54;58;48;2;86;103;119m▀[38;2;16;16;16;48;2;44;54;58m▀[38;2;44;54;58;48;2;52;57;68m▀[38;2;86;103;119;48;2;44;54;58m▀[38;2;44;54;58;48;2;86;103;119m▀[38;2;44;54;58;48;2;86;103;119m▀[38;2;158;177;196;48;2;44;54;58m▀[38;2;158;177;196;48;2;158;177;196m▀[38;2;86;103;119;48;2;86;103;119m▀[38;2;44;54;58;48;2;44;54;58m▀[38;2;124;144;164;48;2;124;144;164m▀[38;2;124;144;164;48;2;124;144;164m▀[38;2;52;57;68;48;2;158;177;196m▀[38;2;52;57;68;48;2;158;177;196m▀[38;2;44;54;58;48;2;124;144;164m▀[38;2;16;16;16;48;2;124;144;164m▀[38;2;86;103;119;48;2;16;16;16m▀[38;2;44;54;58;48;2;44;54;58m▀[38;2;44;54;58;48;2;44;54;58m▀[38;2;158;177;196;48;2;158;177;196m▀[38;2;158;177;196;48;2;158;177;196m▀[38;2;158;177;196;48;2;158;177;196m▀[38;2;158;177;196;48;2;158;177;196m▀[38;2;158;177;196;48;2;124;144;164m▀[38;2;158;177;196;48;2;124;144;164m▀[38;2;158;177;196;48;2;85;94;113m▀[38;2;85;94;113;48;2;124;144;164m▀[38;2;124;144;164;48;2;124;144;164m▀[38;2;124;144;164;48;2;124;144;164m▀[38;2;124;144;164;48;2;16;16;16m▀[38;2;124;144;164;48;2;16;16;16m▀[38;2;16;16;16;48;2;0;0;0m▀[38;2;0;0;0m▀[0m [0m [0m [0m [0m [0m [0m [0m [0m [0m [0m [0m [0m [0m [0m [0m [0m [0m [0m [0m [0m [0m [0m [0m [0m
[0m [0m [0m [0m [0m [0m [0m [0m [0m [0m [0m [0m [0m [0m [0m [0m [0m [0m [0m [0m [0m [0m [0m [38;2;0;0;0m▀[38;2;16;16;16;48;2;0;0;0m▀[38;2;158;177;196;48;2;44;54;58m▀[38;2;16;16;16;48;2;44;54;58m▀[38;2;16;16;16;48;2;44;54;58m▀[38;2;86;103;119;48;2;44;54;58m▀[38;2;52;57;68;48;2;124;144;164m▀[38;2;189;206;223;48;2;85;94;113m▀[38;2;44;54;58;48;2;158;177;196m▀[38;2;86;103;119;48;2;44;54;58m▀[38;2;86;103;119;48;2;44;54;58m▀[38;2;44;54;58;48;2;158;177;196m▀[38;2;158;177;196;48;2;158;177;196m▀[38;2;86;103;119;48;2;44;54;58m▀[38;2;44;54;58;48;2;44;54;58m▀[38;2;44;54;58;48;2;86;103;119m▀[38;2;44;54;58;48;2;86;103;119m▀[38;2;44;54;58;48;2;86;103;119m▀[38;2;44;54;58;48;2;86;103;119m▀[38;2;158;177;196;48;2;16;16;16m▀[38;2;124;144;164;48;2;124;144;164m▀[38;2;124;144;164;48;2;124;144;164m▀[38;2;16;16;16;48;2;124;144;164m▀[38;2;16;16;16;48;2;124;144;164m▀[38;2;158;177;196;48;2;124;144;164m▀[38;2;158;177;196;48;2;124;144;164m▀[38;2;158;177;196;48;2;124;144;164m▀[38;2;124;144;164;48;2;124;144;164m▀[38;2;124;144;164;48;2;124;144;164m▀[38;2;124;144;164;48;2;124;144;164m▀[38;2;124;144;164;48;2;124;144;164m▀[38;2;124;144;164;48;2;16;16;16m▀[38;2;124;144;164;48;2;85;94;113m▀[38;2;16;16;16;48;2;85;94;113m▀[38;2;0;0;0;48;2;85;94;113m▀[38;2;0;0;0;48;2;85;94;113m▀[38;2;0;0;0;48;2;52;57;68m▀[38;2;0;0;0;48;2;52;57;68m▀[38;2;0;0;0m▄[0m [0m [0m [0m [0m [0m [0m [0m [0m [0m [0m [0m [0m [0m [0m [0m [0m [0m [0m [0m [0m [0m [0m [0m
[0m [0m [0m [0m [0m [0m [0m [0m [0m [0m [0m [0m [0m [0m [0m [0m [0m [0m [0m [0m [0m [0m [0m [0m [38;2;0;0;0;48;2;0;0;0m▀[38;2;44;54;58;48;2;44;54;58m▀[38;2;44;54;58;48;2;65;80;89m▀[38;2;44;54;58;48;2;65;80;89m▀[38;2;44;54;58;48;2;86;103;119m▀[38;2;124;144;164;48;2;44;54;58m▀[38;2;85;94;113;48;2;158;177;196m▀[38;2;158;177;196;48;2;158;177;196m▀[38;2;44;54;58;48;2;158;177;196m▀[38;2;44;54;58;48;2;158;177;196m▀[38;2;158;177;196;48;2;158;177;196m▀[38;2;158;177;196;48;2;44;54;58m▀[38;2;44;54;58;48;2;65;80;89m▀[38;2;44;54;58;48;2;86;103;119m▀[38;2;86;103;119;48;2;86;103;119m▀[38;2;86;103;119;48;2;86;103;119m▀[38;2;86;103;119;48;2;65;80;89m▀[38;2;86;103;119;48;2;65;80;89m▀[38;2;16;16;16;48;2;16;16;16m▀[38;2;124;144;164;48;2;124;144;164m▀[38;2;124;144;164;48;2;124;144;164m▀[38;2;124;144;164;48;2;124;144;164m▀[38;2;124;144;164;48;2;124;144;164m▀[38;2;124;144;164;48;2;124;144;164m▀[38;2;124;144;164;48;2;124;144;164m▀[38;2;124;144;164;48;2;124;144;164m▀[38;2;124;144;164;48;2;124;144;164m▀[38;2;124;144;164;48;2;16;16;16m▀[38;2;124;144;164;48;2;16;16;16m▀[38;2;124;144;164;48;2;85;94;113m▀[38;2;16;16;16;48;2;85;94;113m▀[38;2;85;94;113;48;2;189;206;223m▀[38;2;85;94;113;48;2;124;144;164m▀[38;2;85;94;113;48;2;158;177;196m▀[38;2;85;94;113;48;2;158;177;196m▀[38;2;52;57;68;48;2;189;206;223m▀[38;2;52;57;68;48;2;189;206;223m▀[38;2;0;0;0;48;2;52;57;68m▀[38;2;0;0;0m▄[0m [0m [0m [0m [0m [0m [0m [0m [0m [0m [0m [0m [0m [0m [0m [0m [0m [0m [0m [0m [0m [0m [0m
[0m [0m [0m [0m [0m [0m [0m [0m [0m [0m [0m [0m [0m [0m [0m [0m [0m [0m [0m [0m [0m [0m [0m [0m [38;2;0;0;0m▀[38;2;16;16;16;48;2;0;0;0m▀[38;2;86;103;119;48;2;16;16;16m▀[38;2;86;103;119;48;2;16;16;16m▀[38;2;86;103;119;48;2;16;16;16m▀[38;2;65;80;89;48;2;16;16;16m▀[38;2;44;54;58;48;2;16;16;16m▀[38;2;124;144;164;48;2;124;144;164m▀[38;2;124;144;164;48;2;124;144;164m▀[38;2;124;144;164;48;2;124;144;164m▀[38;2;124;144;164;48;2;124;144;164m▀[38;2;44;54;58;48;2;16;16;16m▀[38;2;86;103;119;48;2;16;16;16m▀[38;2;86;103;119;48;2;16;16;16m▀[38;2;16;16;16;48;2;85;94;113m▀[38;2;16;16;16;48;2;85;94;113m▀[38;2;16;16;16;48;2;248;248;248m▀[38;2;16;16;16;48;2;248;248;248m▀[38;2;248;248;248;48;2;248;248;248m▀[38;2;124;144;164;48;2;124;144;164m▀[38;2;124;144;164;48;2;124;144;164m▀[38;2;124;144;164;48;2;124;144;164m▀[38;2;124;144;164;48;2;124;144;164m▀[38;2;16;16;16;48;2;124;144;164m▀[38;2;16;16;16;48;2;16;16;16m▀[38;2;16;16;16;48;2;0;0;0m▀[38;2;16;16;16;48;2;0;0;0m▀[38;2;85;94;113;48;2;85;94;113m▀[38;2;85;94;113;48;2;85;94;113m▀[38;2;189;206;223;48;2;189;206;223m▀[38;2;189;206;223;48;2;158;177;196m▀[38;2;158;177;196;48;2;158;177;196m▀[38;2;158;177;196;48;2;85;94;113m▀[38;2;158;177;196;48;2;158;177;196m▀[38;2;158;177;196;48;2;158;177;196m▀[38;2;158;177;196;48;2;158;177;196m▀[38;2;158;177;196;48;2;158;177;196m▀[38;2;52;57;68;48;2;158;177;196m▀[38;2;0;0;0;48;2;52;57;68m▀[38;2;0;0;0m▄[38;2;0;0;0m▄[0m [0m [0m [0m [0m [0m [0m [0m [0m [0m [0m [0m [0m [0m [0m [0m [0m [0m [0m [0m [0m
[0m [0m [0m [0m [0m [0m [0m [0m [0m [0m [0m [0m [0m [0m [0m [0m [0m [0m [0m [0m [0m [0m [0m [38;2;0;0;0m▄[38;2;0;0;0;48;2;16;16;16m▀[38;2;16;16;16;48;2;16;16;16m▀[38;2;248;248;248;48;2;248;248;248m▀[38;2;248;248;248;48;2;248;248;248m▀[38;2;16;16;16;48;2;16;16;16m▀[38;2;85;94;113;48;2;85;94;113m▀[38;2;16;16;16;48;2;158;177;196m▀[38;2;124;144;164;48;2;158;177;196m▀[38;2;124;144;164;48;2;158;177;196m▀[38;2;124;144;164;48;2;158;177;196m▀[38;2;124;144;164;48;2;158;177;196m▀[38;2;16;16;16;48;2;158;177;196m▀[38;2;85;94;113;48;2;85;94;113m▀[38;2;248;248;248;48;2;248;248;248m▀[38;2;16;16;16;48;2;16;16;16m▀[38;2;16;16;16;48;2;16;16;16m▀[38;2;248;248;248;48;2;248;248;248m▀[38;2;248;248;248;48;2;124;144;164m▀[38;2;124;144;164;48;2;124;144;164m▀[38;2;124;144;164;48;2;124;144;164m▀[38;2;124;144;164;48;2;124;144;164m▀[38;2;124;144;164;48;2;124;144;164m▀[38;2;124;144;164;48;2;124;144;164m▀[38;2;124;144;164;48;2;124;144;164m▀[38;2;16;16;16;48;2;16;16;16m▀[38;2;0;0;0;48;2;0;0;0m▀[38;2;85;94;113;48;2;52;57;68m▀[38;2;158;177;196;48;2;124;144;164m▀[38;2;158;177;196;48;2;124;144;164m▀[38;2;158;177;196;48;2;124;144;164m▀[38;2;124;144;164;48;2;85;94;113m▀[38;2;85;94;113;48;2;158;177;196m▀[38;2;158;177;196;48;2;158;177;196m▀[38;2;158;177;196;48;2;158;177;196m▀[38;2;158;177;196;48;2;158;177;196m▀[38;2;158;177;196;48;2;85;94;113m▀[38;2;158;177;196;48;2;158;177;196m▀[38;2;158;177;196;48;2;158;177;196m▀[38;2;158;177;196;48;2;158;177;196m▀[38;2;52;57;68;48;2;52;57;68m▀[38;2;52;57;68;48;2;52;57;68m▀[38;2;0;0;0;48;2;0;0;0m▀[0m [0m [0m [0m [0m [0m [0m [0m [0m [0m [0m [0m [0m [0m [0m [0m [0m [0m [0m [0m
[0m [0m [0m [0m [0m [0m [38;2;0;0;0m▄[38;2;0;0;0m▄[38;2;0;0;0m▄[38;2;0;0;0m▄[0m [0m [0m [0m [0m [0m [0m [0m [0m [0m [0m [0m [38;2;0;0;0m▄[38;2;0;0;0;48;2;85;94;113m▀[38;2;16;16;16;48;2;158;177;196m▀[38;2;16;16;16;48;2;158;177;196m▀[38;2;248;248;248;48;2;158;177;196m▀[38;2;248;248;248;48;2;158;177;196m▀[38;2;16;16;16;48;2;158;177;196m▀[38;2;85;94;113;48;2;158;177;196m▀[38;2;158;177;196;48;2;158;177;196m▀[38;2;158;177;196;48;2;158;177;196m▀[38;2;158;177;196;48;2;158;177;196m▀[38;2;158;177;196;48;2;158;177;196m▀[38;2;158;177;196;48;2;158;177;196m▀[38;2;158;177;196;48;2;158;177;196m▀[38;2;85;94;113;48;2;158;177;196m▀[38;2;248;248;248;48;2;158;177;196m▀[38;2;16;16;16;48;2;158;177;196m▀[38;2;16;16;16;48;2;158;177;196m▀[38;2;248;248;248;48;2;124;144;164m▀[38;2;124;144;164;48;2;124;144;164m▀[38;2;124;144;164;48;2;124;144;164m▀[38;2;124;144;164;48;2;124;144;164m▀[38;2;124;144;164;48;2;124;144;164m▀[38;2;124;144;164;48;2;124;144;164m▀[38;2;124;144;164;48;2;124;144;164m▀[38;2;124;144;164;48;2;124;144;164m▀[38;2;16;16;16;48;2;16;16;16m▀[38;2;0;0;0;48;2;0;0;0m▀[38;2;52;57;68;48;2;52;57;68m▀[38;2;124;144;164;48;2;16;16;16m▀[38;2;124;144;164;48;2;16;16;16m▀[38;2;124;144;164;48;2;52;57;68m▀[38;2;85;94;113;48;2;124;144;164m▀[38;2;158;177;196;48;2;158;177;196m▀[38;2;158;177;196;48;2;158;177;196m▀[38;2;158;177;196;48;2;85;94;113m▀[38;2;158;177;196;48;2;85;94;113m▀[38;2;85;94;113;48;2;158;177;196m▀[38;2;158;177;196;48;2;158;177;196m▀[38;2;158;177;196;48;2;158;177;196m▀[38;2;158;177;196;48;2;158;177;196m▀[38;2;52;57;68;48;2;158;177;196m▀[38;2;52;57;68;48;2;158;177;196m▀[38;2;0;0;0;48;2;52;57;68m▀[38;2;0;0;0m▄[0m [0m [0m [0m [0m [0m [0m [0m [0m [0m [0m [0m [0m [0m [0m [0m [0m [0m [0m
[0m [0m [0m [0m [38;2;0;0;0m▄[38;2;0;0;0;48;2;52;57;68m▀[38;2;85;94;113;48;2;189;206;223m▀[38;2;85;94;113;48;2;189;206;223m▀[38;2;85;94;113;48;2;189;206;223m▀[38;2;85;94;113;48;2;189;206;223m▀[38;2;0;0;0;48;2;85;94;113m▀[38;2;0;0;0;48;2;85;94;113m▀[38;2;0;0;0m▄[38;2;0;0;0m▄[0m [0m [0m [0m [0m [0m [38;2;0;0;0m▄[38;2;0;0;0;48;2;0;0;0m▀[38;2;85;94;113;48;2;85;94;113m▀[38;2;158;177;196;48;2;158;177;196m▀[38;2;158;177;196;48;2;158;177;196m▀[38;2;158;177;196;48;2;158;177;196m▀[38;2;158;177;196;48;2;158;177;196m▀[38;2;158;177;196;48;2;158;177;196m▀[38;2;158;177;196;48;2;158;177;196m▀[38;2;158;177;196;48;2;158;177;196m▀[38;2;158;177;196;48;2;158;177;196m▀[38;2;158;177;196;48;2;158;177;196m▀[38;2;158;177;196;48;2;158;177;196m▀[38;2;158;177;196;48;2;158;177;196m▀[38;2;158;177;196;48;2;158;177;196m▀[38;2;158;177;196;48;2;158;177;196m▀[38;2;158;177;196;48;2;158;177;196m▀[38;2;158;177;196;48;2;158;177;196m▀[38;2;158;177;196;48;2;124;144;164m▀[38;2;158;177;196;48;2;124;144;164m▀[38;2;124;144;164;48;2;124;144;164m▀[38;2;124;144;164;48;2;124;144;164m▀[38;2;124;144;164;48;2;124;144;164m▀[38;2;124;144;164;48;2;124;144;164m▀[38;2;124;144;164;48;2;124;144;164m▀[38;2;124;144;164;48;2;124;144;164m▀[38;2;124;144;164;48;2;124;144;164m▀[38;2;124;144;164;48;2;124;144;164m▀[38;2;16;16;16;48;2;16;16;16m▀[38;2;52;57;68;48;2;52;57;68m▀[38;2;158;177;196;48;2;158;177;196m▀[38;2;158;177;196;48;2;158;177;196m▀[38;2;158;177;196;48;2;158;177;196m▀[38;2;52;57;68;48;2;124;144;164m▀[38;2;124;144;164;48;2;16;16;16m▀[38;2;124;144;164;48;2;52;57;68m▀[38;2;85;94;113;48;2;124;144;164m▀[38;2;158;177;196;48;2;158;177;196m▀[38;2;158;177;196;48;2;158;177;196m▀[38;2;158;177;196;48;2;158;177;196m▀[38;2;158;177;196;48;2;85;94;113m▀[38;2;158;177;196;48;2;124;144;164m▀[38;2;124;144;164;48;2;124;144;164m▀[38;2;124;144;164;48;2;124;144;164m▀[38;2;124;144;164;48;2;124;144;164m▀[38;2;124;144;164;48;2;124;144;164m▀[38;2;52;57;68;48;2;52;57;68m▀[38;2;0;0;0;48;2;0;0;0m▀[0m [0m [0m [0m [0m [0m [0m [0m [0m [0m [0m [0m [0m [0m [0m [0m [0m [0m
[0m [38;2;0;0;0m▄[38;2;0;0;0;48;2;52;57;68m▀[38;2;0;0;0;48;2;52;57;68m▀[38;2;52;57;68;48;2;189;206;223m▀[38;2;85;94;113;48;2;189;206;223m▀[38;2;158;177;196;48;2;158;177;196m▀[38;2;189;206;223;48;2;158;177;196m▀[38;2;189;206;223;48;2;158;177;196m▀[38;2;189;206;223;48;2;158;177;196m▀[38;2;158;177;196;48;2;158;177;196m▀[38;2;158;177;196;48;2;158;177;196m▀[38;2;85;94;113;48;2;158;177;196m▀[38;2;52;57;68;48;2;158;177;196m▀[38;2;0;0;0;48;2;52;57;68m▀[38;2;0;0;0;48;2;52;57;68m▀[38;2;0;0;0m▄[0m [0m [38;2;0;0;0;48;2;0;0;0m▀[38;2;85;94;113;48;2;85;94;113m▀[38;2;85;94;113;48;2;85;94;113m▀[38;2;158;177;196;48;2;52;57;68m▀[38;2;158;177;196;48;2;52;57;68m▀[38;2;158;177;196;48;2;52;57;68m▀[38;2;158;177;196;48;2;158;177;196m▀[38;2;158;177;196;48;2;158;177;196m▀[38;2;158;177;196;48;2;158;177;196m▀[38;2;158;177;196;48;2;158;177;196m▀[38;2;158;177;196;48;2;158;177;196m▀[38;2;158;177;196;48;2;158;177;196m▀[38;2;158;177;196;48;2;158;177;196m▀[38;2;158;177;196;48;2;158;177;196m▀[38;2;158;177;196;48;2;158;177;196m▀[38;2;158;177;196;48;2;52;57;68m▀[38;2;158;177;196;48;2;52;57;68m▀[38;2;158;177;196;48;2;52;57;68m▀[38;2;124;144;164;48;2;124;144;164m▀[38;2;124;144;164;48;2;124;144;164m▀[38;2;124;144;164;48;2;124;144;164m▀[38;2;124;144;164;48;2;124;144;164m▀[38;2;124;144;164;48;2;124;144;164m▀[38;2;124;144;164;48;2;52;57;68m▀[38;2;124;144;164;48;2;52;57;68m▀[38;2;124;144;164;48;2;52;57;68m▀[38;2;124;144;164;48;2;124;144;164m▀[38;2;124;144;164;48;2;124;144;164m▀[38;2;16;16;16;48;2;16;16;16m▀[38;2;0;0;0;48;2;0;0;0m▀[38;2;0;0;0m▀[38;2;16;16;16;48;2;0;0;0m▀[38;2;124;144;164;48;2;16;16;16m▀[38;2;124;144;164;48;2;16;16;16m▀[38;2;124;144;164;48;2;16;16;16m▀[38;2;85;94;113;48;2;85;94;113m▀[38;2;52;57;68;48;2;85;94;113m▀[38;2;124;144;164;48;2;16;16;16m▀[38;2;124;144;164;48;2;16;16;16m▀[38;2;124;144;164;48;2;16;16;16m▀[38;2;16;16;16;48;2;124;144;164m▀[38;2;124;144;164;48;2;124;144;164m▀[38;2;124;144;164;48;2;124;144;164m▀[38;2;124;144;164;48;2;85;94;113m▀[38;2;124;144;164;48;2;124;144;164m▀[38;2;124;144;164;48;2;124;144;164m▀[38;2;124;144;164;48;2;124;144;164m▀[38;2;16;16;16;48;2;16;16;16m▀[38;2;0;0;0;48;2;0;0;0m▀[0m [0m [0m [0m [0m [0m [0m [0m [0m [0m [0m [0m [0m [0m [0m [0m [0m [0m
[0m [38;2;0;0;0;48;2;0;0;0m▀[38;2;52;57;68;48;2;85;94;113m▀[38;2;52;57;68;48;2;85;94;113m▀[38;2;189;206;223;48;2;158;177;196m▀[38;2;189;206;223;48;2;158;177;196m▀[38;2;158;177;196;48;2;158;177;196m▀[38;2;158;177;196;48;2;158;177;196m▀[38;2;158;177;196;48;2;85;94;113m▀[38;2;158;177;196;48;2;85;94;113m▀[38;2;158;177;196;48;2;124;144;164m▀[38;2;158;177;196;48;2;158;177;196m▀[38;2;158;177;196;48;2;158;177;196m▀[38;2;158;177;196;48;2;158;177;196m▀[38;2;52;57;68;48;2;52;57;68m▀[38;2;52;57;68;48;2;52;57;68m▀[38;2;0;0;0;48;2;0;0;0m▀[0m [0m [38;2;0;0;0;48;2;0;0;0m▀[38;2;85;94;113;48;2;16;16;16m▀[38;2;85;94;113;48;2;16;16;16m▀[38;2;52;57;68;48;2;158;177;196m▀[38;2;52;57;68;48;2;158;177;196m▀[38;2;52;57;68;48;2;158;177;196m▀[38;2;158;177;196;48;2;85;94;113m▀[38;2;158;177;196;48;2;52;57;68m▀[38;2;158;177;196;48;2;52;57;68m▀[38;2;158;177;196;48;2;52;57;68m▀[38;2;158;177;196;48;2;52;57;68m▀[38;2;158;177;196;48;2;52;57;68m▀[38;2;158;177;196;48;2;52;57;68m▀[38;2;158;177;196;48;2;85;94;113m▀[38;2;158;177;196;48;2;85;94;113m▀[38;2;52;57;68;48;2;158;177;196m▀[38;2;52;57;68;48;2;158;177;196m▀[38;2;52;57;68;48;2;124;144;164m▀[38;2;124;144;164;48;2;52;57;68m▀[38;2;124;144;164;48;2;52;57;68m▀[38;2;124;144;164;48;2;52;57;68m▀[38;2;124;144;164;48;2;124;144;164m▀[38;2;124;144;164;48;2;124;144;164m▀[38;2;52;57;68;48;2;52;57;68m▀[38;2;52;57;68;48;2;124;144;164m▀[38;2;52;57;68;48;2;124;144;164m▀[38;2;124;144;164;48;2;124;144;164m▀[38;2;124;144;164;48;2;124;144;164m▀[38;2;16;16;16;48;2;16;16;16m▀[38;2;0;0;0;48;2;0;0;0m▀[0m [38;2;0;0;0m▀[38;2;16;16;16;48;2;0;0;0m▀[38;2;16;16;16;48;2;0;0;0m▀[38;2;16;16;16;48;2;0;0;0m▀[38;2;85;94;113;48;2;16;16;16m▀[38;2;85;94;113;48;2;124;144;164m▀[38;2;16;16;16;48;2;124;144;164m▀[38;2;16;16;16;48;2;16;16;16m▀[38;2;16;16;16;48;2;16;16;16m▀[38;2;124;144;164;48;2;124;144;164m▀[38;2;124;144;164;48;2;124;144;164m▀[38;2;124;144;164;48;2;52;57;68m▀[38;2;85;94;113;48;2;52;57;68m▀[38;2;124;144;164;48;2;124;144;164m▀[38;2;124;144;164;48;2;124;144;164m▀[38;2;124;144;164;48;2;124;144;164m▀[38;2;16;16;16;48;2;16;16;16m▀[38;2;0;0;0;48;2;0;0;0m▀[0m [0m [0m [0m [0m [0m [0m [0m [0m [0m [0m [0m [0m [0m [0m [0m [0m [0m
[38;2;0;0;0;48;2;0;0;0m▀[38;2;52;57;68;48;2;52;57;68m▀[38;2;189;206;223;48;2;158;177;196m▀[38;2;189;206;223;48;2;158;177;196m▀[38;2;158;177;196;48;2;158;177;196m▀[38;2;158;177;196;48;2;158;177;196m▀[38;2;158;177;196;48;2;158;177;196m▀[38;2;158;177;196;48;2;158;177;196m▀[38;2;158;177;196;48;2;158;177;196m▀[38;2;158;177;196;48;2;158;177;196m▀[38;2;85;94;113;48;2;158;177;196m▀[38;2;16;16;16;48;2;85;94;113m▀[38;2;124;144;164;48;2;16;16;16m▀[38;2;124;144;164;48;2;124;144;164m▀[38;2;52;57;68;48;2;16;16;16m▀[38;2;52;57;68;48;2;16;16;16m▀[38;2;0;0;0;48;2;52;57;68m▀[38;2;0;0;0m▄[0m [38;2;0;0;0m▀[38;2;16;16;16;48;2;0;0;0m▀[38;2;16;16;16;48;2;0;0;0m▀[38;2;124;144;164;48;2;16;16;16m▀[38;2;158;177;196;48;2;158;177;196m▀[38;2;158;177;196;48;2;158;177;196m▀[38;2;158;177;196;48;2;158;177;196m▀[38;2;158;177;196;48;2;158;177;196m▀[38;2;158;177;196;48;2;158;177;196m▀[38;2;158;177;196;48;2;158;177;196m▀[38;2;158;177;196;48;2;158;177;196m▀[38;2;158;177;196;48;2;158;177;196m▀[38;2;158;177;196;48;2;158;177;196m▀[38;2;158;177;196;48;2;158;177;196m▀[38;2;158;177;196;48;2;158;177;196m▀[38;2;158;177;196;48;2;124;144;164m▀[38;2;124;144;164;48;2;124;144;164m▀[38;2;124;144;164;48;2;124;144;164m▀[38;2;124;144;164;48;2;124;144;164m▀[38;2;124;144;164;48;2;124;144;164m▀[38;2;124;144;164;48;2;124;144;164m▀[38;2;52;57;68;48;2;124;144;164m▀[38;2;52;57;68;48;2;52;57;68m▀[38;2;85;94;113;48;2;85;94;113m▀[38;2;124;144;164;48;2;124;144;164m▀[38;2;124;144;164;48;2;124;144;164m▀[38;2;16;16;16;48;2;16;16;16m▀[38;2;16;16;16;48;2;16;16;16m▀[38;2;0;0;0;48;2;0;0;0m▀[0m [0m [0m [0m [0m [0m [38;2;0;0;0;48;2;0;0;0m▀[38;2;16;16;16;48;2;52;57;68m▀[38;2;124;144;164;48;2;16;16;16m▀[38;2;124;144;164;48;2;16;16;16m▀[38;2;124;144;164;48;2;16;16;16m▀[38;2;16;16;16;48;2;124;144;164m▀[38;2;16;16;16;48;2;124;144;164m▀[38;2;124;144;164;48;2;124;144;164m▀[38;2;124;144;164;48;2;124;144;164m▀[38;2;124;144;164;48;2;124;144;164m▀[38;2;124;144;164;48;2;124;144;164m▀[38;2;124;144;164;48;2;16;16;16m▀[38;2;16;16;16;48;2;0;0;0m▀[38;2;0;0;0m▀[38;2;0;0;0m▄[38;2;0;0;0m▄[38;2;0;0;0m▄[38;2;0;0;0m▄[38;2;0;0;0m▄[38;2;0;0;0m▄[0m [0m [0m [0m [0m [0m [0m [0m [0m [0m [0m [0m
[38;2;0;0;0;48;2;52;57;68m▀[38;2;85;94;113;48;2;158;177;196m▀[38;2;158;177;196;48;2;158;177;196m▀[38;2;158;177;196;48;2;158;177;196m▀[38;2;158;177;196;48;2;158;177;196m▀[38;2;158;177;196;48;2;158;177;196m▀[38;2;158;177;196;48;2;158;177;196m▀[38;2;85;94;113;48;2;158;177;196m▀[38;2;158;177;196;48;2;85;94;113m▀[38;2;158;177;196;48;2;85;94;113m▀[38;2;158;177;196;48;2;124;144;164m▀[38;2;124;144;164;48;2;124;144;164m▀[38;2;16;16;16;48;2;16;16;16m▀[38;2;16;16;16;48;2;124;144;164m▀[38;2;158;177;196;48;2;158;177;196m▀[38;2;158;177;196;48;2;158;177;196m▀[38;2;52;57;68;48;2;52;57;68m▀[38;2;0;0;0;48;2;0;0;0m▀[0m [0m [0m [38;2;0;0;0m▀[38;2;16;16;16;48;2;0;0;0m▀[38;2;124;144;164;48;2;16;16;16m▀[38;2;124;144;164;48;2;124;144;164m▀[38;2;158;177;196;48;2;124;144;164m▀[38;2;158;177;196;48;2;124;144;164m▀[38;2;158;177;196;48;2;124;144;164m▀[38;2;158;177;196;48;2;124;144;164m▀[38;2;158;177;196;48;2;124;144;164m▀[38;2;158;177;196;48;2;124;144;164m▀[38;2;124;144;164;48;2;124;144;164m▀[38;2;124;144;164;48;2;124;144;164m▀[38;2;124;144;164;48;2;124;144;164m▀[38;2;124;144;164;48;2;124;144;164m▀[38;2;124;144;164;48;2;124;144;164m▀[38;2;124;144;164;48;2;124;144;164m▀[38;2;124;144;164;48;2;124;144;164m▀[38;2;124;144;164;48;2;124;144;164m▀[38;2;124;144;164;48;2;124;144;164m▀[38;2;124;144;164;48;2;124;144;164m▀[38;2;124;144;164;48;2;124;144;164m▀[38;2;16;16;16;48;2;16;16;16m▀[38;2;124;144;164;48;2;16;16;16m▀[38;2;16;16;16;48;2;124;144;164m▀[38;2;16;16;16;48;2;158;177;196m▀[38;2;16;16;16;48;2;158;177;196m▀[38;2;0;0;0;48;2;16;16;16m▀[38;2;0;0;0;48;2;16;16;16m▀[38;2;0;0;0m▄[0m [0m [0m [0m [38;2;0;0;0;48;2;0;0;0m▀[38;2;52;57;68;48;2;52;57;68m▀[38;2;158;177;196;48;2;158;177;196m▀[38;2;158;177;196;48;2;158;177;196m▀[38;2;158;177;196;48;2;158;177;196m▀[38;2;16;16;16;48;2;124;144;164m▀[38;2;16;16;16;48;2;124;144;164m▀[38;2;124;144;164;48;2;124;144;164m▀[38;2;124;144;164;48;2;124;144;164m▀[38;2;124;144;164;48;2;16;16;16m▀[38;2;124;144;164;48;2;16;16;16m▀[38;2;16;16;16;48;2;0;0;0m▀[38;2;0;0;0;48;2;85;94;113m▀[38;2;0;0;0;48;2;85;94;113m▀[38;2;85;94;113;48;2;124;144;164m▀[38;2;85;94;113;48;2;158;177;196m▀[38;2;85;94;113;48;2;158;177;196m▀[38;2;85;94;113;48;2;158;177;196m▀[38;2;85;94;113;48;2;158;177;196m▀[38;2;85;94;113;48;2;124;144;164m▀[38;2;0;0;0;48;2;85;94;113m▀[38;2;0;0;0;48;2;85;94;113m▀[38;2;0;0;0;48;2;85;94;113m▀[38;2;0;0;0;48;2;85;94;113m▀[38;2;0;0;0;48;2;85;94;113m▀[38;2;0;0;0m▄[0m [0m [0m [0m [0m [0m
[38;2;52;57;68;48;2;52;57;68m▀[38;2;158;177;196;48;2;158;177;196m▀[38;2;158;177;196;48;2;158;177;196m▀[38;2;158;177;196;48;2;158;177;196m▀[38;2;158;177;196;48;2;158;177;196m▀[38;2;158;177;196;48;2;85;94;113m▀[38;2;158;177;196;48;2;158;177;196m▀[38;2;158;177;196;48;2;158;177;196m▀[38;2;85;94;113;48;2;124;144;164m▀[38;2;85;94;113;48;2;124;144;164m▀[38;2;124;144;164;48;2;16;16;16m▀[38;2;124;144;164;48;2;16;16;16m▀[38;2;16;16;16;48;2;124;144;164m▀[38;2;124;144;164;48;2;124;144;164m▀[38;2;158;177;196;48;2;16;16;16m▀[38;2;158;177;196;48;2;16;16;16m▀[38;2;52;57;68;48;2;52;57;68m▀[38;2;0;0;0;48;2;0;0;0m▀[0m [0m [0m [0m [38;2;0;0;0m▀[38;2;16;16;16;48;2;0;0;0m▀[38;2;124;144;164;48;2;16;16;16m▀[38;2;124;144;164;48;2;16;16;16m▀[38;2;124;144;164;48;2;124;144;164m▀[38;2;124;144;164;48;2;124;144;164m▀[38;2;124;144;164;48;2;124;144;164m▀[38;2;124;144;164;48;2;124;144;164m▀[38;2;124;144;164;48;2;124;144;164m▀[38;2;124;144;164;48;2;124;144;164m▀[38;2;124;144;164;48;2;124;144;164m▀[38;2;124;144;164;48;2;124;144;164m▀[38;2;124;144;164;48;2;124;144;164m▀[38;2;124;144;164;48;2;124;144;164m▀[38;2;124;144;164;48;2;124;144;164m▀[38;2;124;144;164;48;2;124;144;164m▀[38;2;124;144;164;48;2;16;16;16m▀[38;2;124;144;164;48;2;16;16;16m▀[38;2;124;144;164;48;2;16;16;16m▀[38;2;124;144;164;48;2;16;16;16m▀[38;2;16;16;16;48;2;124;144;164m▀[38;2;16;16;16;48;2;124;144;164m▀[38;2;124;144;164;48;2;124;144;164m▀[38;2;158;177;196;48;2;158;177;196m▀[38;2;158;177;196;48;2;158;177;196m▀[38;2;16;16;16;48;2;158;177;196m▀[38;2;16;16;16;48;2;85;94;113m▀[38;2;0;0;0;48;2;52;57;68m▀[38;2;0;0;0;48;2;52;57;68m▀[38;2;0;0;0m▄[38;2;0;0;0m▄[38;2;0;0;0m▄[38;2;0;0;0;48;2;52;57;68m▀[38;2;52;57;68;48;2;158;177;196m▀[38;2;158;177;196;48;2;158;177;196m▀[38;2;158;177;196;48;2;158;177;196m▀[38;2;158;177;196;48;2;158;177;196m▀[38;2;124;144;164;48;2;124;144;164m▀[38;2;124;144;164;48;2;124;144;164m▀[38;2;124;144;164;48;2;124;144;164m▀[38;2;124;144;164;48;2;16;16;16m▀[38;2;16;16;16;48;2;0;0;0m▀[38;2;16;16;16;48;2;0;0;0m▀[38;2;0;0;0;48;2;16;16;16m▀[38;2;85;94;113;48;2;124;144;164m▀[38;2;85;94;113;48;2;124;144;164m▀[38;2;124;144;164;48;2;124;144;164m▀[38;2;158;177;196;48;2;158;177;196m▀[38;2;158;177;196;48;2;158;177;196m▀[38;2;158;177;196;48;2;158;177;196m▀[38;2;158;177;196;48;2;158;177;196m▀[38;2;124;144;164;48;2;158;177;196m▀[38;2;85;94;113;48;2;158;177;196m▀[38;2;85;94;113;48;2;158;177;196m▀[38;2;85;94;113;48;2;158;177;196m▀[38;2;85;94;113;48;2;158;177;196m▀[38;2;85;94;113;48;2;158;177;196m▀[38;2;0;0;0;48;2;52;57;68m▀[38;2;0;0;0;48;2;52;57;68m▀[38;2;0;0;0;48;2;52;57;68m▀[38;2;0;0;0;48;2;52;57;68m▀[38;2;0;0;0m▄[0m [0m
[38;2;16;16;16;48;2;0;0;0m▀[38;2;124;144;164;48;2;16;16;16m▀[38;2;158;177;196;48;2;124;144;164m▀[38;2;158;177;196;48;2;124;144;164m▀[38;2;158;177;196;48;2;124;144;164m▀[38;2;124;144;164;48;2;124;144;164m▀[38;2;85;94;113;48;2;124;144;164m▀[38;2;124;144;164;48;2;16;16;16m▀[38;2;124;144;164;48;2;16;16;16m▀[38;2;124;144;164;48;2;16;16;16m▀[38;2;16;16;16;48;2;124;144;164m▀[38;2;85;94;113;48;2;124;144;164m▀[38;2;16;16;16;48;2;124;144;164m▀[38;2;16;16;16;48;2;124;144;164m▀[38;2;124;144;164;48;2;124;144;164m▀[38;2;124;144;164;48;2;124;144;164m▀[38;2;158;177;196;48;2;158;177;196m▀[38;2;52;57;68;48;2;158;177;196m▀[38;2;0;0;0;48;2;52;57;68m▀[38;2;0;0;0m▄[0m [0m [0m [38;2;0;0;0m▄[38;2;0;0;0;48;2;52;57;68m▀[38;2;85;94;113;48;2;124;144;164m▀[38;2;16;16;16;48;2;124;144;164m▀[38;2;16;16;16;48;2;124;144;164m▀[38;2;16;16;16;48;2;124;144;164m▀[38;2;16;16;16;48;2;124;144;164m▀[38;2;16;16;16;48;2;124;144;164m▀[38;2;16;16;16;48;2;124;144;164m▀[38;2;16;16;16;48;2;124;144;164m▀[38;2;16;16;16;48;2;124;144;164m▀[38;2;16;16;16;48;2;124;144;164m▀[38;2;16;16;16;48;2;124;144;164m▀[38;2;16;16;16;48;2;124;144;164m▀[38;2;16;16;16;48;2;124;144;164m▀[38;2;124;144;164;48;2;124;144;164m▀[38;2;124;144;164;48;2;124;144;164m▀[38;2;124;144;164;48;2;124;144;164m▀[38;2;124;144;164;48;2;124;144;164m▀[38;2;124;144;164;48;2;124;144;164m▀[38;2;124;144;164;48;2;158;177;196m▀[38;2;158;177;196;48;2;158;177;196m▀[38;2;158;177;196;48;2;158;177;196m▀[38;2;158;177;196;48;2;158;177;196m▀[38;2;158;177;196;48;2;158;177;196m▀[38;2;85;94;113;48;2;158;177;196m▀[38;2;158;177;196;48;2;158;177;196m▀[38;2;158;177;196;48;2;85;94;113m▀[38;2;52;57;68;48;2;85;94;113m▀[38;2;52;57;68;48;2;85;94;113m▀[38;2;52;57;68;48;2;124;144;164m▀[38;2;16;16;16;48;2;16;16;16m▀[38;2;158;177;196;48;2;158;177;196m▀[38;2;158;177;196;48;2;158;177;196m▀[38;2;85;94;113;48;2;85;94;113m▀[38;2;85;94;113;48;2;85;94;113m▀[38;2;124;144;164;48;2;124;144;164m▀[38;2;124;144;164;48;2;124;144;164m▀[38;2;124;144;164;48;2;124;144;164m▀[38;2;16;16;16;48;2;16;16;16m▀[38;2;16;16;16;48;2;124;144;164m▀[38;2;16;16;16;48;2;124;144;164m▀[38;2;124;144;164;48;2;124;144;164m▀[38;2;124;144;164;48;2;124;144;164m▀[38;2;124;144;164;48;2;124;144;164m▀[38;2;124;144;164;48;2;124;144;164m▀[38;2;158;177;196;48;2;124;144;164m▀[38;2;158;177;196;48;2;124;144;164m▀[38;2;158;177;196;48;2;158;177;196m▀[38;2;158;177;196;48;2;158;177;196m▀[38;2;158;177;196;48;2;158;177;196m▀[38;2;158;177;196;48;2;158;177;196m▀[38;2;158;177;196;48;2;158;177;196m▀[38;2;158;177;196;48;2;158;177;196m▀[38;2;158;177;196;48;2;158;177;196m▀[38;2;158;177;196;48;2;158;177;196m▀[38;2;158;177;196;48;2;158;177;196m▀[38;2;158;177;196;48;2;158;177;196m▀[38;2;124;144;164;48;2;158;177;196m▀[38;2;124;144;164;48;2;158;177;196m▀[38;2;52;57;68;48;2;158;177;196m▀[38;2;0;0;0;48;2;52;57;68m▀[0m
[0m [38;2;0;0;0m▀[38;2;16;16;16;48;2;0;0;0m▀[38;2;16;16;16;48;2;0;0;0m▀[38;2;16;16;16;48;2;0;0;0m▀[38;2;124;144;164;48;2;16;16;16m▀[38;2;124;144;164;48;2;16;16;16m▀[38;2;16;16;16;48;2;0;0;0m▀[38;2;124;144;164;48;2;16;16;16m▀[38;2;124;144;164;48;2;16;16;16m▀[38;2;124;144;164;48;2;124;144;164m▀[38;2;124;144;164;48;2;124;144;164m▀[38;2;124;144;164;48;2;124;144;164m▀[38;2;124;144;164;48;2;124;144;164m▀[38;2;85;94;113;48;2;124;144;164m▀[38;2;85;94;113;48;2;124;144;164m▀[38;2;158;177;196;48;2;85;94;113m▀[38;2;158;177;196;48;2;158;177;196m▀[38;2;52;57;68;48;2;158;177;196m▀[38;2;0;0;0;48;2;52;57;68m▀[38;2;0;0;0;48;2;16;16;16m▀[38;2;0;0;0;48;2;16;16;16m▀[38;2;0;0;0;48;2;16;16;16m▀[38;2;52;57;68;48;2;85;94;113m▀[38;2;158;177;196;48;2;85;94;113m▀[38;2;158;177;196;48;2;158;177;196m▀[38;2;124;144;164;48;2;158;177;196m▀[38;2;124;144;164;48;2;158;177;196m▀[38;2;124;144;164;48;2;124;144;164m▀[38;2;124;144;164;48;2;124;144;164m▀[38;2;124;144;164;48;2;124;144;164m▀[38;2;124;144;164;48;2;124;144;164m▀[38;2;124;144;164;48;2;124;144;164m▀[38;2;124;144;164;48;2;124;144;164m▀[38;2;124;144;164;48;2;124;144;164m▀[38;2;124;144;164;48;2;124;144;164m▀[38;2;124;144;164;48;2;124;144;164m▀[38;2;124;144;164;48;2;124;144;164m▀[38;2;124;144;164;48;2;124;144;164m▀[38;2;124;144;164;48;2;124;144;164m▀[38;2;124;144;164;48;2;158;177;196m▀[38;2;124;144;164;48;2;158;177;196m▀[38;2;158;177;196;48;2;158;177;196m▀[38;2;158;177;196;48;2;158;177;196m▀[38;2;158;177;196;48;2;158;177;196m▀[38;2;158;177;196;48;2;158;177;196m▀[38;2;158;177;196;48;2;158;177;196m▀[38;2;158;177;196;48;2;158;177;196m▀[38;2;158;177;196;48;2;158;177;196m▀[38;2;158;177;196;48;2;158;177;196m▀[38;2;158;177;196;48;2;158;177;196m▀[38;2;158;177;196;48;2;124;144;164m▀[38;2;158;177;196;48;2;124;144;164m▀[38;2;124;144;164;48;2;124;144;164m▀[38;2;85;94;113;48;2;124;144;164m▀[38;2;124;144;164;48;2;124;144;164m▀[38;2;85;94;113;48;2;124;144;164m▀[38;2;124;144;164;48;2;124;144;164m▀[38;2;124;144;164;48;2;124;144;164m▀[38;2;124;144;164;48;2;124;144;164m▀[38;2;124;144;164;48;2;124;144;164m▀[38;2;124;144;164;48;2;16;16;16m▀[38;2;16;16;16;48;2;124;144;164m▀[38;2;124;144;164;48;2;124;144;164m▀[38;2;124;144;164;48;2;124;144;164m▀[38;2;124;144;164;48;2;124;144;164m▀[38;2;124;144;164;48;2;124;144;164m▀[38;2;124;144;164;48;2;124;144;164m▀[38;2;124;144;164;48;2;124;144;164m▀[38;2;124;144;164;48;2;124;144;164m▀[38;2;124;144;164;48;2;124;144;164m▀[38;2;158;177;196;48;2;124;144;164m▀[38;2;158;177;196;48;2;158;177;196m▀[38;2;158;177;196;48;2;158;177;196m▀[38;2;158;177;196;48;2;158;177;196m▀[38;2;158;177;196;48;2;158;177;196m▀[38;2;158;177;196;48;2;158;177;196m▀[38;2;158;177;196;48;2;158;177;196m▀[38;2;158;177;196;48;2;158;177;196m▀[38;2;158;177;196;48;2;158;177;196m▀[38;2;158;177;196;48;2;158;177;196m▀[38;2;158;177;196;48;2;158;177;196m▀[38;2;158;177;196;48;2;158;177;196m▀[38;2;158;177;196;48;2;158;177;196m▀[38;2;52;57;68;48;2;52;57;68m▀[0m
[0m [0m [0m [0m [38;2;0;0;0m▀[38;2;16;16;16;48;2;0;0;0m▀[38;2;16;16;16;48;2;0;0;0m▀[38;2;0;0;0m▀[38;2;16;16;16;48;2;0;0;0m▀[38;2;16;16;16;48;2;0;0;0m▀[38;2;124;144;164;48;2;16;16;16m▀[38;2;124;144;164;48;2;124;144;164m▀[38;2;124;144;164;48;2;124;144;164m▀[38;2;124;144;164;48;2;124;144;164m▀[38;2;124;144;164;48;2;124;144;164m▀[38;2;124;144;164;48;2;124;144;164m▀[38;2;85;94;113;48;2;124;144;164m▀[38;2;158;177;196;48;2;124;144;164m▀[38;2;158;177;196;48;2;124;144;164m▀[38;2;52;57;68;48;2;124;144;164m▀[38;2;16;16;16;48;2;85;94;113m▀[38;2;16;16;16;48;2;85;94;113m▀[38;2;16;16;16;48;2;124;144;164m▀[38;2;85;94;113;48;2;124;144;164m▀[38;2;85;94;113;48;2;124;144;164m▀[38;2;158;177;196;48;2;158;177;196m▀[38;2;158;177;196;48;2;158;177;196m▀[38;2;158;177;196;48;2;158;177;196m▀[38;2;124;144;164;48;2;158;177;196m▀[38;2;124;144;164;48;2;158;177;196m▀[38;2;124;144;164;48;2;158;177;196m▀[38;2;124;144;164;48;2;124;144;164m▀[38;2;124;144;164;48;2;124;144;164m▀[38;2;124;144;164;48;2;124;144;164m▀[38;2;124;144;164;48;2;124;144;164m▀[38;2;124;144;164;48;2;124;144;164m▀[38;2;124;144;164;48;2;124;144;164m▀[38;2;124;144;164;48;2;158;177;196m▀[38;2;124;144;164;48;2;158;177;196m▀[38;2;124;144;164;48;2;158;177;196m▀[38;2;158;177;196;48;2;158;177;196m▀[38;2;158;177;196;48;2;158;177;196m▀[38;2;158;177;196;48;2;158;177;196m▀[38;2;158;177;196;48;2;158;177;196m▀[38;2;158;177;196;48;2;124;144;164m▀[38;2;158;177;196;48;2;124;144;164m▀[38;2;158;177;196;48;2;124;144;164m▀[38;2;158;177;196;48;2;124;144;164m▀[38;2;158;177;196;48;2;16;16;16m▀[38;2;158;177;196;48;2;16;16;16m▀[38;2;158;177;196;48;2;16;16;16m▀[38;2;124;144;164;48;2;16;16;16m▀[38;2;124;144;164;48;2;16;16;16m▀[38;2;124;144;164;48;2;16;16;16m▀[38;2;124;144;164;48;2;124;144;164m▀[38;2;124;144;164;48;2;124;144;164m▀[38;2;124;144;164;48;2;124;144;164m▀[38;2;124;144;164;48;2;124;144;164m▀[38;2;124;144;164;48;2;124;144;164m▀[38;2;124;144;164;48;2;85;94;113m▀[38;2;124;144;164;48;2;16;16;16m▀[38;2;16;16;16;48;2;124;144;164m▀[38;2;124;144;164;48;2;124;144;164m▀[38;2;124;144;164;48;2;124;144;164m▀[38;2;124;144;164;48;2;124;144;164m▀[38;2;124;144;164;48;2;124;144;164m▀[38;2;124;144;164;48;2;124;144;164m▀[38;2;124;144;164;48;2;124;144;164m▀[38;2;124;144;164;48;2;124;144;164m▀[38;2;124;144;164;48;2;124;144;164m▀[38;2;124;144;164;48;2;124;144;164m▀[38;2;124;144;164;48;2;124;144;164m▀[38;2;158;177;196;48;2;158;177;196m▀[38;2;158;177;196;48;2;158;177;196m▀[38;2;158;177;196;48;2;158;177;196m▀[38;2;158;177;196;48;2;158;177;196m▀[38;2;158;177;196;48;2;158;177;196m▀[38;2;158;177;196;48;2;158;177;196m▀[38;2;158;177;196;48;2;158;177;196m▀[38;2;158;177;196;48;2;158;177;196m▀[38;2;158;177;196;48;2;158;177;196m▀[38;2;158;177;196;48;2;158;177;196m▀[38;2;158;177;196;48;2;158;177;196m▀[38;2;158;177;196;48;2;158;177;196m▀[38;2;52;57;68;48;2;52;57;68m▀[0m
[0m [0m [0m [0m [0m [0m [0m [0m [0m [0m [38;2;0;0;0m▀[38;2;16;16;16;48;2;0;0;0m▀[38;2;124;144;164;48;2;16;16;16m▀[38;2;124;144;164;48;2;16;16;16m▀[38;2;124;144;164;48;2;16;16;16m▀[38;2;124;144;164;48;2;16;16;16m▀[38;2;124;144;164;48;2;124;144;164m▀[38;2;124;144;164;48;2;124;144;164m▀[38;2;124;144;164;48;2;124;144;164m▀[38;2;124;144;164;48;2;124;144;164m▀[38;2;124;144;164;48;2;85;94;113m▀[38;2;124;144;164;48;2;85;94;113m▀[38;2;124;144;164;48;2;16;16;16m▀[38;2;124;144;164;48;2;16;16;16m▀[38;2;16;16;16;48;2;52;57;68m▀[38;2;158;177;196;48;2;52;57;68m▀[38;2;158;177;196;48;2;158;177;196m▀[38;2;158;177;196;48;2;158;177;196m▀[38;2;158;177;196;48;2;158;177;196m▀[38;2;158;177;196;48;2;158;177;196m▀[38;2;158;177;196;48;2;158;177;196m▀[38;2;158;177;196;48;2;158;177;196m▀[38;2;158;177;196;48;2;158;177;196m▀[38;2;158;177;196;48;2;158;177;196m▀[38;2;158;177;196;48;2;158;177;196m▀[38;2;158;177;196;48;2;158;177;196m▀[38;2;158;177;196;48;2;158;177;196m▀[38;2;158;177;196;48;2;158;177;196m▀[38;2;158;177;196;48;2;158;177;196m▀[38;2;158;177;196;48;2;158;177;196m▀[38;2;158;177;196;48;2;158;177;196m▀[38;2;158;177;196;48;2;158;177;196m▀[38;2;158;177;196;48;2;124;144;164m▀[38;2;124;144;164;48;2;124;144;164m▀[38;2;124;144;164;48;2;124;144;164m▀[38;2;124;144;164;48;2;124;144;164m▀[38;2;124;144;164;48;2;124;144;164m▀[38;2;124;144;164;48;2;124;144;164m▀[38;2;52;57;68;48;2;52;57;68m▀[38;2;0;0;0;48;2;0;0;0m▀[38;2;0;0;0m▀[38;2;0;0;0m▀[38;2;0;0;0m▀[38;2;0;0;0m▀[38;2;16;16;16;48;2;0;0;0m▀[38;2;16;16;16;48;2;0;0;0m▀[38;2;124;144;164;48;2;16;16;16m▀[38;2;124;144;164;48;2;16;16;16m▀[38;2;124;144;164;48;2;16;16;16m▀[38;2;16;16;16;48;2;124;144;164m▀[38;2;124;144;164;48;2;124;144;164m▀[38;2;124;144;164;48;2;124;144;164m▀[38;2;124;144;164;48;2;124;144;164m▀[38;2;124;144;164;48;2;124;144;164m▀[38;2;124;144;164;48;2;124;144;164m▀[38;2;124;144;164;48;2;124;144;164m▀[38;2;124;144;164;48;2;124;144;164m▀[38;2;124;144;164;48;2;16;16;16m▀[38;2;124;144;164;48;2;16;16;16m▀[38;2;124;144;164;48;2;16;16;16m▀[38;2;124;144;164;48;2;16;16;16m▀[38;2;124;144;164;48;2;124;144;164m▀[38;2;124;144;164;48;2;124;144;164m▀[38;2;158;177;196;48;2;124;144;164m▀[38;2;158;177;196;48;2;158;177;196m▀[38;2;158;177;196;48;2;158;177;196m▀[38;2;158;177;196;48;2;158;177;196m▀[38;2;158;177;196;48;2;158;177;196m▀[38;2;158;177;196;48;2;158;177;196m▀[38;2;158;177;196;48;2;158;177;196m▀[38;2;158;177;196;48;2;158;177;196m▀[38;2;158;177;196;48;2;124;144;164m▀[38;2;158;177;196;48;2;124;144;164m▀[38;2;16;16;16;48;2;16;16;16m▀[38;2;0;0;0;48;2;0;0;0m▀[0m
[0m [0m [0m [0m [0m [0m [0m [0m [0m [0m [0m [0m [38;2;0;0;0m▀[38;2;0;0;0m▀[38;2;0;0;0m▀[38;2;0;0;0m▀[38;2;16;16;16;48;2;0;0;0m▀[38;2;16;16;16;48;2;0;0;0m▀[38;2;124;144;164;48;2;16;16;16m▀[38;2;124;144;164;48;2;16;16;16m▀[38;2;16;16;16;48;2;0;0;0m▀[38;2;16;16;16;48;2;0;0;0m▀[38;2;0;0;0m▀[38;2;0;0;0m▀[38;2;0;0;0m▀[38;2;0;0;0;48;2;0;0;0m▀[38;2;52;57;68;48;2;52;57;68m▀[38;2;52;57;68;48;2;52;57;68m▀[38;2;158;177;196;48;2;158;177;196m▀[38;2;158;177;196;48;2;158;177;196m▀[38;2;158;177;196;48;2;158;177;196m▀[38;2;158;177;196;48;2;158;177;196m▀[38;2;158;177;196;48;2;158;177;196m▀[38;2;158;177;196;48;2;158;177;196m▀[38;2;158;177;196;48;2;158;177;196m▀[38;2;158;177;196;48;2;158;177;196m▀[38;2;158;177;196;48;2;158;177;196m▀[38;2;158;177;196;48;2;158;177;196m▀[38;2;158;177;196;48;2;158;177;196m▀[38;2;158;177;196;48;2;158;177;196m▀[38;2;158;177;196;48;2;158;177;196m▀[38;2;158;177;196;48;2;124;144;164m▀[38;2;124;144;164;48;2;124;144;164m▀[38;2;124;144;164;48;2;124;144;164m▀[38;2;124;144;164;48;2;124;144;164m▀[38;2;124;144;164;48;2;124;144;164m▀[38;2;124;144;164;48;2;124;144;164m▀[38;2;124;144;164;48;2;85;94;113m▀[38;2;124;144;164;48;2;85;94;113m▀[38;2;52;57;68;48;2;52;57;68m▀[38;2;0;0;0;48;2;0;0;0m▀[38;2;0;0;0m▄[38;2;0;0;0m▄[38;2;0;0;0;48;2;16;16;16m▀[38;2;16;16;16;48;2;44;54;58m▀[38;2;0;0;0;48;2;16;16;16m▀[38;2;0;0;0;48;2;0;0;0m▀[38;2;16;16;16;48;2;16;16;16m▀[38;2;16;16;16;48;2;16;16;16m▀[38;2;124;144;164;48;2;124;144;164m▀[38;2;124;144;164;48;2;124;144;164m▀[38;2;124;144;164;48;2;16;16;16m▀[38;2;124;144;164;48;2;16;16;16m▀[38;2;124;144;164;48;2;124;144;164m▀[38;2;124;144;164;48;2;124;144;164m▀[38;2;124;144;164;48;2;124;144;164m▀[38;2;16;16;16;48;2;52;57;68m▀[38;2;0;0;0;48;2;0;0;0m▀[38;2;0;0;0m▀[38;2;0;0;0m▀[38;2;0;0;0m▀[38;2;16;16;16;48;2;0;0;0m▀[38;2;16;16;16;48;2;0;0;0m▀[38;2;85;94;113;48;2;0;0;0m▀[38;2;124;144;164;48;2;16;16;16m▀[38;2;158;177;196;48;2;16;16;16m▀[38;2;158;177;196;48;2;16;16;16m▀[38;2;158;177;196;48;2;158;177;196m▀[38;2;158;177;196;48;2;158;177;196m▀[38;2;158;177;196;48;2;158;177;196m▀[38;2;158;177;196;48;2;158;177;196m▀[38;2;16;16;16;48;2;16;16;16m▀[38;2;16;16;16;48;2;16;16;16m▀[38;2;0;0;0;48;2;0;0;0m▀[0m [0m
[0m [0m [0m [0m [0m [0m [0m [0m [0m [0m [0m [0m [0m [0m [0m [0m [0m [0m [38;2;0;0;0m▀[38;2;0;0;0m▀[0m [0m [0m [0m [38;2;0;0;0;48;2;0;0;0m▀[38;2;52;57;68;48;2;52;57;68m▀[38;2;85;94;113;48;2;85;94;113m▀[38;2;85;94;113;48;2;85;94;113m▀[38;2;85;94;113;48;2;85;94;113m▀[38;2;85;94;113;48;2;85;94;113m▀[38;2;158;177;196;48;2;158;177;196m▀[38;2;158;177;196;48;2;158;177;196m▀[38;2;158;177;196;48;2;158;177;196m▀[38;2;158;177;196;48;2;158;177;196m▀[38;2;158;177;196;48;2;158;177;196m▀[38;2;158;177;196;48;2;158;177;196m▀[38;2;158;177;196;48;2;158;177;196m▀[38;2;158;177;196;48;2;158;177;196m▀[38;2;158;177;196;48;2;158;177;196m▀[38;2;158;177;196;48;2;158;177;196m▀[38;2;158;177;196;48;2;158;177;196m▀[38;2;124;144;164;48;2;124;144;164m▀[38;2;124;144;164;48;2;124;144;164m▀[38;2;124;144;164;48;2;124;144;164m▀[38;2;124;144;164;48;2;124;144;164m▀[38;2;85;94;113;48;2;85;94;113m▀[38;2;85;94;113;48;2;85;94;113m▀[38;2;124;144;164;48;2;124;144;164m▀[38;2;124;144;164;48;2;124;144;164m▀[38;2;158;177;196;48;2;158;177;196m▀[38;2;52;57;68;48;2;52;57;68m▀[38;2;16;16;16;48;2;16;16;16m▀[38;2;16;16;16;48;2;16;16;16m▀[38;2;86;103;119;48;2;86;103;119m▀[38;2;44;54;58;48;2;44;54;58m▀[38;2;44;54;58;48;2;44;54;58m▀[38;2;16;16;16;48;2;16;16;16m▀[38;2;44;54;58;48;2;44;54;58m▀[38;2;44;54;58;48;2;44;54;58m▀[38;2;16;16;16;48;2;16;16;16m▀[38;2;16;16;16;48;2;16;16;16m▀[38;2;16;16;16;48;2;16;16;16m▀[38;2;0;0;0;48;2;0;0;0m▀[38;2;16;16;16;48;2;16;16;16m▀[38;2;16;16;16;48;2;16;16;16m▀[38;2;124;144;164;48;2;124;144;164m▀[38;2;52;57;68;48;2;52;57;68m▀[38;2;0;0;0;48;2;0;0;0m▀[0m [0m [0m [0m [0m [0m [38;2;0;0;0m▀[38;2;0;0;0m▀[38;2;0;0;0;48;2;0;0;0m▀[38;2;16;16;16;48;2;16;16;16m▀[38;2;16;16;16;48;2;16;16;16m▀[38;2;52;57;68;48;2;52;57;68m▀[38;2;52;57;68;48;2;52;57;68m▀[38;2;0;0;0;48;2;0;0;0m▀[38;2;0;0;0m▀[0m [0m [0m
[0m [0m [0m [0m [0m [0m [0m [0m [0m [0m [0m [0m [0m [0m [0m [0m [0m [0m [0m [0m [0m [0m [0m [0m [38;2;0;0;0;48;2;0;0;0m▀[38;2;52;57;68;48;2;52;57;68m▀[38;2;158;177;196;48;2;158;177;196m▀[38;2;158;177;196;48;2;158;177;196m▀[38;2;158;177;196;48;2;158;177;196m▀[38;2;158;177;196;48;2;158;177;196m▀[38;2;85;94;113;48;2;158;177;196m▀[38;2;85;94;113;48;2;158;177;196m▀[38;2;158;177;196;48;2;85;94;113m▀[38;2;158;177;196;48;2;85;94;113m▀[38;2;158;177;196;48;2;158;177;196m▀[38;2;158;177;196;48;2;158;177;196m▀[38;2;158;177;196;48;2;158;177;196m▀[38;2;158;177;196;48;2;158;177;196m▀[38;2;158;177;196;48;2;158;177;196m▀[38;2;158;177;196;48;2;158;177;196m▀[38;2;124;144;164;48;2;124;144;164m▀[38;2;124;144;164;48;2;124;144;164m▀[38;2;124;144;164;48;2;124;144;164m▀[38;2;124;144;164;48;2;124;144;164m▀[38;2;85;94;113;48;2;85;94;113m▀[38;2;124;144;164;48;2;124;144;164m▀[38;2;124;144;164;48;2;124;144;164m▀[38;2;124;144;164;48;2;124;144;164m▀[38;2;124;144;164;48;2;158;177;196m▀[38;2;158;177;196;48;2;158;177;196m▀[38;2;52;57;68;48;2;158;177;196m▀[38;2;86;103;119;48;2;52;57;68m▀[38;2;86;103;119;48;2;52;57;68m▀[38;2;86;103;119;48;2;16;16;16m▀[38;2;86;103;119;48;2;16;16;16m▀[38;2;44;54;58;48;2;86;103;119m▀[38;2;44;54;58;48;2;44;54;58m▀[38;2;44;54;58;48;2;44;54;58m▀[38;2;44;54;58;48;2;44;54;58m▀[38;2;44;54;58;48;2;44;54;58m▀[38;2;44;54;58;48;2;44;54;58m▀[38;2;16;16;16;48;2;16;16;16m▀[38;2;0;0;0;48;2;0;0;0m▀[38;2;0;0;0m▀[38;2;0;0;0m▀[38;2;85;94;113;48;2;0;0;0m▀[38;2;0;0;0m▀[0m [0m [0m [0m [0m [0m [0m [0m [0m [0m [38;2;0;0;0m▀[38;2;0;0;0m▀[38;2;0;0;0m▀[38;2;0;0;0m▀[0m [0m [0m [0m [0m
[0m [0m [0m [0m [0m [0m [0m [0m [0m [0m [0m [0m [0m [0m [0m [0m [0m [0m [0m [0m [0m [0m [38;2;0;0;0m▄[38;2;0;0;0;48;2;85;94;113m▀[38;2;85;94;113;48;2;158;177;196m▀[38;2;158;177;196;48;2;158;177;196m▀[38;2;158;177;196;48;2;158;177;196m▀[38;2;158;177;196;48;2;158;177;196m▀[38;2;158;177;196;48;2;158;177;196m▀[38;2;158;177;196;48;2;158;177;196m▀[38;2;158;177;196;48;2;158;177;196m▀[38;2;158;177;196;48;2;158;177;196m▀[38;2;158;177;196;48;2;158;177;196m▀[38;2;158;177;196;48;2;158;177;196m▀[38;2;158;177;196;48;2;158;177;196m▀[38;2;158;177;196;48;2;158;177;196m▀[38;2;158;177;196;48;2;158;177;196m▀[38;2;158;177;196;48;2;124;144;164m▀[38;2;124;144;164;48;2;124;144;164m▀[38;2;124;144;164;48;2;124;144;164m▀[38;2;124;144;164;48;2;124;144;164m▀[38;2;124;144;164;48;2;124;144;164m▀[38;2;124;144;164;48;2;124;144;164m▀[38;2;124;144;164;48;2;124;144;164m▀[38;2;124;144;164;48;2;124;144;164m▀[38;2;124;144;164;48;2;124;144;164m▀[38;2;124;144;164;48;2;124;144;164m▀[38;2;124;144;164;48;2;124;144;164m▀[38;2;158;177;196;48;2;158;177;196m▀[38;2;158;177;196;48;2;158;177;196m▀[38;2;158;177;196;48;2;158;177;196m▀[38;2;52;57;68;48;2;158;177;196m▀[38;2;52;57;68;48;2;158;177;196m▀[38;2;16;16;16;48;2;52;57;68m▀[38;2;0;0;0;48;2;0;0;0m▀[38;2;16;16;16;48;2;0;0;0m▀[38;2;16;16;16;48;2;0;0;0m▀[38;2;44;54;58;48;2;16;16;16m▀[38;2;44;54;58;48;2;16;16;16m▀[38;2;44;54;58;48;2;16;16;16m▀[38;2;16;16;16;48;2;0;0;0m▀[38;2;0;0;0m▀[0m [0m [0m [0m [0m [0m [0m [0m [0m [0m [0m [0m [0m [0m [0m [0m [0m [0m [0m [0m [0m [0m [0m [0m
[0m [0m [0m [0m [0m [0m [0m [0m [0m [0m [0m [0m [0m [0m [0m [0m [0m [0m [0m [0m [0m [0m [38;2;0;0;0;48;2;0;0;0m▀[38;2;85;94;113;48;2;85;94;113m▀[38;2;158;177;196;48;2;158;177;196m▀[38;2;158;177;196;48;2;158;177;196m▀[38;2;158;177;196;48;2;158;177;196m▀[38;2;158;177;196;48;2;158;177;196m▀[38;2;158;177;196;48;2;158;177;196m▀[38;2;158;177;196;48;2;158;177;196m▀[38;2;158;177;196;48;2;158;177;196m▀[38;2;158;177;196;48;2;158;177;196m▀[38;2;124;144;164;48;2;124;144;164m▀[38;2;124;144;164;48;2;124;144;164m▀[38;2;124;144;164;48;2;124;144;164m▀[38;2;124;144;164;48;2;124;144;164m▀[38;2;124;144;164;48;2;124;144;164m▀[38;2;124;144;164;48;2;124;144;164m▀[38;2;124;144;164;48;2;124;144;164m▀[38;2;124;144;164;48;2;124;144;164m▀[38;2;124;144;164;48;2;124;144;164m▀[38;2;124;144;164;48;2;124;144;164m▀[38;2;124;144;164;48;2;124;144;164m▀[38;2;124;144;164;48;2;124;144;164m▀[38;2;124;144;164;48;2;124;144;164m▀[38;2;124;144;164;48;2;124;144;164m▀[38;2;124;144;164;48;2;124;144;164m▀[38;2;124;144;164;48;2;124;144;164m▀[38;2;158;177;196;48;2;158;177;196m▀[38;2;158;177;196;48;2;158;177;196m▀[38;2;158;177;196;48;2;158;177;196m▀[38;2;158;177;196;48;2;158;177;196m▀[38;2;158;177;196;48;2;158;177;196m▀[38;2;52;57;68;48;2;52;57;68m▀[38;2;0;0;0;48;2;0;0;0m▀[0m [0m [38;2;0;0;0m▀[38;2;0;0;0m▀[38;2;0;0;0m▀[0m [0m [0m [0m [0m [0m [0m [0m [0m [0m [0m [0m [0m [0m [0m [0m [0m [0m [0m [0m [0m [0m [0m [0m [0m [0m
[0m [0m [0m [0m [0m [0m [0m [0m [0m [0m [0m [0m [0m [0m [0m [0m [0m [0m [0m [0m [0m [0m [38;2;0;0;0;48;2;0;0;0m▀[38;2;85;94;113;48;2;52;57;68m▀[38;2;158;177;196;48;2;158;177;196m▀[38;2;158;177;196;48;2;158;177;196m▀[38;2;158;177;196;48;2;158;177;196m▀[38;2;158;177;196;48;2;158;177;196m▀[38;2;158;177;196;48;2;158;177;196m▀[38;2;158;177;196;48;2;158;177;196m▀[38;2;158;177;196;48;2;158;177;196m▀[38;2;124;144;164;48;2;124;144;164m▀[38;2;124;144;164;48;2;124;144;164m▀[38;2;124;144;164;48;2;124;144;164m▀[38;2;124;144;164;48;2;124;144;164m▀[38;2;124;144;164;48;2;124;144;164m▀[38;2;124;144;164;48;2;124;144;164m▀[38;2;124;144;164;48;2;124;144;164m▀[38;2;124;144;164;48;2;124;144;164m▀[38;2;124;144;164;48;2;124;144;164m▀[38;2;124;144;164;48;2;124;144;164m▀[38;2;124;144;164;48;2;124;144;164m▀[38;2;124;144;164;48;2;124;144;164m▀[38;2;124;144;164;48;2;124;144;164m▀[38;2;124;144;164;48;2;124;144;164m▀[38;2;124;144;164;48;2;124;144;164m▀[38;2;124;144;164;48;2;124;144;164m▀[38;2;124;144;164;48;2;124;144;164m▀[38;2;158;177;196;48;2;158;177;196m▀[38;2;158;177;196;48;2;158;177;196m▀[38;2;158;177;196;48;2;158;177;196m▀[38;2;158;177;196;48;2;158;177;196m▀[38;2;158;177;196;48;2;158;177;196m▀[38;2;52;57;68;48;2;158;177;196m▀[38;2;0;0;0;48;2;16;16;16m▀[38;2;0;0;0m▄[0m [0m [0m [0m [0m [0m [0m [0m [0m [0m [0m [0m [0m [0m [0m [0m [0m [0m [0m [0m [0m [0m [0m [0m [0m [0m [0m [0m [0m [0m
[0m [0m [0m [0m [0m [0m [0m [0m [0m [0m [0m [0m [0m [0m [0m [0m [0m [0m [0m [0m [0m [0m [0m [38;2;0;0;0;48;2;0;0;0m▀[38;2;52;57;68;48;2;0;0;0m▀[38;2;158;177;196;48;2;16;16;16m▀[38;2;158;177;196;48;2;16;16;16m▀[38;2;158;177;196;48;2;16;16;16m▀[38;2;158;177;196;48;2;158;177;196m▀[38;2;158;177;196;48;2;158;177;196m▀[38;2;158;177;196;48;2;124;144;164m▀[38;2;124;144;164;48;2;124;144;164m▀[38;2;124;144;164;48;2;124;144;164m▀[38;2;124;144;164;48;2;124;144;164m▀[38;2;124;144;164;48;2;85;94;113m▀[38;2;124;144;164;48;2;16;16;16m▀[38;2;124;144;164;48;2;16;16;16m▀[38;2;124;144;164;48;2;16;16;16m▀[38;2;124;144;164;48;2;16;16;16m▀[38;2;124;144;164;48;2;16;16;16m▀[38;2;124;144;164;48;2;16;16;16m▀[38;2;124;144;164;48;2;16;16;16m▀[38;2;124;144;164;48;2;16;16;16m▀[38;2;124;144;164;48;2;16;16;16m▀[38;2;124;144;164;48;2;16;16;16m▀[38;2;124;144;164;48;2;16;16;16m▀[38;2;124;144;164;48;2;16;16;16m▀[38;2;124;144;164;48;2;85;94;113m▀[38;2;124;144;164;48;2;124;144;164m▀[38;2;158;177;196;48;2;158;177;196m▀[38;2;158;177;196;48;2;158;177;196m▀[38;2;158;177;196;48;2;158;177;196m▀[38;2;158;177;196;48;2;158;177;196m▀[38;2;158;177;196;48;2;16;16;16m▀[38;2;16;16;16;48;2;16;16;16m▀[38;2;0;0;0;48;2;16;16;16m▀[38;2;0;0;0m▄[38;2;0;0;0m▄[38;2;0;0;0m▄[0m [0m [0m [0m [0m [0m [0m [0m [0m [0m [0m [0m [0m [0m [0m [0m [0m [0m [0m [0m [0m [0m [0m [0m [0m [0m [0m
[0m [0m [0m [0m [0m [0m [0m [0m [0m [0m [0m [0m [0m [0m [0m [0m [0m [0m [0m [0m [0m [0m [38;2;0;0;0;48;2;0;0;0m▀[38;2;16;16;16;48;2;16;16;16m▀[38;2;16;16;16;48;2;16;16;16m▀[38;2;158;177;196;48;2;158;177;196m▀[38;2;158;177;196;48;2;158;177;196m▀[38;2;158;177;196;48;2;158;177;196m▀[38;2;158;177;196;48;2;158;177;196m▀[38;2;124;144;164;48;2;124;144;164m▀[38;2;124;144;164;48;2;124;144;164m▀[38;2;124;144;164;48;2;124;144;164m▀[38;2;16;16;16;48;2;16;16;16m▀[38;2;16;16;16;48;2;16;16;16m▀[38;2;16;16;16;48;2;16;16;16m▀[38;2;0;0;0;48;2;0;0;0m▀[38;2;0;0;0m▀[38;2;0;0;0m▀[38;2;0;0;0m▀[38;2;0;0;0m▀[38;2;0;0;0m▀[38;2;0;0;0m▀[38;2;0;0;0m▀[38;2;0;0;0m▀[38;2;0;0;0m▀[38;2;0;0;0m▀[38;2;0;0;0;48;2;0;0;0m▀[38;2;16;16;16;48;2;16;16;16m▀[38;2;16;16;16;48;2;16;16;16m▀[38;2;158;177;196;48;2;158;177;196m▀[38;2;158;177;196;48;2;158;177;196m▀[38;2;158;177;196;48;2;158;177;196m▀[38;2;158;177;196;48;2;158;177;196m▀[38;2;124;144;164;48;2;124;144;164m▀[38;2;124;144;164;48;2;124;144;164m▀[38;2;85;94;113;48;2;85;94;113m▀[38;2;16;16;16;48;2;16;16;16m▀[38;2;16;16;16;48;2;16;16;16m▀[38;2;16;16;16;48;2;16;16;16m▀[38;2;0;0;0;48;2;0;0;0m▀[0m [0m [0m [0m [0m [0m [0m [0m [0m [0m [0m [0m [0m [0m [0m [0m [0m [0m [0m [0m [0m [0m [0m [0m [0m [0m
[0m [0m [0m [0m [0m [0m [0m [0m [0m [0m [0m [0m [0m [0m [0m [0m [0m [0m [0m [0m [0m [38;2;0;0;0m▀[38;2;16;16;16;48;2;0;0;0m▀[38;2;158;177;196;48;2;16;16;16m▀[38;2;158;177;196;48;2;16;16;16m▀[38;2;158;177;196;48;2;16;16;16m▀[38;2;85;94;113;48;2;16;16;16m▀[38;2;85;94;113;48;2;16;16;16m▀[38;2;124;144;164;48;2;16;16;16m▀[38;2;124;144;164;48;2;16;16;16m▀[38;2;85;94;113;48;2;16;16;16m▀[38;2;16;16;16;48;2;0;0;0m▀[38;2;0;0;0m▀[38;2;0;0;0m▀[38;2;0;0;0m▀[0m [0m [0m [0m [0m [0m [0m [0m [0m [0m [0m [0m [38;2;0;0;0m▀[38;2;0;0;0m▀[38;2;16;16;16;48;2;0;0;0m▀[38;2;124;144;164;48;2;16;16;16m▀[38;2;124;144;164;48;2;16;16;16m▀[38;2;124;144;164;48;2;16;16;16m▀[38;2;85;94;113;48;2;16;16;16m▀[38;2;124;144;164;48;2;16;16;16m▀[38;2;124;144;164;48;2;16;16;16m▀[38;2;124;144;164;48;2;16;16;16m▀[38;2;85;94;113;48;2;16;16;16m▀[38;2;85;94;113;48;2;16;16;16m▀[38;2;16;16;16;48;2;0;0;0m▀[38;2;0;0;0m▀[0m [0m [0m [0m [0m [0m [0m [0m [0m [0m [0m [0m [0m [0m [0m [0m [0m [0m [0m [0m [0m [0m [0m [0m [0m
