[0m [0m [0m [0m [0m [0m [0m [38;2;0;0;0m▄[38;2;0;0;0;48;2;41;41;41m▀[38;2;41;41;41;48;2;41;41;41m▀[38;2;41;41;41;48;2;41;41;41m▀[38;2;0;0;0;48;2;41;41;41m▀[38;2;0;0;0m▄[0m [0m [0m [0m [0m [0m [0m [0m [0m [0m [0m [0m [0m [0m [0m [0m [0m [0m [0m [0m [0m [0m [0m [0m [0m [0m [0m [0m [0m [0m [0m [0m [0m [0m [0m [0m [0m [0m [0m [0m [0m [0m [0m [0m [0m
[0m [0m [0m [0m [0m [0m [0m [38;2;0;0;0;48;2;0;0;0m▀[38;2;41;41;41;48;2;41;41;41m▀[38;2;41;41;41;48;2;41;41;41m▀[38;2;41;41;41;48;2;41;41;41m▀[38;2;41;41;41;48;2;41;41;41m▀[38;2;0;0;0;48;2;0;0;0m▀[0m [0m [0m [0m [0m [0m [0m [0m [0m [0m [0m [0m [0m [0m [0m [0m [0m [0m [0m [0m [0m [0m [0m [0m [0m [0m [0m [0m [0m [0m [0m [0m [0m [0m [0m [0m [0m [0m [0m [0m [0m [0m [0m [0m [0m
[0m [0m [0m [0m [0m [0m [38;2;0;0;0m▄[38;2;0;0;0;48;2;41;41;41m▀[38;2;41;41;41;48;2;41;41;41m▀[38;2;41;41;41;48;2;41;41;41m▀[38;2;41;41;41;48;2;41;41;41m▀[38;2;41;41;41;48;2;41;41;41m▀[38;2;41;41;41;48;2;41;41;41m▀[38;2;0;0;0;48;2;0;0;0m▀[0m [0m [0m [0m [0m [0m [0m [0m [0m [0m [0m [0m [0m [0m [0m [0m [0m [0m [0m [0m [0m [0m [0m [0m [0m [0m [0m [0m [0m [0m [0m [0m [0m [0m [0m [0m [0m [0m [0m [0m [0m [0m [0m [0m
[0m [0m [0m [0m [0m [0m [38;2;0;0;0;48;2;0;0;0m▀[38;2;41;41;41;48;2;41;41;41m▀[38;2;41;41;41;48;2;82;82;90m▀[38;2;82;82;90;48;2;230;115;132m▀[38;2;82;82;90;48;2;230;115;132m▀[38;2;230;115;132;48;2;230;115;132m▀[38;2;117;13;25;48;2;230;115;132m▀[38;2;0;0;0;48;2;117;13;25m▀[38;2;0;0;0m▄[0m [0m [0m [0m [0m [0m [0m [0m [0m [0m [0m [0m [0m [0m [0m [0m [0m [38;2;0;0;0m▄[38;2;0;0;0m▄[38;2;0;0;0m▄[38;2;0;0;0m▄[38;2;0;0;0;48;2;0;0;0m▀[38;2;0;0;0;48;2;0;0;0m▀[38;2;0;0;0;48;2;0;0;0m▀[38;2;0;0;0;48;2;0;0;0m▀[38;2;0;0;0;48;2;0;0;0m▀[38;2;0;0;0;48;2;0;0;0m▀[38;2;0;0;0m▄[0m [0m [0m [0m [0m [0m [0m [0m [0m [0m [0m [0m [0m [0m [0m
[0m [0m [0m [0m [0m [0m [38;2;0;0;0;48;2;0;0;0m▀[38;2;41;41;41;48;2;41;41;41m▀[38;2;230;115;132;48;2;230;115;132m▀[38;2;230;115;132;48;2;230;115;132m▀[38;2;230;115;132;48;2;230;115;132m▀[38;2;230;115;132;48;2;230;115;132m▀[38;2;230;115;132;48;2;230;115;132m▀[38;2;41;41;41;48;2;41;41;41m▀[38;2;0;0;0;48;2;0;0;0m▀[38;2;0;0;0m▄[38;2;0;0;0m▄[38;2;0;0;0m▄[0m [0m [0m [0m [0m [0m [0m [0m [0m [0m [0m [0m [38;2;0;0;0m▄[38;2;0;0;0;48;2;0;0;0m▀[38;2;0;0;0;48;2;0;0;0m▀[38;2;41;41;41;48;2;41;41;41m▀[38;2;0;0;0;48;2;0;0;0m▀[38;2;0;0;0;48;2;0;0;0m▀[38;2;82;82;90;48;2;82;82;90m▀[38;2;82;82;90;48;2;82;82;90m▀[38;2;82;82;90;48;2;82;82;90m▀[38;2;41;41;41;48;2;41;41;41m▀[38;2;0;0;0;48;2;0;0;0m▀[38;2;0;0;0;48;2;0;0;0m▀[38;2;0;0;0;48;2;0;0;0m▀[0m [0m [0m [0m [0m [0m [0m [0m [0m [0m [0m [0m [0m [0m [0m
[0m [0m [0m [0m [0m [0m [38;2;0;0;0;48;2;0;0;0m▀[38;2;117;13;25;48;2;117;13;25m▀[38;2;230;115;132;48;2;230;115;132m▀[38;2;230;115;132;48;2;230;115;132m▀[38;2;230;115;132;48;2;230;115;132m▀[38;2;230;115;132;48;2;195;56;72m▀[38;2;195;56;72;48;2;255;206;197m▀[38;2;195;56;72;48;2;255;206;197m▀[38;2;165;16;33;48;2;255;173;165m▀[38;2;165;16;33;48;2;255;173;165m▀[38;2;165;16;33;48;2;255;173;165m▀[38;2;165;16;33;48;2;255;173;165m▀[38;2;0;0;0;48;2;117;13;25m▀[38;2;0;0;0m▄[0m [0m [0m [0m [0m [38;2;0;0;0m▄[38;2;0;0;0m▄[38;2;0;0;0;48;2;165;16;33m▀[38;2;0;0;0;48;2;165;16;33m▀[38;2;0;0;0;48;2;165;16;33m▀[38;2;0;0;0;48;2;255;173;165m▀[38;2;0;0;0;48;2;255;173;165m▀[38;2;82;82;90;48;2;82;82;90m▀[38;2;82;82;90;48;2;82;82;90m▀[38;2;82;82;90;48;2;41;41;41m▀[38;2;82;82;90;48;2;41;41;41m▀[38;2;82;82;90;48;2;41;41;41m▀[38;2;41;41;41;48;2;41;41;41m▀[38;2;41;41;41;48;2;0;0;0m▀[38;2;0;0;0;48;2;0;0;0m▀[38;2;0;0;0;48;2;0;0;0m▀[38;2;0;0;0m▀[0m [0m [0m [0m [0m [0m [0m [0m [0m [0m [0m [0m [0m [0m [0m [0m
[0m [0m [0m [0m [0m [0m [38;2;0;0;0;48;2;0;0;0m▀[38;2;117;13;25;48;2;117;13;25m▀[38;2;230;115;132;48;2;230;115;132m▀[38;2;195;56;72;48;2;195;56;72m▀[38;2;195;56;72;48;2;195;56;72m▀[38;2;255;206;197;48;2;255;206;197m▀[38;2;255;206;197;48;2;255;173;165m▀[38;2;255;173;165;48;2;255;173;165m▀[38;2;255;173;165;48;2;230;115;132m▀[38;2;230;115;132;48;2;230;115;132m▀[38;2;230;115;132;48;2;230;115;132m▀[38;2;230;115;132;48;2;230;115;132m▀[38;2;230;115;132;48;2;230;115;132m▀[38;2;117;13;25;48;2;165;16;33m▀[38;2;0;0;0;48;2;165;16;33m▀[38;2;0;0;0;48;2;165;16;33m▀[38;2;0;0;0;48;2;165;16;33m▀[38;2;0;0;0m▄[38;2;0;0;0;48;2;165;16;33m▀[38;2;165;16;33;48;2;230;115;132m▀[38;2;165;16;33;48;2;255;173;165m▀[38;2;255;173;165;48;2;255;173;165m▀[38;2;255;173;165;48;2;255;173;165m▀[38;2;255;173;165;48;2;255;173;165m▀[38;2;255;173;165;48;2;255;173;165m▀[38;2;255;173;165;48;2;255;173;165m▀[38;2;255;173;165;48;2;255;173;165m▀[38;2;41;41;41;48;2;41;41;41m▀[38;2;41;41;41;48;2;41;41;41m▀[38;2;41;41;41;48;2;41;41;41m▀[38;2;41;41;41;48;2;0;0;0m▀[38;2;0;0;0;48;2;0;0;0m▀[38;2;0;0;0;48;2;0;0;0m▀[38;2;0;0;0m▀[0m [0m [0m [0m [0m [0m [0m [0m [0m [0m [0m [0m [0m [0m [0m [0m [0m [0m
[0m [0m [0m [0m [0m [0m [0m [38;2;0;0;0;48;2;0;0;0m▀[38;2;117;13;25;48;2;117;13;25m▀[38;2;195;56;72;48;2;195;56;72m▀[38;2;195;56;72;48;2;195;56;72m▀[38;2;255;173;165;48;2;255;173;165m▀[38;2;255;173;165;48;2;255;173;165m▀[38;2;255;173;165;48;2;255;173;165m▀[38;2;230;115;132;48;2;230;115;132m▀[38;2;165;16;33;48;2;165;16;33m▀[38;2;165;16;33;48;2;165;16;33m▀[38;2;165;16;33;48;2;165;16;33m▀[38;2;230;115;132;48;2;230;115;132m▀[38;2;255;173;165;48;2;255;173;165m▀[38;2;255;173;165;48;2;255;173;165m▀[38;2;255;173;165;48;2;255;173;165m▀[38;2;255;173;165;48;2;255;173;165m▀[38;2;195;56;72;48;2;195;56;72m▀[38;2;255;173;165;48;2;255;173;165m▀[38;2;255;173;165;48;2;255;173;165m▀[38;2;255;173;165;48;2;255;173;165m▀[38;2;255;173;165;48;2;255;173;165m▀[38;2;255;173;165;48;2;255;173;165m▀[38;2;255;173;165;48;2;255;173;165m▀[38;2;255;173;165;48;2;255;173;165m▀[38;2;255;173;165;48;2;255;173;165m▀[38;2;195;56;72;48;2;195;56;72m▀[38;2;0;0;0;48;2;0;0;0m▀[38;2;0;0;0;48;2;0;0;0m▀[38;2;0;0;0;48;2;0;0;0m▀[38;2;0;0;0;48;2;0;0;0m▀[38;2;0;0;0;48;2;0;0;0m▀[0m [0m [0m [0m [0m [0m [0m [0m [0m [0m [0m [0m [0m [0m [0m [0m [0m [0m [0m [0m
[0m [0m [0m [0m [0m [0m [0m [38;2;0;0;0;48;2;0;0;0m▀[38;2;117;13;25;48;2;117;13;25m▀[38;2;195;56;72;48;2;195;56;72m▀[38;2;195;56;72;48;2;195;56;72m▀[38;2;255;173;165;48;2;255;173;165m▀[38;2;255;173;165;48;2;255;173;165m▀[38;2;230;115;132;48;2;230;115;132m▀[38;2;165;16;33;48;2;195;56;72m▀[38;2;16;16;16;48;2;230;115;132m▀[38;2;16;16;16;48;2;230;115;132m▀[38;2;230;115;132;48;2;16;16;16m▀[38;2;255;173;165;48;2;255;173;165m▀[38;2;255;173;165;48;2;255;255;255m▀[38;2;255;173;165;48;2;255;255;255m▀[38;2;255;173;165;48;2;255;255;255m▀[38;2;255;173;165;48;2;255;255;255m▀[38;2;255;173;165;48;2;230;115;132m▀[38;2;255;173;165;48;2;255;173;165m▀[38;2;255;173;165;48;2;255;173;165m▀[38;2;255;173;165;48;2;195;56;72m▀[38;2;255;173;165;48;2;195;56;72m▀[38;2;255;173;165;48;2;0;0;0m▀[38;2;255;173;165;48;2;0;0;0m▀[38;2;230;115;132;48;2;0;0;0m▀[38;2;0;0;0;48;2;0;0;0m▀[38;2;0;0;0;48;2;0;0;0m▀[38;2;0;0;0;48;2;0;0;0m▀[38;2;0;0;0m▀[38;2;0;0;0m▀[38;2;0;0;0m▀[0m [0m [0m [0m [0m [0m [0m [0m [0m [0m [0m [0m [0m [0m [0m [0m [0m [0m [0m [0m [0m
[0m [0m [0m [0m [0m [0m [38;2;0;0;0;48;2;0;0;0m▀[38;2;117;13;25;48;2;0;0;0m▀[38;2;255;255;255;48;2;255;255;255m▀[38;2;255;255;255;48;2;16;74;140m▀[38;2;255;255;255;48;2;16;74;140m▀[38;2;195;56;72;48;2;255;255;255m▀[38;2;230;115;132;48;2;195;56;72m▀[38;2;230;115;132;48;2;195;56;72m▀[38;2;230;115;132;48;2;16;16;16m▀[38;2;230;115;132;48;2;16;16;16m▀[38;2;230;115;132;48;2;16;16;16m▀[38;2;16;16;16;48;2;255;173;165m▀[38;2;255;255;255;48;2;255;255;255m▀[38;2;255;255;255;48;2;16;74;140m▀[38;2;16;74;140;48;2;255;255;255m▀[38;2;16;74;140;48;2;25;115;197m▀[38;2;16;74;140;48;2;25;115;197m▀[38;2;255;255;255;48;2;16;74;140m▀[38;2;255;173;165;48;2;255;173;165m▀[38;2;255;173;165;48;2;255;173;165m▀[38;2;255;173;165;48;2;255;173;165m▀[38;2;0;0;0;48;2;117;13;25m▀[38;2;0;0;0;48;2;0;0;0m▀[38;2;0;0;0;48;2;0;0;0m▀[38;2;0;0;0m▀[0m [0m [0m [0m [0m [0m [0m [0m [0m [0m [0m [0m [38;2;0;0;0m▄[38;2;0;0;0m▄[38;2;0;0;0;48;2;230;115;132m▀[38;2;0;0;0;48;2;230;115;132m▀[38;2;0;0;0;48;2;230;115;132m▀[38;2;0;0;0;48;2;230;115;132m▀[38;2;0;0;0;48;2;230;115;132m▀[38;2;0;0;0;48;2;230;115;132m▀[38;2;0;0;0m▄[38;2;0;0;0m▄[0m [0m [0m [0m [0m
[0m [0m [0m [0m [0m [38;2;0;0;0;48;2;0;0;0m▀[38;2;117;13;25;48;2;117;13;25m▀[38;2;255;255;255;48;2;255;255;255m▀[38;2;16;74;140;48;2;16;74;140m▀[38;2;255;255;255;48;2;255;255;255m▀[38;2;255;255;255;48;2;255;255;255m▀[38;2;16;74;140;48;2;16;74;140m▀[38;2;255;173;165;48;2;255;173;165m▀[38;2;255;173;165;48;2;255;173;165m▀[38;2;255;173;165;48;2;255;173;165m▀[38;2;255;173;165;48;2;255;173;165m▀[38;2;255;173;165;48;2;255;173;165m▀[38;2;255;173;165;48;2;255;173;165m▀[38;2;255;255;255;48;2;255;255;255m▀[38;2;16;74;140;48;2;16;74;140m▀[38;2;25;115;197;48;2;25;115;197m▀[38;2;16;181;239;48;2;16;181;239m▀[38;2;16;181;239;48;2;16;181;239m▀[38;2;16;74;140;48;2;16;74;140m▀[38;2;255;173;165;48;2;255;173;165m▀[38;2;255;173;165;48;2;255;173;165m▀[38;2;255;173;165;48;2;255;173;165m▀[38;2;255;173;165;48;2;255;173;165m▀[38;2;165;16;33;48;2;165;16;33m▀[38;2;165;16;33;48;2;165;16;33m▀[38;2;0;0;0;48;2;0;0;0m▀[0m [0m [0m [0m [0m [0m [0m [0m [0m [0m [0m [38;2;0;0;0;48;2;0;0;0m▀[38;2;195;56;72;48;2;195;56;72m▀[38;2;195;56;72;48;2;195;56;72m▀[38;2;255;173;165;48;2;255;173;165m▀[38;2;255;173;165;48;2;255;173;165m▀[38;2;255;206;197;48;2;255;206;197m▀[38;2;255;206;197;48;2;255;206;197m▀[38;2;255;206;197;48;2;255;206;197m▀[38;2;255;206;197;48;2;255;206;197m▀[38;2;230;115;132;48;2;230;115;132m▀[38;2;230;115;132;48;2;230;115;132m▀[38;2;0;0;0;48;2;0;0;0m▀[38;2;0;0;0m▄[0m [0m [0m
[0m [0m [0m [0m [0m [38;2;0;0;0;48;2;0;0;0m▀[38;2;117;13;25;48;2;195;56;72m▀[38;2;255;255;255;48;2;230;115;132m▀[38;2;16;74;140;48;2;255;255;255m▀[38;2;16;181;239;48;2;16;74;140m▀[38;2;16;181;239;48;2;16;74;140m▀[38;2;16;74;140;48;2;255;173;165m▀[38;2;255;173;165;48;2;255;173;165m▀[38;2;255;173;165;48;2;255;173;165m▀[38;2;255;173;165;48;2;255;173;165m▀[38;2;255;173;165;48;2;255;173;165m▀[38;2;255;173;165;48;2;255;173;165m▀[38;2;255;173;165;48;2;255;173;165m▀[38;2;230;115;132;48;2;255;173;165m▀[38;2;255;255;255;48;2;255;173;165m▀[38;2;16;74;140;48;2;255;173;165m▀[38;2;16;74;140;48;2;255;173;165m▀[38;2;16;74;140;48;2;255;173;165m▀[38;2;230;115;132;48;2;255;173;165m▀[38;2;255;173;165;48;2;16;181;239m▀[38;2;255;173;165;48;2;16;181;239m▀[38;2;255;173;165;48;2;255;173;165m▀[38;2;255;173;165;48;2;230;115;132m▀[38;2;117;13;25;48;2;195;56;72m▀[38;2;117;13;25;48;2;195;56;72m▀[38;2;0;0;0;48;2;117;13;25m▀[38;2;0;0;0m▄[38;2;0;0;0m▄[38;2;0;0;0m▄[38;2;0;0;0m▄[38;2;0;0;0m▄[0m [0m [0m [38;2;0;0;0m▄[38;2;0;0;0;48;2;165;16;33m▀[38;2;0;0;0;48;2;165;16;33m▀[38;2;165;16;33;48;2;255;173;165m▀[38;2;255;173;165;48;2;255;173;165m▀[38;2;255;173;165;48;2;255;173;165m▀[38;2;255;173;165;48;2;255;173;165m▀[38;2;255;173;165;48;2;255;173;165m▀[38;2;255;206;197;48;2;255;206;197m▀[38;2;255;206;197;48;2;255;206;197m▀[38;2;255;206;197;48;2;255;206;197m▀[38;2;255;206;197;48;2;255;206;197m▀[38;2;255;206;197;48;2;255;206;197m▀[38;2;255;206;197;48;2;255;206;197m▀[38;2;230;115;132;48;2;255;206;197m▀[38;2;230;115;132;48;2;255;206;197m▀[38;2;0;0;0;48;2;230;115;132m▀[38;2;0;0;0m▄[0m
[0m [0m [0m [0m [38;2;0;0;0;48;2;0;0;0m▀[38;2;117;13;25;48;2;117;13;25m▀[38;2;255;173;165;48;2;16;181;239m▀[38;2;255;173;165;48;2;255;173;165m▀[38;2;255;173;165;48;2;255;173;165m▀[38;2;255;173;165;48;2;255;173;165m▀[38;2;255;173;165;48;2;255;173;165m▀[38;2;255;173;165;48;2;255;173;165m▀[38;2;255;173;165;48;2;165;16;33m▀[38;2;255;173;165;48;2;230;115;132m▀[38;2;255;173;165;48;2;255;173;165m▀[38;2;255;173;165;48;2;255;173;165m▀[38;2;255;173;165;48;2;255;173;165m▀[38;2;255;173;165;48;2;165;16;33m▀[38;2;165;16;33;48;2;230;115;132m▀[38;2;255;173;165;48;2;255;173;165m▀[38;2;255;173;165;48;2;255;173;165m▀[38;2;255;173;165;48;2;255;173;165m▀[38;2;255;173;165;48;2;255;173;165m▀[38;2;16;181;239;48;2;16;181;239m▀[38;2;16;181;239;48;2;16;181;239m▀[38;2;16;181;239;48;2;25;115;197m▀[38;2;25;115;197;48;2;25;115;197m▀[38;2;230;115;132;48;2;230;115;132m▀[38;2;230;115;132;48;2;230;115;132m▀[38;2;230;115;132;48;2;230;115;132m▀[38;2;117;13;25;48;2;117;13;25m▀[38;2;0;0;0;48;2;165;16;33m▀[38;2;117;13;25;48;2;255;173;165m▀[38;2;117;13;25;48;2;255;173;165m▀[38;2;117;13;25;48;2;255;173;165m▀[38;2;117;13;25;48;2;255;173;165m▀[38;2;0;0;0;48;2;117;13;25m▀[38;2;0;0;0m▄[38;2;0;0;0;48;2;0;0;0m▀[38;2;165;16;33;48;2;165;16;33m▀[38;2;230;115;132;48;2;230;115;132m▀[38;2;230;115;132;48;2;230;115;132m▀[38;2;255;173;165;48;2;230;115;132m▀[38;2;255;173;165;48;2;255;173;165m▀[38;2;255;173;165;48;2;255;173;165m▀[38;2;255;173;165;48;2;255;173;165m▀[38;2;255;173;165;48;2;255;173;165m▀[38;2;255;173;165;48;2;255;173;165m▀[38;2;255;173;165;48;2;255;173;165m▀[38;2;255;206;197;48;2;255;206;197m▀[38;2;255;206;197;48;2;255;206;197m▀[38;2;255;206;197;48;2;255;206;197m▀[38;2;255;206;197;48;2;255;206;197m▀[38;2;255;206;197;48;2;255;206;197m▀[38;2;255;206;197;48;2;255;206;197m▀[38;2;230;115;132;48;2;255;173;165m▀[38;2;0;0;0;48;2;165;16;33m▀[0m
[0m [0m [0m [0m [38;2;0;0;0;48;2;0;0;0m▀[38;2;117;13;25;48;2;117;13;25m▀[38;2;25;115;197;48;2;25;115;197m▀[38;2;230;115;132;48;2;230;115;132m▀[38;2;255;173;165;48;2;255;173;165m▀[38;2;255;173;165;48;2;255;173;165m▀[38;2;255;173;165;48;2;255;173;165m▀[38;2;255;173;165;48;2;255;173;165m▀[38;2;255;173;165;48;2;255;173;165m▀[38;2;230;115;132;48;2;230;115;132m▀[38;2;165;16;33;48;2;165;16;33m▀[38;2;165;16;33;48;2;165;16;33m▀[38;2;165;16;33;48;2;165;16;33m▀[38;2;230;115;132;48;2;230;115;132m▀[38;2;255;173;165;48;2;255;173;165m▀[38;2;255;173;165;48;2;255;173;165m▀[38;2;255;173;165;48;2;255;173;165m▀[38;2;230;115;132;48;2;230;115;132m▀[38;2;230;115;132;48;2;230;115;132m▀[38;2;25;115;197;48;2;25;115;197m▀[38;2;25;115;197;48;2;25;115;197m▀[38;2;25;115;197;48;2;25;115;197m▀[38;2;25;115;197;48;2;25;115;197m▀[38;2;230;115;132;48;2;230;115;132m▀[38;2;230;115;132;48;2;230;115;132m▀[38;2;230;115;132;48;2;230;115;132m▀[38;2;165;16;33;48;2;165;16;33m▀[38;2;230;115;132;48;2;230;115;132m▀[38;2;255;173;165;48;2;255;173;165m▀[38;2;255;173;165;48;2;255;173;165m▀[38;2;255;173;165;48;2;255;173;165m▀[38;2;255;173;165;48;2;255;173;165m▀[38;2;117;13;25;48;2;117;13;25m▀[38;2;0;0;0;48;2;0;0;0m▀[38;2;165;16;33;48;2;165;16;33m▀[38;2;230;115;132;48;2;230;115;132m▀[38;2;230;115;132;48;2;230;115;132m▀[38;2;230;115;132;48;2;230;115;132m▀[38;2;230;115;132;48;2;230;115;132m▀[38;2;230;115;132;48;2;230;115;132m▀[38;2;165;16;33;48;2;165;16;33m▀[38;2;255;173;165;48;2;255;173;165m▀[38;2;255;173;165;48;2;255;173;165m▀[38;2;255;173;165;48;2;255;173;165m▀[38;2;255;173;165;48;2;255;173;165m▀[38;2;255;173;165;48;2;255;173;165m▀[38;2;255;206;197;48;2;255;206;197m▀[38;2;255;206;197;48;2;255;206;197m▀[38;2;255;206;197;48;2;255;206;197m▀[38;2;255;206;197;48;2;255;206;197m▀[38;2;255;206;197;48;2;255;206;197m▀[38;2;255;173;165;48;2;255;173;165m▀[38;2;165;16;33;48;2;165;16;33m▀[0m
[0m [0m [0m [0m [38;2;0;0;0m▀[38;2;117;13;25;48;2;0;0;0m▀[38;2;25;115;197;48;2;117;13;25m▀[38;2;230;115;132;48;2;230;115;132m▀[38;2;230;115;132;48;2;230;115;132m▀[38;2;230;115;132;48;2;230;115;132m▀[38;2;230;115;132;48;2;230;115;132m▀[38;2;255;173;165;48;2;230;115;132m▀[38;2;255;173;165;48;2;230;115;132m▀[38;2;255;173;165;48;2;230;115;132m▀[38;2;255;173;165;48;2;230;115;132m▀[38;2;255;173;165;48;2;230;115;132m▀[38;2;255;173;165;48;2;230;115;132m▀[38;2;255;173;165;48;2;230;115;132m▀[38;2;230;115;132;48;2;230;115;132m▀[38;2;230;115;132;48;2;230;115;132m▀[38;2;230;115;132;48;2;230;115;132m▀[38;2;230;115;132;48;2;230;115;132m▀[38;2;230;115;132;48;2;230;115;132m▀[38;2;230;115;132;48;2;230;115;132m▀[38;2;25;115;197;48;2;230;115;132m▀[38;2;25;115;197;48;2;230;115;132m▀[38;2;230;115;132;48;2;230;115;132m▀[38;2;230;115;132;48;2;230;115;132m▀[38;2;230;115;132;48;2;165;16;33m▀[38;2;230;115;132;48;2;165;16;33m▀[38;2;165;16;33;48;2;230;115;132m▀[38;2;230;115;132;48;2;230;115;132m▀[38;2;255;173;165;48;2;230;115;132m▀[38;2;255;173;165;48;2;255;173;165m▀[38;2;255;173;165;48;2;255;173;165m▀[38;2;255;173;165;48;2;255;173;165m▀[38;2;117;13;25;48;2;117;13;25m▀[38;2;0;0;0;48;2;0;0;0m▀[38;2;165;16;33;48;2;165;16;33m▀[38;2;230;115;132;48;2;230;115;132m▀[38;2;230;115;132;48;2;230;115;132m▀[38;2;230;115;132;48;2;230;115;132m▀[38;2;230;115;132;48;2;230;115;132m▀[38;2;230;115;132;48;2;230;115;132m▀[38;2;230;115;132;48;2;230;115;132m▀[38;2;165;16;33;48;2;230;115;132m▀[38;2;165;16;33;48;2;16;16;16m▀[38;2;255;173;165;48;2;165;16;33m▀[38;2;255;173;165;48;2;165;16;33m▀[38;2;255;173;165;48;2;255;173;165m▀[38;2;255;173;165;48;2;255;173;165m▀[38;2;255;173;165;48;2;255;173;165m▀[38;2;255;206;197;48;2;255;173;165m▀[38;2;255;206;197;48;2;255;173;165m▀[38;2;255;206;197;48;2;255;173;165m▀[38;2;255;173;165;48;2;255;173;165m▀[38;2;165;16;33;48;2;165;16;33m▀[0m
[0m [0m [0m [0m [0m [0m [38;2;0;0;0;48;2;0;0;0m▀[38;2;117;13;25;48;2;117;13;25m▀[38;2;230;115;132;48;2;230;115;132m▀[38;2;230;115;132;48;2;230;115;132m▀[38;2;230;115;132;48;2;230;115;132m▀[38;2;230;115;132;48;2;230;115;132m▀[38;2;230;115;132;48;2;230;115;132m▀[38;2;230;115;132;48;2;230;115;132m▀[38;2;230;115;132;48;2;230;115;132m▀[38;2;230;115;132;48;2;230;115;132m▀[38;2;230;115;132;48;2;230;115;132m▀[38;2;230;115;132;48;2;230;115;132m▀[38;2;230;115;132;48;2;230;115;132m▀[38;2;230;115;132;48;2;230;115;132m▀[38;2;230;115;132;48;2;230;115;132m▀[38;2;230;115;132;48;2;230;115;132m▀[38;2;230;115;132;48;2;230;115;132m▀[38;2;230;115;132;48;2;230;115;132m▀[38;2;230;115;132;48;2;230;115;132m▀[38;2;230;115;132;48;2;230;115;132m▀[38;2;230;115;132;48;2;230;115;132m▀[38;2;165;16;33;48;2;165;16;33m▀[38;2;230;115;132;48;2;230;115;132m▀[38;2;230;115;132;48;2;230;115;132m▀[38;2;230;115;132;48;2;230;115;132m▀[38;2;230;115;132;48;2;230;115;132m▀[38;2;230;115;132;48;2;230;115;132m▀[38;2;230;115;132;48;2;230;115;132m▀[38;2;0;0;0;48;2;0;0;0m▀[38;2;0;0;0;48;2;0;0;0m▀[38;2;0;0;0;48;2;0;0;0m▀[38;2;0;0;0;48;2;0;0;0m▀[38;2;165;16;33;48;2;165;16;33m▀[38;2;230;115;132;48;2;230;115;132m▀[38;2;230;115;132;48;2;230;115;132m▀[38;2;230;115;132;48;2;230;115;132m▀[38;2;230;115;132;48;2;230;115;132m▀[38;2;230;115;132;48;2;230;115;132m▀[38;2;230;115;132;48;2;230;115;132m▀[38;2;16;16;16;48;2;16;16;16m▀[38;2;230;115;132;48;2;230;115;132m▀[38;2;165;16;33;48;2;255;173;165m▀[38;2;165;16;33;48;2;255;173;165m▀[38;2;230;115;132;48;2;255;173;165m▀[38;2;255;173;165;48;2;255;173;165m▀[38;2;255;173;165;48;2;255;173;165m▀[38;2;255;173;165;48;2;255;173;165m▀[38;2;255;173;165;48;2;255;173;165m▀[38;2;255;173;165;48;2;255;173;165m▀[38;2;255;173;165;48;2;165;16;33m▀[38;2;165;16;33;48;2;0;0;0m▀[0m
[0m [0m [0m [0m [0m [0m [0m [38;2;0;0;0;48;2;0;0;0m▀[38;2;117;13;25;48;2;117;13;25m▀[38;2;230;115;132;48;2;230;115;132m▀[38;2;230;115;132;48;2;230;115;132m▀[38;2;230;115;132;48;2;230;115;132m▀[38;2;230;115;132;48;2;230;115;132m▀[38;2;230;115;132;48;2;230;115;132m▀[38;2;230;115;132;48;2;230;115;132m▀[38;2;230;115;132;48;2;230;115;132m▀[38;2;230;115;132;48;2;230;115;132m▀[38;2;230;115;132;48;2;230;115;132m▀[38;2;230;115;132;48;2;230;115;132m▀[38;2;230;115;132;48;2;230;115;132m▀[38;2;230;115;132;48;2;230;115;132m▀[38;2;230;115;132;48;2;230;115;132m▀[38;2;230;115;132;48;2;230;115;132m▀[38;2;230;115;132;48;2;230;115;132m▀[38;2;230;115;132;48;2;230;115;132m▀[38;2;230;115;132;48;2;230;115;132m▀[38;2;165;16;33;48;2;165;16;33m▀[38;2;195;56;72;48;2;195;56;72m▀[38;2;230;115;132;48;2;230;115;132m▀[38;2;230;115;132;48;2;230;115;132m▀[38;2;230;115;132;48;2;230;115;132m▀[38;2;230;115;132;48;2;230;115;132m▀[38;2;230;115;132;48;2;230;115;132m▀[38;2;230;115;132;48;2;230;115;132m▀[38;2;0;0;0;48;2;0;0;0m▀[38;2;0;0;0;48;2;0;0;0m▀[38;2;0;0;0;48;2;0;0;0m▀[0m [38;2;0;0;0;48;2;0;0;0m▀[38;2;117;13;25;48;2;117;13;25m▀[38;2;230;115;132;48;2;230;115;132m▀[38;2;230;115;132;48;2;230;115;132m▀[38;2;230;115;132;48;2;230;115;132m▀[38;2;230;115;132;48;2;230;115;132m▀[38;2;230;115;132;48;2;230;115;132m▀[38;2;16;16;16;48;2;16;16;16m▀[38;2;230;115;132;48;2;230;115;132m▀[38;2;255;173;165;48;2;255;173;165m▀[38;2;255;173;165;48;2;255;173;165m▀[38;2;255;173;165;48;2;255;173;165m▀[38;2;255;173;165;48;2;255;173;165m▀[38;2;255;173;165;48;2;255;173;165m▀[38;2;255;173;165;48;2;255;173;165m▀[38;2;255;173;165;48;2;255;173;165m▀[38;2;255;173;165;48;2;255;173;165m▀[38;2;16;16;16;48;2;16;16;16m▀[38;2;0;0;0;48;2;0;0;0m▀[0m
[0m [38;2;0;0;0m▄[38;2;0;0;0m▄[38;2;0;0;0m▄[38;2;0;0;0m▄[38;2;0;0;0;48;2;165;16;33m▀[38;2;0;0;0;48;2;165;16;33m▀[38;2;165;16;33;48;2;255;173;165m▀[38;2;195;56;72;48;2;255;173;165m▀[38;2;117;13;25;48;2;230;115;132m▀[38;2;117;13;25;48;2;230;115;132m▀[38;2;230;115;132;48;2;195;56;72m▀[38;2;230;115;132;48;2;230;115;132m▀[38;2;230;115;132;48;2;255;173;165m▀[38;2;230;115;132;48;2;230;115;132m▀[38;2;230;115;132;48;2;230;115;132m▀[38;2;230;115;132;48;2;230;115;132m▀[38;2;230;115;132;48;2;230;115;132m▀[38;2;230;115;132;48;2;230;115;132m▀[38;2;230;115;132;48;2;230;115;132m▀[38;2;230;115;132;48;2;230;115;132m▀[38;2;230;115;132;48;2;230;115;132m▀[38;2;230;115;132;48;2;230;115;132m▀[38;2;230;115;132;48;2;230;115;132m▀[38;2;230;115;132;48;2;230;115;132m▀[38;2;230;115;132;48;2;255;173;165m▀[38;2;165;16;33;48;2;230;115;132m▀[38;2;230;115;132;48;2;230;115;132m▀[38;2;230;115;132;48;2;230;115;132m▀[38;2;230;115;132;48;2;230;115;132m▀[38;2;230;115;132;48;2;230;115;132m▀[38;2;230;115;132;48;2;230;115;132m▀[38;2;230;115;132;48;2;230;115;132m▀[38;2;0;0;0;48;2;0;0;0m▀[38;2;0;0;0;48;2;0;0;0m▀[38;2;0;0;0m▀[0m [0m [38;2;0;0;0m▀[38;2;117;13;25;48;2;0;0;0m▀[38;2;230;115;132;48;2;117;13;25m▀[38;2;230;115;132;48;2;117;13;25m▀[38;2;230;115;132;48;2;230;115;132m▀[38;2;230;115;132;48;2;230;115;132m▀[38;2;230;115;132;48;2;230;115;132m▀[38;2;117;13;25;48;2;230;115;132m▀[38;2;16;16;16;48;2;117;13;25m▀[38;2;16;16;16;48;2;0;0;0m▀[38;2;16;16;16;48;2;0;0;0m▀[38;2;255;173;165;48;2;16;16;16m▀[38;2;255;173;165;48;2;16;16;16m▀[38;2;255;173;165;48;2;16;16;16m▀[38;2;16;16;16;48;2;0;0;0m▀[38;2;16;16;16;48;2;0;0;0m▀[38;2;16;16;16;48;2;0;0;0m▀[38;2;0;0;0m▀[0m [0m
[38;2;0;0;0;48;2;165;16;33m▀[38;2;165;16;33;48;2;255;173;165m▀[38;2;165;16;33;48;2;255;173;165m▀[38;2;165;16;33;48;2;255;173;165m▀[38;2;165;16;33;48;2;255;173;165m▀[38;2;255;173;165;48;2;255;173;165m▀[38;2;255;173;165;48;2;255;173;165m▀[38;2;255;173;165;48;2;255;173;165m▀[38;2;255;173;165;48;2;255;173;165m▀[38;2;255;173;165;48;2;255;173;165m▀[38;2;255;173;165;48;2;255;173;165m▀[38;2;195;56;72;48;2;255;173;165m▀[38;2;255;173;165;48;2;255;173;165m▀[38;2;230;115;132;48;2;255;173;165m▀[38;2;255;173;165;48;2;255;173;165m▀[38;2;230;115;132;48;2;255;173;165m▀[38;2;230;115;132;48;2;255;173;165m▀[38;2;255;173;165;48;2;230;115;132m▀[38;2;230;115;132;48;2;230;115;132m▀[38;2;230;115;132;48;2;230;115;132m▀[38;2;230;115;132;48;2;230;115;132m▀[38;2;230;115;132;48;2;255;173;165m▀[38;2;230;115;132;48;2;255;173;165m▀[38;2;230;115;132;48;2;255;173;165m▀[38;2;255;173;165;48;2;255;173;165m▀[38;2;255;173;165;48;2;255;173;165m▀[38;2;230;115;132;48;2;230;115;132m▀[38;2;230;115;132;48;2;230;115;132m▀[38;2;230;115;132;48;2;230;115;132m▀[38;2;230;115;132;48;2;230;115;132m▀[38;2;230;115;132;48;2;230;115;132m▀[38;2;230;115;132;48;2;230;115;132m▀[38;2;230;115;132;48;2;117;13;25m▀[38;2;117;13;25;48;2;0;0;0m▀[38;2;0;0;0m▀[0m [0m [38;2;0;0;0m▄[38;2;0;0;0;48;2;117;13;25m▀[38;2;0;0;0;48;2;195;56;72m▀[38;2;195;56;72;48;2;195;56;72m▀[38;2;195;56;72;48;2;195;56;72m▀[38;2;230;115;132;48;2;195;56;72m▀[38;2;230;115;132;48;2;230;115;132m▀[38;2;230;115;132;48;2;195;56;72m▀[38;2;230;115;132;48;2;117;13;25m▀[38;2;117;13;25;48;2;0;0;0m▀[38;2;0;0;0m▀[0m [38;2;0;0;0m▀[38;2;0;0;0m▀[38;2;0;0;0m▀[0m [0m [0m [0m [0m [0m
[38;2;165;16;33;48;2;165;16;33m▀[38;2;255;173;165;48;2;255;173;165m▀[38;2;255;173;165;48;2;255;173;165m▀[38;2;255;173;165;48;2;255;173;165m▀[38;2;255;173;165;48;2;255;173;165m▀[38;2;255;173;165;48;2;255;173;165m▀[38;2;255;173;165;48;2;255;173;165m▀[38;2;255;173;165;48;2;255;173;165m▀[38;2;255;173;165;48;2;255;173;165m▀[38;2;255;173;165;48;2;255;173;165m▀[38;2;255;173;165;48;2;255;173;165m▀[38;2;255;173;165;48;2;255;173;165m▀[38;2;255;173;165;48;2;255;173;165m▀[38;2;255;173;165;48;2;255;173;165m▀[38;2;255;173;165;48;2;255;173;165m▀[38;2;255;173;165;48;2;255;173;165m▀[38;2;255;173;165;48;2;255;173;165m▀[38;2;255;173;165;48;2;255;173;165m▀[38;2;255;173;165;48;2;255;173;165m▀[38;2;255;173;165;48;2;255;173;165m▀[38;2;255;173;165;48;2;255;173;165m▀[38;2;255;173;165;48;2;255;173;165m▀[38;2;255;173;165;48;2;255;173;165m▀[38;2;255;173;165;48;2;255;173;165m▀[38;2;255;173;165;48;2;255;173;165m▀[38;2;255;173;165;48;2;255;173;165m▀[38;2;255;173;165;48;2;255;173;165m▀[38;2;230;115;132;48;2;230;115;132m▀[38;2;230;115;132;48;2;230;115;132m▀[38;2;230;115;132;48;2;230;115;132m▀[38;2;230;115;132;48;2;230;115;132m▀[38;2;255;173;165;48;2;255;173;165m▀[38;2;117;13;25;48;2;117;13;25m▀[38;2;0;0;0;48;2;0;0;0m▀[0m [0m [0m [38;2;0;0;0;48;2;0;0;0m▀[38;2;117;13;25;48;2;117;13;25m▀[38;2;195;56;72;48;2;195;56;72m▀[38;2;195;56;72;48;2;195;56;72m▀[38;2;195;56;72;48;2;195;56;72m▀[38;2;195;56;72;48;2;195;56;72m▀[38;2;117;13;25;48;2;117;13;25m▀[38;2;117;13;25;48;2;117;13;25m▀[38;2;0;0;0;48;2;0;0;0m▀[0m [0m [0m [0m [0m [0m [0m [0m [0m [0m [0m [0m
[38;2;0;0;0m▀[38;2;165;16;33;48;2;0;0;0m▀[38;2;255;173;165;48;2;165;16;33m▀[38;2;255;173;165;48;2;165;16;33m▀[38;2;255;173;165;48;2;117;13;25m▀[38;2;255;173;165;48;2;117;13;25m▀[38;2;230;115;132;48;2;117;13;25m▀[38;2;230;115;132;48;2;41;41;41m▀[38;2;255;173;165;48;2;41;41;41m▀[38;2;255;173;165;48;2;165;16;33m▀[38;2;255;173;165;48;2;165;16;33m▀[38;2;255;173;165;48;2;195;56;72m▀[38;2;255;173;165;48;2;255;173;165m▀[38;2;255;173;165;48;2;255;173;165m▀[38;2;255;173;165;48;2;255;173;165m▀[38;2;255;173;165;48;2;255;173;165m▀[38;2;255;173;165;48;2;255;173;165m▀[38;2;255;173;165;48;2;255;173;165m▀[38;2;255;173;165;48;2;255;173;165m▀[38;2;255;173;165;48;2;255;173;165m▀[38;2;255;173;165;48;2;255;173;165m▀[38;2;255;173;165;48;2;255;173;165m▀[38;2;255;173;165;48;2;255;173;165m▀[38;2;255;173;165;48;2;255;173;165m▀[38;2;255;173;165;48;2;255;173;165m▀[38;2;255;173;165;48;2;255;173;165m▀[38;2;255;173;165;48;2;255;173;165m▀[38;2;255;173;165;48;2;255;173;165m▀[38;2;255;173;165;48;2;255;173;165m▀[38;2;255;173;165;48;2;255;173;165m▀[38;2;255;173;165;48;2;255;173;165m▀[38;2;255;173;165;48;2;255;173;165m▀[38;2;255;173;165;48;2;255;173;165m▀[38;2;0;0;0;48;2;0;0;0m▀[38;2;0;0;0;48;2;0;0;0m▀[0m [0m [38;2;0;0;0m▀[38;2;0;0;0;48;2;0;0;0m▀[38;2;195;56;72;48;2;0;0;0m▀[38;2;195;56;72;48;2;165;16;33m▀[38;2;195;56;72;48;2;165;16;33m▀[38;2;0;0;0;48;2;195;56;72m▀[38;2;0;0;0;48;2;0;0;0m▀[38;2;0;0;0;48;2;0;0;0m▀[0m [0m [0m [0m [0m [0m [0m [0m [0m [0m [0m [0m [0m
[0m [0m [38;2;0;0;0m▀[38;2;0;0;0m▀[38;2;0;0;0m▀[38;2;0;0;0m▀[38;2;0;0;0m▀[38;2;0;0;0m▀[38;2;0;0;0m▀[38;2;0;0;0m▀[38;2;0;0;0;48;2;0;0;0m▀[38;2;165;16;33;48;2;165;16;33m▀[38;2;255;173;165;48;2;255;173;165m▀[38;2;255;173;165;48;2;255;173;165m▀[38;2;255;173;165;48;2;255;173;165m▀[38;2;255;173;165;48;2;255;173;165m▀[38;2;255;173;165;48;2;255;173;165m▀[38;2;255;173;165;48;2;255;173;165m▀[38;2;255;173;165;48;2;255;173;165m▀[38;2;255;173;165;48;2;255;173;165m▀[38;2;255;173;165;48;2;255;173;165m▀[38;2;255;173;165;48;2;255;173;165m▀[38;2;255;173;165;48;2;255;173;165m▀[38;2;255;173;165;48;2;255;173;165m▀[38;2;255;173;165;48;2;255;173;165m▀[38;2;255;173;165;48;2;255;173;165m▀[38;2;255;173;165;48;2;255;173;165m▀[38;2;255;173;165;48;2;255;173;165m▀[38;2;255;173;165;48;2;255;173;165m▀[38;2;255;173;165;48;2;255;173;165m▀[38;2;255;173;165;48;2;255;173;165m▀[38;2;255;173;165;48;2;255;173;165m▀[38;2;255;173;165;48;2;255;173;165m▀[38;2;117;13;25;48;2;230;115;132m▀[38;2;0;0;0;48;2;117;13;25m▀[38;2;0;0;0;48;2;117;13;25m▀[38;2;0;0;0m▄[38;2;0;0;0;48;2;0;0;0m▀[38;2;0;0;0;48;2;0;0;0m▀[38;2;0;0;0;48;2;117;13;25m▀[38;2;165;16;33;48;2;165;16;33m▀[38;2;165;16;33;48;2;165;16;33m▀[38;2;165;16;33;48;2;165;16;33m▀[38;2;165;16;33;48;2;165;16;33m▀[38;2;0;0;0;48;2;0;0;0m▀[38;2;0;0;0;48;2;0;0;0m▀[0m [0m [0m [0m [0m [0m [0m [0m [0m [0m [0m [0m
[0m [0m [0m [0m [0m [0m [0m [0m [0m [0m [38;2;0;0;0;48;2;0;0;0m▀[38;2;165;16;33;48;2;165;16;33m▀[38;2;255;173;165;48;2;255;173;165m▀[38;2;255;173;165;48;2;255;173;165m▀[38;2;255;173;165;48;2;255;173;165m▀[38;2;255;173;165;48;2;255;173;165m▀[38;2;255;173;165;48;2;255;173;165m▀[38;2;255;173;165;48;2;255;173;165m▀[38;2;255;173;165;48;2;255;173;165m▀[38;2;255;173;165;48;2;255;173;165m▀[38;2;255;173;165;48;2;255;173;165m▀[38;2;255;173;165;48;2;255;173;165m▀[38;2;255;173;165;48;2;255;173;165m▀[38;2;255;173;165;48;2;255;173;165m▀[38;2;255;173;165;48;2;255;173;165m▀[38;2;255;173;165;48;2;255;173;165m▀[38;2;255;173;165;48;2;255;173;165m▀[38;2;255;173;165;48;2;255;173;165m▀[38;2;255;173;165;48;2;255;173;165m▀[38;2;255;173;165;48;2;255;173;165m▀[38;2;255;173;165;48;2;255;173;165m▀[38;2;255;173;165;48;2;255;173;165m▀[38;2;255;173;165;48;2;255;173;165m▀[38;2;230;115;132;48;2;230;115;132m▀[38;2;117;13;25;48;2;117;13;25m▀[38;2;117;13;25;48;2;117;13;25m▀[38;2;0;0;0;48;2;0;0;0m▀[38;2;117;13;25;48;2;117;13;25m▀[38;2;117;13;25;48;2;117;13;25m▀[38;2;117;13;25;48;2;117;13;25m▀[38;2;165;16;33;48;2;165;16;33m▀[38;2;165;16;33;48;2;165;16;33m▀[38;2;0;0;0;48;2;0;0;0m▀[38;2;0;0;0;48;2;0;0;0m▀[38;2;0;0;0;48;2;0;0;0m▀[0m [0m [0m [0m [0m [0m [0m [0m [0m [0m [0m [0m [0m
[0m [0m [0m [0m [0m [0m [0m [0m [0m [38;2;0;0;0m▄[38;2;0;0;0;48;2;0;0;0m▀[38;2;165;16;33;48;2;165;16;33m▀[38;2;255;173;165;48;2;255;173;165m▀[38;2;255;173;165;48;2;255;173;165m▀[38;2;255;173;165;48;2;255;173;165m▀[38;2;255;173;165;48;2;255;173;165m▀[38;2;255;173;165;48;2;255;173;165m▀[38;2;255;173;165;48;2;255;173;165m▀[38;2;255;173;165;48;2;255;173;165m▀[38;2;255;173;165;48;2;255;173;165m▀[38;2;255;173;165;48;2;255;173;165m▀[38;2;255;173;165;48;2;255;173;165m▀[38;2;255;173;165;48;2;255;173;165m▀[38;2;255;173;165;48;2;255;173;165m▀[38;2;255;173;165;48;2;255;173;165m▀[38;2;255;173;165;48;2;255;173;165m▀[38;2;255;173;165;48;2;255;173;165m▀[38;2;255;173;165;48;2;255;173;165m▀[38;2;255;173;165;48;2;255;173;165m▀[38;2;255;173;165;48;2;255;173;165m▀[38;2;255;173;165;48;2;255;173;165m▀[38;2;255;173;165;48;2;255;173;165m▀[38;2;255;173;165;48;2;230;115;132m▀[38;2;230;115;132;48;2;230;115;132m▀[38;2;230;115;132;48;2;230;115;132m▀[38;2;230;115;132;48;2;230;115;132m▀[38;2;0;0;0;48;2;117;13;25m▀[38;2;117;13;25;48;2;117;13;25m▀[38;2;117;13;25;48;2;0;0;0m▀[38;2;0;0;0;48;2;0;0;0m▀[38;2;0;0;0;48;2;0;0;0m▀[38;2;0;0;0;48;2;0;0;0m▀[38;2;0;0;0m▀[38;2;0;0;0m▀[0m [0m [0m [0m [0m [0m [0m [0m [0m [0m [0m [0m [0m [0m
[0m [0m [0m [0m [0m [0m [0m [0m [38;2;0;0;0;48;2;0;0;0m▀[38;2;117;13;25;48;2;117;13;25m▀[38;2;117;13;25;48;2;117;13;25m▀[38;2;255;173;165;48;2;230;115;132m▀[38;2;255;173;165;48;2;255;173;165m▀[38;2;255;173;165;48;2;255;173;165m▀[38;2;255;173;165;48;2;255;173;165m▀[38;2;255;173;165;48;2;255;173;165m▀[38;2;255;173;165;48;2;255;173;165m▀[38;2;255;173;165;48;2;230;115;132m▀[38;2;255;173;165;48;2;230;115;132m▀[38;2;255;173;165;48;2;230;115;132m▀[38;2;255;173;165;48;2;230;115;132m▀[38;2;255;173;165;48;2;230;115;132m▀[38;2;255;173;165;48;2;230;115;132m▀[38;2;255;173;165;48;2;230;115;132m▀[38;2;255;173;165;48;2;255;173;165m▀[38;2;255;173;165;48;2;255;173;165m▀[38;2;255;173;165;48;2;255;173;165m▀[38;2;255;173;165;48;2;230;115;132m▀[38;2;230;115;132;48;2;255;173;165m▀[38;2;230;115;132;48;2;255;173;165m▀[38;2;255;173;165;48;2;230;115;132m▀[38;2;230;115;132;48;2;255;173;165m▀[38;2;230;115;132;48;2;230;115;132m▀[38;2;230;115;132;48;2;230;115;132m▀[38;2;230;115;132;48;2;230;115;132m▀[38;2;230;115;132;48;2;230;115;132m▀[38;2;230;115;132;48;2;230;115;132m▀[38;2;117;13;25;48;2;0;0;0m▀[38;2;0;0;0;48;2;0;0;0m▀[38;2;0;0;0m▀[0m [0m [0m [0m [0m [0m [0m [0m [0m [0m [0m [0m [0m [0m [0m [0m [0m [0m
[0m [0m [0m [0m [0m [0m [0m [0m [38;2;0;0;0;48;2;0;0;0m▀[38;2;117;13;25;48;2;117;13;25m▀[38;2;117;13;25;48;2;117;13;25m▀[38;2;230;115;132;48;2;230;115;132m▀[38;2;230;115;132;48;2;230;115;132m▀[38;2;230;115;132;48;2;230;115;132m▀[38;2;230;115;132;48;2;230;115;132m▀[38;2;230;115;132;48;2;230;115;132m▀[38;2;230;115;132;48;2;230;115;132m▀[38;2;230;115;132;48;2;230;115;132m▀[38;2;230;115;132;48;2;230;115;132m▀[38;2;230;115;132;48;2;230;115;132m▀[38;2;230;115;132;48;2;230;115;132m▀[38;2;230;115;132;48;2;230;115;132m▀[38;2;230;115;132;48;2;230;115;132m▀[38;2;230;115;132;48;2;230;115;132m▀[38;2;230;115;132;48;2;230;115;132m▀[38;2;230;115;132;48;2;230;115;132m▀[38;2;230;115;132;48;2;230;115;132m▀[38;2;230;115;132;48;2;230;115;132m▀[38;2;230;115;132;48;2;230;115;132m▀[38;2;230;115;132;48;2;230;115;132m▀[38;2;255;173;165;48;2;255;173;165m▀[38;2;230;115;132;48;2;230;115;132m▀[38;2;230;115;132;48;2;230;115;132m▀[38;2;230;115;132;48;2;230;115;132m▀[38;2;230;115;132;48;2;230;115;132m▀[38;2;230;115;132;48;2;230;115;132m▀[38;2;195;56;72;48;2;195;56;72m▀[38;2;0;0;0;48;2;0;0;0m▀[38;2;0;0;0;48;2;0;0;0m▀[0m [0m [0m [0m [0m [0m [0m [0m [0m [0m [0m [0m [0m [0m [0m [0m [0m [0m [0m
[0m [0m [0m [0m [0m [0m [0m [0m [0m [38;2;0;0;0m▀[38;2;0;0;0;48;2;0;0;0m▀[38;2;165;16;33;48;2;117;13;25m▀[38;2;230;115;132;48;2;230;115;132m▀[38;2;230;115;132;48;2;230;115;132m▀[38;2;230;115;132;48;2;230;115;132m▀[38;2;230;115;132;48;2;230;115;132m▀[38;2;230;115;132;48;2;230;115;132m▀[38;2;230;115;132;48;2;230;115;132m▀[38;2;230;115;132;48;2;230;115;132m▀[38;2;230;115;132;48;2;230;115;132m▀[38;2;230;115;132;48;2;230;115;132m▀[38;2;230;115;132;48;2;230;115;132m▀[38;2;230;115;132;48;2;230;115;132m▀[38;2;230;115;132;48;2;230;115;132m▀[38;2;230;115;132;48;2;230;115;132m▀[38;2;230;115;132;48;2;230;115;132m▀[38;2;230;115;132;48;2;230;115;132m▀[38;2;230;115;132;48;2;230;115;132m▀[38;2;230;115;132;48;2;230;115;132m▀[38;2;230;115;132;48;2;230;115;132m▀[38;2;230;115;132;48;2;230;115;132m▀[38;2;230;115;132;48;2;230;115;132m▀[38;2;230;115;132;48;2;230;115;132m▀[38;2;230;115;132;48;2;230;115;132m▀[38;2;230;115;132;48;2;230;115;132m▀[38;2;230;115;132;48;2;230;115;132m▀[38;2;0;0;0;48;2;0;0;0m▀[38;2;0;0;0;48;2;0;0;0m▀[0m [0m [0m [0m [0m [0m [0m [0m [0m [0m [0m [0m [0m [0m [0m [0m [0m [0m [0m [0m
[0m [0m [0m [0m [0m [0m [0m [0m [0m [0m [0m [38;2;0;0;0m▀[38;2;117;13;25;48;2;0;0;0m▀[38;2;195;56;72;48;2;117;13;25m▀[38;2;230;115;132;48;2;195;56;72m▀[38;2;230;115;132;48;2;195;56;72m▀[38;2;230;115;132;48;2;195;56;72m▀[38;2;230;115;132;48;2;195;56;72m▀[38;2;230;115;132;48;2;165;16;33m▀[38;2;195;56;72;48;2;0;0;0m▀[38;2;117;13;25;48;2;0;0;0m▀[38;2;117;13;25;48;2;0;0;0m▀[38;2;117;13;25;48;2;0;0;0m▀[38;2;117;13;25;48;2;0;0;0m▀[38;2;117;13;25;48;2;0;0;0m▀[38;2;117;13;25;48;2;0;0;0m▀[38;2;230;115;132;48;2;117;13;25m▀[38;2;230;115;132;48;2;117;13;25m▀[38;2;230;115;132;48;2;117;13;25m▀[38;2;230;115;132;48;2;117;13;25m▀[38;2;230;115;132;48;2;230;115;132m▀[38;2;230;115;132;48;2;230;115;132m▀[38;2;230;115;132;48;2;230;115;132m▀[38;2;230;115;132;48;2;165;16;33m▀[38;2;0;0;0;48;2;195;56;72m▀[38;2;0;0;0;48;2;195;56;72m▀[38;2;195;56;72;48;2;195;56;72m▀[38;2;0;0;0;48;2;195;56;72m▀[38;2;0;0;0;48;2;0;0;0m▀[38;2;0;0;0m▄[0m [0m [0m [0m [0m [0m [0m [0m [0m [0m [0m [0m [0m [0m [0m [0m [0m [0m
[0m [0m [0m [0m [0m [0m [0m [0m [0m [0m [0m [38;2;0;0;0;48;2;0;0;0m▀[38;2;117;13;25;48;2;117;13;25m▀[38;2;230;115;132;48;2;230;115;132m▀[38;2;230;115;132;48;2;230;115;132m▀[38;2;230;115;132;48;2;230;115;132m▀[38;2;230;115;132;48;2;230;115;132m▀[38;2;195;56;72;48;2;195;56;72m▀[38;2;0;0;0;48;2;0;0;0m▀[38;2;0;0;0;48;2;0;0;0m▀[0m [0m [0m [0m [0m [0m [38;2;0;0;0m▀[38;2;0;0;0m▀[38;2;0;0;0m▀[38;2;0;0;0;48;2;0;0;0m▀[38;2;117;13;25;48;2;117;13;25m▀[38;2;117;13;25;48;2;117;13;25m▀[38;2;117;13;25;48;2;117;13;25m▀[38;2;117;13;25;48;2;117;13;25m▀[38;2;195;56;72;48;2;195;56;72m▀[38;2;195;56;72;48;2;195;56;72m▀[38;2;195;56;72;48;2;195;56;72m▀[38;2;195;56;72;48;2;195;56;72m▀[38;2;0;0;0;48;2;0;0;0m▀[38;2;0;0;0;48;2;0;0;0m▀[0m [0m [0m [0m [0m [0m [0m [0m [0m [0m [0m [0m [0m [0m [0m [0m [0m [0m
[0m [0m [0m [0m [0m [0m [0m [0m [0m [0m [38;2;0;0;0m▀[38;2;117;13;25;48;2;0;0;0m▀[38;2;255;173;165;48;2;117;13;25m▀[38;2;255;173;165;48;2;0;0;0m▀[38;2;255;173;165;48;2;0;0;0m▀[38;2;165;16;33;48;2;0;0;0m▀[38;2;165;16;33;48;2;0;0;0m▀[38;2;0;0;0;48;2;0;0;0m▀[38;2;0;0;0m▀[0m [0m [0m [0m [0m [0m [0m [0m [0m [0m [0m [38;2;0;0;0m▀[38;2;0;0;0m▀[38;2;0;0;0m▀[38;2;0;0;0m▀[38;2;0;0;0;48;2;0;0;0m▀[38;2;0;0;0;48;2;0;0;0m▀[38;2;0;0;0;48;2;0;0;0m▀[38;2;0;0;0;48;2;0;0;0m▀[38;2;0;0;0m▀[0m [0m [0m [0m [0m [0m [0m [0m [0m [0m [0m [0m [0m [0m [0m [0m [0m [0m [0m
