[0m [0m [0m [0m [0m [0m [0m [0m [0m [0m [0m [0m [0m [0m [0m [0m [0m [0m [0m [0m [0m [0m [0m [0m [38;2;0;0;0m▄[38;2;0;0;0;48;2;16;16;16m▀[38;2;16;16;16;48;2;53;60;74m▀[38;2;16;16;16;48;2;16;16;16m▀[38;2;0;0;0;48;2;0;0;0m▀[0m [0m [0m [0m [0m [0m [0m [0m [0m [0m [0m [0m [0m [0m [0m [0m [0m [0m [0m [0m [0m [0m [0m [0m [0m [0m [0m [0m [0m
[0m [0m [0m [0m [0m [0m [0m [0m [0m [0m [0m [0m [0m [0m [0m [0m [0m [0m [0m [0m [0m [0m [0m [38;2;0;0;0;48;2;0;0;0m▀[38;2;16;16;16;48;2;16;16;16m▀[38;2;53;60;74;48;2;53;60;74m▀[38;2;53;60;74;48;2;53;60;74m▀[38;2;16;16;16;48;2;16;16;16m▀[38;2;0;0;0;48;2;0;0;0m▀[0m [0m [0m [0m [0m [0m [0m [0m [0m [0m [0m [0m [0m [0m [0m [0m [0m [0m [0m [0m [0m [0m [0m [0m [0m [0m [0m [0m [0m
[0m [0m [0m [0m [0m [38;2;0;0;0m▄[38;2;0;0;0m▄[0m [38;2;0;0;0m▄[38;2;0;0;0m▄[38;2;0;0;0m▄[0m [0m [0m [0m [0m [0m [0m [0m [0m [0m [38;2;0;0;0m▄[38;2;0;0;0;48;2;0;0;0m▀[38;2;16;16;16;48;2;16;16;16m▀[38;2;53;60;74;48;2;53;60;74m▀[38;2;53;60;74;48;2;53;60;74m▀[38;2;53;60;74;48;2;53;60;74m▀[38;2;16;16;16;48;2;16;16;16m▀[38;2;0;0;0;48;2;0;0;0m▀[0m [0m [0m [0m [0m [0m [0m [0m [0m [0m [38;2;0;0;0m▄[38;2;0;0;0;48;2;0;67;33m▀[38;2;0;0;0;48;2;0;67;33m▀[38;2;0;0;0;48;2;0;67;33m▀[38;2;0;0;0m▄[38;2;0;0;0m▄[38;2;0;0;0;48;2;16;16;16m▀[38;2;0;0;0;48;2;16;16;16m▀[38;2;0;0;0m▄[38;2;0;0;0m▄[0m [0m [0m [0m [0m [0m [0m [0m [0m
[0m [0m [38;2;0;0;0m▄[38;2;0;0;0m▄[38;2;0;0;0;48;2;16;16;16m▀[38;2;16;16;16;48;2;52;40;28m▀[38;2;16;16;16;48;2;16;16;16m▀[38;2;0;0;0;48;2;0;67;33m▀[38;2;0;67;33;48;2;0;117;65m▀[38;2;0;67;33;48;2;0;67;33m▀[38;2;0;67;33;48;2;0;67;33m▀[38;2;0;0;0;48;2;0;0;0m▀[0m [0m [0m [0m [0m [0m [0m [0m [38;2;0;0;0;48;2;0;0;0m▀[38;2;16;16;16;48;2;16;16;16m▀[38;2;16;16;16;48;2;16;16;16m▀[38;2;53;60;74;48;2;53;60;74m▀[38;2;53;60;74;48;2;53;60;74m▀[38;2;53;60;74;48;2;53;60;74m▀[38;2;53;60;74;48;2;53;60;74m▀[38;2;16;16;16;48;2;16;16;16m▀[38;2;0;0;0;48;2;0;0;0m▀[38;2;0;0;0m▄[0m [0m [0m [0m [0m [0m [0m [0m [0m [38;2;0;0;0;48;2;0;0;0m▀[38;2;0;67;33;48;2;0;67;33m▀[38;2;0;67;33;48;2;0;67;33m▀[38;2;0;117;65;48;2;0;117;65m▀[38;2;0;67;33;48;2;0;117;65m▀[38;2;0;0;0;48;2;0;67;33m▀[38;2;16;16;16;48;2;0;0;0m▀[38;2;52;40;28;48;2;16;16;16m▀[38;2;16;16;16;48;2;52;40;28m▀[38;2;16;16;16;48;2;52;40;28m▀[38;2;0;0;0;48;2;16;16;16m▀[38;2;0;0;0m▄[0m [0m [0m [0m [0m [0m [0m
[0m [38;2;0;0;0;48;2;0;0;0m▀[38;2;16;16;16;48;2;16;16;16m▀[38;2;16;16;16;48;2;16;16;16m▀[38;2;52;40;28;48;2;52;40;28m▀[38;2;16;16;16;48;2;16;16;16m▀[38;2;0;67;33;48;2;0;67;33m▀[38;2;0;117;65;48;2;0;117;65m▀[38;2;0;117;65;48;2;0;117;65m▀[38;2;0;67;33;48;2;0;67;33m▀[38;2;0;67;33;48;2;0;67;33m▀[38;2;0;0;0;48;2;0;0;0m▀[0m [0m [0m [0m [0m [0m [0m [38;2;0;0;0;48;2;0;0;0m▀[38;2;16;16;16;48;2;16;16;16m▀[38;2;53;60;74;48;2;53;60;74m▀[38;2;53;60;74;48;2;53;60;74m▀[38;2;53;60;74;48;2;53;60;74m▀[38;2;53;60;74;48;2;53;60;74m▀[38;2;53;60;74;48;2;53;60;74m▀[38;2;53;60;74;48;2;53;60;74m▀[38;2;30;34;42;48;2;30;34;42m▀[38;2;16;16;16;48;2;16;16;16m▀[38;2;16;16;16;48;2;16;16;16m▀[38;2;0;0;0;48;2;0;0;0m▀[38;2;0;0;0m▄[0m [0m [0m [0m [0m [0m [0m [38;2;0;0;0;48;2;0;0;0m▀[38;2;0;67;33;48;2;0;67;33m▀[38;2;0;67;33;48;2;0;67;33m▀[38;2;0;117;65;48;2;0;117;65m▀[38;2;0;117;65;48;2;0;117;65m▀[38;2;0;67;33;48;2;0;67;33m▀[38;2;0;0;0;48;2;0;0;0m▀[38;2;16;16;16;48;2;16;16;16m▀[38;2;52;40;28;48;2;52;40;28m▀[38;2;52;40;28;48;2;52;40;28m▀[38;2;52;40;28;48;2;52;40;28m▀[38;2;16;16;16;48;2;16;16;16m▀[38;2;0;0;0;48;2;0;0;0m▀[0m [0m [0m [0m [0m [0m
[38;2;0;0;0;48;2;0;0;0m▀[38;2;16;16;16;48;2;16;16;16m▀[38;2;52;40;28;48;2;52;40;28m▀[38;2;52;40;28;48;2;52;40;28m▀[38;2;52;40;28;48;2;52;40;28m▀[38;2;16;16;16;48;2;52;40;28m▀[38;2;0;67;33;48;2;16;16;16m▀[38;2;0;117;65;48;2;0;67;33m▀[38;2;0;117;65;48;2;0;67;33m▀[38;2;0;67;33;48;2;0;0;0m▀[38;2;0;67;33;48;2;0;0;0m▀[38;2;0;0;0m▀[0m [0m [38;2;0;0;0m▄[38;2;0;0;0m▄[38;2;0;0;0m▄[38;2;0;0;0;48;2;16;16;16m▀[38;2;0;0;0;48;2;16;16;16m▀[38;2;0;0;0;48;2;16;16;16m▀[38;2;16;16;16;48;2;53;60;74m▀[38;2;53;60;74;48;2;53;60;74m▀[38;2;53;60;74;48;2;53;60;74m▀[38;2;53;60;74;48;2;53;60;74m▀[38;2;53;60;74;48;2;53;60;74m▀[38;2;53;60;74;48;2;53;60;74m▀[38;2;53;60;74;48;2;53;60;74m▀[38;2;30;34;42;48;2;30;34;42m▀[38;2;16;16;16;48;2;16;16;16m▀[38;2;16;16;16;48;2;16;16;16m▀[38;2;16;16;16;48;2;115;87;56m▀[38;2;16;16;16;48;2;115;87;56m▀[38;2;0;0;0;48;2;16;16;16m▀[38;2;0;0;0;48;2;16;16;16m▀[38;2;0;0;0;48;2;16;16;16m▀[38;2;0;0;0;48;2;16;16;16m▀[38;2;0;0;0m▄[0m [0m [0m [38;2;0;0;0m▀[38;2;0;0;0m▀[38;2;0;67;33;48;2;0;0;0m▀[38;2;0;67;33;48;2;16;16;16m▀[38;2;16;16;16;48;2;52;40;28m▀[38;2;16;16;16;48;2;52;40;28m▀[38;2;52;40;28;48;2;52;40;28m▀[38;2;52;40;28;48;2;52;40;28m▀[38;2;52;40;28;48;2;52;40;28m▀[38;2;52;40;28;48;2;52;40;28m▀[38;2;16;16;16;48;2;16;16;16m▀[38;2;0;0;0;48;2;0;0;0m▀[0m [0m [0m [0m [0m [0m
[38;2;0;0;0;48;2;0;0;0m▀[38;2;16;16;16;48;2;16;16;16m▀[38;2;52;40;28;48;2;52;40;28m▀[38;2;52;40;28;48;2;52;40;28m▀[38;2;52;40;28;48;2;52;40;28m▀[38;2;52;40;28;48;2;52;40;28m▀[38;2;52;40;28;48;2;52;40;28m▀[38;2;16;16;16;48;2;52;40;28m▀[38;2;0;0;0;48;2;16;16;16m▀[38;2;0;0;0m▄[38;2;0;0;0m▄[0m [38;2;0;0;0m▄[38;2;0;0;0;48;2;38;31;23m▀[38;2;16;16;16;48;2;38;31;23m▀[38;2;16;16;16;48;2;38;31;23m▀[38;2;16;16;16;48;2;38;31;23m▀[38;2;115;87;56;48;2;38;31;23m▀[38;2;115;87;56;48;2;16;16;16m▀[38;2;16;16;16;48;2;53;60;74m▀[38;2;53;60;74;48;2;53;60;74m▀[38;2;53;60;74;48;2;53;60;74m▀[38;2;53;60;74;48;2;53;60;74m▀[38;2;53;60;74;48;2;53;60;74m▀[38;2;53;60;74;48;2;53;60;74m▀[38;2;53;60;74;48;2;53;60;74m▀[38;2;53;60;74;48;2;30;34;42m▀[38;2;30;34;42;48;2;30;34;42m▀[38;2;30;34;42;48;2;30;34;42m▀[38;2;30;34;42;48;2;30;34;42m▀[38;2;16;16;16;48;2;30;34;42m▀[38;2;115;87;56;48;2;38;31;23m▀[38;2;115;87;56;48;2;38;31;23m▀[38;2;115;87;56;48;2;38;31;23m▀[38;2;38;31;23;48;2;163;122;76m▀[38;2;38;31;23;48;2;163;122;76m▀[38;2;38;31;23;48;2;163;122;76m▀[38;2;0;0;0;48;2;38;31;23m▀[38;2;0;0;0m▄[0m [38;2;0;0;0m▄[38;2;0;0;0;48;2;0;0;0m▀[38;2;16;16;16;48;2;16;16;16m▀[38;2;52;40;28;48;2;52;40;28m▀[38;2;52;40;28;48;2;52;40;28m▀[38;2;52;40;28;48;2;52;40;28m▀[38;2;52;40;28;48;2;52;40;28m▀[38;2;52;40;28;48;2;16;16;16m▀[38;2;52;40;28;48;2;16;16;16m▀[38;2;16;16;16;48;2;0;67;33m▀[38;2;0;0;0;48;2;0;67;33m▀[38;2;0;0;0m▄[0m [0m [0m [0m [0m [0m
[38;2;0;0;0m▄[38;2;0;0;0;48;2;0;67;33m▀[38;2;16;16;16;48;2;0;67;33m▀[38;2;16;16;16;48;2;0;67;33m▀[38;2;52;40;28;48;2;16;16;16m▀[38;2;52;40;28;48;2;115;87;56m▀[38;2;52;40;28;48;2;115;87;56m▀[38;2;115;87;56;48;2;163;122;76m▀[38;2;115;87;56;48;2;163;122;76m▀[38;2;38;31;23;48;2;38;31;23m▀[38;2;38;31;23;48;2;38;31;23m▀[38;2;0;0;0;48;2;0;0;0m▀[38;2;0;0;0;48;2;38;31;23m▀[38;2;38;31;23;48;2;163;122;76m▀[38;2;163;122;76;48;2;163;122;76m▀[38;2;163;122;76;48;2;163;122;76m▀[38;2;163;122;76;48;2;163;122;76m▀[38;2;115;87;56;48;2;115;87;56m▀[38;2;38;31;23;48;2;163;122;76m▀[38;2;53;60;74;48;2;38;31;23m▀[38;2;53;60;74;48;2;53;60;74m▀[38;2;53;60;74;48;2;53;60;74m▀[38;2;53;60;74;48;2;53;60;74m▀[38;2;53;60;74;48;2;30;34;42m▀[38;2;30;34;42;48;2;38;31;23m▀[38;2;38;31;23;48;2;163;122;76m▀[38;2;38;31;23;48;2;163;122;76m▀[38;2;38;31;23;48;2;115;87;56m▀[38;2;38;31;23;48;2;163;122;76m▀[38;2;38;31;23;48;2;163;122;76m▀[38;2;38;31;23;48;2;163;122;76m▀[38;2;163;122;76;48;2;163;122;76m▀[38;2;163;122;76;48;2;163;122;76m▀[38;2;163;122;76;48;2;163;122;76m▀[38;2;163;122;76;48;2;163;122;76m▀[38;2;163;122;76;48;2;163;122;76m▀[38;2;163;122;76;48;2;163;122;76m▀[38;2;38;31;23;48;2;163;122;76m▀[38;2;0;0;0;48;2;38;31;23m▀[38;2;0;0;0;48;2;0;0;0m▀[38;2;38;31;23;48;2;38;31;23m▀[38;2;38;31;23;48;2;38;31;23m▀[38;2;163;122;76;48;2;163;122;76m▀[38;2;115;87;56;48;2;163;122;76m▀[38;2;52;40;28;48;2;115;87;56m▀[38;2;52;40;28;48;2;16;16;16m▀[38;2;16;16;16;48;2;0;0;0m▀[38;2;0;67;33;48;2;0;67;33m▀[38;2;0;67;33;48;2;0;67;33m▀[38;2;0;117;65;48;2;0;117;65m▀[38;2;0;117;65;48;2;0;117;65m▀[38;2;0;67;33;48;2;0;67;33m▀[38;2;0;0;0;48;2;0;0;0m▀[0m [0m [0m [0m [0m
[38;2;0;0;0;48;2;0;67;33m▀[38;2;0;67;33;48;2;0;117;65m▀[38;2;0;67;33;48;2;0;117;65m▀[38;2;0;67;33;48;2;0;117;65m▀[38;2;16;16;16;48;2;0;67;33m▀[38;2;115;87;56;48;2;16;16;16m▀[38;2;115;87;56;48;2;163;122;76m▀[38;2;163;122;76;48;2;163;122;76m▀[38;2;163;122;76;48;2;163;122;76m▀[38;2;38;31;23;48;2;38;31;23m▀[38;2;38;31;23;48;2;38;31;23m▀[38;2;0;0;0;48;2;0;0;0m▀[38;2;38;31;23;48;2;38;31;23m▀[38;2;163;122;76;48;2;163;122;76m▀[38;2;163;122;76;48;2;163;122;76m▀[38;2;163;122;76;48;2;163;122;76m▀[38;2;163;122;76;48;2;163;122;76m▀[38;2;115;87;56;48;2;163;122;76m▀[38;2;163;122;76;48;2;163;122;76m▀[38;2;38;31;23;48;2;163;122;76m▀[38;2;53;60;74;48;2;38;31;23m▀[38;2;53;60;74;48;2;53;60;74m▀[38;2;53;60;74;48;2;53;60;74m▀[38;2;30;34;42;48;2;38;31;23m▀[38;2;38;31;23;48;2;163;122;76m▀[38;2;163;122;76;48;2;163;122;76m▀[38;2;163;122;76;48;2;163;122;76m▀[38;2;115;87;56;48;2;115;87;56m▀[38;2;163;122;76;48;2;163;122;76m▀[38;2;163;122;76;48;2;163;122;76m▀[38;2;163;122;76;48;2;163;122;76m▀[38;2;163;122;76;48;2;163;122;76m▀[38;2;163;122;76;48;2;163;122;76m▀[38;2;163;122;76;48;2;163;122;76m▀[38;2;163;122;76;48;2;163;122;76m▀[38;2;163;122;76;48;2;163;122;76m▀[38;2;163;122;76;48;2;163;122;76m▀[38;2;163;122;76;48;2;163;122;76m▀[38;2;38;31;23;48;2;38;31;23m▀[38;2;0;0;0;48;2;0;0;0m▀[38;2;38;31;23;48;2;38;31;23m▀[38;2;38;31;23;48;2;38;31;23m▀[38;2;163;122;76;48;2;163;122;76m▀[38;2;163;122;76;48;2;163;122;76m▀[38;2;115;87;56;48;2;163;122;76m▀[38;2;16;16;16;48;2;16;16;16m▀[38;2;0;0;0;48;2;0;0;0m▀[38;2;0;67;33;48;2;0;0;0m▀[38;2;0;67;33;48;2;0;0;0m▀[38;2;0;117;65;48;2;0;67;33m▀[38;2;0;117;65;48;2;0;117;65m▀[38;2;0;67;33;48;2;0;67;33m▀[38;2;0;0;0;48;2;8;16;33m▀[38;2;0;0;0m▄[38;2;0;0;0m▄[0m [0m [0m
[38;2;0;67;33;48;2;0;67;33m▀[38;2;0;117;65;48;2;0;117;65m▀[38;2;0;117;65;48;2;0;67;33m▀[38;2;0;117;65;48;2;0;67;33m▀[38;2;0;67;33;48;2;0;0;0m▀[38;2;16;16;16;48;2;16;16;16m▀[38;2;163;122;76;48;2;163;122;76m▀[38;2;163;122;76;48;2;163;122;76m▀[38;2;163;122;76;48;2;163;122;76m▀[38;2;163;122;76;48;2;163;122;76m▀[38;2;163;122;76;48;2;163;122;76m▀[38;2;38;31;23;48;2;163;122;76m▀[38;2;38;31;23;48;2;38;31;23m▀[38;2;163;122;76;48;2;163;122;76m▀[38;2;163;122;76;48;2;163;122;76m▀[38;2;163;122;76;48;2;115;87;56m▀[38;2;163;122;76;48;2;115;87;56m▀[38;2;163;122;76;48;2;16;16;16m▀[38;2;163;122;76;48;2;16;16;16m▀[38;2;163;122;76;48;2;163;122;76m▀[38;2;163;122;76;48;2;163;122;76m▀[38;2;38;31;23;48;2;163;122;76m▀[38;2;38;31;23;48;2;163;122;76m▀[38;2;163;122;76;48;2;163;122;76m▀[38;2;163;122;76;48;2;163;122;76m▀[38;2;163;122;76;48;2;163;122;76m▀[38;2;163;122;76;48;2;115;87;56m▀[38;2;163;122;76;48;2;16;16;16m▀[38;2;163;122;76;48;2;16;16;16m▀[38;2;163;122;76;48;2;16;16;16m▀[38;2;163;122;76;48;2;16;16;16m▀[38;2;163;122;76;48;2;163;122;76m▀[38;2;163;122;76;48;2;163;122;76m▀[38;2;163;122;76;48;2;163;122;76m▀[38;2;163;122;76;48;2;163;122;76m▀[38;2;163;122;76;48;2;163;122;76m▀[38;2;163;122;76;48;2;163;122;76m▀[38;2;163;122;76;48;2;115;87;56m▀[38;2;38;31;23;48;2;163;122;76m▀[38;2;38;31;23;48;2;163;122;76m▀[38;2;163;122;76;48;2;163;122;76m▀[38;2;163;122;76;48;2;163;122;76m▀[38;2;163;122;76;48;2;163;122;76m▀[38;2;163;122;76;48;2;163;122;76m▀[38;2;163;122;76;48;2;163;122;76m▀[38;2;163;122;76;48;2;163;122;76m▀[38;2;16;16;16;48;2;16;16;16m▀[38;2;30;34;42;48;2;53;60;74m▀[38;2;30;34;42;48;2;53;60;74m▀[38;2;53;60;74;48;2;53;60;74m▀[38;2;0;67;33;48;2;53;60;74m▀[38;2;0;67;33;48;2;53;60;74m▀[38;2;53;60;74;48;2;53;60;74m▀[38;2;8;16;33;48;2;8;16;33m▀[38;2;8;16;33;48;2;8;16;33m▀[38;2;0;0;0;48;2;0;0;0m▀[0m [0m
[38;2;0;67;33;48;2;0;0;0m▀[38;2;0;67;33;48;2;0;0;0m▀[38;2;0;0;0m▀[38;2;0;0;0m▀[38;2;0;0;0;48;2;0;0;0m▀[38;2;16;16;16;48;2;16;16;16m▀[38;2;163;122;76;48;2;38;31;23m▀[38;2;163;122;76;48;2;163;122;76m▀[38;2;163;122;76;48;2;163;122;76m▀[38;2;163;122;76;48;2;163;122;76m▀[38;2;163;122;76;48;2;163;122;76m▀[38;2;163;122;76;48;2;163;122;76m▀[38;2;38;31;23;48;2;38;31;23m▀[38;2;163;122;76;48;2;163;122;76m▀[38;2;115;87;56;48;2;16;16;16m▀[38;2;16;16;16;48;2;30;34;42m▀[38;2;16;16;16;48;2;30;34;42m▀[38;2;30;34;42;48;2;30;34;42m▀[38;2;30;34;42;48;2;209;81;135m▀[38;2;16;16;16;48;2;30;34;42m▀[38;2;163;122;76;48;2;16;16;16m▀[38;2;163;122;76;48;2;163;122;76m▀[38;2;163;122;76;48;2;163;122;76m▀[38;2;163;122;76;48;2;163;122;76m▀[38;2;163;122;76;48;2;163;122;76m▀[38;2;115;87;56;48;2;16;16;16m▀[38;2;16;16;16;48;2;30;34;42m▀[38;2;30;34;42;48;2;209;81;135m▀[38;2;30;34;42;48;2;30;34;42m▀[38;2;30;34;42;48;2;30;34;42m▀[38;2;30;34;42;48;2;30;34;42m▀[38;2;16;16;16;48;2;30;34;42m▀[38;2;163;122;76;48;2;38;31;23m▀[38;2;163;122;76;48;2;163;122;76m▀[38;2;163;122;76;48;2;163;122;76m▀[38;2;163;122;76;48;2;163;122;76m▀[38;2;163;122;76;48;2;163;122;76m▀[38;2;163;122;76;48;2;163;122;76m▀[38;2;163;122;76;48;2;163;122;76m▀[38;2;163;122;76;48;2;163;122;76m▀[38;2;163;122;76;48;2;163;122;76m▀[38;2;163;122;76;48;2;163;122;76m▀[38;2;163;122;76;48;2;163;122;76m▀[38;2;163;122;76;48;2;38;31;23m▀[38;2;163;122;76;48;2;115;87;56m▀[38;2;115;87;56;48;2;115;87;56m▀[38;2;16;16;16;48;2;16;16;16m▀[38;2;53;60;74;48;2;53;60;74m▀[38;2;53;60;74;48;2;53;60;74m▀[38;2;53;60;74;48;2;53;60;74m▀[38;2;53;60;74;48;2;53;60;74m▀[38;2;53;60;74;48;2;53;60;74m▀[38;2;53;60;74;48;2;53;60;74m▀[38;2;53;60;74;48;2;53;60;74m▀[38;2;53;60;74;48;2;53;60;74m▀[38;2;8;16;33;48;2;8;16;33m▀[38;2;0;0;0;48;2;0;0;0m▀[0m
[0m [0m [0m [0m [38;2;0;0;0;48;2;0;0;0m▀[38;2;16;16;16;48;2;16;16;16m▀[38;2;38;31;23;48;2;115;87;56m▀[38;2;163;122;76;48;2;115;87;56m▀[38;2;163;122;76;48;2;38;31;23m▀[38;2;163;122;76;48;2;38;31;23m▀[38;2;163;122;76;48;2;38;31;23m▀[38;2;163;122;76;48;2;163;122;76m▀[38;2;38;31;23;48;2;115;87;56m▀[38;2;163;122;76;48;2;163;122;76m▀[38;2;16;16;16;48;2;16;16;16m▀[38;2;30;34;42;48;2;30;34;42m▀[38;2;30;34;42;48;2;30;34;42m▀[38;2;30;34;42;48;2;209;81;135m▀[38;2;209;81;135;48;2;222;109;157m▀[38;2;30;34;42;48;2;209;81;135m▀[38;2;16;16;16;48;2;16;16;16m▀[38;2;163;122;76;48;2;163;122;76m▀[38;2;163;122;76;48;2;163;122;76m▀[38;2;163;122;76;48;2;163;122;76m▀[38;2;163;122;76;48;2;163;122;76m▀[38;2;16;16;16;48;2;16;16;16m▀[38;2;30;34;42;48;2;209;81;135m▀[38;2;209;81;135;48;2;222;109;157m▀[38;2;30;34;42;48;2;209;81;135m▀[38;2;30;34;42;48;2;209;81;135m▀[38;2;30;34;42;48;2;30;34;42m▀[38;2;30;34;42;48;2;53;60;74m▀[38;2;38;31;23;48;2;16;16;16m▀[38;2;163;122;76;48;2;163;122;76m▀[38;2;163;122;76;48;2;163;122;76m▀[38;2;163;122;76;48;2;163;122;76m▀[38;2;163;122;76;48;2;163;122;76m▀[38;2;163;122;76;48;2;163;122;76m▀[38;2;163;122;76;48;2;115;87;56m▀[38;2;163;122;76;48;2;38;31;23m▀[38;2;163;122;76;48;2;38;31;23m▀[38;2;163;122;76;48;2;38;31;23m▀[38;2;163;122;76;48;2;115;87;56m▀[38;2;38;31;23;48;2;115;87;56m▀[38;2;115;87;56;48;2;115;87;56m▀[38;2;115;87;56;48;2;16;16;16m▀[38;2;16;16;16;48;2;53;60;74m▀[38;2;53;60;74;48;2;53;60;74m▀[38;2;53;60;74;48;2;53;60;74m▀[38;2;53;60;74;48;2;53;60;74m▀[38;2;53;60;74;48;2;53;60;74m▀[38;2;53;60;74;48;2;53;60;74m▀[38;2;53;60;74;48;2;53;60;74m▀[38;2;53;60;74;48;2;53;60;74m▀[38;2;53;60;74;48;2;53;60;74m▀[38;2;8;16;33;48;2;8;16;33m▀[38;2;0;0;0;48;2;0;0;0m▀[0m
[0m [0m [0m [0m [0m [38;2;0;0;0m▀[38;2;16;16;16;48;2;0;0;0m▀[38;2;115;87;56;48;2;16;16;16m▀[38;2;115;87;56;48;2;16;16;16m▀[38;2;115;87;56;48;2;115;87;56m▀[38;2;115;87;56;48;2;115;87;56m▀[38;2;115;87;56;48;2;115;87;56m▀[38;2;115;87;56;48;2;38;31;23m▀[38;2;163;122;76;48;2;163;122;76m▀[38;2;16;16;16;48;2;16;16;16m▀[38;2;53;60;74;48;2;53;60;74m▀[38;2;53;60;74;48;2;53;60;74m▀[38;2;222;109;157;48;2;209;81;135m▀[38;2;222;109;157;48;2;222;109;157m▀[38;2;209;81;135;48;2;209;81;135m▀[38;2;16;16;16;48;2;16;16;16m▀[38;2;163;122;76;48;2;163;122;76m▀[38;2;163;122;76;48;2;163;122;76m▀[38;2;163;122;76;48;2;163;122;76m▀[38;2;163;122;76;48;2;163;122;76m▀[38;2;16;16;16;48;2;16;16;16m▀[38;2;222;109;157;48;2;209;81;135m▀[38;2;222;109;157;48;2;222;109;157m▀[38;2;222;109;157;48;2;209;81;135m▀[38;2;222;109;157;48;2;209;81;135m▀[38;2;53;60;74;48;2;53;60;74m▀[38;2;53;60;74;48;2;53;60;74m▀[38;2;16;16;16;48;2;16;16;16m▀[38;2;163;122;76;48;2;163;122;76m▀[38;2;115;87;56;48;2;186;102;123m▀[38;2;115;87;56;48;2;186;102;123m▀[38;2;163;122;76;48;2;202;113;130m▀[38;2;115;87;56;48;2;115;87;56m▀[38;2;115;87;56;48;2;38;31;23m▀[38;2;115;87;56;48;2;16;16;16m▀[38;2;115;87;56;48;2;16;16;16m▀[38;2;115;87;56;48;2;16;16;16m▀[38;2;115;87;56;48;2;16;16;16m▀[38;2;16;16;16;48;2;53;60;74m▀[38;2;16;16;16;48;2;53;60;74m▀[38;2;53;60;74;48;2;53;60;74m▀[38;2;53;60;74;48;2;53;60;74m▀[38;2;53;60;74;48;2;53;60;74m▀[38;2;53;60;74;48;2;53;60;74m▀[38;2;53;60;74;48;2;53;60;74m▀[38;2;53;60;74;48;2;53;60;74m▀[38;2;53;60;74;48;2;53;60;74m▀[38;2;53;60;74;48;2;53;60;74m▀[38;2;53;60;74;48;2;53;60;74m▀[38;2;53;60;74;48;2;53;60;74m▀[38;2;53;60;74;48;2;53;60;74m▀[38;2;8;16;33;48;2;8;16;33m▀[0m
[0m [0m [0m [0m [0m [0m [0m [38;2;0;0;0m▀[38;2;0;0;0m▀[38;2;16;16;16;48;2;0;0;0m▀[38;2;16;16;16;48;2;0;0;0m▀[38;2;16;16;16;48;2;0;0;0m▀[38;2;38;31;23;48;2;38;31;23m▀[38;2;202;113;130;48;2;202;113;130m▀[38;2;16;16;16;48;2;186;102;123m▀[38;2;53;60;74;48;2;16;16;16m▀[38;2;53;60;74;48;2;16;16;16m▀[38;2;53;60;74;48;2;53;60;74m▀[38;2;209;81;135;48;2;53;60;74m▀[38;2;53;60;74;48;2;16;16;16m▀[38;2;16;16;16;48;2;163;122;76m▀[38;2;163;122;76;48;2;163;122;76m▀[38;2;163;122;76;48;2;163;122;76m▀[38;2;115;87;56;48;2;163;122;76m▀[38;2;163;122;76;48;2;163;122;76m▀[38;2;38;31;23;48;2;163;122;76m▀[38;2;53;60;74;48;2;38;31;23m▀[38;2;209;81;135;48;2;53;60;74m▀[38;2;53;60;74;48;2;53;60;74m▀[38;2;53;60;74;48;2;53;60;74m▀[38;2;53;60;74;48;2;53;60;74m▀[38;2;53;60;74;48;2;16;16;16m▀[38;2;16;16;16;48;2;163;122;76m▀[38;2;202;113;130;48;2;186;102;123m▀[38;2;186;102;123;48;2;202;113;130m▀[38;2;186;102;123;48;2;202;113;130m▀[38;2;202;113;130;48;2;202;113;130m▀[38;2;186;102;123;48;2;186;102;123m▀[38;2;16;16;16;48;2;16;16;16m▀[38;2;8;16;33;48;2;30;34;42m▀[38;2;30;34;42;48;2;30;34;42m▀[38;2;30;34;42;48;2;30;34;42m▀[38;2;53;60;74;48;2;30;34;42m▀[38;2;53;60;74;48;2;30;34;42m▀[38;2;53;60;74;48;2;53;60;74m▀[38;2;53;60;74;48;2;53;60;74m▀[38;2;53;60;74;48;2;53;60;74m▀[38;2;53;60;74;48;2;53;60;74m▀[38;2;53;60;74;48;2;53;60;74m▀[38;2;53;60;74;48;2;53;60;74m▀[38;2;53;60;74;48;2;53;60;74m▀[38;2;53;60;74;48;2;53;60;74m▀[38;2;53;60;74;48;2;53;60;74m▀[38;2;53;60;74;48;2;53;60;74m▀[38;2;53;60;74;48;2;53;60;74m▀[38;2;53;60;74;48;2;0;0;0m▀[38;2;8;16;33;48;2;0;0;0m▀[0m
[0m [0m [0m [0m [0m [0m [0m [0m [0m [0m [0m [38;2;0;0;0m▀[38;2;38;31;23;48;2;0;0;0m▀[38;2;202;113;130;48;2;38;31;23m▀[38;2;186;102;123;48;2;202;113;130m▀[38;2;16;16;16;48;2;115;87;56m▀[38;2;16;16;16;48;2;115;87;56m▀[38;2;53;60;74;48;2;16;16;16m▀[38;2;53;60;74;48;2;16;16;16m▀[38;2;16;16;16;48;2;163;122;76m▀[38;2;163;122;76;48;2;163;122;76m▀[38;2;163;122;76;48;2;115;87;56m▀[38;2;163;122;76;48;2;115;87;56m▀[38;2;163;122;76;48;2;53;60;74m▀[38;2;163;122;76;48;2;115;87;56m▀[38;2;163;122;76;48;2;163;122;76m▀[38;2;38;31;23;48;2;163;122;76m▀[38;2;53;60;74;48;2;16;16;16m▀[38;2;53;60;74;48;2;16;16;16m▀[38;2;53;60;74;48;2;16;16;16m▀[38;2;53;60;74;48;2;16;16;16m▀[38;2;16;16;16;48;2;163;122;76m▀[38;2;163;122;76;48;2;115;87;56m▀[38;2;186;102;123;48;2;163;122;76m▀[38;2;202;113;130;48;2;186;102;123m▀[38;2;202;113;130;48;2;186;102;123m▀[38;2;202;113;130;48;2;186;102;123m▀[38;2;186;102;123;48;2;115;87;56m▀[38;2;16;16;16;48;2;16;16;16m▀[38;2;30;34;42;48;2;30;34;42m▀[38;2;30;34;42;48;2;30;34;42m▀[38;2;30;34;42;48;2;30;34;42m▀[38;2;30;34;42;48;2;30;34;42m▀[38;2;30;34;42;48;2;30;34;42m▀[38;2;53;60;74;48;2;30;34;42m▀[38;2;53;60;74;48;2;30;34;42m▀[38;2;53;60;74;48;2;53;60;74m▀[38;2;53;60;74;48;2;53;60;74m▀[38;2;53;60;74;48;2;53;60;74m▀[38;2;53;60;74;48;2;53;60;74m▀[38;2;53;60;74;48;2;53;60;74m▀[38;2;53;60;74;48;2;53;60;74m▀[38;2;53;60;74;48;2;0;0;0m▀[38;2;53;60;74;48;2;0;0;0m▀[38;2;53;60;74;48;2;0;0;0m▀[38;2;0;0;0;48;2;0;0;0m▀[38;2;0;0;0m▀[0m
[0m [0m [0m [0m [0m [0m [0m [0m [0m [0m [0m [0m [38;2;0;0;0m▀[38;2;38;31;23;48;2;0;0;0m▀[38;2;163;122;76;48;2;16;16;16m▀[38;2;163;122;76;48;2;115;87;56m▀[38;2;163;122;76;48;2;115;87;56m▀[38;2;163;122;76;48;2;115;87;56m▀[38;2;163;122;76;48;2;115;87;56m▀[38;2;163;122;76;48;2;115;87;56m▀[38;2;163;122;76;48;2;115;87;56m▀[38;2;30;34;42;48;2;115;87;56m▀[38;2;30;34;42;48;2;115;87;56m▀[38;2;115;87;56;48;2;115;87;56m▀[38;2;30;34;42;48;2;115;87;56m▀[38;2;163;122;76;48;2;115;87;56m▀[38;2;163;122;76;48;2;115;87;56m▀[38;2;163;122;76;48;2;115;87;56m▀[38;2;163;122;76;48;2;115;87;56m▀[38;2;163;122;76;48;2;115;87;56m▀[38;2;163;122;76;48;2;115;87;56m▀[38;2;163;122;76;48;2;115;87;56m▀[38;2;163;122;76;48;2;115;87;56m▀[38;2;115;87;56;48;2;115;87;56m▀[38;2;115;87;56;48;2;16;16;16m▀[38;2;115;87;56;48;2;16;16;16m▀[38;2;115;87;56;48;2;16;16;16m▀[38;2;16;16;16;48;2;0;0;0m▀[38;2;30;34;42;48;2;1;7;20m▀[38;2;30;34;42;48;2;30;34;42m▀[38;2;30;34;42;48;2;30;34;42m▀[38;2;30;34;42;48;2;30;34;42m▀[38;2;30;34;42;48;2;30;34;42m▀[38;2;30;34;42;48;2;30;34;42m▀[38;2;30;34;42;48;2;30;34;42m▀[38;2;30;34;42;48;2;30;34;42m▀[38;2;30;34;42;48;2;30;34;42m▀[38;2;30;34;42;48;2;0;0;0m▀[38;2;30;34;42;48;2;0;0;0m▀[38;2;53;60;74;48;2;0;0;0m▀[38;2;0;0;0;48;2;0;0;0m▀[38;2;0;0;0;48;2;0;0;0m▀[38;2;0;0;0m▀[38;2;0;0;0m▀[38;2;0;0;0m▀[0m [0m [0m
[0m [0m [0m [0m [0m [0m [0m [0m [0m [0m [0m [0m [0m [38;2;0;0;0;48;2;0;0;0m▀[38;2;0;0;0;48;2;0;0;0m▀[38;2;16;16;16;48;2;53;60;74m▀[38;2;16;16;16;48;2;53;60;74m▀[38;2;16;16;16;48;2;53;60;74m▀[38;2;16;16;16;48;2;53;60;74m▀[38;2;115;87;56;48;2;16;16;16m▀[38;2;115;87;56;48;2;16;16;16m▀[38;2;115;87;56;48;2;16;16;16m▀[38;2;115;87;56;48;2;16;16;16m▀[38;2;115;87;56;48;2;16;16;16m▀[38;2;115;87;56;48;2;16;16;16m▀[38;2;115;87;56;48;2;16;16;16m▀[38;2;115;87;56;48;2;16;16;16m▀[38;2;115;87;56;48;2;16;16;16m▀[38;2;115;87;56;48;2;16;16;16m▀[38;2;115;87;56;48;2;16;16;16m▀[38;2;115;87;56;48;2;16;16;16m▀[38;2;16;16;16;48;2;30;34;42m▀[38;2;16;16;16;48;2;53;60;74m▀[38;2;16;16;16;48;2;53;60;74m▀[38;2;53;60;74;48;2;53;60;74m▀[38;2;53;60;74;48;2;53;60;74m▀[38;2;0;0;0;48;2;0;0;0m▀[38;2;0;0;0;48;2;0;0;0m▀[38;2;0;0;0m▀[38;2;1;7;20;48;2;0;0;0m▀[38;2;30;34;42;48;2;1;7;20m▀[38;2;30;34;42;48;2;1;7;20m▀[38;2;30;34;42;48;2;30;34;42m▀[38;2;30;34;42;48;2;30;34;42m▀[38;2;30;34;42;48;2;8;16;33m▀[38;2;0;0;0;48;2;0;0;0m▀[38;2;0;0;0;48;2;0;0;0m▀[38;2;0;0;0m▀[38;2;0;0;0m▀[38;2;0;0;0m▀[0m [0m [0m [0m [0m [0m [0m [0m
[0m [0m [0m [0m [0m [0m [0m [0m [0m [0m [0m [0m [0m [38;2;0;0;0;48;2;0;0;0m▀[38;2;0;0;0;48;2;0;0;0m▀[38;2;53;60;74;48;2;53;60;74m▀[38;2;53;60;74;48;2;53;60;74m▀[38;2;53;60;74;48;2;53;60;74m▀[38;2;53;60;74;48;2;53;60;74m▀[38;2;53;60;74;48;2;53;60;74m▀[38;2;53;60;74;48;2;53;60;74m▀[38;2;30;34;42;48;2;30;34;42m▀[38;2;30;34;42;48;2;30;34;42m▀[38;2;30;34;42;48;2;30;34;42m▀[38;2;30;34;42;48;2;30;34;42m▀[38;2;30;34;42;48;2;30;34;42m▀[38;2;30;34;42;48;2;30;34;42m▀[38;2;19;25;38;48;2;19;25;38m▀[38;2;30;34;42;48;2;30;34;42m▀[38;2;30;34;42;48;2;30;34;42m▀[38;2;53;60;74;48;2;53;60;74m▀[38;2;53;60;74;48;2;53;60;74m▀[38;2;53;60;74;48;2;53;60;74m▀[38;2;53;60;74;48;2;53;60;74m▀[38;2;53;60;74;48;2;53;60;74m▀[38;2;53;60;74;48;2;53;60;74m▀[38;2;0;0;0;48;2;0;0;0m▀[38;2;0;0;0;48;2;0;0;0m▀[0m [0m [38;2;0;0;0;48;2;0;0;0m▀[38;2;0;0;0;48;2;0;0;0m▀[38;2;1;7;20;48;2;1;7;20m▀[38;2;30;34;42;48;2;30;34;42m▀[38;2;30;34;42;48;2;30;34;42m▀[38;2;1;7;20;48;2;1;7;20m▀[38;2;0;0;0;48;2;0;0;0m▀[0m [0m [0m [0m [0m [0m [0m [0m [0m [0m [0m
[0m [0m [0m [0m [0m [0m [0m [0m [0m [0m [0m [0m [38;2;0;0;0m▄[38;2;0;0;0;48;2;0;0;0m▀[38;2;19;25;38;48;2;53;60;74m▀[38;2;53;60;74;48;2;53;60;74m▀[38;2;53;60;74;48;2;53;60;74m▀[38;2;53;60;74;48;2;53;60;74m▀[38;2;8;16;33;48;2;19;25;38m▀[38;2;53;60;74;48;2;53;60;74m▀[38;2;53;60;74;48;2;53;60;74m▀[38;2;53;60;74;48;2;53;60;74m▀[38;2;53;60;74;48;2;53;60;74m▀[38;2;53;60;74;48;2;53;60;74m▀[38;2;53;60;74;48;2;53;60;74m▀[38;2;53;60;74;48;2;53;60;74m▀[38;2;19;25;38;48;2;19;25;38m▀[38;2;53;60;74;48;2;53;60;74m▀[38;2;53;60;74;48;2;53;60;74m▀[38;2;53;60;74;48;2;53;60;74m▀[38;2;53;60;74;48;2;53;60;74m▀[38;2;53;60;74;48;2;53;60;74m▀[38;2;53;60;74;48;2;53;60;74m▀[38;2;53;60;74;48;2;53;60;74m▀[38;2;53;60;74;48;2;53;60;74m▀[38;2;53;60;74;48;2;53;60;74m▀[38;2;1;7;20;48;2;53;60;74m▀[38;2;0;0;0;48;2;0;0;0m▀[38;2;0;0;0m▄[38;2;0;0;0;48;2;0;0;0m▀[38;2;0;0;0;48;2;19;25;38m▀[38;2;0;0;0;48;2;19;25;38m▀[38;2;19;25;38;48;2;30;34;42m▀[38;2;30;34;42;48;2;30;34;42m▀[38;2;30;34;42;48;2;30;34;42m▀[38;2;1;7;20;48;2;30;34;42m▀[38;2;0;0;0;48;2;1;7;20m▀[38;2;0;0;0m▄[0m [0m [0m [0m [0m [0m [0m [0m [0m [0m
[0m [0m [0m [0m [0m [0m [0m [0m [0m [0m [0m [0m [38;2;0;0;0;48;2;0;0;0m▀[38;2;0;0;0;48;2;0;0;0m▀[38;2;53;60;74;48;2;19;25;38m▀[38;2;53;60;74;48;2;53;60;74m▀[38;2;53;60;74;48;2;53;60;74m▀[38;2;53;60;74;48;2;53;60;74m▀[38;2;53;60;74;48;2;53;60;74m▀[38;2;8;16;33;48;2;8;16;33m▀[38;2;53;60;74;48;2;53;60;74m▀[38;2;53;60;74;48;2;53;60;74m▀[38;2;53;60;74;48;2;53;60;74m▀[38;2;53;60;74;48;2;53;60;74m▀[38;2;53;60;74;48;2;53;60;74m▀[38;2;8;16;33;48;2;8;16;33m▀[38;2;53;60;74;48;2;53;60;74m▀[38;2;53;60;74;48;2;53;60;74m▀[38;2;53;60;74;48;2;53;60;74m▀[38;2;53;60;74;48;2;53;60;74m▀[38;2;53;60;74;48;2;53;60;74m▀[38;2;53;60;74;48;2;30;34;42m▀[38;2;30;34;42;48;2;19;25;38m▀[38;2;53;60;74;48;2;53;60;74m▀[38;2;53;60;74;48;2;53;60;74m▀[38;2;53;60;74;48;2;53;60;74m▀[38;2;53;60;74;48;2;30;34;42m▀[38;2;0;0;0;48;2;0;0;0m▀[38;2;1;7;20;48;2;19;25;38m▀[38;2;19;25;38;48;2;19;25;38m▀[38;2;19;25;38;48;2;19;25;38m▀[38;2;19;25;38;48;2;19;25;38m▀[38;2;19;25;38;48;2;19;25;38m▀[38;2;30;34;42;48;2;1;7;20m▀[38;2;19;25;38;48;2;1;7;20m▀[38;2;1;7;20;48;2;0;0;0m▀[38;2;0;0;0;48;2;0;0;0m▀[38;2;0;0;0m▀[0m [0m [0m [0m [0m [0m [0m [0m [0m [0m
[0m [0m [0m [0m [0m [0m [0m [0m [0m [0m [0m [0m [38;2;0;0;0;48;2;0;0;0m▀[38;2;0;0;0;48;2;0;0;0m▀[38;2;8;16;33;48;2;8;16;33m▀[38;2;53;60;74;48;2;53;60;74m▀[38;2;53;60;74;48;2;53;60;74m▀[38;2;53;60;74;48;2;53;60;74m▀[38;2;53;60;74;48;2;53;60;74m▀[38;2;19;25;38;48;2;19;25;38m▀[38;2;53;60;74;48;2;53;60;74m▀[38;2;53;60;74;48;2;53;60;74m▀[38;2;53;60;74;48;2;53;60;74m▀[38;2;53;60;74;48;2;53;60;74m▀[38;2;8;16;33;48;2;8;16;33m▀[38;2;53;60;74;48;2;53;60;74m▀[38;2;53;60;74;48;2;53;60;74m▀[38;2;53;60;74;48;2;53;60;74m▀[38;2;53;60;74;48;2;53;60;74m▀[38;2;53;60;74;48;2;53;60;74m▀[38;2;53;60;74;48;2;53;60;74m▀[38;2;8;16;33;48;2;8;16;33m▀[38;2;53;60;74;48;2;53;60;74m▀[38;2;53;60;74;48;2;53;60;74m▀[38;2;53;60;74;48;2;53;60;74m▀[38;2;53;60;74;48;2;53;60;74m▀[38;2;30;34;42;48;2;30;34;42m▀[38;2;0;0;0;48;2;0;0;0m▀[38;2;0;0;0;48;2;0;0;0m▀[38;2;19;25;38;48;2;19;25;38m▀[38;2;19;25;38;48;2;19;25;38m▀[38;2;19;25;38;48;2;19;25;38m▀[38;2;0;0;0;48;2;0;0;0m▀[38;2;0;0;0;48;2;0;0;0m▀[38;2;0;0;0m▀[0m [0m [0m [0m [0m [0m [0m [0m [0m [0m [0m [0m [0m
[0m [0m [0m [0m [0m [0m [0m [0m [0m [0m [0m [38;2;0;0;0m▄[38;2;0;0;0;48;2;0;0;0m▀[38;2;0;0;0;48;2;53;60;74m▀[38;2;8;16;33;48;2;53;60;74m▀[38;2;53;60;74;48;2;8;16;33m▀[38;2;53;60;74;48;2;8;16;33m▀[38;2;53;60;74;48;2;53;60;74m▀[38;2;53;60;74;48;2;19;25;38m▀[38;2;53;60;74;48;2;8;16;33m▀[38;2;8;16;33;48;2;53;60;74m▀[38;2;53;60;74;48;2;53;60;74m▀[38;2;53;60;74;48;2;53;60;74m▀[38;2;53;60;74;48;2;53;60;74m▀[38;2;0;0;0;48;2;53;60;74m▀[38;2;19;25;38;48;2;0;0;0m▀[38;2;53;60;74;48;2;53;60;74m▀[38;2;53;60;74;48;2;19;25;38m▀[38;2;53;60;74;48;2;8;16;33m▀[38;2;53;60;74;48;2;8;16;33m▀[38;2;8;16;33;48;2;53;60;74m▀[38;2;53;60;74;48;2;53;60;74m▀[38;2;53;60;74;48;2;53;60;74m▀[38;2;53;60;74;48;2;53;60;74m▀[38;2;30;34;42;48;2;30;34;42m▀[38;2;30;34;42;48;2;30;34;42m▀[38;2;30;34;42;48;2;30;34;42m▀[38;2;30;34;42;48;2;30;34;42m▀[38;2;0;0;0;48;2;0;0;0m▀[38;2;0;0;0;48;2;0;0;0m▀[38;2;8;16;33;48;2;0;0;0m▀[38;2;8;16;33;48;2;0;0;0m▀[38;2;8;16;33;48;2;8;16;33m▀[38;2;0;0;0;48;2;8;16;33m▀[38;2;0;0;0;48;2;0;0;0m▀[38;2;0;0;0m▄[0m [0m [0m [0m [0m [0m [0m [0m [0m [0m [0m [0m
[0m [0m [0m [0m [0m [0m [0m [0m [0m [0m [38;2;0;0;0m▄[38;2;0;0;0;48;2;0;0;0m▀[38;2;8;16;33;48;2;53;60;74m▀[38;2;53;60;74;48;2;53;60;74m▀[38;2;53;60;74;48;2;53;60;74m▀[38;2;53;60;74;48;2;53;60;74m▀[38;2;53;60;74;48;2;53;60;74m▀[38;2;8;16;33;48;2;53;60;74m▀[38;2;8;16;33;48;2;53;60;74m▀[38;2;53;60;74;48;2;53;60;74m▀[38;2;53;60;74;48;2;53;60;74m▀[38;2;53;60;74;48;2;53;60;74m▀[38;2;53;60;74;48;2;53;60;74m▀[38;2;53;60;74;48;2;53;60;74m▀[38;2;53;60;74;48;2;53;60;74m▀[38;2;53;60;74;48;2;53;60;74m▀[38;2;8;16;33;48;2;53;60;74m▀[38;2;8;16;33;48;2;53;60;74m▀[38;2;53;60;74;48;2;53;60;74m▀[38;2;53;60;74;48;2;53;60;74m▀[38;2;53;60;74;48;2;53;60;74m▀[38;2;53;60;74;48;2;53;60;74m▀[38;2;53;60;74;48;2;53;60;74m▀[38;2;30;34;42;48;2;30;34;42m▀[38;2;30;34;42;48;2;30;34;42m▀[38;2;30;34;42;48;2;30;34;42m▀[38;2;30;34;42;48;2;30;34;42m▀[38;2;30;34;42;48;2;30;34;42m▀[38;2;0;0;0;48;2;1;7;20m▀[38;2;0;0;0;48;2;1;7;20m▀[38;2;8;16;33;48;2;8;16;33m▀[38;2;8;16;33;48;2;8;16;33m▀[38;2;8;16;33;48;2;0;0;0m▀[38;2;8;16;33;48;2;0;0;0m▀[38;2;0;0;0;48;2;0;0;0m▀[38;2;0;0;0m▀[0m [0m [0m [0m [0m [0m [0m [0m [0m [0m [0m [0m
[0m [0m [0m [0m [0m [0m [0m [0m [0m [0m [38;2;0;0;0;48;2;0;0;0m▀[38;2;0;0;0;48;2;0;0;0m▀[38;2;53;60;74;48;2;53;60;74m▀[38;2;53;60;74;48;2;53;60;74m▀[38;2;53;60;74;48;2;53;60;74m▀[38;2;53;60;74;48;2;53;60;74m▀[38;2;53;60;74;48;2;53;60;74m▀[38;2;53;60;74;48;2;53;60;74m▀[38;2;53;60;74;48;2;53;60;74m▀[38;2;53;60;74;48;2;53;60;74m▀[38;2;53;60;74;48;2;53;60;74m▀[38;2;53;60;74;48;2;53;60;74m▀[38;2;53;60;74;48;2;53;60;74m▀[38;2;53;60;74;48;2;53;60;74m▀[38;2;53;60;74;48;2;53;60;74m▀[38;2;53;60;74;48;2;53;60;74m▀[38;2;53;60;74;48;2;53;60;74m▀[38;2;53;60;74;48;2;53;60;74m▀[38;2;53;60;74;48;2;53;60;74m▀[38;2;53;60;74;48;2;53;60;74m▀[38;2;53;60;74;48;2;53;60;74m▀[38;2;53;60;74;48;2;53;60;74m▀[38;2;30;34;42;48;2;30;34;42m▀[38;2;30;34;42;48;2;30;34;42m▀[38;2;30;34;42;48;2;30;34;42m▀[38;2;30;34;42;48;2;30;34;42m▀[38;2;30;34;42;48;2;30;34;42m▀[38;2;30;34;42;48;2;30;34;42m▀[38;2;30;34;42;48;2;30;34;42m▀[38;2;0;0;0;48;2;0;0;0m▀[38;2;0;0;0;48;2;0;0;0m▀[38;2;0;0;0;48;2;0;0;0m▀[38;2;0;0;0;48;2;0;0;0m▀[38;2;0;0;0m▀[0m [0m [0m [0m [0m [0m [0m [0m [0m [0m [0m [0m [0m [0m
[0m [0m [0m [0m [0m [0m [0m [0m [0m [0m [38;2;0;0;0m▀[38;2;0;0;0;48;2;0;0;0m▀[38;2;53;60;74;48;2;8;16;33m▀[38;2;53;60;74;48;2;53;60;74m▀[38;2;53;60;74;48;2;53;60;74m▀[38;2;53;60;74;48;2;53;60;74m▀[38;2;53;60;74;48;2;53;60;74m▀[38;2;53;60;74;48;2;53;60;74m▀[38;2;53;60;74;48;2;53;60;74m▀[38;2;53;60;74;48;2;53;60;74m▀[38;2;53;60;74;48;2;53;60;74m▀[38;2;53;60;74;48;2;53;60;74m▀[38;2;53;60;74;48;2;53;60;74m▀[38;2;53;60;74;48;2;53;60;74m▀[38;2;53;60;74;48;2;53;60;74m▀[38;2;53;60;74;48;2;53;60;74m▀[38;2;53;60;74;48;2;53;60;74m▀[38;2;53;60;74;48;2;53;60;74m▀[38;2;53;60;74;48;2;30;34;42m▀[38;2;53;60;74;48;2;30;34;42m▀[38;2;53;60;74;48;2;30;34;42m▀[38;2;30;34;42;48;2;30;34;42m▀[38;2;30;34;42;48;2;30;34;42m▀[38;2;30;34;42;48;2;30;34;42m▀[38;2;30;34;42;48;2;30;34;42m▀[38;2;30;34;42;48;2;30;34;42m▀[38;2;30;34;42;48;2;30;34;42m▀[38;2;30;34;42;48;2;30;34;42m▀[38;2;30;34;42;48;2;1;7;20m▀[38;2;0;0;0;48;2;0;0;0m▀[38;2;0;0;0m▀[38;2;0;0;0m▀[0m [0m [0m [0m [0m [0m [0m [0m [0m [0m [0m [0m [0m [0m [0m [0m
[0m [0m [0m [0m [0m [0m [0m [0m [0m [0m [0m [38;2;0;0;0m▀[38;2;0;0;0;48;2;0;0;0m▀[38;2;30;34;42;48;2;16;16;16m▀[38;2;53;60;74;48;2;30;34;42m▀[38;2;53;60;74;48;2;53;60;74m▀[38;2;53;60;74;48;2;53;60;74m▀[38;2;53;60;74;48;2;53;60;74m▀[38;2;53;60;74;48;2;53;60;74m▀[38;2;53;60;74;48;2;53;60;74m▀[38;2;53;60;74;48;2;53;60;74m▀[38;2;53;60;74;48;2;53;60;74m▀[38;2;53;60;74;48;2;53;60;74m▀[38;2;53;60;74;48;2;53;60;74m▀[38;2;53;60;74;48;2;53;60;74m▀[38;2;53;60;74;48;2;53;60;74m▀[38;2;53;60;74;48;2;53;60;74m▀[38;2;30;34;42;48;2;30;34;42m▀[38;2;30;34;42;48;2;30;34;42m▀[38;2;30;34;42;48;2;30;34;42m▀[38;2;30;34;42;48;2;30;34;42m▀[38;2;30;34;42;48;2;1;7;20m▀[38;2;30;34;42;48;2;30;34;42m▀[38;2;30;34;42;48;2;30;34;42m▀[38;2;30;34;42;48;2;30;34;42m▀[38;2;30;34;42;48;2;30;34;42m▀[38;2;30;34;42;48;2;19;25;38m▀[38;2;19;25;38;48;2;0;0;0m▀[38;2;0;0;0;48;2;0;0;0m▀[38;2;0;0;0m▀[0m [0m [0m [0m [0m [0m [0m [0m [0m [0m [0m [0m [0m [0m [0m [0m [0m [0m
[0m [0m [0m [0m [0m [0m [0m [0m [0m [0m [0m [0m [0m [38;2;0;0;0m▀[38;2;0;0;0;48;2;0;0;0m▀[38;2;19;25;38;48;2;0;0;0m▀[38;2;19;25;38;48;2;0;0;0m▀[38;2;30;34;42;48;2;8;16;33m▀[38;2;53;60;74;48;2;19;25;38m▀[38;2;53;60;74;48;2;30;34;42m▀[38;2;53;60;74;48;2;30;34;42m▀[38;2;53;60;74;48;2;53;60;74m▀[38;2;53;60;74;48;2;53;60;74m▀[38;2;53;60;74;48;2;53;60;74m▀[38;2;53;60;74;48;2;53;60;74m▀[38;2;53;60;74;48;2;53;60;74m▀[38;2;53;60;74;48;2;53;60;74m▀[38;2;53;60;74;48;2;53;60;74m▀[38;2;30;34;42;48;2;53;60;74m▀[38;2;30;34;42;48;2;53;60;74m▀[38;2;30;34;42;48;2;30;34;42m▀[38;2;19;25;38;48;2;30;34;42m▀[38;2;0;0;0;48;2;19;25;38m▀[38;2;0;0;0;48;2;0;0;0m▀[38;2;0;0;0;48;2;0;0;0m▀[38;2;0;0;0;48;2;0;0;0m▀[38;2;0;0;0;48;2;0;0;0m▀[38;2;0;0;0m▀[0m [0m [0m [0m [0m [0m [0m [0m [0m [0m [0m [0m [0m [0m [0m [0m [0m [0m [0m [0m
[0m [0m [0m [0m [0m [0m [0m [0m [0m [0m [0m [0m [0m [0m [0m [0m [38;2;0;0;0m▀[38;2;8;16;33;48;2;0;0;0m▀[38;2;19;25;38;48;2;0;0;0m▀[38;2;30;34;42;48;2;19;25;38m▀[38;2;30;34;42;48;2;16;16;16m▀[38;2;53;60;74;48;2;30;34;42m▀[38;2;53;60;74;48;2;30;34;42m▀[38;2;53;60;74;48;2;30;34;42m▀[38;2;53;60;74;48;2;30;34;42m▀[38;2;53;60;74;48;2;30;34;42m▀[38;2;53;60;74;48;2;53;60;74m▀[38;2;53;60;74;48;2;53;60;74m▀[38;2;53;60;74;48;2;53;60;74m▀[38;2;53;60;74;48;2;53;60;74m▀[38;2;30;34;42;48;2;53;60;74m▀[38;2;30;34;42;48;2;30;34;42m▀[38;2;19;25;38;48;2;19;25;38m▀[38;2;0;0;0;48;2;0;0;0m▀[0m [0m [0m [0m [0m [0m [0m [0m [0m [0m [0m [0m [0m [0m [0m [0m [0m [0m [0m [0m [0m [0m [0m [0m
[0m [0m [0m [0m [0m [0m [0m [0m [0m [0m [0m [0m [0m [0m [0m [0m [0m [0m [0m [38;2;0;0;0m▀[38;2;0;0;0m▀[38;2;19;25;38;48;2;0;0;0m▀[38;2;19;25;38;48;2;0;0;0m▀[38;2;19;25;38;48;2;0;0;0m▀[38;2;16;16;16;48;2;0;0;0m▀[38;2;16;16;16;48;2;0;0;0m▀[38;2;16;16;16;48;2;0;0;0m▀[38;2;30;34;42;48;2;16;16;16m▀[38;2;53;60;74;48;2;30;34;42m▀[38;2;53;60;74;48;2;30;34;42m▀[38;2;53;60;74;48;2;30;34;42m▀[38;2;30;34;42;48;2;16;16;16m▀[38;2;16;16;16;48;2;0;0;0m▀[38;2;0;0;0m▀[0m [0m [0m [0m [0m [0m [0m [0m [0m [0m [0m [0m [0m [0m [0m [0m [0m [0m [0m [0m [0m [0m [0m [0m
[0m [0m [0m [0m [0m [0m [0m [0m [0m [0m [0m [0m [0m [0m [0m [0m [0m [0m [0m [0m [0m [0m [0m [0m [38;2;0;0;0m▄[38;2;0;0;0;48;2;16;16;16m▀[38;2;16;16;16;48;2;30;34;42m▀[38;2;30;34;42;48;2;16;16;16m▀[38;2;19;25;38;48;2;19;25;38m▀[38;2;19;25;38;48;2;19;25;38m▀[38;2;16;16;16;48;2;0;0;0m▀[38;2;0;0;0m▀[0m [0m [0m [0m [0m [0m [0m [0m [0m [0m [0m [0m [0m [0m [0m [0m [0m [0m [0m [0m [0m [0m [0m [0m [0m [0m
[0m [0m [0m [0m [0m [0m [0m [0m [0m [0m [0m [0m [0m [0m [0m [0m [0m [0m [0m [0m [0m [0m [0m [0m [38;2;0;0;0;48;2;0;0;0m▀[38;2;16;16;16;48;2;16;16;16m▀[38;2;30;34;42;48;2;19;25;38m▀[38;2;16;16;16;48;2;0;0;0m▀[38;2;19;25;38;48;2;0;0;0m▀[38;2;19;25;38;48;2;0;0;0m▀[38;2;0;0;0m▀[0m [0m [0m [0m [0m [0m [0m [0m [0m [0m [0m [0m [0m [0m [0m [0m [0m [0m [0m [0m [0m [0m [0m [0m [0m [0m [0m
