[0m [0m [0m [0m [0m [0m [0m [38;2;0;0;0m▄[38;2;0;0;0;48;2;0;0;0m▀[38;2;0;0;0;48;2;0;0;0m▀[38;2;0;0;0;48;2;40;40;40m▀[38;2;0;0;0;48;2;0;0;0m▀[38;2;0;0;0m▄[0m [0m [0m [0m [0m [0m [0m [0m [0m [0m [0m [0m [0m [0m [0m [0m [0m [0m [0m [0m [0m [0m [0m [0m [0m [0m [0m [0m [0m [0m [0m [0m [0m [0m [0m [0m
[0m [0m [0m [0m [0m [0m [0m [38;2;0;0;0;48;2;0;0;0m▀[38;2;0;0;0;48;2;0;0;0m▀[38;2;0;0;0;48;2;0;0;0m▀[38;2;40;40;40;48;2;40;40;40m▀[38;2;0;0;0;48;2;0;0;0m▀[38;2;0;0;0;48;2;0;0;0m▀[0m [0m [0m [0m [0m [0m [0m [0m [0m [0m [0m [0m [0m [0m [0m [0m [0m [0m [0m [0m [0m [0m [0m [0m [0m [0m [0m [0m [0m [0m [0m [0m [0m [0m [0m [0m
[0m [0m [0m [0m [0m [0m [38;2;0;0;0m▄[38;2;0;0;0;48;2;0;0;0m▀[38;2;0;0;0;48;2;40;40;40m▀[38;2;0;0;0;48;2;40;40;40m▀[38;2;40;40;40;48;2;40;40;40m▀[38;2;40;40;40;48;2;40;40;40m▀[38;2;0;0;0;48;2;0;0;0m▀[38;2;0;0;0;48;2;0;0;0m▀[0m [0m [0m [0m [0m [0m [0m [0m [0m [0m [0m [0m [0m [0m [0m [0m [0m [0m [0m [0m [0m [0m [0m [0m [0m [0m [0m [0m [0m [0m [0m [0m [0m [0m [0m
[0m [0m [0m [0m [0m [0m [38;2;0;0;0;48;2;0;0;0m▀[38;2;0;0;0;48;2;0;0;0m▀[38;2;40;40;40;48;2;80;80;88m▀[38;2;40;40;40;48;2;80;80;88m▀[38;2;80;80;88;48;2;90;156;164m▀[38;2;90;156;164;48;2;90;156;164m▀[38;2;0;0;0;48;2;90;156;164m▀[38;2;0;0;0;48;2;0;0;0m▀[38;2;0;0;0m▄[0m [0m [0m [0m [0m [0m [0m [0m [0m [0m [0m [0m [0m [0m [0m [0m [0m [38;2;0;0;0m▄[38;2;0;0;0m▄[38;2;0;0;0m▄[38;2;0;0;0m▄[38;2;0;0;0;48;2;0;0;0m▀[38;2;0;0;0;48;2;0;0;0m▀[38;2;0;0;0;48;2;0;0;0m▀[38;2;0;0;0;48;2;0;0;0m▀[38;2;0;0;0;48;2;0;0;0m▀[38;2;0;0;0;48;2;0;0;0m▀[38;2;0;0;0m▄[0m [0m [0m [0m [0m [0m
[0m [0m [0m [0m [0m [0m [38;2;0;0;0;48;2;0;0;0m▀[38;2;0;0;0;48;2;0;0;0m▀[38;2;90;156;164;48;2;90;156;164m▀[38;2;90;156;164;48;2;90;156;164m▀[38;2;90;156;164;48;2;90;156;164m▀[38;2;90;156;164;48;2;90;156;164m▀[38;2;90;156;164;48;2;90;156;164m▀[38;2;0;0;0;48;2;0;0;0m▀[38;2;0;0;0;48;2;0;0;0m▀[0m [0m [0m [0m [0m [0m [0m [0m [0m [0m [0m [0m [0m [0m [0m [38;2;0;0;0m▄[38;2;0;0;0;48;2;0;0;0m▀[38;2;40;40;40;48;2;40;40;40m▀[38;2;40;40;40;48;2;40;40;40m▀[38;2;40;40;40;48;2;40;40;40m▀[38;2;0;0;0;48;2;0;0;0m▀[38;2;80;80;88;48;2;80;80;88m▀[38;2;80;80;88;48;2;80;80;88m▀[38;2;80;80;88;48;2;80;80;88m▀[38;2;80;80;88;48;2;80;80;88m▀[38;2;40;40;40;48;2;40;40;40m▀[38;2;0;0;0;48;2;0;0;0m▀[38;2;0;0;0;48;2;0;0;0m▀[0m [0m [0m [0m [0m [0m
[0m [0m [0m [0m [0m [0m [38;2;0;0;0;48;2;0;0;0m▀[38;2;41;115;131;48;2;41;115;131m▀[38;2;90;156;164;48;2;90;156;164m▀[38;2;90;156;164;48;2;90;156;164m▀[38;2;90;156;164;48;2;90;156;164m▀[38;2;90;156;164;48;2;90;156;164m▀[38;2;90;156;164;48;2;90;156;164m▀[38;2;0;0;0;48;2;0;0;0m▀[38;2;0;0;0;48;2;0;0;0m▀[0m [0m [0m [0m [0m [0m [0m [0m [0m [0m [38;2;0;0;0m▄[38;2;0;0;0m▄[38;2;0;0;0m▄[38;2;0;0;0;48;2;41;115;131m▀[38;2;0;0;0;48;2;41;115;131m▀[38;2;40;40;40;48;2;139;197;205m▀[38;2;40;40;40;48;2;139;197;205m▀[38;2;80;80;88;48;2;80;80;88m▀[38;2;80;80;88;48;2;80;80;88m▀[38;2;80;80;88;48;2;80;80;88m▀[38;2;80;80;88;48;2;40;40;40m▀[38;2;80;80;88;48;2;40;40;40m▀[38;2;40;40;40;48;2;40;40;40m▀[38;2;40;40;40;48;2;40;40;40m▀[38;2;40;40;40;48;2;40;40;40m▀[38;2;0;0;0;48;2;0;0;0m▀[38;2;0;0;0;48;2;0;0;0m▀[0m [0m [0m [0m [0m [0m [0m
[0m [0m [0m [0m [0m [0m [38;2;0;0;0;48;2;0;0;0m▀[38;2;41;115;131;48;2;41;115;131m▀[38;2;90;156;164;48;2;90;156;164m▀[38;2;90;156;164;48;2;90;156;164m▀[38;2;90;156;164;48;2;90;156;164m▀[38;2;90;156;164;48;2;90;156;164m▀[38;2;90;156;164;48;2;90;156;164m▀[38;2;0;0;0;48;2;41;115;131m▀[38;2;0;0;0;48;2;41;115;131m▀[38;2;0;0;0;48;2;41;115;131m▀[38;2;0;0;0;48;2;41;115;131m▀[38;2;0;0;0;48;2;41;115;131m▀[38;2;0;0;0;48;2;0;0;0m▀[38;2;0;0;0;48;2;0;0;0m▀[38;2;0;0;0;48;2;0;0;0m▀[38;2;0;0;0;48;2;0;0;0m▀[38;2;0;0;0;48;2;0;0;0m▀[38;2;0;0;0m▄[38;2;0;0;0;48;2;41;115;131m▀[38;2;41;115;131;48;2;90;156;164m▀[38;2;41;115;131;48;2;139;197;205m▀[38;2;41;115;131;48;2;139;197;205m▀[38;2;139;197;205;48;2;139;197;205m▀[38;2;139;197;205;48;2;139;197;205m▀[38;2;139;197;205;48;2;139;197;205m▀[38;2;139;197;205;48;2;139;197;205m▀[38;2;139;197;205;48;2;139;197;205m▀[38;2;139;197;205;48;2;139;197;205m▀[38;2;40;40;40;48;2;40;40;40m▀[38;2;40;40;40;48;2;40;40;40m▀[38;2;40;40;40;48;2;40;40;40m▀[38;2;40;40;40;48;2;0;0;0m▀[38;2;0;0;0;48;2;0;0;0m▀[38;2;0;0;0;48;2;0;0;0m▀[38;2;0;0;0m▀[0m [0m [0m [0m [0m [0m [0m [0m
[0m [0m [0m [0m [0m [0m [0m [38;2;0;0;0;48;2;0;0;0m▀[38;2;41;115;131;48;2;41;115;131m▀[38;2;41;115;131;48;2;41;115;131m▀[38;2;90;156;164;48;2;90;156;164m▀[38;2;41;115;131;48;2;41;115;131m▀[38;2;41;115;131;48;2;41;115;131m▀[38;2;90;156;164;48;2;90;156;164m▀[38;2;180;230;238;48;2;180;230;238m▀[38;2;180;230;238;48;2;180;230;238m▀[38;2;180;230;238;48;2;180;230;238m▀[38;2;180;230;238;48;2;180;230;238m▀[38;2;139;197;205;48;2;139;197;205m▀[38;2;139;197;205;48;2;139;197;205m▀[38;2;139;197;205;48;2;139;197;205m▀[38;2;139;197;205;48;2;139;197;205m▀[38;2;139;197;205;48;2;139;197;205m▀[38;2;0;0;0;48;2;0;0;0m▀[38;2;139;197;205;48;2;139;197;205m▀[38;2;139;197;205;48;2;139;197;205m▀[38;2;139;197;205;48;2;139;197;205m▀[38;2;139;197;205;48;2;139;197;205m▀[38;2;139;197;205;48;2;139;197;205m▀[38;2;139;197;205;48;2;139;197;205m▀[38;2;139;197;205;48;2;139;197;205m▀[38;2;139;197;205;48;2;139;197;205m▀[38;2;90;156;164;48;2;90;156;164m▀[38;2;90;156;164;48;2;90;156;164m▀[38;2;40;40;40;48;2;40;40;40m▀[38;2;0;0;0;48;2;0;0;0m▀[38;2;0;0;0;48;2;0;0;0m▀[38;2;0;0;0;48;2;0;0;0m▀[0m [0m [0m [0m [0m [0m [0m [0m [0m [0m [0m
[0m [0m [0m [0m [0m [0m [0m [38;2;0;0;0m▄[38;2;0;0;0;48;2;41;115;131m▀[38;2;0;0;0;48;2;41;115;131m▀[38;2;41;115;131;48;2;90;156;164m▀[38;2;90;156;164;48;2;139;197;205m▀[38;2;139;197;205;48;2;180;230;238m▀[38;2;180;230;238;48;2;180;230;238m▀[38;2;180;230;238;48;2;180;230;238m▀[38;2;180;230;238;48;2;180;230;238m▀[38;2;180;230;238;48;2;180;230;238m▀[38;2;180;230;238;48;2;180;230;238m▀[38;2;180;230;238;48;2;180;230;238m▀[38;2;139;197;205;48;2;90;156;164m▀[38;2;90;156;164;48;2;0;0;0m▀[38;2;90;156;164;48;2;0;0;0m▀[38;2;90;156;164;48;2;208;200;200m▀[38;2;90;156;164;48;2;208;200;200m▀[38;2;139;197;205;48;2;90;156;164m▀[38;2;139;197;205;48;2;139;197;205m▀[38;2;139;197;205;48;2;90;156;164m▀[38;2;139;197;205;48;2;90;156;164m▀[38;2;139;197;205;48;2;90;156;164m▀[38;2;139;197;205;48;2;0;0;0m▀[38;2;90;156;164;48;2;0;0;0m▀[38;2;0;0;0;48;2;0;0;0m▀[38;2;0;0;0;48;2;0;0;0m▀[38;2;0;0;0;48;2;0;0;0m▀[38;2;0;0;0;48;2;0;0;0m▀[38;2;0;0;0m▀[38;2;0;0;0m▀[0m [0m [0m [0m [0m [0m [0m [0m [0m [0m [0m [0m
[0m [0m [0m [0m [0m [0m [38;2;0;0;0;48;2;0;0;0m▀[38;2;41;115;131;48;2;41;115;131m▀[38;2;139;197;205;48;2;208;200;200m▀[38;2;139;197;205;48;2;208;200;200m▀[38;2;139;197;205;48;2;128;40;0m▀[38;2;139;197;205;48;2;139;197;205m▀[38;2;139;197;205;48;2;139;197;205m▀[38;2;180;230;238;48;2;139;197;205m▀[38;2;180;230;238;48;2;139;197;205m▀[38;2;180;230;238;48;2;139;197;205m▀[38;2;180;230;238;48;2;139;197;205m▀[38;2;180;230;238;48;2;139;197;205m▀[38;2;139;197;205;48;2;139;197;205m▀[38;2;0;0;0;48;2;0;0;0m▀[38;2;0;0;0;48;2;0;0;0m▀[38;2;0;0;0;48;2;0;0;0m▀[38;2;0;0;0;48;2;128;40;0m▀[38;2;208;200;200;48;2;248;248;248m▀[38;2;41;115;131;48;2;41;115;131m▀[38;2;139;197;205;48;2;139;197;205m▀[38;2;139;197;205;48;2;139;197;205m▀[38;2;139;197;205;48;2;139;197;205m▀[38;2;0;0;0;48;2;0;0;0m▀[38;2;0;0;0;48;2;0;0;0m▀[38;2;0;0;0m▀[0m [0m [0m [0m [0m [0m [0m [0m [0m [0m [0m [0m [0m [0m [0m [0m [0m [0m
[0m [0m [0m [0m [0m [38;2;0;0;0;48;2;0;0;0m▀[38;2;41;115;131;48;2;41;115;131m▀[38;2;90;156;164;48;2;90;156;164m▀[38;2;208;200;200;48;2;208;200;200m▀[38;2;208;200;200;48;2;208;200;200m▀[38;2;248;248;248;48;2;248;248;248m▀[38;2;90;156;164;48;2;90;156;164m▀[38;2;139;197;205;48;2;139;197;205m▀[38;2;139;197;205;48;2;139;197;205m▀[38;2;139;197;205;48;2;139;197;205m▀[38;2;139;197;205;48;2;139;197;205m▀[38;2;139;197;205;48;2;139;197;205m▀[38;2;139;197;205;48;2;139;197;205m▀[38;2;139;197;205;48;2;139;197;205m▀[38;2;248;248;248;48;2;248;248;248m▀[38;2;0;0;0;48;2;0;0;0m▀[38;2;0;0;0;48;2;0;0;0m▀[38;2;128;40;0;48;2;128;40;0m▀[38;2;248;248;248;48;2;248;248;248m▀[38;2;41;115;131;48;2;41;115;131m▀[38;2;139;197;205;48;2;139;197;205m▀[38;2;139;197;205;48;2;139;197;205m▀[38;2;139;197;205;48;2;139;197;205m▀[38;2;139;197;205;48;2;139;197;205m▀[38;2;0;0;0;48;2;0;0;0m▀[38;2;0;0;0;48;2;0;0;0m▀[0m [0m [0m [0m [0m [0m [0m [0m [0m [0m [0m [0m [0m [0m [0m [0m [0m [0m
[0m [0m [0m [0m [0m [38;2;0;0;0;48;2;0;0;0m▀[38;2;41;115;131;48;2;41;115;131m▀[38;2;90;156;164;48;2;90;156;164m▀[38;2;248;248;248;48;2;248;248;248m▀[38;2;248;248;248;48;2;248;248;248m▀[38;2;128;40;0;48;2;0;0;0m▀[38;2;90;156;164;48;2;139;197;205m▀[38;2;139;197;205;48;2;139;197;205m▀[38;2;139;197;205;48;2;90;156;164m▀[38;2;139;197;205;48;2;139;197;205m▀[38;2;139;197;205;48;2;139;197;205m▀[38;2;139;197;205;48;2;90;156;164m▀[38;2;139;197;205;48;2;139;197;205m▀[38;2;139;197;205;48;2;139;197;205m▀[38;2;128;40;0;48;2;139;197;205m▀[38;2;0;0;0;48;2;139;197;205m▀[38;2;0;0;0;48;2;139;197;205m▀[38;2;128;40;0;48;2;139;197;205m▀[38;2;248;248;248;48;2;139;197;205m▀[38;2;139;197;205;48;2;90;156;164m▀[38;2;139;197;205;48;2;205;123;41m▀[38;2;139;197;205;48;2;205;123;41m▀[38;2;139;197;205;48;2;205;123;41m▀[38;2;139;197;205;48;2;90;156;164m▀[38;2;0;0;0;48;2;90;156;164m▀[38;2;0;0;0;48;2;0;0;0m▀[38;2;0;0;0m▄[38;2;0;0;0m▄[38;2;0;0;0m▄[0m [38;2;0;0;0m▄[0m [0m [0m [0m [0m [0m [0m [0m [0m [0m [0m [0m [0m
[0m [0m [0m [0m [38;2;0;0;0;48;2;0;0;0m▀[38;2;41;115;131;48;2;41;115;131m▀[38;2;139;197;205;48;2;205;123;41m▀[38;2;139;197;205;48;2;139;197;205m▀[38;2;139;197;205;48;2;139;197;205m▀[38;2;139;197;205;48;2;139;197;205m▀[38;2;139;197;205;48;2;139;197;205m▀[38;2;139;197;205;48;2;139;197;205m▀[38;2;139;197;205;48;2;139;197;205m▀[38;2;139;197;205;48;2;90;156;164m▀[38;2;139;197;205;48;2;90;156;164m▀[38;2;139;197;205;48;2;90;156;164m▀[38;2;139;197;205;48;2;90;156;164m▀[38;2;139;197;205;48;2;90;156;164m▀[38;2;139;197;205;48;2;90;156;164m▀[38;2;139;197;205;48;2;90;156;164m▀[38;2;139;197;205;48;2;90;156;164m▀[38;2;139;197;205;48;2;90;156;164m▀[38;2;139;197;205;48;2;41;115;131m▀[38;2;90;156;164;48;2;90;156;164m▀[38;2;205;123;41;48;2;205;123;41m▀[38;2;205;123;41;48;2;205;123;41m▀[38;2;205;123;41;48;2;128;40;0m▀[38;2;205;123;41;48;2;128;40;0m▀[38;2;128;40;0;48;2;128;40;0m▀[38;2;90;156;164;48;2;90;156;164m▀[38;2;0;0;0;48;2;0;0;0m▀[38;2;41;115;131;48;2;41;115;131m▀[38;2;0;0;0;48;2;139;197;205m▀[38;2;0;0;0;48;2;139;197;205m▀[38;2;0;0;0;48;2;0;0;0m▀[38;2;41;115;131;48;2;139;197;205m▀[38;2;0;0;0;48;2;41;115;131m▀[38;2;0;0;0;48;2;0;0;0m▀[38;2;0;0;0m▄[0m [0m [0m [0m [0m [0m [0m [0m [0m [0m
[0m [0m [0m [0m [38;2;0;0;0;48;2;0;0;0m▀[38;2;41;115;131;48;2;41;115;131m▀[38;2;205;123;41;48;2;205;123;41m▀[38;2;90;156;164;48;2;90;156;164m▀[38;2;90;156;164;48;2;90;156;164m▀[38;2;90;156;164;48;2;90;156;164m▀[38;2;139;197;205;48;2;139;197;205m▀[38;2;90;156;164;48;2;90;156;164m▀[38;2;90;156;164;48;2;90;156;164m▀[38;2;41;115;131;48;2;41;115;131m▀[38;2;41;115;131;48;2;41;115;131m▀[38;2;41;115;131;48;2;41;115;131m▀[38;2;41;115;131;48;2;41;115;131m▀[38;2;41;115;131;48;2;41;115;131m▀[38;2;41;115;131;48;2;41;115;131m▀[38;2;41;115;131;48;2;41;115;131m▀[38;2;128;40;0;48;2;128;40;0m▀[38;2;128;40;0;48;2;128;40;0m▀[38;2;128;40;0;48;2;128;40;0m▀[38;2;90;156;164;48;2;90;156;164m▀[38;2;128;40;0;48;2;128;40;0m▀[38;2;128;40;0;48;2;128;40;0m▀[38;2;128;40;0;48;2;128;40;0m▀[38;2;128;40;0;48;2;128;40;0m▀[38;2;128;40;0;48;2;128;40;0m▀[38;2;90;156;164;48;2;90;156;164m▀[38;2;0;0;0;48;2;0;0;0m▀[38;2;90;156;164;48;2;90;156;164m▀[38;2;139;197;205;48;2;139;197;205m▀[38;2;139;197;205;48;2;139;197;205m▀[38;2;139;197;205;48;2;139;197;205m▀[38;2;139;197;205;48;2;139;197;205m▀[38;2;139;197;205;48;2;139;197;205m▀[38;2;0;0;0;48;2;0;0;0m▀[38;2;0;0;0;48;2;0;0;0m▀[0m [0m [0m [0m [0m [0m [0m [0m [0m [0m
[0m [0m [0m [0m [38;2;0;0;0m▀[38;2;41;115;131;48;2;0;0;0m▀[38;2;128;40;0;48;2;41;115;131m▀[38;2;90;156;164;48;2;90;156;164m▀[38;2;90;156;164;48;2;90;156;164m▀[38;2;90;156;164;48;2;90;156;164m▀[38;2;90;156;164;48;2;90;156;164m▀[38;2;0;0;0;48;2;90;156;164m▀[38;2;0;0;0;48;2;90;156;164m▀[38;2;128;40;0;48;2;128;40;0m▀[38;2;205;123;41;48;2;128;40;0m▀[38;2;205;123;41;48;2;128;40;0m▀[38;2;205;123;41;48;2;128;40;0m▀[38;2;205;123;41;48;2;128;40;0m▀[38;2;205;123;41;48;2;128;40;0m▀[38;2;128;40;0;48;2;90;156;164m▀[38;2;128;40;0;48;2;90;156;164m▀[38;2;128;40;0;48;2;90;156;164m▀[38;2;90;156;164;48;2;90;156;164m▀[38;2;90;156;164;48;2;90;156;164m▀[38;2;90;156;164;48;2;90;156;164m▀[38;2;128;40;0;48;2;90;156;164m▀[38;2;128;40;0;48;2;90;156;164m▀[38;2;128;40;0;48;2;90;156;164m▀[38;2;90;156;164;48;2;90;156;164m▀[38;2;90;156;164;48;2;41;115;131m▀[38;2;41;115;131;48;2;90;156;164m▀[38;2;90;156;164;48;2;90;156;164m▀[38;2;139;197;205;48;2;90;156;164m▀[38;2;139;197;205;48;2;90;156;164m▀[38;2;139;197;205;48;2;139;197;205m▀[38;2;139;197;205;48;2;139;197;205m▀[38;2;41;115;131;48;2;139;197;205m▀[38;2;0;0;0;48;2;0;0;0m▀[38;2;0;0;0;48;2;0;0;0m▀[0m [0m [0m [0m [0m [0m [0m [0m [0m [0m
[0m [0m [0m [0m [0m [0m [38;2;0;0;0;48;2;0;0;0m▀[38;2;41;115;131;48;2;41;115;131m▀[38;2;90;156;164;48;2;90;156;164m▀[38;2;90;156;164;48;2;90;156;164m▀[38;2;90;156;164;48;2;90;156;164m▀[38;2;90;156;164;48;2;90;156;164m▀[38;2;90;156;164;48;2;90;156;164m▀[38;2;90;156;164;48;2;90;156;164m▀[38;2;90;156;164;48;2;90;156;164m▀[38;2;90;156;164;48;2;90;156;164m▀[38;2;90;156;164;48;2;90;156;164m▀[38;2;90;156;164;48;2;90;156;164m▀[38;2;90;156;164;48;2;90;156;164m▀[38;2;90;156;164;48;2;90;156;164m▀[38;2;90;156;164;48;2;90;156;164m▀[38;2;90;156;164;48;2;90;156;164m▀[38;2;90;156;164;48;2;90;156;164m▀[38;2;90;156;164;48;2;90;156;164m▀[38;2;90;156;164;48;2;90;156;164m▀[38;2;90;156;164;48;2;90;156;164m▀[38;2;90;156;164;48;2;90;156;164m▀[38;2;90;156;164;48;2;90;156;164m▀[38;2;41;115;131;48;2;41;115;131m▀[38;2;90;156;164;48;2;139;197;205m▀[38;2;139;197;205;48;2;139;197;205m▀[38;2;139;197;205;48;2;139;197;205m▀[38;2;90;156;164;48;2;90;156;164m▀[38;2;90;156;164;48;2;90;156;164m▀[38;2;90;156;164;48;2;90;156;164m▀[38;2;90;156;164;48;2;0;0;0m▀[38;2;0;0;0;48;2;0;0;0m▀[38;2;0;0;0m▀[0m [0m [0m [0m [0m [0m [0m [0m [0m [0m [0m
[0m [0m [0m [0m [0m [0m [0m [38;2;0;0;0;48;2;0;0;0m▀[38;2;41;115;131;48;2;41;115;131m▀[38;2;41;115;131;48;2;41;115;131m▀[38;2;41;115;131;48;2;41;115;131m▀[38;2;90;156;164;48;2;90;156;164m▀[38;2;90;156;164;48;2;90;156;164m▀[38;2;90;156;164;48;2;90;156;164m▀[38;2;90;156;164;48;2;90;156;164m▀[38;2;90;156;164;48;2;90;156;164m▀[38;2;90;156;164;48;2;90;156;164m▀[38;2;90;156;164;48;2;90;156;164m▀[38;2;90;156;164;48;2;90;156;164m▀[38;2;90;156;164;48;2;90;156;164m▀[38;2;90;156;164;48;2;90;156;164m▀[38;2;90;156;164;48;2;90;156;164m▀[38;2;90;156;164;48;2;90;156;164m▀[38;2;90;156;164;48;2;90;156;164m▀[38;2;0;0;0;48;2;0;0;0m▀[38;2;0;0;0;48;2;0;0;0m▀[38;2;41;115;131;48;2;41;115;131m▀[38;2;41;115;131;48;2;41;115;131m▀[38;2;90;156;164;48;2;90;156;164m▀[38;2;139;197;205;48;2;139;197;205m▀[38;2;139;197;205;48;2;139;197;205m▀[38;2;139;197;205;48;2;139;197;205m▀[38;2;90;156;164;48;2;90;156;164m▀[38;2;90;156;164;48;2;90;156;164m▀[38;2;90;156;164;48;2;90;156;164m▀[38;2;0;0;0;48;2;0;0;0m▀[38;2;0;0;0;48;2;0;0;0m▀[0m [0m [0m [0m [0m [0m [0m [0m [0m [0m [0m [0m
[0m [38;2;0;0;0m▄[38;2;0;0;0m▄[38;2;0;0;0m▄[38;2;0;0;0m▄[38;2;0;0;0;48;2;0;0;0m▀[38;2;0;0;0;48;2;0;0;0m▀[38;2;0;0;0;48;2;90;156;164m▀[38;2;90;156;164;48;2;90;156;164m▀[38;2;90;156;164;48;2;90;156;164m▀[38;2;90;156;164;48;2;90;156;164m▀[38;2;41;115;131;48;2;128;40;0m▀[38;2;41;115;131;48;2;205;123;41m▀[38;2;90;156;164;48;2;41;115;131m▀[38;2;90;156;164;48;2;41;115;131m▀[38;2;90;156;164;48;2;41;115;131m▀[38;2;90;156;164;48;2;41;115;131m▀[38;2;90;156;164;48;2;41;115;131m▀[38;2;90;156;164;48;2;0;0;0m▀[38;2;90;156;164;48;2;0;0;0m▀[38;2;90;156;164;48;2;0;0;0m▀[38;2;90;156;164;48;2;0;0;0m▀[38;2;0;0;0;48;2;230;172;90m▀[38;2;0;0;0;48;2;230;172;90m▀[38;2;205;123;41;48;2;230;172;90m▀[38;2;41;115;131;48;2;41;115;131m▀[38;2;90;156;164;48;2;139;197;205m▀[38;2;90;156;164;48;2;139;197;205m▀[38;2;139;197;205;48;2;139;197;205m▀[38;2;139;197;205;48;2;139;197;205m▀[38;2;139;197;205;48;2;139;197;205m▀[38;2;90;156;164;48;2;90;156;164m▀[38;2;90;156;164;48;2;90;156;164m▀[38;2;90;156;164;48;2;90;156;164m▀[38;2;0;0;0;48;2;0;0;0m▀[38;2;0;0;0;48;2;0;0;0m▀[0m [0m [0m [0m [38;2;0;0;0m▄[38;2;0;0;0m▄[38;2;0;0;0m▄[38;2;0;0;0m▄[0m [0m [0m [0m [0m
[38;2;0;0;0;48;2;41;115;131m▀[38;2;41;115;131;48;2;139;197;205m▀[38;2;41;115;131;48;2;139;197;205m▀[38;2;41;115;131;48;2;139;197;205m▀[38;2;41;115;131;48;2;139;197;205m▀[38;2;139;197;205;48;2;139;197;205m▀[38;2;139;197;205;48;2;139;197;205m▀[38;2;139;197;205;48;2;139;197;205m▀[38;2;90;156;164;48;2;90;156;164m▀[38;2;90;156;164;48;2;90;156;164m▀[38;2;90;156;164;48;2;128;40;0m▀[38;2;128;40;0;48;2;230;172;90m▀[38;2;255;213;106;48;2;255;213;106m▀[38;2;205;123;41;48;2;205;123;41m▀[38;2;230;172;90;48;2;255;213;106m▀[38;2;230;172;90;48;2;255;213;106m▀[38;2;255;213;106;48;2;255;213;106m▀[38;2;255;213;106;48;2;255;213;106m▀[38;2;255;213;106;48;2;255;213;106m▀[38;2;255;213;106;48;2;205;123;41m▀[38;2;230;172;90;48;2;205;123;41m▀[38;2;230;172;90;48;2;205;123;41m▀[38;2;230;172;90;48;2;205;123;41m▀[38;2;230;172;90;48;2;205;123;41m▀[38;2;41;115;131;48;2;41;115;131m▀[38;2;90;156;164;48;2;90;156;164m▀[38;2;139;197;205;48;2;90;156;164m▀[38;2;139;197;205;48;2;90;156;164m▀[38;2;139;197;205;48;2;90;156;164m▀[38;2;139;197;205;48;2;90;156;164m▀[38;2;90;156;164;48;2;90;156;164m▀[38;2;90;156;164;48;2;90;156;164m▀[38;2;90;156;164;48;2;0;0;0m▀[38;2;90;156;164;48;2;0;0;0m▀[38;2;0;0;0;48;2;189;106;0m▀[38;2;98;41;0;48;2;98;41;0m▀[38;2;0;0;0;48;2;0;0;0m▀[38;2;0;0;0;48;2;41;115;131m▀[38;2;0;0;0;48;2;41;115;131m▀[38;2;0;0;0;48;2;41;115;131m▀[38;2;41;115;131;48;2;139;197;205m▀[38;2;0;0;0;48;2;139;197;205m▀[38;2;0;0;0;48;2;139;197;205m▀[38;2;0;0;0;48;2;90;156;164m▀[38;2;0;0;0;48;2;0;0;0m▀[38;2;0;0;0;48;2;0;0;0m▀[38;2;0;0;0m▄[0m [0m
[38;2;0;0;0;48;2;0;0;0m▀[38;2;41;115;131;48;2;41;115;131m▀[38;2;90;156;164;48;2;90;156;164m▀[38;2;90;156;164;48;2;90;156;164m▀[38;2;139;197;205;48;2;139;197;205m▀[38;2;139;197;205;48;2;139;197;205m▀[38;2;139;197;205;48;2;139;197;205m▀[38;2;90;156;164;48;2;90;156;164m▀[38;2;90;156;164;48;2;90;156;164m▀[38;2;90;156;164;48;2;90;156;164m▀[38;2;128;40;0;48;2;128;40;0m▀[38;2;205;123;41;48;2;205;123;41m▀[38;2;205;123;41;48;2;205;123;41m▀[38;2;255;230;156;48;2;255;230;156m▀[38;2;205;123;41;48;2;205;123;41m▀[38;2;205;123;41;48;2;205;123;41m▀[38;2;205;123;41;48;2;205;123;41m▀[38;2;205;123;41;48;2;205;123;41m▀[38;2;205;123;41;48;2;205;123;41m▀[38;2;230;172;90;48;2;230;172;90m▀[38;2;255;213;106;48;2;255;213;106m▀[38;2;255;213;106;48;2;255;213;106m▀[38;2;255;213;106;48;2;255;213;106m▀[38;2;255;213;106;48;2;255;213;106m▀[38;2;205;123;41;48;2;205;123;41m▀[38;2;41;115;131;48;2;41;115;131m▀[38;2;90;156;164;48;2;90;156;164m▀[38;2;90;156;164;48;2;90;156;164m▀[38;2;90;156;164;48;2;90;156;164m▀[38;2;90;156;164;48;2;90;156;164m▀[38;2;90;156;164;48;2;90;156;164m▀[38;2;0;0;0;48;2;0;0;0m▀[38;2;205;123;41;48;2;205;123;41m▀[38;2;205;123;41;48;2;205;123;41m▀[38;2;189;106;0;48;2;189;106;0m▀[38;2;189;106;0;48;2;189;106;0m▀[38;2;98;41;0;48;2;98;41;0m▀[38;2;90;156;164;48;2;90;156;164m▀[38;2;139;197;205;48;2;139;197;205m▀[38;2;139;197;205;48;2;139;197;205m▀[38;2;139;197;205;48;2;139;197;205m▀[38;2;139;197;205;48;2;139;197;205m▀[38;2;139;197;205;48;2;139;197;205m▀[38;2;139;197;205;48;2;139;197;205m▀[38;2;90;156;164;48;2;90;156;164m▀[38;2;90;156;164;48;2;90;156;164m▀[38;2;0;0;0;48;2;0;0;0m▀[38;2;0;0;0;48;2;0;0;0m▀[0m
[38;2;0;0;0m▀[38;2;41;115;131;48;2;0;0;0m▀[38;2;139;197;205;48;2;41;115;131m▀[38;2;139;197;205;48;2;41;115;131m▀[38;2;139;197;205;48;2;41;115;131m▀[38;2;139;197;205;48;2;0;0;0m▀[38;2;90;156;164;48;2;0;0;0m▀[38;2;90;156;164;48;2;0;0;0m▀[38;2;90;156;164;48;2;0;0;0m▀[38;2;90;156;164;48;2;0;0;0m▀[38;2;128;40;0;48;2;128;40;0m▀[38;2;230;172;90;48;2;230;172;90m▀[38;2;255;230;156;48;2;255;230;156m▀[38;2;255;230;156;48;2;255;230;156m▀[38;2;255;213;106;48;2;255;230;156m▀[38;2;255;213;106;48;2;255;230;156m▀[38;2;230;172;90;48;2;230;172;90m▀[38;2;255;230;156;48;2;255;230;156m▀[38;2;255;230;156;48;2;255;230;156m▀[38;2;255;230;156;48;2;255;230;156m▀[38;2;255;230;156;48;2;255;230;156m▀[38;2;255;230;156;48;2;255;230;156m▀[38;2;255;213;106;48;2;255;213;106m▀[38;2;255;213;106;48;2;230;172;90m▀[38;2;205;123;41;48;2;230;172;90m▀[38;2;230;172;90;48;2;230;172;90m▀[38;2;0;0;0;48;2;230;172;90m▀[38;2;0;0;0;48;2;230;172;90m▀[38;2;0;0;0;48;2;0;0;0m▀[38;2;0;0;0;48;2;208;200;200m▀[38;2;0;0;0;48;2;189;106;0m▀[38;2;205;123;41;48;2;205;123;41m▀[38;2;205;123;41;48;2;205;123;41m▀[38;2;205;123;41;48;2;205;123;41m▀[38;2;205;123;41;48;2;205;123;41m▀[38;2;189;106;0;48;2;189;106;0m▀[38;2;98;41;0;48;2;98;41;0m▀[38;2;139;197;205;48;2;90;156;164m▀[38;2;139;197;205;48;2;139;197;205m▀[38;2;139;197;205;48;2;139;197;205m▀[38;2;139;197;205;48;2;139;197;205m▀[38;2;139;197;205;48;2;41;115;131m▀[38;2;139;197;205;48;2;41;115;131m▀[38;2;139;197;205;48;2;139;197;205m▀[38;2;139;197;205;48;2;139;197;205m▀[38;2;139;197;205;48;2;139;197;205m▀[38;2;0;0;0;48;2;90;156;164m▀[38;2;0;0;0;48;2;0;0;0m▀[0m
[0m [0m [38;2;0;0;0m▀[38;2;0;0;0m▀[38;2;0;0;0m▀[38;2;0;0;0m▀[38;2;0;0;0m▀[38;2;0;0;0m▀[38;2;0;0;0m▀[38;2;0;0;0;48;2;0;0;0m▀[38;2;128;40;0;48;2;128;40;0m▀[38;2;230;172;90;48;2;205;123;41m▀[38;2;255;230;156;48;2;205;123;41m▀[38;2;255;230;156;48;2;255;213;106m▀[38;2;255;230;156;48;2;255;230;156m▀[38;2;255;230;156;48;2;255;230;156m▀[38;2;230;172;90;48;2;205;123;41m▀[38;2;255;230;156;48;2;255;230;156m▀[38;2;255;230;156;48;2;255;230;156m▀[38;2;255;230;156;48;2;255;230;156m▀[38;2;255;230;156;48;2;255;213;106m▀[38;2;255;230;156;48;2;255;213;106m▀[38;2;255;213;106;48;2;205;123;41m▀[38;2;205;123;41;48;2;255;213;106m▀[38;2;255;213;106;48;2;255;213;106m▀[38;2;230;172;90;48;2;230;172;90m▀[38;2;230;172;90;48;2;230;172;90m▀[38;2;230;172;90;48;2;230;172;90m▀[38;2;0;0;0;48;2;0;0;0m▀[38;2;208;200;200;48;2;208;200;200m▀[38;2;189;106;0;48;2;208;200;200m▀[38;2;205;123;41;48;2;205;123;41m▀[38;2;205;123;41;48;2;205;123;41m▀[38;2;205;123;41;48;2;205;123;41m▀[38;2;205;123;41;48;2;189;106;0m▀[38;2;189;106;0;48;2;189;106;0m▀[38;2;189;106;0;48;2;189;106;0m▀[38;2;98;41;0;48;2;98;41;0m▀[38;2;90;156;164;48;2;41;115;131m▀[38;2;90;156;164;48;2;41;115;131m▀[38;2;41;115;131;48;2;90;156;164m▀[38;2;139;197;205;48;2;139;197;205m▀[38;2;139;197;205;48;2;139;197;205m▀[38;2;41;115;131;48;2;139;197;205m▀[38;2;139;197;205;48;2;90;156;164m▀[38;2;139;197;205;48;2;90;156;164m▀[38;2;90;156;164;48;2;90;156;164m▀[38;2;0;0;0;48;2;0;0;0m▀[0m
[0m [0m [0m [0m [0m [0m [0m [0m [0m [38;2;0;0;0;48;2;0;0;0m▀[38;2;128;40;0;48;2;128;40;0m▀[38;2;230;172;90;48;2;230;172;90m▀[38;2;255;230;156;48;2;255;230;156m▀[38;2;230;172;90;48;2;230;172;90m▀[38;2;205;123;41;48;2;205;123;41m▀[38;2;205;123;41;48;2;205;123;41m▀[38;2;205;123;41;48;2;205;123;41m▀[38;2;205;123;41;48;2;205;123;41m▀[38;2;230;172;90;48;2;230;172;90m▀[38;2;230;172;90;48;2;230;172;90m▀[38;2;205;123;41;48;2;205;123;41m▀[38;2;205;123;41;48;2;205;123;41m▀[38;2;205;123;41;48;2;205;123;41m▀[38;2;255;213;106;48;2;255;213;106m▀[38;2;255;213;106;48;2;255;213;106m▀[38;2;255;213;106;48;2;255;213;106m▀[38;2;230;172;90;48;2;230;172;90m▀[38;2;230;172;90;48;2;230;172;90m▀[38;2;205;123;41;48;2;205;123;41m▀[38;2;0;0;0;48;2;0;0;0m▀[38;2;208;200;200;48;2;208;200;200m▀[38;2;189;106;0;48;2;189;106;0m▀[38;2;189;106;0;48;2;189;106;0m▀[38;2;189;106;0;48;2;189;106;0m▀[38;2;189;106;0;48;2;189;106;0m▀[38;2;205;123;41;48;2;205;123;41m▀[38;2;189;106;0;48;2;189;106;0m▀[38;2;98;41;0;48;2;98;41;0m▀[38;2;0;0;0;48;2;0;0;0m▀[38;2;0;0;0;48;2;0;0;0m▀[38;2;90;156;164;48;2;90;156;164m▀[38;2;90;156;164;48;2;90;156;164m▀[38;2;90;156;164;48;2;90;156;164m▀[38;2;90;156;164;48;2;90;156;164m▀[38;2;90;156;164;48;2;90;156;164m▀[38;2;90;156;164;48;2;90;156;164m▀[38;2;0;0;0;48;2;0;0;0m▀[38;2;0;0;0;48;2;0;0;0m▀[0m
[0m [0m [0m [0m [0m [0m [0m [0m [0m [0m [38;2;0;0;0;48;2;0;0;0m▀[38;2;128;40;0;48;2;128;40;0m▀[38;2;255;230;156;48;2;255;213;106m▀[38;2;255;230;156;48;2;255;230;156m▀[38;2;255;230;156;48;2;255;230;156m▀[38;2;255;230;156;48;2;255;230;156m▀[38;2;205;123;41;48;2;230;172;90m▀[38;2;255;230;156;48;2;255;230;156m▀[38;2;255;230;156;48;2;255;230;156m▀[38;2;255;230;156;48;2;255;230;156m▀[38;2;255;213;106;48;2;255;230;156m▀[38;2;255;213;106;48;2;255;230;156m▀[38;2;230;172;90;48;2;255;213;106m▀[38;2;205;123;41;48;2;230;172;90m▀[38;2;255;213;106;48;2;205;123;41m▀[38;2;255;213;106;48;2;230;172;90m▀[38;2;230;172;90;48;2;41;115;131m▀[38;2;230;172;90;48;2;41;115;131m▀[38;2;205;123;41;48;2;41;115;131m▀[38;2;98;41;0;48;2;41;115;131m▀[38;2;208;200;200;48;2;98;41;0m▀[38;2;208;200;200;48;2;208;200;200m▀[38;2;189;106;0;48;2;208;200;200m▀[38;2;189;106;0;48;2;208;200;200m▀[38;2;189;106;0;48;2;189;106;0m▀[38;2;205;123;41;48;2;189;106;0m▀[38;2;189;106;0;48;2;189;106;0m▀[38;2;98;41;0;48;2;98;41;0m▀[38;2;0;0;0;48;2;90;156;164m▀[38;2;0;0;0;48;2;90;156;164m▀[38;2;90;156;164;48;2;0;0;0m▀[38;2;90;156;164;48;2;90;156;164m▀[38;2;90;156;164;48;2;90;156;164m▀[38;2;90;156;164;48;2;90;156;164m▀[38;2;90;156;164;48;2;0;0;0m▀[38;2;90;156;164;48;2;0;0;0m▀[38;2;0;0;0;48;2;0;0;0m▀[38;2;0;0;0m▀[0m
[0m [0m [0m [0m [0m [0m [0m [0m [0m [38;2;0;0;0;48;2;0;0;0m▀[38;2;41;115;131;48;2;41;115;131m▀[38;2;139;197;205;48;2;139;197;205m▀[38;2;128;40;0;48;2;128;40;0m▀[38;2;255;213;106;48;2;230;172;90m▀[38;2;255;213;106;48;2;230;172;90m▀[38;2;255;213;106;48;2;230;172;90m▀[38;2;230;172;90;48;2;205;123;41m▀[38;2;255;213;106;48;2;205;123;41m▀[38;2;255;230;156;48;2;230;172;90m▀[38;2;255;230;156;48;2;230;172;90m▀[38;2;255;230;156;48;2;230;172;90m▀[38;2;255;230;156;48;2;230;172;90m▀[38;2;255;213;106;48;2;230;172;90m▀[38;2;230;172;90;48;2;230;172;90m▀[38;2;230;172;90;48;2;41;115;131m▀[38;2;41;115;131;48;2;139;197;205m▀[38;2;139;197;205;48;2;139;197;205m▀[38;2;139;197;205;48;2;139;197;205m▀[38;2;139;197;205;48;2;90;156;164m▀[38;2;90;156;164;48;2;139;197;205m▀[38;2;139;197;205;48;2;90;156;164m▀[38;2;0;0;0;48;2;139;197;205m▀[38;2;208;200;200;48;2;0;0;0m▀[38;2;208;200;200;48;2;0;0;0m▀[38;2;208;200;200;48;2;0;0;0m▀[38;2;189;106;0;48;2;208;200;200m▀[38;2;189;106;0;48;2;208;200;200m▀[38;2;98;41;0;48;2;0;0;0m▀[38;2;90;156;164;48;2;0;0;0m▀[38;2;90;156;164;48;2;0;0;0m▀[38;2;90;156;164;48;2;0;0;0m▀[38;2;0;0;0;48;2;0;0;0m▀[38;2;0;0;0;48;2;0;0;0m▀[38;2;0;0;0;48;2;0;0;0m▀[38;2;0;0;0m▀[38;2;0;0;0m▀[0m [0m [0m
[0m [0m [0m [0m [0m [0m [0m [0m [0m [38;2;0;0;0;48;2;0;0;0m▀[38;2;41;115;131;48;2;41;115;131m▀[38;2;90;156;164;48;2;90;156;164m▀[38;2;90;156;164;48;2;90;156;164m▀[38;2;128;40;0;48;2;128;40;0m▀[38;2;205;123;41;48;2;205;123;41m▀[38;2;205;123;41;48;2;205;123;41m▀[38;2;230;172;90;48;2;230;172;90m▀[38;2;230;172;90;48;2;230;172;90m▀[38;2;205;123;41;48;2;205;123;41m▀[38;2;205;123;41;48;2;205;123;41m▀[38;2;230;172;90;48;2;230;172;90m▀[38;2;230;172;90;48;2;230;172;90m▀[38;2;230;172;90;48;2;230;172;90m▀[38;2;230;172;90;48;2;230;172;90m▀[38;2;41;115;131;48;2;41;115;131m▀[38;2;90;156;164;48;2;90;156;164m▀[38;2;90;156;164;48;2;90;156;164m▀[38;2;90;156;164;48;2;90;156;164m▀[38;2;90;156;164;48;2;90;156;164m▀[38;2;90;156;164;48;2;90;156;164m▀[38;2;139;197;205;48;2;139;197;205m▀[38;2;90;156;164;48;2;90;156;164m▀[38;2;90;156;164;48;2;90;156;164m▀[38;2;90;156;164;48;2;90;156;164m▀[38;2;90;156;164;48;2;90;156;164m▀[38;2;98;41;0;48;2;98;41;0m▀[38;2;98;41;0;48;2;98;41;0m▀[38;2;0;0;0;48;2;0;0;0m▀[38;2;0;0;0;48;2;0;0;0m▀[38;2;0;0;0m▀[38;2;0;0;0m▀[0m [0m [0m [0m [0m [0m [0m [0m
[0m [0m [0m [0m [0m [0m [0m [0m [0m [0m [38;2;0;0;0;48;2;0;0;0m▀[38;2;41;115;131;48;2;41;115;131m▀[38;2;90;156;164;48;2;90;156;164m▀[38;2;90;156;164;48;2;90;156;164m▀[38;2;128;40;0;48;2;90;156;164m▀[38;2;128;40;0;48;2;90;156;164m▀[38;2;230;172;90;48;2;128;40;0m▀[38;2;230;172;90;48;2;128;40;0m▀[38;2;230;172;90;48;2;230;172;90m▀[38;2;230;172;90;48;2;230;172;90m▀[38;2;205;123;41;48;2;230;172;90m▀[38;2;205;123;41;48;2;230;172;90m▀[38;2;205;123;41;48;2;230;172;90m▀[38;2;205;123;41;48;2;205;123;41m▀[38;2;41;115;131;48;2;41;115;131m▀[38;2;90;156;164;48;2;90;156;164m▀[38;2;90;156;164;48;2;90;156;164m▀[38;2;90;156;164;48;2;90;156;164m▀[38;2;90;156;164;48;2;90;156;164m▀[38;2;90;156;164;48;2;90;156;164m▀[38;2;90;156;164;48;2;90;156;164m▀[38;2;90;156;164;48;2;90;156;164m▀[38;2;90;156;164;48;2;90;156;164m▀[38;2;90;156;164;48;2;90;156;164m▀[38;2;90;156;164;48;2;90;156;164m▀[38;2;90;156;164;48;2;90;156;164m▀[38;2;0;0;0;48;2;0;0;0m▀[38;2;0;0;0;48;2;0;0;0m▀[0m [0m [0m [0m [0m [0m [0m [0m [0m [0m [0m
[0m [0m [0m [0m [0m [0m [0m [0m [0m [0m [0m [38;2;0;0;0m▀[38;2;41;115;131;48;2;0;0;0m▀[38;2;90;156;164;48;2;41;115;131m▀[38;2;90;156;164;48;2;90;156;164m▀[38;2;90;156;164;48;2;90;156;164m▀[38;2;90;156;164;48;2;90;156;164m▀[38;2;90;156;164;48;2;90;156;164m▀[38;2;128;40;0;48;2;41;115;131m▀[38;2;128;40;0;48;2;0;0;0m▀[38;2;0;0;0;48;2;0;0;0m▀[38;2;0;0;0;48;2;0;0;0m▀[38;2;0;0;0;48;2;0;0;0m▀[38;2;0;0;0;48;2;0;0;0m▀[38;2;0;0;0;48;2;0;0;0m▀[38;2;0;0;0;48;2;0;0;0m▀[38;2;90;156;164;48;2;0;0;0m▀[38;2;90;156;164;48;2;0;0;0m▀[38;2;90;156;164;48;2;0;0;0m▀[38;2;90;156;164;48;2;0;0;0m▀[38;2;90;156;164;48;2;90;156;164m▀[38;2;90;156;164;48;2;90;156;164m▀[38;2;90;156;164;48;2;90;156;164m▀[38;2;90;156;164;48;2;90;156;164m▀[38;2;90;156;164;48;2;41;115;131m▀[38;2;0;0;0;48;2;41;115;131m▀[38;2;90;156;164;48;2;90;156;164m▀[38;2;0;0;0;48;2;90;156;164m▀[38;2;0;0;0;48;2;0;0;0m▀[38;2;0;0;0;48;2;0;0;0m▀[38;2;0;0;0m▄[0m [0m [0m [0m [0m [0m [0m [0m
[0m [0m [0m [0m [0m [0m [0m [0m [0m [0m [0m [38;2;0;0;0;48;2;0;0;0m▀[38;2;41;115;131;48;2;41;115;131m▀[38;2;90;156;164;48;2;90;156;164m▀[38;2;90;156;164;48;2;90;156;164m▀[38;2;90;156;164;48;2;90;156;164m▀[38;2;90;156;164;48;2;90;156;164m▀[38;2;90;156;164;48;2;90;156;164m▀[38;2;0;0;0;48;2;0;0;0m▀[38;2;0;0;0;48;2;0;0;0m▀[0m [0m [0m [0m [0m [0m [38;2;0;0;0m▀[38;2;0;0;0m▀[38;2;0;0;0m▀[38;2;0;0;0;48;2;0;0;0m▀[38;2;0;0;0;48;2;0;0;0m▀[38;2;0;0;0;48;2;0;0;0m▀[38;2;0;0;0;48;2;0;0;0m▀[38;2;0;0;0;48;2;0;0;0m▀[38;2;0;0;0;48;2;0;0;0m▀[38;2;90;156;164;48;2;90;156;164m▀[38;2;41;115;131;48;2;41;115;131m▀[38;2;90;156;164;48;2;90;156;164m▀[38;2;0;0;0;48;2;0;0;0m▀[38;2;0;0;0;48;2;0;0;0m▀[38;2;0;0;0;48;2;0;0;0m▀[0m [0m [0m [0m [0m [0m [0m [0m
[0m [0m [0m [0m [0m [0m [0m [0m [0m [0m [38;2;0;0;0m▀[38;2;41;115;131;48;2;0;0;0m▀[38;2;139;197;205;48;2;41;115;131m▀[38;2;41;115;131;48;2;0;0;0m▀[38;2;139;197;205;48;2;0;0;0m▀[38;2;139;197;205;48;2;0;0;0m▀[38;2;0;0;0;48;2;0;0;0m▀[38;2;0;0;0;48;2;0;0;0m▀[38;2;0;0;0m▀[0m [0m [0m [0m [0m [0m [0m [0m [0m [0m [0m [38;2;0;0;0m▀[38;2;0;0;0m▀[38;2;0;0;0m▀[38;2;0;0;0m▀[38;2;0;0;0m▀[38;2;0;0;0;48;2;0;0;0m▀[38;2;0;0;0;48;2;0;0;0m▀[38;2;0;0;0;48;2;0;0;0m▀[38;2;0;0;0m▀[38;2;0;0;0m▀[0m [0m [0m [0m [0m [0m [0m [0m [0m
